45
37
35
42
9
44
35
21
13
32
4
4
30
32
9
31
41
16
17
15
9
23
29
12
22
35
37
45
2
26
6
39
27
21
13
27
10
18
20
5
38
16
36
18
42
34
41
46
26
7
38
31
29
35
45
34
15
15
45
41
38
11
47
11
27
32
35
43
16
27
44
41
23
38
4
36
43
0
33
31
40
16
36
5
27
9
0
1
38
29
45
34
45
1
43
40
46
13
38
11
46
14
41
43
29
14
25
22
15
43
31
29
3
35
43
24
14
6
0
0
7
11
47
9
21
19
37
17
19
32
26
40
6
27
11
9
39
8
20
4
10
9
45
20
21
19
24
6
13
10
32
8
10
9
27
18
47
37
46
20
28
46
40
31
0
41
41
1
21
6
14
40
7
34
39
20
4
27
42
21
11
13
23
12
31
16
38
36
15
30
47
42
41
7
36
20
31
43
26
37
3
35
12
32
4
47
9
35
10
28
0
21
17
12
25
11
42
11
28
42
41
42
6
23
21
47
38
12
29
46
3
19
3
11
12
5
23
45
6
21
46
0
19
24
6
8
25
47
16
14
24
20
16
27
2
31
25
16
35
5
47
19
17
26
46
19
24
33
46
35
31
43
26
41
35
13
43
30
40
7
18
27
19
32
1
47
1
47
14
39
5
20
2
19
36
24
7
24
10
34
4
7
13
25
17
8
8
24
25
8
46
0
40
9
5
41
18
30
13
34
7
12
31
22
26
16
36
22
44
44
13
8
16
30
36
46
1
36
26
36
16
46
4
25
25
3
19
5
39
28
44
33
44
46
30
38
5
27
22
29
28
29
44
1
3
0
22
6
44
13
24
14
13
45
27
38
18
20
29
8
42
40
25
4
24
36
11
16
29
40
26
29
40
21
27
44
21
5
30
2
33
32
1
44
46
26
33
10
6
28
38
16
44
22
29
33
13
0
25
44
39
34
17
26
33
33
30
7
2
8
38
18
40
11
45
14
16
39
44
13
5
1
39
26
27
31
45
19
41
5
32
44
32
16
14
33
3
22
44
27
46
39
15
29
17
22
41
40
9
31
28
46
10
23
45
18
6
32
10
5
23
39
38
38
13
42
4
38
19
13
0
3
3
33
2
4
47
36
31
26
12
16
34
34
29
7
34
47
7
46
12
21
43
22
30
4
47
26
34
9
14
29
19
8
42
38
31
5
12
34
41
35
13
13
19
12
43
12
8
31
41
43
16
6
23
30
21
22
15
7
33
0
9
25
15
30
4
15
7
36
4
27
9
7
46
19
34
12
19
30
25
39
23
1
39
19
39
32
28
27
27
37
1
9
35
27
34
9
12
31
37
36
20
15
45
29
22
36
18
23
15
31
8
23
23
13
23
25
10
8
34
5
9
20
3
42
40
40
38
42
40
22
6
23
46
29
21
44
23
18
32
3
13
14
17
20
39
22
43
45
2
3
34
19
6
44
38
15
36
3
25
40
30
23
11
19
24
10
18
28
34
43
39
28
19
7
37
11
29
16
35
39
34
32
21
23
15
21
4
9
46
47
4
6
37
2
17
9
4
15
36
5
46
38
44
24
13
47
25
29
9
5
10
17
24
13
22
17
42
41
2
29
27
44
9
16
42
0
20
47
19
1
20
12
9
22
20
31
21
25
34
11
28
3
23
4
40
25
1
24
17
41
25
6
20
28
45
43
22
45
11
2
10
44
13
29
5
13
6
22
14
28
1
30
5
33
26
30
34
33
32
43
7
39
17
30
42
28
3
46
20
32
37
30
21
11
0
35
30
14
21
10
24
41
28
33
18
32
37
1
15
14
0
14
19
28
37
12
8
2
15
35
47
6
17
46
43
47
47
26
19
32
20
13
15
12
26
10
40
43
17
25
30
4
28
14
11
37
24
33
39
18
7
34
8
40
1
27
10
37
29
31
10
11
39
36
10
40
4
39
12
4
34
18
26
16
23
10
31
8
41
32
23
11
25
42
12
26
26
7
17
45
15
36
18
27
32
1
42
41
37
13
8
43
40
19
47
35
10
37
11
1
34
24
36
38
45
36
0
13
23
3
17
33
5
24
7
43
30
32
24
39
32
8
9
4
12
32
14
36
32
7
23
14
0
35
45
25
43
35
28
5
28
1
8
0
8
44
36
25
11
24
32
24
35
1
5
20
29
41
14
26
2
17
30
34
45
4
20
21
29
42
36
4
28
34
38
7
38
37
38
24
26
12
45
7
17
16
43
18
11
40
15
15
6
22
3
34
27
44
3
15
17
29
45
21
41
23
25
11
0
16
17
37
26
4
43
18
33
45
1
15
2
30
32
20
45
21
15
40
33
1
44
37
7
39
5
47
8
0
41
47
37
7
28
42
41
2
25
8
26
3
12
20
13
33
43
0
25
30
0
8
25
3
20
14
12
31
16
11
10
0
13
44
39
24
16
0
16
36
7
28
17
14
39
23
2
41
33
7
13
20
5
2
30
33
30
33
27
11
31
43
27
47
26
29
23
15
6
38
20
46
33
25
22
12
6
15
27
21
33
42
44
33
3
44
21
19
38
36
35
18
42
34
33
28
42
24
7
10
3
6
45
43
27
18
19
20
14
6
41
46
43
23
17
28
47
8
42
35
18
1
33
38
47
40
35
23
29
29
11
18
38
2
32
16
33
31
34
37
18
17
35
28
6
28
2
42
42
31
27
36
10
18
14
21
35
7
0
5
2
42
2
6
1
3
39
8
2
19
10
2
29
40
37
26
9
10
6
37
22
22
22
28
40
35
31
26
1
22
46
29
39
12
39
2
18
23
46
43
30
15
23
21
15
4
19
4
2
21
16
3
8
35
5
33
3
26
21
27
37
23
47
43
47
22
40
14
8
1
6
0
22
16
17
12
9
45
46
2
46
22
8
14
3
16
32
14
10
8
3
30
20
20
45
8
5
35
11
30
10
6
46
22
28
20
3
5
35
1
41
0
11
1
46
10
37
18
38
24
24
22
45
39
18
10
38
42
39
2
5
0
1
40
24
2
17
12
17
40
42
47
37
6
12
16
42
31
14
25
44
41
37
32
5
28
2
14
36
31
31
38
41
2
31
18
10
15
30
20
19
4
18
4
31
24
23
37
17
17
26
36
9
14
7
3
26
9
43
37
22
9
44
10
20
11
17
14
47
45
44
21
34
25
15
44
34
9
24
5
28
40
35
5
0
35
2
41
12
