24
9
45
5
23
34
20
16
12
11
43
35
31
37
19
5
17
3
14
33
3
27
15
43
13
37
38
7
14
37
47
28
32
6
3
29
13
0
34
2
0
23
23
27
47
20
11
10
7
44
23
23
33
7
4
19
34
7
14
31
30
17
4
39
16
22
38
28
23
44
17
5
43
6
39
30
6
10
37
14
8
4
7
19
13
42
11
28
32
47
23
9
12
39
36
14
8
7
44
31
16
22
35
12
34
38
39
43
11
24
29
17
35
11
41
28
39
12
28
42
9
10
40
3
34
21
0
23
43
19
42
6
43
10
24
9
3
25
35
39
15
0
8
28
37
20
7
0
29
21
2
1
40
0
35
21
42
4
4
40
44
20
10
27
21
9
20
2
16
35
6
5
4
47
34
25
4
0
36
31
25
40
35
5
11
26
0
47
10
12
24
29
27
16
3
32
16
17
9
12
9
24
32
39
16
6
42
10
34
25
29
17
9
34
12
22
19
26
28
41
23
32
28
19
19
36
34
23
43
30
23
40
40
27
0
2
45
13
40
26
12
1
5
41
17
47
34
32
47
19
5
18
18
31
28
27
31
44
30
3
29
28
32
43
9
35
31
16
30
14
16
43
11
33
8
37
44
9
3
15
34
35
39
31
38
17
1
36
19
24
38
29
45
22
27
46
40
13
7
24
13
13
43
41
31
16
22
42
23
25
10
14
35
42
42
20
35
21
16
47
40
28
41
2
26
9
25
34
19
45
29
41
14
17
35
27
3
44
10
3
39
37
18
43
18
21
41
32
9
5
4
15
21
17
13
39
35
23
37
44
12
8
0
29
34
0
30
12
30
10
7
38
20
34
16
15
40
12
43
21
27
7
46
28
27
26
14
0
5
47
2
20
16
8
37
26
30
38
30
26
26
1
22
35
2
44
45
38
6
34
18
13
29
47
42
6
8
10
28
13
4
41
42
1
33
34
0
24
42
1
8
0
28
22
26
5
22
31
25
6
27
2
15
19
36
15
37
10
35
1
23
15
7
42
22
31
36
8
33
45
33
3
32
39
8
29
35
43
2
4
35
12
11
33
25
25
36
41
14
4
43
20
7
46
29
4
31
2
26
44
13
15
20
43
43
7
15
6
28
21
16
22
2
31
11
32
31
25
16
17
43
27
16
24
36
36
21
32
6
20
6
2
40
32
20
31
38
36
6
34
28
14
0
1
13
22
41
13
0
9
6
4
10
46
22
8
8
29
13
34
3
20
14
14
37
7
45
26
9
20
18
40
19
33
41
20
23
21
21
32
28
11
2
20
5
16
21
6
37
5
9
45
12
11
35
26
16
11
45
29
13
36
36
7
47
25
10
14
18
11
43
11
42
12
12
38
9
10
42
11
46
4
41
27
13
18
32
37
43
11
7
9
35
22
8
24
24
27
15
10
2
3
19
42
4
20
44
20
41
22
2
14
31
18
9
13
29
45
43
19
14
10
18
43
2
32
39
9
20
17
3
20
36
29
24
18
30
3
25
45
1
10
15
34
29
20
36
25
47
44
32
29
43
23
42
44
10
37
6
5
0
34
27
5
26
30
24
10
21
45
33
47
39
14
13
11
25
17
29
38
21
15
24
25
18
41
22
35
27
40
39
22
24
15
19
0
46
46
31
14
34
31
17
12
3
12
12
1
41
37
36
5
17
26
42
32
8
32
30
16
47
1
18
45
44
25
4
35
32
13
46
33
30
3
9
21
44
25
38
31
17
6
23
27
5
23
41
11
40
16
41
38
22
42
0
21
17
6
21
41
20
6
34
39
18
44
40
38
43
43
40
41
18
35
46
40
6
37
18
0
6
11
33
38
2
10
23
44
39
16
43
13
1
28
30
16
46
26
24
39
4
39
18
46
22
29
29
46
2
9
27
37
5
47
9
21
18
38
36
10
14
8
6
23
46
27
6
0
45
12
39
18
4
4
27
37
16
45
34
15
47
25
44
33
24
2
43
38
31
7
4
7
29
32
27
34
37
41
33
1
36
23
27
11
14
8
5
12
26
37
42
23
44
2
47
40
41
14
25
36
21
16
29
40
7
32
3
8
19
14
27
8
41
36
40
1
24
26
33
8
18
1
26
25
26
44
2
44
20
28
4
1
21
39
44
4
0
4
20
22
6
5
41
41
31
30
28
1
44
34
22
18
38
37
3
45
12
5
21
33
23
3
10
7
22
6
24
21
38
47
7
14
31
18
22
3
13
25
12
15
36
10
30
12
13
29
3
19
30
33
43
26
19
20
16
16
45
19
47
5
21
12
22
31
40
3
38
40
45
31
46
21
15
44
20
19
17
45
32
20
11
10
21
33
46
11
42
15
44
2
47
31
3
30
37
25
23
14
15
30
21
46
25
26
38
42
38
5
20
6
42
28
44
32
39
31
8
7
10
18
39
0
10
26
8
15
13
2
8
38
25
7
41
40
2
38
46
40
17
28
2
32
17
15
40
16
13
42
34
3
23
35
8
26
20
27
8
30
11
38
31
15
15
33
30
36
37
26
4
9
26
0
26
12
8
1
32
28
30
12
1
37
24
22
45
7
36
5
17
34
1
15
32
17
9
31
7
37
24
33
32
2
13
36
0
19
15
46
17
25
23
9
1
46
16
28
22
32
17
43
46
45
24
15
37
42
1
16
44
46
3
27
13
33
40
30
2
38
35
4
8
31
32
5
42
34
19
33
35
36
11
33
39
40
33
18
22
46
40
17
45
28
39
46
42
14
45
19
30
17
42
18
23
30
24
16
11
45
26
24
33
33
10
46
39
36
39
23
35
47
19
8
28
38
4
44
5
27
37
7
29
24
41
4
43
29
33
1
17
18
30
7
12
47
33
9
45
39
3
46
17
26
11
39
5
11
29
40
15
10
21
18
24
45
3
38
0
22
25
25
46
11
38
6
23
24
8
10
5
11
16
7
26
47
12
23
37
10
35
22
11
39
19
3
41
4
22
14
14
19
20
36
3
5
32
47
46
9
2
46
27
1
29
6
4
5
15
15
11
1
36
37
24
30
40
29
8
42
34
5
44
18
14
29
31
5
34
13
35
2
28
45
14
12
47
27
14
39
17
19
28
35
46
9
41
19
42
1
18
18
22
28
23
29
43
34
0
7
30
30
46
31
23
26
9
7
17
13
36
15
0
20
35
33
8
38
36
47
8
19
13
37
40
47
47
35
45
0
42
41
47
43
47
6
22
46
36
35
19
26
38
1
6
1
33
33
25
41
25
45
32
27
0
2
1
23
12
14
24
25
44
28
17
9
13
27
5
45
1
41
4
44
47
21
24
