2.5621
3.2788
2.2629
3.2278
2.6611
2.3449
2.2401
3.2243
2.4030
3.2873
3.3469
3.3795
3.3960
2.3953
2.4960
2.5059
2.5097
2.6800
2.5711
2.4169
2.3839
3.2926
3.3219
2.3449
3.2060
3.3827
2.7597
3.5690
2.6153
3.5252
2.4177
2.2724
3.3177
2.6124
3.1900
3.3369
3.1910
2.4030
2.3116
3.3007
3.2134
2.4739
2.2297
2.2640
2.4281
3.3053
2.3837
2.2794
2.2582
2.2503
3.2735
2.3312
3.3286
2.2709
3.4033
3.2538
2.5007
3.3769
2.2709
3.2732
2.7363
3.4067
3.3210
2.4545
2.3620
3.3457
2.3769
2.4510
3.3527
3.3098
2.4195
3.3385
3.4670
2.6085
3.4707
3.2609
3.2066
3.2169
2.2413
2.3066
3.2794
3.3624
3.3399
3.3606
3.3502
3.4868
3.7941
3.7126
2.5678
3.4652
3.3412
2.3255
3.2598
2.2276
3.2814
2.5935
2.4916
2.3973
3.3597
2.3945
2.2862
3.3677
3.2774
2.3873
3.3706
3.3830
2.5728
3.4908
3.4666
3.5156
2.3459
3.2606
2.2731
3.2485
3.1647
2.2973
3.4312
3.3792
3.4787
2.3162
2.5228
2.4975
2.6201
3.3766
3.4006
2.4121
2.3724
3.4183
3.3447
3.3346
3.3663
2.3801
3.3361
3.3562
2.3917
3.3769
3.4156
3.3377
3.3908
3.3069
2.8565
2.7857
3.6637
2.7599
2.6266
3.3554
2.3750
2.4029
2.4863
3.3832
3.3550
2.3235
2.6357
3.3363
3.4382
3.2954
3.3319
2.3175
3.3175
3.3119
2.4769
2.4531
3.4503
2.5755
2.4282
2.4016
3.3770
3.3885
3.4052
3.5258
2.2016
3.2746
2.2284
3.2469
2.3633
2.5190
3.4182
3.4436
2.4606
3.5479
2.2306
2.3937
2.2995
2.6122
3.2892
3.2475
2.3725
3.3442
3.2381
3.2444
3.4187
2.5486
2.4080
3.3996
3.4032
2.4668
2.6413
2.4010
3.5000
2.5079
2.4533
3.4519
2.4565
3.4186
3.4283
3.4666
2.5157
3.6980
2.6128
2.4381
3.3203
3.2992
2.5673
2.3466
3.4362
2.3601
2.2716
3.3190
3.3011
2.3838
3.3047
2.2005
3.3365
2.3100
2.3075
2.5536
3.3934
2.5482
3.4093
3.3854
2.3493
2.3379
3.2931
2.3461
2.3368
3.4265
2.2203
3.2702
2.2471
2.3748
3.4662
2.5449
2.4782
2.5468
2.5614
2.3261
2.2740
2.3080
2.2722
3.2739
3.3567
3.3137
2.3807
3.3690
2.3985
2.6016
2.5821
2.5269
2.8164
2.8005
3.4138
3.4040
3.4520
3.4543
3.4717
2.4274
3.4699
3.5142
3.5455
3.4547
3.4977
3.5559
3.4039
2.3849
2.4389
3.3181
2.3697
2.2711
3.1955
3.2896
3.4467
2.5171
3.3660
3.4643
2.7468
2.4225
2.3451
2.3995
2.2682
2.2809
2.4701
2.3634
2.4534
3.2764
2.3077
2.4855
2.5071
2.6825
2.5793
3.4963
2.3688
2.3223
3.2898
2.3706
3.3942
2.3835
2.4034
3.2649
2.5968
3.3467
2.2612
3.2479
2.2585
2.3354
2.2595
2.4640
3.5400
3.3959
3.3192
3.3556
2.4471
2.3880
3.3383
3.5268
2.4204
2.3889
3.3521
2.3216
2.3339
3.2910
3.3878
3.4041
2.4981
2.5191
2.4766
2.5996
2.6724
3.5007
2.4815
2.5291
2.5115
3.4745
2.3850
2.5249
3.4855
2.5456
2.4807
3.7075
3.4124
3.5151
3.2561
2.2957
3.4227
2.2881
3.2865
2.5278
3.4293
3.5472
3.4627
3.5169
3.3868
2.3975
3.3298
2.4061
3.3081
3.3176
3.2745
2.4193
2.3820
2.3694
2.4962
3.3348
2.3061
3.4060
3.2094
3.3416
2.3429
2.3095
2.3522
3.3306
2.3586
3.3508
2.4391
2.3610
2.3615
2.4014
2.3304
2.5814
3.2601
3.2290
3.8725
3.4218
2.6943
2.5918
2.5862
3.3648
3.3210
2.3024
2.3212
3.2501
3.2643
2.3115
3.2648
2.3413
3.3572
2.8418
2.8288
2.6604
3.6194
2.9136
3.7232
3.5343
3.5264
2.6318
3.4295
3.4452
3.5621
2.4985
3.4807
3.5278
3.5922
3.4910
2.5460
3.5111
2.6556
3.7165
3.6141
3.7171
2.7557
3.6627
3.5576
2.7893
3.3936
3.5134
2.5834
3.4300
2.3637
3.3691
2.4072
2.7507
2.9384
3.7431
2.5894
3.9512
2.6164
2.4355
3.3680
2.3965
3.4535
3.3763
3.3538
2.3211
2.4328
3.4009
2.4771
3.4214
3.3993
2.4080
2.3877
3.4192
2.3586
2.2922
3.3433
3.3249
2.3681
2.4904
2.4335
3.3261
3.3009
3.4754
2.3579
2.2915
2.3493
3.3380
2.3391
3.4997
3.4845
2.5283
2.5594
2.6213
2.4892
3.3794
2.4566
2.4108
3.4093
2.4527
2.4558
3.3763
3.3893
3.4802
2.6052
2.5779
3.5267
3.3465
3.5187
2.2943
2.2042
2.2434
2.3247
2.2060
