4
30
4
16
14
24
3
14
18
28
31
25
14
19
11
10
6
23
7
22
18
4
22
27
24
3
2
19
4
2
16
3
14
27
21
29
15
20
2
27
14
0
22
19
13
9
11
12
17
5
30
2
29
24
27
14
25
4
30
10
29
16
1
22
27
8
27
22
20
12
29
13
31
6
2
8
19
19
17
20
23
20
29
7
31
23
21
0
28
30
19
25
29
17
30
5
11
1
6
1
17
16
3
21
4
23
9
31
3
26
13
28
4
24
14
31
24
3
22
20
14
10
19
17
16
30
22
26
19
10
3
29
20
11
21
30
14
20
25
24
11
24
14
22
28
20
22
10
2
27
21
0
30
15
30
16
3
18
18
19
10
0
29
4
21
16
2
15
10
2
31
29
25
17
0
26
21
19
22
31
3
7
10
8
21
0
1
25
0
7
4
6
0
29
2
6
18
10
16
1
6
27
17
9
23
7
28
14
3
24
12
31
8
25
6
4
8
11
27
9
15
25
11
16
31
0
31
9
24
20
25
4
13
9
16
14
26
20
22
31
15
13
24
21
13
9
14
3
22
18
16
28
18
19
5
25
3
27
28
4
17
19
0
4
30
15
28
7
13
25
7
18
24
28
26
22
0
7
13
8
24
8
29
22
20
19
7
31
10
14
31
13
23
5
21
24
30
15
28
24
6
14
15
24
10
10
8
0
31
6
9
5
8
31
10
13
21
28
4
17
18
11
19
14
11
17
0
15
13
21
9
23
6
14
16
20
1
2
0
23
26
8
16
18
0
21
2
9
9
5
12
11
14
14
17
27
29
31
18
3
30
9
23
21
7
10
10
27
5
23
27
3
19
9
31
13
11
0
3
26
9
25
9
21
22
16
31
27
19
6
0
3
8
29
12
8
2
0
4
9
5
0
29
31
24
19
5
13
19
29
16
0
22
13
13
4
28
7
31
20
16
20
18
9
4
25
29
24
20
11
28
23
3
24
1
25
14
23
17
13
11
4
8
3
12
13
20
0
17
18
9
8
12
26
21
2
6
16
23
21
22
17
28
7
19
26
16
0
27
16
17
28
15
29
31
5
12
5
4
31
30
24
4
26
8
6
18
27
20
1
9
24
8
21
4
24
13
29
23
4
0
13
11
12
1
2
23
14
26
27
15
26
29
14
19
11
18
25
31
23
6
8
11
21
18
13
5
14
26
15
31
5
30
25
22
18
17
27
7
17
31
22
29
26
6
5
2
24
16
15
22
19
10
14
26
8
15
30
18
10
19
13
26
29
28
0
16
18
17
12
3
25
11
19
12
1
21
15
9
27
11
24
1
26
24
25
9
21
17
2
0
1
28
20
27
26
15
26
30
7
23
31
10
1
7
25
10
30
27
19
9
8
4
30
11
7
17
6
23
22
17
12
13
24
7
6
30
17
7
12
2
6
3
25
27
25
4
0
1
28
11
3
23
8
26
25
4
29
29
18
9
22
9
11
27
27
18
11
10
17
27
0
26
15
9
1
7
30
14
31
3
1
22
14
20
7
12
23
5
16
17
26
15
26
29
18
2
18
2
12
24
29
18
13
20
17
6
17
30
17
6
19
18
18
18
9
20
6
23
19
21
20
1
22
19
20
25
30
30
20
1
12
25
24
11
4
1
21
9
25
14
3
8
19
16
20
19
30
19
28
1
10
29
30
9
28
7
16
22
2
25
6
13
11
26
26
15
2
14
20
29
5
27
30
11
6
12
23
11
30
26
1
12
23
13
7
20
28
30
8
14
17
14
1
1
20
19
31
14
2
29
12
7
12
17
1
23
16
4
8
20
30
28
27
14
28
5
4
5
2
20
9
16
4
25
0
4
18
27
0
5
28
16
28
15
23
17
2
23
14
28
8
16
3
27
8
29
30
10
0
21
10
7
24
6
17
4
31
4
6
6
30
0
24
23
5
7
4
19
15
28
22
18
25
30
10
5
17
14
1
22
13
31
0
10
3
17
5
15
13
21
26
2
8
5
30
0
4
18
30
2
13
8
10
22
19
26
10
27
3
5
16
8
10
2
9
1
7
16
18
2
9
25
12
9
10
1
16
16
2
20
27
17
7
20
8
15
15
26
21
13
5
0
17
21
28
26
5
25
3
29
11
13
24
14
7
24
1
27
12
22
17
10
11
22
11
31
0
9
31
21
3
2
13
17
1
30
12
6
20
12
31
1
18
15
12
27
15
2
5
3
14
10
15
20
11
18
18
4
7
31
24
5
27
5
28
23
0
24
15
3
9
18
6
31
3
11
7
12
13
30
13
25
13
31
1
22
18
23
6
2
12
25
28
11
21
12
7
26
5
20
23
7
27
19
21
8
26
6
28
28
4
27
24
14
29
13
12
1
18
30
23
31
10
3
3
16
0
22
7
25
26
6
5
28
3
16
18
21
15
30
25
6
3
5
11
31
22
13
9
25
13
12
21
2
7
28
15
19
26
10
23
4
28
8
30
14
6
0
26
25
29
24
16
0
16
29
19
20
20
25
10
1
6
2
21
16
27
15
7
8
14
11
29
24
17
20
14
11
23
2
3
0
3
8
25
28
10
15
25
22
28
27
10
22
31
15
5
13
15
13
20
8
25
9
26
28
11
3
19
0
30
14
30
13
8
30
10
2
8
23
19
22
29
1
14
22
16
1
22
11
12
4
20
23
25
23
29
10
26
15
19
15
8
26
11
31
15
8
11
16
5
31
29
8
29
1
24
18
22
1
3
21
6
16
28
10
6
21
4
5
21
1
12
1
7
16
22
3
16
30
29
20
17
9
8
31
22
6
27
31
27
6
24
21
4
21
18
7
23
0
24
13
13
18
12
5
26
30
0
29
31
18
3
5
11
7
9
3
20
12
1
4
14
2
17
27
2
23
29
23
19
22
26
2
7
17
1
26
10
0
24
28
23
7
4
31
6
1
21
20
11
13
5
20
18
6
15
12
12
24
28
7
15
8
8
25
12
12
11
15
26
6
21
29
22
21
26
5
10
6
2
2
28
29
12
11
10
25
1
15
19
24
1
22
12
9
8
14
15
24
15
5
23
16
5
0
8
21
21
15
23
7
5
19
6
22
5
12
10
13
18
17
28
4
20
17
19
9
12
16
8
8
9
23
7
17
7
26
10
27
29
27
21
3
23
25
3
6
4
5
2
9
6
9
26
2
16
18
30
12
2
22
11
15
24
7
9
15
28
1
14
24
12
19
19
27
11
29
13
27
28
5
12
21
17
3
10
31
2
24
4
