45
23
16
52
34
56
74
20
5
73
40
30
55
17
12
76
35
43
61
39
78
60
75
8
10
0
5
8
26
74
23
6
11
67
17
58
50
40
10
75
22
69
13
0
78
63
52
18
16
57
43
45
16
44
34
26
60
75
22
12
59
27
16
33
33
62
50
19
79
2
2
0
71
43
77
4
26
54
65
0
31
79
39
77
74
61
53
67
70
70
79
55
58
18
74
54
41
13
11
43
16
15
47
22
77
64
37
8
63
18
63
23
78
32
63
60
68
58
65
12
54
69
67
42
44
33
23
47
77
56
66
24
9
64
39
12
19
26
57
67
69
41
51
21
9
29
7
26
5
34
37
61
41
8
7
19
35
58
36
39
46
48
49
50
7
49
3
66
27
27
44
9
17
34
58
17
37
27
0
46
37
47
72
31
3
66
77
12
29
22
54
12
0
43
69
20
62
27
5
36
17
59
22
19
49
68
30
35
20
9
42
69
57
18
46
42
40
44
53
34
13
62
14
29
10
51
53
61
40
46
33
50
75
40
57
2
32
66
38
56
65
18
12
79
33
73
16
60
0
18
25
48
58
65
51
37
48
50
6
16
20
46
35
0
67
26
11
2
13
64
44
23
6
41
46
17
57
77
68
24
31
10
76
69
56
11
34
10
0
71
31
69
48
76
12
54
5
36
62
38
65
45
41
71
79
43
28
34
41
49
57
4
35
62
9
4
1
42
39
51
4
57
31
46
26
43
15
19
3
24
41
6
36
50
4
54
7
79
21
22
62
38
58
37
4
35
12
58
41
63
8
12
56
37
16
43
63
49
39
51
10
60
41
10
31
20
52
29
11
27
6
2
42
36
10
46
56
30
54
48
69
36
70
9
17
64
3
30
73
21
23
50
23
22
14
75
26
0
70
16
14
41
54
8
56
28
27
73
7
78
7
38
72
30
59
50
14
18
13
76
43
23
64
24
35
75
55
53
13
2
64
20
38
64
46
5
72
2
36
66
72
62
65
32
14
45
41
6
51
73
1
53
76
79
70
3
28
1
14
61
10
60
66
4
66
65
54
9
4
24
77
14
49
29
65
64
79
7
19
51
20
28
48
21
55
1
18
11
66
59
76
8
72
38
67
78
56
16
78
61
36
65
56
3
16
45
46
30
63
11
20
37
68
47
52
71
67
25
47
47
73
75
38
26
78
47
71
7
11
31
25
14
59
14
9
42
1
9
63
1
14
56
43
9
75
69
71
7
32
44
66
68
59
59
72
70
29
4
28
77
30
29
15
71
55
19
71
69
74
34
41
25
59
45
69
66
44
25
47
46
74
55
50
51
39
62
34
55
60
32
71
56
14
71
19
23
22
40
61
17
22
4
27
42
47
2
75
8
6
30
38
60
47
39
6
15
13
24
4
59
14
40
58
22
13
8
58
62
75
74
62
49
36
18
6
38
32
70
36
68
51
34
71
3
6
58
65
39
33
27
32
36
14
61
22
72
28
32
21
58
70
66
69
61
13
65
48
51
19
16
16
30
77
57
57
66
43
29
3
28
75
61
26
15
46
73
70
12
33
28
73
48
42
79
77
72
74
57
9
5
78
7
73
48
19
44
56
48
33
76
45
69
21
53
15
37
23
59
65
43
64
24
15
79
77
39
18
49
7
55
53
77
39
34
72
37
52
59
70
65
2
16
72
25
9
79
67
70
71
51
30
21
45
51
52
75
10
53
55
75
4
66
74
61
40
7
38
56
7
76
48
3
8
32
11
53
61
63
56
23
13
55
33
59
31
53
11
33
12
27
23
64
25
16
48
31
77
27
1
30
48
59
19
70
50
53
41
42
35
76
40
74
46
18
1
64
59
49
78
1
51
70
39
67
78
70
31
76
73
50
64
3
21
75
74
69
24
26
60
28
64
51
47
69
43
25
52
33
6
55
8
4
58
9
48
69
51
31
52
5
20
62
20
37
55
7
54
3
35
8
33
74
42
3
56
58
2
31
37
39
57
69
70
79
51
72
35
76
8
78
53
70
58
31
2
10
11
42
77
68
37
35
66
71
8
57
18
21
9
42
27
62
46
30
60
66
18
19
0
21
2
40
76
15
49
13
60
25
28
34
76
57
68
1
23
34
13
37
55
20
54
55
13
28
28
25
9
53
47
49
78
16
24
44
22
26
17
26
54
19
14
73
75
26
23
29
19
79
0
62
57
11
64
62
9
32
49
43
17
5
65
78
1
5
23
8
4
44
68
71
31
59
64
18
33
74
12
12
39
32
11
39
10
52
41
36
46
53
45
4
71
55
36
45
78
49
30
74
75
60
35
64
33
4
28
55
71
48
69
26
7
67
46
34
74
1
44
20
79
67
32
5
30
19
17
44
31
6
34
25
44
9
52
45
38
25
24
2
30
20
2
53
52
2
10
22
25
29
23
28
68
47
63
4
3
15
52
36
49
72
29
73
61
41
6
29
21
40
15
5
37
19
13
50
65
73
8
51
17
5
24
0
10
67
35
44
53
23
38
66
74
24
72
72
79
52
49
0
73
21
34
29
20
2
10
22
27
78
1
34
75
67
24
15
68
33
60
17
21
45
46
59
66
68
58
43
6
20
26
29
68
2
77
15
30
5
60
45
40
33
76
32
6
7
39
44
21
5
3
17
70
39
5
32
50
49
44
7
29
64
38
61
47
14
10
59
3
3
18
42
59
37
61
72
44
45
32
63
22
67
78
54
15
40
15
73
41
24
6
56
52
60
36
68
43
62
35
21
23
74
49
79
17
38
71
59
61
68
47
15
18
32
68
75
63
73
71
28
51
9
74
48
39
19
11
35
27
45
50
41
54
16
30
11
28
56
47
60
68
16
22
22
61
1
13
55
27
74
64
57
63
19
24
36
68
58
48
25
18
78
27
65
11
76
15
24
25
4
31
43
42
20
38
63
27
12
1
24
78
50
33
76
73
1
44
3
79
38
72
63
11
42
43
45
45
67
54
31
18
46
14
40
47
20
54
58
67
9
24
54
49
28
40
32
26
63
36
13
52
19
33
35
43
0
12
13
52
21
63
6
0
68
31
35
17
40
36
3
34
1
53
77
29
54
26
54
14
8
48
77
21
10
62
15
6
26
43
65
29
63
79
38
28
40
37
13
14
50
29
49
62
38
57
76
78
60
66
67
56
21
51
73
0
11
12
52
5
25
