39
41
24
42
63
57
17
28
0
58
18
24
36
55
10
36
29
7
54
0
30
12
17
50
10
49
0
8
26
7
30
8
45
40
25
15
32
20
50
6
16
3
25
49
62
46
63
55
30
3
9
57
31
52
56
53
34
47
26
23
52
16
30
63
9
1
32
21
17
21
16
49
34
9
35
15
10
18
42
31
25
63
2
36
32
34
59
3
2
62
63
45
52
29
62
19
51
2
7
33
19
23
56
16
43
40
4
8
46
22
1
26
26
23
34
38
14
10
6
12
37
38
36
55
40
20
41
46
63
39
44
52
21
46
41
20
47
11
26
53
7
60
41
53
29
11
27
53
10
17
18
1
45
15
31
28
17
23
0
41
52
1
14
39
25
47
28
35
49
44
54
9
25
63
33
62
16
61
49
52
15
37
51
24
5
30
48
55
11
13
36
60
44
55
38
27
46
44
35
60
38
5
7
8
47
56
24
2
28
62
33
38
3
22
45
34
24
40
2
56
20
14
6
27
61
37
41
53
48
40
24
55
6
42
11
11
8
34
18
56
26
11
9
34
20
27
23
58
44
31
53
35
35
31
48
21
2
39
16
19
6
6
16
22
40
2
22
26
19
5
43
20
27
10
37
60
48
36
56
7
14
19
35
38
33
29
56
9
34
43
13
56
36
47
20
43
22
5
44
4
11
35
48
62
63
60
31
10
58
52
13
11
5
17
61
35
38
36
0
41
15
0
13
45
8
7
9
1
59
28
32
42
47
41
4
40
18
35
2
0
46
44
10
44
21
5
9
23
48
60
2
16
25
7
18
33
26
47
42
42
15
54
45
22
15
49
41
27
25
58
44
11
51
60
21
6
25
12
32
6
3
5
34
29
55
46
63
55
34
59
31
56
11
13
6
19
11
44
57
23
24
12
37
53
24
31
38
45
11
6
59
19
58
13
55
55
31
46
25
11
47
16
38
7
17
58
7
42
16
4
38
3
17
46
7
15
58
2
47
34
28
34
58
8
8
39
10
29
41
30
10
50
42
14
43
15
31
10
0
0
38
54
44
53
36
36
63
61
52
29
24
31
48
22
43
33
59
35
61
42
6
28
56
59
62
60
56
43
15
15
47
61
62
8
49
62
43
30
2
44
18
32
30
46
26
39
0
41
46
1
51
11
13
50
19
43
33
11
37
54
33
36
30
6
12
35
28
21
22
14
35
13
27
60
61
36
1
28
24
12
22
39
45
17
19
39
3
27
9
51
45
54
5
51
28
34
14
26
44
63
12
18
55
50
3
14
42
63
36
61
13
48
55
61
38
20
60
52
58
45
32
36
19
49
53
34
8
44
49
19
43
33
60
61
40
30
53
45
58
16
16
46
51
33
36
26
53
11
29
17
4
54
38
59
15
27
24
60
59
33
29
61
25
20
24
55
51
54
0
60
38
32
12
31
29
10
8
62
12
22
35
16
43
4
25
38
33
11
10
30
20
5
36
0
13
7
44
8
13
23
61
45
3
34
22
58
6
42
8
20
31
48
45
48
51
45
60
7
28
19
41
32
18
5
54
58
57
47
9
37
55
36
39
20
21
51
63
14
21
23
14
27
24
36
14
50
39
9
24
6
6
39
41
63
56
39
38
39
21
56
38
23
31
57
59
47
24
48
11
62
62
59
23
51
56
60
17
23
57
42
16
9
56
35
35
47
20
61
57
39
12
1
56
20
40
51
28
49
3
52
35
41
17
42
60
59
4
30
37
6
52
4
11
21
28
50
42
22
38
21
20
56
9
39
17
37
13
19
13
62
9
37
58
21
59
15
59
53
29
52
44
56
61
58
54
47
51
52
4
47
49
57
45
20
40
46
51
39
0
1
35
34
42
21
27
2
15
27
62
36
29
50
1
19
57
24
1
26
39
28
46
24
45
38
61
61
40
51
5
3
8
53
27
29
2
39
41
10
57
14
25
0
31
18
57
21
42
15
7
42
54
32
2
4
43
25
16
15
53
62
40
14
56
57
51
32
13
47
55
50
37
21
49
13
21
22
0
36
13
44
17
4
34
42
0
13
55
12
63
49
42
6
6
12
54
44
29
59
23
41
16
49
50
5
39
27
54
23
37
60
4
46
56
30
30
10
25
9
2
31
37
3
20
30
14
52
34
14
43
37
3
18
1
52
44
18
58
31
61
25
6
45
57
18
26
15
40
40
22
47
13
45
17
28
59
8
51
9
0
62
33
2
59
15
23
50
4
50
54
55
14
5
63
46
63
62
12
12
4
9
7
2
51
10
5
5
51
43
45
24
57
58
28
17
3
49
3
26
57
54
5
46
54
4
30
58
62
44
39
7
17
46
45
10
57
1
43
16
0
53
23
15
49
61
1
40
59
48
45
53
52
59
63
63
19
52
53
27
41
28
29
43
50
59
50
26
35
23
37
14
14
47
34
52
24
27
63
12
48
32
11
62
0
31
4
14
36
49
19
8
18
28
18
34
53
34
50
17
19
28
1
23
50
3
30
40
2
6
4
6
32
7
58
60
9
42
33
56
46
5
10
22
28
8
22
25
49
50
5
8
54
24
60
16
32
21
47
25
23
5
57
39
43
14
33
33
29
3
7
29
54
22
60
12
48
27
33
5
49
53
47
9
8
21
53
40
32
27
43
19
57
11
20
8
41
37
35
21
13
63
4
44
48
8
9
51
4
42
22
33
40
17
33
43
52
48
17
36
26
32
36
39
27
18
22
49
10
23
43
7
10
54
15
22
33
29
12
1
26
58
32
57
59
30
62
43
57
46
28
27
22
15
7
52
26
30
62
50
48
61
62
4
59
20
25
12
49
63
52
37
47
18
31
0
12
39
58
61
35
19
14
25
32
55
24
0
30
58
38
15
46
20
3
21
53
23
13
60
19
4
30
32
22
47
25
16
60
35
20
55
31
28
19
58
18
12
55
1
3
48
16
10
51
6
37
35
3
17
56
26
2
33
33
26
3
50
40
52
31
34
20
26
54
2
37
5
41
25
1
38
11
25
24
3
29
54
12
27
48
9
16
16
49
61
31
20
41
2
40
48
26
50
13
4
57
18
18
59
10
50
42
18
44
40
6
37
8
14
36
55
41
61
38
9
18
45
55
32
29
1
57
41
29
49
17
2
30
5
29
51
46
23
1
1
7
54
53
32
50
1
48
27
19
0
12
43
13
32
