68
36
21
2
55
47
61
46
3
69
59
14
62
47
68
41
38
78
65
9
0
61
77
76
15
38
20
52
61
44
51
33
38
61
28
64
41
78
64
49
56
32
44
79
55
75
21
27
35
67
33
75
66
31
34
42
61
78
48
43
0
22
2
12
20
23
44
18
67
67
69
44
44
41
41
61
16
44
62
55
18
52
65
49
30
23
47
12
36
54
35
61
9
18
49
21
0
73
26
51
58
58
38
77
66
51
28
2
7
65
24
15
32
1
39
57
10
79
40
41
75
49
66
23
1
71
71
55
8
72
51
32
75
11
56
26
42
72
0
52
43
44
21
14
17
29
61
71
58
37
28
29
79
50
35
2
7
38
58
3
17
72
4
62
12
52
13
71
6
22
25
38
31
1
31
18
63
71
24
11
22
57
39
60
3
18
26
76
13
17
44
67
25
54
68
78
69
0
58
28
33
7
69
19
54
29
4
14
46
16
57
44
41
44
79
75
22
76
50
13
79
59
17
74
75
53
69
61
16
71
40
62
55
60
62
73
53
4
38
31
29
56
20
58
16
34
44
47
8
28
63
11
24
59
64
21
11
18
10
10
45
53
34
45
65
73
46
5
8
19
20
51
15
29
70
27
66
19
30
34
37
63
53
54
45
71
6
30
67
55
75
59
3
53
59
9
20
50
24
25
40
11
55
54
34
32
5
47
72
45
58
39
72
59
12
12
73
42
34
62
45
16
57
21
6
70
70
69
6
14
71
27
58
1
73
21
45
35
24
68
2
35
44
30
48
34
40
36
68
25
37
56
19
52
51
52
8
60
0
6
78
46
10
10
52
14
24
17
41
22
4
69
52
64
53
29
59
20
48
36
58
5
15
79
19
58
74
9
51
27
63
68
19
52
29
49
58
32
26
10
24
42
56
54
61
57
9
34
74
61
2
24
27
17
7
17
37
76
30
49
38
40
4
78
48
42
79
29
16
42
26
52
51
12
52
50
74
63
4
30
24
72
24
11
72
28
74
30
64
34
17
57
28
25
14
13
28
19
0
75
29
62
54
57
64
63
36
12
4
23
66
9
4
76
3
18
22
76
26
35
37
62
25
45
61
13
57
46
74
78
46
63
11
77
77
66
46
27
38
53
72
9
5
76
47
67
72
76
77
33
2
77
45
30
37
56
37
48
12
33
57
65
62
54
3
61
45
14
42
12
70
22
25
59
46
5
41
24
20
47
36
13
19
73
2
78
79
11
73
16
5
30
7
62
36
7
70
73
54
79
13
37
78
25
69
33
17
66
60
69
48
69
40
12
3
6
60
14
32
15
70
39
5
65
60
38
10
70
70
79
37
1
24
13
28
73
68
72
32
48
49
71
76
63
39
29
43
62
43
59
22
27
62
17
68
43
6
45
54
79
21
20
3
28
69
31
46
3
23
53
6
69
43
38
21
25
66
4
23
79
5
78
37
4
23
5
70
0
6
8
19
14
72
48
4
34
14
66
49
60
45
2
27
68
3
41
51
13
38
43
71
29
11
35
18
25
26
75
57
68
74
29
77
36
18
37
14
60
67
6
25
66
21
75
48
46
20
34
67
17
13
57
15
60
36
4
27
59
14
64
20
41
45
25
51
23
61
40
79
73
30
44
43
9
10
53
2
19
52
13
12
27
76
66
21
1
27
14
26
42
29
3
73
5
63
76
8
22
36
48
0
56
25
18
41
31
33
36
51
7
25
26
16
41
48
32
62
23
69
23
79
19
51
1
41
11
50
77
42
42
9
11
68
73
20
40
65
74
56
8
36
17
14
46
60
30
73
19
72
33
61
53
35
19
35
42
36
66
17
20
40
19
44
6
32
49
18
33
28
21
26
79
7
23
66
48
28
64
56
39
20
13
3
22
7
76
21
15
33
35
9
53
71
23
74
29
33
19
0
9
69
18
10
45
78
55
76
1
54
41
10
76
39
22
25
8
46
29
5
72
77
49
1
50
75
11
6
32
51
59
21
41
65
51
38
54
14
66
46
47
18
67
53
15
0
3
27
54
13
66
24
63
55
60
4
2
31
59
6
64
54
35
78
66
60
11
58
16
14
67
73
56
1
57
60
35
0
2
32
35
71
22
40
19
32
70
7
34
46
75
9
12
33
49
79
4
54
74
43
52
55
28
56
40
15
48
34
53
62
36
24
77
26
13
2
29
54
43
9
6
38
37
3
48
8
27
49
10
63
40
30
5
6
17
65
2
48
26
56
50
24
74
30
74
74
64
1
38
39
48
21
78
51
40
49
73
70
51
37
11
39
57
52
47
29
63
22
25
59
40
66
50
79
7
11
22
55
31
24
44
11
59
49
55
40
58
32
33
11
71
8
12
16
31
6
43
15
53
54
3
65
50
28
23
42
36
46
27
42
63
75
34
35
55
34
54
42
15
44
9
34
28
78
26
33
15
17
31
68
75
1
35
32
0
72
34
70
49
64
53
63
50
63
53
24
16
70
33
4
8
67
21
25
39
57
49
9
39
15
47
18
20
35
0
1
21
9
2
40
74
31
65
7
71
6
47
74
8
51
68
15
45
54
27
39
0
50
50
16
6
68
12
63
67
35
26
57
69
39
16
68
52
2
76
64
56
2
64
32
72
67
62
27
74
36
16
34
26
4
51
37
16
69
24
43
10
8
6
55
7
65
9
59
33
35
10
43
16
43
71
61
12
8
50
42
18
69
19
4
61
36
74
46
74
76
46
41
20
48
56
72
0
7
76
66
68
64
44
49
7
55
32
28
22
66
73
22
37
3
12
28
37
49
39
78
78
5
5
30
54
52
55
38
9
0
31
39
39
9
18
7
49
32
18
47
20
29
58
64
9
55
75
70
60
79
18
77
65
14
23
68
17
8
13
18
15
19
47
71
37
70
38
31
77
26
48
20
39
64
45
77
31
30
61
68
50
24
65
5
75
20
57
42
62
31
13
50
7
45
27
64
4
3
70
41
29
55
57
63
15
8
65
68
29
16
0
77
52
75
33
4
41
50
64
39
73
58
77
42
43
31
21
3
47
1
8
63
58
19
58
53
13
56
41
64
30
76
36
23
1
15
50
75
73
29
71
38
52
45
22
41
50
1
23
19
13
56
7
10
14
77
67
62
60
70
49
56
72
2
45
38
60
60
37
16
59
69
79
43
13
32
41
5
28
48
51
68
65
58
67
47
69
5
64
69
43
68
5
79
16
23
8
59
26
53
76
21
43
56
25
12
58
65
33
34
55
26
23
70
23
77
73
14
30
78
33
10
15
57
36
37
60
10
46
70
31
77
44
78
72
59
18
28
12
63
10
79
11
65
49
3
71
59
42
28
30
31
46
57
17
1
1
31
67
44
61
22
47
78
43
39
11
8
10
74
47
