48
20
35
16
25
5
57
17
18
1
63
7
20
4
25
62
19
62
41
54
48
6
60
45
43
19
45
3
56
7
56
49
41
30
54
38
32
9
38
18
37
52
5
3
25
63
34
48
22
37
60
59
17
53
52
29
18
36
45
62
48
15
23
47
30
15
5
49
17
62
27
13
27
31
31
62
51
24
24
6
22
3
41
7
10
15
5
42
19
33
63
6
39
49
32
14
43
46
59
58
25
14
3
60
17
57
51
24
17
37
44
29
21
62
14
49
10
59
12
31
11
18
26
48
37
61
13
19
9
18
46
21
20
30
58
7
16
19
43
55
37
49
34
6
26
12
57
1
26
29
32
45
59
56
49
40
52
61
25
47
39
27
33
43
55
1
61
30
1
55
19
60
51
37
54
11
26
61
63
34
15
45
15
31
20
11
53
25
34
2
8
19
51
1
49
9
37
41
36
46
54
54
49
56
26
12
52
58
16
51
5
5
41
13
12
11
50
40
36
61
59
29
28
46
24
32
27
6
40
55
21
31
19
6
47
61
46
12
19
34
55
15
38
8
22
0
13
54
56
62
20
9
19
53
13
30
15
42
2
0
11
17
10
11
49
3
12
22
9
58
44
16
29
43
9
48
24
15
32
60
0
38
0
37
19
31
44
32
19
24
59
40
36
17
2
14
40
52
19
33
8
20
6
0
58
4
32
6
18
19
26
14
4
54
55
28
3
35
51
21
12
51
26
35
8
1
29
49
44
1
1
36
30
62
61
0
16
60
50
48
23
36
4
26
31
0
21
23
26
49
63
15
46
8
56
53
2
59
42
46
62
41
7
57
51
10
56
39
31
15
33
59
16
23
32
56
20
47
26
4
30
42
47
43
27
40
61
34
39
50
21
30
15
18
28
26
40
36
28
0
60
52
58
53
56
41
16
53
39
53
26
35
48
10
28
5
50
63
44
45
36
6
37
27
34
56
59
22
22
45
26
18
37
52
51
12
4
42
36
51
32
28
56
0
42
44
46
4
27
62
39
34
62
19
4
10
62
8
56
12
8
49
1
21
39
17
60
14
50
48
49
10
43
5
40
11
7
45
15
7
24
63
56
24
30
6
29
17
22
9
12
30
20
34
8
22
18
36
36
17
39
5
40
40
58
16
8
34
8
30
33
13
9
54
32
6
29
57
35
27
5
38
49
7
46
23
20
17
18
38
0
50
53
25
10
32
31
48
30
5
7
47
13
3
14
27
59
30
12
40
52
35
45
41
60
10
14
8
0
55
61
14
9
54
53
21
2
55
52
63
11
7
18
42
47
37
30
54
46
29
30
14
52
38
31
6
0
13
9
3
50
41
57
1
38
23
48
18
13
31
0
61
16
27
3
20
47
57
35
2
15
50
28
42
26
28
12
23
53
22
14
45
36
61
5
51
58
52
43
1
8
27
37
17
34
16
26
37
63
59
50
11
4
33
12
42
26
58
41
45
44
19
39
41
48
1
7
25
5
54
43
24
51
22
29
35
21
61
0
16
17
36
57
50
49
42
53
59
41
62
59
21
35
59
42
50
21
31
16
39
57
25
0
39
38
16
15
51
19
10
61
41
50
58
14
32
51
0
33
38
44
28
43
59
56
43
16
30
12
3
51
29
3
3
60
17
23
6
3
34
43
44
52
22
27
18
33
33
38
28
43
36
61
55
2
39
2
8
14
18
43
8
49
11
27
57
60
19
56
43
33
44
51
12
27
13
26
63
49
30
22
58
27
36
29
18
44
11
56
45
2
5
27
61
14
4
25
39
58
28
60
32
22
16
52
55
22
40
8
45
6
1
59
41
7
24
60
7
43
47
16
40
25
54
13
62
10
40
55
34
6
59
45
23
13
23
4
38
58
3
32
10
54
48
45
6
12
40
17
48
10
33
17
15
29
21
10
27
49
34
63
42
17
1
8
24
39
33
55
37
2
25
44
7
53
23
56
34
32
20
3
6
59
45
59
57
54
53
30
2
35
62
37
29
3
28
55
22
26
5
33
9
1
13
43
36
50
29
59
10
63
31
6
31
37
52
34
25
41
42
46
49
11
4
31
10
53
22
30
52
3
46
42
18
31
50
50
23
6
60
11
15
63
11
13
9
45
15
44
36
48
20
36
5
54
32
25
61
29
1
63
34
44
30
50
31
0
17
61
56
63
35
47
47
23
36
28
2
1
41
10
20
62
31
2
50
62
2
12
57
60
32
20
21
49
24
17
39
38
41
35
39
21
46
59
38
40
60
15
57
30
9
56
4
11
22
4
7
19
5
6
41
18
5
47
20
15
13
25
57
7
9
58
12
23
15
2
34
32
13
15
58
45
10
20
12
21
27
18
38
23
55
54
57
44
7
43
33
58
18
8
47
4
63
57
20
27
55
8
38
13
44
2
24
0
52
29
40
33
35
51
33
8
13
27
10
10
4
23
24
18
60
53
48
22
52
4
45
42
46
43
29
23
35
56
47
13
60
52
11
19
34
57
6
40
7
32
8
0
9
24
48
5
43
16
35
35
15
33
4
21
37
5
24
44
5
39
11
55
52
35
19
24
36
63
43
44
41
47
46
24
43
53
37
59
51
45
6
0
17
23
27
2
37
39
58
22
39
27
20
63
58
51
39
56
22
12
34
38
40
63
47
7
23
29
41
2
16
21
45
51
20
63
32
60
1
35
26
29
61
15
38
38
62
29
24
4
47
33
8
14
61
10
30
28
16
24
39
35
44
9
44
43
37
6
53
14
13
10
11
2
20
48
50
21
19
55
21
27
42
55
28
21
42
11
9
46
42
53
1
3
54
14
33
46
51
14
50
33
10
28
21
47
49
5
47
48
25
46
48
25
12
39
31
28
11
8
38
21
15
53
28
14
39
19
25
58
5
60
45
9
53
55
45
3
35
35
24
4
21
61
53
51
26
49
42
35
38
51
24
47
3
63
20
50
61
56
23
20
36
39
47
54
9
17
20
25
46
38
52
54
25
48
23
7
62
22
18
62
50
36
13
54
42
28
46
52
11
54
46
34
63
36
29
25
53
14
1
13
40
7
1
2
13
4
21
16
60
23
41
42
61
53
12
22
55
33
40
16
55
29
56
25
62
9
61
58
14
22
62
48
37
37
31
28
32
3
19
23
14
42
58
31
50
40
25
28
24
28
47
0
17
55
12
31
54
49
52
18
62
4
63
32
26
28
57
23
47
8
47
57
0
58
44
33
40
35
2
3
56
7
46
38
32
29
44
43
63
27
41
55
46
61
51
9
26
3
4
45
60
1
52
7
16
3
57
48
13
9
53
30
28
50
7
58
41
59
11
17
11
54
1
37
34
33
44
57
2
16
42
59
18
34
37
31
60
55
5
11
35
14
57
0
2
9
26
