14
29
21
28
23
12
28
28
14
7
9
11
18
14
20
7
19
18
15
11
20
22
20
10
3
1
26
9
24
5
19
23
28
6
18
24
27
2
13
29
24
10
29
16
30
15
0
26
2
15
16
11
21
0
28
27
18
19
17
8
31
20
3
23
18
7
2
29
26
3
0
17
18
1
15
11
8
12
29
27
27
13
12
30
25
13
16
21
26
13
21
27
8
9
7
10
15
16
9
3
9
30
1
8
22
11
25
6
31
7
29
19
0
12
13
1
17
4
14
16
6
27
5
4
12
13
28
26
5
23
7
2
22
26
6
10
25
14
11
2
30
6
24
12
8
14
21
3
22
21
31
4
25
20
1
17
1
25
9
23
31
20
31
3
5
17
19
23
17
19
4
30
31
6
15
24
10
5
5
5
25
2
4
8
0
22
30
23
