8
12
3
11
29
16
1
7
9
1
14
16
9
29
13
8
8
17
23
0
20
24
9
30
4
26
10
23
20
31
5
5
28
10
27
23
21
0
22
10
23
4
2
0
14
13
24
18
31
6
20
19
13
16
17
11
11
13
12
2
14
26
0
31
27
15
13
27
6
27
22
25
27
2
26
19
17
10
14
18
21
3
14
5
26
7
13
7
15
31
31
18
23
6
7
11
12
15
15
1
23
27
15
1
24
23
9
13
23
0
26
0
16
4
3
4
3
8
1
29
27
30
17
20
2
31
9
14
20
17
3
25
19
17
28
3
3
23
0
7
22
3
29
13
20
31
16
13
16
30
15
27
18
15
5
28
26
12
17
10
19
29
27
9
24
22
11
2
18
19
3
11
28
26
21
17
6
25
14
14
22
18
1
15
11
4
8
25
15
18
24
27
17
15
0
30
31
16
21
2
19
7
25
20
11
25
22
16
25
19
31
30
20
4
30
24
5
2
19
22
29
23
31
4
8
6
18
16
29
22
31
6
31
30
11
25
1
15
14
26
18
11
4
16
4
29
9
21
30
12
6
15
10
4
25
20
30
5
25
7
21
21
30
20
24
10
5
6
9
8
9
24
27
26
29
22
25
30
27
10
20
29
11
6
11
13
15
29
12
8
26
21
0
10
14
9
23
29
21
0
18
5
0
14
1
12
27
23
4
25
1
11
20
13
15
1
17
5
15
6
26
24
19
6
9
21
19
3
0
29
15
18
7
27
3
27
5
1
16
27
29
3
22
4
21
24
17
28
17
10
30
12
14
11
27
6
9
19
28
17
28
25
21
28
2
10
19
14
8
16
21
24
1
26
11
24
3
13
19
21
10
22
16
31
12
30
8
31
13
16
16
22
27
2
30
19
31
18
1
24
29
1
7
3
30
29
24
11
30
26
18
5
12
15
8
1
5
6
7
31
11
15
14
1
4
16
9
29
8
15
28
11
4
21
22
30
19
31
22
0
11
2
22
26
9
22
24
31
20
11
7
2
28
16
21
13
8
31
26
31
28
2
7
8
1
30
23
17
0
0
8
12
10
26
10
20
28
4
0
23
6
11
17
4
6
17
17
26
2
14
1
15
13
2
6
18
22
17
21
4
0
17
18
7
1
25
7
22
10
8
23
21
21
24
29
5
11
30
30
5
26
21
3
17
7
10
4
3
10
18
27
28
28
9
20
23
0
3
30
18
2
15
29
24
10
13
10
2
20
25
3
13
14
29
18
20
26
28
12
6
22
9
27
3
31
11
13
29
26
30
10
29
15
24
22
2
23
28
18
25
13
4
27
28
28
16
31
5
2
5
21
23
23
23
10
15
0
24
3
27
11
6
31
10
26
31
18
17
21
12
27
16
3
29
4
26
19
27
28
19
6
20
2
5
5
8
16
12
17
6
6
14
18
9
23
1
4
13
12
20
19
1
24
14
4
18
18
0
16
22
13
3
23
31
7
21
20
15
24
0
0
4
7
29
4
0
25
18
22
30
6
8
28
24
20
1
26
24
18
6
1
4
8
17
25
27
22
9
28
0
19
8
2
30
24
5
12
30
31
4
6
7
10
13
31
5
10
26
24
31
16
0
12
27
9
13
2
12
29
5
13
19
12
1
16
30
14
9
13
12
24
11
12
21
14
28
31
0
22
8
11
23
18
0
0
25
3
13
23
11
20
3
19
19
6
20
2
19
13
23
26
13
6
21
27
23
18
15
22
21
22
4
0
7
13
27
1
9
25
14
21
1
28
11
9
19
7
20
14
27
25
25
27
28
22
14
28
15
5
7
12
11
24
17
19
20
14
25
16
23
6
21
26
28
2
19
9
4
13
18
4
4
9
24
2
22
11
9
20
1
1
28
10
15
10
31
15
24
14
27
5
31
5
10
4
28
14
17
21
31
5
12
3
11
20
7
12
31
12
29
4
29
30
7
11
26
20
6
29
0
22
2
22
16
17
9
26
14
22
21
19
15
24
9
21
4
7
17
6
8
13
7
12
7
0
14
0
23
24
25
15
13
31
3
22
5
11
10
13
14
25
18
29
18
8
18
17
4
4
24
8
24
30
5
9
0
20
28
30
14
16
24
29
29
6
24
19
28
17
9
8
16
15
30
1
17
2
8
7
0
22
25
18
4
23
13
3
26
17
15
18
23
7
20
14
26
15
16
25
25
4
17
14
27
12
22
1
21
8
1
12
6
5
15
12
21
0
27
26
8
10
16
5
31
20
16
28
2
3
16
30
9
14
6
20
27
29
4
2
23
7
14
3
9
19
30
28
20
9
3
16
13
20
7
5
10
15
19
12
23
2
11
23
26
7
18
15
28
29
8
3
13
20
18
29
8
16
24
23
20
2
8
12
1
4
18
16
12
7
28
16
24
26
20
9
13
31
6
2
23
12
7
27
24
19
13
1
1
29
29
7
3
1
25
10
25
15
17
4
20
10
27
8
31
17
5
5
18
24
27
16
19
3
10
5
15
3
16
7
12
27
10
25
13
19
11
6
5
29
27
20
9
14
26
25
11
17
2
16
28
19
31
28
8
21
19
14
10
16
22
3
9
30
31
23
7
16
18
28
4
27
31
30
2
19
21
14
8
19
26
8
21
7
5
5
27
14
22
18
17
27
23
6
29
26
9
9
30
29
6
20
23
6
11
17
24
15
0
22
11
19
17
15
13
30
23
21
10
8
8
1
30
3
27
30
30
18
3
8
24
3
24
11
17
8
20
28
0
30
13
6
12
30
10
1
1
9
5
10
0
22
0
10
22
15
5
5
7
9
7
19
25
25
14
14
16
0
2
0
31
9
12
3
21
9
25
29
1
31
14
2
5
5
2
2
29
1
8
0
19
7
21
27
3
21
31
3
12
0
25
20
11
10
13
22
1
30
26
23
24
11
2
11
13
25
5
5
6
15
2
4
18
1
12
26
17
29
25
25
28
21
17
26
2
2
10
18
3
19
19
1
25
13
19
6
5
10
20
7
28
12
18
4
4
2
9
14
17
22
17
16
30
23
14
12
26
6
18
27
12
16
10
3
11
26
26
28
26
11
28
25
15
0
9
26
5
8
8
6
2
23
23
22
23
20
12
25
22
12
29
2
8
7
6
4
19
11
14
2
12
30
28
16
25
3
21
28
17
31
23
0
9
24
22
29
31
15
19
21
21
8
7
25
15
10
