64
9
1
47
28
66
43
72
6
47
16
12
32
68
17
14
20
24
10
28
0
71
60
11
50
16
12
59
67
17
30
67
63
68
35
63
33
0
78
73
21
19
23
23
29
34
55
47
59
73
16
14
13
19
23
66
47
3
44
74
20
50
70
38
19
24
5
69
40
44
8
6
29
45
54
9
75
13
19
42
75
2
4
66
8
52
69
66
57
55
44
18
44
31
65
21
10
1
2
61
69
38
1
71
10
75
43
14
72
24
4
32
16
77
28
27
53
27
20
53
43
8
5
33
30
28
56
18
0
35
56
22
0
38
55
12
68
50
17
64
33
39
16
39
20
66
50
45
10
3
51
74
16
72
59
15
25
63
18
66
35
70
38
12
51
34
47
68
3
30
6
39
58
74
25
23
54
25
2
57
66
32
39
4
45
76
7
2
17
27
69
20
15
33
62
32
24
61
6
41
27
46
12
78
3
77
60
13
69
57
64
56
3
64
20
8
58
3
13
0
72
74
30
17
44
50
16
5
41
37
26
26
0
13
58
75
2
38
79
27
75
68
74
53
72
10
79
42
30
61
53
52
61
44
22
73
75
47
45
7
34
32
54
46
30
67
50
5
59
43
58
22
78
38
24
59
44
61
10
71
76
74
17
59
69
58
35
56
35
38
32
30
6
15
64
76
51
7
40
57
17
57
11
42
33
38
55
67
53
2
44
65
64
19
36
70
55
67
78
63
22
10
40
77
17
44
62
0
2
74
27
8
6
76
71
63
15
29
78
41
38
68
62
66
14
33
24
59
42
79
58
62
30
24
3
65
58
22
44
51
79
11
60
50
68
76
36
60
33
62
11
26
77
58
35
11
8
14
57
45
72
43
42
69
32
40
49
11
34
23
52
8
16
46
54
62
21
56
64
1
48
13
33
15
28
40
29
5
21
79
63
52
3
12
22
62
2
17
3
1
17
74
26
67
3
15
40
24
79
29
42
48
5
79
15
14
19
60
43
59
17
8
43
78
32
75
76
18
28
0
22
27
31
75
41
19
25
64
40
46
65
55
50
12
18
35
54
18
41
31
18
26
59
78
34
56
28
64
9
36
33
58
72
7
53
75
27
56
36
2
59
52
9
12
51
32
51
8
12
25
9
38
73
43
77
14
3
69
25
46
70
45
25
0
78
49
13
9
8
40
6
9
11
0
55
40
49
16
69
71
68
4
9
54
18
57
55
60
4
69
7
41
1
32
60
2
78
5
22
22
71
20
10
61
47
53
39
78
21
43
11
69
11
34
56
70
62
24
10
21
65
47
53
69
7
73
5
54
46
13
24
56
29
64
43
24
41
51
67
73
13
12
44
54
76
40
9
62
56
25
21
70
43
5
39
7
9
64
74
7
42
18
61
12
46
17
65
73
2
62
68
23
9
28
43
0
60
23
79
59
36
65
66
11
55
37
9
20
66
52
33
68
75
6
70
65
7
26
18
9
77
46
6
79
34
3
68
39
68
67
60
69
63
26
71
48
2
62
72
5
37
59
77
36
10
65
34
13
15
5
0
52
52
59
23
28
1
43
22
18
23
45
48
35
51
31
67
14
1
46
48
56
28
21
66
16
37
66
31
53
53
32
66
39
34
49
36
70
39
62
61
27
44
15
10
78
27
51
3
28
27
26
57
49
4
20
38
28
41
33
6
14
65
29
27
44
47
33
68
71
25
39
54
62
2
1
55
64
25
5
36
60
22
7
48
27
40
27
54
9
71
29
44
17
0
4
5
31
44
72
21
78
68
50
61
9
1
26
29
76
26
31
75
56
49
53
25
39
76
19
55
59
42
45
40
54
67
23
14
59
53
66
22
57
48
20
31
37
28
52
23
77
27
22
14
50
40
2
18
48
52
62
20
37
31
70
18
70
49
13
73
73
14
32
19
14
38
1
24
4
28
61
45
42
58
32
75
76
58
76
72
66
45
46
4
77
1
0
25
29
67
57
15
76
17
46
53
73
37
27
35
43
60
25
61
4
11
52
72
14
79
8
34
66
52
9
47
34
45
33
30
17
30
41
57
46
19
35
33
51
47
8
78
56
49
16
48
58
30
52
46
5
60
53
7
56
41
69
76
64
34
8
28
6
54
55
49
57
51
79
32
27
75
67
74
52
48
7
37
65
1
77
34
50
68
52
19
67
8
76
64
56
42
6
54
79
28
75
29
49
72
8
48
5
20
21
76
18
5
37
13
16
63
50
31
56
67
36
74
71
16
4
32
64
26
71
31
51
29
22
37
63
41
29
74
31
68
49
0
79
13
12
6
69
6
39
74
58
74
26
76
7
38
51
37
75
70
42
71
8
78
61
53
47
79
17
48
15
29
57
23
14
26
77
37
72
62
36
76
6
42
40
33
16
51
41
40
4
13
33
38
57
63
79
10
1
3
32
14
20
79
74
3
50
38
12
55
74
71
78
45
10
38
70
54
35
9
27
57
49
41
25
37
29
49
41
11
26
49
73
79
7
12
46
35
3
76
6
37
23
48
61
14
57
10
73
65
68
51
60
36
42
74
37
48
58
34
36
61
67
79
21
61
69
4
56
46
51
76
74
23
10
30
50
59
40
10
38
25
77
50
64
36
42
43
47
20
63
2
41
44
46
25
9
32
68
11
50
51
21
6
46
30
68
63
39
73
64
42
42
23
63
21
26
58
10
63
49
41
7
10
60
49
70
69
18
30
35
63
67
35
34
31
18
71
73
13
34
65
29
21
4
39
72
54
21
31
48
71
24
16
13
47
50
31
26
22
33
15
63
63
13
39
11
43
45
16
72
71
12
8
78
30
15
19
1
71
65
69
15
1
58
24
65
64
15
3
21
20
60
40
39
70
70
46
18
48
48
77
20
18
66
37
62
65
2
22
11
2
60
17
73
19
73
49
30
55
49
69
63
34
22
35
48
31
53
61
36
42
36
54
17
26
72
13
52
77
69
12
0
56
58
15
42
75
39
7
16
62
74
37
14
38
54
36
59
59
53
35
37
28
20
47
32
0
45
66
77
15
9
34
28
4
19
29
55
8
21
79
45
70
54
78
61
45
54
47
45
19
53
19
23
46
34
13
0
24
16
21
72
31
15
7
57
1
59
19
62
71
49
55
66
39
11
38
29
72
73
4
6
19
24
70
77
36
25
79
44
4
4
6
70
3
60
30
47
43
51
33
55
2
11
41
12
26
47
12
30
52
19
25
73
58
50
23
75
29
55
64
39
57
61
35
36
58
60
31
79
77
23
77
24
43
65
24
8
69
44
1
22
52
23
75
36
20
40
5
41
49
18
9
10
