42
21
54
54
29
56
57
27
47
45
4
8
12
0
0
38
57
18
15
59
20
42
15
8
25
49
8
58
53
13
23
57
31
56
54
31
29
29
43
8
35
5
17
60
16
46
40
45
52
33
20
0
11
17
19
63
39
35
62
33
56
50
39
15
17
47
0
36
49
22
46
51
7
10
15
13
57
5
2
22
53
11
13
62
12
47
39
63
58
63
50
4
32
46
14
19
2
9
21
44
50
9
23
26
8
55
63
3
30
18
27
33
7
39
17
30
55
39
16
60
48
47
3
29
45
26
41
7
30
7
58
27
27
44
53
2
34
54
41
32
18
14
5
16
23
63
49
10
43
59
42
42
21
44
53
21
13
38
2
34
53
25
59
21
0
47
38
56
61
19
21
21
54
51
46
10
15
33
5
26
61
47
50
23
58
47
49
45
0
12
4
12
22
36
50
14
18
46
0
47
30
48
5
40
56
42
39
5
37
58
54
2
55
32
61
11
54
30
6
35
30
39
28
1
58
36
20
58
57
1
35
57
39
5
58
61
58
4
36
56
44
52
33
63
26
33
53
6
23
45
31
28
55
49
56
1
60
43
47
19
4
30
35
62
31
63
10
6
18
48
14
23
40
24
28
19
49
57
1
9
43
34
40
18
46
25
41
35
14
44
24
31
24
13
45
47
49
45
12
37
5
32
10
41
18
29
39
23
22
54
49
26
32
0
16
35
10
40
59
6
21
2
63
52
15
49
58
35
59
34
30
21
11
59
42
38
20
20
15
42
37
48
36
40
10
21
41
62
23
53
53
22
24
18
55
44
61
3
49
11
8
2
33
41
57
40
4
15
31
1
1
40
32
54
14
2
26
5
37
63
51
37
41
36
24
39
59
31
14
17
28
47
3
8
15
59
21
32
30
8
25
1
37
3
6
6
6
27
19
48
37
49
60
8
29
31
11
11
8
38
13
43
12
52
32
9
38
4
52
7
31
1
22
29
28
31
2
51
17
19
2
11
43
9
12
53
55
0
27
42
29
30
37
55
43
22
51
1
62
51
44
16
54
8
17
53
37
7
62
42
17
53
55
6
4
59
4
9
30
2
27
33
61
26
59
27
28
2
55
22
55
28
41
5
0
33
36
1
1
41
11
20
51
40
36
9
43
37
33
60
13
47
7
16
36
60
5
38
47
61
46
21
2
29
38
19
60
21
53
24
59
52
11
15
2
8
39
34
31
36
20
57
51
50
34
4
49
32
22
21
27
8
0
50
42
53
45
37
19
63
3
57
10
4
53
24
55
18
1
22
45
41
44
32
26
35
6
54
53
22
41
48
18
27
46
38
56
50
57
62
15
8
62
52
45
51
36
62
32
51
57
25
63
41
20
0
21
56
10
28
42
4
34
12
60
17
3
33
54
62
52
18
11
59
58
42
35
6
29
39
16
58
40
6
15
9
27
23
62
47
37
46
9
34
12
52
0
24
16
9
3
61
13
34
3
59
48
19
56
44
34
28
37
43
51
16
45
59
56
10
31
58
33
51
7
26
11
5
20
22
16
28
35
58
25
25
13
50
29
22
18
10
41
38
11
46
25
7
13
60
49
41
24
3
45
39
59
35
43
44
22
12
46
24
5
12
55
46
37
31
50
7
49
24
14
6
50
0
60
25
44
43
53
49
55
10
42
59
62
4
13
31
26
20
30
49
47
4
46
60
42
21
55
31
43
14
52
32
14
29
16
6
10
26
63
28
25
56
53
21
0
5
43
6
56
14
0
23
58
27
29
61
51
53
40
27
50
20
13
14
34
43
26
10
35
12
33
20
40
17
38
52
48
54
63
61
32
21
7
52
21
62
16
58
50
23
17
1
56
38
7
35
57
18
3
25
45
9
16
49
29
16
31
1
43
56
17
8
59
1
33
60
0
24
12
8
7
38
27
19
59
50
60
58
51
33
8
40
6
45
51
38
54
25
13
55
19
29
33
52
23
36
3
55
17
61
50
60
12
35
0
49
44
9
26
40
2
28
10
9
26
19
5
45
15
30
52
5
42
30
19
13
4
54
14
53
4
50
4
55
43
11
15
58
54
0
55
34
24
47
53
47
61
52
10
32
62
47
27
32
46
47
26
11
61
63
53
27
25
52
30
35
10
57
34
3
63
26
25
45
51
57
11
53
34
58
0
48
11
27
9
41
48
12
15
8
17
61
25
48
44
13
54
44
30
19
61
17
9
6
5
7
38
38
37
10
40
16
42
38
2
42
53
32
24
24
30
39
5
29
31
48
63
18
34
11
48
52
40
3
9
31
10
39
47
50
31
47
34
25
55
11
25
15
18
60
39
43
58
7
18
50
55
62
40
6
49
20
25
58
17
9
23
36
29
5
37
18
9
46
42
25
30
27
25
41
38
46
3
38
50
27
60
29
52
58
56
30
35
23
3
56
35
54
59
8
9
43
4
40
45
7
16
27
52
50
13
30
26
61
62
33
1
17
14
62
2
23
59
33
28
26
20
61
7
28
9
11
12
35
41
34
31
37
14
45
42
48
11
50
5
51
34
42
22
40
24
17
62
25
48
22
50
48
13
46
60
39
36
39
10
14
23
62
28
46
1
25
51
49
38
47
1
41
63
41
56
44
43
37
15
60
1
21
59
48
46
45
36
19
26
60
27
56
48
18
60
46
49
22
20
31
2
24
62
33
56
51
42
23
14
9
24
63
46
7
44
59
10
48
15
23
17
7
32
37
21
4
44
13
17
40
14
51
52
17
43
62
32
18
22
15
36
45
16
28
23
28
7
44
16
56
18
2
19
61
3
10
34
8
14
63
28
12
5
19
24
57
14
22
1
22
23
63
43
20
6
19
57
32
52
57
33
39
13
17
39
16
34
28
12
34
59
55
29
54
13
2
15
9
6
7
0
60
39
13
16
62
57
63
8
29
40
49
46
28
57
16
42
51
61
1
23
51
11
3
43
36
36
21
41
54
20
43
60
19
26
39
22
35
1
31
28
61
3
61
61
37
54
59
56
28
48
29
42
2
34
39
12
30
24
4
15
2
15
44
11
19
3
47
24
61
4
32
41
55
41
0
4
12
2
16
3
8
23
56
17
3
35
21
40
20
26
37
15
18
6
32
6
57
53
63
18
10
25
5
44
33
48
12
5
17
34
45
51
13
26
36
28
13
38
24
36
33
30
62
50
38
14
22
20
31
41
20
20
54
20
44
48
7
20
60
57
49
19
27
12
63
27
14
38
44
12
30
33
35
37
29
45
35
55
44
37
26
6
1
45
36
6
21
14
28
9
16
23
46
32
54
52
7
36
3
