36
15
24
41
16
32
25
20
30
34
0
10
11
1
3
34
30
13
6
47
18
36
7
8
17
25
10
33
38
10
15
36
15
33
41
17
23
18
46
10
40
0
21
28
19
34
41
34
47
46
20
1
7
13
23
32
38
42
27
46
30
44
47
7
15
37
5
44
37
14
29
44
4
6
8
9
37
0
2
14
38
7
9
35
11
39
47
32
43
40
27
5
33
34
9
23
2
9
14
38
31
9
16
19
7
47
26
4
20
13
16
26
5
39
13
19
30
31
21
41
25
39
4
23
40
16
31
3
18
3
41
15
15
34
36
2
42
27
26
33
23
7
0
21
19
26
47
8
26
25
44
47
20
47
33
20
10
42
2
24
43
15
31
12
3
30
26
33
27
17
14
19
32
42
27
6
8
45
5
20
24
30
41
18
31
46
37
46
3
6
5
9
20
42
35
11
22
30
3
35
17
28
4
39
38
39
40
4
40
33
24
2
42
26
45
6
24
14
3
42
20
46
22
3
33
26
12
33
43
3
40
47
40
4
31
43
24
5
41
42
47
31
46
41
20
26
38
5
15
38
23
23
47
27
35
3
47
36
45
13
0
18
45
45
16
27
8
4
15
26
7
12
41
18
22
16
37
36
3
8
46
47
40
20
38
18
42
31
7
31
12
15
14
9
34
46
41
40
11
36
0
43
8
33
23
22
40
21
13
38
37
20
33
0
13
38
7
37
36
3
14
2
26
29
10
28
44
42
24
38
18
18
11
31
36
42
20
19
8
32
30
27
39
24
6
20
35
33
13
43
35
15
13
20
42
32
45
4
37
7
10
2
46
25
30
26
5
7
23
3
2
25
41
32
10
2
16
0
36
39
47
36
29
40
18
35
28
23
9
19
22
25
1
10
8
31
14
31
14
10
14
1
36
1
4
3
4
20
23
39
34
25
26
10
12
15
9
10
7
24
9
47
6
27
44
11
34
5
43
4
23
3
16
22
14
15
2
42
19
17
4
6
36
10
6
38
39
1
16
26
12
12
34
25
24
14
34
1
26
34
44
22
44
10
23
43
47
3
35
37
23
43
25
3
5
31
5
11
21
2
17
29
46
16
43
18
12
2
42
14
33
17
26
4
1
26
44
1
0
35
11
12
44
36
39
8
44
40
47
32
11
35
4
19
46
35
0
40
39
45
30
17
2
18
40
23
28
20
43
18
31
38
7
8
2
9
40
42
15
44
19
43
28
45
38
5
42
33
22
12
14
9
5
36
37
41
37
34
23
32
1
30
6
0
36
12
27
22
3
22
32
37
41
40
19
46
4
44
37
16
33
45
19
15
35
35
24
42
36
30
7
10
24
47
33
34
26
30
31
33
43
16
35
39
19
3
14
45
7
22
38
5
36
11
28
16
1
37
38
28
31
12
6
47
35
39
33
5
17
41
21
44
37
4
8
9
17
18
24
35
34
29
6
46
11
32
3
12
23
9
2
26
11
38
2
25
27
21
27
32
43
14
30
40
42
13
40
32
47
6
23
33
46
39
4
21
8
4
20
16
19
17
29
33
19
16
10
36
13
14
20
8
25
26
6
27
16
0
10
31
28
41
14
4
24
25
32
32
47
43
13
11
24
12
0
11
42
37
30
15
32
5
29
20
7
3
34
1
28
16
31
31
43
25
41
6
40
25
32
5
11
15
20
19
19
29
35
5
29
36
35
19
42
15
46
11
36
28
7
12
13
3
6
16
28
12
15
42
43
17
2
4
39
3
39
11
5
18
28
20
23
46
44
44
31
17
44
13
9
11
29
40
20
7
43
8
45
19
24
22
34
32
29
37
32
24
31
19
0
32
12
24
13
33
28
19
21
1
33
26
5
46
31
20
1
18
34
6
13
37
17
16
21
1
37
38
23
10
25
0
37
44
1
18
6
10
5
26
21
17
25
41
24
35
35
45
9
39
0
24
34
24
27
22
9
42
21
18
30
47
18
45
1
24
13
26
36
29
9
42
1
37
24
11
22
29
2
23
6
10
16
17
0
29
8
14
34
0
40
17
15
9
5
43
10
37
0
34
5
42
36
7
7
40
27
3
42
46
16
29
37
35
46
30
6
41
42
45
17
28
35
29
19
11
30
41
43
17
18
25
18
29
6
36
45
1
40
15
15
45
28
38
8
44
45
25
1
27
7
17
11
25
29
11
8
10
13
45
16
29
43
10
43
30
19
13
26
22
11
3
0
0
44
26
38
7
37
19
37
37
2
41
28
41
12
18
21
39
4
12
21
45
35
19
45
8
27
36
29
4
10
15
8
47
30
27
13
35
46
13
25
6
18
8
14
28
47
35
31
5
16
31
41
32
39
4
28
22
16
43
22
10
23
46
13
4
34
14
11
30
35
12
19
17
18
32
38
38
2
40
41
17
30
22
47
33
27
21
29
21
4
44
42
44
31
10
9
44
0
39
34
4
22
16
43
41
9
19
20
45
25
46
1
21
11
25
1
12
45
45
14
22
12
28
3
14
8
11
9
39
35
43
15
36
8
29
44
27
8
45
0
38
46
37
13
40
23
21
32
16
39
22
45
31
9
34
32
41
39
46
6
7
15
25
23
35
3
16
30
29
44
29
1
33
32
26
27
44
46
34
7
40
0
17
45
25
32
39
41
23
19
28
17
24
27
21
47
29
38
14
19
12
2
13
32
47
33
28
35
18
6
7
17
47
41
5
40
26
8
27
7
18
21
5
40
46
12
0
32
9
22
29
11
38
43
22
24
42
34
18
20
7
26
41
21
21
12
22
5
44
17
30
21
2
21
27
2
6
38
10
11
46
22
6
0
22
18
30
9
20
1
21
12
32
28
19
3
23
28
29
35
27
37
47
11
23
25
13
38
22
6
24
31
27
20
26
9
2
7
7
3
3
1
28
25
10
23
28
39
28
8
18
29
28
30
17
36
13
47
42
31
0
12
34
8
1
39
40
37
12
34
46
20
36
28
23
15
41
16
46
1
15
14
32
4
33
27
41
43
32
30
22
26
17
39
2
38
40
6
14
16
5
8
2
8
31
7
14
4
45
17
24
5
29
33
47
33
1
0
8
2
21
1
10
15
32
22
4
33
20
29
20
16
31
10
23
2
44
0
25
36
29
21
6
18
4
43
45
28
11
0
13
45
37
39
10
15
33
14
9
46
15
44
43
22
35
27
26
8
21
20
23
25
12
13
27
12
31
25
2
13
44
30
45
23
17
9
40
16
9
34
43
6
14
24
44
38
14
37
39
42
35
36
21
5
1
39
24
5
14
11
22
9
13
21
27
38
24
40
5
34
2
