5
33
46
30
31
11
0
4
43
36
36
39
14
16
36
23
9
23
2
46
41
17
26
33
38
15
18
13
18
5
3
6
14
10
34
2
38
19
31
36
21
36
15
44
7
20
39
16
44
29
18
12
3
23
32
37
42
42
25
35
20
43
27
5
2
12
36
3
1
8
46
2
20
12
24
14
24
16
6
22
47
25
12
19
29
39
46
30
16
8
27
34
18
1
44
33
0
2
8
5
28
9
27
12
43
30
47
30
34
31
30
16
22
7
30
32
16
34
3
37
17
15
2
13
9
44
0
26
4
41
19
19
2
11
4
12
30
38
3
42
31
38
11
36
32
0
28
31
28
28
17
7
46
40
33
0
39
10
43
26
11
46
14
22
5
36
33
28
40
19
28
31
4
15
13
20
18
25
7
29
19
32
23
8
26
9
43
24
17
44
30
28
32
35
16
6
39
4
44
6
22
5
38
18
10
33
21
0
37
21
25
11
31
28
35
28
47
16
21
32
31
22
33
34
5
40
11
25
43
11
13
1
42
6
32
40
4
42
37
9
10
27
5
11
21
15
25
36
10
43
36
43
16
40
14
14
33
14
10
38
7
41
42
10
16
19
21
31
40
24
19
1
36
15
7
1
23
43
39
32
39
20
6
4
39
37
27
3
0
5
20
41
47
32
42
23
29
47
37
37
40
4
11
47
32
43
35
0
43
19
19
19
7
10
43
8
33
5
39
45
7
12
23
41
9
47
25
10
27
21
42
47
0
42
6
9
8
34
29
23
14
29
34
38
16
10
38
29
39
42
4
29
22
35
21
19
35
19
10
0
15
25
42
3
17
4
17
14
39
9
11
44
17
35
5
0
37
46
45
44
10
24
25
25
12
7
5
35
35
45
11
23
6
12
29
41
4
26
35
30
13
20
43
6
38
47
24
3
1
3
7
46
26
22
37
9
27
34
15
26
20
10
31
3
34
7
38
24
29
5
23
4
3
32
18
5
0
39
45
37
28
7
38
11
16
3
18
35
40
24
37
19
19
14
4
22
6
26
28
24
37
30
42
2
26
4
18
46
41
11
42
44
39
8
47
4
12
41
46
16
33
12
43
29
38
22
33
2
40
5
16
13
40
40
40
46
14
7
19
27
45
2
5
42
28
3
31
41
8
30
20
24
22
45
34
13
38
31
2
12
39
37
8
0
14
21
44
32
8
11
24
18
42
30
9
28
20
31
25
5
21
46
38
44
14
35
15
26
41
17
22
30
17
43
11
37
12
43
46
24
5
9
32
33
4
37
7
44
0
13
14
3
1
41
42
39
34
18
5
37
1
44
45
39
31
32
46
1
20
22
24
0
45
17
32
28
23
47
1
23
0
34
46
5
17
41
9
38
9
34
41
5
27
47
15
30
13
20
26
42
44
7
16
27
33
41
3
14
22
16
3
44
2
17
4
3
25
1
2
8
21
44
40
8
13
43
37
35
23
20
38
6
27
47
28
36
10
4
28
27
39
8
42
39
34
44
43
45
10
24
20
21
1
47
26
18
16
8
17
25
40
44
13
3
45
47
34
23
22
47
19
23
11
15
24
15
45
35
33
43
25
25
9
46
28
34
29
24
8
9
27
35
7
22
28
0
12
14
28
9
16
45
18
8
47
22
14
13
38
45
35
13
19
40
26
2
27
12
41
25
2
8
32
11
36
6
1
37
4
12
44
39
11
35
25
1
34
17
36
46
9
15
5
7
11
19
31
17
2
30
15
38
37
21
10
14
27
32
44
36
21
30
0
4
4
40
41
16
25
6
21
0
24
0
36
37
29
6
6
45
7
2
33
22
9
38
2
12
37
1
39
42
26
28
46
41
28
47
2
15
21
10
6
11
11
42
32
33
1
17
40
42
25
18
9
7
34
13
21
8
35
13
42
9
33
8
29
35
9
46
12
10
4
17
39
12
8
7
22
32
44
0
33
44
45
22
35
11
19
1
33
1
18
18
16
13
27
32
19
3
35
47
45
41
2
24
22
28
41
19
38
17
5
41
14
24
33
27
24
27
36
17
0
43
23
15
23
24
18
9
46
28
5
39
36
6
4
43
15
18
6
7
3
14
28
9
40
10
22
22
12
23
37
31
32
47
20
24
29
6
7
17
8
8
2
42
21
41
1
37
36
40
38
5
2
21
1
8
26
39
41
27
46
28
30
16
46
45
29
25
20
17
21
36
15
31
43
21
31
19
7
29
4
25
44
40
15
31
38
30
45
15
43
13
38
13
45
1
17
20
10
31
26
36
40
6
10
31
20
13
47
1
26
12
45
26
2
30
1
0
1
13
7
15
29
31
45
19
36
13
15
41
45
23
3
2
22
23
41
41
26
37
3
22
37
41
15
18
42
28
8
27
23
14
47
26
25
42
35
3
5
14
34
14
2
36
4
26
14
40
22
36
18
31
28
35
42
34
45
16
20
13
19
9
46
16
12
21
47
29
22
3
37
43
7
12
26
20
13
34
26
45
32
13
28
25
29
35
3
15
6
20
6
17
30
23
18
29
40
31
6
26
45
34
43
46
44
20
44
35
24
31
33
7
28
34
23
29
23
46
29
22
47
11
11
27
17
13
43
38
10
10
13
16
31
29
12
18
35
24
47
29
10
34
11
45
32
36
8
45
21
27
45
27
16
43
7
1
30
26
33
44
1
25
46
32
40
16
30
13
40
27
19
13
26
37
1
10
20
3
12
42
21
39
0
19
23
4
29
5
15
14
32
45
21
9
23
31
8
17
24
32
10
31
43
20
3
1
47
21
24
15
33
38
20
42
47
26
6
33
13
30
44
7
35
36
3
17
5
20
30
28
15
34
19
5
46
33
30
39
21
24
7
31
8
16
42
27
37
43
2
10
41
29
38
2
24
35
33
45
29
25
18
11
23
35
5
39
23
6
46
32
36
10
0
38
17
38
34
34
0
20
6
2
30
9
6
20
7
34
41
16
11
11
33
33
30
34
39
36
27
31
6
22
36
23
40
15
25
12
4
14
14
4
16
22
27
40
21
38
42
14
9
7
0
20
13
40
32
5
46
14
18
35
25
18
41
9
4
26
43
37
12
17
9
41
16
8
6
15
32
10
27
33
37
4
25
18
40
39
3
0
15
34
44
23
21
18
1
39
19
17
25
46
20
9
11
10
35
40
20
18
2
44
27
29
30
13
30
26
47
24
12
25
22
0
16
23
29
38
18
26
43
12
7
33
39
21
11
32
2
47
47
