31
20
64
23
67
42
11
31
72
47
41
76
13
4
20
0
45
55
39
41
1
23
13
68
49
40
57
33
17
65
58
15
78
2
52
4
43
21
26
39
45
71
58
70
20
77
45
28
22
22
36
45
64
42
33
52
49
69
4
64
25
77
38
33
44
74
26
9
41
27
78
3
76
22
61
0
6
49
33
36
2
37
30
60
26
7
35
20
53
56
33
19
24
2
50
77
7
5
47
66
20
49
72
16
68
63
35
4
60
33
33
59
27
29
72
15
4
44
1
1
72
65
23
53
22
37
37
35
76
33
51
9
30
60
14
34
52
29
40
32
3
68
71
40
23
16
58
36
72
39
23
19
19
76
0
54
36
23
64
45
75
4
73
71
11
31
22
37
28
69
11
6
40
61
24
24
26
47
57
49
43
27
1
16
78
2
46
26
53
63
67
69
10
37
64
54
30
75
70
79
31
46
40
52
20
50
29
18
77
36
5
17
66
58
74
41
31
73
61
8
72
4
6
30
76
38
62
44
68
12
6
49
59
29
16
79
47
10
32
48
56
4
29
24
23
40
52
46
46
24
4
68
66
1
58
24
60
6
24
33
32
1
68
30
26
62
10
70
51
47
67
65
12
56
4
8
63
63
32
52
70
40
61
26
48
0
22
70
70
31
77
67
78
28
72
28
10
29
46
44
2
3
27
14
16
8
68
37
76
41
62
0
54
48
55
3
27
12
64
46
11
6
14
31
60
73
60
9
37
30
78
73
43
71
79
10
67
50
65
54
40
17
37
9
4
79
75
36
13
70
18
54
64
70
55
25
76
38
10
61
43
23
57
7
68
44
56
19
56
42
60
41
56
59
62
46
79
61
20
3
63
4
79
61
67
54
23
77
7
79
8
69
14
0
40
36
61
66
11
66
72
33
50
74
51
46
50
76
15
16
49
36
36
38
13
48
15
79
11
11
23
50
36
54
20
5
19
3
8
64
20
46
63
8
59
25
73
65
35
11
75
29
65
45
78
21
44
51
52
12
42
26
39
73
5
79
4
25
77
25
17
39
43
33
7
28
21
65
72
4
45
26
73
44
24
63
11
57
72
63
19
57
30
17
61
42
2
58
69
38
20
22
44
67
53
38
5
33
48
29
42
20
54
49
46
78
15
38
63
65
51
22
49
66
56
69
35
30
0
11
46
41
53
9
44
25
16
78
1
34
27
7
26
8
70
3
20
60
64
36
18
21
42
46
21
42
1
53
71
19
66
22
64
28
11
73
62
9
60
52
32
44
69
71
55
62
22
79
16
22
15
29
52
35
36
15
67
44
19
13
57
34
27
57
76
1
7
0
78
60
17
47
10
54
38
60
60
14
69
10
53
32
42
13
55
15
16
58
75
43
52
53
56
57
66
28
1
7
19
44
21
72
69
6
63
35
0
36
31
67
14
57
42
74
21
59
49
51
27
28
46
11
1
0
54
74
66
53
19
46
73
17
58
32
75
54
2
8
62
28
12
71
17
66
79
57
24
21
65
29
39
36
68
43
13
75
58
10
61
13
17
23
50
22
59
11
1
25
30
57
61
77
55
36
13
39
3
26
54
74
25
23
75
27
42
48
69
34
62
18
6
13
22
46
63
6
18
61
79
7
70
17
3
41
11
67
72
39
33
63
12
36
10
77
79
6
10
53
53
12
27
9
26
16
37
37
67
37
55
56
8
54
78
16
25
19
50
74
32
42
48
2
55
74
68
18
5
35
33
44
59
67
47
18
11
73
59
38
77
75
59
34
27
42
70
48
77
18
60
53
76
14
39
79
10
52
30
59
55
16
19
73
32
0
57
15
15
23
8
13
49
14
31
49
65
39
17
13
45
14
65
8
72
12
73
3
67
13
44
47
51
19
26
50
30
31
41
12
20
35
6
58
31
1
36
28
9
18
12
38
53
34
62
2
64
46
8
12
56
1
1
38
66
37
7
72
78
9
58
26
59
5
16
71
60
49
73
18
14
50
59
64
42
16
29
38
59
45
18
2
69
64
67
7
6
8
76
79
42
67
73
12
45
43
16
3
31
58
43
28
58
1
76
39
8
63
63
10
27
57
0
24
18
37
28
77
20
40
66
76
7
20
79
13
76
35
5
21
49
43
0
12
54
49
29
33
20
40
9
70
53
78
75
74
12
56
25
32
26
69
34
33
50
69
11
10
56
25
23
66
48
70
50
62
19
74
61
15
47
30
62
10
32
32
35
21
9
12
42
78
51
64
48
22
34
64
35
73
14
52
79
43
38
61
28
55
25
56
30
40
45
24
76
57
23
9
13
53
10
25
35
66
73
61
31
66
39
18
34
28
50
2
68
71
37
43
56
77
47
59
34
41
30
75
73
74
4
47
0
51
47
2
38
40
30
39
9
40
4
3
68
49
53
7
47
52
60
49
0
53
37
74
68
30
24
8
68
7
10
21
6
78
59
17
15
58
13
15
79
63
12
53
9
51
4
35
79
52
27
65
36
39
74
69
56
57
10
5
47
43
31
76
6
44
2
68
34
74
13
18
4
51
69
44
30
76
48
41
5
75
64
78
0
71
48
0
39
44
32
50
5
24
23
71
77
75
6
21
8
41
58
52
19
70
18
16
14
71
70
1
65
0
54
7
5
43
72
24
33
21
12
64
51
66
5
34
25
47
29
45
51
8
75
32
19
75
73
35
10
39
19
47
58
44
39
71
15
20
34
76
43
9
56
6
37
79
14
2
77
9
43
43
46
35
74
6
45
38
50
21
34
14
74
57
48
61
69
1
38
58
14
41
40
41
78
58
72
16
68
31
46
34
41
7
52
59
66
22
40
5
9
29
76
34
45
14
74
5
24
22
25
63
2
69
3
54
50
65
23
28
73
27
62
14
59
55
6
27
75
37
9
28
19
42
9
8
69
71
7
19
71
4
74
45
61
63
2
3
65
47
63
52
70
40
17
48
27
55
47
29
71
18
71
48
9
63
50
74
23
27
55
38
35
39
3
2
62
5
51
67
28
51
32
68
71
55
32
11
69
66
31
13
32
59
70
20
46
18
21
2
66
72
77
54
60
51
57
40
23
64
5
75
30
67
15
51
38
68
31
17
37
3
15
16
55
41
66
24
60
21
15
33
55
75
59
49
58
39
49
17
65
18
50
55
34
7
54
36
41
52
51
28
21
78
48
54
64
6
48
31
57
3
32
72
25
69
45
60
26
24
15
41
78
62
70
17
13
77
25
21
42
14
24
29
62
55
24
17
48
26
34
29
12
78
45
29
26
49
27
61
18
3
17
64
28
34
25
38
43
33
56
44
62
29
56
22
67
