20
18
32
12
41
47
6
15
29
25
36
35
7
1
14
2
41
28
22
45
1
16
9
29
47
31
33
18
6
30
31
8
42
1
26
0
41
15
15
22
43
27
31
35
12
27
38
17
15
12
19
38
38
24
18
43
45
41
0
28
23
28
19
18
40
42
21
3
33
16
24
2
46
20
27
2
3
47
18
19
0
17
20
46
15
4
23
12
37
26
18
6
14
0
30
27
5
3
46
47
23
42
27
10
41
32
20
1
46
18
18
29
16
13
28
9
1
46
1
2
24
44
12
27
19
21
21
19
47
18
29
5
20
44
8
23
43
21
33
14
0
41
26
38
23
7
31
19
27
23
15
11
8
39
0
38
19
13
46
24
43
1
43
39
9
20
17
23
22
45
6
3
31
36
12
13
14
38
33
45
41
16
1
10
33
0
43
19
44
35
37
34
7
21
35
37
20
38
35
34
17
41
38
43
12
35
23
10
44
20
3
10
36
24
43
44
20
28
45
4
27
0
3
19
33
13
27
40
29
6
4
47
29
23
9
24
24
7
23
42
26
0
21
14
20
31
43
33
32
14
1
41
32
2
29
14
44
4
14
18
14
2
41
20
21
36
8
35
25
37
35
37
8
33
1
4
45
45
23
42
35
38
37
16
43
2
17
35
26
20
25
40
34
23
29
13
6
15
33
38
0
1
16
7
10
5
41
21
33
36
41
2
33
46
46
1
14
6
27
35
9
3
9
15
32
43
32
5
21
20
27
24
38
35
34
8
41
36
25
43
35
10
21
3
1
34
37
19
6
28
11
33
30
35
36
16
27
22
8
37
39
12
25
5
39
46
26
11
33
24
46
31
26
43
46
42
32
42
18
0
45
0
42
45
44
42
22
28
5
34
4
31
7
2
33
19
45
32
6
32
28
18
38
28
30
24
36
36
9
10
45
21
18
13
6
40
8
34
9
8
12
37
22
37
12
4
9
1
4
30
16
42
30
5
47
16
41
40
20
8
36
15
42
40
25
15
40
36
42
11
47
21
19
43
4
35
0
23
35
13
11
23
41
18
5
17
22
44
29
1
43
18
39
41
13
45
6
25
24
35
9
28
20
11
31
47
0
34
33
14
13
16
41
40
46
22
3
18
37
16
47
13
37
24
26
42
11
13
45
45
36
12
26
32
29
40
19
21
2
6
26
24
47
4
46
16
10
42
2
17
15
5
21
4
35
0
12
44
45
19
10
13
24
42
15
39
2
29
34
11
31
22
35
23
9
28
36
5
44
27
18
43
40
34
34
32
18
25
10
22
10
13
27
19
23
11
37
40
11
6
25
23
15
43
33
2
5
2
42
44
11
29
8
42
13
44
44
9
26
6
47
18
39
7
46
11
10
37
36
39
43
29
32
25
32
23
2
5
9
46
17
24
40
3
35
21
1
21
15
29
9
33
40
28
15
26
26
36
14
17
29
6
2
2
25
40
32
43
9
32
43
11
28
22
43
39
0
4
34
22
7
29
11
31
26
37
14
12
44
22
21
19
39
38
6
44
31
8
32
7
11
12
34
17
27
6
1
13
18
25
36
26
39
19
7
23
0
14
29
28
16
20
43
16
47
40
38
17
26
8
3
7
17
42
41
4
10
30
42
5
35
10
1
24
9
44
29
23
13
43
8
23
8
33
42
3
8
29
28
6
13
5
14
10
21
22
44
14
34
26
4
34
27
10
16
9
37
39
21
28
42
1
43
28
36
7
3
20
22
46
40
25
26
11
6
33
46
13
28
32
40
17
14
46
26
45
39
10
44
37
27
7
21
34
8
32
23
39
39
10
10
32
18
2
24
9
11
12
4
9
45
8
13
47
44
19
11
8
38
7
45
4
38
9
37
1
40
7
46
46
36
9
20
38
18
20
36
7
19
17
5
29
19
2
19
15
5
7
7
23
37
18
26
1
45
33
4
6
33
2
1
13
32
17
5
28
34
4
28
17
31
4
9
25
46
47
34
11
7
30
26
30
47
9
15
13
26
41
11
1
25
47
40
4
3
4
37
34
47
29
24
6
46
38
10
0
15
29
41
23
31
1
47
22
3
32
45
8
16
34
2
14
11
21
21
28
22
28
31
34
4
19
28
6
26
19
5
15
38
41
2
11
27
47
15
18
19
46
4
25
27
34
41
39
8
38
12
14
22
26
17
18
36
40
9
7
30
16
13
37
36
35
33
44
11
30
38
6
29
20
30
9
17
14
17
22
5
11
24
44
29
35
42
12
13
32
19
27
7
43
46
38
23
45
21
25
22
33
20
33
41
12
32
25
20
5
7
31
8
16
13
30
27
39
15
31
23
10
17
15
30
0
41
39
21
39
28
33
40
29
23
36
20
38
28
43
0
38
2
39
25
0
23
38
20
22
3
36
1
1
39
34
25
5
38
31
44
47
2
31
21
30
45
12
14
3
36
5
9
22
3
34
43
10
11
30
7
11
24
35
8
29
5
30
0
20
32
28
14
29
19
19
28
30
28
39
7
3
25
41
15
40
4
38
0
40
17
44
7
9
1
36
40
37
18
30
44
42
3
43
45
44
2
25
47
2
22
40
18
37
3
14
12
27
28
43
5
17
4
24
31
31
9
35
10
10
7
35
24
2
45
2
27
5
3
46
27
14
18
17
6
35
36
31
4
17
16
46
15
47
36
4
34
13
8
41
30
19
8
19
10
33
29
37
12
26
11
12
14
37
24
5
26
3
21
27
8
0
27
4
39
41
42
19
31
3
42
23
26
12
17
8
27
25
39
41
41
1
14
31
6
47
45
24
46
30
39
10
24
21
29
17
32
3
47
37
31
12
24
3
5
17
25
17
40
7
35
3
12
12
16
45
0
31
0
33
37
30
20
22
25
14
45
9
40
39
3
16
34
20
5
17
9
47
3
5
24
44
4
11
42
0
26
41
46
32
2
0
26
38
32
37
32
31
8
44
16
30
38
22
47
11
33
46
5
45
47
40
13
14
43
23
20
22
0
0
43
4
39
40
16
30
21
41
34
31
14
8
26
31
20
6
23
25
35
16
32
10
22
1
35
29
27
31
44
39
25
34
13
32
5
27
21
42
11
39
12
40
20
10
17
2
10
10
28
33
30
12
44
15
8
16
28
38
47
46
31
22
34
6
45
11
30
25
12
5
39
20
36
25
36
15
14
44
36
29
24
3
42
17
26
2
18
27
16
30
40
32
15
22
6
24
42
45
35
6
7
33
13
15
47
7
13
22
24
31
14
8
42
15
23
16
7
34
38
15
16
25
16
37
10
1
6
47
22
21
16
13
35
18
37
46
44
16
30
12
34
