28
28
38
25
52
61
12
22
33
44
61
45
10
0
18
2
52
39
26
61
0
18
13
55
60
49
60
27
15
59
41
8
33
2
50
0
51
22
29
25
33
59
49
57
29
32
54
21
23
23
19
54
37
56
19
50
58
52
1
39
16
41
28
26
55
36
24
6
62
18
56
2
43
30
56
3
4
60
27
20
1
22
27
40
29
5
23
25
51
39
27
15
16
0
47
50
7
5
40
57
27
62
50
11
55
50
28
1
45
27
27
63
18
20
37
12
1
58
2
3
53
57
25
51
30
21
23
27
42
26
53
7
26
40
13
24
48
26
60
17
1
32
38
56
21
11
40
21
53
24
21
15
13
43
3
54
24
19
40
44
42
1
33
50
13
28
23
31
17
34
10
6
38
49
25
16
16
54
62
55
54
29
2
11
47
0
55
21
40
46
48
32
8
16
59
60
26
58
47
42
31
55
56
50
20
47
31
8
56
19
6
15
61
44
37
42
30
37
56
4
53
1
6
21
43
19
51
54
55
10
6
60
63
26
11
38
44
12
17
57
39
1
24
30
24
53
48
54
48
20
0
53
61
2
54
16
42
4
16
27
17
3
55
28
24
58
13
46
51
36
55
61
9
38
0
4
40
56
17
36
43
56
62
30
52
3
23
47
58
30
35
46
32
22
33
22
8
20
54
54
1
2
29
13
11
7
34
31
43
39
37
3
52
60
39
2
18
10
59
55
14
5
10
22
45
33
42
7
30
30
41
57
53
43
45
13
52
49
40
47
41
15
31
6
2
55
57
24
11
37
14
43
35
44
58
18
41
17
10
63
34
25
40
5
32
57
39
14
46
51
40
34
39
49
34
33
50
36
27
1
52
1
33
46
53
47
21
51
5
46
4
52
9
3
60
24
45
53
12
58
53
27
54
60
35
55
61
42
12
11
44
29
29
19
10
58
8
47
13
9
25
60
21
60
29
4
13
2
4
38
29
48
32
7
43
18
37
40
29
9
61
22
59
34
51
22
54
58
48
14
39
29
24
33
5
45
1
31
47
18
14
25
52
28
5
19
20
56
43
0
33
30
35
58
21
40
12
40
53
46
13
36
26
14
59
62
1
59
43
17
20
18
50
38
63
19
6
27
63
26
62
20
54
46
55
33
12
20
46
59
58
23
55
53
53
38
28
26
3
8
56
42
48
4
48
28
10
32
3
17
28
7
29
4
43
1
23
40
34
24
14
16
61
48
22
62
3
63
43
15
57
21
59
26
14
37
37
7
42
50
27
48
39
46
32
57
27
35
11
16
10
20
63
29
19
10
63
37
15
11
46
27
28
49
49
3
5
3
33
42
14
55
12
47
23
42
50
14
46
8
48
27
51
9
39
15
10
59
59
34
48
63
38
44
57
19
2
7
15
62
20
38
34
6
32
31
0
21
23
55
13
49
39
41
28
38
63
49
17
19
35
12
3
3
51
36
55
51
15
49
44
12
46
17
42
50
1
4
36
22
13
53
15
58
50
62
30
31
40
31
31
24
32
54
11
42
41
12
44
9
15
25
47
23
38
12
2
21
26
40
59
39
39
29
9
24
1
19
63
41
19
20
33
29
62
35
37
18
36
12
7
9
20
50
52
5
8
46
34
4
46
15
2
56
14
43
43
24
19
33
9
25
15
56
34
6
9
63
51
14
16
7
17
11
31
17
33
16
36
39
4
47
32
11
18
14
60
37
31
37
60
0
36
44
32
8
5
30
22
51
59
63
61
15
13
48
62
19
60
42
61
18
20
62
38
35
32
8
42
63
41
9
24
42
12
45
26
63
51
11
15
57
30
3
38
12
10
19
7
13
55
12
23
39
56
28
14
9
54
10
62
4
58
14
44
2
44
9
48
34
49
15
30
61
26
24
62
10
28
23
7
63
28
3
31
29
7
9
10
25
61
26
37
0
43
54
6
14
46
3
2
20
55
23
6
53
45
4
41
30
49
5
11
51
45
60
45
9
9
56
49
39
60
11
22
19
49
54
14
0
40
35
38
5
6
4
43
43
62
44
44
14
41
53
10
1
22
57
52
22
59
2
35
25
6
59
36
13
17
45
3
20
15
25
20
41
16
36
57
47
5
28
36
11
59
30
4
23
63
52
3
13
55
63
29
27
25
43
7
45
48
32
34
37
9
52
21
17
21
38
18
28
49
39
13
8
35
18
21
57
35
46
54
36
15
57
54
10
41
26
36
8
17
31
27
17
7
14
59
33
53
46
50
23
19
39
30
35
9
49
43
63
31
44
23
39
16
48
26
41
52
30
49
62
24
7
11
48
9
18
21
57
35
50
28
37
25
8
18
22
45
0
52
53
31
51
34
58
61
55
26
61
29
58
53
37
1
45
2
35
44
0
31
61
24
25
6
61
0
2
32
58
51
5
45
48
40
63
2
41
20
59
61
30
16
5
37
7
8
20
6
45
49
15
10
62
11
14
56
32
14
48
7
35
1
30
37
48
18
53
29
25
37
32
34
52
12
5
44
51
21
32
4
36
0
53
27
33
11
14
0
34
34
62
26
54
34
61
5
42
47
32
3
51
60
3
25
38
17
60
5
16
25
59
41
36
7
16
4
38
49
41
13
45
15
11
9
43
56
3
58
3
32
4
5
52
59
16
27
23
14
58
34
57
5
18
19
40
22
38
35
4
43
18
13
34
45
28
12
31
13
49
63
62
25
38
10
16
19
63
53
7
39
6
17
32
12
0
57
4
35
35
32
28
41
6
36
31
40
25
27
9
59
46
63
54
34
0
17
40
10
60
52
56
45
47
35
11
45
20
55
17
54
6
48
62
57
20
53
5
7
23
35
23
33
9
47
6
30
19
22
36
1
52
1
43
47
56
24
22
44
30
34
13
50
51
6
18
42
30
7
23
15
60
6
4
44
40
4
13
33
1
37
52
60
61
0
1
40
54
59
48
58
45
12
50
29
42
61
24
45
8
58
50
7
56
49
37
19
18
60
26
24
25
2
0
36
5
39
44
16
45
31
52
43
41
31
13
37
57
24
11
17
62
46
29
49
8
20
0
57
33
41
41
42
36
46
47
21
47
6
59
26
33
10
47
16
52
28
15
16
2
8
11
51
55
57
30
42
21
8
27
38
58
38
42
41
25
47
8
44
8
49
39
31
5
51
24
61
48
49
22
16
33
60
56
46
6
50
23
38
2
22
50
18
46
34
44
29
21
12
56
32
58
44
8
10
56
18
22
62
12
21
22
57
36
20
12
50
28
17
26
10
42
58
22
28
62
30
61
8
2
9
35
29
19
17
21
47
27
47
51
36
26
35
23
40
