49
11
55
40
7
56
23
3
60
4
7
52
49
20
61
61
12
9
48
13
14
57
16
49
22
54
42
57
21
40
38
24
61
5
12
1
27
11
8
51
7
55
5
35
30
12
32
10
28
9
41
13
15
60
53
52
27
4
21
16
23
44
17
21
26
10
59
10
3
28
14
25
52
23
21
54
37
12
22
43
7
44
58
32
52
55
46
41
17
19
45
50
32
36
17
29
53
22
47
50
18
10
5
21
24
54
46
15
62
57
27
45
41
19
49
37
37
28
40
55
36
17
46
30
3
17
29
17
60
17
63
51
41
49
27
20
2
61
2
48
48
43
56
19
28
36
40
63
59
15
6
28
3
2
1
52
56
13
48
18
23
36
16
3
33
6
0
25
55
28
13
37
14
62
4
24
13
20
10
18
11
55
31
13
16
44
31
22
39
3
43
30
29
2
2
5
2
28
14
4
1
14
50
33
34
6
4
44
51
19
62
17
57
21
29
52
29
23
55
43
34
3
51
50
10
28
37
57
8
33
16
19
34
39
61
44
1
51
28
3
1
46
4
51
31
36
32
14
10
51
46
26
6
43
17
58
62
27
2
53
63
62
42
24
52
61
35
37
35
4
44
14
43
38
57
24
38
18
23
17
56
11
34
56
55
59
62
15
51
32
8
20
21
3
37
61
47
55
38
36
30
60
6
57
44
7
18
8
0
56
37
50
14
0
19
18
58
59
30
32
13
52
24
4
59
61
46
27
31
27
42
42
5
6
7
22
43
8
41
56
19
38
30
46
36
37
11
47
44
49
20
22
12
27
38
5
10
38
12
1
20
58
22
57
26
12
45
58
18
10
29
34
40
32
20
10
30
11
24
54
31
12
57
48
47
1
14
35
55
36
22
7
55
59
59
47
32
45
52
5
16
15
21
51
19
11
15
33
27
52
58
0
8
30
5
24
34
55
13
31
55
28
17
61
9
23
45
48
50
35
25
61
35
58
23
32
26
25
22
23
2
41
9
22
48
38
63
39
44
53
24
31
18
53
62
5
60
20
39
46
52
41
60
52
23
14
25
11
57
62
53
8
43
19
4
26
4
51
47
31
14
22
3
35
12
8
57
58
32
38
9
55
51
52
55
36
13
15
39
18
35
3
10
56
36
32
40
58
33
38
49
19
57
34
17
48
17
40
40
6
18
22
59
36
27
26
21
5
24
47
24
28
21
32
7
13
29
22
52
45
44
34
53
63
7
46
12
26
54
62
46
47
62
35
63
46
13
28
50
46
51
7
51
43
22
2
42
48
31
6
19
60
56
6
6
0
20
19
42
16
40
16
6
63
52
24
9
47
6
42
26
11
33
30
5
4
43
52
8
44
38
56
60
36
19
41
6
30
15
25
39
18
21
38
58
4
20
32
0
37
1
46
53
26
29
38
45
14
58
1
6
24
45
46
40
27
29
3
59
25
27
1
51
27
14
14
25
56
50
31
48
37
31
61
62
27
32
50
42
30
61
43
37
10
16
31
8
26
49
53
16
38
40
55
47
7
7
4
5
26
15
54
24
30
55
51
27
0
57
0
48
46
35
39
20
47
34
30
8
42
27
7
26
1
12
40
8
40
30
56
16
63
55
56
50
2
44
54
63
61
4
31
60
49
33
6
9
10
35
34
42
62
8
27
46
29
13
8
33
4
54
23
63
46
41
1
16
42
57
15
1
16
12
58
31
23
25
49
35
39
24
5
55
27
34
6
12
6
45
34
15
15
54
27
15
60
3
35
20
39
5
50
38
24
37
27
62
28
37
63
21
63
29
5
39
8
63
15
20
44
39
52
33
43
49
38
45
49
39
43
60
39
2
3
53
59
1
4
46
33
42
53
21
13
36
53
34
46
2
5
22
30
43
18
29
11
38
14
45
62
30
15
62
54
63
9
51
62
63
49
45
9
1
15
24
0
21
62
23
38
47
36
45
41
40
53
25
28
48
10
14
17
58
42
37
39
39
37
6
17
9
48
59
34
50
39
29
15
58
49
60
40
54
44
31
13
10
45
42
18
29
33
26
18
39
40
48
40
21
22
6
0
2
13
7
9
47
57
57
51
7
52
23
62
56
54
33
28
56
22
41
6
32
28
40
5
23
11
3
8
5
0
11
25
16
44
22
41
8
0
24
34
9
59
21
30
23
62
47
5
14
3
59
50
47
47
39
45
17
15
54
11
48
61
9
45
57
50
41
35
1
11
17
11
31
47
25
41
41
59
16
2
14
8
7
53
31
18
20
60
56
15
21
61
29
38
23
38
58
22
10
57
18
17
35
24
63
19
14
11
24
30
45
39
41
3
4
25
42
5
53
1
25
49
13
23
34
50
63
2
1
32
13
54
50
28
39
8
59
35
42
36
47
38
37
42
35
30
9
61
50
44
9
14
12
13
49
2
6
20
0
58
42
13
57
16
58
53
5
26
38
34
47
41
9
3
44
37
0
0
19
7
32
55
11
59
41
32
54
49
62
25
54
40
3
40
57
1
54
43
19
63
41
35
35
44
33
47
43
8
43
21
0
33
41
16
31
39
60
62
44
37
9
3
60
51
61
33
9
29
35
7
12
63
36
44
11
46
29
17
56
48
46
24
53
23
34
54
49
39
60
7
44
15
32
7
61
28
58
34
16
17
2
18
23
15
29
52
60
19
54
23
10
62
26
31
35
14
38
13
0
19
45
31
55
19
16
53
54
28
36
12
49
8
8
45
6
20
8
43
56
43
63
25
45
33
12
27
61
59
42
50
48
5
13
0
12
22
29
47
16
19
33
18
56
30
37
25
63
17
27
48
16
26
51
14
31
2
29
53
23
15
49
29
60
52
25
30
54
56
1
1
63
17
54
35
34
25
42
15
27
60
22
20
20
29
35
4
36
0
20
21
9
44
0
22
24
55
26
52
41
34
7
40
53
21
31
45
49
4
60
9
36
32
50
9
27
51
59
11
51
28
31
53
34
48
0
60
48
44
51
62
35
59
10
61
5
12
40
43
33
50
3
10
12
33
1
37
63
45
35
36
11
53
16
43
57
45
58
19
42
7
14
61
56
51
50
3
20
3
25
32
9
15
28
52
37
29
12
56
20
33
51
18
43
47
37
55
18
21
59
21
54
33
7
21
18
7
31
17
60
19
11
59
48
25
59
58
53
33
43
36
26
59
3
49
55
4
41
12
53
20
33
40
2
52
2
18
19
12
32
26
46
48
57
43
4
13
9
10
41
11
29
2
24
26
11
32
26
25
45
17
42
50
2
10
60
0
26
16
13
25
63
26
46
58
28
50
36
37
38
58
22
21
23
10
13
30
49
61
20
56
11
0
48
36
28
18
58
61
56
4
59
6
4
10
39
47
1
2
47
61
42
30
23
