47
10
33
34
32
47
64
73
52
48
47
15
20
47
48
45
1
44
71
1
44
49
47
43
42
16
50
66
24
1
10
44
50
2
2
52
60
9
49
7
61
61
66
49
53
50
21
4
64
13
18
60
73
57
13
6
4
21
12
56
70
22
26
33
53
23
41
39
11
12
74
55
77
1
10
42
37
44
53
34
34
44
15
71
75
38
61
33
22
13
30
1
59
45
71
36
29
69
46
48
44
15
67
56
60
17
34
0
60
49
58
7
73
6
35
62
21
30
1
25
3
75
59
16
39
37
45
70
34
28
26
19
72
57
58
27
32
11
71
59
79
67
73
66
0
21
58
16
3
44
3
18
14
33
3
21
22
30
58
16
40
63
43
2
16
40
14
37
22
17
7
65
0
56
68
72
33
44
4
11
41
16
37
79
66
48
74
32
66
63
26
23
25
75
8
8
37
74
39
19
6
33
49
21
72
77
23
60
49
5
68
36
75
8
28
58
22
11
41
79
16
71
48
17
67
58
40
16
20
9
20
58
30
26
6
79
66
10
27
24
62
38
66
53
62
35
52
63
63
57
49
57
46
4
61
75
59
79
52
9
29
47
4
52
50
11
54
47
42
63
33
14
7
44
39
43
9
56
19
15
7
30
72
20
70
73
28
29
10
37
34
46
76
70
6
42
19
69
41
18
72
28
31
22
37
38
14
62
59
53
76
39
5
51
4
29
18
78
32
15
32
3
43
27
22
61
37
31
68
68
32
45
65
57
79
64
27
18
38
46
23
74
20
64
23
71
10
21
74
29
8
71
29
51
13
14
3
58
23
14
11
69
14
54
69
20
73
9
44
78
67
9
0
47
59
70
33
68
69
40
54
27
13
30
68
51
20
29
22
77
40
49
4
66
34
52
9
67
15
35
6
29
61
39
9
56
4
6
8
41
45
56
10
74
69
9
77
67
66
36
79
9
54
74
4
68
43
11
68
11
55
8
58
0
1
55
65
23
5
34
13
77
69
5
43
5
30
56
5
76
28
17
55
28
27
78
64
35
31
48
46
13
45
53
16
34
29
23
18
65
25
77
64
78
38
25
43
21
32
46
38
16
43
73
14
32
48
59
20
72
16
60
40
1
4
11
19
26
74
78
77
34
11
68
35
62
41
65
21
70
18
40
63
55
9
66
72
75
24
61
18
32
75
54
43
19
67
9
53
65
8
21
17
6
12
17
79
24
22
38
39
52
64
34
38
79
55
34
6
45
78
64
3
0
42
57
26
76
41
60
29
76
69
56
76
47
15
75
65
69
47
25
13
3
62
26
63
39
58
32
79
40
29
2
26
7
20
57
2
51
54
70
33
69
33
42
68
33
25
13
48
67
74
73
24
23
28
21
59
19
38
28
78
19
53
54
15
52
76
22
55
31
64
12
32
65
18
73
61
46
10
66
55
17
26
62
35
35
60
33
2
14
29
25
4
3
1
24
79
62
27
8
73
61
40
47
13
0
53
53
34
43
34
59
7
49
8
0
25
66
46
7
28
24
36
49
30
11
76
77
51
70
50
71
58
60
55
16
17
49
61
30
53
59
37
44
72
50
59
78
74
26
6
57
71
24
63
73
3
17
45
54
3
67
31
28
13
36
60
38
36
13
20
15
14
1
36
49
65
32
15
1
19
28
45
7
40
57
70
51
63
68
17
26
27
2
65
77
63
53
4
41
46
51
5
7
4
51
25
19
40
67
12
8
48
75
61
74
42
20
43
6
72
7
1
62
79
30
65
11
56
66
41
69
25
31
5
9
26
14
76
53
4
68
21
23
58
24
49
42
48
0
32
21
17
36
52
75
50
17
75
10
39
53
78
63
51
42
31
35
34
52
22
15
62
3
62
63
23
4
12
18
74
66
12
10
1
39
67
61
7
42
14
3
10
17
64
55
9
49
66
19
61
78
42
67
76
2
31
45
12
54
76
79
22
71
31
54
29
30
8
14
43
18
8
6
13
72
72
3
45
29
45
58
47
59
77
67
15
44
56
8
76
50
76
21
58
62
60
5
20
62
46
77
11
20
26
42
35
14
46
36
79
18
23
72
64
32
49
22
35
56
36
46
27
19
6
70
38
54
63
27
61
47
63
59
21
7
73
25
72
74
15
30
42
38
45
1
65
49
12
8
19
1
39
14
7
56
40
39
8
16
5
78
50
41
5
15
69
50
25
30
8
78
24
38
74
16
64
54
20
44
23
44
68
18
11
55
27
37
12
51
3
77
41
43
28
56
78
57
3
21
60
55
24
78
74
21
60
60
76
43
52
28
35
54
31
17
7
37
37
19
20
2
54
0
32
79
52
19
77
55
52
64
25
43
29
64
18
32
51
58
38
41
35
68
73
60
78
50
18
36
51
65
8
65
17
26
44
9
59
27
53
41
74
58
2
52
16
27
62
57
77
16
47
2
71
37
32
14
38
8
61
69
13
5
26
45
41
7
47
50
36
57
32
22
61
10
78
18
77
19
73
11
31
69
64
61
44
24
14
56
66
6
68
6
45
69
46
39
4
38
41
58
22
35
72
23
1
64
44
42
20
1
77
22
7
56
75
13
37
24
40
0
59
51
43
35
12
42
34
54
27
23
41
3
41
25
48
57
47
71
21
39
12
67
70
22
18
72
28
50
57
63
28
65
13
24
71
67
72
10
70
48
9
48
51
43
5
49
25
64
10
28
0
31
51
11
0
31
48
38
54
25
76
46
27
49
70
24
46
67
54
76
33
33
0
45
46
30
7
37
69
15
2
23
79
55
71
6
31
62
44
64
0
5
19
55
39
22
5
73
11
0
51
17
14
14
75
30
40
79
62
48
42
68
48
54
36
53
71
9
33
76
68
12
36
33
36
31
52
69
65
36
70
41
29
69
16
79
78
77
26
2
58
45
59
68
77
30
41
31
76
25
52
24
11
24
3
54
34
38
71
58
43
52
1
75
5
27
50
39
75
52
16
13
79
48
63
12
15
57
69
2
4
2
63
71
35
23
9
42
2
53
26
60
72
67
36
51
40
46
47
66
70
57
0
73
26
56
74
40
61
71
65
17
30
13
10
24
60
31
5
29
39
12
4
39
29
36
4
12
37
27
75
56
56
28
57
37
66
36
10
15
55
18
34
72
35
6
23
28
9
27
19
10
55
53
62
59
47
33
51
50
50
17
20
35
73
75
63
49
70
78
48
50
70
73
31
67
33
73
12
45
37
75
6
