5
52
27
49
60
43
55
10
60
24
39
27
40
9
44
8
3
62
36
2
48
6
34
19
51
20
8
21
16
30
49
1
22
22
10
17
63
31
36
18
25
60
23
22
19
46
63
33
37
15
34
5
61
26
4
58
12
29
17
25
15
42
34
27
43
35
14
63
42
59
12
44
15
59
31
49
24
12
14
23
33
52
7
13
39
18
16
39
11
33
0
23
15
47
9
48
57
23
36
9
43
45
46
51
26
3
4
20
26
47
61
51
3
30
20
50
47
44
59
29
28
7
11
55
0
6
2
57
50
45
39
32
17
59
6
2
40
62
38
34
37
28
63
5
29
7
54
55
44
52
56
1
8
29
21
54
47
41
40
55
48
50
20
13
18
38
27
53
53
61
40
5
11
55
25
56
62
31
3
37
35
41
35
56
13
16
53
14
58
7
10
32
33
57
1
46
24
30
19
42
