49
16
44
15
50
24
5
39
33
7
53
7
58
35
5
54
50
36
27
27
17
17
31
22
37
0
40
40
45
7
32
6
35
24
33
58
59
3
11
41
18
9
60
16
8
61
29
38
29
6
62
28
58
15
22
24
19
7
31
17
54
30
62
37
3
58
47
54
59
24
22
51
17
60
46
27
42
7
12
61
56
15
16
15
29
14
18
32
31
13
42
37
29
45
22
34
1
8
56
40
52
51
7
12
54
27
11
21
52
16
49
4
19
0
47
16
33
18
33
6
47
37
46
31
49
32
25
32
41
36
60
39
34
15
5
43
40
30
29
39
47
24
50
44
59
63
46
17
13
2
58
58
20
15
8
32
57
37
42
26
25
48
14
51
39
6
24
54
55
38
10
9
10
11
39
26
48
63
43
4
42
36
9
13
51
22
40
47
24
21
39
48
44
11
12
42
19
37
0
15
56
19
63
36
31
7
40
12
62
1
45
54
5
61
42
46
20
50
42
21
56
43
23
37
17
6
38
28
32
61
41
6
8
15
23
61
7
45
18
7
22
53
55
6
57
5
38
20
40
23
63
21
18
44
54
59
45
59
9
28
61
32
12
16
25
17
35
5
32
14
35
17
17
7
35
25
18
35
36
49
56
35
0
20
44
32
41
36
33
41
6
16
23
31
57
3
62
46
44
58
11
35
57
7
63
28
29
35
6
16
37
31
51
51
38
22
52
5
26
0
5
25
44
51
4
2
23
61
40
20
23
53
40
52
25
30
58
17
46
2
53
11
55
51
31
47
28
28
18
5
22
36
3
37
50
23
30
63
55
13
0
50
20
2
31
32
0
62
50
29
55
19
62
37
12
24
44
29
58
19
10
59
19
6
60
24
10
56
28
48
10
60
50
30
15
57
53
1
25
43
51
13
7
26
32
62
46
3
18
60
61
54
3
54
3
30
4
58
9
49
12
37
58
9
19
56
21
51
48
59
12
38
61
41
52
43
5
60
49
38
16
49
20
6
42
31
54
42
52
10
32
23
61
13
15
45
23
2
35
0
28
0
3
56
48
60
56
3
9
29
33
8
61
25
48
24
43
29
55
19
25
25
47
56
3
19
54
32
39
25
52
0
0
52
47
27
18
8
21
47
27
9
10
31
20
57
60
59
37
53
6
45
0
50
19
11
60
6
38
59
8
44
16
63
49
34
50
29
46
22
5
6
22
32
37
39
48
60
2
46
60
21
19
11
45
51
21
27
63
17
60
45
45
63
43
55
49
14
43
35
52
41
41
52
43
47
54
49
53
17
38
10
49
3
56
16
59
30
15
62
62
20
15
47
11
62
39
61
13
53
14
1
31
30
36
50
29
46
49
27
55
25
49
18
14
20
28
7
32
35
12
8
1
6
41
59
2
20
52
49
49
39
58
40
7
24
30
7
58
28
55
2
47
40
18
42
41
43
0
34
23
32
28
11
51
0
29
41
26
62
34
1
10
57
38
1
10
58
14
11
43
35
8
33
4
27
2
21
44
15
27
13
4
53
33
22
16
31
9
28
46
56
8
21
61
7
44
31
20
30
40
26
57
5
14
59
50
17
6
19
27
28
23
22
9
17
44
41
4
8
21
38
59
32
8
8
14
35
50
50
19
3
0
2
53
53
36
54
39
44
44
3
62
1
56
2
46
26
47
3
54
5
37
40
41
61
3
62
7
25
39
20
10
11
36
63
12
37
40
12
38
63
13
30
39
41
38
19
27
32
10
55
57
36
50
47
19
28
14
37
4
39
16
53
24
45
57
51
28
55
50
42
2
1
56
52
55
22
34
36
2
21
26
41
30
13
56
11
38
55
50
19
53
6
39
0
63
23
5
29
43
18
34
20
26
27
31
51
4
39
5
19
25
47
14
34
43
51
19
28
60
7
38
37
21
61
34
42
4
62
39
57
26
8
26
59
9
11
20
33
19
21
42
24
18
31
48
17
35
18
47
30
1
48
8
22
31
27
28
37
39
49
48
33
0
35
13
10
57
3
55
13
26
12
57
30
33
10
9
17
36
36
45
9
10
12
60
43
13
35
27
21
61
59
3
63
52
11
15
59
24
63
30
41
54
4
21
48
55
9
22
16
46
53
30
43
22
34
22
33
16
24
2
23
25
31
29
21
13
17
47
18
36
51
48
33
26
41
6
54
30
55
42
29
11
10
62
9
29
29
23
2
63
21
57
1
14
13
9
22
34
21
31
24
62
51
39
16
27
4
8
26
36
10
30
30
1
18
56
12
1
51
38
40
11
1
35
10
34
8
2
39
52
40
7
46
14
58
6
4
52
17
30
3
14
26
33
24
1
57
33
25
3
43
61
44
49
45
55
56
24
59
42
48
51
10
30
20
28
58
17
5
59
29
4
37
13
37
14
1
29
16
0
26
29
15
6
44
24
4
12
15
13
42
8
63
60
3
5
18
21
43
40
4
25
10
20
17
57
56
51
57
51
3
12
54
10
34
62
23
32
4
54
25
36
14
16
28
45
52
33
9
28
59
16
18
60
45
45
10
2
38
33
53
9
56
34
26
6
19
63
47
23
34
11
25
55
54
22
45
58
8
20
13
21
2
45
22
47
15
50
25
51
23
15
38
5
47
55
35
39
12
26
52
45
62
1
62
18
13
40
39
12
42
44
32
7
34
42
25
41
53
63
23
2
54
47
61
1
56
48
48
33
15
27
26
60
27
15
40
37
12
34
11
22
11
4
52
13
53
46
48
43
52
1
53
26
26
44
59
38
15
58
26
55
47
36
55
42
0
43
53
7
46
27
45
12
14
35
14
46
60
14
44
50
14
18
34
32
37
50
8
60
13
34
61
20
53
45
47
20
6
35
52
49
41
63
46
20
0
2
24
38
59
58
40
35
29
0
38
42
58
36
22
9
61
17
53
16
5
40
5
48
35
24
49
40
49
51
15
62
62
21
38
27
47
47
42
9
54
44
49
31
5
2
33
43
4
4
7
39
1
30
14
33
13
56
52
54
34
12
60
57
19
40
24
56
57
63
62
23
43
17
55
43
33
27
9
9
3
36
44
63
16
19
55
50
36
12
62
32
23
4
48
18
57
44
61
23
11
36
32
8
53
27
46
23
60
34
0
28
25
58
50
48
57
23
45
43
52
41
4
31
48
27
42
48
46
31
63
7
34
61
18
11
57
16
2
41
59
15
8
3
58
11
31
28
59
5
20
14
49
1
1
