32
27
40
32
29
58
25
0
58
29
21
7
61
36
14
41
51
20
57
5
48
21
42
42
56
18
6
44
30
6
2
20
30
59
58
61
19
51
18
50
60
44
15
57
36
40
2
32
52
23
13
47
16
26
42
26
62
22
14
60
10
13
39
52
27
11
7
34
38
37
33
9
3
63
12
25
39
9
60
52
3
35
10
28
45
57
17
22
16
19
8
8
55
12
47
4
9
43
23
21
54
4
61
41
35
62
59
47
25
34
56
25
52
41
24
39
37
33
35
53
23
11
54
34
31
43
48
22
49
1
18
47
63
51
30
49
7
28
24
31
55
15
53
50
31
63
26
11
0
19
3
13
26
38
1
19
17
5
15
36
63
50
45
0
14
43
57
59
54
7
3
4
46
37
45
17
55
17
1
45
10
5
28
49
46
33
28
38
