30
1
42
26
13
33
34
13
36
16
4
40
11
7
41
23
38
0
22
35
47
10
25
1
26
8
25
14
2
30
16
18
6
12
36
1
35
22
19
33
37
25
37
34
6
16
30
1
19
2
44
17
29
35
13
22
27
23
15
7
18
21
21
32
39
16
44
19
4
38
4
34
30
4
8
23
14
21
25
19
27
37
32
38
22
0
1
4
38
15
38
20
10
13
0
14
22
15
32
42
26
20
27
5
44
16
36
41
34
31
11
28
43
40
36
10
26
34
11
8
39
46
5
47
46
9
6
31
3
2
30
27
28
0
21
37
24
11
35
38
43
41
34
30
34
43
11
39
26
46
34
44
22
40
10
5
33
13
47
30
20
31
17
7
2
32
11
14
21
11
47
20
34
19
26
31
17
18
14
42
30
11
39
46
16
28
38
43
36
7
31
14
18
16
10
26
27
45
10
6
2
43
12
47
3
43
29
15
24
10
32
31
28
19
35
15
32
8
33
5
22
2
42
17
18
45
0
21
15
44
23
40
2
13
24
10
27
41
23
12
4
26
7
17
20
32
28
37
15
6
19
25
33
30
40
38
38
47
47
28
5
32
3
40
21
14
38
15
39
21
10
27
42
41
28
34
6
40
38
44
12
15
0
21
47
39
37
17
46
36
22
15
6
25
24
13
28
31
13
19
1
36
1
17
33
26
22
33
16
29
46
27
7
21
7
17
29
12
7
10
24
33
8
25
47
18
36
35
18
20
36
24
8
5
1
13
38
32
3
40
14
16
42
1
24
4
39
15
28
40
23
32
44
15
45
12
1
11
4
1
6
5
3
33
46
9
20
32
1
16
39
45
3
8
45
12
43
7
35
37
6
23
14
14
11
29
21
20
47
13
43
14
32
5
4
32
29
46
11
17
37
44
24
14
44
5
42
45
44
9
46
39
18
14
35
32
36
4
18
23
6
10
13
13
22
22
3
28
43
16
6
4
2
1
6
27
30
11
20
7
38
16
47
2
26
2
32
20
27
41
11
13
30
15
4
2
9
41
43
11
31
38
18
23
8
34
9
38
27
6
30
0
17
21
26
23
45
44
20
12
6
44
43
10
40
41
9
14
19
16
10
31
20
39
2
30
22
28
17
34
37
34
32
22
29
45
8
26
4
4
27
38
18
6
39
6
8
20
43
14
11
21
19
7
35
23
19
3
46
3
46
28
31
34
34
35
46
0
18
18
20
47
9
35
27
43
6
0
35
1
47
29
12
9
0
46
17
39
29
46
2
45
24
7
1
8
21
44
30
47
18
18
47
25
9
20
23
14
1
32
41
40
38
37
23
20
19
33
11
7
38
15
45
0
41
37
36
1
21
22
22
21
23
42
45
36
18
5
19
19
19
10
6
42
46
0
12
22
11
35
44
21
43
32
18
21
37
29
20
20
17
33
26
47
16
46
30
22
27
45
2
24
19
11
43
41
10
5
2
24
42
11
0
17
41
30
42
21
9
42
14
45
44
18
12
31
47
42
46
30
30
24
20
27
14
43
2
25
16
15
2
39
37
42
15
42
31
27
20
2
30
21
22
37
32
0
16
12
36
45
17
24
39
1
26
24
24
0
27
39
31
37
31
21
2
37
26
10
5
40
28
47
28
36
43
39
4
29
46
7
3
45
4
1
25
16
14
32
27
18
4
26
2
7
12
41
14
42
16
6
27
46
41
43
5
36
24
21
25
21
15
46
40
18
11
5
15
24
3
33
9
35
31
26
25
5
25
13
45
24
0
19
43
37
28
34
7
34
9
35
23
5
10
30
40
35
33
25
33
46
40
15
28
34
12
5
18
34
15
17
29
9
24
13
47
13
38
34
31
28
14
1
31
10
7
19
41
10
29
31
10
47
29
21
12
14
12
45
42
35
31
26
8
13
8
10
44
31
42
19
37
13
7
20
41
3
9
37
28
16
44
35
3
16
38
20
23
43
3
36
8
5
14
9
37
23
1
39
42
20
1
20
3
32
19
8
17
30
17
39
42
43
14
38
15
30
13
34
22
6
11
31
45
0
15
33
39
25
4
30
41
40
30
35
14
30
41
25
33
20
16
12
21
10
7
29
32
38
35
39
6
4
27
19
29
10
18
43
28
1
19
30
22
34
12
3
8
26
34
3
44
29
18
43
5
8
31
10
2
7
45
9
6
11
22
28
13
46
39
9
26
34
34
42
33
27
29
5
23
5
35
8
13
32
0
45
2
44
12
12
39
27
47
18
28
7
26
16
22
16
24
7
23
35
46
35
1
43
32
33
47
9
21
29
23
43
28
29
22
44
15
29
40
43
36
37
22
37
11
4
47
6
39
0
31
9
11
41
33
8
47
0
45
36
8
14
47
14
33
18
14
6
35
46
7
17
47
30
2
29
37
4
19
28
11
30
1
3
29
17
1
24
23
40
30
41
23
13
6
45
17
24
41
12
2
22
10
7
3
23
42
38
5
15
35
31
11
20
32
43
26
35
19
26
6
19
28
38
40
10
10
37
32
45
39
15
12
44
8
24
31
23
41
3
44
19
7
44
29
9
12
46
46
42
40
38
22
38
0
8
8
0
33
8
3
11
41
13
5
17
8
35
7
36
17
41
0
25
15
40
29
18
37
44
41
36
11
13
24
8
46
19
17
39
40
24
35
28
25
5
2
26
38
11
17
20
37
26
33
18
17
28
20
3
5
36
2
25
16
25
29
5
11
21
25
5
36
36
42
40
8
29
17
22
40
45
35
44
32
4
47
36
3
23
34
44
23
45
9
46
18
20
22
41
36
6
28
41
29
35
13
35
26
25
36
24
43
25
42
13
25
13
21
12
23
44
6
4
44
33
45
12
41
17
34
2
37
4
27
39
34
38
19
18
0
37
42
20
0
10
2
3
9
36
0
12
33
13
31
25
44
26
16
5
13
34
45
36
0
24
16
28
9
25
3
41
26
40
3
27
40
15
40
4
27
31
42
39
9
1
37
15
3
47
3
46
1
26
9
33
44
24
23
47
39
43
4
4
39
25
17
29
14
12
31
42
32
24
0
23
38
12
33
29
5
33
16
31
40
32
3
8
16
21
8
4
32
19
7
10
45
42
8
27
17
13
28
4
9
5
7
22
33
40
23
16
6
25
9
38
46
2
0
47
27
45
36
7
27
25
27
15
22
12
1
33
41
9
9
