32
25
11
20
23
11
40
22
33
34
37
5
14
45
1
45
40
5
34
30
2
47
6
26
34
37
26
6
1
15
33
9
12
42
33
7
33
27
2
5
13
6
15
11
5
37
3
17
11
19
25
37
37
46
2
25
43
24
26
27
12
40
18
25
13
42
31
38
33
33
15
0
32
23
16
35
26
35
34
46
29
9
37
26
20
29
18
18
24
5
41
16
35
31
20
5
23
21
8
11
10
36
35
26
5
1
38
37
25
25
28
12
39
9
38
33
7
32
46
17
42
42
10
44
39
47
44
36
44
38
25
27
30
5
8
11
27
5
36
34
4
34
15
9
14
43
22
7
16
26
30
16
44
13
17
15
4
29
19
18
6
25
14
22
9
44
15
7
15
13
11
31
21
31
45
16
35
0
26
20
9
24
22
27
46
5
26
45
0
34
12
37
26
14
47
40
19
7
21
36
12
25
36
32
8
8
24
1
47
30
17
2
23
13
43
12
9
14
31
29
44
23
2
45
42
37
39
6
37
18
23
18
30
44
4
19
32
3
29
2
21
38
30
42
1
2
47
38
15
26
3
6
43
43
41
29
29
13
43
17
46
43
16
18
21
27
19
38
31
35
35
22
7
11
40
46
1
9
13
15
8
19
22
11
13
37
6
42
20
14
10
44
27
47
18
24
40
23
7
47
29
10
2
21
1
27
28
0
46
17
7
42
15
43
28
14
45
13
24
19
41
36
14
46
2
47
36
14
44
23
28
39
37
20
25
39
4
5
39
46
3
35
40
8
12
5
31
46
44
9
12
5
8
12
16
44
35
39
17
33
2
5
23
27
15
19
44
43
25
28
1
7
14
12
24
38
44
29
47
17
4
3
17
39
24
16
41
16
9
32
37
0
7
44
16
40
24
6
45
41
40
32
39
1
5
46
2
14
44
32
12
7
26
3
29
43
13
27
7
22
5
9
45
29
21
13
5
47
0
27
34
33
23
37
44
22
3
32
17
11
20
18
8
6
22
17
35
11
46
29
34
33
1
28
33
8
19
15
16
24
28
10
32
33
42
5
40
7
46
8
18
35
35
36
5
20
40
30
27
42
43
44
4
25
0
44
30
27
10
45
27
3
8
40
0
9
29
19
41
25
3
0
11
30
28
23
4
25
45
27
40
6
37
28
41
0
26
8
7
15
31
16
40
23
39
15
10
1
23
7
3
37
6
4
45
12
0
47
1
34
26
23
16
6
33
4
26
16
13
7
19
38
35
21
36
36
17
36
22
13
20
23
23
12
15
47
45
3
39
1
21
24
17
3
10
14
19
4
34
33
44
10
10
25
26
21
16
16
11
36
2
21
40
30
26
24
23
21
47
47
30
24
47
14
21
32
4
0
1
43
35
35
22
4
13
17
1
2
41
30
11
40
3
10
17
46
2
31
20
41
8
26
35
32
9
11
8
28
28
10
37
42
12
31
22
10
8
1
20
47
22
17
42
18
16
41
2
30
0
8
19
43
45
43
19
3
4
26
8
2
12
3
10
30
3
39
32
2
25
6
46
22
28
9
10
13
16
6
12
23
25
41
47
22
0
38
19
5
29
23
28
14
4
4
24
25
8
20
39
36
31
47
8
7
44
11
30
46
30
18
39
12
19
28
35
13
39
41
22
33
47
24
42
40
18
1
16
8
45
37
14
6
6
32
18
33
30
33
11
19
29
11
37
26
14
16
30
37
7
41
38
0
7
32
19
47
32
35
45
5
34
43
40
23
9
40
22
14
11
39
28
46
21
33
46
8
28
1
41
24
5
2
47
8
39
12
29
5
43
45
21
17
36
41
1
22
45
43
20
32
21
2
7
12
31
44
41
6
26
20
32
16
38
7
0
28
41
45
21
45
4
1
47
17
43
27
18
5
31
47
9
4
1
34
5
38
16
11
37
35
25
10
35
2
0
22
31
46
36
36
25
24
23
22
14
36
22
38
21
15
20
6
20
31
43
27
14
19
27
6
29
13
45
0
13
22
3
39
4
10
43
4
11
34
3
34
27
15
32
0
28
27
42
40
41
21
34
6
45
44
0
9
2
31
9
36
8
31
6
31
29
39
7
43
13
21
18
41
2
32
15
47
0
10
34
29
14
5
28
38
46
28
17
10
12
12
43
15
41
13
35
20
0
47
38
44
24
13
33
11
45
25
31
23
7
29
25
28
10
21
0
42
22
10
42
27
35
47
30
26
13
20
39
23
3
42
39
40
5
3
29
9
11
17
4
23
35
31
6
32
0
23
30
12
45
29
22
9
16
21
9
20
9
2
37
18
10
4
38
30
16
23
5
35
2
10
3
40
2
28
40
12
13
41
19
33
41
4
14
10
24
35
38
39
9
8
15
34
25
32
15
25
0
26
34
38
18
29
33
21
33
17
45
45
14
43
14
32
22
21
38
9
9
8
10
27
46
4
26
13
24
33
22
25
46
3
42
44
15
21
44
36
14
46
12
40
32
42
9
41
18
21
27
35
28
28
46
18
42
39
10
35
22
47
18
42
1
31
14
3
46
0
42
41
30
31
32
26
45
14
19
34
30
14
18
31
41
28
38
24
20
9
42
35
11
41
19
18
29
11
8
29
29
30
29
35
45
34
38
11
4
44
36
19
9
42
23
43
11
7
9
38
38
42
36
44
27
1
19
20
6
15
4
7
10
7
14
46
8
44
18
31
33
27
16
25
2
16
28
43
19
13
34
17
30
9
2
0
1
39
16
17
37
17
24
35
11
12
37
30
45
17
13
1
17
11
36
19
3
10
34
37
8
11
18
43
4
26
38
34
3
20
47
43
31
14
13
4
13
32
3
33
28
29
24
7
26
20
6
33
3
46
27
34
34
41
21
10
8
43
33
37
40
24
31
37
19
18
22
13
39
38
36
34
22
42
3
15
45
43
43
17
17
29
26
12
17
8
20
25
42
6
5
1
41
19
41
24
44
47
30
47
12
1
20
32
28
21
39
15
34
39
42
44
35
40
18
28
7
2
23
46
37
36
6
36
40
4
25
31
16
5
6
21
4
15
38
29
33
27
23
0
22
18
46
41
12
37
24
30
36
34
26
6
39
47
1
15
32
39
35
44
7
26
23
36
23
19
24
26
13
40
45
14
21
27
40
36
25
23
2
15
30
42
16
42
34
31
40
24
29
3
27
36
15
17
27
38
31
6
1
19
20
32
1
12
37
41
24
20
31
11
39
3
17
46
12
2
5
6
15
20
36
38
25
0
20
0
33
7
28
16
4
18
32
33
30
10
20
19
38
