61
37
14
16
24
10
56
26
36
49
40
4
24
42
1
45
56
4
38
34
2
52
11
56
37
46
56
11
1
24
63
13
18
41
50
13
36
42
3
4
31
11
29
15
4
63
7
22
9
23
32
47
39
52
2
53
47
62
47
47
31
50
20
56
31
50
43
39
36
62
25
1
42
20
17
49
60
38
59
37
48
10
39
60
19
55
26
26
32
5
55
17
62
43
22
4
20
21
15
9
12
44
32
47
4
1
39
63
50
41
35
16
58
8
39
35
12
59
52
16
54
42
9
33
50
37
50
60
52
38
50
33
54
4
9
8
41
5
35
36
6
37
20
13
28
45
29
13
17
61
32
17
35
27
21
25
5
57
19
30
11
45
27
29
10
45
16
8
17
30
14
61
21
39
62
29
38
1
41
28
13
57
29
44
41
4
60
62
0
36
25
46
40
24
60
61
23
8
19
38
27
47
60
51
9
14
49
1
46
62
20
2
31
23
42
25
10
25
44
54
37
24
2
58
40
33
54
11
47
26
31
26
55
56
6
22
55
7
58
1
21
63
32
44
3
3
60
59
24
56
6
11
34
62
38
32
55
31
51
20
53
52
17
31
21
39
22
38
48
62
32
30
12
14
44
38
2
15
27
25
14
23
17
9
27
35
11
52
28
22
9
35
44
59
26
63
56
21
13
46
57
8
3
18
2
50
39
2
53
20
13
41
24
53
51
17
63
31
55
19
58
61
25
46
2
33
38
18
36
24
34
59
63
22
32
59
5
5
61
53
7
42
51
15
16
5
44
61
37
15
25
5
15
27
18
33
54
50
21
50
1
4
24
44
23
23
36
53
43
57
2
12
24
27
63
54
36
34
57
20
6
6
21
40
48
17
49
17
10
57
35
1
13
37
18
58
55
11
57
48
58
33
58
2
5
52
1
22
52
45
25
12
60
7
55
52
16
42
12
19
4
10
62
34
20
24
4
45
1
47
36
59
24
40
33
29
7
61
28
9
28
30
15
14
17
23
40
10
43
62
59
33
1
58
40
14
22
26
18
62
35
9
32
50
51
5
51
14
53
14
28
48
33
38
4
21
58
39
44
51
36
49
6
41
0
57
46
42
12
60
44
7
14
35
0
13
35
20
47
57
4
0
13
50
57
29
6
45
53
33
63
11
46
39
37
1
63
15
13
25
48
16
63
20
40
29
13
3
31
8
5
34
11
7
40
16
1
49
1
58
63
31
17
11
52
6
53
20
28
12
20
54
59
30
51
34
16
51
27
19
24
24
21
25
24
61
45
7
63
3
26
36
21
7
8
24
23
6
36
59
50
12
12
45
55
23
18
16
8
44
2
21
45
59
42
57
24
19
60
52
56
43
57
25
16
33
6
0
3
53
37
49
27
6
31
18
2
3
39
53
9
56
7
8
22
52
2
48
21
47
15
58
54
44
14
8
15
59
50
10
59
41
31
61
27
12
14
1
29
53
30
21
40
26
17
42
3
34
0
15
22
50
63
46
22
5
5
52
14
2
28
7
13
61
4
60
46
3
55
11
46
17
58
10
8
29
18
11
23
20
49
45
56
27
0
54
23
4
53
23
35
27
7
5
43
44
15
21
42
55
60
34
15
12
38
10
56
41
54
28
61
31
23
39
38
29
50
48
28
37
56
49
63
51
19
2
28
15
57
39
30
10
11
62
27
37
62
36
9
20
34
8
41
55
26
18
61
39
13
47
34
3
13
32
20
52
49
49
40
4
49
42
45
29
10
63
31
24
9
40
33
43
21
48
41
15
57
3
51
37
4
3
49
13
59
31
55
5
63
43
30
21
46
56
2
30
53
55
25
55
23
3
13
19
47
50
37
11
45
29
61
17
54
12
0
58
61
62
26
40
6
2
49
18
52
33
29
5
48
51
14
7
2
59
5
35
18
9
41
56
47
9
45
1
0
26
34
41
44
60
49
34
29
30
22
46
28
38
17
18
17
8
25
37
34
50
25
22
54
10
48
26
60
0
30
27
6
54
6
14
53
6
12
46
6
49
32
27
52
0
57
33
34
57
47
26
36
8
60
61
0
10
3
47
10
35
15
43
8
47
44
40
12
49
31
17
20
43
3
54
20
45
0
12
36
48
18
5
32
59
53
58
21
9
27
25
53
20
59
25
37
19
0
38
54
37
56
31
48
8
42
43
39
26
13
63
48
42
8
30
1
34
29
14
41
33
36
49
53
51
28
21
42
24
4
41
51
44
4
6
58
10
12
22
5
29
32
32
11
46
1
26
32
16
43
35
30
15
18
19
14
27
14
3
40
27
13
5
38
50
17
29
5
56
3
13
5
55
1
35
58
25
27
40
22
48
56
5
22
12
43
54
38
43
10
15
19
62
56
32
29
43
3
43
50
54
26
44
58
19
61
31
38
62
25
50
28
60
30
27
42
14
10
15
12
41
52
7
57
23
60
36
27
41
52
6
40
33
16
23
36
60
28
43
30
61
61
36
10
37
20
30
47
62
33
57
38
29
40
55
8
63
31
51
30
41
1
35
28
6
52
1
51
42
55
47
44
57
60
24
16
46
61
23
30
39
57
60
37
43
22
14
51
43
12
51
23
24
34
8
15
40
55
32
34
55
45
32
63
10
7
38
46
23
9
51
26
36
9
12
10
35
49
32
35
37
33
2
23
26
11
18
6
13
9
13
28
53
14
42
26
58
33
57
18
32
1
18
35
49
19
30
58
17
58
10
3
0
0
40
18
29
39
16
56
46
9
16
35
48
62
18
26
0
31
12
42
19
7
8
62
46
15
11
16
45
6
48
39
49
7
21
43
51
37
28
26
7
28
48
7
62
53
56
43
9
56
19
8
61
5
41
45
42
59
39
20
8
15
53
36
38
57
55
54
40
19
30
17
30
63
54
44
49
27
36
7
27
46
59
39
16
22
55
53
16
22
15
22
33
41
11
4
0
37
23
45
62
33
46
59
61
19
3
25
45
35
21
59
25
46
54
44
48
50
46
21
57
9
2
22
52
39
45
11
38
63
6
59
54
17
4
11
19
7
23
54
62
38
55
31
0
28
26
41
48
16
33
48
32
38
58
58
11
52
52
3
25
61
40
45
61
14
43
31
44
20
19
62
47
30
59
41
28
22
34
44
35
47
29
3
25
49
51
18
44
58
41
51
34
42
6
33
51
16
16
47
54
34
9
2
22
24
42
0
31
39
53
63
21
47
14
43
7
23
39
19
2
4
11
17
29
60
34
46
0
19
0
37
13
35
18
7
30
42
48
32
8
28
19
47
