26
21
12
18
15
9
28
30
1
28
30
18
20
2
13
14
6
0
16
8
2
27
6
4
0
0
18
1
21
6
18
2
26
17
4
20
10
15
9
9
13
13
11
2
8
27
24
29
19
25
8
3
7
20
15
1
12
28
10
23
19
0
22
23
25
20
27
0
26
16
13
27
27
8
22
10
25
15
20
10
31
1
25
30
21
18
24
29
15
21
24
27
26
15
14
3
27
12
26
4
23
31
29
11
24
15
11
15
26
18
5
22
7
16
17
22
13
25
5
4
26
2
20
5
16
30
13
25
16
14
25
14
21
11
23
29
29
1
10
3
11
30
21
19
15
22
0
28
26
10
24
14
4
17
1
18
29
20
14
7
10
29
18
6
29
12
11
10
28
2
20
28
0
30
1
25
2
3
26
23
8
28
28
5
25
14
13
6
17
24
3
2
26
6
17
3
14
9
7
29
11
16
31
17
19
20
7
19
7
10
13
15
15
29
14
7
6
27
30
4
13
24
4
24
27
16
6
14
15
20
25
5
25
21
5
0
24
3
26
15
29
2
1
19
20
12
9
31
12
25
4
7
3
7
5
0
13
16
28
27
11
9
23
7
28
1
12
27
19
9
10
2
19
4
1
9
14
13
8
16
18
11
26
5
18
5
4
6
15
16
14
0
26
20
19
13
16
28
5
28
26
6
16
5
2
17
9
14
4
8
10
13
26
29
15
9
19
29
9
6
31
12
7
27
22
28
11
10
6
26
20
0
26
23
18
6
11
27
0
30
31
1
7
18
11
2
20
21
2
2
6
14
15
0
0
8
3
6
15
24
19
4
26
23
8
31
23
22
10
9
6
12
23
2
4
1
22
8
1
24
29
13
16
8
24
17
4
5
3
21
1
5
22
24
23
8
17
4
15
31
15
4
6
20
11
9
17
1
5
23
16
17
24
29
15
27
23
19
29
22
17
15
2
14
17
27
26
10
12
20
27
17
10
4
3
18
24
27
4
31
12
5
22
3
25
12
12
27
20
30
22
20
0
21
30
11
7
2
16
0
19
5
23
31
19
22
7
18
26
23
22
28
31
26
9
10
1
12
20
1
11
1
13
29
14
23
5
8
15
22
25
29
1
1
16
23
28
20
19
12
28
2
7
22
23
9
23
3
0
2
8
24
27
22
3
29
24
13
11
19
18
11
28
21
4
29
20
30
15
7
1
23
24
7
27
2
20
21
22
29
31
8
29
23
15
6
18
28
17
20
9
14
24
12
2
12
15
9
23
12
8
0
11
14
10
5
17
21
3
0
12
2
6
7
30
7
21
10
10
18
5
14
18
24
30
5
25
30
23
10
20
16
12
21
23
17
8
10
24
0
14
13
4
1
16
13
10
29
30
31
17
0
3
23
25
27
8
9
21
28
5
19
23
29
17
29
31
2
6
25
4
15
29
13
4
9
18
31
17
14
9
20
11
13
26
28
3
7
30
25
9
10
26
28
9
22
8
22
13
9
18
21
12
28
30
18
6
28
10
27
13
0
13
24
6
26
5
13
17
1
1
11
2
17
10
28
21
10
13
8
13
26
17
3
30
21
22
21
16
18
21
2
15
6
3
11
7
4
25
4
6
30
0
14
6
13
1
21
14
8
9
12
29
15
6
13
14
31
13
9
10
31
12
30
8
7
12
20
31
30
30
25
8
23
14
8
18
27
31
16
30
28
24
24
3
13
8
15
3
31
0
14
17
3
17
16
1
24
3
7
22
25
3
27
13
22
24
1
30
19
4
27
23
28
9
1
0
23
16
27
7
20
31
11
12
10
7
19
23
13
12
28
21
29
14
11
14
18
17
27
25
10
4
17
3
28
7
6
8
28
12
29
25
22
5
10
1
13
23
12
0
0
6
26
30
30
16
8
7
14
10
25
3
17
16
27
11
28
21
17
27
14
0
3
18
3
23
19
4
5
17
24
31
19
5
2
30
30
12
11
31
0
21
1
11
20
2
19
15
16
21
2
24
8
18
23
11
31
21
6
24
8
30
7
5
21
29
22
5
23
29
6
19
23
21
1
25
13
16
21
3
29
9
30
18
11
24
25
4
11
13
19
25
4
30
2
16
20
29
19
8
4
17
24
26
14
14
3
28
31
7
21
12
0
27
27
16
0
27
22
6
4
17
0
2
17
21
16
29
10
29
7
13
18
25
19
16
20
28
3
27
5
26
11
19
13
27
18
4
19
10
5
26
2
22
8
7
22
31
3
24
26
28
9
25
19
16
28
15
10
8
12
19
17
21
18
18
24
1
13
30
26
16
9
19
26
7
14
12
14
7
17
5
20
19
29
19
27
19
5
5
30
18
22
15
6
16
20
27
24
11
9
29
2
4
31
7
27
1
18
7
9
4
13
14
3
18
22
22
6
29
16
25
24
17
9
22
26
7
25
18
0
31
22
26
19
20
17
25
19
5
10
8
23
5
12
25
15
12
6
17
31
27
15
22
31
19
22
11
27
8
11
14
20
8
26
15
6
12
15
12
25
21
11
28
1
3
5
11
22
10
0
29
25
12
19
26
31
16
21
25
9
16
26
20
6
4
2
0
1
7
5
1
1
20
27
9
20
30
27
9
0
23
12
11
5
7
31
21
28
31
15
25
8
7
2
11
19
30
24
30
21
29
18
17
2
8
31
8
15
19
25
18
2
6
5
26
16
7
18
11
10
26
5
14
24
22
3
31
13
7
0
17
10
22
20
0
3
3
26
30
0
28
3
10
24
13
30
11
9
15
3
21
23
25
4
13
20
8
22
0
20
9
1
17
15
7
26
24
23
31
11
20
17
6
23
0
13
9
6
17
21
7
6
15
27
11
25
2
0
14
28
4
31
30
26
15
20
19
26
1
4
10
9
3
5
3
9
23
5
30
25
11
1
31
14
16
25
9
25
4
6
6
21
27
30
13
18
4
19
24
7
15
7
14
22
2
22
23
3
5
9
19
0
16
12
27
16
16
30
11
8
15
6
14
20
10
9
4
21
18
29
2
1
24
19
23
29
31
3
24
0
17
18
12
23
2
2
27
20
2
28
21
24
10
24
16
16
28
22
29
31
21
22
12
8
26
31
11
28
31
29
22
1
31
31
23
25
4
2
1
21
28
5
15
14
8
3
4
30
16
4
11
31
2
8
18
18
10
12
28
10
14
9
6
18
19
14
5
8
12
28
12
1
30
