39
37
23
39
22
14
24
32
5
43
32
32
43
2
15
20
6
4
33
21
0
24
8
7
4
5
35
5
41
8
33
0
28
26
8
42
16
19
15
15
17
21
17
1
15
36
43
26
34
47
23
2
9
43
22
5
20
42
16
39
38
3
30
25
43
46
40
4
45
30
21
36
33
16
24
18
35
20
43
17
36
5
33
36
26
32
46
46
20
32
43
47
31
22
18
2
43
21
47
6
41
28
45
12
38
19
16
19
28
38
6
30
11
33
35
30
21
42
11
10
33
3
43
6
29
32
15
43
24
22
46
17
47
17
26
24
39
4
20
2
18
28
44
35
14
34
4
35
47
18
31
13
10
34
5
34
39
43
13
10
19
39
27
9
24
14
19
19
29
2
45
47
3
41
5
47
3
1
45
29
15
38
28
10
43
22
19
9
42
42
2
0
30
8
24
1
18
13
7
31
15
30
45
27
39
39
7
25
7
13
21
22
22
39
20
6
8
40
41
10
17
47
10
44
40
28
9
13
19
44
39
11
45
46
6
3
37
1
32
20
39
1
5
35
45
21
22
42
15
39
10
7
0
7
11
3
21
26
47
42
15
12
25
6
41
5
21
36
34
13
16
1
38
7
5
13
19
14
13
30
29
14
27
7
34
11
10
11
12
33
13
1
40
26
29
14
39
40
6
43
46
9
37
11
0
27
13
13
7
14
18
15
31
39
12
12
34
47
22
6
36
18
9
42
30
47
16
16
10
42
39
3
42
44
33
8
15
27
3
42
40
3
8
29
16
2
31
32
0
1
8
13
19
2
4
23
0
9
12
42
32
7
40
43
23
38
35
35
12
13
9
23
46
0
10
4
30
15
2
31
39
14
26
16
47
27
10
11
1
45
5
11
41
45
37
23
34
10
19
38
12
10
9
39
12
15
29
3
6
29
39
34
44
41
18
25
45
31
47
36
27
20
2
13
33
42
32
18
23
43
40
41
18
7
0
39
31
45
7
40
23
6
30
0
35
23
20
27
43
36
36
25
3
26
37
15
9
0
35
4
35
6
26
38
32
30
6
34
28
33
24
41
46
28
12
18
4
17
44
4
12
2
14
40
22
33
11
23
19
47
47
31
5
5
39
36
31
26
26
13
46
0
6
25
45
15
35
2
4
0
13
47
40
25
2
40
40
20
17
31
27
16
46
44
7
37
38
29
23
11
5
35
31
9
42
1
47
46
25
32
24
23
32
43
20
11
34
38
32
35
15
12
37
21
0
17
20
22
37
22
12
4
18
22
12
7
27
41
0
3
21
0
11
8
29
8
45
16
19
24
6
17
29
37
29
11
41
27
34
16
38
25
15
46
35
25
14
22
47
4
17
12
9
4
30
17
17
40
44
32
27
3
2
33
37
40
23
13
44
42
10
34
46
30
24
31
25
1
6
44
10
19
41
17
7
13
28
28
32
13
13
38
23
17
31
38
0
6
32
45
12
16
40
33
14
25
13
24
21
18
34
25
23
31
32
26
8
43
18
42
17
3
17
26
8
45
10
15
35
5
5
17
1
27
19
47
41
16
21
23
14
28
25
2
42
46
37
24
31
24
36
1
20
11
2
12
8
7
40
9
9
28
4
22
8
12
5
32
20
23
12
21
39
20
9
14
12
31
17
22
16
27
21
32
19
9
18
26
40
44
38
41
18
29
20
23
29
43
28
33
46
41
44
44
2
21
13
12
1
30
4
20
24
1
34
37
5
44
0
9
24
38
0
28
14
36
46
5
36
32
7
30
33
39
12
5
3
43
25
27
11
25
24
14
21
16
8
33
41
14
18
31
24
37
22
14
20
39
25
27
42
19
7
34
0
47
7
9
22
31
15
26
43
25
8
21
4
15
44
14
3
4
6
29
45
24
30
19
8
22
21
39
2
29
29
30
16
29
41
44
42
20
4
0
29
2
30
38
10
6
32
31
41
31
6
1
28
32
23
14
31
3
35
5
17
24
1
27
19
28
36
1
42
16
34
45
16
36
35
10
47
12
37
9
10
44
39
25
8
34
26
9
34
34
37
4
45
15
25
32
2
24
15
29
29
16
38
33
7
16
21
32
38
10
41
1
30
36
37
31
23
10
40
43
46
22
12
0
47
40
6
41
21
3
36
40
24
4
31
33
9
8
28
4
0
27
35
36
45
15
28
8
21
34
46
38
25
26
41
2
24
11
31
16
34
17
27
24
8
38
16
6
45
1
35
13
11
36
40
0
29
40
38
20
44
38
40
47
19
16
22
20
34
37
35
42
41
43
3
17
27
28
35
14
33
33
9
20
21
22
8
32
10
37
38
47
38
36
33
8
11
27
26
30
23
9
27
38
28
47
14
22
24
3
10
45
11
45
5
34
6
20
10
17
14
2
28
37
30
9
41
31
47
42
33
22
26
45
6
26
36
3
28
30
28
30
43
37
36
31
8
18
23
35
6
20
46
22
23
11
33
27
40
19
36
24
26
36
15
27
20
19
22
39
16
28
19
10
21
18
17
46
35
14
47
5
2
8
15
26
18
3
39
27
18
35
28
44
41
37
45
15
25
42
44
9
10
1
4
5
8
11
5
5
44
40
22
26
24
36
15
3
27
21
13
11
7
28
44
38
46
21
37
18
11
1
14
31
32
43
44
26
37
34
27
1
20
31
12
20
29
44
39
0
9
9
35
35
11
29
17
18
29
11
13
42
33
2
42
14
6
4
34
16
26
43
3
0
0
47
47
3
42
4
18
37
17
24
12
15
19
2
44
30
41
7
14
36
19
25
5
26
18
4
33
12
10
37
26
37
45
19
26
37
9
46
3
21
13
9
32
35
8
11
18
27
12
46
3
4
13
41
7
25
28
44
22
26
38
40
2
10
21
19
2
6
2
17
34
7
29
46
16
5
28
18
33
45
23
33
7
8
11
46
40
33
14
29
7
38
46
6
14
8
14
35
1
27
44
2
7
13
34
5
30
17
42
30
32
42
17
23
22
8
22
38
16
18
10
35
25
37
1
5
45
34
41
31
45
0
43
3
39
34
12
36
0
1
25
25
1
29
36
43
20
47
28
30
40
24
25
32
46
41
20
23
42
46
17
37
44
29
26
4
44
44
35
40
7
3
5
46
46
11
22
13
23
1
10
41
25
7
19
36
1
19
43
29
18
23
38
16
20
15
11
32
33
14
6
23
21
45
23
4
41
