30
45
19
16
25
8
22
1
37
26
43
38
15
16
14
4
0
31
30
25
14
16
10
19
7
44
5
32
31
0
21
27
23
47
5
5
42
9
9
44
25
27
15
8
32
22
16
2
10
22
6
38
32
39
41
18
1
40
47
44
0
6
27
27
22
5
23
28
26
29
32
29
2
4
12
1
15
44
41
38
41
30
20
21
16
20
18
8
15
45
44
25
47
6
21
27
35
31
7
17
12
22
28
47
5
40
22
26
19
25
37
46
43
36
13
37
25
29
26
35
29
38
8
27
28
15
39
17
14
46
38
6
11
12
15
42
19
41
8
46
30
22
28
36
14
7
14
12
31
5
33
10
7
4
45
38
47
5
44
27
23
32
23
3
26
20
31
44
40
36
18
15
24
1
7
34
4
6
16
22
8
0
15
6
9
11
6
44
4
13
41
31
9
27
1
45
2
10
46
34
41
21
16
46
20
7
20
28
33
24
6
44
8
30
25
12
26
12
28
46
45
31
20
6
13
42
20
32
14
2
3
30
36
45
27
45
31
10
12
17
18
0
8
16
20
28
39
38
3
40
11
28
20
3
1
20
22
27
36
18
20
38
43
23
2
44
32
36
19
3
36
20
9
1
27
24
36
32
24
31
7
25
12
29
44
33
25
6
3
6
12
19
26
5
2
24
1
25
11
17
41
33
8
9
46
34
10
34
13
39
26
39
47
2
46
39
27
21
16
37
4
42
26
7
27
19
40
18
47
23
17
43
31
1
4
19
11
14
8
34
32
19
21
44
4
30
36
16
29
1
8
10
47
45
42
15
39
40
2
18
37
39
2
26
33
45
13
29
33
31
10
12
46
17
33
24
13
47
32
10
18
47
21
15
0
5
3
47
5
12
26
13
34
13
9
15
11
13
9
38
35
41
37
42
23
23
16
6
23
43
22
35
13
27
3
22
18
34
25
33
25
36
22
44
33
15
29
0
12
12
2
5
44
41
30
6
30
4
46
19
41
2
45
33
11
31
6
7
38
19
9
16
19
12
33
29
22
37
3
27
20
46
29
42
20
22
3
1
2
29
27
9
9
31
27
20
30
6
30
15
1
46
14
21
20
46
38
30
45
42
42
47
34
41
10
24
12
30
14
29
6
0
35
5
43
7
35
13
41
27
36
34
1
28
5
20
47
30
9
0
44
16
0
40
14
39
38
17
24
43
40
29
35
25
19
34
44
11
43
35
34
24
11
22
42
7
22
7
8
29
13
39
32
36
12
34
31
17
0
28
25
30
42
23
24
10
15
39
10
26
5
45
36
7
26
23
3
15
3
21
24
28
20
38
41
30
6
38
3
43
8
31
0
12
42
31
16
20
47
15
26
3
31
2
12
6
46
2
13
13
16
43
29
41
10
4
33
0
7
30
24
1
11
45
38
10
46
30
15
17
1
43
21
14
27
40
35
47
39
0
3
42
34
28
29
37
27
9
39
26
31
32
34
21
46
45
30
8
6
46
32
7
14
24
10
41
3
10
17
15
3
25
0
30
43
25
44
37
45
12
46
19
5
36
33
2
5
22
15
5
6
1
8
24
40
39
35
23
31
39
44
23
46
27
5
41
40
26
43
19
41
40
14
46
47
2
42
19
41
13
13
21
35
7
24
11
21
15
32
39
1
38
19
26
47
20
28
40
35
44
40
16
34
28
21
39
17
11
3
6
46
44
35
11
18
11
28
42
28
33
34
18
19
32
3
43
33
35
47
7
45
30
25
2
18
5
40
43
22
11
4
32
16
35
38
8
25
18
47
17
42
10
2
11
28
29
4
5
37
13
27
39
41
37
14
47
9
43
40
41
44
21
16
2
47
17
38
21
29
9
16
24
14
37
36
1
42
8
42
18
7
2
16
17
17
32
20
24
18
32
30
4
13
15
25
47
7
11
12
1
3
39
24
20
44
12
12
13
39
3
33
14
8
14
27
28
1
22
37
35
6
18
34
37
21
27
38
34
21
19
36
5
15
41
8
15
0
37
40
25
19
35
20
28
45
36
24
2
13
0
35
1
23
40
45
12
19
33
41
35
17
15
0
7
36
44
9
29
24
10
36
22
39
38
7
0
16
46
17
39
14
9
14
33
19
32
38
39
4
9
43
10
35
33
14
31
2
5
19
18
8
25
2
43
21
0
39
0
21
25
28
31
39
1
45
15
25
8
35
25
5
28
25
30
35
37
6
35
31
32
43
7
15
46
1
8
7
34
5
20
31
5
14
37
47
17
9
26
21
33
42
32
2
3
5
26
21
22
21
24
36
29
16
5
44
47
4
44
3
25
32
10
24
4
37
40
29
36
14
19
29
21
38
30
43
16
20
23
19
18
29
4
42
47
45
26
10
7
37
23
32
13
9
42
8
43
25
11
1
29
16
47
18
40
46
41
28
19
30
9
11
7
38
33
15
35
20
35
9
44
23
24
16
0
9
9
8
38
11
3
7
9
11
8
23
20
10
30
4
2
14
41
35
34
6
27
23
42
22
39
43
23
44
23
40
19
8
37
27
34
31
8
11
42
46
2
20
12
18
24
15
21
14
16
29
37
21
14
10
28
33
40
35
21
9
22
18
40
1
45
39
28
45
0
10
46
46
0
23
45
2
35
14
33
17
18
36
28
25
27
13
35
29
7
22
40
13
0
3
22
4
33
42
41
32
11
39
10
5
1
13
1
3
7
23
44
26
11
23
43
13
21
5
10
13
20
20
26
12
7
8
6
42
18
32
10
25
22
23
28
28
45
46
17
37
31
28
18
37
36
38
13
40
31
18
34
4
4
43
39
24
32
0
8
24
33
9
6
21
23
4
4
42
45
41
11
32
10
41
2
45
26
34
44
23
10
3
24
6
21
2
11
13
18
36
36
10
23
29
3
26
25
18
47
22
1
22
38
40
34
34
42
31
11
43
2
22
40
19
16
13
4
17
37
37
31
45
33
29
15
12
26
11
41
39
4
16
33
0
18
4
15
44
18
4
42
24
23
27
33
45
14
46
35
37
32
36
31
17
12
20
47
17
17
4
31
40
28
38
43
4
37
33
13
41
29
14
19
27
40
4
9
37
17
28
34
5
17
35
26
26
38
26
10
0
34
23
45
32
16
38
1
30
30
43
12
43
30
26
33
8
16
11
38
41
26
34
34
36
3
38
17
6
43
7
23
43
16
42
12
0
34
17
47
46
14
22
9
6
32
36
40
5
36
17
37
14
45
29
24
46
9
