36
36
4
76
19
50
72
50
14
77
28
28
54
47
38
64
4
72
64
76
38
47
15
64
36
31
54
55
68
17
11
53
69
57
52
44
15
19
21
27
68
49
21
6
48
9
9
74
61
33
30
76
27
24
9
6
12
68
2
66
9
78
59
73
17
24
56
49
8
49
43
29
46
59
70
6
29
71
1
74
24
57
26
44
46
51
39
63
46
26
15
19
76
33
39
58
3
55
43
53
63
79
32
2
66
66
19
39
11
40
71
59
10
73
46
32
22
25
6
79
25
37
37
70
59
34
22
51
12
3
24
1
11
69
66
54
62
40
53
38
54
41
34
48
7
49
68
79
20
75
42
16
0
61
0
33
74
61
69
34
56
20
11
31
44
4
79
14
67
36
42
29
13
41
31
28
62
7
79
13
23
77
13
13
52
8
64
18
73
