29
11
31
24
22
27
15
33
19
2
8
47
5
15
39
40
33
47
14
34
32
43
16
5
46
33
25
38
19
9
12
21
22
34
47
17
26
23
27
30
29
38
17
22
30
41
31
35
4
44
13
40
5
36
0
7
45
34
43
43
35
9
10
17
32
10
3
42
5
42
28
40
11
40
6
23
1
17
14
4
46
8
20
19
32
24
17
3
28
13
17
44
16
37
16
4
44
43
21
7
28
39
23
20
38
12
32
35
8
2
26
14
46
3
6
4
46
41
25
20
1
37
1
20
12
14
45
13
44
25
0
29
20
10
19
24
26
11
42
2
33
23
21
7
41
45
35
45
9
23
34
28
25
37
29
8
5
22
30
18
3
32
36
27
21
26
1
35
13
2
36
39
11
2
41
10
38
18
6
37
31
47
39
