56
10
57
74
36
59
28
66
33
0
18
43
9
29
72
57
66
43
23
71
73
68
29
7
44
46
69
50
34
15
22
31
36
71
47
27
69
39
59
60
56
52
26
38
68
64
61
54
8
50
20
76
9
47
1
19
41
70
64
64
53
16
14
26
74
14
6
40
9
42
58
76
10
79
17
39
4
27
24
6
44
18
31
33
60
66
28
5
58
21
28
51
29
48
27
9
42
46
31
19
64
72
38
34
52
22
74
69
15
0
75
23
44
6
12
8
62
77
79
34
2
48
4
32
24
23
45
21
55
79
1
59
32
13
34
66
58
11
63
3
53
26
37
19
79
41
54
62
16
39
70
69
67
49
55
17
7
37
68
36
5
74
78
51
38
75
2
54
20
4
49
76
11
3
77
14
40
36
12
49
61
46
79
