55
28
36
18
46
50
43
43
33
54
19
45
19
33
50
19
8
30
27
14
0
24
0
62
9
60
27
6
40
1
18
16
32
51
1
59
36
30
14
59
10
52
42
46
41
18
28
22
40
55
58
4
9
35
24
58
38
5
27
44
54
0
53
17
35
27
6
57
17
34
47
17
37
21
4
57
57
43
17
54
63
30
17
27
55
41
16
38
8
36
14
29
21
2
41
46
11
16
46
53
60
37
49
55
40
6
14
39
19
46
37
23
15
32
25
57
14
5
2
54
1
4
59
33
46
55
10
43
22
13
20
28
43
39
8
22
54
62
57
2
8
3
39
59
54
48
42
42
61
26
48
40
25
48
10
9
44
46
33
6
12
25
12
27
34
27
5
14
23
5
39
2
15
11
18
19
52
33
52
25
21
20
13
13
16
24
39
45
46
21
33
20
59
12
40
19
12
29
44
63
18
57
48
63
6
3
0
31
27
27
23
30
5
0
22
16
8
61
18
19
35
25
14
26
8
48
29
62
31
62
58
10
28
17
29
59
20
21
57
10
22
6
3
34
58
55
15
22
5
19
41
23
45
12
24
40
32
28
3
17
19
52
6
10
62
22
2
29
45
10
9
55
55
57
62
59
54
16
25
10
2
42
7
8
7
19
2
25
60
40
18
62
62
56
26
30
59
15
10
38
20
60
16
55
48
62
47
23
37
50
38
20
53
24
43
30
15
17
61
29
23
7
41
63
58
15
58
45
46
58
51
6
16
6
19
44
17
49
1
36
31
53
51
17
58
47
61
22
9
12
34
30
48
47
37
9
35
47
61
39
50
22
61
19
27
48
5
44
19
43
32
38
47
3
37
24
59
49
57
53
48
41
17
51
40
50
42
10
29
34
39
15
42
12
62
24
34
26
8
56
0
31
35
10
15
49
54
63
5
19
49
9
38
38
8
7
3
1
63
54
32
18
55
39
49
9
35
47
14
15
29
30
12
58
41
4
14
45
56
7
57
33
11
16
4
31
32
62
63
37
36
26
34
39
33
31
8
30
22
10
0
19
23
41
30
16
3
16
51
24
21
50
15
28
16
15
4
46
28
15
9
41
35
34
35
30
26
24
45
26
32
25
11
61
18
28
29
44
22
39
13
23
9
37
31
55
14
39
42
38
4
17
30
44
28
47
13
39
37
28
1
41
31
39
30
38
14
5
18
42
54
24
45
7
35
29
63
23
1
56
51
41
32
42
7
38
44
44
3
41
51
35
62
34
9
35
37
32
46
53
43
12
45
61
44
6
14
35
1
54
55
37
61
30
48
30
11
38
46
32
38
5
50
42
52
36
8
37
7
10
35
28
13
56
20
4
22
13
23
19
62
27
33
0
32
36
7
27
27
5
17
0
51
39
3
5
20
43
37
36
16
53
22
19
10
6
0
1
23
18
2
30
61
1
0
40
38
13
32
52
47
43
32
48
39
10
12
37
33
38
50
32
17
16
13
25
2
29
48
61
40
49
51
12
2
34
25
54
28
59
60
6
58
60
63
37
1
48
0
43
2
8
22
20
3
33
17
21
58
4
19
27
52
51
47
24
49
38
29
18
21
11
44
55
31
40
28
56
45
13
41
60
5
17
59
53
59
43
34
33
62
27
33
50
12
62
25
33
60
24
9
56
52
49
35
11
21
24
20
14
13
4
17
18
60
52
48
30
50
51
46
40
56
56
10
31
37
57
21
49
53
61
49
51
10
62
7
54
20
28
24
29
52
18
47
1
8
37
51
55
36
50
44
47
41
53
21
46
11
62
22
7
55
7
44
58
54
42
49
7
28
35
37
0
61
47
60
26
23
60
11
3
45
32
5
25
42
6
49
26
13
13
29
48
52
40
15
23
60
36
55
40
36
55
26
52
26
33
35
13
12
5
29
34
28
53
27
22
9
42
54
36
22
31
11
18
38
63
45
41
43
53
63
49
52
61
60
5
12
1
50
29
39
59
5
55
43
33
51
8
58
43
51
36
28
7
47
60
13
3
63
47
58
7
61
41
50
27
36
46
51
24
45
57
48
42
14
13
63
6
6
57
26
21
11
48
57
6
21
54
41
40
2
46
52
39
41
15
61
23
39
3
53
57
40
26
3
12
36
32
60
14
56
51
12
44
61
7
53
49
18
59
28
25
36
55
56
46
59
34
45
25
35
59
58
57
12
42
51
9
32
26
39
31
2
37
29
54
57
5
48
61
11
26
46
2
4
1
30
8
40
16
30
10
17
2
9
33
49
21
20
43
44
17
3
26
41
44
45
19
6
32
13
38
14
59
18
12
56
49
24
44
35
44
25
40
20
59
46
11
41
46
63
29
7
14
25
57
58
10
15
31
7
63
28
5
56
63
11
58
5
8
53
62
13
1
18
62
7
56
58
4
22
43
54
27
18
56
43
31
47
15
30
17
49
8
3
38
63
14
7
3
35
14
14
0
43
31
4
45
58
47
10
50
63
9
21
55
52
7
8
1
20
31
23
40
22
39
45
25
27
50
25
0
11
34
60
9
0
55
12
37
31
11
52
56
59
6
59
51
10
51
34
39
33
63
6
48
0
30
16
46
9
33
25
2
1
39
63
4
21
20
17
7
8
54
3
56
1
22
4
15
22
23
11
34
62
23
62
30
29
59
62
24
32
47
54
5
23
17
56
0
52
34
42
37
63
36
16
27
15
25
23
9
31
34
24
21
34
20
26
21
8
48
63
35
0
42
52
41
26
9
29
52
9
56
0
6
3
59
24
42
36
55
18
13
16
25
0
47
13
53
56
5
33
23
48
4
15
41
26
51
60
60
25
58
45
34
2
13
34
9
25
15
15
4
1
3
38
7
28
10
57
39
6
49
37
27
62
44
43
52
5
60
61
31
24
29
48
19
44
56
1
50
30
16
38
4
44
21
21
52
54
57
12
42
11
14
50
50
50
2
4
11
26
16
55
36
12
1
4
57
32
61
33
24
21
50
33
15
3
53
1
21
45
6
14
8
49
12
2
2
47
4
15
2
11
40
23
55
20
31
17
53
33
47
11
40
46
53
54
61
18
53
10
16
31
23
29
53
19
45
46
42
58
23
3
19
34
45
20
51
4
19
60
61
49
16
13
57
26
31
31
57
9
29
58
35
52
54
27
38
20
1
50
36
35
24
14
45
59
32
36
44
36
43
43
50
26
48
41
56
0
47
43
51
13
38
3
53
32
28
11
40
8
47
49
60
22
18
63
60
27
45
20
37
28
20
2
21
42
32
20
42
61
