38
23
42
11
29
43
44
47
43
25
4
44
4
47
42
6
3
18
16
17
4
14
9
47
5
45
16
3
38
3
9
23
27
46
0
37
37
19
0
31
8
25
30
26
40
12
23
1
42
35
45
9
5
37
10
28
40
2
15
45
25
11
41
13
37
14
19
40
9
25
26
21
42
15
18
43
43
42
15
33
33
20
9
12
27
39
15
35
5
34
1
13
19
14
41
29
1
17
26
41
44
36
44
35
42
18
8
47
9
41
38
11
3
38
12
33
2
19
16
44
0
9
31
36
45
47
8
24
23
17
19
5
31
27
13
12
25
24
44
9
10
2
28
31
47
33
30
40
34
18
42
24
0
35
2
5
28
29
36
3
11
18
16
19
26
10
6
7
12
22
46
14
2
1
14
8
39
36
45
12
6
21
0
17
20
14
34
34
41
21
37
21
40
10
39
6
10
12
26
33
6
43
42
24
4
3
10
18
13
10
15
20
22
18
5
23
13
32
14
8
31
0
7
16
10
46
16
35
22
32
33
11
20
1
9
36
20
23
33
22
23
2
7
35
30
32
3
1
5
6
39
7
26
10
12
24
36
14
7
9
16
25
0
10
24
12
19
13
25
2
5
30
27
30
29
36
44
21
12
11
14
44
11
10
11
6
4
15
44
44
7
24
29
46
16
20
43
16
10
35
2
33
19
32
33
44
26
8
35
46
32
7
30
7
30
4
1
1
34
18
15
16
41
24
28
4
37
25
24
45
29
9
5
21
17
27
1
28
23
36
9
46
46
13
37
28
33
16
13
10
37
5
47
45
38
5
38
36
30
30
30
21
35
13
10
33
22
42
4
31
46
40
36
3
25
7
41
26
46
28
25
39
13
24
34
41
37
21
12
40
32
1
37
8
29
17
30
13
13
46
11
19
34
9
20
38
44
32
19
15
45
17
27
30
10
3
3
17
37
43
46
15
38
27
29
6
31
31
0
22
18
15
11
45
39
23
1
29
46
17
33
45
2
5
5
15
32
24
35
37
39
5
37
32
34
4
13
5
12
2
15
5
13
39
22
20
8
23
46
22
23
36
3
5
15
1
22
36
4
4
5
40
42
25
42
18
16
10
25
14
29
23
1
26
9
0
1
41
12
28
0
8
5
25
22
27
1
45
24
34
1
13
20
28
12
47
23
38
40
4
3
39
22
28
22
40
0
22
19
41
31
10
26
2
27
10
30
7
0
46
24
41
29
41
9
35
29
29
2
34
39
42
33
35
11
37
30
46
26
27
46
10
27
33
28
4
2
34
0
27
35
28
31
5
35
18
6
31
44
47
27
2
44
29
24
34
3
38
11
8
42
23
23
28
20
14
21
15
9
4
32
14
36
11
40
42
11
7
4
22
13
4
39
27
2
22
6
36
41
26
5
38
12
12
7
18
16
17
1
12
19
6
34
3
9
43
24
6
45
41
47
27
36
47
24
13
0
33
37
30
36
46
9
17
17
15
1
7
44
32
26
29
39
17
16
35
15
35
20
45
33
0
47
44
24
38
3
41
9
28
9
5
23
21
4
37
9
23
32
18
4
17
42
24
27
14
38
24
20
7
1
6
28
32
4
24
4
40
25
23
28
31
2
13
40
26
40
47
41
36
32
17
45
41
6
32
15
36
31
17
4
43
44
29
42
2
23
15
23
8
10
1
9
20
31
43
42
5
41
39
47
38
43
43
13
12
28
46
18
29
41
33
24
39
2
32
11
35
21
19
23
20
36
9
40
22
6
38
39
31
45
45
27
47
29
38
12
43
3
27
21
11
38
0
27
45
25
37
29
11
20
42
33
22
34
43
33
14
23
31
2
7
26
38
19
15
30
23
38
16
1
17
4
46
45
26
3
15
33
34
35
24
34
30
14
25
13
47
42
15
8
22
1
41
20
38
17
18
8
40
25
26
14
22
3
14
27
24
25
44
47
41
39
41
39
34
33
22
10
0
36
9
29
37
21
28
42
36
47
10
46
41
42
36
20
11
28
33
1
7
37
34
45
11
26
40
29
16
44
41
34
10
24
44
47
29
7
23
27
3
19
47
14
8
1
42
47
0
21
37
39
24
4
36
45
32
40
2
31
7
45
8
25
42
37
14
2
13
36
27
42
8
43
46
5
28
33
21
32
29
20
44
21
0
26
38
43
26
29
34
25
13
42
46
46
43
10
41
47
5
38
18
30
20
0
37
20
35
31
21
27
38
3
16
28
18
22
0
4
18
44
15
21
8
14
18
8
47
39
21
20
44
28
16
2
16
28
25
26
6
18
34
1
36
15
43
20
11
46
29
12
25
34
41
13
26
17
31
39
11
39
39
32
14
21
22
13
30
46
2
14
15
3
35
4
22
40
32
1
46
22
13
31
30
17
17
7
35
17
43
29
16
12
30
28
13
6
43
31
20
45
13
18
23
24
7
16
40
47
0
11
8
37
0
0
15
45
22
13
26
31
28
2
45
27
6
19
35
36
3
18
17
19
9
4
47
12
27
25
20
17
45
12
17
6
32
33
5
10
47
3
40
15
8
45
43
46
21
46
24
13
47
31
27
36
37
11
33
0
7
19
43
4
38
14
8
2
44
32
6
2
19
15
11
10
32
8
46
17
12
23
3
12
6
5
37
35
7
35
7
12
37
44
14
38
26
32
1
8
9
29
6
45
47
26
40
24
34
20
16
16
18
19
5
18
28
15
23
40
9
14
23
19
47
27
41
19
25
38
39
14
11
21
44
14
43
16
3
8
25
19
34
33
30
7
3
7
12
9
39
6
30
34
2
36
7
35
16
3
39
18
42
28
31
15
45
25
35
21
0
39
10
22
5
4
19
19
6
27
0
4
11
43
40
4
42
30
14
35
41
31
44
22
44
38
18
2
20
28
17
45
46
19
31
6
18
26
23
28
21
22
42
27
29
3
40
2
1
43
37
43
9
1
6
18
20
32
34
0
19
11
47
37
35
43
13
19
28
37
6
16
32
17
21
25
23
0
3
29
7
8
14
26
5
3
17
8
37
7
30
21
12
9
30
36
26
8
42
38
38
44
30
12
41
11
23
19
7
14
30
15
25
36
40
35
11
8
6
35
24
20
34
16
6
32
33
38
18
17
43
16
20
22
40
1
7
24
43
45
32
16
34
21
10
28
39
41
22
2
25
31
34
35
27
34
43
42
31
16
44
39
31
10
32
30
39
6
32
8
30
38
20
5
26
10
26
33
33
21
12
31
33
11
25
20
40
19
21
8
23
40
47
21
40
35
