9
72
60
73
59
36
2
9
74
43
19
48
17
73
63
12
29
63
28
22
0
33
24
28
17
41
70
39
1
75
12
23
73
47
62
41
59
41
64
66
70
67
24
26
29
29
19
12
63
24
47
23
25
22
29
65
60
61
17
50
8
56
45
73
4
8
38
8
27
47
8
64
9
56
50
20
1
6
67
39
69
62
43
37
8
1
62
45
47
34
4
38
10
12
41
25
28
2
40
0
35
11
21
76
21
66
14
54
36
79
31
24
24
49
75
16
75
36
41
59
4
70
49
24
9
11
63
30
44
30
2
18
13
79
65
5
58
17
35
42
13
12
22
17
9
53
8
44
56
60
5
27
43
54
59
31
47
17
68
17
42
64
44
54
24
39
71
28
23
7
26
37
42
0
67
40
20
19
34
21
64
21
59
76
49
56
49
13
41
22
36
62
66
60
26
37
38
66
40
30
33
72
56
69
21
50
41
18
40
62
26
63
18
73
39
6
7
60
9
14
74
75
45
59
48
44
36
29
0
11
47
39
52
60
38
16
19
27
48
45
50
43
61
60
27
13
10
38
61
40
13
36
19
56
34
38
30
6
40
66
26
16
69
4
70
55
25
74
57
56
12
77
22
0
16
60
62
18
63
39
48
3
73
78
70
42
28
4
74
26
48
33
24
30
8
41
48
51
41
18
58
19
36
15
53
73
25
71
18
41
37
42
45
76
6
66
10
71
12
52
28
18
23
60
35
72
65
3
79
58
56
74
42
53
46
61
0
20
47
60
77
32
34
27
31
70
30
8
52
55
51
66
72
68
39
66
57
43
58
19
32
54
61
35
51
27
52
54
11
63
33
53
6
47
0
21
31
27
2
78
20
38
40
36
60
31
68
5
68
3
48
20
79
65
26
44
15
60
19
44
69
37
75
73
70
18
70
17
68
51
66
77
14
60
34
42
73
78
0
54
34
14
65
21
76
1
36
37
25
8
29
0
15
20
64
68
39
75
33
7
1
42
65
32
10
48
32
73
4
40
13
27
76
54
77
51
31
10
15
59
39
60
24
2
13
67
72
71
20
53
37
34
79
16
25
9
7
64
22
61
33
76
70
75
73
77
58
70
45
67
26
49
8
73
1
5
26
10
57
29
67
29
52
2
40
39
63
54
46
69
16
31
36
0
61
72
68
11
72
75
44
15
78
59
35
14
69
43
58
68
35
70
62
22
1
66
45
37
51
44
1
11
37
29
31
29
79
49
10
42
6
2
68
3
54
53
40
62
16
32
23
63
23
70
71
76
71
61
50
24
17
28
15
1
7
49
19
51
41
28
3
37
18
22
50
32
11
12
11
76
7
72
46
28
31
75
22
40
35
65
56
26
7
34
77
20
58
26
39
27
1
14
74
25
58
45
11
33
52
33
73
8
7
32
77
6
14
55
12
58
10
57
9
41
21
56
3
5
9
14
48
4
46
19
46
33
31
11
43
43
51
39
50
55
40
61
67
44
39
25
57
20
35
79
43
52
46
27
31
33
71
30
16
8
45
24
51
72
13
58
11
67
40
53
1
7
62
64
26
34
48
46
67
61
74
79
36
44
55
77
59
38
1
62
33
9
0
31
4
45
6
55
38
23
52
28
76
65
76
12
26
4
39
36
69
56
74
9
53
24
26
78
3
35
38
68
43
76
5
62
47
61
46
14
41
17
38
44
78
74
63
62
64
29
79
63
14
34
6
12
52
23
65
32
9
25
63
6
38
30
41
77
53
58
7
3
12
34
2
15
79
74
56
75
65
5
3
33
75
18
69
28
18
53
16
78
58
21
66
55
14
5
30
44
21
27
2
71
46
78
57
2
77
23
13
64
68
20
74
56
13
78
13
31
24
77
31
21
78
55
18
23
55
61
58
52
32
9
72
30
37
57
11
59
21
42
50
69
19
64
67
71
47
50
23
79
50
64
3
36
46
10
48
63
17
38
65
32
73
57
71
71
32
34
51
5
25
35
27
67
13
50
13
51
4
40
5
75
51
64
78
48
39
37
10
49
50
29
30
25
46
5
49
57
59
26
12
76
75
20
68
31
61
21
5
46
48
32
38
19
22
50
57
14
74
77
18
52
67
54
67
2
54
54
29
7
74
57
69
25
57
76
64
75
10
43
18
51
58
59
15
28
47
31
30
59
6
75
72
42
17
71
42
79
21
64
11
76
58
10
7
32
1
52
18
43
23
49
36
65
51
52
17
23
30
79
4
55
55
73
44
42
72
61
70
21
56
58
60
51
13
15
47
26
65
53
67
68
43
48
6
23
17
23
10
19
37
22
32
75
77
45
68
7
5
53
73
66
24
40
73
39
66
35
17
54
20
63
71
46
22
6
19
6
28
25
44
23
8
45
56
49
11
71
47
79
55
77
1
60
35
62
34
6
35
54
6
56
74
31
34
37
4
29
20
49
78
63
49
7
44
18
75
36
61
45
31
24
17
46
0
19
12
73
69
39
15
21
11
59
70
53
70
13
77
53
34
3
36
62
45
6
3
39
8
37
35
16
78
13
65
59
0
16
9
13
2
71
29
32
37
36
22
64
38
32
50
69
68
54
72
17
78
57
14
7
35
6
10
32
34
2
4
14
76
57
33
17
61
22
54
7
15
4
5
18
59
79
27
11
65
48
4
22
41
5
78
65
47
49
68
70
51
33
14
79
28
12
25
55
60
14
74
33
42
69
37
27
55
49
40
3
62
24
78
28
43
25
50
8
52
51
20
3
19
7
1
34
35
27
43
15
10
68
38
19
19
0
67
13
10
37
22
43
69
69
56
24
71
9
15
65
27
2
23
4
9
52
66
79
64
57
34
61
11
21
67
30
66
77
0
53
3
2
54
26
46
44
63
57
47
44
16
59
8
52
38
62
0
2
43
12
19
66
68
44
78
69
33
3
64
45
45
53
27
62
25
48
29
25
9
29
45
53
18
46
41
70
79
77
4
74
40
47
76
23
18
1
12
15
10
6
30
58
36
55
72
20
52
49
42
4
71
24
27
9
66
74
20
8
9
61
15
8
38
42
58
14
29
48
63
0
30
69
16
74
21
22
72
33
16
35
16
74
50
16
46
49
77
2
55
11
46
1
28
15
56
71
4
57
30
28
54
14
76
28
43
49
79
41
55
67
72
59
64
66
33
68
69
51
20
50
16
76
79
26
47
48
52
5
57
48
63
3
42
