40
41
48
5
46
16
37
6
2
18
36
9
42
11
58
51
6
22
47
10
39
40
43
59
28
0
10
29
61
5
26
24
22
48
21
31
39
17
38
34
0
52
22
18
9
21
32
55
19
56
35
62
6
9
33
60
37
47
57
26
5
14
38
38
53
30
8
21
46
26
47
33
24
14
0
26
43
38
23
18
63
42
41
8
29
53
22
6
9
19
4
39
47
48
4
61
28
49
57
36
2
53
34
37
2
63
63
6
56
51
5
31
54
61
29
46
58
57
43
40
0
33
43
14
52
4
41
46
45
38
49
7
9
53
35
62
32
43
55
15
55
48
27
24
27
45
44
4
30
47
1
27
26
24
49
54
14
12
60
30
59
52
15
37
5
29
45
60
27
58
32
54
22
19
12
41
51
28
13
37
45
17
57
26
30
61
17
37
62
23
47
34
16
3
10
15
61
55
14
55
7
46
41
30
44
31
33
52
26
40
16
18
0
11
35
31
56
39
34
63
23
37
39
1
35
49
20
43
29
53
12
36
7
62
51
29
63
16
60
56
59
28
26
52
53
12
42
21
28
57
55
29
1
33
40
39
20
14
23
57
62
34
59
49
1
52
20
17
55
20
8
0
45
10
11
27
55
18
63
18
49
42
11
38
1
53
12
37
61
41
50
15
30
59
8
15
49
41
0
52
5
41
47
10
25
62
36
53
21
62
3
27
59
44
16
36
43
57
0
4
19
34
1
55
41
59
33
11
55
19
13
27
14
11
53
46
47
17
0
56
39
29
40
50
34
42
32
13
16
58
25
38
42
60
21
5
48
47
63
40
22
59
60
19
19
25
36
13
41
42
8
53
23
43
10
18
59
48
59
38
46
10
44
53
27
12
54
39
52
41
28
58
60
4
7
57
18
58
56
3
13
38
62
21
45
0
5
15
1
14
49
44
4
18
49
45
59
54
21
29
12
57
23
50
46
59
25
1
40
25
11
24
2
15
27
51
32
29
6
2
3
48
24
58
47
6
51
33
2
33
15
61
17
55
61
14
25
44
56
44
52
51
57
45
60
62
41
57
41
60
35
31
32
22
12
49
8
17
41
37
48
22
55
25
30
45
14
11
42
2
24
3
54
26
30
45
28
15
22
25
37
8
44
46
36
48
25
34
9
61
6
40
47
10
22
27
11
19
4
39
55
25
12
50
61
39
40
0
8
27
38
42
41
7
46
13
11
4
38
50
59
62
52
37
32
21
56
31
51
25
37
6
11
48
38
52
34
43
36
63
30
28
12
7
38
19
62
40
57
29
32
12
63
30
22
19
25
30
7
24
19
55
10
59
13
35
31
21
40
34
15
31
60
19
24
59
1
34
48
43
11
27
26
38
50
4
50
56
20
42
51
55
43
23
59
45
45
38
46
29
7
53
4
1
31
1
55
61
4
21
6
11
5
19
4
46
20
58
50
13
35
52
23
33
45
31
24
4
36
41
23
14
49
21
33
45
61
25
39
46
49
46
22
17
49
6
35
56
38
54
61
2
20
17
56
15
40
44
52
50
51
20
49
8
22
27
8
4
23
44
9
21
37
58
10
9
30
21
47
58
28
55
4
14
31
17
54
56
35
7
55
44
3
49
21
59
41
21
58
32
28
14
14
22
24
45
43
5
55
9
51
44
1
0
12
22
44
2
45
1
50
24
36
18
50
28
15
63
49
63
9
63
13
26
48
35
21
61
26
25
29
26
27
2
7
39
53
4
12
6
56
52
32
22
3
54
5
13
62
20
0
29
62
23
43
58
6
61
19
20
14
47
55
40
7
35
15
13
48
11
45
34
23
60
60
36
22
8
21
17
29
3
9
28
28
58
28
8
62
6
18
23
32
45
37
25
55
56
39
7
16
53
45
35
47
57
27
44
17
26
2
27
52
63
44
26
12
44
20
27
18
7
2
8
42
25
17
27
9
9
0
28
23
3
54
44
11
24
56
44
37
42
37
51
57
21
39
24
3
42
31
11
5
5
6
18
10
61
31
33
29
53
7
32
54
50
57
24
28
19
51
56
43
55
46
15
30
19
10
50
3
40
39
49
33
54
29
17
36
41
29
23
0
59
25
11
21
12
40
62
0
31
26
24
30
36
13
48
38
44
58
43
51
4
8
18
21
43
60
60
17
18
51
50
22
57
9
8
36
46
17
48
54
30
31
15
35
36
46
50
60
41
25
26
63
7
1
20
7
36
13
52
46
29
59
56
37
12
44
63
1
43
59
5
33
42
40
9
51
44
47
30
40
57
21
2
34
20
10
23
18
30
35
16
0
36
3
39
34
50
47
31
33
51
3
24
52
16
17
57
17
8
16
35
3
33
20
3
28
54
56
52
20
48
60
46
59
51
32
62
39
60
29
41
61
53
33
9
10
15
2
59
7
8
35
51
13
6
19
16
5
45
63
34
32
31
9
38
43
48
39
0
5
17
18
14
61
1
13
10
38
63
8
20
4
16
42
23
30
19
11
46
52
42
6
3
10
49
24
28
40
9
16
34
35
30
39
16
5
32
15
60
35
17
46
54
18
2
23
62
18
15
25
32
28
26
62
1
36
13
40
62
11
31
20
0
52
45
3
58
20
26
57
60
6
51
9
62
18
41
12
51
10
35
28
53
43
2
26
50
38
13
48
56
13
58
2
45
51
45
34
21
19
33
8
50
19
22
31
13
8
35
51
42
56
58
17
14
62
15
30
22
2
33
47
58
11
20
8
1
50
28
48
43
35
4
60
14
16
52
54
49
18
46
12
3
49
34
44
23
25
15
31
5
55
39
61
24
37
2
19
49
54
3
26
24
58
48
27
7
5
1
37
12
39
53
40
6
16
41
61
3
33
63
19
36
59
33
43
16
29
23
1
58
50
8
32
16
32
47
43
33
36
10
23
3
1
1
6
47
42
15
40
5
23
34
53
17
2
35
28
32
2
20
27
13
9
57
16
13
27
60
2
16
34
16
41
54
29
4
12
3
10
56
48
47
11
12
24
35
42
3
61
43
54
13
37
11
31
5
50
27
58
57
25
52
37
54
22
12
15
11
9
12
13
57
34
58
7
49
36
0
63
54
7
47
31
48
54
0
63
30
5
8
34
14
62
7
38
38
10
42
50
24
61
47
42
18
25
25
14
10
6
60
39
19
7
6
22
60
20
36
4
53
31
32
20
37
32
37
14
10
63
42
49
53
5
57
47
30
27
26
53
61
56
7
33
14
23
63
32
39
26
0
16
