64
51
54
19
46
33
47
4
78
15
59
57
56
78
36
27
32
61
36
23
22
11
6
69
78
59
36
66
16
68
79
11
34
32
0
46
74
31
29
1
64
71
75
75
38
29
11
37
59
61
41
49
41
56
33
13
70
44
44
58
4
15
52
10
8
60
54
26
33
13
25
42
41
28
31
13
69
18
53
55
21
20
68
12
72
62
2
68
73
49
57
3
43
49
79
34
42
17
79
7
9
61
0
36
38
14
6
47
19
26
71
49
73
14
64
76
67
66
51
66
34
71
63
27
43
4
64
23
79
51
30
6
60
30
23
25
18
24
12
56
69
73
58
29
74
53
16
22
4
17
56
9
20
7
9
44
58
24
29
47
51
69
79
39
76
72
39
28
38
46
52
1
39
6
39
69
54
23
2
66
21
46
11
14
74
8
54
9
77
50
16
