57
62
30
63
53
7
23
24
9
77
60
9
8
32
60
12
48
71
16
13
73
45
79
14
25
71
14
70
62
40
12
38
0
2
74
76
73
79
74
56
11
30
56
9
21
32
24
54
60
37
8
43
73
74
61
23
42
39
74
70
58
45
10
17
27
66
7
41
45
66
5
37
68
77
54
24
75
62
27
48
36
53
5
57
16
75
64
33
34
31
63
50
10
3
40
63
35
13
30
64
65
59
29
39
65
67
29
34
15
43
62
79
34
38
0
19
48
78
59
41
44
18
77
33
55
16
14
35
69
15
36
66
32
35
74
60
42
22
41
76
41
16
54
18
71
37
3
13
78
35
54
42
6
42
23
14
78
19
58
35
53
48
46
39
11
19
28
58
27
40
15
26
64
17
11
24
70
61
11
20
4
68
30
56
36
38
11
51
0
13
15
19
3
69
48
14
79
23
40
63
20
36
22
44
68
38
23
53
2
63
59
39
39
45
77
60
54
55
0
60
3
38
78
8
18
66
53
13
36
69
36
52
41
36
72
4
28
35
44
52
31
33
41
25
13
43
71
52
25
64
28
49
57
65
13
37
24
25
53
5
25
67
73
3
58
58
21
34
20
77
61
36
5
72
36
26
19
34
67
74
32
21
48
34
8
13
32
24
76
47
6
58
68
60
72
59
2
76
26
7
23
54
10
78
74
42
45
64
42
77
45
54
52
18
16
74
67
50
78
53
38
5
59
24
55
8
13
51
30
47
51
4
43
65
2
33
73
10
76
1
78
78
51
40
31
46
12
69
28
38
0
62
10
41
5
2
72
27
47
58
58
25
8
6
65
32
41
27
15
9
44
59
77
48
75
4
4
21
20
65
18
12
33
58
48
12
73
40
16
77
13
49
7
16
69
7
3
24
2
3
43
56
66
46
29
36
54
27
17
63
41
65
52
24
16
76
12
27
50
59
15
48
54
73
29
67
51
17
0
52
69
68
22
64
75
70
35
40
78
10
30
54
72
58
76
48
73
53
8
22
75
62
50
5
68
8
16
52
76
70
15
29
3
15
7
79
25
18
19
76
42
2
65
9
30
26
42
30
9
12
26
32
20
72
53
46
48
47
22
34
52
31
3
73
19
50
52
4
46
25
0
75
52
15
31
56
26
68
27
76
55
52
75
69
15
16
74
13
17
60
47
18
59
18
79
20
43
64
2
61
62
55
48
22
18
37
0
68
45
77
46
16
63
34
23
71
40
5
34
40
8
74
77
22
28
66
50
38
32
26
56
26
2
47
72
0
34
62
9
4
71
31
35
46
6
42
65
12
51
55
13
51
21
17
63
50
2
23
79
67
38
20
27
65
29
6
66
34
4
49
36
41
48
35
72
39
56
4
79
44
22
63
66
65
72
54
35
33
47
28
22
61
68
27
33
44
39
72
32
17
57
0
55
58
10
13
51
57
1
62
36
68
44
56
72
61
62
66
7
39
45
55
46
17
6
66
31
28
41
11
52
18
15
74
43
34
63
55
9
23
31
30
36
33
41
70
15
66
17
46
64
63
6
25
9
27
12
8
27
52
37
70
49
49
33
21
70
48
18
54
32
77
72
57
65
71
35
30
79
9
57
38
33
19
71
56
79
16
21
69
36
40
24
10
47
67
17
19
15
14
44
12
68
43
42
6
0
53
4
49
12
3
55
4
49
50
66
62
47
62
5
10
35
78
62
59
9
58
1
8
70
35
51
49
56
51
0
1
24
50
25
11
39
4
57
71
57
23
31
28
1
66
19
59
61
30
66
15
21
67
40
55
6
20
7
66
69
41
34
44
20
69
7
22
40
69
64
22
50
38
9
50
24
42
53
46
43
22
12
55
25
78
8
60
47
15
15
38
68
37
0
3
41
70
1
39
36
69
49
11
1
3
7
78
37
37
22
3
38
41
78
39
59
54
76
57
75
24
32
51
64
33
66
40
63
4
47
5
59
9
54
45
8
27
76
20
64
29
13
50
18
1
33
75
46
25
56
64
54
7
26
56
67
24
60
49
74
57
32
29
25
51
77
51
5
14
49
19
21
51
61
2
75
71
32
23
28
53
13
72
79
71
71
28
3
5
41
70
41
8
4
32
0
43
19
3
39
22
8
7
42
69
25
29
73
61
64
30
2
14
35
53
61
43
53
55
71
58
21
11
39
67
34
37
27
69
1
28
74
69
33
5
70
72
12
54
29
23
69
26
27
67
79
12
26
56
26
51
24
75
28
11
18
6
32
6
22
27
42
33
79
17
26
2
62
5
49
10
4
46
57
75
55
7
29
66
34
29
73
37
59
4
21
69
49
7
48
61
73
31
54
76
6
3
47
4
43
14
70
49
59
79
42
72
28
38
53
50
62
69
66
25
7
67
57
19
5
50
6
50
20
10
14
44
12
37
28
70
55
73
30
71
6
70
52
3
42
57
13
14
78
8
53
7
35
57
44
51
67
45
23
25
79
78
54
29
8
26
15
76
39
14
75
60
56
14
74
41
17
1
75
14
58
31
9
7
17
19
20
9
71
27
16
28
12
45
40
35
61
52
40
23
9
43
75
32
45
30
60
69
9
15
19
47
31
11
71
37
77
19
51
57
60
65
20
48
21
20
10
37
72
5
64
18
56
17
43
16
11
44
64
76
17
2
68
60
9
38
30
0
16
76
0
33
23
39
54
21
17
59
59
10
79
4
6
67
9
60
29
62
64
55
21
46
45
19
57
45
38
20
36
16
11
68
28
10
57
22
68
70
77
54
33
31
1
44
53
76
49
59
20
61
11
32
65
3
42
65
72
33
36
13
63
67
79
22
49
43
26
44
11
66
37
24
61
60
14
8
21
50
40
13
16
30
29
50
49
65
58
14
73
52
45
68
37
46
48
75
40
69
68
36
25
44
58
71
46
37
44
50
1
42
61
9
29
64
1
65
14
59
10
39
21
67
39
73
47
63
47
37
39
11
46
18
58
63
34
48
44
1
2
61
60
67
23
73
6
17
21
31
33
52
18
36
40
59
11
16
28
70
19
78
10
55
77
2
74
31
46
46
58
34
34
44
31
63
74
43
30
9
43
14
56
6
43
71
73
74
75
31
74
20
61
62
10
34
62
67
64
23
79
45
39
33
47
1
45
77
46
79
49
72
21
1
0
1
38
24
29
56
2
63
77
56
42
68
11
10
32
0
17
61
1
8
22
26
25
12
51
14
26
2
78
27
79
49
47
20
53
75
55
18
73
28
18
61
77
31
29
6
63
12
29
23
74
35
78
73
24
76
19
38
26
47
