42
28
23
46
36
27
46
8
30
34
36
45
0
45
19
46
33
38
14
45
30
7
47
41
45
39
36
9
41
41
2
1
28
31
45
19
34
3
45
15
35
43
29
17
42
6
8
1
0
22
38
16
18
32
17
41
20
31
13
43
9
5
40
21
33
22
29
28
19
17
38
17
22
9
14
11
38
15
44
4
21
21
21
32
39
15
29
39
19
25
33
19
23
16
23
35
29
10
8
3
28
12
44
25
34
44
2
1
13
20
24
29
47
27
8
39
37
7
39
7
20
30
39
16
2
20
12
13
46
28
14
27
46
7
32
20
40
47
20
33
5
32
11
14
16
36
42
24
36
37
44
8
13
8
34
45
16
33
46
17
16
20
5
15
26
30
46
25
2
4
15
38
18
23
45
16
44
13
9
23
47
33
12
17
38
24
39
44
39
9
2
16
36
2
47
26
29
24
35
21
7
3
39
27
35
47
36
0
29
15
33
43
4
7
18
11
5
0
15
32
42
25
19
38
38
11
12
14
3
33
7
20
6
19
21
24
46
21
35
44
39
15
19
14
47
13
41
16
25
25
38
43
16
47
39
11
33
31
27
34
13
31
39
17
4
37
44
24
26
36
40
28
32
30
9
34
32
16
10
14
10
40
5
18
6
35
26
40
3
27
24
15
26
13
30
2
47
12
4
4
42
18
1
8
31
23
13
3
4
5
36
17
8
32
3
44
35
39
30
9
34
14
0
11
0
21
17
36
27
10
36
16
27
21
43
24
28
44
43
26
47
44
33
20
26
46
16
37
44
16
13
30
6
18
4
6
18
47
36
20
35
21
9
2
38
23
25
15
45
23
44
32
47
33
37
38
13
12
32
46
8
13
10
26
21
45
13
38
41
30
8
46
43
3
29
33
35
41
17
40
33
45
47
26
1
22
25
28
37
6
26
19
41
2
25
19
0
25
19
34
8
29
34
28
16
7
24
9
2
42
11
3
9
28
47
5
17
46
15
0
30
10
9
11
41
43
2
41
31
46
9
28
2
41
47
16
28
41
28
30
5
23
32
20
26
22
31
11
33
22
7
45
23
19
6
31
31
20
7
40
34
25
36
4
27
3
2
3
19
16
19
43
26
18
30
5
24
28
10
27
4
14
10
11
7
45
17
16
15
42
3
38
18
16
16
31
23
10
36
4
18
43
8
20
9
22
32
5
27
42
26
32
12
24
12
19
14
6
40
39
5
17
41
43
45
35
3
25
29
29
7
39
1
24
5
34
2
5
11
34
13
33
2
27
43
3
19
4
5
34
18
39
27
21
30
7
36
20
39
21
31
37
11
2
25
14
23
15
29
0
36
43
20
32
17
28
4
40
23
32
8
19
20
0
36
37
42
25
23
18
29
12
9
0
26
35
30
38
34
38
0
38
16
20
16
14
23
11
14
21
10
20
32
13
30
31
44
40
39
38
18
22
32
6
41
45
34
7
44
25
26
10
10
45
39
4
0
34
0
3
24
31
25
32
15
31
0
27
12
41
34
26
42
11
37
28
2
37
13
32
37
35
4
37
9
6
26
25
3
40
21
39
33
12
13
26
5
27
19
38
35
15
26
32
35
41
30
10
3
24
31
8
41
30
12
15
46
10
28
37
13
31
23
31
31
24
29
28
5
7
42
12
14
33
1
6
21
41
24
22
22
44
2
19
43
27
44
34
4
20
27
2
41
5
5
15
41
44
6
17
21
21
26
17
32
42
18
21
15
43
46
29
29
13
42
24
2
14
0
5
32
0
40
42
27
12
40
45
16
7
9
9
1
35
35
6
44
18
18
21
5
22
23
1
29
12
14
0
9
11
30
23
35
10
20
3
23
47
14
32
3
27
35
9
43
46
13
4
11
33
33
12
43
42
18
2
42
21
34
24
32
19
13
34
40
1
25
47
43
17
26
21
39
1
30
12
36
46
34
21
14
42
37
4
18
1
6
24
7
6
6
6
9
40
32
35
37
34
17
7
23
16
20
45
4
1
47
28
46
30
43
1
10
40
25
14
18
8
14
5
45
46
15
17
8
26
29
33
31
10
29
1
37
25
38
11
46
27
21
43
21
43
46
31
38
12
2
15
36
22
42
4
14
37
33
40
44
5
19
29
26
20
36
25
31
45
10
1
37
38
3
45
0
12
37
1
11
0
14
25
25
34
20
44
34
26
27
29
13
39
34
24
17
47
41
10
10
6
35
22
12
5
15
28
30
34
2
18
22
38
41
38
39
29
8
27
36
12
10
13
2
37
7
8
8
29
46
46
47
17
22
10
4
41
6
22
18
29
7
22
17
21
18
34
3
16
28
15
40
32
3
10
9
36
39
20
17
8
26
9
44
41
45
38
2
42
45
38
28
45
2
43
46
30
8
14
6
18
44
7
1
26
41
3
24
25
33
35
31
36
13
4
18
1
2
13
17
20
45
25
9
19
12
24
35
15
26
17
43
8
32
0
28
24
40
19
37
11
3
25
24
17
9
30
42
4
45
1
3
27
40
22
23
27
15
44
10
44
36
19
5
6
22
29
10
8
47
0
25
8
4
4
43
9
19
1
41
9
34
7
37
36
26
39
28
33
7
5
16
26
15
1
8
12
4
7
19
39
0
7
22
11
45
31
6
5
28
23
13
6
3
11
12
22
16
42
39
23
22
29
24
8
15
1
20
10
43
12
36
22
19
1
4
35
25
20
20
47
25
24
17
8
40
41
27
30
17
11
45
5
25
18
14
35
6
32
23
29
21
47
47
24
5
44
31
45
7
35
7
45
5
14
38
43
12
13
40
2
46
23
20
39
31
1
9
14
31
41
20
33
29
23
1
15
23
0
0
42
9
38
17
7
5
11
13
22
35
28
40
6
43
34
11
28
31
37
42
19
15
14
40
37
10
14
2
23
4
21
41
31
7
19
41
47
21
36
30
47
24
11
22
5
30
33
33
40
25
22
22
44
28
29
39
1
16
23
14
42
33
11
42
31
11
37
46
18
12
32
37
6
0
46
13
41
27
46
24
46
40
6
44
9
22
45
6
33
17
6
35
30
31
11
27
15
34
27
29
30
11
37
23
43
42
27
37
4
40
35
35
36
29
26
47
35
43
12
46
43
37
22
8
47
46
4
10
6
28
9
22
11
21
15
2
12
12
16
16
33
3
0
7
5
16
28
1
38
33
42
34
42
46
18
33
18
28
24
20
38
3
18
43
14
15
0
19
38
39
11
44
32
30
0
40
13
6
9
3
27
35
7
42
40
37
10
40
22
44
1
19
14
36
10
35
37
30
13
36
20
1
4
23
47
44
10
1
18
23
31
31
40
17
44
8
42
36
0
8
3
1
39
26
27
8
37
21
46
