25
37
27
36
13
30
25
38
33
56
4
48
42
70
30
38
57
25
76
70
42
33
15
27
75
70
42
54
50
66
76
27
57
27
42
53
43
0
58
74
78
44
37
27
44
70
20
16
34
11
27
8
72
3
23
5
15
32
16
4
70
64
28
47
70
21
3
78
59
76
66
54
41
39
73
18
12
68
52
72
55
9
6
20
70
56
50
23
71
42
4
38
28
26
8
54
38
1
74
14
54
73
17
11
50
45
1
38
55
48
48
56
73
50
46
56
67
0
24
25
14
58
72
58
64
40
8
5
69
79
3
79
3
21
25
65
78
74
24
51
24
16
48
53
26
25
13
78
29
62
27
60
54
33
64
21
66
0
77
18
41
7
5
28
9
48
61
16
12
64
11
8
15
39
13
49
74
59
41
43
37
72
52
32
65
36
10
23
4
75
12
52
10
57
77
56
60
26
77
12
1
0
60
58
49
41
13
23
66
49
29
26
30
28
16
12
68
2
15
3
51
30
18
34
45
37
68
23
43
36
43
22
30
14
12
40
5
10
17
20
67
53
65
73
11
56
6
13
3
34
30
12
65
49
61
55
21
77
31
21
30
45
59
35
68
26
13
50
52
66
7
24
52
68
28
23
51
47
5
77
34
51
50
26
38
66
21
36
5
17
78
35
43
39
23
10
16
60
57
25
30
6
45
61
0
32
71
75
9
62
72
51
77
68
35
21
27
22
39
73
71
40
14
54
54
56
9
26
62
36
2
57
28
71
51
5
73
38
49
78
45
49
49
53
6
61
43
65
3
39
75
61
67
38
40
26
51
17
37
18
76
19
10
19
57
40
63
50
26
39
33
50
58
22
35
79
27
1
15
73
34
37
39
0
25
55
29
40
79
54
17
25
64
58
12
26
66
68
11
31
9
8
45
35
38
38
6
15
79
61
37
32
4
45
59
35
9
70
3
76
0
29
72
22
17
46
58
43
60
62
2
20
18
8
66
8
11
19
74
49
69
79
63
35
78
48
79
29
3
21
59
42
18
10
10
72
60
4
39
24
59
34
11
6
28
26
29
35
77
57
78
76
75
18
24
1
56
32
21
38
23
7
33
20
26
10
77
27
6
14
68
6
67
8
33
14
73
73
55
19
30
59
58
69
4
63
35
16
13
71
63
17
52
33
70
40
9
18
38
6
37
73
73
44
11
39
78
9
77
43
51
74
52
79
23
14
41
41
78
63
33
40
41
32
61
64
58
75
52
1
27
75
54
43
47
25
61
21
78
31
63
61
45
70
56
74
69
7
5
57
2
65
79
15
69
56
76
18
3
47
34
55
62
30
11
62
72
73
70
2
46
59
57
61
47
31
2
20
62
1
27
71
54
77
51
69
10
74
0
36
20
44
78
76
49
43
60
14
69
48
10
61
31
41
0
66
51
46
58
59
19
12
28
7
60
11
46
33
24
7
38
17
49
49
64
72
35
62
34
20
49
60
22
55
28
10
31
31
53
38
12
13
66
76
56
35
38
66
51
4
1
13
11
4
22
44
24
16
50
68
8
44
76
51
78
8
69
79
55
10
17
55
52
53
65
52
34
79
30
66
79
3
8
8
54
71
3
60
68
29
32
25
17
42
49
25
0
53
30
67
44
4
36
17
79
36
65
63
20
31
11
30
29
45
14
22
45
22
1
50
22
30
19
42
63
16
9
7
55
67
35
38
20
53
37
77
52
59
58
37
13
41
33
71
29
7
26
70
6
20
42
13
5
33
65
12
54
22
4
33
13
56
21
65
48
14
15
34
57
47
71
3
50
29
51
35
2
72
9
73
68
35
50
31
51
22
70
27
1
23
69
61
21
5
39
42
33
10
20
27
38
12
48
40
25
37
18
37
44
33
66
46
49
11
18
57
44
7
69
28
53
72
62
10
19
37
31
62
6
59
30
57
59
16
68
4
9
26
19
1
59
29
32
48
21
46
40
48
30
63
57
0
6
42
33
22
16
46
1
13
8
62
62
49
67
54
48
17
24
56
17
72
77
4
46
35
44
14
79
67
57
4
9
24
65
36
21
68
23
57
21
13
55
41
31
34
12
22
69
75
70
17
48
47
53
32
79
76
19
62
19
26
51
77
60
2
58
39
69
41
36
67
43
39
29
56
31
45
32
10
7
12
44
28
22
77
50
61
65
24
74
54
18
11
76
8
55
27
35
36
2
36
64
51
79
7
2
11
0
57
39
46
29
60
18
25
6
47
64
37
8
65
58
53
64
13
54
15
44
57
69
47
75
46
32
20
3
37
76
29
68
16
59
46
78
59
79
54
71
67
37
1
45
56
78
23
18
67
75
19
64
75
7
13
46
0
29
73
2
62
14
63
51
55
15
66
11
65
65
42
75
3
36
8
4
31
33
74
50
10
47
11
36
74
62
9
60
52
68
71
28
43
45
47
50
16
49
15
69
42
78
28
76
74
68
63
0
50
58
39
20
34
45
9
24
4
72
60
19
4
43
13
23
42
16
67
57
55
6
2
56
68
41
7
6
25
51
39
24
14
26
42
9
64
58
47
33
17
36
5
40
18
20
1
48
11
73
12
77
38
14
76
44
74
60
23
14
47
41
28
6
5
52
19
25
24
76
40
49
63
55
54
37
17
75
40
47
58
64
64
31
7
36
10
53
14
69
68
44
77
46
34
23
79
72
50
31
27
31
37
43
18
63
69
49
62
76
77
16
7
29
73
39
67
19
23
55
21
64
43
0
74
40
20
3
27
40
73
74
71
34
4
7
5
71
1
73
46
71
55
63
72
39
46
63
40
59
14
22
31
25
42
15
79
5
26
1
47
20
44
43
75
64
44
24
13
35
33
69
56
22
19
34
32
9
7
47
32
3
7
19
16
19
34
35
74
3
42
5
44
13
52
15
9
45
61
54
46
18
71
69
28
0
52
46
4
72
69
41
61
43
52
70
58
53
3
70
39
71
26
75
52
67
77
22
24
14
72
66
6
40
32
34
41
61
65
59
16
63
74
44
53
0
32
54
28
8
36
62
9
53
29
70
31
66
47
68
61
15
29
2
43
64
63
49
48
64
63
19
45
48
2
71
53
28
24
60
65
34
56
58
45
21
60
14
32
8
6
53
17
23
17
21
28
71
41
5
69
24
48
74
18
66
41
9
23
76
48
78
67
16
59
15
75
1
75
15
78
34
2
65
15
30
