16
21
19
22
4
22
16
18
23
41
14
38
26
30
17
23
33
13
43
32
45
17
23
23
40
34
26
25
24
39
29
20
33
20
45
25
37
7
40
31
43
37
16
19
29
30
19
7
7
5
20
1
33
5
18
6
6
15
1
0
34
27
19
42
32
9
5
46
44
36
47
30
31
4
26
11
3
46
41
33
43
5
11
22
30
41
24
14
35
45
15
21
16
14
5
24
21
2
47
18
25
46
12
14
24
43
10
13
37
24
38
47
30
29
35
41
27
8
14
16
4
25
26
25
47
31
1
10
38
43
11
47
5
16
14
29
33
35
23
28
21
10
40
41
18
22
4
46
12
43
18
28
37
12
47
16
38
6
42
9
32
18
8
17
1
30
25
3
6
47
9
3
8
11
3
40
34
26
32
29
11
32
39
23
46
13
18
14
14
45
6
32
2
33
42
27
28
18
34
5
22
20
28
28
36
24
6
23
46
36
21
7
22
19
1
5
46
10
8
5
24
20
11
0
40
20
42
14
35
8
47
22
13
10
17
35
8
2
4
6
37
25
39
26
2
24
22
3
9
17
13
3
31
37
47
38
14
44
20
17
18
40
44
14
46
13
4
26
26
29
8
23
30
32
19
21
24
42
8
44
0
40
24
19
21
28
16
22
0
18
42
15
35
16
18
2
10
28
33
12
22
15
34
34
11
3
31
41
9
29
43
36
32
32
17
18
19
20
13
28
45
33
4
25
37
41
6
13
32
15
13
30
14
32
36
10
27
21
43
43
37
38
36
38
11
47
45
31
0
13
39
46
37
21
40
13
45
14
16
8
36
0
6
11
31
44
36
39
13
3
12
35
24
20
19
35
18
10
23
32
15
15
13
2
18
30
21
43
41
37
3
16
43
44
3
13
46
24
9
15
5
8
43
4
21
21
20
8
34
28
13
15
14
37
30
16
6
25
4
43
11
20
44
7
7
41
40
29
29
36
10
14
8
3
29
1
10
1
25
36
30
36
27
6
43
28
43
16
0
16
44
34
9
20
18
32
28
5
3
17
41
17
5
23
17
13
20
4
47
28
47
38
39
10
15
23
46
2
9
21
14
7
17
19
16
6
38
20
11
10
42
11
37
12
5
9
34
34
37
1
15
25
44
30
0
36
18
1
4
35
46
18
39
23
34
28
4
9
21
3
13
27
27
37
5
15
43
5
45
35
45
35
27
39
18
7
33
24
42
46
23
29
32
2
39
44
44
33
41
1
20
40
37
35
42
5
39
16
46
12
46
25
42
25
41
34
38
19
8
30
7
24
38
8
38
41
36
11
0
42
17
33
32
15
9
33
45
27
43
8
35
30
31
27
24
20
0
21
45
2
19
32
46
42
24
32
2
35
6
19
17
44
43
38
40
45
37
10
30
24
18
47
17
34
6
29
31
35
39
30
5
6
1
8
28
5
47
23
15
7
13
4
28
36
43
30
16
38
7
20
36
46
7
30
12
4
20
20
24
13
6
4
28
39
47
0
21
26
41
22
11
4
5
13
22
37
19
2
39
27
21
29
26
40
41
19
32
31
33
0
1
45
30
24
31
45
22
35
17
28
34
5
1
3
46
31
9
28
42
1
2
12
15
47
40
6
6
30
17
26
45
9
15
5
39
22
33
27
14
17
2
22
12
31
4
9
42
23
1
34
22
15
7
26
25
9
10
0
46
26
21
13
8
40
21
47
45
44
39
13
21
31
13
47
22
19
19
33
11
21
45
10
8
5
33
7
30
18
0
17
4
41
19
39
32
9
7
15
26
28
45
5
31
12
40
14
9
32
10
43
32
4
26
9
40
9
47
19
11
14
30
37
16
8
8
24
12
4
12
2
15
6
27
31
16
11
9
11
34
5
29
37
36
8
8
24
45
7
38
17
35
26
24
2
5
23
20
34
10
44
17
42
40
2
40
15
10
13
0
1
44
20
22
38
17
42
41
32
20
39
26
6
11
37
3
23
1
37
0
3
8
32
36
36
37
30
40
3
23
46
23
42
42
3
28
19
29
2
41
42
42
10
4
23
31
22
20
46
14
26
16
3
33
27
3
0
1
18
25
33
25
1
30
44
24
15
35
36
9
45
9
14
36
31
28
7
40
16
38
31
15
37
35
13
16
27
3
27
22
11
19
6
44
19
23
46
46
43
31
23
34
37
8
3
36
12
33
18
21
12
7
7
43
24
40
9
10
5
3
33
8
41
1
43
10
16
9
28
47
13
17
35
26
38
34
6
45
8
29
31
39
28
41
44
23
14
1
21
39
1
24
1
26
35
47
44
38
45
32
33
16
17
27
41
46
14
2
42
39
23
29
39
7
6
31
2
12
34
3
44
2
40
38
33
22
46
11
31
24
35
41
5
6
3
14
19
16
32
31
20
24
20
19
31
29
10
29
32
32
47
14
44
40
35
40
4
36
2
44
35
42
14
39
26
32
39
8
46
27
15
12
17
43
9
19
23
44
37
10
6
25
4
18
25
1
38
26
40
9
7
45
42
31
0
11
15
38
13
23
2
22
45
12
41
26
38
23
18
12
11
41
8
14
1
24
9
35
16
45
21
1
39
47
34
29
21
2
35
27
22
4
10
43
5
13
23
38
40
36
42
33
24
11
6
33
30
27
40
29
26
20
7
19
5
26
4
32
42
34
29
37
7
14
35
26
39
7
18
12
21
44
2
37
38
36
38
33
44
1
18
12
29
15
26
2
18
33
19
34
25
11
33
41
12
5
19
41
34
29
34
3
22
7
11
35
11
43
36
47
33
35
44
22
42
29
30
25
7
0
22
15
47
23
35
8
17
22
28
12
30
47
39
25
29
21
10
22
0
38
38
22
3
0
0
11
18
28
0
4
7
4
20
11
0
17
26
6
45
0
45
4
36
2
5
34
47
46
35
9
27
25
20
2
42
42
14
45
38
41
43
27
46
44
40
25
2
25
16
40
17
39
40
26
29
20
15
7
38
41
8
30
15
19
27
37
37
44
1
25
34
44
25
13
3
46
14
3
0
27
10
34
12
29
22
46
28
42
27
10
12
7
25
41
36
43
28
44
45
6
27
28
0
31
25
12
23
43
33
16
41
27
34
18
28
4
0
17
11
25
15
21
12
17
16
31
30
13
47
23
32
39
2
47
31
9
14
36
27
47
37
10
26
6
39
0
27
1
29
17
10
29
21
20
