49
22
32
38
15
28
48
44
55
13
15
61
16
5
1
45
26
57
21
19
32
45
12
34
1
33
0
14
63
3
46
27
46
37
18
31
42
20
16
36
44
0
10
29
28
61
26
43
56
17
37
7
43
57
30
34
54
22
22
39
13
59
45
25
63
9
35
28
23
47
20
17
54
62
11
60
18
48
53
13
35
24
12
29
51
35
5
59
30
41
14
34
62
40
19
37
56
23
41
24
63
50
50
63
52
25
43
52
17
55
47
6
7
58
2
59
25
12
33
36
33
21
39
4
9
40
26
51
38
31
11
4
46
49
8
50
30
42
14
43
6
3
2
52
58
5
31
41
2
44
11
14
53
51
54
53
19
49
27
9
23
61
24
6
60
9
33
38
10
55
2
39
10
19
7
5
62
59
20
1
36
47
56
57
29
21
27
8
