26
20
39
28
18
1
26
42
31
11
18
33
22
9
14
43
0
29
15
23
38
43
7
44
14
45
14
11
32
6
42
6
42
46
23
16
41
7
22
47
41
15
10
0
2
33
1
39
29
23
45
12
39
29
20
44
25
20
20
45
5
27
43
3
35
9
43
1
20
40
7
22
25
30
21
33
23
26
28
5
44
5
10
0
30
46
9
34
19
36
17
44
32
37
16
39
28
21
36
5
38
27
30
35
47
3
37
24
22
35
40
11
17
31
13
34
3
4
38
47
38
15
47
8
9
37
1
34
26
4
19
17
40
46
8
27
19
41
11
36
14
6
13
24
32
12
16
26
13
40
2
14
24
34
25
35
23
46
2
19
21
35
5
11
33
18
38
28
10
31
13
45
8
21
17
8
32
27
4
17
47
41
31
29
0
16
2
10
