49
50
51
30
49
5
49
52
36
17
49
69
74
65
4
61
8
47
30
43
56
5
13
29
51
38
75
50
74
75
77
53
43
30
74
79
21
20
23
53
55
58
43
74
26
3
36
49
75
37
1
44
14
67
3
19
36
58
42
76
16
21
0
71
60
17
11
64
9
67
46
41
13
19
47
46
14
9
43
65
56
9
6
73
75
13
57
29
22
36
45
64
50
60
78
78
48
56
24
24
53
17
31
69
39
45
40
79
22
6
11
49
16
25
22
2
61
59
68
38
2
10
79
67
25
11
26
0
0
69
64
58
3
7
44
21
66
75
45
6
65
26
49
57
15
54
48
38
14
57
14
78
18
60
30
30
18
61
63
77
45
50
20
50
24
48
47
48
4
58
19
78
27
77
77
58
47
40
74
25
65
52
9
25
4
33
12
76
8
41
28
72
42
34
41
57
37
73
64
41
44
30
43
42
56
15
59
49
52
74
38
63
66
16
11
57
17
33
8
40
41
4
75
76
7
46
13
71
57
19
16
22
10
20
36
0
64
42
60
73
53
14
10
34
3
14
44
79
26
45
39
75
57
20
45
34
5
74
9
72
55
25
23
10
40
79
18
72
77
54
73
59
31
77
12
29
18
9
56
36
63
0
76
70
27
0
32
13
36
56
59
75
37
28
14
21
47
48
30
33
78
29
0
61
13
8
44
63
30
10
15
44
46
53
10
28
48
78
45
66
28
18
54
9
55
79
8
49
25
42
35
20
53
6
7
46
18
11
20
54
71
79
19
50
79
49
28
50
60
18
29
40
61
74
54
50
34
76
19
1
0
1
50
54
34
12
54
51
56
57
47
5
23
33
76
39
79
42
19
73
39
78
46
79
18
11
79
75
30
4
44
68
33
8
0
5
46
70
74
26
72
13
32
22
11
43
77
53
8
44
46
79
9
29
14
6
12
61
2
36
38
38
52
63
4
16
0
24
7
48
69
34
4
78
42
36
58
72
8
3
45
37
17
37
27
0
14
3
28
71
52
31
69
59
1
38
37
3
42
33
17
15
26
68
65
26
75
43
64
65
21
29
44
73
1
14
66
68
42
67
77
8
53
32
20
34
22
56
64
19
35
40
65
7
77
0
31
21
21
23
25
62
43
1
13
73
71
34
45
56
4
42
16
68
6
47
65
75
52
71
43
32
75
35
29
32
64
26
35
51
58
6
51
1
78
4
42
13
28
61
46
27
61
54
20
32
69
32
6
75
32
70
31
25
15
55
40
51
54
16
12
15
9
62
50
7
71
68
54
25
60
47
17
61
74
24
78
69
3
14
46
56
60
66
34
76
23
6
11
43
67
44
11
10
45
27
5
52
28
17
28
60
34
79
49
68
15
77
64
63
47
16
5
48
64
49
27
31
5
2
38
33
7
39
35
8
57
39
27
1
60
7
43
24
31
52
21
58
20
25
16
48
38
48
13
70
76
19
39
40
18
75
40
51
34
71
40
70
62
30
77
34
62
74
33
33
25
40
40
27
48
3
38
32
42
69
74
55
30
58
21
42
55
42
11
56
55
63
72
69
52
77
2
45
33
17
37
12
66
51
43
8
16
73
48
70
26
27
60
12
78
37
55
36
32
43
54
35
54
63
34
62
26
28
3
78
66
20
63
51
25
31
67
38
24
34
51
19
51
20
49
7
17
56
39
26
4
3
35
23
66
26
71
24
37
9
2
2
32
41
66
21
22
23
42
62
70
60
33
13
64
6
75
4
18
39
34
69
62
7
74
38
46
1
36
5
71
40
22
72
34
19
32
31
53
43
7
59
72
57
31
19
15
3
68
45
35
34
18
12
4
18
60
2
10
6
79
35
35
77
2
66
53
64
48
38
64
75
15
13
70
22
32
21
64
18
56
31
15
58
58
46
67
68
42
47
48
71
71
76
54
1
16
54
16
27
65
6
31
50
23
38
79
72
44
36
69
22
49
22
52
25
12
64
67
63
35
73
35
23
33
76
2
6
57
26
69
5
1
25
48
4
59
29
72
63
65
21
61
57
60
2
56
35
39
15
10
5
26
10
55
34
46
18
63
68
76
20
27
47
20
38
33
51
67
37
70
15
20
62
41
11
62
36
64
54
70
41
39
13
50
50
59
66
66
73
51
2
43
38
30
12
44
70
24
65
56
26
60
39
25
15
61
18
9
23
18
40
59
9
47
9
28
3
19
45
19
47
17
32
69
25
0
17
59
62
60
29
50
17
36
8
10
10
46
29
28
12
1
67
36
74
51
53
78
24
27
6
71
57
43
79
6
47
4
5
66
65
23
44
12
29
65
16
78
72
58
15
70
58
76
57
59
1
28
8
57
18
29
48
58
30
77
16
26
45
13
75
62
0
70
24
37
59
35
78
55
38
76
55
33
72
23
51
77
39
40
31
5
67
41
2
21
51
39
54
24
68
61
33
60
67
64
33
21
11
56
18
20
50
68
23
67
27
22
31
33
9
72
62
79
16
12
41
10
52
4
70
70
45
31
71
65
14
67
49
66
73
29
30
23
36
9
1
37
72
62
64
39
37
63
50
53
63
15
5
73
12
23
62
27
41
42
8
17
57
7
31
31
61
28
12
13
23
36
39
8
62
41
14
4
17
30
27
33
60
2
69
27
30
24
16
53
77
10
21
67
14
2
29
52
32
3
15
71
73
11
13
66
71
45
35
70
23
59
16
41
50
40
29
28
30
29
46
58
31
44
14
4
76
2
9
41
52
1
21
27
6
19
0
41
68
24
32
46
5
22
63
51
69
61
54
6
61
59
68
6
14
38
76
73
9
22
49
72
40
62
73
63
46
55
3
74
37
76
24
63
22
36
74
69
19
12
11
5
56
52
44
1
67
44
49
33
71
59
72
22
41
20
76
54
10
78
74
28
7
57
39
8
19
19
13
75
7
55
37
11
55
0
47
66
13
69
78
71
11
70
52
77
12
55
37
49
21
77
36
3
10
58
58
3
59
68
39
67
73
62
17
79
29
68
7
13
53
48
69
56
24
14
10
48
16
51
3
53
17
69
25
1
17
55
49
11
22
79
55
65
52
37
4
59
55
47
58
53
65
62
66
26
67
73
11
74
76
24
52
63
70
28
41
8
57
68
44
20
53
52
72
26
25
7
10
61
73
12
15
21
47
23
22
43
59
28
9
37
78
27
24
2
8
68
0
54
65
60
9
44
34
1
43
46
47
30
2
35
9
66
42
45
5
41
72
53
35
8
15
61
