23
28
16
10
21
13
20
5
12
11
18
17
17
8
10
11
18
17
5
19
4
12
26
23
29
28
4
8
30
7
5
18
5
11
8
28
5
13
18
27
0
2
14
5
13
11
9
1
26
8
5
15
15
30
21
6
29
28
14
17
18
21
1
18
12
29
27
5
22
10
14
30
5
21
26
16
11
18
23
25
7
14
22
31
18
24
23
21
8
27
8
15
29
20
19
25
7
19
25
15
17
0
8
22
29
31
0
26
6
7
19
26
6
1
11
27
17
30
4
15
15
28
12
15
4
19
16
19
2
25
17
19
24
27
4
7
12
1
8
20
10
25
4
14
8
21
4
8
0
23
0
21
15
3
25
20
10
19
20
11
14
4
23
24
27
12
5
5
7
30
30
7
29
21
28
22
28
21
4
12
31
16
4
7
14
3
28
4
7
18
2
8
27
29
30
3
2
28
14
29
2
26
12
27
11
1
28
20
11
2
15
30
5
10
14
12
25
23
27
27
30
9
22
7
31
31
5
0
0
3
9
10
28
19
15
20
24
22
31
6
16
8
0
16
26
6
1
25
10
31
1
16
18
18
24
18
15
6
22
31
17
3
3
14
5
31
31
13
27
4
9
9
3
14
20
10
28
19
19
30
28
12
5
5
26
15
20
18
14
22
2
17
28
11
4
22
20
18
6
0
13
9
20
25
24
21
22
18
18
23
10
22
12
7
18
13
17
12
23
19
6
30
20
30
20
23
29
29
3
7
18
29
4
14
30
17
21
2
8
8
25
14
26
31
2
16
5
24
14
9
23
26
6
30
10
18
9
2
4
4
9
3
31
4
5
10
19
4
6
27
31
18
24
28
24
17
31
24
16
10
9
30
31
29
24
25
21
13
17
20
15
29
17
22
29
27
1
26
26
15
10
19
23
20
5
31
7
0
11
13
14
20
24
15
4
28
9
25
26
20
5
7
20
19
11
2
14
7
16
19
30
16
19
19
30
9
29
14
21
9
21
6
16
31
1
9
24
18
13
7
8
13
7
22
25
2
14
20
5
7
25
28
6
28
5
15
4
6
11
22
5
21
25
6
15
17
3
19
16
29
9
9
25
22
14
7
12
27
17
22
11
13
28
13
26
0
23
21
3
0
22
9
10
0
7
1
11
30
8
10
31
14
17
10
30
26
14
17
28
27
3
2
11
29
26
14
10
30
21
5
22
29
14
26
30
26
18
8
18
7
29
21
20
24
11
14
8
4
21
13
18
25
27
3
30
3
8
27
4
13
19
19
7
29
16
24
3
11
24
17
13
30
21
20
11
12
23
17
26
22
6
28
9
11
10
25
11
11
3
25
19
5
15
17
24
31
7
0
13
12
10
22
10
13
27
23
12
1
24
31
29
3
23
26
7
16
23
15
4
15
2
11
17
8
24
16
3
18
0
26
19
20
9
20
3
29
22
23
20
0
16
30
10
13
12
17
0
21
15
29
1
10
7
0
19
24
30
14
28
2
28
14
9
8
30
1
7
1
2
25
0
13
1
1
6
9
30
12
15
24
12
13
9
18
2
23
12
30
25
15
19
29
12
20
0
24
27
13
27
31
27
11
15
3
10
18
22
13
16
1
27
5
26
20
4
16
7
22
3
26
28
10
12
0
26
27
15
16
14
15
0
17
12
10
30
21
1
4
28
9
20
2
1
14
18
6
18
1
7
7
7
16
0
31
6
22
22
2
9
1
20
11
8
25
2
19
26
29
15
19
29
31
31
11
13
22
20
15
16
26
18
5
15
22
4
12
16
23
20
9
6
29
12
8
28
15
11
12
1
8
3
9
15
6
19
27
31
28
13
20
4
28
6
23
5
4
26
22
29
20
17
0
6
6
19
25
2
7
1
28
2
0
3
3
23
21
24
8
16
23
17
29
7
21
7
3
0
24
25
28
16
18
25
21
23
16
31
28
2
24
29
11
25
20
22
2
5
2
26
7
6
6
23
3
10
20
18
14
1
28
29
12
17
0
18
4
19
8
7
25
2
6
17
22
17
5
11
0
24
28
29
2
13
18
26
11
30
18
16
23
31
31
30
19
10
16
31
25
8
30
4
9
7
20
23
30
17
28
27
16
24
8
2
19
14
16
0
6
7
4
15
21
23
23
8
9
8
3
16
31
0
4
4
26
25
17
26
6
4
9
31
1
11
28
0
6
10
1
10
25
30
26
25
23
18
10
21
21
26
6
13
25
10
18
16
0
26
8
29
7
24
10
30
24
4
15
26
11
24
15
21
16
3
23
28
24
11
27
4
22
31
0
28
5
27
26
9
20
5
14
19
4
2
4
11
1
8
13
3
29
14
19
15
6
25
12
9
12
16
18
3
13
14
14
16
10
27
11
30
4
30
3
2
1
8
3
25
29
9
3
17
17
25
16
20
10
24
19
24
13
11
27
24
11
8
29
19
15
17
0
3
9
20
8
4
25
27
9
14
18
19
12
5
17
28
27
12
15
29
30
16
9
24
14
3
3
12
22
27
24
5
6
12
23
10
23
31
31
1
5
25
13
29
0
5
4
16
14
12
9
22
27
2
22
1
1
30
9
0
16
10
2
6
23
6
3
10
19
7
29
13
27
15
14
25
13
21
17
29
5
20
13
2
3
3
22
2
1
12
12
20
21
24
0
8
0
31
23
6
26
27
1
10
15
27
13
27
22
17
30
27
19
13
22
2
31
27
29
29
26
8
11
28
31
19
21
5
12
30
22
22
3
14
9
6
1
17
28
15
23
3
7
27
4
19
12
22
6
28
18
31
26
21
31
21
23
7
13
17
8
21
11
8
11
5
28
16
13
4
18
10
30
9
25
12
2
12
18
21
10
9
17
1
7
5
31
7
5
12
16
21
21
6
14
27
1
4
15
31
23
24
24
12
24
17
9
10
14
17
9
2
28
18
21
6
13
26
22
5
26
5
21
5
23
3
10
23
3
21
19
12
25
24
7
24
31
22
25
13
0
10
13
15
14
11
6
18
9
26
21
20
23
2
11
14
13
6
1
3
3
17
6
17
29
21
0
0
16
23
20
7
20
18
6
16
15
9
25
27
29
22
1
2
13
22
20
9
25
15
14
11
23
30
31
8
19
13
20
28
26
1
19
5
29
22
2
26
21
26
28
30
27
2
24
10
8
23
27
6
24
4
24
2
13
17
16
31
1
0
15
1
8
0
2
12
1
8
23
6
19
13
12
11
8
2
25
1
0
2
11
21
30
0
25
1
31
27
