23
25
27
19
30
0
30
5
20
22
18
29
27
13
20
18
21
4
3
16
31
9
14
28
9
1
14
13
16
14
23
11
16
3
20
13
26
3
28
30
10
15
23
6
11
17
3
20
22
18
18
30
4
30
4
22
0
15
26
29
6
29
17
13
27
8
30
26
7
1
13
9
3
3
13
16
20
12
12
1
31
24
16
3
10
2
26
20
21
6
12
31
17
22
7
10
19
17
24
9
18
13
19
8
27
30
24
3
28
6
14
1
28
6
9
7
22
24
25
31
8
22
18
9
24
20
30
1
30
2
7
11
20
2
15
7
9
12
5
3
4
23
9
28
19
25
23
26
8
18
23
6
30
22
8
12
11
20
22
28
19
28
16
16
22
20
2
0
29
15
26
13
9
11
21
17
0
4
14
30
10
5
17
3
6
22
3
18
9
27
0
12
29
31
19
1
15
27
5
21
2
9
4
4
4
30
3
18
13
11
29
5
6
5
12
7
4
22
3
17
5
0
21
31
7
14
22
14
29
12
20
28
7
18
28
15
1
23
31
2
16
26
9
18
9
25
14
16
5
27
9
6
10
26
2
25
2
4
1
17
6
19
22
16
12
11
21
2
24
14
9
30
18
2
8
15
19
9
12
20
28
10
26
7
31
12
12
28
23
25
15
25
14
3
9
28
28
23
14
14
18
27
11
26
10
10
5
19
6
29
27
13
16
3
1
4
15
2
9
23
25
11
28
8
23
12
21
26
3
7
21
23
26
6
12
10
22
27
17
0
28
5
29
23
25
4
10
21
22
15
15
22
30
2
4
27
22
25
11
19
30
0
15
8
11
6
18
5
22
5
30
2
5
3
12
27
8
11
22
16
18
22
10
29
12
19
16
4
0
21
11
11
29
21
14
2
22
30
7
21
26
21
15
11
7
28
14
0
28
10
3
31
2
1
4
3
8
31
24
9
0
16
29
15
16
24
8
14
12
2
14
9
29
18
20
17
14
19
4
0
31
0
28
30
31
23
26
4
27
7
19
25
0
29
13
23
12
21
30
13
17
18
8
23
1
31
7
23
21
10
9
19
15
11
29
25
6
18
8
26
1
24
5
12
11
4
10
22
4
18
29
2
17
25
6
5
11
6
8
0
13
21
21
17
21
21
24
30
13
28
21
20
0
15
9
1
20
24
5
20
10
5
19
13
26
0
27
5
3
23
1
21
19
12
19
13
26
29
1
6
15
9
8
8
28
13
20
0
2
17
5
1
18
23
12
11
24
9
26
17
29
25
24
7
23
1
0
28
16
14
18
7
21
31
28
5
14
3
12
29
2
0
22
25
24
14
6
29
13
10
17
14
11
20
15
2
19
2
28
2
10
17
5
11
21
0
2
7
5
31
2
15
29
10
16
20
25
13
1
10
4
2
21
11
31
24
25
18
17
27
10
21
22
19
15
19
5
12
26
7
14
22
8
3
21
18
11
26
8
12
0
11
28
2
16
25
18
9
10
1
3
24
0
1
6
23
26
13
22
7
24
26
8
8
29
7
7
11
14
17
13
3
14
27
1
14
19
4
11
7
9
19
7
27
13
21
12
22
16
20
2
30
4
8
25
12
0
27
13
4
30
22
3
11
24
6
31
4
31
12
12
18
17
8
2
28
23
25
22
31
14
13
18
19
15
27
30
4
3
23
11
17
12
18
13
19
8
27
31
4
29
11
27
6
31
22
26
23
31
29
31
12
30
10
6
19
6
10
31
13
28
3
31
18
22
1
14
18
20
5
31
24
5
14
20
15
20
29
14
4
27
18
16
3
14
14
12
29
1
10
30
24
20
18
17
11
16
26
4
7
21
22
16
31
17
3
10
2
6
5
8
1
29
14
6
4
20
27
4
23
3
15
23
3
24
8
22
7
24
30
6
10
11
22
9
19
21
10
5
6
0
5
10
29
24
8
7
31
30
25
16
13
29
11
15
26
31
15
15
14
12
7
9
14
13
28
9
2
18
1
14
15
30
30
31
24
23
10
28
22
21
13
24
19
10
10
26
27
18
23
4
19
12
7
11
18
23
1
25
21
8
16
30
5
16
21
9
4
8
12
28
0
27
19
16
13
12
5
11
11
11
21
6
29
8
15
21
30
18
7
20
15
20
25
7
13
23
21
28
16
20
28
3
27
1
25
24
8
30
1
6
14
30
4
20
27
7
16
28
24
5
2
28
1
0
26
17
21
12
8
14
0
30
26
1
9
1
15
1
12
4
17
16
2
24
9
19
19
15
29
3
22
25
7
29
13
12
9
16
9
20
25
1
28
0
3
29
17
27
9
3
23
8
25
20
19
3
19
8
27
23
29
24
17
16
17
11
27
8
29
8
1
15
28
7
27
21
29
10
13
6
25
30
17
20
18
10
25
30
10
6
5
27
0
24
22
1
17
7
16
29
25
14
6
19
26
17
0
13
30
19
31
6
9
25
1
10
29
20
22
2
31
7
6
10
7
20
18
31
18
25
30
16
25
21
10
2
28
20
26
27
17
26
6
19
15
20
31
7
12
2
11
23
5
25
17
17
31
26
22
6
13
27
18
2
0
13
18
7
24
25
3
30
16
10
29
17
23
20
13
27
2
18
16
12
28
17
14
5
13
31
7
24
4
9
3
27
20
17
22
5
24
28
13
9
27
22
3
29
25
5
13
27
5
9
15
13
17
15
15
19
4
20
0
23
21
6
15
19
31
8
7
3
30
12
31
8
11
27
12
10
16
18
26
10
16
31
11
24
30
6
13
26
22
17
6
1
2
9
24
1
6
6
17
14
19
26
28
16
25
30
23
25
11
20
23
6
16
17
26
26
23
24
10
22
3
24
25
14
7
1
25
2
29
6
11
15
4
16
16
15
31
3
31
18
15
4
2
16
24
25
0
10
9
17
23
16
17
6
0
12
4
5
24
11
27
3
30
2
8
0
19
17
27
25
23
7
26
1
26
19
30
24
28
2
21
22
4
5
4
21
27
25
28
20
3
27
7
24
29
25
20
27
27
8
16
9
13
8
10
21
24
16
0
1
2
20
7
31
11
19
27
23
15
9
0
21
7
4
15
7
5
23
26
14
19
3
13
0
17
20
23
2
1
0
1
5
1
8
5
28
28
11
15
10
30
30
31
15
12
2
22
14
5
12
0
29
2
6
15
5
29
23
9
24
9
18
24
26
25
25
13
14
22
16
29
26
12
8
10
8
0
6
5
19
0
23
3
0
31
19
8
21
18
31
26
10
21
11
15
28
1
9
8
1
31
28
0
14
26
5
28
21
4
20
23
4
26
26
28
18
4
24
14
13
19
