33
42
35
36
23
33
14
43
6
39
38
8
31
14
9
15
7
10
21
10
0
40
16
8
36
13
24
11
18
22
20
31
27
41
10
32
20
29
15
17
47
7
35
46
16
14
41
5
11
29
35
3
13
31
12
30
4
38
20
32
42
38
25
26
42
16
39
2
3
4
45
13
11
19
6
41
31
28
27
42
22
36
46
28
33
27
5
0
18
44
24
5
34
17
3
7
37
9
28
45
7
5
24
35
40
25
34
39
46
44
20
4
1
9
2
19
8
26
8
37
45
46
40
45
1
25
3
13
26
38
34
43
32
20
8
43
35
39
4
0
27
47
43
5
12
44
22
19
21
16
6
11
41
14
29
26
37
28
30
23
15
1
39
32
15
25
47
44
9
23
46
20
30
2
10
33
17
36
19
21
35
23
2
12
23
21
28
37
17
22
