5
57
60
61
53
53
18
45
37
62
47
57
17
62
35
63
26
57
13
12
6
43
63
23
46
37
0
20
29
35
23
14
23
2
60
11
40
40
41
14
38
37
54
62
42
19
49
37
47
6
26
59
22
51
35
19
52
60
52
61
4
2
1
42
33
35
59
21
36
17
23
63
56
6
28
61
31
16
56
55
63
12
22
1
27
9
16
22
44
54
46
5
61
8
56
15
60
58
7
20
16
29
28
43
28
32
25
1
57
40
45
42
17
27
45
55
3
26
44
32
22
48
58
61
10
36
14
26
3
35
27
62
5
58
26
33
26
55
43
44
43
10
26
25
15
25
18
7
51
44
50
10
24
54
55
63
30
25
24
8
14
20
31
41
50
40
7
41
46
29
9
45
1
5
45
30
3
61
51
63
24
52
55
36
38
29
55
31
50
14
18
20
32
26
50
46
49
37
48
33
25
44
54
5
3
28
6
39
12
63
48
41
27
32
16
2
46
23
11
16
15
31
7
1
36
5
51
7
20
9
9
56
29
54
21
59
1
48
49
38
47
54
30
29
6
10
62
17
36
36
1
5
43
37
63
59
31
44
15
24
18
18
33
14
13
0
13
11
54
47
20
36
8
57
4
60
40
31
1
9
13
49
63
59
59
45
49
44
38
62
56
0
16
9
28
54
49
38
53
52
5
47
38
17
3
46
12
60
50
10
19
45
32
27
28
14
54
30
30
46
58
31
18
26
55
57
14
19
7
45
31
25
1
32
49
62
18
43
49
28
39
40
7
37
43
56
13
29
53
34
36
30
26
15
2
7
18
50
49
54
16
35
54
12
4
58
20
42
35
27
51
53
45
30
15
32
4
5
8
26
35
13
47
51
2
39
38
41
48
1
22
49
8
59
1
55
62
0
22
34
23
54
42
50
10
24
53
56
15
8
31
27
49
14
37
10
9
22
22
40
36
0
6
11
24
39
19
48
44
52
32
30
16
60
31
9
52
34
0
20
0
36
40
62
3
33
56
57
53
6
6
36
51
21
12
12
18
11
48
30
3
2
44
22
36
29
35
25
0
38
28
4
60
29
60
38
17
18
59
23
0
57
5
62
24
41
51
61
28
21
51
2
55
1
13
10
23
22
39
11
47
17
18
62
63
55
27
6
40
41
5
33
7
43
57
15
53
10
2
0
47
40
38
1
32
28
40
20
2
5
33
4
53
17
16
47
46
24
33
12
17
24
19
29
14
13
1
3
50
54
53
44
16
15
16
43
19
48
31
31
4
28
10
51
20
43
37
12
41
56
7
62
45
61
10
62
63
51
47
6
21
36
54
34
38
43
42
14
26
39
38
20
35
20
30
23
18
27
37
55
36
61
59
38
8
2
46
37
12
13
49
19
20
47
59
15
22
48
42
15
44
13
25
34
53
35
56
43
3
11
61
60
4
28
42
26
33
34
25
46
11
56
46
58
32
39
54
12
52
38
40
19
41
1
42
41
43
36
19
8
10
31
5
57
60
37
62
6
24
58
8
57
42
58
60
20
7
51
57
46
37
4
11
32
0
0
34
7
7
58
9
21
61
51
19
13
25
29
30
51
10
50
42
12
9
32
34
37
42
17
5
52
18
28
7
57
23
39
23
19
21
17
45
43
11
28
19
51
50
31
46
43
34
30
0
49
23
35
39
9
35
38
53
41
7
33
9
26
38
12
55
18
53
26
52
13
40
27
3
8
2
49
50
41
21
18
41
31
15
53
53
52
29
32
3
24
11
8
56
56
30
11
1
19
49
36
14
57
58
19
28
40
20
17
36
44
0
16
44
13
21
16
31
21
31
23
21
46
53
4
25
52
37
59
45
1
47
11
40
41
17
62
18
41
4
54
35
44
21
36
39
21
60
30
9
34
12
8
12
39
6
29
56
57
6
59
63
19
47
21
15
59
4
59
13
27
59
23
36
29
26
62
13
26
8
33
23
51
34
16
3
8
57
62
32
12
25
46
19
61
34
24
55
10
8
7
58
14
61
49
16
42
35
15
53
17
41
50
0
56
22
13
12
23
60
61
7
44
60
52
10
4
25
15
8
5
5
4
20
24
33
40
56
1
7
14
48
1
45
16
21
47
3
62
44
51
57
8
2
5
15
2
17
58
54
52
6
53
60
9
34
22
28
44
47
8
34
24
50
49
9
36
57
37
58
35
9
14
8
2
58
52
43
29
14
2
56
53
38
17
2
59
59
59
39
0
47
34
40
50
37
11
15
43
23
9
26
8
50
39
54
27
59
52
22
21
42
15
0
52
13
4
28
27
55
63
14
11
51
6
44
48
54
30
10
2
7
61
48
16
39
33
46
27
56
58
27
63
14
33
46
48
36
9
37
25
40
31
0
16
3
39
50
4
30
29
63
20
19
24
31
16
19
20
22
38
49
43
30
32
27
56
24
54
32
40
19
21
62
57
31
55
3
49
24
35
46
47
60
45
44
48
62
39
5
61
42
27
4
22
22
6
32
39
37
45
61
37
39
31
18
41
47
23
31
25
10
16
24
45
45
52
41
28
7
34
58
46
29
26
18
34
34
5
22
47
7
6
41
48
13
28
42
17
16
12
55
13
57
3
4
39
8
51
63
13
22
17
33
35
17
42
7
15
21
12
3
42
58
6
48
44
38
52
43
38
2
50
31
4
51
44
18
27
52
23
62
44
1
0
55
17
48
16
32
30
35
35
10
50
20
2
4
60
40
54
15
49
30
47
45
53
25
10
7
30
5
63
19
61
55
63
28
23
10
47
48
27
25
11
9
46
56
40
25
29
34
14
43
51
6
0
56
1
49
63
11
63
1
33
60
28
52
4
17
21
20
15
60
34
58
3
55
34
50
25
58
58
43
48
6
2
29
36
45
45
11
10
39
3
21
24
25
60
23
55
19
24
52
15
33
38
46
11
42
27
54
29
48
59
59
42
41
50
18
5
22
21
14
49
12
3
3
32
22
41
61
46
42
26
35
47
2
3
34
11
52
11
59
45
55
12
30
63
37
33
19
0
52
25
21
33
14
12
62
32
61
14
55
27
33
39
27
48
4
60
11
5
38
11
61
40
61
32
60
33
52
61
45
51
50
8
6
9
17
23
56
24
43
50
63
55
23
57
20
20
29
59
29
39
35
33
12
26
29
0
31
41
57
24
58
48
51
32
58
12
18
15
39
3
37
2
42
18
29
8
10
6
9
42
22
24
27
26
35
47
