47
47
26
21
35
45
21
31
11
42
40
19
34
34
6
26
26
3
2
20
46
4
0
15
6
22
6
46
6
9
46
4
0
46
0
14
11
39
31
9
18
28
8
16
46
11
45
18
11
1
14
27
31
46
25
11
5
20
17
40
8
37
0
47
42
36
18
47
43
11
20
16
44
36
0
30
17
30
7
28
26
33
0
20
44
29
14
17
2
18
40
39
17
42
46
6
39
24
29
23
39
31
9
38
29
13
39
44
16
28
4
36
28
35
35
15
19
30
1
43
23
21
21
31
9
12
7
41
44
45
5
23
20
26
44
20
8
1
31
42
8
15
24
23
1
30
25
35
18
14
9
12
13
34
15
3
15
11
42
3
45
27
22
1
43
42
0
14
41
16
41
43
24
36
36
3
44
39
13
17
32
39
12
20
13
40
41
41
6
36
9
36
14
40
33
2
34
44
17
4
25
16
13
2
37
26
27
32
35
5
35
29
11
37
28
40
34
28
0
17
45
29
37
30
17
45
39
10
12
25
15
15
19
6
23
45
33
16
8
24
6
33
10
45
16
10
22
28
27
3
31
3
31
26
26
14
25
17
34
1
19
35
36
47
36
10
1
46
44
29
40
1
18
47
32
34
1
42
30
22
23
27
18
0
11
40
17
18
40
31
43
30
9
12
26
41
17
8
14
3
11
27
27
5
39
38
15
6
30
41
13
45
35
6
15
37
1
6
8
13
37
10
31
36
16
8
43
31
18
10
41
8
38
31
12
28
22
12
9
29
46
11
0
46
14
10
25
6
0
16
19
16
17
34
28
8
47
30
0
46
21
30
7
45
36
6
24
18
47
11
20
4
29
37
25
47
16
42
43
1
33
28
35
24
16
37
17
3
1
43
20
20
33
28
2
13
47
18
37
1
12
22
33
18
2
45
8
31
32
23
7
2
31
8
28
37
20
19
47
43
34
17
0
5
32
19
36
38
40
45
41
36
24
4
38
29
0
23
11
33
47
44
5
0
9
15
23
14
2
38
19
7
8
15
31
32
29
41
37
23
30
16
20
29
38
38
15
22
38
39
4
40
6
31
32
14
35
0
1
35
37
33
22
33
4
43
45
11
21
39
25
38
29
26
6
41
47
1
23
19
25
5
30
23
36
14
32
35
27
0
20
37
22
47
16
37
35
31
28
43
13
13
21
12
27
7
26
35
6
27
42
35
10
22
47
24
24
40
13
12
31
15
0
10
25
14
18
8
25
2
0
37
6
7
27
22
5
16
0
22
16
19
32
37
25
35
36
40
40
32
21
22
47
46
3
39
14
43
32
13
25
23
40
5
15
44
5
46
20
28
41
22
8
21
31
1
15
24
17
19
4
44
0
37
17
38
3
46
15
46
36
43
23
23
46
37
41
45
27
3
2
47
2
7
7
23
26
42
19
28
2
30
35
47
40
29
13
6
26
8
10
37
31
13
3
1
23
18
16
33
9
32
8
3
23
0
28
26
17
5
1
21
39
32
13
2
32
19
42
28
44
34
35
38
14
35
42
42
33
25
36
4
35
15
42
13
21
10
2
32
27
41
39
26
28
38
4
19
13
11
46
45
13
25
2
37
8
9
6
33
3
22
33
23
21
34
10
46
7
28
26
1
11
24
29
36
10
36
34
20
30
39
15
8
29
23
28
32
17
44
5
32
30
20
14
10
38
43
29
7
35
16
35
1
14
11
21
16
9
1
4
39
26
2
46
40
31
9
19
29
10
17
15
22
27
27
12
34
39
11
14
33
3
44
21
4
6
25
40
38
6
36
9
31
39
39
22
43
32
28
12
19
43
30
2
17
13
5
25
2
20
1
32
13
8
45
47
33
18
25
8
22
7
36
15
9
27
3
28
27
32
7
10
44
9
10
3
2
11
25
16
21
46
0
43
27
16
42
19
37
26
30
20
10
45
41
42
29
5
10
24
44
0
15
9
28
46
7
45
38
34
30
26
27
46
15
34
32
2
19
44
5
21
28
25
37
45
11
37
24
23
19
4
34
12
32
47
33
12
8
35
3
0
18
26
36
20
20
1
31
47
7
44
20
28
41
10
38
21
31
9
4
43
3
22
7
12
32
1
39
36
16
6
19
30
34
34
11
21
11
4
24
41
0
27
6
14
2
29
3
4
25
33
7
2
34
44
45
26
14
14
26
24
31
36
7
19
5
20
33
38
26
23
12
29
33
11
9
9
13
5
35
30
16
40
2
29
0
17
35
22
20
13
12
34
47
17
36
4
29
8
22
25
9
36
6
46
1
26
9
12
14
21
1
27
3
22
11
41
43
11
27
3
14
29
47
43
32
39
6
4
15
15
41
45
34
30
7
2
27
40
26
20
25
34
20
32
12
47
30
30
12
38
12
44
43
13
41
9
46
5
29
30
25
0
41
13
4
24
14
22
2
24
36
5
42
42
22
34
25
7
38
40
10
47
25
4
16
24
41
7
35
40
45
44
29
8
15
13
7
10
1
2
5
11
20
22
18
46
3
4
38
36
3
29
39
18
24
21
23
20
3
28
21
9
4
27
24
38
40
13
29
34
7
18
9
41
18
4
38
17
11
7
39
24
40
40
44
4
40
39
26
8
22
5
4
45
14
37
15
11
14
18
5
16
2
35
17
6
27
17
43
15
21
33
5
32
6
42
40
19
16
12
12
19
33
44
20
35
42
20
33
18
39
43
23
38
28
43
41
18
24
5
47
19
3
44
9
44
44
42
5
27
3
46
38
9
47
25
38
38
40
24
33
35
10
30
34
37
13
26
10
13
31
42
32
21
5
40
10
4
35
23
34
11
35
17
41
12
43
5
30
33
42
29
30
42
27
7
45
42
34
18
21
41
15
1
37
19
25
22
5
41
45
7
13
19
31
42
10
23
30
43
32
42
21
6
30
41
45
42
46
18
7
39
34
25
19
6
37
39
21
4
42
24
10
1
29
47
19
17
23
31
10
16
31
12
27
28
14
9
4
41
34
21
22
18
3
12
9
45
44
24
20
8
45
45
24
8
24
12
33
19
3
41
17
18
12
43
32
37
10
43
44
38
37
27
7
23
33
12
40
17
21
47
14
21
11
41
46
5
16
24
8
35
7
44
24
44
23
15
22
14
26
18
28
23
2
43
34
38
16
46
36
8
5
17
26
2
47
23
