32
7
2
35
4
38
28
58
29
30
61
62
14
2
14
36
57
14
54
28
57
27
25
19
11
29
6
21
52
58
46
33
41
60
19
44
57
63
58
12
32
40
28
57
22
17
2
5
37
28
5
57
46
33
6
6
54
53
33
13
7
38
36
27
15
60
61
26
24
35
53
10
28
53
16
18
8
3
62
50
19
40
54
53
7
28
45
11
58
28
34
1
59
45
34
29
30
43
37
47
29
36
41
27
2
16
50
16
41
41
22
14
6
54
14
59
35
61
4
55
32
53
22
63
37
60
0
13
43
25
59
30
38
24
58
9
48
48
37
21
54
3
6
54
15
51
20
51
32
33
25
31
39
19
36
48
44
11
34
41
11
24
22
27
39
49
63
22
13
56
9
5
19
53
57
39
29
31
42
52
52
46
5
58
40
53
42
37
22
26
57
18
0
4
3
29
8
57
10
3
2
63
24
48
24
0
27
60
26
40
31
20
38
15
31
25
0
62
40
26
13
47
16
22
3
14
38
11
50
45
43
50
25
55
56
55
38
11
50
0
57
46
20
6
28
42
15
50
11
55
39
18
25
15
4
60
2
45
23
41
24
15
13
61
30
37
7
28
2
60
38
11
47
19
15
7
20
18
44
33
61
27
39
58
27
30
49
39
25
39
61
53
28
23
40
30
49
63
7
45
4
57
12
48
5
20
53
29
42
35
53
42
17
48
30
33
9
54
42
52
36
32
44
27
48
8
58
49
11
37
56
56
19
31
21
37
16
8
17
10
59
42
17
50
43
0
9
14
21
0
16
18
53
36
15
25
29
42
27
42
26
52
36
45
50
48
12
22
13
8
15
60
43
43
51
54
33
16
3
31
26
3
26
30
46
33
56
60
18
35
53
38
43
9
41
7
0
32
0
47
55
17
10
4
43
12
60
25
10
8
26
44
9
1
46
62
47
12
18
6
40
7
10
16
20
13
28
9
54
63
9
54
6
20
56
50
52
39
29
63
48
59
14
20
3
19
43
5
46
48
59
37
60
46
25
22
55
47
34
56
21
60
24
51
58
2
13
49
17
18
7
51
51
24
53
55
61
7
3
5
4
45
51
34
62
17
61
46
16
26
10
59
62
56
62
59
8
24
35
45
10
41
62
1
52
30
11
33
10
11
22
2
54
26
56
46
15
28
63
45
62
21
12
5
58
49
54
31
1
39
9
42
49
9
36
27
29
58
24
4
48
48
18
33
52
8
8
23
35
7
41
42
29
56
16
6
37
40
50
59
44
43
36
26
7
44
60
6
1
44
23
34
27
26
33
36
33
26
0
9
20
1
37
1
11
6
39
56
39
38
39
61
2
13
45
6
28
28
19
15
48
18
27
6
59
13
32
23
23
24
21
38
55
44
19
58
42
38
25
47
17
58
52
45
6
50
59
20
12
49
63
24
30
5
47
54
10
20
5
26
26
58
28
35
27
1
11
15
0
61
39
58
42
53
30
19
0
36
29
55
18
57
6
32
29
1
52
52
63
48
63
45
9
43
37
45
55
32
41
1
50
12
16
62
38
8
52
20
25
50
54
61
49
50
21
30
15
14
44
26
15
41
39
51
5
51
47
54
61
30
10
51
59
50
41
34
62
46
18
18
33
54
14
38
38
23
17
46
49
19
59
45
45
50
37
21
25
59
52
34
44
60
51
6
6
36
28
34
54
60
1
48
29
4
55
63
5
13
32
22
39
38
47
57
44
19
4
36
13
56
42
4
13
38
8
22
48
23
20
0
49
1
36
62
43
44
25
23
49
54
12
27
38
38
35
42
19
11
23
18
60
45
49
40
18
12
21
8
11
61
39
16
2
57
41
34
21
13
44
22
26
9
56
61
5
22
59
4
37
53
1
24
29
23
10
46
51
47
43
5
52
30
12
5
37
1
40
60
6
58
27
5
11
15
32
47
37
56
0
43
58
20
24
51
56
27
37
14
49
14
19
46
18
41
15
40
16
49
13
40
0
35
55
23
55
34
0
32
29
2
44
9
3
35
8
21
35
7
21
46
43
11
21
2
21
36
23
27
6
11
48
30
53
10
9
25
46
29
18
45
21
62
30
0
16
34
35
6
58
62
16
9
20
52
7
35
10
40
12
40
59
23
39
1
3
42
12
63
56
31
5
3
40
31
14
47
27
37
52
36
32
62
15
5
43
19
60
30
31
9
57
46
4
29
3
27
2
8
32
46
12
29
38
50
26
54
7
53
63
4
39
48
33
53
7
19
54
25
55
12
49
25
14
7
55
33
0
35
46
55
42
9
52
4
48
63
31
44
52
41
23
62
26
8
10
30
12
17
24
23
21
0
31
3
28
9
41
48
31
43
34
41
47
33
9
2
32
21
22
43
61
61
10
39
19
32
36
16
20
31
17
35
60
36
40
17
37
32
24
28
23
37
39
55
15
7
40
25
42
11
29
56
25
45
40
23
18
45
34
57
51
36
2
57
34
0
35
51
40
8
10
4
49
27
61
16
8
2
29
8
9
1
5
42
47
34
56
14
4
32
28
44
48
52
1
43
16
60
59
13
47
7
45
14
31
33
57
31
49
34
26
54
12
42
19
17
2
6
21
25
13
23
36
17
47
5
19
62
22
0
10
39
36
55
50
2
41
31
24
4
20
35
14
46
25
34
30
1
44
50
3
14
8
22
43
49
28
63
18
63
4
27
35
47
30
14
50
44
8
58
24
56
46
43
60
47
58
13
54
52
62
40
51
21
38
16
11
20
59
55
22
61
62
41
12
60
13
47
63
39
48
19
24
61
59
14
43
57
15
4
11
41
1
50
27
1
55
48
63
51
47
17
10
22
17
61
51
59
4
63
56
28
22
3
9
27
0
8
10
41
34
3
38
2
39
12
44
11
30
14
17
42
37
53
17
34
15
49
24
53
35
51
23
25
16
26
33
11
20
59
32
57
13
51
10
50
28
42
46
6
53
18
16
58
61
47
7
44
22
61
20
2
17
18
7
52
12
56
53
54
6
34
33
60
49
2
2
58
5
15
47
16
28
62
0
32
1
57
35
58
56
36
10
21
2
27
22
13
62
32
31
10
14
17
13
7
55
23
36
30
35
8
4
19
44
3
5
34
18
62
33
63
59
32
63
26
8
3
52
46
31
38
14
7
24
12
21
1
59
31
9
5
31
49
13
31
55
3
23
56
55
16
55
43
45
62
47
29
50
33
12
41
40
23
15
17
31
17
25
31
1
41
43
6
23
33
24
34
4
57
44
20
33
3
40
45
45
21
29
60
18
53
15
40
57
30
51
51
38
51
57
22
61
39
52
34
20
24
42
15
12
11
37
59
49
26
20
32
63
3
63
19
16
37
