2
58
59
51
5
29
25
3
59
26
39
49
21
26
48
11
42
44
37
49
56
12
3
39
42
50
61
38
49
11
8
53
0
16
63
28
31
30
19
13
11
25
51
4
49
6
13
61
12
6
22
32
6
18
61
1
7
54
27
40
34
60
37
22
40
27
4
43
10
57
16
32
25
5
29
5
4
25
12
30
8
58
61
12
42
52
52
27
16
28
22
12
28
20
21
37
51
14
24
22
44
39
43
22
26
15
38
20
29
54
11
54
15
1
40
38
45
63
8
19
63
35
3
29
31
25
23
8
17
14
18
32
36
62
18
3
38
17
6
25
56
56
11
47
52
6
36
3
31
58
49
9
48
59
41
61
18
30
46
48
46
11
53
60
3
14
2
0
53
61
38
5
36
36
12
58
45
34
37
19
24
35
38
54
55
21
24
37
35
52
44
56
35
33
49
36
14
31
47
7
24
61
21
28
50
17
2
27
16
18
40
16
27
23
39
40
4
55
22
47
55
21
23
15
27
45
47
31
38
22
37
22
14
47
25
40
42
28
55
51
36
46
14
27
53
26
19
6
8
58
44
11
27
20
5
61
19
32
50
52
60
4
47
0
61
29
17
36
43
18
33
6
8
50
33
62
27
21
43
18
55
36
57
31
45
8
3
0
46
53
28
22
39
37
55
35
62
48
42
21
49
9
34
39
37
22
37
16
33
45
30
20
51
52
28
21
31
17
36
40
2
56
48
39
60
9
14
8
5
43
20
54
24
22
12
43
29
40
0
28
4
50
32
14
23
34
18
58
39
26
14
59
33
22
1
31
33
41
3
55
57
6
14
16
59
48
63
25
42
24
55
51
34
27
58
26
10
57
7
38
37
54
16
56
58
54
26
35
35
8
57
17
4
21
48
7
17
56
62
2
46
8
58
34
3
28
5
59
51
2
31
5
24
54
2
35
30
20
19
5
4
0
15
41
8
41
26
38
32
44
2
50
39
44
6
53
41
38
17
17
38
23
57
42
36
50
52
15
28
27
55
43
36
23
11
23
52
18
10
59
21
9
33
53
46
49
17
45
61
30
51
31
35
63
20
5
15
50
24
19
29
2
1
34
57
35
46
62
48
16
62
27
24
2
57
45
43
55
24
43
40
57
41
4
37
6
9
14
3
38
36
16
29
21
52
30
46
24
54
62
51
49
2
39
54
39
43
59
5
1
47
25
46
47
53
33
2
18
34
57
25
9
7
8
35
21
27
1
7
24
32
10
26
16
10
61
26
51
63
43
38
27
32
19
54
57
62
3
59
6
18
48
59
19
61
52
28
63
41
35
22
60
60
12
35
42
18
52
52
50
2
34
15
14
23
47
5
38
18
18
29
42
12
32
36
34
33
11
52
1
54
53
51
58
5
60
7
29
9
15
55
53
23
1
46
25
63
39
29
31
50
5
56
6
55
13
9
59
50
34
48
61
7
63
42
57
57
20
63
60
45
57
19
46
51
2
18
41
23
20
4
55
56
33
16
19
25
57
62
54
48
45
59
45
47
11
15
52
23
1
9
40
31
6
29
14
48
32
39
15
39
35
54
9
48
10
21
42
15
28
12
47
5
4
27
19
44
40
28
56
29
9
9
11
59
58
48
51
23
61
36
6
43
40
46
6
19
62
52
55
55
45
46
7
55
16
57
31
58
8
47
14
29
36
30
0
30
51
47
40
49
49
32
0
14
53
15
53
41
38
52
13
35
29
19
13
46
30
26
50
45
7
46
40
21
31
36
4
54
22
46
21
58
34
40
7
11
56
3
13
58
11
26
8
13
55
52
63
53
11
62
61
57
25
13
26
31
30
2
53
28
18
23
1
32
28
20
46
3
43
4
20
19
43
57
6
1
6
5
7
17
54
5
42
49
9
42
52
19
37
34
16
27
59
12
21
49
44
15
49
0
53
51
23
44
17
55
12
41
26
56
38
54
61
22
37
50
3
37
48
50
8
49
63
20
7
10
15
28
22
38
30
24
28
55
0
12
25
13
25
34
39
42
24
11
43
9
13
11
33
43
10
50
12
50
17
33
9
54
47
37
9
31
20
5
17
20
18
51
36
25
57
40
10
59
62
29
60
42
17
34
17
53
61
29
61
10
58
13
19
18
49
37
13
24
55
41
0
3
9
11
10
20
40
23
5
24
39
51
50
44
56
0
58
45
3
62
27
56
17
45
29
41
17
26
30
28
8
3
45
16
26
19
8
18
32
30
63
15
47
10
59
62
62
34
24
13
32
36
31
1
27
9
16
21
22
60
10
11
59
34
23
32
9
47
47
31
57
44
44
58
14
1
62
7
59
14
10
2
44
63
35
34
34
14
16
30
58
3
43
3
48
41
56
33
9
50
25
38
6
1
1
30
41
1
46
2
24
19
32
2
4
12
60
60
63
58
1
15
43
56
18
18
46
10
45
37
17
62
41
41
31
20
50
38
60
30
61
42
3
19
21
7
26
51
13
24
30
41
6
56
24
45
12
25
41
34
6
13
26
39
4
45
13
62
56
0
56
23
33
4
33
26
62
18
9
20
4
14
47
22
1
42
63
35
19
22
44
60
28
23
23
32
29
29
22
41
60
39
11
20
47
7
20
36
0
7
15
25
48
53
46
36
61
20
60
17
23
48
16
41
42
1
14
52
56
61
53
4
32
31
38
52
32
11
35
30
39
39
28
54
59
53
21
10
56
49
55
35
58
25
37
32
20
53
4
51
53
44
41
21
47
60
31
25
44
15
30
49
7
40
5
2
3
29
33
27
48
62
60
33
13
62
10
35
44
13
48
50
46
0
7
27
54
62
32
45
63
40
2
50
57
45
42
17
35
49
49
4
28
28
60
43
12
12
8
44
32
9
27
5
61
20
37
23
8
5
24
22
0
0
13
42
26
43
32
7
23
4
34
49
26
16
7
36
27
14
33
51
45
56
41
27
54
31
45
16
60
59
34
47
39
44
18
42
52
7
22
4
5
10
37
58
11
12
40
24
35
42
46
41
30
13
21
11
57
46
13
39
37
40
57
19
22
1
59
33
15
44
58
0
30
63
6
19
0
30
10
0
33
47
24
52
63
43
11
16
12
26
39
6
42
44
54
16
15
62
53
10
13
63
0
17
8
3
0
33
38
12
23
8
35
3
12
56
58
54
1
28
63
48
49
13
48
38
55
25
45
61
53
47
10
34
33
10
17
21
36
43
40
6
63
59
38
12
15
44
21
49
1
37
9
29
7
10
44
55
4
50
15
15
2
37
26
20
48
49
60
52
60
2
51
51
60
31
1
14
36
63
25
42
29
2
9
58
14
