45
16
34
6
17
33
43
41
17
44
13
19
5
9
13
35
19
26
3
23
16
34
36
41
6
38
27
5
0
23
34
6
2
41
38
11
12
11
36
4
45
33
15
32
41
12
45
22
1
1
40
21
36
22
24
8
31
33
42
45
40
14
14
0
5
6
1
41
2
36
9
1
45
41
15
38
19
40
34
38
8
0
7
36
7
30
7
26
4
41
15
12
39
45
16
46
43
23
14
18
24
40
15
33
29
28
38
30
7
38
5
43
31
19
30
34
30
19
47
39
32
46
14
47
17
15
15
35
22
11
20
20
44
32
7
34
9
14
15
23
32
40
10
25
11
24
44
22
29
16
30
32
21
25
9
20
40
12
24
2
30
3
6
26
37
44
27
15
26
4
33
6
5
25
31
20
10
25
20
13
37
38
24
44
30
27
37
4
39
38
38
8
14
20
24
43
42
9
43
35
28
30
24
28
14
22
45
16
11
30
34
19
41
14
43
25
37
12
14
17
45
3
43
13
46
17
20
12
47
4
21
0
38
18
20
39
41
9
21
36
39
2
9
31
1
15
42
5
2
35
13
25
17
40
34
41
10
16
10
16
13
14
38
5
16
19
9
20
31
31
11
20
4
11
22
31
17
8
12
40
0
38
1
25
46
2
22
43
31
22
46
0
41
42
7
7
18
42
38
32
31
3
5
37
27
1
15
11
11
24
7
33
6
33
47
33
37
10
31
37
32
12
33
3
26
47
42
1
7
31
40
34
23
2
34
34
7
26
34
43
30
37
15
33
44
29
35
7
35
28
9
6
10
42
24
6
2
25
22
23
3
27
28
13
43
1
40
15
0
15
40
23
33
22
36
19
21
4
28
25
26
20
7
31
40
38
46
39
10
9
0
42
12
19
30
35
35
41
23
42
25
6
45
19
35
4
27
23
13
8
23
26
2
46
24
21
8
1
24
36
8
20
6
32
22
28
6
15
36
9
3
6
13
29
5
2
44
21
9
34
29
46
35
10
45
45
29
44
29
28
7
47
18
1
33
27
30
39
12
37
40
20
27
46
29
26
23
40
8
45
39
4
47
23
43
42
12
14
27
46
22
28
36
3
33
34
43
3
30
25
20
32
32
45
19
0
45
38
12
12
17
27
13
13
35
46
11
22
4
28
12
9
21
16
11
15
15
17
47
11
13
33
1
28
16
19
7
15
41
44
9
45
11
38
3
5
23
19
28
10
15
1
37
47
30
26
29
20
10
43
21
33
26
5
32
20
39
8
33
39
10
30
18
6
0
39
14
12
13
43
31
35
44
31
31
11
32
28
2
39
27
46
31
32
3
25
1
13
39
47
7
20
16
10
2
32
35
20
4
29
36
38
23
18
2
20
18
47
46
5
41
43
17
32
22
36
32
15
6
40
27
15
38
25
42
18
8
0
45
13
37
0
1
1
32
37
36
8
3
44
26
0
24
28
35
46
26
41
8
23
6
25
23
14
41
38
9
8
42
0
26
16
44
2
31
13
13
47
25
22
46
14
10
24
46
6
24
7
18
26
10
46
31
11
11
21
14
34
17
19
4
40
19
4
1
22
26
37
13
38
10
37
9
10
3
42
23
19
24
35
12
5
46
24
34
29
3
5
39
10
12
26
41
12
14
17
10
38
7
15
1
20
17
19
14
46
35
36
25
10
2
28
7
22
22
27
42
39
11
41
40
18
39
0
7
34
8
8
45
41
32
9
9
28
42
46
30
15
15
26
11
19
17
10
47
1
7
29
19
42
4
0
32
36
18
38
18
43
36
17
37
5
27
46
0
20
8
41
43
35
25
10
27
6
23
39
26
6
23
5
5
33
19
13
21
1
2
39
35
32
24
7
27
11
7
28
5
29
16
35
6
16
31
29
28
16
21
44
2
16
14
30
24
14
15
42
29
31
24
39
28
21
1
26
12
20
44
22
2
47
22
35
47
13
3
31
47
29
3
40
40
37
33
39
33
21
35
42
43
19
4
34
24
25
18
46
18
2
7
17
5
5
27
37
4
39
38
11
25
30
6
39
30
26
2
5
16
25
45
33
38
18
14
12
31
13
37
44
22
37
4
47
3
43
44
44
30
43
24
34
4
23
28
4
4
17
41
9
8
23
8
0
34
10
5
31
0
18
24
5
44
41
3
43
17
40
30
11
44
36
16
0
8
5
27
7
13
24
29
28
26
21
37
6
21
32
2
17
19
1
21
4
27
29
18
18
8
27
47
23
1
47
39
5
2
23
37
4
36
40
34
42
1
0
2
28
16
14
16
41
34
38
25
36
6
22
34
4
9
22
26
22
44
45
31
41
44
13
42
17
40
21
17
32
0
37
2
12
19
35
45
3
18
40
8
21
0
31
6
42
2
37
40
45
37
29
8
3
33
46
3
33
44
45
45
45
37
3
17
36
45
46
24
41
14
23
18
23
6
33
23
25
33
30
12
9
45
19
11
17
16
33
12
5
3
29
36
35
40
5
10
25
16
4
22
1
5
13
18
29
34
43
15
21
7
17
14
24
29
10
19
13
11
12
2
14
42
8
7
10
41
28
14
33
13
0
20
19
21
25
23
17
24
21
9
22
16
7
18
16
44
9
4
31
4
43
34
38
47
8
22
8
39
17
40
1
47
40
3
46
16
42
31
0
2
19
26
18
26
20
27
37
11
35
44
2
3
33
15
17
11
34
23
1
13
16
25
43
16
18
24
14
13
47
29
6
47
39
29
20
33
17
24
28
29
3
28
46
12
44
9
40
43
34
42
11
45
35
15
9
39
25
9
18
44
39
28
19
11
43
22
35
35
36
5
42
3
43
0
15
42
47
5
28
24
6
18
34
10
36
10
37
6
42
19
36
27
30
18
16
35
12
40
26
3
41
47
32
41
32
43
1
18
42
3
9
45
0
33
26
5
44
21
12
13
37
21
30
16
44
21
14
21
46
29
32
17
32
4
27
29
45
27
15
20
7
21
29
8
20
17
26
47
15
46
37
44
43
30
27
30
14
45
41
41
36
18
30
29
10
23
29
39
36
2
28
0
7
36
27
8
42
36
14
27
8
9
39
19
3
6
26
20
40
47
34
11
46
12
43
38
31
35
20
22
25
11
8
1
30
28
16
47
39
44
2
35
4
23
22
14
31
32
20
12
4
20
2
40
43
8
33
31
21
8
7
22
10
11
23
44
46
17
35
36
10
47
16
9
34
14
4
41
27
38
21
18
6
11
25
38
24
9
25
32
0
38
23
37
5
32
38
32
25
26
34
30
1
46
35
13
27
36
47
32
47
21
42
12
10
30
27
29
0
28
25
