10
7
1
0
22
14
15
28
29
2
9
7
31
26
7
7
12
8
15
27
18
11
17
30
28
2
6
24
18
31
1
6
24
16
29
10
25
22
27
11
23
26
16
9
9
27
21
25
26
1
23
14
14
31
9
29
0
19
18
31
16
2
14
18
22
26
8
4
1
24
29
19
11
17
4
10
21
13
3
14
16
1
20
5
2
20
27
20
25
12
28
29
0
1
23
19
5
27
0
5
25
8
12
21
24
7
10
6
1
0
2
31
22
25
4
17
15
12
16
20
8
0
14
10
5
19
1
10
10
5
13
16
11
9
31
7
10
29
30
10
6
22
22
19
31
19
13
23
24
14
23
27
12
15
22
17
16
30
19
17
2
26
20
5
26
8
9
24
22
3
28
15
17
31
19
21
4
14
31
15
7
28
8
16
30
10
12
27
14
23
9
12
9
6
28
6
3
24
14
9
0
13
22
14
10
27
0
0
13
30
19
28
29
31
0
14
14
10
24
15
0
26
12
30
26
17
4
5
28
6
6
10
4
17
8
27
27
9
16
22
21
19
28
8
30
7
24
19
22
5
29
21
28
11
27
10
23
2
25
0
2
24
8
20
13
17
26
7
19
23
12
18
20
25
5
16
28
25
19
2
22
30
7
15
25
30
12
22
9
0
26
22
26
31
26
4
21
13
21
9
24
6
10
3
12
24
29
12
29
18
12
18
2
3
17
31
11
22
17
25
11
15
4
20
10
10
17
25
30
15
20
30
22
14
5
25
6
28
3
17
9
0
24
4
20
15
15
11
3
6
15
23
24
5
22
11
26
17
17
17
19
21
14
1
26
5
2
28
14
29
10
27
23
17
18
31
6
20
11
1
16
27
0
24
8
6
24
29
9
8
20
28
30
6
18
2
15
11
5
14
8
29
8
2
24
5
28
29
16
9
18
31
14
15
14
26
24
1
9
16
5
22
9
16
11
18
21
4
6
31
1
8
7
26
17
28
8
17
18
7
18
18
29
15
23
29
0
20
13
6
3
28
0
31
19
14
15
15
24
28
20
12
10
11
20
28
31
21
14
11
27
17
6
30
25
25
16
19
1
28
11
7
23
23
6
21
2
2
12
10
5
27
14
27
8
15
27
14
1
16
29
22
12
23
23
29
13
29
18
28
30
4
10
8
17
8
1
21
1
20
29
21
19
24
26
12
9
26
30
6
22
16
23
18
23
27
4
9
13
6
27
21
6
11
1
27
0
22
1
15
14
9
28
31
1
19
11
29
10
7
0
20
11
22
24
11
24
9
11
13
12
31
19
28
12
0
25
4
29
6
31
20
14
28
23
26
23
11
12
22
14
15
27
6
16
18
3
0
29
10
7
22
4
15
13
26
15
13
19
17
4
23
26
31
5
9
15
30
30
3
27
13
6
9
8
19
13
23
27
19
0
1
1
27
5
11
17
5
23
3
5
0
23
16
27
8
11
31
30
31
9
20
13
5
7
1
29
11
24
11
31
21
12
12
9
31
20
28
6
29
15
2
12
19
13
24
22
3
23
6
3
17
19
30
15
2
29
17
23
9
17
2
5
20
2
5
30
16
29
16
26
6
14
20
7
18
4
17
22
26
15
13
27
11
1
15
20
19
18
12
4
12
23
22
30
28
30
16
16
17
3
24
10
19
29
28
5
9
8
16
15
13
7
20
30
31
0
16
2
24
22
25
27
24
8
3
19
11
10
7
31
17
24
30
23
15
18
25
9
31
1
24
14
18
8
26
5
1
20
8
11
12
31
5
27
4
30
21
16
8
13
13
16
22
4
31
29
20
15
5
15
14
26
2
3
7
31
2
9
0
4
4
18
15
4
29
17
2
11
25
10
0
4
12
2
4
21
18
3
19
7
21
12
19
24
16
13
21
7
4
22
3
31
23
9
13
2
5
2
7
4
13
15
30
19
22
7
12
15
14
1
21
7
13
3
30
31
3
5
30
3
18
21
0
4
25
3
4
6
8
6
6
22
19
19
13
1
11
18
8
13
19
1
20
17
3
22
21
0
5
12
23
23
16
22
24
26
6
13
10
9
16
2
31
7
11
19
2
4
1
4
7
4
11
2
18
14
17
21
8
4
7
18
20
26
24
9
13
26
2
30
4
2
27
13
25
10
3
30
0
26
15
26
22
11
17
4
1
1
13
6
26
10
23
27
3
24
29
4
27
8
21
23
14
20
7
24
10
9
17
16
26
3
1
16
30
3
12
5
26
24
11
3
10
19
24
27
24
10
10
26
28
0
7
18
13
9
8
27
20
25
8
4
16
20
1
18
28
12
7
9
26
14
17
21
11
31
20
26
29
25
19
2
26
25
3
23
17
12
8
18
2
20
26
0
18
1
17
13
1
19
16
27
30
31
23
12
23
28
14
10
2
19
9
16
30
5
16
2
28
29
4
0
17
27
7
31
7
11
18
22
28
30
25
12
25
9
7
9
20
30
21
19
30
6
25
13
30
21
18
21
14
25
11
0
13
8
29
7
27
20
10
1
23
18
3
13
24
21
25
23
21
14
25
5
25
10
21
8
3
13
17
27
15
22
3
27
9
8
22
2
20
23
11
31
3
6
28
25
0
23
12
25
8
29
21
28
4
21
10
30
12
30
12
23
14
25
7
21
1
29
7
30
20
30
30
13
2
7
7
6
27
10
16
16
18
1
24
7
15
16
22
5
31
20
17
17
26
21
25
29
8
11
19
0
28
20
2
5
12
18
14
12
3
3
3
13
6
27
15
26
25
11
15
8
26
18
6
12
29
27
23
23
21
4
1
13
26
14
31
11
6
2
3
8
6
0
14
4
19
5
23
22
24
1
26
25
16
12
5
18
0
9
17
25
7
16
25
3
5
6
0
10
3
11
19
25
18
0
27
28
7
2
15
29
4
14
2
3
22
20
25
21
7
8
13
13
2
0
2
4
18
31
18
14
25
12
30
7
15
10
5
26
6
20
22
10
13
22
9
0
16
3
1
4
16
30
6
21
21
14
19
21
4
31
28
11
3
16
13
11
24
8
15
23
1
21
19
22
8
1
26
3
29
25
9
6
29
5
1
30
31
2
28
10
21
18
20
6
23
27
27
8
9
20
19
25
28
28
3
0
1
18
29
0
31
24
31
18
19
10
29
5
14
0
5
27
12
23
15
3
13
3
0
24
11
11
29
25
28
17
29
6
5
31
20
14
24
12
10
15
13
27
18
10
8
17
2
24
28
15
9
17
7
9
28
20
6
28
21
16
22
5
5
28
25
8
4
29
21
