14
7
0
2
38
21
21
41
45
3
19
8
39
28
7
8
17
23
21
39
44
20
39
41
24
5
8
27
45
35
0
7
40
29
30
22
40
31
38
13
33
34
24
19
23
37
25
36
27
0
31
17
16
28
17
32
2
44
44
40
39
5
23
47
33
42
14
7
0
40
43
39
18
24
7
20
25
13
5
16
28
1
31
6
5
41
47
47
30
15
35
30
1
0
35
39
6
40
2
6
42
12
13
32
33
7
14
10
2
2
4
36
31
29
7
27
15
22
30
30
18
0
21
17
8
26
1
13
14
9
20
26
22
21
39
7
14
35
35
15
10
41
37
25
27
36
20
33
40
15
47
26
17
15
33
25
33
43
37
31
4
43
38
6
45
15
12
28
47
5
29
15
26
34
42
25
10
16
43
23
7
45
21
30
38
13
18
46
17
45
13
13
13
9
41
11
4
26
18
13
1
12
30
16
13
42
2
0
20
31
42
34
46
28
2
12
21
14
40
21
2
36
14
37
42
38
10
8
24
9
10
14
10
39
23
37
33
13
32
30
39
40
45
23
38
7
39
37
25
6
46
45
33
22
36
14
26
3
38
2
3
30
14
41
21
25
27
11
32
35
16
32
47
32
6
37
41
29
37
3
32
36
6
15
38
34
23
38
19
2
34
44
35
40
45
11
25
20
29
19
28
9
13
4
16
40
30
15
35
31
15
44
3
5
24
27
22
44
38
28
20
17
7
41
14
14
38
24
25
14
40
27
30
16
6
24
10
45
5
25
19
2
26
8
47
21
22
13
4
9
22
43
34
8
32
21
41
46
24
31
37
29
23
0
47
6
5
40
12
26
14
43
28
34
31
42
8
41
19
1
45
43
1
40
23
10
36
42
19
22
36
24
30
10
27
3
18
18
8
12
19
35
13
3
33
11
29
35
34
23
32
40
12
21
16
34
33
1
17
26
6
27
17
38
19
24
25
11
10
43
0
12
7
46
33
41
12
43
44
7
44
27
45
18
33
35
1
39
20
10
5
45
2
37
43
21
16
18
28
34
46
15
13
19
29
44
28
25
16
18
45
44
10
40
31
28
26
37
0
45
21
10
24
39
8
25
3
5
16
12
6
37
15
33
20
16
33
12
1
26
42
42
17
44
26
28
12
29
24
34
27
7
17
23
31
22
0
29
1
46
38
31
42
29
40
15
19
34
36
10
40
39
24
34
24
43
8
19
15
8
37
32
10
18
0
47
1
28
2
21
16
23
41
43
1
26
21
28
17
7
2
47
18
29
38
13
40
19
19
19
23
29
32
45
23
0
34
7
34
9
27
47
16
24
27
42
33
19
17
46
18
21
33
9
36
44
4
2
35
12
10
33
6
18
12
41
22
13
32
31
8
39
30
36
6
17
19
43
35
5
39
14
9
23
20
26
15
37
33
42
2
0
0
26
8
20
42
6
29
3
6
1
44
32
45
13
13
45
34
42
21
47
16
11
6
1
39
21
38
18
35
44
14
14
19
26
47
24
9
35
18
4
15
25
20
36
33
5
47
9
5
42
32
27
22
3
29
42
44
21
31
3
6
47
3
9
37
38
46
34
43
10
17
35
7
32
11
38
41
27
23
15
37
18
0
22
26
25
37
14
11
18
37
41
43
34
46
30
30
44
5
32
17
36
43
45
6
17
20
30
22
20
9
39
24
35
2
41
5
40
42
28
37
37
13
4
32
18
16
9
27
44
26
43
32
22
39
43
17
41
0
40
22
36
13
27
6
1
44
18
18
14
40
8
33
11
36
25
30
22
16
20
32
29
8
46
24
41
22
8
16
16
34
3
4
10
45
3
19
2
11
11
44
21
8
45
42
3
21
27
12
2
8
13
3
11
25
26
3
39
7
46
15
43
36
30
20
25
7
11
30
4
45
30
23
14
5
6
3
11
11
16
22
27
46
37
8
15
20
12
2
46
8
12
5
38
40
4
6
47
5
27
29
1
10
31
4
8
9
23
9
9
41
24
31
14
1
19
44
20
20
46
1
46
38
3
43
40
2
11
15
37
28
31
40
29
36
9
20
12
17
30
3
36
7
23
44
5
8
0
11
11
11
13
3
42
18
34
25
13
10
7
26
47
34
34
22
16
27
3
35
11
3
46
15
28
17
5
37
1
31
22
26
47
17
25
11
0
1
14
10
34
22
35
33
4
41
33
11
41
22
39
37
17
32
9
36
14
19
24
30
46
5
1
36
28
4
17
9
42
38
18
5
12
39
41
33
38
17
12
43
46
1
10
44
20
23
22
43
46
34
18
10
43
47
1
32
41
15
6
14
31
12
45
33
14
29
26
41
46
24
25
4
39
27
4
31
30
15
22
37
4
28
42
2
44
2
45
20
0
26
38
47
35
35
28
12
26
40
12
16
3
37
22
39
38
11
28
4
39
33
11
2
31
33
6
34
8
17
44
38
34
24
31
23
24
23
9
22
39
42
25
30
27
11
38
14
38
29
30
40
18
27
21
1
20
13
46
7
25
35
19
1
41
44
4
12
46
25
36
24
25
17
31
9
28
14
39
13
5
14
42
26
17
33
4
33
16
19
37
3
47
37
20
47
4
9
41
42
0
44
17
36
20
26
47
46
11
25
12
24
23
36
15
28
16
36
7
42
0
46
9
45
30
30
35
15
3
7
7
10
36
20
42
43
36
1
39
6
15
29
42
8
26
47
46
33
39
32
29
43
12
19
26
2
41
39
5
9
13
37
12
23
5
4
4
20
9
37
16
28
27
19
21
16
28
44
10
13
47
47
31
31
47
7
0
19
47
12
43
21
9
5
3
21
11
1
18
6
32
6
36
47
28
0
28
28
36
21
11
44
1
22
44
29
7
29
24
4
6
10
2
12
4
19
32
36
33
2
44
35
8
5
22
29
8
17
5
4
43
47
24
25
11
23
20
20
3
2
4
11
31
43
46
16
24
15
40
7
21
22
8
27
9
24
40
16
14
42
23
2
26
4
0
10
41
35
10
31
32
21
27
25
8
35
45
19
4
32
15
23
38
16
22
40
1
25
38
29
20
0
27
4
35
40
13
9
34
11
0
27
35
3
45
17
26
32
32
9
38
46
27
23
23
32
30
28
35
29
5
0
0
43
24
1
43
34
35
28
42
14
29
6
18
0
9
45
15
44
21
4
20
5
2
30
18
19
35
36
41
34
30
7
6
29
32
16
41
15
12
18
20
45
46
13
23
45
3
38
34
23
19
31
7
17
41
46
10
45
25
29
40
8
6
35
31
23
10
43
31
