19
11
3
0
46
25
27
54
53
7
20
9
56
35
10
10
16
28
18
43
63
23
50
38
59
5
12
57
63
37
2
15
43
58
62
23
45
51
58
19
58
34
56
20
26
34
36
33
39
3
49
31
30
50
30
47
1
60
60
44
56
5
29
63
35
32
22
11
3
43
56
60
16
35
11
23
39
19
7
25
45
2
47
8
5
41
45
52
36
22
62
42
0
3
60
48
8
44
1
8
46
20
17
50
46
11
17
14
2
1
7
57
32
47
11
49
24
27
38
42
16
0
26
27
9
60
2
20
19
9
27
59
27
16
56
11
26
40
62
26
14
42
44
43
57
36
21
48
59
31
42
54
30
29
35
60
59
56
59
50
7
61
35
8
54
17
26
45
52
4
56
24
43
56
39
36
13
30
61
29
15
50
18
38
57
20
23
58
24
42
31
19
30
14
62
12
4
45
22
31
0
19
42
30
16
32
0
1
16
51
38
38
36
48
1
29
18
23
43
29
1
33
19
32
54
53
13
8
59
15
14
17
13
50
16
45
35
31
62
42
51
40
43
21
57
10
59
44
51
8
36
56
40
22
59
19
48
5
32
0
5
46
22
41
25
60
32
11
39
35
22
63
63
34
8
45
62
50
48
6
47
48
15
24
54
35
17
47
18
0
37
44
34
46
54
13
55
21
39
18
46
12
28
7
30
59
33
31
33
63
23
53
6
5
36
52
22
44
53
34
17
29
11
58
27
23
52
37
37
27
42
49
42
30
14
35
13
36
4
55
26
0
50
10
41
26
28
20
7
15
28
48
34
9
32
26
39
61
36
50
45
39
18
3
34
8
5
41
29
47
17
44
63
49
52
62
15
59
28
2
53
59
1
59
23
14
33
56
28
23
46
37
57
14
52
6
21
18
8
26
22
47
17
7
41
13
54
43
38
26
58
52
31
26
30
35
34
2
29
54
8
32
31
58
22
40
39
9
14
56
3
23
11
39
51
38
20
49
61
10
61
52
54
16
51
62
0
40
25
14
7
37
1
32
60
18
27
25
46
58
46
24
16
18
40
56
50
55
28
18
43
53
14
44
33
37
60
45
3
63
26
12
39
46
9
59
6
5
30
25
8
34
25
44
31
24
43
31
2
60
55
49
24
44
48
37
27
62
40
52
57
11
27
23
49
17
3
58
2
47
34
43
53
61
42
23
25
37
38
13
58
61
40
33
37
63
9
20
28
9
34
62
14
16
3
44
0
63
2
29
31
30
62
32
2
50
19
37
27
10
0
55
20
52
46
16
43
26
16
22
17
37
47
43
26
1
36
11
38
14
57
52
22
40
49
54
35
28
24
42
18
18
43
12
56
60
7
0
33
16
11
34
14
25
24
39
29
19
48
39
15
51
33
56
14
31
26
44
59
4
47
19
15
18
31
50
24
42
35
52
1
3
3
43
8
16
49
8
40
5
8
0
54
55
42
17
22
57
38
32
29
53
22
9
11
2
36
26
33
17
57
44
30
19
18
38
47
40
15
62
29
5
24
60
23
58
35
4
48
12
5
49
48
35
27
6
56
49
53
16
50
6
8
46
4
8
44
54
63
38
44
12
29
58
10
62
13
51
41
49
28
25
34
18
3
31
55
51
45
19
13
21
51
58
56
49
43
38
46
49
4
47
26
36
33
40
15
30
22
46
27
21
10
46
32
37
1
51
5
42
45
50
38
42
17
7
61
19
22
12
57
53
50
55
41
31
40
36
30
52
3
41
22
52
22
32
15
2
60
18
18
30
53
9
54
13
57
46
38
20
16
21
49
51
10
57
56
59
21
8
25
30
35
6
4
12
37
6
31
1
12
12
32
30
9
42
53
6
25
36
28
1
9
17
6
12
55
47
5
48
10
60
22
60
55
55
23
39
10
12
38
4
36
41
31
17
5
8
6
11
9
16
27
55
52
48
10
24
29
21
2
58
10
21
4
51
46
4
15
43
5
57
39
1
13
37
7
9
15
21
14
15
45
40
61
29
2
28
53
21
21
52
2
58
53
4
46
53
1
9
25
45
63
49
41
45
48
15
21
17
30
55
6
33
11
26
60
5
10
3
13
13
12
28
6
61
29
48
39
17
13
11
50
45
39
34
20
16
32
6
57
12
6
49
24
37
24
4
48
1
50
28
35
58
27
55
9
3
2
17
14
35
23
60
35
5
59
62
12
54
21
58
44
23
41
10
33
20
20
48
63
52
7
2
58
37
4
30
12
42
42
20
5
16
61
46
44
34
27
25
44
63
0
13
60
21
18
20
38
58
36
18
13
48
63
2
61
59
24
11
19
49
29
53
41
19
46
55
59
40
33
61
7
43
57
4
40
38
24
23
45
7
35
41
1
62
3
53
21
3
45
58
43
62
32
63
26
63
54
29
20
6
44
20
56
34
9
48
7
62
53
13
1
50
54
15
38
10
31
44
46
56
54
50
31
32
31
10
18
40
57
57
38
35
13
46
19
59
39
63
61
28
36
25
0
25
19
52
11
61
34
26
2
32
60
4
21
57
51
36
32
39
30
33
9
59
19
51
23
7
25
49
35
25
54
7
47
30
22
34
5
41
47
23
52
4
12
39
33
1
58
24
33
21
43
55
63
13
55
20
32
28
57
31
39
22
33
11
53
3
53
12
44
62
62
57
24
6
10
10
15
47
27
55
54
57
2
50
10
24
51
42
11
43
46
55
53
43
60
45
48
23
16
47
0
59
40
5
8
19
52
29
26
7
7
7
21
15
47
20
41
36
20
29
17
41
61
14
19
63
45
50
51
52
15
3
24
32
29
56
28
12
5
4
18
12
1
25
14
61
9
36
42
41
3
40
33
52
18
13
60
0
31
49
34
11
49
45
7
15
14
0
17
4
25
62
36
40
0
55
62
11
6
28
47
10
31
5
7
44
45
34
51
13
22
21
23
6
1
6
13
63
56
55
18
45
24
48
10
29
27
9
32
14
35
41
24
19
42
28
0
59
4
3
14
51
57
14
47
61
26
61
39
9
37
37
20
4
60
24
23
33
17
29
61
2
39
51
38
27
3
49
4
50
53
17
12
43
9
3
35
56
6
40
27
41
63
41
15
51
49
40
17
26
58
54
37
37
34
7
0
2
62
33
0
38
33
37
61
61
23
63
15
16
1
8
54
25
55
27
4
21
5
1
59
25
28
37
36
45
51
62
15
8
34
47
22
47
22
25
21
27
54
41
30
16
42
6
33
58
28
20
50
11
30
39
61
14
41
55
51
53
8
8
38
47
28
13
49
41
