1412 7980
70 280 419 698 773 785 847 1154 1247 
83 231 652 737 809 1207 1220 1336 1397 
142 474 557 626 761 768 796 916 989 995 1069 1296 1323 1362 1392 
188 263 272 841 863 869 905 1250 
111 525 530 534 654 693 699 762 1029 1106 1118 1173 1335 
112 116 157 465 498 547 574 657 661 799 835 966 1172 
139 163 334 440 519 569 600 606 640 819 821 837 859 905 1331 
232 459 649 792 843 1047 1202 1307 1313 1412 
17 118 428 431 758 890 943 948 1015 1247 1391 
11 17 25 65 107 258 455 515 568 892 972 1412 
10 272 305 469 510 1065 1096 1097 1105 
14 209 373 382 453 603 668 1015 1151 1182 1188 
47 326 526 535 1325 1361 
12 104 156 230 242 556 979 1068 1194 1319 
157 294 408 517 530 554 571 648 713 789 1174 1212 1298 
219 278 288 296 587 688 845 911 1002 1312 
9 10 135 204 205 306 330 479 546 824 930 959 1287 1407 
401 469 497 541 916 935 1071 1082 1282 
148 257 334 457 679 718 728 761 861 949 
24 131 203 383 398 445 454 473 555 638 1138 1305 1373 
225 287 355 432 1019 1031 1066 1072 1144 1225 
321 496 776 899 1016 
279 411 561 673 847 1006 1009 1207 1249 1275 1325 1369 
20 414 432 464 570 775 897 906 1029 1310 1338 
10 43 68 228 310 331 342 542 587 629 667 748 807 1014 1100 1246 1347 1380 
77 202 245 296 307 434 557 560 651 812 853 904 974 1064 1088 1370 
228 540 576 683 689 749 848 1017 1175 1234 
217 357 387 525 526 561 708 714 850 865 945 974 999 1236 
36 65 345 631 746 930 1352 
549 617 647 748 785 993 1081 
86 224 228 438 644 728 917 1050 1140 1149 1172 1290 1298 1334 
42 58 59 164 220 282 866 956 995 1093 1295 1367 
53 161 761 1116 1357 
116 157 199 237 277 381 405 571 924 968 1033 1074 
66 257 360 393 425 457 609 662 708 1006 1399 
29 167 178 254 366 638 702 707 861 1043 1068 1077 1151 1259 1303 1323 
125 169 386 479 537 542 553 755 776 813 873 938 942 949 1031 
61 306 418 431 606 870 996 1033 1082 1233 1318 1321 1340 
126 390 715 743 1121 1355 1382 
106 116 148 421 565 617 631 798 873 988 1111 1315 1325 1364 
140 459 612 659 815 826 983 1103 1178 1195 1259 1282 
32 104 142 166 485 608 756 934 995 1261 1362 1401 
25 67 247 387 401 527 677 697 702 724 765 767 928 949 964 1060 1146 1268 1270 
46 87 282 634 712 843 882 887 993 1062 1181 1315 1357 
137 145 256 269 302 315 346 544 558 679 1358 
44 61 73 80 243 250 278 606 672 769 883 920 931 1081 1312 1362 
13 191 198 273 427 504 664 836 1011 1116 1163 1170 1338 
227 298 430 471 570 686 1118 1140 
223 252 714 798 922 1153 1287 1411 
186 431 576 601 632 695 701 816 958 1003 1292 1407 
109 143 286 291 407 414 448 450 451 685 1037 1069 
72 294 390 445 530 565 635 749 931 989 996 1004 1023 
33 129 568 682 777 1075 1212 1283 1307 1332 
70 152 224 276 370 421 490 497 531 539 688 750 964 1025 1319 
130 413 761 794 910 948 958 969 1033 1069 1308 
84 147 164 294 333 339 396 529 686 767 817 884 914 1075 1121 1259 1289 
129 155 263 297 335 349 360 413 454 522 589 751 773 810 812 1114 1136 1172 1290 
32 262 422 457 718 853 1017 1051 1112 1188 1205 
32 104 116 208 211 729 967 979 1159 
115 170 462 504 831 1292 1322 1346 
38 46 188 200 204 431 567 589 617 673 929 957 1150 1166 1288 1341 
243 476 672 1254 
132 225 405 593 732 783 837 989 1004 1009 1238 1282 
85 451 546 567 672 724 764 767 837 845 1191 1224 1282 1359 1398 
10 29 250 262 342 364 437 573 668 749 780 980 989 1355 
35 340 418 474 504 663 687 716 748 1166 1227 1347 
43 247 297 364 457 474 488 519 572 1112 1164 1171 1269 1303 
25 294 326 329 618 737 1017 1152 1337 
83 102 199 200 421 1000 1287 1399 
1 54 695 908 982 1216 1296 
220 506 561 
52 267 325 425 474 502 563 721 1167 
46 234 673 707 774 781 827 914 986 1030 1033 1202 1213 1262 1308 1355 
187 213 214 219 493 655 972 1150 
332 357 363 441 681 955 1031 1215 1270 1319 1340 
250 316 414 639 749 1041 1051 1068 1140 1204 1219 1268 1340 1374 
26 81 346 348 922 
207 246 269 288 402 578 640 755 952 976 1385 
352 395 630 915 988 1002 1116 1191 
46 103 166 269 601 724 1010 1014 1223 1292 
77 83 181 556 623 771 800 957 1087 1113 1120 
204 215 262 365 392 397 700 1066 1170 1332 
2 69 81 151 301 317 329 510 535 636 657 820 842 908 936 1117 1169 1282 
56 212 312 525 1017 1115 
64 96 412 465 483 596 745 757 988 1012 1265 
31 260 441 490 509 522 874 897 1285 1300 1350 
44 209 257 267 490 553 819 1026 1222 1226 1311 
103 235 237 300 357 436 551 646 818 918 956 990 1171 1298 1404 
283 318 319 361 369 485 505 637 721 847 952 977 983 1251 
213 253 335 377 396 419 455 579 663 737 781 1066 1114 
213 229 258 435 485 803 860 1000 1216 1298 
306 545 792 857 995 1264 1311 1316 
388 455 625 854 866 914 970 990 1140 1367 
158 270 532 740 825 973 1078 1083 1122 1136 1313 
249 271 272 313 500 530 1365 
85 99 295 332 393 496 739 805 846 928 1028 1193 1219 1324 
152 524 764 829 1037 1182 1289 
185 301 610 1032 1057 1242 1312 1380 1396 
96 173 378 399 430 735 828 950 999 1265 1338 1384 
182 210 239 288 419 474 675 717 971 1001 1084 1148 1192 
111 114 298 300 317 438 470 1048 1100 1131 1204 1241 1291 
69 113 252 281 313 482 754 805 1052 1054 1286 1398 
80 88 116 216 233 449 485 602 697 834 898 956 978 
14 42 59 117 343 477 561 817 825 955 1101 1275 1368 
368 827 847 855 1053 1083 1280 1397 1399 
40 174 323 405 419 470 564 662 712 722 793 976 1052 1288 1351 
10 424 430 499 836 850 943 1073 1101 1154 1202 1306 
232 542 620 773 925 1004 1102 1207 1234 1236 1271 
51 158 163 216 527 627 912 926 940 1027 1050 
185 299 381 426 507 510 684 918 957 980 1163 1190 1357 
5 101 287 350 532 563 603 655 722 1219 1248 1386 
6 145 205 623 741 854 1035 1240 1265 
102 168 242 433 571 584 624 672 691 768 813 863 1028 1103 1142 1211 1270 1291 1304 1310 1409 
101 172 296 539 712 723 1140 1150 
60 119 259 269 280 293 312 543 819 892 946 1040 1100 1109 1301 
6 34 40 59 103 287 315 589 1223 1229 1243 1293 1316 1373 
104 212 350 423 635 702 736 801 803 867 1063 1275 1355 
9 195 250 290 314 542 661 692 853 
115 120 369 468 551 562 672 843 876 1050 1062 1371 
119 132 197 252 305 354 355 367 465 544 552 903 943 1287 
321 581 603 824 973 1076 1327 1401 
217 386 525 735 959 1019 1108 1258 1279 1363 1369 
362 453 482 525 648 967 1233 1274 1345 
327 482 738 744 789 839 1094 1201 1253 1367 
37 152 524 525 624 676 829 921 1056 1112 1273 
39 199 271 282 349 378 475 720 805 863 923 1108 1276 1381 
137 182 308 373 513 849 866 868 1006 1049 
380 509 578 629 682 754 993 1161 1173 1311 1316 1339 1366 1407 
53 57 192 296 355 447 786 977 987 1064 1242 
55 706 722 925 959 1335 
20 297 358 449 540 611 689 843 894 1050 1060 1189 1381 
63 120 141 273 587 682 729 814 937 992 1009 1027 1198 1219 1306 
256 336 432 509 674 770 799 852 868 907 931 942 998 1321 
160 178 289 538 600 666 726 929 948 1063 1072 1135 
17 252 295 681 827 974 1109 1122 1172 1265 1355 
262 426 438 660 689 824 826 861 941 1147 1193 1301 1396 
45 127 232 558 744 1029 1052 1074 1116 1321 1330 
166 231 262 353 390 447 693 746 918 1300 
7 179 237 420 478 728 818 858 1268 1311 1363 
41 261 270 416 417 420 490 794 875 1026 1341 1409 
132 144 361 494 705 707 751 798 899 1027 1276 
3 42 269 336 379 388 546 1036 1187 1303 
51 172 371 392 731 776 876 997 998 1042 1340 1396 
141 308 351 361 422 565 581 582 727 833 1046 1368 
45 112 341 384 722 989 1152 1214 1221 1241 1245 1299 1366 1392 
288 482 543 813 929 969 1053 1126 1303 
56 309 329 354 536 1137 1148 1269 1348 
19 40 369 403 571 696 1110 1250 
303 331 396 442 539 831 845 1313 
341 451 608 658 667 768 870 910 1232 1270 
83 157 265 658 725 747 779 872 945 1298 1334 
54 97 125 236 278 461 471 488 567 788 943 978 1229 1245 1313 1346 1353 
273 387 464 500 554 712 739 948 962 1090 1203 1328 1390 
248 286 415 468 677 807 817 946 996 1251 1267 1284 1304 1409 
57 177 188 361 452 486 568 639 788 859 1325 
14 161 182 475 566 681 784 806 1162 1185 1317 
6 15 34 151 224 478 484 559 644 770 1215 1251 1284 1364 
94 109 236 278 577 1045 1095 1269 
240 567 831 914 
134 468 844 853 1036 1180 1185 
33 156 186 325 354 362 411 464 714 737 877 914 1287 1360 
186 306 344 478 491 544 664 724 864 928 1264 1361 1388 
7 109 384 527 613 668 959 1006 
32 56 408 457 584 587 627 687 724 766 779 1024 1084 
224 318 606 638 674 699 1050 1115 1232 
42 80 138 299 513 878 1174 1393 
36 185 561 574 726 1040 1070 
113 171 302 338 436 680 732 743 1004 1049 1113 1157 1282 1295 1352 
37 198 253 632 791 923 938 944 1076 1388 
60 198 222 223 519 926 1088 1188 
168 201 301 343 456 926 991 1048 1079 
114 143 210 301 319 644 736 981 1191 1223 1260 1353 1400 
99 205 211 244 341 371 378 603 873 999 1006 1163 1249 
106 262 309 310 482 599 879 970 1067 1226 1398 
267 467 486 716 896 952 1129 1267 
218 353 871 972 992 1067 1091 1272 
155 197 378 429 455 491 692 736 753 771 915 1324 1332 
36 134 301 524 582 682 775 800 816 1029 1081 1188 1412 
139 266 568 737 917 946 1129 1345 
212 593 633 782 789 837 1001 
81 194 492 495 521 612 727 1087 1193 1329 
100 127 156 406 730 818 1144 1411 
335 380 551 690 966 1087 1115 1301 1340 1392 
329 370 547 569 616 1121 1155 1250 
98 110 167 211 246 269 465 603 751 1024 1084 1298 1371 
50 161 162 218 245 303 317 482 556 1310 1353 1376 
74 222 377 442 500 511 734 903 906 940 960 1048 1163 
4 61 155 481 517 630 656 888 
219 235 237 259 470 908 1004 1025 1041 1055 1174 1207 1362 1374 1397 
283 497 508 769 832 858 980 1363 1369 
47 244 494 660 684 841 906 923 998 1011 1264 
129 416 446 564 758 984 1403 
245 254 696 713 957 966 988 1014 1040 1067 1128 1329 
181 249 278 301 577 604 615 730 803 805 921 939 952 1220 1248 1323 1347 
118 260 647 658 734 932 1131 1247 
216 282 374 510 546 669 876 1003 1053 1164 1208 1211 1222 1409 
120 177 587 613 660 672 705 948 1082 1305 
47 169 170 208 330 363 454 467 575 659 797 854 865 943 1084 1103 1115 1131 1175 1190 1322 1387 
34 69 126 333 338 386 466 701 1041 1064 1127 1177 1218 1312 
61 69 223 262 335 480 524 730 742 874 966 1004 1196 
171 452 573 645 722 748 1172 1333 1368 
26 391 457 476 555 597 616 665 1052 1084 1104 1152 
20 265 305 529 831 905 972 1035 1102 1208 1261 1284 1313 
17 61 82 515 831 929 1110 1140 1351 
17 112 173 362 513 570 673 678 706 787 825 
488 622 776 1014 1094 1175 1191 1282 
78 339 487 786 868 1123 1395 
59 198 341 955 982 1062 1081 
12 87 370 403 445 466 486 657 728 797 841 1164 1189 
100 172 696 714 1139 
59 173 185 222 255 491 525 578 719 760 1141 1270 1318 
84 117 180 351 437 827 972 1080 1126 1347 
74 90 91 338 345 372 475 749 957 1029 1262 
74 526 674 699 815 1117 1185 1273 1296 1304 
82 376 503 539 610 841 932 1048 1271 
103 109 196 260 576 864 886 887 1048 1133 1294 
28 122 524 529 599 677 994 1059 1201 1270 1292 1313 
176 186 233 369 389 537 558 662 965 1335 1410 
16 74 189 254 343 409 472 630 631 1075 1095 1126 1157 1397 
32 71 574 625 677 850 1002 1049 1130 1153 1230 
260 265 380 1094 1196 1230 
170 187 211 230 330 361 383 630 796 974 1004 1144 1159 1185 1260 
49 170 200 279 865 869 1122 
31 54 157 165 370 602 737 765 818 1012 1291 
21 63 234 614 804 818 1020 1222 
301 421 640 791 821 1037 1045 1064 1142 1157 1300 1324 1364 1368 1404 
48 267 356 372 683 874 1377 1383 
25 27 31 260 513 577 637 
91 431 465 517 651 819 882 1121 1313 
14 222 292 330 499 759 1016 1280 1342 1350 1355 
2 138 431 802 1289 1339 1364 
8 108 137 423 545 610 770 814 980 1070 1154 1169 1181 1275 
103 218 391 581 601 702 878 1016 1151 1398 
73 225 360 368 510 530 914 1001 1030 1141 1171 1244 1282 
88 189 255 294 307 345 407 462 715 810 873 1176 1275 1401 
152 158 278 523 908 913 1010 1092 1112 1145 
34 88 139 189 283 297 372 437 519 738 822 1144 1287 
387 393 422 425 653 660 779 910 1123 1166 1168 
100 243 251 292 379 585 850 963 1091 1104 1284 1307 1342 
159 242 537 657 666 695 1006 1027 1109 1201 1272 
262 283 368 779 1043 1377 
14 113 240 308 716 722 770 788 837 886 1074 1103 1240 
46 62 239 253 292 362 577 685 953 1326 1350 1363 
173 191 397 450 628 636 642 707 785 791 870 872 968 1290 1299 1358 
26 186 193 315 380 568 744 764 828 995 1293 
78 185 546 840 889 905 1100 1344 1364 
43 67 325 406 892 902 1354 1410 
154 351 362 492 513 653 681 973 1336 1386 
95 194 272 332 401 550 646 800 813 840 1207 1312 
46 65 76 118 332 575 797 839 1014 1123 
239 540 549 661 771 809 940 1263 1358 1387 
49 102 120 135 288 292 319 830 1217 1241 1243 
90 169 243 368 453 538 546 594 651 685 788 1222 1259 1266 
36 193 219 255 352 433 476 484 575 637 658 675 686 853 1048 1101 1153 1229 1233 1291 1404 
211 235 254 449 472 687 792 818 895 926 
45 133 395 495 585 776 865 921 1077 1113 1117 1133 1193 1260 1277 1408 
19 35 87 358 523 771 804 845 1124 1189 1191 1266 
10 91 539 613 623 626 696 817 922 1031 1277 
115 189 453 626 790 821 1059 1115 1298 1364 
86 195 216 221 228 441 529 660 696 890 968 1078 1267 
140 331 487 742 1191 1233 1243 
58 65 82 136 138 174 200 241 319 424 429 446 517 518 660 892 988 1151 
4 57 307 417 543 655 865 1231 
289 406 471 530 907 1133 1247 1258 
151 203 221 404 456 515 643 662 666 852 966 1285 
179 439 613 679 964 1392 
72 87 175 227 316 369 902 916 1264 1346 
563 748 782 790 815 874 1012 1129 
45 78 80 115 142 185 299 432 485 523 926 1068 1196 1307 1359 
94 140 385 445 448 595 713 769 778 801 836 1103 1395 
95 126 297 436 467 638 711 776 790 876 925 955 963 1031 
4 11 95 249 409 442 502 719 822 984 991 1135 1159 1324 1325 
47 132 153 450 473 571 592 759 766 771 1046 1295 
796 862 863 883 891 900 1326 
459 471 512 750 929 970 1142 1157 1174 1175 1184 1207 1295 
54 497 517 644 645 671 756 973 1286 1290 1373 
34 371 644 699 800 973 1039 1149 1225 
16 46 152 158 194 236 323 490 606 855 1299 1313 
23 223 307 598 741 1115 1284 1356 
1 115 319 361 393 411 413 744 770 805 815 871 943 1379 
102 406 476 494 499 504 570 590 605 746 809 856 925 1139 1205 1333 1338 
32 44 126 196 412 453 496 577 872 951 1072 1337 1373 1379 
89 190 237 241 304 314 418 815 913 1129 1249 1336 1365 
303 551 672 780 782 884 1046 1114 1203 
314 377 395 403 433 450 634 649 725 887 965 1017 1174 1199 1223 
51 154 324 614 1197 1263 
21 111 116 296 464 479 580 649 1054 1116 
16 78 100 146 252 394 561 588 982 1055 1063 1182 1334 1384 1408 
134 264 318 492 515 557 881 899 1027 1212 1387 
118 383 407 537 574 655 745 906 1147 1156 1308 1399 
51 450 551 634 792 866 873 880 934 1030 1311 1372 
230 239 243 252 484 495 503 524 688 710 797 1177 
115 308 379 530 772 835 842 858 860 914 918 1085 1145 1322 1372 
15 52 56 68 235 602 867 913 1128 1213 1318 
96 135 426 509 540 682 893 991 997 1214 
16 26 114 129 287 337 350 473 606 667 811 1046 1403 
57 67 131 237 271 405 764 856 1269 
48 101 307 384 770 943 964 1280 1307 1379 1403 
110 166 269 448 554 970 974 1163 1320 1351 1402 
88 101 468 567 669 724 913 918 940 962 1070 1136 1173 1195 1298 1354 
83 98 171 172 178 194 226 357 378 454 597 661 836 1400 
45 168 323 410 485 764 1105 1165 1373 
149 186 284 589 632 671 853 
283 514 561 743 952 987 1242 1338 1354 
11 120 203 365 408 414 439 653 696 804 834 835 888 935 982 1058 1181 1372 
17 38 92 162 342 411 452 492 568 724 750 802 962 1061 1218 1288 
26 235 263 279 298 465 728 739 808 855 944 998 1235 
127 144 242 293 351 360 451 586 753 883 918 1029 1062 1287 1393 
147 174 356 401 429 633 993 1000 1132 1161 1216 
25 174 703 862 1057 1173 1225 
540 696 722 778 844 1255 1266 
84 115 839 1123 1282 1407 
95 102 323 695 710 884 990 1100 1109 1130 1164 1174 1182 1228 1410 
118 283 285 438 483 678 853 893 1099 1114 1250 1406 
45 116 245 354 359 401 612 635 820 
76 267 396 406 463 476 699 1019 1033 1253 1302 1303 
83 101 186 665 678 794 853 858 1215 
89 165 289 343 628 648 964 1200 1271 1373 
89 172 252 262 280 412 654 677 693 783 804 812 824 876 926 1138 1299 1374 
325 504 668 931 1102 1145 1238 
22 121 380 608 809 878 919 922 931 1024 1073 1278 1360 1368 1397 
424 635 714 968 973 1041 1061 1377 1389 
106 278 302 313 913 1113 
286 440 494 496 597 605 780 1108 1145 1244 1351 1383 
72 161 247 320 459 509 592 594 858 1116 1131 1344 1396 
13 68 336 476 573 752 794 931 959 1009 1107 1354 1397 
124 568 639 716 722 849 1134 1248 
400 414 973 989 1047 1164 1291 1314 
68 83 147 184 348 352 373 437 570 581 608 893 1078 1079 1383 
17 198 222 230 590 649 651 670 812 842 887 1111 1170 1296 1384 
25 149 261 454 848 860 1020 1022 1052 1198 1371 
75 96 249 250 361 422 589 712 752 776 784 842 857 951 1253 1260 1360 
56 199 473 520 545 668 721 812 968 1119 1138 1155 
7 19 386 451 512 836 843 876 878 913 1096 1104 1115 1289 1299 
57 90 183 200 336 439 490 509 601 630 754 774 817 820 831 868 996 1056 1336 
133 142 326 335 338 374 620 736 904 958 1168 1355 1405 
296 402 417 559 656 688 1084 1162 1257 1282 1318 1389 
168 199 213 336 376 425 454 636 671 788 866 914 1043 1048 1142 1346 
56 207 377 390 496 567 661 875 1095 
66 503 546 616 626 638 653 757 816 1195 1384 
145 150 173 208 427 552 645 658 770 875 995 1010 1084 1092 1096 1211 1325 
25 65 306 411 513 936 1159 
104 171 219 318 345 511 603 842 1041 1075 1261 
162 619 666 881 1118 1287 1386 
29 213 235 343 400 417 488 519 572 767 1127 1134 1242 1378 
45 77 413 537 948 1109 1214 1365 1382 
366 468 503 779 791 890 966 1085 
77 329 380 699 720 751 769 1236 1286 1342 
57 126 356 361 367 508 612 628 783 788 1150 1271 1360 1386 
111 117 296 643 865 1053 1330 
144 212 248 308 407 558 677 729 780 971 1289 
79 254 329 643 651 703 1184 1221 
138 176 657 945 
120 147 161 315 633 843 884 1177 1233 1254 1258 1286 1312 
21 120 129 415 540 600 607 1060 1153 1249 1388 
227 309 349 468 535 599 698 1010 1062 1081 1169 
28 75 88 301 416 470 492 580 858 941 
131 257 389 663 718 807 838 848 907 997 1021 1135 1143 1187 1322 
315 364 549 626 688 702 856 1136 1235 
35 57 234 308 386 580 595 738 783 831 833 928 1159 1219 
89 141 144 155 222 280 332 349 422 426 542 1192 1315 
123 161 205 243 248 420 458 814 1115 1233 1254 1285 1321 1347 
75 198 397 589 718 733 778 984 1145 1360 1375 
65 67 359 609 740 815 867 1128 1245 1275 1317 
82 305 390 484 514 812 1075 1256 1369 
36 347 441 453 621 745 753 854 1137 1211 
120 349 530 804 817 919 961 1153 1167 
105 234 241 253 370 514 631 822 948 1122 1141 1160 1329 
89 119 148 218 267 507 669 727 824 922 971 1289 
54 184 209 224 368 423 479 671 720 991 1159 1300 
143 173 277 374 386 421 489 513 553 793 800 945 1177 
213 227 237 473 580 618 726 766 879 982 1010 1052 1092 1100 1291 
12 127 329 435 467 495 598 621 701 1296 1337 
196 336 371 477 504 516 662 683 852 860 902 908 975 991 1323 1356 
562 655 677 970 1008 1029 1205 1242 1371 1402 
215 338 498 925 1073 1109 1342 
90 187 285 339 456 653 681 710 764 846 876 924 933 959 986 1184 
99 126 173 177 301 386 533 639 855 1003 1043 1058 1142 1169 1365 
142 239 293 436 956 991 1013 
128 183 221 245 321 348 520 655 772 804 1025 1026 1053 1089 1118 
34 110 399 535 598 630 644 1024 1102 1147 1405 
12 489 594 711 773 777 920 994 1147 
20 222 290 543 592 720 878 939 1131 1186 1220 1281 
145 163 298 545 811 818 987 1092 1203 1381 1387 1405 
270 652 695 701 1108 1370 
37 122 199 334 360 371 378 406 470 531 621 1139 1141 1230 1349 
28 43 153 238 592 690 924 1044 1157 1203 1328 1390 
93 142 611 674 961 1328 
218 358 438 441 472 478 577 785 798 853 1032 1071 1137 1361 
39 52 138 339 365 424 554 831 846 962 991 998 1250 
202 233 563 629 961 968 1088 1214 
82 143 482 635 661 690 958 963 1089 1106 1217 1317 
35 96 238 280 457 464 467 541 615 689 696 839 875 930 1293 
288 618 752 875 930 1023 1059 1083 1127 1197 1269 1308 1371 
79 256 285 421 513 633 665 742 775 881 899 957 969 1123 1340 
56 90 149 316 509 574 612 701 772 891 995 1036 1165 1289 1354 1364 
82 244 363 639 713 742 772 919 992 1091 1098 1195 
20 436 508 653 1036 1218 1238 
99 381 435 476 527 924 960 1017 1019 1395 
328 345 460 483 759 768 811 
18 43 249 309 315 475 532 550 562 696 807 856 1123 1262 1392 1405 
78 337 470 594 832 1106 1143 1211 1255 1315 1342 
148 209 285 623 691 830 1068 1189 1201 
265 503 744 773 789 1153 
34 63 106 297 798 828 845 887 933 
182 247 264 281 316 386 460 532 657 741 890 1107 1168 1176 1293 
51 235 290 351 552 574 675 894 949 1080 1160 1216 1237 
15 164 305 434 438 550 640 867 885 959 1133 1283 1333 
219 272 1111 1198 1224 1381 
302 483 880 921 1015 1184 1210 1389 
23 161 280 306 342 445 866 869 1045 1054 1389 1390 
85 282 319 463 492 613 1206 1238 1387 
55 57 280 346 582 655 738 771 989 1242 1262 1392 
24 51 76 305 328 480 1262 1310 1336 
154 355 449 478 553 673 702 809 952 1238 1284 1314 
140 192 357 1039 
140 263 337 345 633 681 851 907 933 1298 1340 
38 66 283 428 569 829 948 1025 1112 1197 1236 1241 1316 1368 
1 90 100 106 458 786 821 826 992 1120 1310 
139 140 362 456 458 615 752 775 814 837 894 895 949 1043 1222 
40 54 69 226 371 395 740 833 935 1280 1365 1392 
58 144 238 332 361 492 621 716 823 885 902 
117 232 370 495 584 759 774 779 785 944 1013 1113 1222 
107 262 322 390 590 657 714 725 1117 1241 1326 
35 72 238 338 499 529 855 868 888 975 1145 
110 136 295 361 655 714 814 1020 1101 
47 341 513 528 569 584 590 608 917 1087 1211 1323 1370 
9 418 450 702 724 791 864 978 1142 1261 
177 262 309 502 613 725 824 1097 1110 1186 1217 
48 99 107 463 484 543 626 699 856 886 899 951 972 1036 1057 1412 
9 38 50 61 229 231 558 566 569 745 790 808 963 982 1165 1214 
21 24 133 269 617 796 1015 1068 1278 1284 1328 
113 254 285 559 679 726 939 962 967 982 1074 1151 1288 1365 
26 408 496 507 535 592 596 820 840 1379 
91 373 399 549 626 752 878 1120 1236 
88 168 271 379 398 535 548 576 619 699 721 726 742 959 1062 1080 1236 
65 212 237 329 465 467 516 545 1263 
31 101 136 314 389 408 617 691 842 958 1007 1040 1136 1362 1363 
266 305 335 691 796 968 1000 1028 1132 
7 324 569 705 777 880 936 957 1071 1225 1295 1300 1320 1340 
75 86 260 366 389 634 886 902 913 915 962 998 1075 1156 1259 
149 187 272 484 503 594 706 720 890 1011 1085 1215 1230 1248 
591 651 852 1093 1308 1310 1354 
710 798 830 1005 1014 
20 52 209 270 411 484 737 906 1069 1081 1256 1323 
192 262 545 547 630 878 1298 1369 1376 1407 
129 138 577 621 741 919 922 947 
51 270 299 664 679 743 953 966 1297 
103 131 255 415 456 459 466 530 842 874 1061 1323 
51 244 273 285 291 428 659 714 814 1007 1066 1201 1221 1307 1391 
51 64 150 308 334 621 652 804 843 1124 1214 1291 1296 
155 201 306 639 732 1121 1214 1345 1371 1372 
12 123 253 259 282 366 696 835 1096 1206 
20 57 198 301 331 338 487 499 551 694 840 870 888 1134 1242 1246 1296 1335 
10 90 93 177 587 907 
171 265 377 420 449 551 845 927 953 967 1087 1175 1274 1402 
19 35 58 67 164 202 393 699 740 829 1094 1182 
362 419 420 917 1039 1059 1070 1174 1224 1374 1401 
8 41 275 325 449 573 584 689 919 987 1333 
400 406 616 757 769 770 941 982 1003 1012 1058 1084 1132 1141 1226 1280 1348 
152 657 924 979 1003 1103 1221 1244 
60 235 514 604 614 705 761 812 1015 1214 1256 1266 1320 
316 412 430 505 582 741 750 1176 1295 1365 1386 1391 
24 153 161 287 393 467 711 807 903 958 1338 
6 85 120 185 229 307 437 502 542 546 604 
199 209 449 745 792 968 1022 1073 1326 
175 198 271 373 393 437 464 564 732 755 894 1124 1146 1199 1211 1377 
119 154 160 300 347 356 493 534 567 580 659 804 845 961 980 1045 
11 18 555 676 750 782 1058 1071 1301 
101 106 189 357 386 402 798 814 1042 
48 152 264 275 574 683 913 1225 
219 255 389 717 844 925 1064 1128 1230 1339 1354 1388 1389 
20 273 296 333 372 487 591 608 621 667 676 738 773 1075 1245 1299 
3 66 67 72 100 544 679 789 997 1032 1165 1200 1386 
126 156 213 401 531 547 549 683 722 976 
62 202 254 281 316 326 399 489 622 777 968 1015 1061 1114 1341 1384 1398 1399 
104 374 515 520 564 579 621 791 797 827 831 988 992 1328 1401 
139 157 162 389 415 773 923 994 1143 
17 37 287 370 664 711 723 731 884 942 1118 1187 1216 1218 1226 
200 414 604 825 986 1077 1139 1373 1392 
188 505 583 590 653 915 
102 123 124 146 174 186 392 615 674 717 760 846 951 955 1003 1014 1286 1304 1322 
85 314 400 410 523 773 873 898 910 1222 
157 254 292 365 430 442 445 509 589 908 1058 1082 1173 1263 1315 1317 1368 
42 89 91 103 269 302 526 555 594 722 835 1009 1396 
155 175 209 500 684 847 907 1047 1114 1234 1249 
207 261 454 473 720 734 740 820 946 990 1000 1196 1397 
67 152 206 345 492 497 808 817 844 909 1089 1324 
371 382 476 535 570 625 786 952 1009 1110 1153 1279 
54 86 87 140 278 335 502 714 876 972 1041 1234 
162 177 211 507 562 665 707 852 1136 1364 
181 248 289 306 357 412 422 488 555 617 670 694 768 801 1099 1410 
74 468 691 726 931 943 948 967 973 1061 1181 1192 1255 1301 1353 
141 191 281 324 676 846 872 887 899 
181 256 292 373 423 626 642 712 736 797 857 967 1136 1258 1346 
22 96 282 324 339 434 520 652 706 859 1160 1163 1237 1343 1384 
18 54 190 276 488 586 734 752 835 910 966 1142 1213 1383 1393 
6 376 639 656 717 766 898 1035 1199 1242 1298 1334 
107 230 281 425 454 515 615 742 864 1052 1053 1109 1176 1234 1244 
95 153 187 486 514 538 550 632 876 917 1032 1112 1174 
982 1041 1079 1261 
72 272 429 465 490 540 832 835 925 969 1021 1184 1208 1229 
215 292 340 347 404 442 868 941 996 1026 1355 
47 60 66 281 320 374 925 970 1011 1099 1147 1189 1199 1246 
89 463 481 738 766 776 834 965 1120 1212 1295 1389 
71 628 763 832 876 954 1071 1078 1252 1299 1310 
110 369 434 491 643 795 852 1022 1165 1256 1384 
190 349 398 615 696 756 767 998 1094 1193 
86 128 133 295 325 335 396 484 730 914 933 983 1079 1191 1195 
11 83 110 196 234 559 882 1205 1254 1255 
187 343 618 689 859 905 1099 1117 1118 1165 1193 1294 1323 
275 334 996 
127 166 205 228 248 342 371 395 427 775 884 888 1209 1316 
304 365 368 462 500 544 603 638 910 1014 1097 1330 
10 204 265 289 477 499 518 558 777 812 930 934 963 1341 1342 1391 
374 437 713 758 772 869 981 1024 1108 1213 1263 
15 188 229 262 276 578 661 702 751 954 969 992 995 1056 1191 1333 
262 515 525 711 729 797 948 969 1245 1290 
7 67 170 237 345 711 858 1003 1031 1177 1325 
333 380 477 496 652 785 882 968 1059 1194 1244 1364 1384 
181 725 835 1244 
57 86 710 774 1122 1296 
236 257 269 483 649 782 1013 1155 1318 
97 125 178 200 217 292 538 580 651 715 735 778 837 959 1001 1084 1327 1335 1336 1395 
5 28 84 122 123 125 211 518 582 667 756 768 814 984 1008 1050 1111 1132 1331 
13 28 214 485 795 1000 1070 1097 
43 109 163 399 963 1175 1225 1286 1293 1325 
427 559 637 923 1037 
56 203 217 260 425 583 855 863 936 
5 15 52 95 234 264 293 367 449 650 949 1009 1010 1106 1169 1224 1239 
54 386 475 594 665 927 929 971 975 1195 
94 111 401 406 555 584 634 674 683 709 795 898 973 1040 1078 1252 
378 949 973 1018 1045 1134 
5 468 778 819 901 1037 1128 1215 
13 83 356 381 434 436 489 616 715 764 920 1153 1198 1223 1378 
147 710 832 873 946 960 1144 1184 1237 1266 1267 1366 
37 218 240 290 346 678 934 949 
134 253 500 524 1054 1160 1168 1198 1278 
54 114 149 215 258 856 1002 1094 
27 131 251 295 311 355 502 646 678 720 887 890 1046 1230 1244 1375 
18 393 913 950 965 997 1235 
25 37 108 118 361 465 703 764 966 1269 
115 146 263 383 430 674 675 765 836 874 1163 1175 1219 
45 120 162 474 514 692 763 839 969 1038 1198 1276 
92 232 333 384 437 446 566 582 640 850 929 1069 1191 1211 1239 
17 64 142 196 246 253 340 465 703 1025 1169 1256 
6 184 446 475 706 968 1139 
436 577 656 706 1057 1180 1208 1268 1282 
30 251 359 435 475 607 991 1005 1120 1189 1197 
249 401 408 500 766 778 794 1005 1040 1051 1155 1208 1261 1369 
88 119 183 284 291 454 456 1250 1349 1377 
120 341 407 631 704 843 1157 1179 1239 
37 87 371 415 601 769 812 925 938 957 1086 1183 
15 153 299 390 633 823 895 994 1101 1222 1259 
20 202 469 485 492 532 796 957 1116 1226 
14 81 186 559 815 853 943 1082 1205 
3 26 289 682 888 1134 1163 1266 1289 1328 
45 137 218 351 431 515 621 626 675 743 867 884 949 1140 1185 1371 
157 337 433 510 528 556 711 838 950 1081 
26 666 693 814 948 1001 1034 1060 1119 1198 1255 1328 
23 28 71 104 167 288 304 691 744 936 1012 1023 1197 
119 375 401 491 712 1248 
72 111 268 391 786 891 911 917 1079 1139 1236 1239 1261 
106 192 467 477 573 753 842 1190 1238 1401 
40 52 144 701 1006 1077 1119 1125 1218 1243 1319 1343 
156 431 545 684 884 887 949 1024 
61 64 152 159 300 339 468 600 627 812 902 1099 1144 1321 
10 53 155 179 245 306 327 586 764 857 913 1061 1125 1174 1333 1394 
7 184 418 427 431 440 596 690 711 773 796 841 959 
24 48 205 281 329 489 640 648 686 928 1162 1335 
15 34 113 148 273 715 1089 1255 1348 1351 
67 345 600 738 753 819 849 
65 201 326 459 564 605 610 688 725 830 891 1121 1153 1288 
6 167 220 290 396 407 471 695 792 961 1056 1077 1285 
198 250 254 599 724 828 1074 1102 1120 
27 50 216 436 663 922 937 976 1030 
158 194 228 243 282 389 447 548 739 917 1001 1048 1159 1227 1287 
78 128 211 517 616 638 650 687 722 809 892 909 1055 1135 1157 1186 
90 477 683 743 920 1210 1232 
287 357 360 372 468 524 642 677 793 877 906 1068 1162 1387 1405 
121 144 233 329 741 889 1150 1328 1393 
144 178 413 463 525 545 717 727 733 792 909 926 954 972 1048 1242 1280 1313 1322 
481 529 635 637 686 707 715 746 849 979 1016 1058 1167 1257 
113 164 423 427 459 532 722 842 927 961 999 1007 1085 1281 1301 1306 
239 256 685 699 786 857 940 1010 1027 1114 1301 
308 497 568 915 959 1098 1124 1138 1164 1205 
16 25 132 164 197 455 597 998 1171 1192 1350 
288 939 1016 1143 1147 1168 1210 1248 1282 1313 1385 1406 
57 61 116 303 332 363 484 764 860 910 1028 1393 
281 330 424 427 481 803 843 880 888 1363 
443 473 726 833 913 1026 1096 1150 1164 1221 1363 1369 1408 
273 325 383 387 434 678 744 762 838 916 988 1032 1109 1115 1224 
63 180 1049 1156 1180 1202 
253 325 382 402 442 485 531 789 839 983 1079 1256 1409 
270 360 729 815 1058 1143 1177 1204 1317 1326 1368 1376 1390 
85 434 569 667 738 1006 1216 
202 301 324 587 643 680 696 709 844 991 1032 1083 1202 1321 
279 373 381 651 688 846 1079 1295 1359 
174 217 356 575 790 874 1036 1270 
7 134 355 567 572 655 708 736 742 859 967 998 1011 1084 1272 1323 1353 1355 
50 80 233 335 553 1094 1201 
103 224 294 627 633 803 813 933 952 987 1174 1211 1312 1375 1400 
12 111 121 173 185 343 514 944 1180 1207 1325 
194 462 465 480 636 781 846 1022 1131 1139 
281 324 573 639 862 1397 
7 38 46 165 278 296 889 1113 1127 1343 1346 1398 
355 549 727 796 869 904 919 930 1021 1069 1121 1153 
42 150 321 329 427 473 1065 1097 1160 1409 
35 364 617 768 926 1059 1255 1285 1335 
98 215 232 573 697 732 897 933 972 1281 
131 388 723 746 759 837 844 1085 1297 
41 181 315 349 396 619 635 733 1128 1227 1363 
163 197 258 266 412 429 634 681 940 993 1007 1173 1189 1216 
225 286 462 625 760 801 890 1101 1328 
194 393 420 482 499 508 623 646 768 828 895 944 1134 1172 1247 
184 202 340 460 535 578 859 894 955 1159 1345 
30 40 61 432 438 492 609 724 783 789 1313 1411 
68 372 394 511 680 919 989 1335 1342 
344 436 612 1064 1111 1127 1146 1395 
108 336 899 960 996 1262 1267 1297 1366 1382 
366 373 386 422 447 451 473 477 558 623 689 869 1090 1325 1330 1360 
206 476 902 923 1069 
81 112 258 403 615 621 681 695 739 764 1003 1057 1228 
113 125 690 781 789 927 970 988 1217 1412 
93 220 489 614 684 756 831 854 950 1018 1051 1071 1119 1167 1217 1315 
3 258 259 340 359 430 435 495 558 744 747 899 943 1202 1321 
109 164 567 602 660 731 996 1020 1031 1204 1251 1274 
244 318 349 506 689 762 921 988 1307 1380 
25 128 391 696 1044 1096 1131 1167 1242 
79 188 219 222 335 381 446 632 667 870 931 1011 1172 
29 40 219 368 552 679 810 831 1048 1170 1211 1238 1251 1370 
50 169 303 500 630 889 964 1245 
180 309 354 395 417 554 602 870 949 1103 1136 1209 1212 1393 
44 285 291 441 532 613 803 924 1248 1388 
52 117 315 322 392 583 612 792 1068 1187 1243 
83 244 338 604 890 927 1286 1390 
89 228 254 528 583 692 941 1122 1129 1267 
20 36 165 271 340 514 578 740 932 996 1039 1126 1139 1342 1383 1386 
76 155 327 378 397 452 498 605 712 873 1015 1047 1266 1339 1394 
7 78 226 408 545 570 790 925 
782 801 834 896 1352 
244 495 580 1136 1163 1353 1356 1372 
265 350 352 507 597 769 855 885 1204 1237 1274 
31 157 172 276 277 381 702 973 1154 
201 276 341 673 728 754 786 1085 1222 1259 1376 
88 249 540 615 716 964 1367 
30 195 729 808 911 1325 1342 
15 123 318 570 1057 1098 1333 1383 1385 
8 285 287 330 523 739 877 977 1059 1293 1397 
530 578 702 1022 1125 
26 229 253 330 352 443 524 598 697 753 972 991 1221 1243 1265 1286 
2 385 451 496 520 680 1399 
238 248 305 340 377 398 481 812 1394 
5 319 845 986 991 1267 1285 
74 111 263 290 375 380 413 426 600 673 774 856 890 1044 1161 
188 337 498 548 765 771 852 902 1190 1226 1231 1397 
6 83 209 240 353 406 424 461 789 793 847 875 1038 1255 1265 
150 151 195 254 341 976 1085 1379 
41 198 450 468 846 987 1221 1379 
136 191 197 238 260 262 627 684 731 790 804 832 1020 1209 1324 
6 118 251 301 339 392 517 815 940 1084 1339 1357 
35 106 218 265 374 1114 1163 
66 90 358 576 692 707 784 865 1376 
47 162 448 479 797 920 970 1083 1151 1326 1366 
202 317 395 491 531 674 774 937 1116 1271 1293 1408 
134 240 265 344 560 705 762 777 885 972 1203 1313 
25 150 296 473 525 596 630 762 926 1302 1311 
12 65 163 320 333 722 737 844 900 1255 
196 300 369 688 1100 1231 1364 
330 492 699 1076 1293 
276 303 338 370 682 688 900 953 961 977 1328 
46 62 64 113 119 197 284 726 806 835 861 887 954 1150 1208 1236 
23 61 73 205 415 645 655 721 919 990 1056 1269 1285 
133 165 214 388 482 532 543 665 713 740 805 851 1028 
100 254 407 543 558 1348 1354 
125 469 473 494 831 857 916 1378 
43 154 217 220 319 351 375 580 783 1051 1144 1187 1360 1398 1400 
205 314 317 537 540 592 784 948 961 1053 1113 
19 45 266 433 448 474 631 743 801 885 984 1001 1251 1285 
168 597 618 652 776 782 864 928 989 1075 1204 1255 1326 1330 1333 1379 
75 135 156 248 377 417 613 623 824 1043 1054 1074 1130 1133 1318 1347 1364 1390 1409 
53 128 132 178 295 557 671 762 906 911 920 1023 1084 1295 1320 
27 227 374 471 475 532 579 688 1111 1203 
110 191 486 566 625 660 796 847 874 970 1024 1107 1196 
51 243 253 585 1081 1183 1186 1412 
48 56 254 570 583 785 867 868 1066 1120 
66 164 255 578 875 909 1108 1168 1240 1410 
16 54 292 337 359 573 598 669 671 683 849 906 963 1021 1031 1095 1258 
27 131 136 393 459 511 621 628 779 787 963 1114 1209 1234 
183 387 392 569 624 739 791 892 1044 1196 1241 1248 1311 
113 403 438 439 493 561 868 912 1132 1218 1394 
118 177 544 637 663 819 922 984 1092 1309 
5 138 319 560 849 956 1056 1084 1294 1322 1364 1391 
454 492 1136 1156 1295 
50 70 240 313 385 574 623 769 914 1034 1373 1405 
148 193 210 258 260 305 311 393 401 453 508 597 629 791 908 991 1011 1108 1110 1351 1388 1389 1404 
43 103 610 651 981 991 
1 356 769 826 866 888 986 1019 1354 
5 165 214 277 316 348 430 436 457 585 670 733 805 854 1112 1131 1317 
82 830 1026 1313 1358 
50 199 373 385 396 565 937 980 1136 1357 
36 43 117 233 359 415 428 517 644 650 944 987 1045 
310 352 542 546 826 1030 1158 1339 1377 1389 
552 810 818 960 1273 
141 197 440 462 666 768 770 812 950 960 1281 1381 
130 205 442 496 547 548 956 972 989 1093 1127 1401 
36 73 141 244 491 583 663 782 785 913 1084 1211 
28 35 600 758 778 818 1008 1151 1351 
532 597 797 1202 1404 
292 313 377 444 522 536 744 939 998 1019 1268 1331 1403 
271 382 464 479 518 519 559 569 844 870 1018 1033 1075 1276 
44 106 114 153 332 495 562 639 896 914 1175 1242 1349 
15 193 270 397 516 674 806 944 1072 1083 1167 1326 
28 49 161 210 322 424 426 450 490 793 929 965 1006 1165 1281 1300 1319 
39 235 524 535 571 583 743 834 867 871 934 940 1036 1052 1217 1225 1298 1344 1390 
66 175 242 327 422 646 870 880 1245 1291 1312 
100 472 482 498 582 821 873 981 1049 1152 
19 58 358 363 726 812 1045 1086 1185 1215 1392 
211 272 1012 1161 1247 1280 1321 1340 
126 348 370 383 442 487 540 733 1017 1295 1344 1375 
72 89 333 436 673 776 782 975 1024 1271 1287 1366 
106 111 130 145 201 242 311 327 475 485 578 584 668 771 1015 1234 1349 
114 479 611 1131 
43 64 80 162 164 300 306 428 575 617 885 893 1334 
151 285 424 429 521 573 754 856 996 1036 1122 1211 
134 167 372 433 436 493 591 672 718 883 898 1080 1212 1317 
144 181 369 582 607 795 851 878 906 1236 1239 1327 
19 31 139 209 307 645 834 1157 1174 1246 1299 
59 132 351 518 595 647 842 940 1340 
182 194 200 509 783 808 811 843 1036 1075 1085 1266 1278 1293 
143 479 627 660 888 1238 1288 
63 168 452 467 610 817 835 893 932 969 1075 1166 1276 
363 582 612 699 720 776 796 864 1084 1236 1278 
187 195 487 497 788 957 1078 1227 1257 1264 1266 
99 122 524 737 785 820 891 992 993 1271 1316 1361 
117 172 177 336 495 600 786 790 865 885 1127 1163 
2 68 90 161 179 224 445 668 735 853 1053 1096 1169 
124 237 360 413 473 505 572 596 776 800 802 877 938 1071 1130 1230 1289 1311 
96 153 307 577 623 649 690 829 861 1133 1209 1377 
94 364 421 457 487 638 674 799 959 1080 1251 1298 1344 
112 279 406 447 463 581 751 
200 261 395 397 436 499 600 773 911 968 993 1015 1083 1094 1356 1387 
39 168 304 448 558 579 679 715 989 1093 1111 1145 
124 137 245 280 404 561 592 626 710 755 1100 1130 1180 1198 1204 1232 1257 1371 
85 290 366 431 466 793 899 1045 1063 1066 1191 1248 1397 
29 138 281 583 611 835 920 958 1012 1080 1090 1100 
151 626 867 878 1001 1005 1050 1097 1267 1305 
25 30 66 201 268 781 1198 1225 1263 1331 1335 
27 52 65 76 213 820 827 1087 1239 
54 275 306 463 469 786 891 
57 141 185 348 517 741 812 1272 1353 
326 332 394 420 435 497 1130 1165 1174 1272 1341 1351 1397 
177 308 366 564 572 651 1017 1061 1071 1329 1402 
102 128 335 645 725 1137 1325 
37 78 467 744 1154 1161 1199 1224 
42 276 508 525 625 801 853 
85 340 460 928 1055 1103 1376 
9 192 516 708 945 1125 1248 
230 273 400 423 611 846 906 967 1254 1319 
211 482 614 858 1225 
3 19 33 55 462 793 1142 
5 592 628 666 667 682 860 861 1188 1210 1386 
506 544 773 835 867 1205 1268 
64 97 245 297 302 377 535 542 568 589 623 801 1020 1168 1251 1274 1412 
43 224 543 656 821 1255 1375 
164 273 372 498 505 550 771 972 1048 1109 1131 1198 
43 56 64 345 508 1127 1148 1174 1235 1253 1265 1348 1378 
3 113 150 400 492 525 609 615 705 873 917 957 974 1393 
46 190 270 348 460 553 643 695 698 827 942 1364 
133 157 232 242 280 298 341 460 705 832 934 1383 
81 177 251 257 273 413 656 722 766 825 859 1060 1095 1118 1362 1403 
293 380 396 397 516 1074 1108 1154 1203 1274 
1 57 108 382 404 473 478 483 569 742 763 908 1092 1142 1372 1406 1409 
73 335 423 522 655 665 917 926 943 1005 1122 1194 1343 1352 
24 178 395 420 513 852 877 962 1321 
22 37 143 206 256 271 332 505 680 721 733 738 873 1074 1319 1368 
53 382 440 476 515 666 886 894 1139 1177 1260 1384 
270 311 363 524 534 550 708 805 1040 1237 1296 
151 164 238 241 347 423 689 826 979 1064 1121 1221 
65 284 324 351 860 903 1071 1153 1200 1299 1412 
73 90 604 624 748 858 913 1053 1144 1288 1401 
180 268 284 469 523 641 680 707 721 836 908 982 1022 1070 1148 1267 
63 319 349 360 617 677 730 1058 1226 1318 1338 
156 332 663 678 800 880 1093 
1 30 244 389 423 520 686 707 735 869 1135 
129 207 419 489 563 585 645 736 750 1111 1172 1245 1357 
205 689 1110 1158 1307 
152 155 242 253 338 349 734 818 831 1003 1039 1078 1092 
15 124 180 404 474 594 617 624 657 924 983 1020 1255 1286 
259 268 271 431 599 640 660 736 840 898 958 1016 1172 1249 
169 226 244 347 428 477 690 696 978 992 1112 1199 
8 92 255 291 466 574 582 635 810 1130 
106 371 580 657 714 745 761 878 907 1018 1074 1286 1401 
55 140 317 326 550 827 1061 
507 526 532 727 929 1362 
3 222 274 432 439 555 569 607 684 733 845 886 957 1090 1395 
198 209 250 292 477 495 518 664 709 1048 1201 
40 49 141 389 405 444 470 849 924 1086 1377 1383 
6 133 740 1057 1138 
81 178 249 277 371 738 784 1066 1092 1126 
117 270 492 614 641 679 756 764 853 1258 1373 
231 306 738 823 852 1032 1139 1170 
91 117 194 590 602 634 846 925 956 1323 
225 257 305 319 367 380 451 468 660 983 984 1034 1050 
96 102 126 194 280 674 699 778 806 868 
156 672 713 805 958 1158 1161 1188 1218 1259 1334 
25 154 358 401 464 837 948 1012 1193 1333 
307 431 488 647 730 809 939 948 1008 1116 
2 251 281 321 415 578 808 868 985 1318 1353 1366 
57 235 631 704 792 833 940 1355 
296 384 400 730 920 1023 1317 1408 
26 57 319 330 333 365 462 515 553 567 653 705 718 751 866 921 928 965 985 1112 1240 
37 113 146 249 602 955 1035 1084 1273 1355 
132 232 362 420 426 450 470 525 560 1197 1333 1369 1380 
41 214 268 280 283 364 556 595 661 1120 
50 178 340 900 969 1034 1060 1324 
56 104 154 258 335 367 488 732 1059 1126 1149 1196 1313 
88 139 182 224 225 255 384 704 708 788 1215 1360 
7 87 115 229 534 572 692 931 955 1028 1070 1156 
83 315 335 434 487 735 749 844 899 938 1094 1212 1280 1339 1397 
7 226 259 419 717 765 922 958 1235 1368 1393 
237 272 368 938 946 1033 1081 1178 1300 
422 554 802 859 900 1260 1338 
17 121 136 319 369 429 681 920 1191 1210 1259 1301 1385 
94 104 205 480 771 1070 1103 
41 136 419 698 703 779 844 989 1023 1081 1221 1230 
73 105 135 212 477 749 769 794 828 935 1122 1358 
99 245 405 575 615 827 1031 1138 1205 
97 125 418 457 739 859 863 904 1029 1396 
252 403 444 573 700 879 939 947 1079 1354 
60 149 159 203 204 335 360 390 477 625 631 676 788 908 925 1273 1308 1390 
190 402 502 506 536 660 770 842 885 947 966 1061 1083 1205 1299 
144 360 421 591 810 865 1095 1140 
103 305 505 641 715 728 879 1005 1087 1117 1207 
6 293 305 453 485 497 502 521 672 732 746 763 875 879 1137 1151 1393 
47 107 270 301 334 543 782 1331 1391 
7 63 64 180 242 420 524 611 807 957 1213 
358 559 592 978 1120 1143 1164 1203 1246 1309 
124 250 312 393 544 594 997 1028 1100 1119 1168 1245 1267 1359 
246 249 434 454 790 951 1244 1348 
4 191 209 215 569 932 1115 1137 1204 1288 1337 1342 
83 293 330 332 343 438 449 564 584 729 832 962 1006 1070 1109 1240 1375 1377 
8 44 119 131 334 354 451 552 590 730 866 1070 1130 1150 1306 1330 
160 311 472 488 597 611 668 711 820 826 1063 1066 1221 1266 
16 64 149 257 405 456 468 654 796 847 936 1238 1241 
96 377 390 482 494 598 604 659 759 803 949 966 975 1034 1039 1138 1245 1253 
1 23 89 105 486 657 684 845 980 1143 1284 1319 1353 
27 331 358 1016 1149 1163 1294 1370 
127 327 572 583 688 693 798 874 887 922 1003 1045 1052 1187 1203 1266 1279 
28 107 220 239 545 916 1201 1395 
417 674 727 883 947 1072 
133 265 374 443 491 507 656 775 802 1036 1046 1105 1129 1201 
26 58 118 160 254 303 314 317 389 556 737 756 801 886 1198 1340 
93 112 198 366 625 699 876 1059 1185 1232 1262 
105 278 307 378 425 529 643 874 1143 1210 1304 
281 297 359 401 430 539 655 725 1140 1264 1342 1406 
92 332 495 568 585 676 858 948 1141 1325 
139 190 293 317 325 357 519 760 781 857 871 1093 1125 1129 1199 1240 1241 1269 1296 
7 155 496 511 600 616 771 823 829 873 910 1009 1064 1107 1161 1312 1320 1378 
91 293 331 374 589 762 780 1074 1203 1294 1370 
19 36 136 672 739 762 925 926 1007 1225 1394 
274 310 605 1392 
4 113 126 274 529 829 1306 
162 216 428 499 680 733 
28 198 223 256 263 350 663 736 833 923 998 1084 1100 1102 1191 1307 
32 93 127 291 338 411 698 812 843 1403 
117 294 364 408 558 686 715 747 763 938 941 1042 1099 1213 1228 1285 1373 
127 133 207 335 425 503 686 691 805 809 967 1051 1055 1279 
4 223 411 516 607 621 785 899 938 970 1023 1074 1167 1196 1204 1360 
38 150 244 454 630 633 711 716 1304 1357 
176 280 715 858 944 953 1270 
151 244 282 494 986 1179 
37 40 173 235 291 483 536 639 717 768 776 859 913 1078 1261 1310 
86 200 227 268 449 543 599 684 849 855 962 1233 
140 339 341 393 394 657 687 835 975 1303 1360 
119 143 196 271 319 334 377 490 500 506 854 1080 
161 580 649 738 775 999 1300 1328 
166 233 321 334 383 435 446 727 747 793 888 904 947 1005 1081 1282 
174 372 830 834 835 1061 1263 1386 
291 410 440 590 716 784 922 1069 1094 1239 1328 
289 344 395 1142 1159 1320 1400 
44 229 510 520 1132 1193 1207 1291 1368 
46 274 308 726 851 934 1067 1150 1249 1319 
56 284 313 354 479 513 558 566 1042 1065 1078 1135 1345 
408 422 643 666 679 724 736 832 920 1049 1166 1222 1365 
216 242 430 441 777 796 853 995 1045 1058 1146 1200 1202 
44 216 285 330 405 494 540 566 672 849 904 925 985 
188 305 425 454 513 557 590 698 731 878 1021 1123 1222 1379 
246 581 606 632 917 1007 1144 1196 1202 1271 
9 260 347 406 442 540 614 636 655 949 1111 1150 1257 1278 
274 396 563 573 735 750 1120 1352 1374 
10 115 247 262 578 690 1000 1107 1216 1317 1363 1382 1396 
295 314 329 724 732 918 995 1045 1210 1355 1410 
131 407 420 467 616 777 983 984 1026 1177 1277 
255 420 554 615 942 1091 1103 1131 1180 1190 
175 641 712 1047 1238 1272 1334 
24 86 610 911 940 1382 
103 483 498 532 726 790 927 1179 1328 1369 
22 141 289 395 430 494 620 626 745 820 869 1138 1207 1393 
274 668 671 816 823 901 944 960 976 1134 1159 1202 1311 1316 1356 
534 900 1020 1292 
247 267 374 422 441 567 622 656 924 935 940 1035 1053 1226 
120 187 464 780 938 1038 1170 1183 1266 
26 336 607 829 878 887 1107 
4 7 203 246 511 1070 1196 
24 187 191 290 445 580 682 688 727 759 952 1017 1026 1073 1125 1237 1272 1354 1363 
133 264 358 417 455 486 793 1113 1258 1313 
70 83 189 236 374 484 696 773 782 831 938 1036 1069 1096 1280 
488 578 582 687 917 919 1043 1086 1394 
55 150 238 483 497 514 589 859 1114 1349 1386 
16 563 647 682 742 897 960 992 1081 1185 1330 
109 691 932 982 1040 1113 1189 1356 1411 
236 283 294 300 323 334 441 471 541 568 591 707 781 873 1101 1364 
56 73 93 159 161 234 293 338 509 695 712 1061 
79 177 441 481 586 927 994 1132 1329 
3 18 267 592 676 850 938 971 1002 1021 1073 1257 1299 1347 
31 179 427 458 500 563 577 768 774 889 909 1041 1057 1098 1131 1213 1235 1312 
88 110 138 293 300 308 893 928 1120 1271 
321 367 397 447 459 607 618 673 909 977 1164 1169 1381 
46 382 535 579 664 682 746 811 824 885 926 1059 1216 
125 194 256 410 628 812 940 983 996 1079 1171 1213 
49 77 258 321 369 447 576 692 821 849 880 923 1123 1171 1173 1277 1327 
126 169 191 478 528 622 865 922 1034 1143 1180 1239 1240 1257 1267 1346 
34 377 387 399 461 634 789 798 902 1015 1375 
108 130 271 281 376 472 502 504 553 640 803 831 861 887 946 985 1043 1128 
109 170 171 255 269 319 582 609 667 774 861 920 968 1048 1309 1320 
456 531 584 624 636 898 915 1056 1221 1226 
43 96 162 360 570 680 757 812 918 1046 1251 1332 1369 
61 134 146 204 275 531 545 714 795 982 1003 1028 1032 1272 1316 1324 
17 29 393 394 515 607 945 1010 1184 1309 1375 1383 
46 52 133 320 321 326 493 630 819 1144 1261 1355 
195 215 638 732 841 912 967 1038 1069 1152 1203 1253 1266 
377 405 417 509 602 610 958 
42 291 515 537 715 770 883 938 965 1017 1105 1254 1317 1329 
18 305 421 827 902 1324 1341 1408 
83 342 440 529 561 845 987 1000 1157 1203 1244 
132 576 665 701 953 1290 1336 
37 169 553 738 820 822 867 869 903 908 916 934 989 1141 1180 1200 1321 1365 1369 
194 383 433 588 710 808 830 1003 1058 1074 1111 
109 187 251 300 585 613 661 715 729 810 897 902 921 992 1051 1082 1119 1302 1377 
136 357 460 503 637 867 1030 1074 1236 1256 1277 1309 
37 133 479 769 895 1008 1337 
9 107 120 152 198 280 298 493 556 626 774 963 1112 1191 1213 1259 1345 
169 307 423 603 615 702 713 871 900 1226 1272 1362 1367 
28 151 353 371 758 930 999 1021 1069 1119 1195 1250 1272 1281 1388 
115 154 179 487 536 822 925 970 990 1069 1182 1308 1312 1375 
447 830 832 851 878 961 1152 
9 55 134 153 197 346 368 418 493 518 560 678 807 808 857 1041 1352 
19 37 43 407 420 530 533 537 558 566 633 846 890 961 1111 1121 1272 1297 
99 541 559 625 705 1015 1326 
282 332 430 482 840 1020 1182 1387 
78 89 175 194 304 415 489 602 906 965 1030 1133 1337 1351 
243 448 456 671 871 937 975 978 985 1066 1143 1342 
506 517 582 672 1125 1262 1264 1306 1390 
75 104 208 271 482 616 813 819 1079 1356 
32 88 103 379 693 706 803 1163 1403 
61 81 110 193 213 395 440 553 555 734 768 796 837 1013 1040 1048 1091 1111 
50 55 336 392 438 464 746 790 806 821 933 979 1056 1300 1337 1385 
17 122 130 163 326 377 408 436 524 569 586 740 1127 1136 1158 1325 1356 
187 399 536 620 704 705 900 911 963 1104 1292 1310 1410 
367 388 391 468 574 584 671 678 947 949 1034 1185 1295 1352 1395 1404 
153 300 306 390 433 441 775 842 874 1130 1372 
239 271 392 431 515 527 688 689 943 960 1071 1123 1130 1292 
43 54 266 298 318 632 646 1216 1269 1275 1353 
218 285 505 541 714 812 934 952 1208 1219 1284 1329 1376 
6 183 193 200 265 347 448 497 542 832 846 1077 1181 1305 
59 123 433 456 493 495 600 759 868 932 988 1026 1124 1129 1144 1301 
34 244 260 322 333 391 439 466 476 520 547 742 926 994 1087 1336 1341 1396 
55 146 395 502 517 518 544 732 816 1000 1072 1130 1143 1176 1281 
93 174 275 299 375 504 624 664 684 869 946 1008 1114 1169 1188 1284 1324 1332 
100 351 369 531 916 1006 1296 1407 
10 74 176 203 212 430 490 582 610 651 666 706 766 1273 1382 1411 
94 121 248 276 277 322 328 493 532 533 644 1237 
26 28 135 222 299 768 1112 1147 1205 
374 425 531 721 846 875 953 981 1067 
78 106 475 576 658 900 1361 
89 129 649 671 919 1025 1259 1294 1349 
103 152 428 791 838 953 1216 
14 59 461 583 779 958 1016 1085 1298 1300 
65 110 190 232 468 701 847 1295 
172 516 697 717 975 1027 1054 1226 1244 1383 1412 
70 208 288 305 372 431 433 460 501 782 912 929 1159 1193 1294 1319 1330 1369 
41 89 509 594 789 804 894 921 1191 1248 1306 
192 272 363 525 679 692 804 894 994 1124 1370 
809 812 887 925 953 1302 1375 
73 377 480 654 698 872 1160 1320 1360 
129 304 384 459 602 659 702 936 999 1328 
40 79 85 193 262 477 592 624 628 967 1089 1137 1168 1390 
3 52 63 65 145 328 413 618 680 706 743 826 938 1067 1165 1232 1239 
88 93 313 487 673 946 1158 
171 272 295 370 374 379 390 549 597 651 654 696 697 1220 
132 176 397 419 477 517 735 791 911 940 1088 1182 1333 1342 1410 
30 44 128 309 613 735 742 1007 1055 1142 
217 382 478 554 915 968 984 1023 1082 1115 1132 1286 
3 32 42 92 245 341 396 517 886 893 1059 1371 
38 52 154 335 503 512 620 627 638 725 921 1071 1123 1149 1285 1336 
143 295 358 474 541 839 1053 1108 
133 143 191 307 390 441 508 587 600 710 865 1075 1134 1151 1154 1358 1370 
28 99 173 584 877 945 987 1034 1173 1181 1326 
69 91 309 439 487 526 892 936 969 1020 1080 1174 
100 180 234 524 560 577 679 747 1382 
16 79 220 539 916 1077 1333 
50 196 378 460 461 482 519 623 788 849 929 939 1046 1317 1371 1399 
52 63 108 168 189 200 222 1019 1115 1128 1330 
444 549 550 747 774 834 878 1258 
23 35 127 163 173 240 565 596 714 842 971 1171 1226 1269 1271 1349 
438 450 584 613 861 889 993 1120 1358 1361 
375 525 708 808 942 970 1390 
23 63 132 326 485 489 530 859 1292 
80 236 341 356 372 530 585 930 1053 1182 
47 191 442 504 600 630 696 1288 1369 
85 224 268 460 561 719 746 807 1049 1081 1167 1215 1282 1356 
379 423 523 957 1096 1137 1382 
25 80 193 206 250 444 482 514 1196 1217 1229 1232 1278 1290 1308 
9 12 410 432 462 476 639 722 742 924 950 1253 1267 1295 
22 230 233 583 588 790 848 979 1104 1186 1283 
27 58 68 84 285 399 720 753 906 934 1125 1195 
533 625 711 793 1075 1143 1148 1305 
21 122 316 399 698 710 1004 1078 1152 1227 1281 
225 331 426 627 660 764 789 901 951 1000 1093 1154 1221 1265 1294 
358 502 607 688 888 916 945 1222 1293 1358 
331 466 507 604 650 782 1254 
52 394 561 682 811 826 869 994 1353 1355 
164 185 321 381 516 566 684 721 1027 1116 1312 1342 1357 1361 
54 189 380 418 546 977 1065 
87 140 380 503 591 700 894 906 967 1206 1223 1254 1300 1345 1388 1409 
109 132 141 240 289 585 981 1024 1050 1075 1254 1261 1291 1310 1335 
96 113 439 589 674 819 839 929 1045 1078 1095 1117 1130 1350 
5 24 137 178 213 308 375 829 1223 1234 1299 1379 1405 
73 234 291 576 703 941 952 1060 1091 1249 1375 
21 37 75 258 271 519 627 688 828 1130 1132 1177 1233 1257 1298 1326 
98 389 474 500 592 597 802 929 1146 1280 1323 
34 38 55 73 316 711 822 1077 1111 1245 1389 
560 695 804 816 846 923 961 999 1082 1279 1297 1408 
112 203 498 813 902 1037 1224 
142 160 396 398 430 599 715 725 730 852 908 1341 1346 1372 
51 97 226 528 534 1035 1281 1310 
544 657 903 932 1213 
277 416 458 638 788 846 1262 1269 1310 
115 167 193 438 532 550 778 912 957 1075 1108 
76 189 199 322 343 490 501 917 948 1181 
143 470 867 884 1349 
36 241 338 378 420 681 909 925 1347 
387 629 655 690 1083 
158 226 411 468 533 702 718 745 849 886 893 1028 1076 1103 1107 1152 1393 
144 273 284 296 540 852 928 1003 1189 1285 1370 
8 328 486 639 896 1092 
101 171 187 215 216 254 338 577 582 631 766 797 926 957 1056 1236 
127 168 220 593 717 885 1012 1186 1260 
31 109 119 131 165 525 747 804 1027 1181 1363 
58 76 550 625 677 868 940 1182 1248 1275 1342 1411 
102 106 137 202 331 372 499 715 849 1142 1406 
105 146 196 350 380 499 678 737 781 902 997 1010 1122 1168 1240 
102 287 411 538 681 981 1059 1086 1326 
189 288 578 757 868 993 1348 1353 
125 335 517 574 673 693 927 958 1048 1072 
98 310 430 548 623 648 799 917 1233 1311 1348 
305 378 460 469 484 583 595 783 886 939 1157 1232 1272 1327 1354 
217 259 394 458 520 609 649 817 854 920 995 1054 1120 1307 1320 
43 131 355 560 771 816 1030 1164 1221 
306 322 449 476 493 568 753 794 832 879 914 1204 1227 1310 1370 1397 
44 119 208 308 356 436 1118 
117 134 288 745 844 1074 1172 1318 
26 129 199 226 472 619 779 859 1132 1154 1259 
11 608 884 1025 1235 1252 1343 
21 82 90 450 686 745 800 844 953 1115 1197 
174 176 193 883 975 989 1160 1219 
14 36 76 269 403 432 580 635 1161 1182 1236 1330 1337 1374 
3 51 55 445 545 607 622 880 908 932 945 946 1211 1249 1273 1330 
167 232 300 458 526 782 819 825 842 843 905 1121 1223 1227 1261 1280 
18 389 440 469 506 625 738 753 780 963 996 1158 1326 
21 134 282 713 851 969 1056 1111 1127 1169 1314 1381 
107 321 376 466 906 916 1132 1137 1216 1283 1291 
34 137 242 433 575 681 772 776 793 860 869 939 941 1063 
53 56 219 343 365 441 473 680 711 730 732 998 1018 1027 1040 1095 1106 1164 
121 169 670 1045 
36 256 480 565 574 966 1002 1033 
94 260 329 506 532 734 788 873 884 1019 1028 
171 329 501 509 563 594 598 830 921 955 1088 1226 1379 
212 407 436 726 740 746 876 1000 1336 1366 1380 
30 46 178 208 356 445 559 685 822 826 878 911 1012 1247 1249 1356 
18 38 197 484 556 940 994 1034 1124 1209 1277 1291 
94 105 394 597 664 713 742 832 1044 1088 1122 1240 1331 1401 
100 164 185 198 202 337 341 460 524 600 661 682 693 707 733 813 865 1315 1351 
293 347 442 584 611 645 658 730 979 1099 1251 1391 
553 718 798 909 1054 1118 1321 1412 
81 181 183 427 456 749 834 968 1203 1316 
26 170 391 992 1079 1083 1122 1192 1358 
380 392 488 571 988 1344 1348 
153 621 746 796 1101 1126 1200 1236 
176 239 397 895 957 1030 1389 1392 
236 341 372 384 692 773 788 800 1047 1183 1304 1327 
32 443 706 743 784 858 1020 1158 
124 206 221 457 508 539 601 742 820 880 1130 1140 1227 1293 
158 219 339 688 771 833 1028 1075 1127 1278 
11 334 341 453 591 629 737 908 1013 1166 1311 
11 429 514 526 608 747 1268 1316 
397 586 648 917 1136 1402 
314 492 504 511 567 867 1085 1102 1143 1394 1403 
25 101 115 246 313 372 669 744 746 839 865 1211 1265 1341 
104 107 254 426 554 614 913 1090 1183 
108 203 320 381 575 865 1099 1233 
41 113 198 242 270 461 633 757 825 895 1045 1219 1401 
202 239 334 960 1016 1220 1255 
11 302 852 934 
5 392 402 530 1075 1195 1399 1406 
326 406 684 859 892 904 1045 1163 1309 
122 126 324 385 516 687 696 772 997 1040 
115 135 240 313 346 376 499 592 766 842 1285 1396 
148 204 429 489 696 787 1117 1279 1403 1407 
40 330 409 525 619 683 743 786 890 939 949 957 1033 1072 1200 
58 67 125 236 418 500 699 791 812 943 974 1141 1172 1207 1309 1357 
81 168 256 323 423 606 678 907 912 1244 
57 90 284 314 476 486 585 662 689 910 970 
84 165 183 198 259 279 334 362 592 841 994 1004 1066 1190 1322 
33 47 79 137 287 325 555 665 808 1024 1207 1227 1250 1375 
83 214 256 424 511 834 1028 1110 1194 1298 1388 
5 48 344 380 479 511 771 1062 1086 1281 1312 
333 560 565 625 839 940 945 
81 419 435 505 549 575 686 815 838 891 918 1007 1059 1311 1323 1410 
39 56 184 229 452 573 607 779 949 1070 1135 1138 
94 135 223 368 522 637 725 774 827 1053 1083 1088 
207 238 250 312 395 401 888 922 963 996 1140 1187 1207 1231 1284 1363 
257 451 467 586 967 984 1082 1127 
565 568 650 758 858 906 954 1017 1181 1234 1329 
146 212 219 638 800 817 1090 1342 1401 
199 345 394 606 619 706 736 767 959 1072 1095 1124 1130 1175 
193 294 364 472 534 612 925 1004 1165 
175 179 268 283 637 852 858 967 1142 1239 1316 1327 1340 
220 313 681 738 744 752 792 843 962 963 969 1028 1031 1094 1127 1140 1245 1351 1393 
101 195 198 325 383 604 629 699 723 766 895 917 1363 
309 439 460 525 691 882 915 994 1031 1064 1073 1211 
216 256 264 408 681 739 952 
327 345 454 533 557 615 900 998 1208 1218 1219 1253 1255 1319 
134 272 358 578 785 884 1121 1153 1286 1356 
57 94 300 359 438 491 495 633 642 694 701 959 1098 
147 366 389 754 835 841 988 1013 1073 1158 1235 1316 1336 1355 1400 
20 319 333 586 799 828 846 899 1121 1150 1183 1265 1398 
210 281 386 480 547 563 604 638 777 802 1161 
31 48 76 93 114 204 558 833 856 1094 1123 1130 1392 
211 234 368 386 460 857 938 1112 1270 
113 226 275 338 378 428 497 761 773 881 993 1052 1129 1158 1283 1339 1345 
358 402 478 588 595 838 847 855 923 953 969 1018 1099 1327 1395 
21 182 222 237 536 567 677 781 889 931 967 1261 1289 
236 293 320 324 363 425 743 1252 1351 
43 467 619 886 1032 
136 290 381 382 504 588 974 1162 1260 
100 147 767 782 1018 1343 1362 1368 1385 
31 277 817 848 996 1234 1239 1300 1317 1400 
61 74 114 349 581 591 672 843 883 890 1138 1287 1309 1310 1323 
12 36 233 262 433 664 708 835 998 1234 1356 1406 
68 145 202 717 932 947 1019 1045 1393 
49 220 254 355 367 404 489 535 573 607 780 1135 1261 1331 1383 1386 1403 
1 107 232 644 755 772 998 1020 1064 1194 1234 1237 1357 
184 333 523 550 1220 1290 1354 
290 441 593 694 819 1269 1275 1361 
168 219 226 275 387 552 578 728 936 1058 1198 
703 787 806 959 990 1071 1093 1137 1142 
59 222 272 342 360 370 577 616 881 900 982 1186 1299 
368 407 496 538 608 986 1067 1367 
128 309 655 719 755 806 859 1068 1139 1162 1382 
156 337 570 580 1147 1161 
47 110 173 187 299 496 543 557 642 662 736 848 956 1107 1251 1255 1313 
67 196 209 313 328 586 591 838 919 1060 1075 1239 1379 
302 396 431 474 507 511 714 752 989 1128 
61 66 238 732 885 1096 1223 1386 
72 367 583 625 629 713 869 1012 1360 
238 336 406 538 588 687 764 839 988 1053 1197 1293 1298 1380 
83 232 356 378 530 546 737 919 970 1072 1257 
47 82 330 631 802 903 1315 
67 88 234 587 921 922 1006 1176 1222 1341 
6 31 57 135 201 615 630 786 790 1063 1112 
5 128 300 310 484 613 922 999 
15 166 189 275 285 313 458 500 568 602 728 752 767 1000 1241 
27 198 206 275 456 527 543 712 1127 1245 
235 406 463 499 969 1171 1283 1329 
199 292 354 371 519 595 777 894 1031 1379 
41 822 1248 
552 872 898 1403 
160 548 593 603 744 895 923 938 
44 232 305 493 966 999 1041 1050 1125 1193 
12 97 288 313 457 946 951 992 1010 1051 1068 1341 
553 685 903 1092 1101 1138 1192 
275 352 377 410 502 536 930 1207 
156 160 214 222 558 718 854 911 961 1218 1337 1407 
383 429 578 685 1016 1049 1159 
142 358 479 635 677 849 1123 1364 1369 
12 58 170 178 762 806 970 1301 1384 
131 209 257 403 504 549 613 912 1046 1270 1373 
110 198 564 656 895 1115 
64 79 172 206 257 261 509 517 545 745 824 865 943 983 1277 1284 1337 1358 
100 361 493 587 1088 1183 1246 
96 136 181 256 508 511 807 882 982 1181 
14 520 774 1117 1154 1373 
41 300 340 397 509 531 945 1017 1106 1279 1290 1336 1343 
200 221 269 487 684 690 817 869 889 905 1014 1375 
286 394 418 549 561 814 1066 1168 1319 
132 331 409 535 538 544 560 744 748 766 853 1157 1208 
285 467 498 504 755 791 858 
318 474 780 886 938 1090 1111 1266 
124 217 240 403 450 601 797 850 852 1254 1314 1359 
8 73 107 593 597 626 709 886 889 900 
153 284 384 387 666 683 772 838 849 860 932 936 1087 1216 1351 
76 101 595 627 643 680 744 841 869 1061 1317 
58 281 375 510 556 586 763 828 832 974 1263 
412 453 1026 1233 1314 1352 1366 1397 
2 23 108 189 249 275 603 834 882 899 1112 1116 1123 1184 
196 203 502 548 550 672 965 1134 1198 1262 1273 1306 1402 
513 633 660 689 739 1082 1267 1281 1282 1396 1397 
410 579 588 762 824 855 893 1337 1363 
113 196 341 366 402 427 467 545 602 631 707 725 1069 1100 1132 1328 
15 53 289 505 633 726 820 1365 1395 
73 294 497 516 837 867 917 921 943 1038 1291 1293 1316 
145 295 346 391 431 451 452 462 
75 157 317 442 534 718 818 1012 1287 1347 1374 
70 91 309 407 479 596 613 892 920 964 978 1073 1203 1409 
252 392 429 624 625 715 1014 1311 1344 1368 
199 306 398 479 565 691 806 1134 1185 1345 
76 96 111 132 360 543 965 1067 1103 1134 1291 1376 
2 194 383 991 1104 1155 
145 352 450 461 591 651 659 779 826 844 927 1020 1060 1229 1271 
87 196 225 253 420 423 483 554 645 885 888 1021 1171 1394 
80 116 172 285 535 1026 1029 1070 1166 1276 1365 1380 
64 409 458 530 592 755 1035 1297 
21 277 310 440 471 527 715 748 760 861 1231 1321 
87 174 460 479 555 656 783 902 927 944 981 1006 1079 1259 1346 
66 577 612 734 1019 1061 1070 1094 1116 
313 623 867 
116 152 254 502 1014 1221 1282 1290 
220 221 386 442 472 540 738 826 
263 656 669 1123 1225 1325 1329 
150 165 579 744 854 989 1014 1058 
38 123 254 261 354 362 874 1031 1057 1102 1206 1281 
27 108 486 490 499 689 722 1029 1125 1149 1151 1154 1357 1372 
307 359 541 767 821 917 1065 1137 1312 1359 
28 108 348 418 435 436 563 672 727 733 941 1048 1068 1090 1297 1355 1371 1372 
407 496 536 643 778 906 973 1154 
63 320 398 412 415 564 631 731 845 896 1351 
530 545 552 563 727 749 880 923 989 1129 1149 1164 1259 
112 242 687 812 842 858 923 1053 1083 
101 145 252 418 424 690 845 858 1174 1281 1304 1368 
98 129 304 345 375 413 454 498 582 629 712 1325 
116 252 261 565 635 651 1265 1361 
234 324 461 499 520 521 540 840 936 981 1113 1313 1373 
145 152 364 473 518 632 716 786 839 846 1033 1130 1175 1375 1409 
25 454 504 728 838 1192 1301 1358 
1 9 195 264 615 719 1081 1338 1340 1347 
111 194 327 442 562 588 634 690 745 758 983 1051 1178 1361 
23 173 283 355 486 790 883 1030 1069 1081 1303 1369 
4 148 184 314 390 551 945 1116 1323 
89 154 157 627 631 679 740 764 928 1085 1163 1280 1355 
506 532 1065 1145 1318 1332 
124 316 332 767 846 932 1015 1134 1280 1292 
62 354 362 510 759 934 1022 1026 1027 1201 1312 
311 402 493 510 560 571 609 657 668 680 765 789 1104 1134 1163 1391 
365 445 462 507 546 594 941 1259 1389 
337 583 734 744 890 916 923 1031 1169 
122 264 354 495 688 801 907 1005 
36 41 56 253 441 554 645 806 824 943 977 1064 1226 1239 1256 
172 222 256 332 777 823 1049 1147 1354 
42 203 343 428 501 550 563 873 931 1027 1070 1144 1153 
73 213 401 413 414 620 854 954 1039 1208 1324 
251 286 437 484 516 748 879 1205 
92 162 191 267 734 856 954 1350 
85 99 112 135 651 657 767 1020 1100 1138 1243 1373 
253 257 311 462 536 557 639 730 734 844 849 903 932 1200 1313 
154 175 260 536 620 637 654 747 782 839 923 1015 1209 
43 76 139 548 710 763 1097 1356 1391 
67 147 158 297 394 542 673 858 964 1006 1039 1156 
43 75 113 150 211 217 599 871 1141 1189 
108 215 318 349 665 721 735 889 918 1006 1221 1294 
176 240 600 751 752 896 906 929 944 945 949 1058 
125 214 704 813 831 972 1069 1208 1296 1330 
123 456 627 643 764 772 1387 
23 104 117 232 235 364 964 1051 1156 1290 
126 141 544 711 732 1223 1353 1373 
256 258 894 922 941 1082 1191 1376 1392 
321 432 538 730 733 890 1014 1095 
122 489 849 868 1034 1110 1195 
105 230 298 421 460 582 719 820 908 1032 1070 1251 1253 1383 
383 584 610 705 714 945 969 1019 1037 1118 1209 1233 1241 1294 
18 41 63 64 83 168 206 234 312 337 548 588 878 1012 1209 1229 1388 
53 408 1016 1073 1142 1176 1330 1356 
154 157 203 239 279 415 432 847 965 970 1123 1191 1300 1411 
86 265 362 574 609 654 673 679 867 996 1046 1109 1289 
102 276 348 354 482 527 636 651 789 793 994 1135 
17 49 69 120 161 237 308 344 577 721 1150 1215 
61 106 306 433 573 731 781 841 1011 
56 97 231 334 351 369 396 557 738 1144 1285 
31 57 244 276 518 937 1014 1155 1195 1229 1275 1326 
101 113 224 254 328 372 451 716 882 1027 1073 1082 1213 1219 1326 
50 60 80 217 901 960 963 1009 1253 1365 1384 
116 245 393 406 527 649 665 670 730 1021 1094 1168 1213 1363 1402 
216 511 693 848 860 977 982 1020 1271 1281 1392 
32 168 273 275 440 463 505 598 682 694 720 961 980 1015 1412 
3 70 214 330 373 451 454 522 778 858 971 1273 
448 611 620 949 1034 1224 1236 
15 31 88 91 151 185 259 300 417 446 498 715 740 979 1031 1117 1168 
145 244 278 319 334 473 506 728 780 832 916 1029 1159 1378 
86 138 226 370 440 714 822 877 958 979 1026 1149 1284 1401 
115 136 183 469 493 584 585 824 967 1188 1246 1307 
316 667 940 985 
36 67 142 146 316 875 1249 1348 1357 
113 154 214 482 855 870 1092 1241 
20 197 747 966 1018 
107 132 584 843 863 954 983 1208 
8 53 239 269 298 450 628 787 865 1059 1301 
55 73 290 394 443 831 946 1014 1377 
692 838 926 930 941 1107 1112 1150 
24 113 186 414 419 443 506 873 960 1027 1037 1039 1061 1150 
87 92 128 139 291 667 690 738 900 1057 1096 1120 1217 1388 1391 
16 46 98 199 249 354 602 716 859 917 946 1024 1118 1235 1254 
8 94 149 152 203 217 229 278 582 588 617 666 700 817 907 1163 1244 1266 1392 
328 415 1072 1201 1206 
40 44 361 402 484 625 1084 1170 1368 
92 116 128 418 513 735 900 929 1087 1097 1129 1137 1213 
156 364 392 484 595 699 726 811 892 934 1003 1149 1204 1356 
38 211 294 337 523 681 783 809 1063 1252 
14 54 75 565 714 759 776 847 883 982 1134 1197 
299 440 462 682 859 881 926 986 1059 1341 1387 
38 133 137 362 567 597 626 719 775 938 1086 1225 1367 1390 
60 198 293 358 482 582 693 1115 
3 36 194 374 427 445 449 511 600 803 1032 1120 1150 1250 1344 1363 
96 177 226 272 488 660 816 929 935 970 1262 
13 23 40 155 272 341 519 527 603 621 647 754 857 959 1231 1242 1333 
243 274 424 466 595 664 680 713 950 999 1031 1054 1071 1290 1291 
121 524 727 922 1058 1092 1129 1143 1394 1395 
153 387 388 432 477 557 560 581 614 671 877 880 898 987 1211 
181 193 368 753 915 934 965 1125 1176 1231 
137 350 514 621 680 843 911 982 1004 1068 1069 1273 1283 
7 525 710 748 836 1083 1153 
53 82 177 928 970 1252 1383 
201 281 408 459 517 568 648 680 807 814 992 1002 1325 1410 
31 151 288 498 724 806 896 1349 1381 
5 130 218 454 524 570 609 618 748 1027 1341 
2 248 283 335 414 524 937 968 996 1080 1137 1195 
68 282 373 841 942 952 958 1068 1185 1191 1210 
24 47 99 281 304 464 783 823 1247 1370 
128 231 472 639 661 703 820 1142 
38 75 76 143 183 395 417 440 719 729 853 1129 1247 
61 140 476 515 752 935 968 1036 1100 1171 1182 1320 1335 1401 
230 239 348 376 402 515 618 638 647 841 856 953 992 1024 1051 1126 1377 
496 565 606 774 1065 1148 1195 1403 
246 325 715 720 740 1089 1217 1323 
123 179 452 616 884 943 1026 1142 1218 1360 1407 
60 152 267 338 495 606 923 1036 1226 1354 
25 66 194 212 362 681 916 1043 1215 1247 
147 460 571 675 767 840 1055 1057 1089 1303 1400 
386 551 712 722 910 977 1006 1042 1334 
86 230 243 587 1028 1264 1384 
106 204 299 324 571 696 708 752 952 1084 1130 1145 1203 1238 1366 1412 
29 168 641 774 891 948 961 1206 
152 172 186 493 600 642 751 809 847 964 1023 1055 1276 
247 300 304 326 396 443 472 675 698 830 906 1058 1155 1260 1346 1372 
39 65 73 117 135 230 336 503 600 810 813 893 931 1023 1137 1236 1251 
279 374 642 742 900 912 955 959 1012 1081 1135 1151 1268 1283 1317 1368 
33 44 110 661 701 786 870 1024 1112 1154 1234 1303 
45 244 251 700 827 998 1007 1021 1088 1191 1246 
64 269 598 839 1201 1235 
161 321 332 349 363 621 677 818 869 875 986 1167 1345 1373 
13 162 389 735 976 1007 1024 1156 1243 1248 
3 42 46 189 438 771 795 944 1148 
122 139 190 243 438 590 591 612 892 906 1050 1123 1131 1210 1293 1323 
40 157 226 231 246 259 396 491 520 669 681 693 769 913 1187 
95 283 346 378 421 433 463 885 938 1212 1223 1292 
128 145 536 620 664 721 809 1080 1206 1351 
32 93 124 646 944 1160 1321 1389 
104 144 201 226 321 418 484 595 776 821 882 1148 1217 1241 1315 1356 1412 
23 122 190 365 446 550 591 814 898 928 938 982 1011 1187 1249 
26 385 427 631 848 860 984 998 1046 1061 1338 1383 1396 1398 
119 185 331 375 394 452 558 744 995 1003 1236 1405 
291 293 305 452 642 773 962 1036 1234 1236 1354 
20 116 276 282 302 318 480 695 801 867 1189 1194 1244 1265 1276 1360 
76 189 319 458 891 1068 1215 
363 540 602 720 765 842 924 930 946 985 1030 1116 1196 1245 
186 446 595 645 663 757 965 1219 1277 
227 241 322 467 551 703 739 798 842 940 1308 1342 
345 535 676 767 859 1299 
280 282 298 434 658 659 680 888 1029 1079 1164 1177 
25 98 628 814 1080 1168 1223 
126 131 384 409 705 919 1072 1334 
39 346 620 892 897 972 1001 1013 1161 
227 324 329 497 638 648 770 798 930 981 1153 1280 1332 1370 
99 288 330 340 476 496 507 520 777 1188 1292 1350 
78 588 648 824 958 1148 
111 248 344 349 463 474 638 762 879 910 1153 1166 
198 251 289 384 412 580 742 951 1274 1320 
162 169 355 472 634 696 945 1026 1117 1282 1311 
322 337 410 411 472 505 696 703 1033 1091 1256 1367 
153 387 411 595 636 681 715 831 954 988 1008 1321 1412 
9 450 463 515 693 836 1085 1255 1268 1311 
3 145 183 266 401 413 421 480 718 862 1091 1140 1277 1294 1313 
166 308 497 581 589 633 768 821 835 899 1045 1130 1152 
568 639 653 691 861 909 1099 1222 1327 
207 270 399 524 619 796 850 961 1143 1212 1327 
98 136 143 325 485 829 892 968 1109 1209 1370 
2 105 189 219 321 326 487 605 649 656 745 752 820 1061 1206 1209 
64 102 174 233 476 606 677 1138 1370 1406 
35 69 105 290 476 652 1003 1106 
172 301 602 677 881 1137 1149 1348 
42 121 235 458 477 564 706 781 793 1083 1103 1126 1300 1341 
299 375 456 753 1098 1208 1293 
192 296 298 710 771 866 956 1099 1110 1153 1179 1343 
88 226 254 696 709 961 
336 381 384 401 580 695 1029 1371 
314 588 773 856 1052 1106 1151 1398 
17 50 128 312 446 971 1110 1185 1345 
256 288 591 665 811 935 1034 
113 140 154 196 594 608 681 773 1026 1216 1245 
218 247 313 492 687 893 960 992 1120 1333 
49 182 617 912 972 1051 1284 
8 10 178 430 624 685 764 780 981 1086 1295 1351 1368 1390 
