1415 8017
177 334 372 390 604 917 947 1072 1142 1145 1264 1324 
120 291 614 696 702 1298 
306 372 488 558 585 627 657 732 876 965 967 977 1413 
286 302 313 391 448 765 827 1020 1104 1153 1236 1242 1342 1398 
11 52 175 259 315 343 442 464 851 854 930 1015 1088 1204 1223 1341 
44 190 191 403 507 589 803 908 926 964 979 
216 456 650 665 769 883 938 1159 1199 1385 
164 332 619 629 847 864 932 1030 1283 
51 101 164 571 637 699 913 1055 1084 1090 1104 1252 1353 1411 
113 191 438 462 477 514 590 711 773 836 1101 1161 1331 1343 1395 
5 70 128 132 175 349 465 495 569 616 795 1056 1139 1308 1390 
62 132 175 277 335 584 587 667 678 828 895 965 988 1016 1241 
66 158 227 256 260 271 396 601 652 767 779 836 1127 1155 1159 1335 
168 249 404 558 561 797 1142 1274 1380 
25 431 611 811 860 957 1030 1035 1161 1214 1217 
43 83 145 388 433 471 568 663 724 787 802 997 1167 1232 
73 103 367 407 764 1392 1399 1400 
175 246 424 460 500 681 724 755 1295 1305 1362 
313 365 588 826 907 948 1066 1129 1188 1411 
272 417 596 690 913 1008 1115 1153 1195 1210 
148 288 376 574 670 681 703 1006 1043 1274 
65 214 239 506 721 1045 1112 1175 1304 
100 103 401 685 1107 1268 1295 1366 1378 
98 101 161 261 340 506 774 897 984 1404 
15 50 99 302 499 539 759 882 1079 
78 88 147 215 267 268 609 674 685 739 764 1287 1367 1389 
35 39 392 551 577 645 833 913 955 1382 
138 440 579 598 784 911 982 1000 1044 1286 
129 215 327 393 605 727 804 1247 1335 
123 149 414 501 590 744 855 932 957 1034 1229 
87 432 434 722 745 750 758 764 868 894 1058 1156 1168 1217 1303 
182 319 386 554 666 678 781 820 868 911 1126 1127 
65 103 104 363 394 429 494 570 805 891 1033 1119 1146 1397 
98 304 335 413 418 645 707 777 818 1111 1335 1408 
27 99 133 276 288 305 369 444 495 600 726 808 965 1225 1246 
216 242 311 447 593 663 668 671 702 747 770 907 1287 1303 
130 187 238 255 276 330 375 383 420 633 772 822 838 1058 1161 1338 
276 284 337 498 604 912 971 1033 1047 1173 1362 
27 68 144 399 659 668 1219 
152 536 554 637 690 715 839 889 1012 1013 1242 1266 1303 1339 
400 430 688 821 843 884 1152 1256 
92 204 274 440 570 824 923 1004 1008 1268 
16 162 220 224 375 507 642 675 1142 1268 
6 114 172 256 279 397 418 430 493 582 632 636 736 766 821 933 1011 1016 1193 1199 1282 
400 535 808 960 1211 1241 
240 275 285 409 466 846 1023 1083 1136 1249 1265 1303 1349 1354 
63 121 129 154 167 195 489 607 716 856 859 933 952 955 973 994 1093 1360 1366 
86 129 248 444 626 687 832 857 926 1134 1145 1183 1302 1378 
54 80 178 258 277 360 825 1000 1238 1283 1353 
25 162 213 396 502 764 923 962 967 1131 1190 1208 1236 1415 
9 81 401 533 546 573 575 1081 1132 1149 1220 1228 
5 129 188 357 681 696 728 788 1034 1182 1336 
54 130 168 315 1000 
49 53 62 314 364 375 644 675 847 864 1177 1185 1225 1364 1381 
75 161 388 802 918 989 1030 
163 564 674 787 847 994 1021 1046 
165 172 196 213 237 605 864 993 1394 
340 937 972 1050 1115 1126 1310 1402 
238 564 1125 1294 1390 1396 
159 305 421 473 523 961 1001 1014 
78 102 432 689 696 697 906 948 1003 1024 1314 
12 54 423 424 859 927 996 1025 1036 1112 1188 1190 
47 96 198 417 509 574 661 793 872 1006 1092 1186 
265 421 445 502 703 716 894 961 1087 1181 1292 1351 1414 
22 33 208 318 371 467 1047 1274 
13 191 199 274 749 783 900 913 1037 1128 1131 1266 1297 
73 78 371 450 594 693 708 781 899 930 964 1009 1028 1145 1148 1232 1241 1250 
39 357 514 846 1066 1076 
207 230 310 473 484 517 701 703 1032 1062 1215 
11 195 210 355 392 404 407 466 1021 1279 1297 1395 1396 
721 888 1050 
94 214 376 409 468 498 617 717 757 795 808 878 917 1054 1163 1200 1296 
17 67 94 512 953 1268 
102 169 216 304 1031 1106 1297 1329 
55 98 300 690 738 806 1006 1044 1047 1049 1260 1402 
245 427 498 917 966 1066 1142 
86 129 165 254 311 564 647 652 677 918 1014 1127 1297 
26 61 67 248 700 750 1208 1370 
265 471 785 916 990 1028 1122 1231 1287 1290 1298 
49 234 522 671 726 729 811 899 972 1139 1222 1292 1323 
51 529 623 677 681 687 711 766 953 1030 1146 1326 
179 282 485 547 561 609 728 783 1192 1214 
16 113 150 276 336 357 510 604 775 805 1010 1236 1362 1398 
105 394 452 884 918 990 1005 1007 1079 1108 1118 1181 1186 
116 164 168 218 409 515 525 555 646 662 666 684 762 889 1031 1040 1310 1364 
48 77 143 752 948 1099 1219 
31 237 341 449 552 608 944 954 1014 1159 1253 1311 
26 155 157 364 568 643 854 866 870 888 949 1043 1137 1210 1234 
435 756 929 935 1099 1243 
227 463 549 614 635 723 802 823 909 1261 1272 
160 201 226 324 456 491 636 753 1113 1352 
42 108 168 169 218 362 387 464 601 626 676 731 893 950 1170 1225 1408 1412 
251 357 386 470 590 645 816 953 1009 1101 1112 1193 1226 1237 1254 
72 73 138 191 216 372 400 512 593 770 774 960 1095 1154 1197 1337 
394 414 720 771 894 1031 1083 1227 1308 1334 1340 1403 
63 192 219 265 440 677 783 852 897 989 993 1001 1089 1108 1125 1169 1201 1272 
140 167 338 491 501 572 675 825 1127 1173 1211 1295 
24 34 75 184 242 250 288 403 535 876 883 920 989 1017 1045 1056 1100 1237 1290 1315 
25 35 114 309 388 477 547 787 847 985 1062 1238 1291 1343 
23 146 373 578 873 1012 1290 
9 24 348 412 421 805 809 950 978 1077 1079 1171 1258 1293 
61 74 132 203 217 534 558 655 872 967 968 997 1059 1100 1158 1221 1260 1271 1387 
17 23 33 184 197 206 213 253 256 469 720 771 831 886 956 1298 1375 
33 369 514 814 933 1158 1329 1330 1349 
84 462 559 587 663 697 784 820 854 1089 1210 1281 1387 1404 
136 226 241 346 576 644 701 896 964 1355 
256 287 451 761 1152 1184 1217 1224 1297 1331 
92 169 175 280 603 734 876 915 932 947 1118 1321 
113 206 226 344 488 489 545 568 592 606 664 734 852 853 896 1078 1114 1382 
124 468 519 723 727 743 762 1379 
246 274 390 756 786 792 828 1117 1139 1174 1268 
386 419 449 836 911 1032 1214 1276 1277 
10 83 109 186 386 461 482 639 814 941 1183 1294 1380 
44 99 200 209 213 218 231 343 443 656 697 743 873 1030 1033 1095 1332 
157 163 168 246 269 399 611 651 804 1002 1059 1137 1163 
85 149 177 337 409 460 564 
479 668 696 738 993 1060 1061 1087 1189 1395 
244 273 500 654 738 754 765 1035 1042 1086 1294 1393 
355 368 438 451 509 538 951 1040 1079 1218 1268 
2 297 411 541 619 677 1234 1375 
47 295 305 340 388 419 530 619 640 975 1046 1080 1172 1175 1180 1216 1250 
336 384 415 620 638 971 1049 1160 
30 221 357 477 564 612 695 697 704 734 757 863 1004 1047 1310 
110 319 598 627 692 764 837 857 1162 1289 
238 399 533 730 872 1259 1286 1359 
156 168 352 565 692 693 804 1063 1101 
216 294 376 404 424 487 516 519 552 925 994 1000 1126 1207 
11 203 248 445 478 510 549 639 640 657 803 885 946 995 1228 1315 
29 47 48 52 77 249 334 336 337 436 1213 1327 1328 1396 1397 
37 53 299 412 946 1026 
171 211 363 478 483 552 571 615 627 642 713 753 781 872 947 1084 
11 12 102 306 414 527 660 786 815 1049 1119 
35 233 414 458 559 925 967 
183 442 928 981 1179 1374 
156 342 678 930 1170 1198 1207 1316 1385 
106 302 755 764 790 
146 158 278 746 893 954 1065 1153 1241 
28 94 305 378 651 721 1030 1153 1340 
238 510 529 533 572 845 997 1015 1209 1357 
97 220 323 342 370 392 505 667 700 825 912 948 1141 1176 1296 1313 1322 1369 1381 1394 
194 306 327 525 667 674 807 962 1050 1187 1260 
240 410 634 684 1008 
86 241 332 415 453 540 577 600 615 684 691 709 983 1034 1121 1158 1365 
39 199 218 251 368 592 729 804 1245 1307 
16 540 869 944 1237 1374 
100 137 158 363 376 726 845 1086 1097 1357 1402 
26 276 292 392 418 562 796 828 859 904 1161 1167 1382 
21 291 347 349 355 432 447 650 1029 1379 1408 
30 116 283 287 308 445 586 642 702 884 1079 1081 1250 
83 179 209 573 581 616 716 795 879 887 905 1211 1236 
275 352 456 534 582 1121 1152 1222 1229 1362 
40 386 436 473 554 688 926 996 1368 
450 451 482 705 757 764 842 862 881 910 1391 1395 
47 233 319 616 766 923 1149 
88 164 166 243 339 587 856 
126 135 175 346 460 654 660 858 898 941 953 1051 1235 1373 1412 
88 115 161 192 196 466 539 821 871 918 1012 1069 1101 1388 
13 137 146 191 786 807 883 964 1002 1278 1288 1295 1338 1402 
60 249 316 436 855 1049 1056 1247 1400 
91 434 665 805 811 916 1002 1124 
24 55 157 332 552 603 616 986 1335 
43 50 261 356 376 384 433 568 793 1011 1033 1293 1344 
56 115 278 322 396 409 464 521 532 726 806 819 1011 1222 1354 1380 
8 9 85 155 239 565 624 836 851 859 924 985 1212 1244 1304 
57 77 443 741 783 836 934 960 1082 1110 1116 1176 
155 468 525 592 966 1268 1271 1334 1399 
47 97 280 409 523 941 1125 1140 1234 1414 
14 53 85 92 115 126 169 210 277 592 787 965 988 1173 1191 1193 
74 92 108 168 338 412 514 540 598 602 611 786 811 887 1288 
225 263 318 485 741 790 812 1051 1062 1294 
131 572 657 778 844 1381 1402 
44 57 201 241 855 966 1058 1140 1148 1352 1384 1388 
186 265 454 558 681 874 1025 1032 
288 366 422 578 1134 1235 1322 
5 11 12 18 108 156 477 888 1244 1391 
213 344 368 462 465 583 639 726 727 737 999 1129 1179 1276 1296 
1 116 457 772 859 998 1112 1145 1146 1301 
49 565 797 816 852 990 1009 1302 
82 150 208 280 580 756 838 906 996 1074 1124 1156 1325 1332 
197 316 461 514 570 610 643 686 755 770 792 907 1135 1216 1248 1269 1315 
370 521 581 595 710 722 798 835 993 1272 
32 283 525 571 605 912 983 1029 1035 1085 1114 1219 
134 365 377 548 893 986 1244 
98 103 373 437 532 703 795 798 1343 
326 350 710 811 871 961 1017 1135 1281 1376 1391 
113 173 195 275 485 523 621 696 763 840 915 977 
37 309 804 812 855 1111 1253 1277 1321 1343 1345 
52 765 961 964 1245 1388 
240 245 288 367 441 451 561 772 842 855 972 1256 1288 
6 272 446 476 512 604 607 762 783 870 1080 1136 1171 
6 10 66 94 158 193 265 567 585 684 704 902 994 1106 
96 157 276 413 422 470 583 649 931 937 951 1152 1161 1327 
191 320 410 476 478 479 880 1035 1036 1338 1375 
141 374 510 640 694 741 1193 1413 
47 70 186 538 689 1034 1397 
57 157 413 1203 1238 1280 1303 1370 
103 180 243 307 429 620 700 868 884 944 984 1305 1395 
63 311 353 434 475 667 720 871 880 910 947 962 1351 
66 144 423 564 700 793 1013 1095 1254 1324 
114 201 253 388 451 473 490 503 670 1083 1166 1387 
91 172 200 604 625 633 638 690 700 705 765 912 1052 1065 1261 1398 1402 
526 754 930 985 1024 1088 1242 
102 128 415 421 546 556 585 603 762 866 1080 1331 1360 1385 1406 
42 344 490 1007 1043 1044 1296 1359 
216 286 414 432 526 611 673 683 780 912 1183 
103 109 403 698 705 720 745 750 797 1365 1373 
69 400 513 529 701 918 983 992 
65 179 236 245 609 658 814 1255 1278 
114 150 602 711 832 880 885 1033 1059 1089 
70 168 289 300 433 489 541 578 616 636 952 1003 1050 1145 1183 1307 1331 1382 
131 497 509 548 857 869 886 1168 
363 417 451 662 734 761 925 999 1012 1040 1254 
50 57 103 114 176 348 426 455 463 662 668 689 793 856 866 953 
22 72 242 610 612 635 1252 
26 29 560 605 747 753 772 916 918 1081 1287 
7 36 74 94 127 205 611 628 682 831 899 954 1066 1352 
102 298 382 492 498 552 692 817 842 1037 1039 
85 92 114 144 321 402 448 540 550 1010 1085 1327 1411 
96 266 468 517 653 1166 1202 1261 
43 140 357 393 579 728 805 977 1091 1191 
123 298 453 465 582 642 732 747 825 889 1120 1199 1410 
250 345 415 463 537 723 804 882 1006 1023 1094 1187 1210 
312 443 502 529 748 865 949 970 1133 1170 1198 1209 1333 1349 
43 320 344 474 546 679 704 730 748 808 848 918 1060 1275 1296 1323 
170 263 467 516 601 1038 1046 1054 
91 106 109 371 696 963 1015 1068 1130 1218 1264 
13 90 271 306 590 629 848 876 900 1019 1047 1097 1211 1291 
301 369 373 379 692 710 728 753 787 863 963 1015 1086 1383 
302 327 375 474 665 688 834 865 986 999 1330 1358 
69 244 252 319 377 564 586 612 724 764 1415 
114 305 324 713 887 925 1198 1227 1370 
314 366 368 682 791 894 1067 1071 1105 1115 1195 1246 1255 
133 154 370 409 537 596 905 1034 1340 1378 1399 
80 515 641 771 898 969 1125 1142 1398 
300 358 542 618 624 726 757 802 808 810 840 943 1149 1191 1381 
208 409 481 1099 1323 1336 1391 
57 87 518 603 712 765 899 1069 1076 1105 1152 1174 1349 1384 
37 59 125 139 256 258 398 443 940 1091 1116 
22 164 286 371 526 538 588 746 901 1247 1272 1373 
46 142 189 269 358 497 541 664 845 854 901 1040 1107 1114 1126 
106 143 172 440 502 714 754 1002 1040 1043 1057 1164 1211 1223 
36 98 214 342 453 498 560 666 899 932 1150 1256 1350 
155 197 287 361 391 430 527 764 1147 1355 
118 230 412 605 837 906 1151 1283 1375 
76 189 208 499 571 997 
18 111 115 285 350 484 660 687 908 1141 1398 1409 
350 600 808 948 989 1038 1047 1234 1256 1269 1319 
48 78 128 271 296 665 884 995 1024 1054 1060 1124 1317 
14 129 159 430 640 685 891 1066 1233 1290 
98 222 462 497 973 1260 1297 1315 
93 144 302 451 543 595 695 755 1122 1152 1203 1268 1334 
230 304 358 405 617 986 1029 1128 1213 1397 
103 200 268 506 811 906 940 1108 
77 399 631 672 1055 1181 1190 
37 257 314 322 486 592 784 823 866 921 924 955 1062 1075 1134 1164 1300 1350 
13 44 103 107 238 260 484 576 592 805 903 1068 1274 1379 
255 352 497 959 1171 1288 1292 1397 
49 238 479 575 625 755 1326 
5 277 296 465 589 926 1364 
13 256 497 522 554 609 708 1049 1105 1113 1317 1341 1371 
24 162 430 734 803 975 1014 1081 1134 1198 1235 1236 
298 350 544 633 722 918 1005 1051 1101 1151 1179 1195 1376 1409 
170 225 304 414 485 552 796 1137 1138 1167 
277 350 440 512 534 566 653 665 849 933 
64 79 96 173 191 340 731 750 794 951 1017 1135 
219 304 360 454 607 716 931 1192 
26 292 572 725 832 1355 
26 253 392 412 435 580 673 678 958 1124 1162 1191 1203 1277 
115 240 692 724 882 916 1086 1395 
310 627 900 941 1095 1195 1314 
13 227 248 285 315 323 613 696 710 882 1370 1372 1410 
20 190 447 486 634 704 785 921 1166 1197 1313 
118 461 544 590 627 730 764 771 815 909 950 1009 1013 1284 1289 1324 1365 1374 
42 66 111 401 408 460 485 648 729 749 1286 
46 151 186 461 706 879 1027 1122 1172 
35 37 38 83 147 192 331 393 570 609 695 806 1005 1009 1088 1153 1341 
12 49 168 259 264 292 472 705 724 839 870 895 1084 1162 1284 1338 
137 163 281 309 347 362 367 672 802 1032 1106 1127 1283 1385 
44 454 496 750 879 993 1190 1304 
108 167 179 351 387 440 928 1067 1109 1205 1395 1401 
278 947 1052 
82 298 424 457 713 902 1241 1323 
149 182 327 365 554 577 721 896 921 932 1013 1066 1119 1253 1384 
38 357 673 798 1018 1019 1145 1413 
46 246 271 552 717 734 749 1096 1220 1320 
4 205 239 380 618 646 731 732 738 1017 1101 1336 
107 149 243 475 499 729 843 850 890 928 
21 35 98 174 189 408 447 564 573 584 640 667 804 932 1294 1363 
210 330 341 427 539 601 630 975 989 1293 
600 839 981 1109 
2 148 388 518 1084 1148 1171 1238 
147 267 277 300 497 517 545 772 805 818 1036 1037 1251 1332 1353 
355 373 761 852 882 989 1222 1287 1348 
127 422 481 518 864 906 953 1002 
121 1003 1145 
248 259 361 631 638 674 823 957 1164 
120 467 662 670 779 906 994 1056 1082 1249 
217 221 262 282 621 780 1021 1325 
130 307 685 774 797 802 908 1303 1374 1393 
75 210 235 292 434 651 755 794 896 1055 1099 1161 1256 1302 
228 354 405 426 511 518 696 771 775 865 898 910 912 967 994 1103 1188 1228 1269 1407 
4 25 136 229 251 502 519 659 811 885 915 1114 1286 
608 767 891 1005 1069 1094 1152 1289 1313 
34 74 252 263 266 560 675 879 1067 1211 1357 
35 60 121 138 231 393 699 725 769 885 1107 1137 
3 132 141 227 372 477 486 554 565 661 873 1239 1247 1377 1412 
197 299 390 914 1012 
149 437 630 761 792 800 931 973 989 998 1097 1328 
99 187 278 428 549 577 667 716 802 836 876 938 991 1042 1316 1349 1366 1384 
69 270 422 469 480 530 1046 1314 1324 1388 
36 77 198 377 487 526 531 575 608 625 742 747 788 804 1075 
223 417 632 814 880 1091 1147 1202 
4 19 339 458 470 514 558 573 671 680 693 1070 1208 1219 1264 1322 1342 
54 232 255 562 563 619 644 738 769 907 1198 1257 
5 53 271 382 642 788 1078 1127 1267 1324 1365 
159 180 451 554 839 913 939 1247 1250 1295 1398 
459 516 818 909 947 1119 1230 1303 1344 
65 170 408 541 547 614 644 815 861 885 913 1170 1185 
32 124 154 230 373 492 845 898 911 1016 1180 1368 1381 
193 224 418 953 963 1006 1058 1074 1078 1277 1349 1366 1403 
218 445 663 748 912 1067 1166 1231 1266 
163 255 659 677 795 1117 1145 1179 1400 
140 271 434 529 560 585 659 794 912 920 1057 1186 1237 1241 1400 
91 231 428 710 711 824 1022 1094 1160 1176 1241 
331 734 1090 1277 
185 368 386 487 690 832 863 921 941 1087 1257 
29 141 229 283 368 478 687 782 897 950 1166 1207 
490 552 598 723 855 872 925 983 1283 1408 
490 516 573 683 756 1226 1236 1312 
37 289 387 428 568 843 1068 1161 1204 1274 
276 325 707 761 1040 1084 1176 1181 
8 143 161 416 450 770 776 1023 1128 1369 1393 
362 592 665 714 1019 1095 
1 129 373 397 558 885 1002 1030 1213 1382 
12 34 364 399 411 424 450 648 986 1034 1083 1224 1271 1295 
83 122 129 413 546 552 575 873 893 1047 1149 1159 1267 
38 116 129 362 473 631 665 751 883 963 1096 
97 169 349 428 497 617 672 793 941 949 1195 1331 
155 313 719 866 1136 1311 
24 58 121 265 403 535 598 641 749 995 1144 1379 
87 289 405 436 553 610 770 917 929 1025 1039 1043 1202 1323 
135 140 242 383 442 526 603 659 722 832 1369 
5 114 424 451 556 760 842 1015 1104 1132 1212 
109 176 204 224 573 577 608 967 980 1100 1398 
222 537 741 801 999 1112 1138 1231 1307 1332 
106 156 395 505 550 932 1103 1202 1357 
148 278 531 600 616 646 950 1065 1075 1078 1125 1247 1323 
101 213 385 394 604 834 970 1049 1223 1257 1260 
11 148 338 398 662 769 858 902 1051 1377 
185 246 247 262 264 433 453 519 629 801 
280 705 905 1297 1345 
126 151 257 668 745 796 1128 1173 1234 
198 379 458 603 660 723 752 780 887 951 
301 425 633 644 779 828 851 983 1092 1212 1277 
70 119 148 293 440 584 731 733 746 872 898 987 1065 1128 1145 1176 
162 358 385 405 442 447 460 613 634 918 1056 1163 1310 1368 1369 
52 68 83 93 123 220 284 370 389 539 552 883 1015 1148 1225 1227 1253 1365 
235 240 252 356 771 1006 
393 482 702 937 975 1120 1287 1392 1414 
49 266 394 444 586 804 903 1132 
243 296 701 1271 1323 1350 
92 278 333 337 454 483 606 616 734 1238 
33 131 146 212 834 1028 1167 1202 1238 1341 1356 
54 88 335 749 925 1059 1071 1194 
19 183 283 648 1000 1097 1152 1154 1156 1265 
174 232 370 461 642 740 752 827 1063 1129 1238 1362 
17 189 278 533 568 579 589 626 760 766 803 1059 
119 144 176 232 326 327 512 647 693 1072 1100 1239 
35 104 228 611 673 699 714 790 936 1291 1369 1384 
140 181 233 357 366 615 789 1104 1229 
65 67 226 239 425 430 575 580 753 819 833 1242 
1 3 94 306 448 514 518 675 904 1019 1411 
100 184 228 293 319 334 566 632 660 687 1250 1262 1333 1337 
194 483 584 604 652 657 771 813 868 870 935 998 1071 1173 1228 1313 
37 43 54 229 426 514 720 795 847 857 1290 1321 1361 1407 
21 72 127 146 162 398 483 503 539 543 675 724 750 932 1220 
183 230 311 421 449 601 714 732 788 1319 1360 1384 1405 
138 466 600 667 764 962 1038 1082 1100 1108 1368 
228 353 386 817 1367 1412 
286 549 584 841 843 943 
414 890 952 968 1174 1263 1267 1383 
217 315 388 563 600 934 1199 
37 342 433 579 599 739 898 927 1131 1412 
122 162 414 442 487 489 495 558 715 777 845 966 1092 1212 
348 356 403 548 633 664 685 963 1320 
32 93 112 113 152 326 379 477 584 675 757 844 881 1025 1080 1374 
92 280 330 411 883 1002 1304 1317 1377 
16 55 99 121 200 291 382 466 504 817 835 836 902 916 1051 1145 1184 1204 1226 1318 
357 553 699 924 967 1110 1120 1244 1279 1340 
1 111 307 401 441 641 858 918 1103 1313 1346 1392 
4 243 615 1111 1399 
27 70 140 147 268 730 799 1075 1181 1274 1321 1405 
29 220 276 305 359 840 917 918 957 987 1151 1264 1266 1329 
33 84 95 348 360 478 544 574 689 701 717 912 940 992 1093 1151 1226 1289 1324 1330 1345 
346 603 850 1142 1289 
13 50 163 480 512 877 1086 1132 1251 1307 1373 
44 334 430 504 520 542 937 940 968 1334 
238 349 376 417 610 867 904 1121 1217 1298 1356 1413 
39 115 125 254 335 470 754 791 1172 1190 1197 
41 45 94 207 470 1048 1207 1277 1279 
23 51 274 390 414 535 538 655 712 758 907 1125 1215 1277 1285 1342 1367 
218 428 504 611 723 919 1037 1346 1382 
6 98 206 340 385 432 462 492 581 652 743 745 794 1025 1258 
14 70 127 405 532 893 1265 1271 
252 301 341 356 404 848 964 1027 1056 1090 1108 1192 1245 1273 1274 1286 1337 
446 473 510 542 613 642 725 860 898 1170 1235 
17 70 436 721 737 948 1020 
274 288 318 578 595 677 740 808 875 1279 1291 1351 1374 1403 
46 72 85 116 163 167 233 236 434 478 595 608 704 734 785 1006 1105 
142 193 604 701 783 830 893 1007 1014 1196 1370 1377 1404 
120 335 387 445 1202 1286 
101 130 169 244 268 429 911 1277 1379 
34 192 196 336 424 456 552 617 965 1136 1203 1406 
30 95 132 133 205 263 381 384 401 709 747 763 957 990 1045 1187 1372 
122 143 203 222 431 433 704 993 1003 1084 1136 1361 1369 
332 474 584 863 892 973 1201 1308 1370 
20 63 212 312 398 490 636 781 798 839 1174 1290 1408 
34 44 147 320 556 612 693 704 752 952 1084 1183 1282 
112 121 474 502 508 530 606 681 813 881 1142 
37 434 563 718 851 880 923 990 1188 1403 
60 64 101 203 377 452 624 832 880 1009 1098 1270 
174 192 294 310 659 852 916 982 988 990 1050 1161 1165 1339 
62 199 433 490 898 1147 1352 
18 62 127 282 335 343 413 496 812 913 941 1272 1284 1302 1307 1378 1405 
354 371 587 670 746 793 839 1154 1177 1357 1359 
213 301 375 480 636 828 1228 
76 289 543 845 951 982 1125 1132 1305 1389 
309 324 330 338 402 518 717 772 832 895 968 1111 1123 1308 1386 
33 197 412 550 850 940 944 1404 
41 44 243 249 261 371 397 504 555 671 745 1137 1167 1234 1236 1257 
15 415 484 533 765 996 1116 1357 1361 1403 
31 61 148 205 403 456 942 1251 1269 
16 162 210 350 383 415 423 440 470 519 854 872 879 1145 1243 
31 160 198 300 323 409 420 664 833 947 1133 
89 268 498 514 594 703 838 928 950 1059 
129 152 159 341 407 531 536 681 871 1152 1177 1303 1344 
184 308 560 823 845 996 1051 1097 1134 1196 1278 
10 119 685 1051 1213 1249 1250 1325 
617 961 963 1033 1137 1269 
28 42 96 241 264 280 355 433 455 476 550 857 910 956 1115 1131 1170 1206 1236 1237 1274 1299 1307 1314 1334 
189 390 448 470 552 662 796 875 1023 1068 
5 134 342 356 384 510 777 872 908 1156 1237 
114 165 223 238 461 475 543 856 942 1163 1238 1340 
35 48 360 697 891 932 953 998 1055 1234 1321 1361 
64 128 149 321 411 563 589 836 1140 1274 1321 1340 1407 
190 406 608 848 851 927 1056 1078 1233 
36 148 272 288 356 840 862 940 1161 1219 1336 1362 
4 218 372 441 777 958 989 1145 1178 1254 1338 1383 
87 112 377 495 638 640 963 1156 1220 1390 
67 153 332 335 611 905 912 957 1010 1143 1213 1346 
107 119 153 189 200 212 251 316 343 563 578 584 694 741 802 828 957 1020 1200 
84 421 511 543 559 717 760 857 1008 1047 1321 
143 221 242 350 472 733 774 785 818 940 1168 1261 1274 1297 1396 
173 266 279 362 462 681 704 803 1024 1081 
213 440 472 537 552 654 972 1271 1401 
7 91 151 413 432 831 874 1297 1364 1413 
177 282 513 683 961 1306 
133 313 353 516 736 758 996 1000 1001 1006 1166 1221 1351 
317 511 526 544 657 682 888 891 980 1228 1373 1391 1395 
18 116 156 274 356 1026 1151 
113 180 273 275 366 443 621 735 751 1222 1234 
10 105 176 250 403 454 980 982 1035 1093 1175 1210 
90 213 222 697 887 1067 
5 92 163 593 704 846 1014 1027 1088 1169 1205 1297 1351 
11 176 221 259 516 971 1002 1091 1097 1132 1165 1276 
46 70 157 378 388 538 632 998 1135 1141 1160 1388 
65 225 297 606 720 788 1360 
72 110 166 219 645 664 668 771 775 885 962 1022 1054 1143 1290 
103 310 523 580 585 617 713 729 912 1052 1191 1290 1291 
93 192 313 399 400 433 441 637 652 785 821 861 884 1410 
16 79 520 563 632 657 694 817 952 1244 1250 1254 1413 
277 453 455 561 657 736 780 867 1037 
60 69 152 200 337 406 499 1059 1079 1097 1287 1340 1383 
224 229 416 419 619 725 1216 1389 
198 287 443 752 756 803 1285 1316 
190 193 440 640 718 792 846 865 879 1201 1214 1249 
10 99 123 175 306 386 540 621 896 1003 1063 1087 1297 1411 
128 131 193 327 394 409 797 1126 1147 1150 
117 193 258 498 755 858 1103 1156 1384 1386 
310 396 426 574 778 849 873 997 1080 1112 
236 294 814 914 922 1110 1362 
113 153 359 819 842 852 1013 1225 
131 362 374 376 593 751 756 986 1020 1115 1163 1248 
69 246 256 431 631 960 1037 1093 1240 1241 
82 170 186 263 274 615 628 814 1173 1412 
255 272 306 569 595 611 1077 1125 1307 1400 
127 311 326 384 887 1079 1169 1409 
3 109 873 1191 1329 1370 
47 109 210 384 562 750 913 1053 1106 1138 1369 1412 
200 204 328 329 417 423 678 836 999 1073 1114 1144 1173 1210 1270 
91 97 532 654 803 1069 1080 1280 
217 319 403 609 866 967 1296 1343 
44 503 609 881 951 999 1005 1030 1176 1261 1289 1293 1390 
33 582 879 1067 1097 1233 1249 1251 1336 1345 1413 
11 35 384 449 613 639 728 776 910 1002 1004 1116 1414 
279 424 668 706 928 1011 1060 1081 1215 1288 
211 240 250 257 260 292 338 562 937 994 1022 1405 
38 72 76 217 242 435 479 578 633 858 864 1076 
25 245 287 473 563 905 1061 1297 1368 1372 
18 118 636 841 927 977 979 1099 1221 1288 1290 1395 1404 
30 97 741 855 877 986 995 1161 1203 1404 
50 64 223 241 302 419 524 756 1015 1134 1218 1287 1400 1413 
200 376 493 505 557 613 680 790 942 1048 1120 1188 
388 397 402 430 632 810 897 963 1286 
140 346 503 592 643 667 841 921 1015 1192 
22 24 253 581 884 1029 1209 
6 43 954 1150 1179 1182 1276 1402 
419 609 622 802 987 1055 1093 1130 1132 1341 
63 119 211 561 606 677 699 739 749 982 1170 1243 
83 128 139 194 406 442 611 668 891 1000 1068 1265 1304 1337 1351 
301 452 459 771 914 978 1026 1069 1194 1288 
73 94 190 264 368 396 566 731 836 896 909 1072 1236 1255 1332 1389 
207 457 930 943 1050 1108 1242 1346 1358 
10 68 104 169 180 313 372 375 435 739 835 870 906 1137 1195 1230 
85 234 649 793 1098 1135 1176 1294 1402 
127 225 317 329 458 465 604 747 1078 1104 1235 
69 219 292 803 1210 1313 1408 
237 291 294 301 372 428 534 570 680 809 1115 1261 
110 127 302 350 433 728 1292 
397 471 698 767 776 805 839 911 1087 1129 1179 1227 
163 181 871 984 1042 1370 
80 260 615 1064 1075 1224 1309 
60 167 186 469 823 882 1304 1349 
502 644 680 796 828 884 959 960 989 1020 1100 1378 
85 141 166 182 601 620 660 780 923 931 1239 1330 
202 205 239 311 342 459 670 754 769 1410 
132 243 644 696 828 829 835 902 925 935 1030 1059 1140 1297 
657 678 684 717 815 849 864 890 900 1240 1313 
81 139 207 223 323 581 621 900 952 1008 1025 1040 1285 1312 1347 
121 310 419 1009 
311 347 436 590 638 747 1050 1111 1403 
163 184 404 491 560 712 767 849 1070 1085 1114 1123 1135 1276 
51 125 139 367 431 536 699 705 741 880 1054 1078 1143 
102 151 264 518 699 700 846 1038 1127 1135 1142 1311 1361 
45 98 340 401 586 599 603 741 756 910 925 951 995 
40 436 533 593 598 775 1001 1191 1330 
222 233 345 455 578 633 858 1110 1352 1411 
119 195 239 401 466 978 1007 1057 1154 1316 
25 157 289 357 376 622 652 717 734 849 1232 1270 1272 1395 
143 145 169 218 477 609 805 847 981 1059 1350 1376 
120 210 240 318 1209 1357 
235 397 406 580 1155 
251 376 427 443 452 544 710 762 955 1284 1312 1364 
262 273 394 459 543 1104 1211 1272 1306 1369 
109 292 606 907 956 978 1137 1225 1344 
51 203 224 336 604 648 655 775 889 944 1027 1064 1160 1163 1172 1182 1235 1324 
82 99 318 647 690 708 766 1003 1207 1218 1264 
183 211 385 962 1203 1211 
90 128 309 380 653 672 814 1019 1191 1213 1244 1291 1407 
218 346 429 440 601 609 814 841 1005 1214 1246 1376 
27 940 948 970 1275 1277 1301 1307 1379 1399 
87 127 131 161 217 263 285 328 336 357 413 441 455 764 781 954 985 997 1079 1227 1289 1302 1335 
341 389 634 775 790 794 828 853 871 947 948 987 1229 1390 
32 40 152 260 283 306 316 800 806 813 1179 
85 430 619 634 712 934 989 1090 1256 1276 1392 
203 343 418 579 599 603 764 769 936 1310 
503 580 692 763 907 1037 1244 
3 14 102 173 313 334 384 651 716 721 777 1275 1372 
105 133 452 654 878 967 1286 1298 1415 
215 242 304 323 437 532 677 715 723 765 805 829 1019 1043 
14 82 189 472 509 670 807 842 981 1140 1217 
147 314 489 497 630 755 1026 1219 1308 
314 382 420 445 451 471 499 776 808 809 859 874 1127 1233 1314 1349 
56 59 77 116 123 199 230 288 694 827 875 1170 1200 1280 1343 
126 164 178 306 569 605 662 753 781 1007 1127 1143 1190 
264 373 512 584 976 1043 1370 
191 614 629 768 976 995 1019 1037 1116 1132 1146 1171 1259 1381 
16 88 109 162 330 367 791 900 948 1103 1258 
11 486 565 586 594 744 900 968 1050 1080 1296 
33 42 180 276 518 733 1031 1046 1249 1262 
9 131 182 245 591 715 880 895 984 1230 
97 139 171 267 700 
51 150 288 313 329 344 635 950 1287 
21 63 394 480 669 831 867 1033 1209 
51 258 311 336 371 752 817 890 1024 1040 1121 1296 
106 256 608 945 1168 1221 1301 1343 1349 
27 143 283 309 344 632 738 948 963 1009 1100 1373 
100 174 210 408 451 498 537 626 631 947 960 983 1402 
28 220 367 383 556 700 743 789 1165 1332 1334 
179 268 371 469 542 557 907 936 994 1267 
150 181 403 506 529 709 757 855 1045 1065 1175 1331 
44 151 221 494 619 623 786 951 1137 1409 
176 192 688 771 1223 1265 
12 288 355 374 380 386 416 451 566 729 732 791 934 1046 1297 1392 1409 
3 191 203 323 469 594 971 1071 
149 230 360 535 569 609 662 762 1008 1141 
12 105 155 425 645 760 1094 1116 1210 1258 1280 
19 239 791 841 997 1094 1116 1134 1143 1162 1202 1263 1281 1354 
6 259 367 445 816 873 908 1012 1060 
10 30 93 227 273 531 610 673 750 771 875 953 965 999 1004 1072 1279 1284 1388 
571 980 1012 1069 1169 1170 1345 
109 144 166 168 255 256 333 505 630 699 1072 1133 1148 1305 
36 94 464 483 536 642 650 795 938 960 973 1181 1182 1283 1342 1343 
67 435 569 585 618 680 828 1060 1097 1185 1353 
181 251 408 409 486 849 1008 1103 1123 1151 1175 1323 
20 233 712 892 949 1170 1296 1304 
622 711 750 759 782 808 827 843 878 1102 1126 1142 1174 1331 1376 
28 124 169 328 340 536 642 900 965 1126 1331 1371 1406 
383 535 556 602 612 781 803 1064 1069 1108 1125 1208 1315 
35 143 247 290 347 378 382 691 895 929 1126 1261 1322 1331 1403 1415 
13 92 225 289 377 525 550 609 833 1006 1171 1364 
169 209 599 623 658 675 690 962 975 1100 1105 1108 1182 1285 1326 
108 161 203 237 342 353 395 535 556 909 910 932 1147 1215 1258 
1 38 83 190 201 348 374 410 516 546 648 947 1026 1133 1178 1389 
29 57 182 215 244 565 663 679 715 746 772 952 969 1260 1334 
109 362 419 467 509 545 651 886 911 990 1198 1303 
47 190 266 630 762 879 1240 1313 1345 1357 1407 
87 303 311 344 409 446 576 712 730 1043 1080 1198 1251 
26 82 208 260 276 492 493 508 540 550 586 601 800 
180 214 341 398 590 1202 1267 
15 115 169 205 216 369 402 450 486 510 764 948 1084 1336 1347 
123 214 230 418 599 704 719 773 845 987 997 1022 1063 1227 1232 1324 1339 
271 356 406 495 503 672 710 740 777 837 899 918 1060 1288 1299 1315 
2 90 318 567 627 665 760 1261 
131 143 370 391 485 522 668 721 780 809 1101 
11 150 154 161 210 347 362 826 846 1177 1362 
72 252 338 413 439 469 912 1025 1073 1104 1170 1349 
235 286 594 765 786 798 
8 120 121 314 474 555 582 629 743 1015 1262 1276 1280 1407 
122 197 525 681 737 773 851 1021 1052 1129 1136 
186 298 461 477 529 636 649 730 807 902 947 1006 1055 1114 1141 
508 539 597 691 743 976 1033 1169 1266 
81 582 602 641 810 840 1143 1267 1357 
164 235 421 700 719 952 1066 
201 258 311 796 831 980 1079 1138 
48 92 367 578 987 1142 1196 
3 124 131 270 273 614 812 822 936 963 1015 1101 1199 1268 
216 485 736 759 913 975 1052 1173 1341 1371 
8 227 350 567 619 671 809 811 853 964 
289 308 562 592 607 688 693 794 1017 1027 1055 1273 
254 296 337 484 578 820 847 877 898 1011 1061 1334 
44 312 373 466 471 504 577 664 872 891 893 905 918 1236 1260 1301 
37 201 262 354 385 498 537 683 883 900 936 
142 272 356 553 555 651 677 775 838 928 1149 1303 1386 
90 214 573 802 1322 1340 
44 91 210 417 426 500 621 715 757 796 997 1007 1107 1140 1331 
9 40 470 977 1021 1057 1303 1347 
122 201 296 449 531 639 724 914 1229 1313 
113 128 176 495 638 1022 1061 1126 1147 1249 1359 
121 128 194 249 288 449 476 646 674 692 766 785 992 1042 1127 1199 1334 
234 340 390 623 694 935 936 982 1107 1166 1218 1386 
43 131 149 221 315 366 406 593 598 852 903 949 1227 1276 1310 
88 180 505 919 1287 
54 106 314 318 354 524 527 897 1082 1121 1128 1275 1286 
27 34 93 468 587 693 695 1020 1070 1142 
85 286 347 640 790 909 1052 1077 1133 1136 1186 1256 
77 368 547 699 772 917 1006 1071 1104 1273 1397 
274 335 365 546 604 854 924 925 1009 1140 1150 1198 1249 
192 515 621 809 935 1301 
7 148 593 706 1068 1283 1284 
115 138 300 558 606 634 728 729 1273 1310 1399 
13 77 374 403 470 539 654 995 1225 1288 
219 264 549 775 800 822 867 1147 1266 1312 1345 
118 156 455 491 559 652 1192 1214 
102 401 546 659 690 697 871 906 946 1034 1043 1081 
114 728 1045 
3 128 171 374 459 471 472 528 925 1141 1407 
208 602 748 793 811 878 903 966 1241 
39 302 322 323 342 422 655 793 911 
132 156 246 353 373 525 730 952 1139 1141 1161 1168 1185 1300 1323 
63 306 795 841 857 938 1105 1176 
85 212 213 297 349 441 565 586 736 940 1295 1303 1305 
16 36 105 321 605 828 892 977 1017 1179 1183 1292 
109 240 385 434 468 632 767 811 960 1348 
7 160 229 248 264 333 337 614 888 908 1061 1112 1158 1402 
32 85 242 736 845 847 1077 1105 1214 1346 
12 140 141 198 288 309 378 505 739 1101 1169 1232 1333 
36 39 117 213 352 468 496 510 615 751 955 1047 1219 1288 1296 1303 1334 1403 
574 892 910 1077 1118 1356 
21 200 297 425 526 561 1114 1192 1238 1389 
36 80 313 430 629 713 775 829 1005 1069 1202 1363 1405 
254 278 338 549 613 818 932 982 993 1071 1108 1110 1129 1255 
205 268 284 369 590 786 850 1160 1379 
26 56 141 296 640 869 1102 1320 1364 1409 
43 54 97 304 372 376 386 602 742 744 777 1160 1228 1345 1389 
92 866 917 931 1021 
77 81 96 120 322 408 509 560 634 796 819 863 864 990 1053 1064 1135 1166 
12 32 135 268 490 528 861 941 1160 1240 
224 605 1221 1332 1385 1389 
313 503 518 524 594 688 784 793 969 990 1053 1182 
18 21 52 81 173 419 436 454 620 730 760 864 1048 1186 1214 1253 1323 
216 232 459 684 706 766 778 1058 1393 
205 329 457 633 777 803 807 855 1012 1114 1115 1130 1254 1265 1387 
85 142 143 191 528 682 698 1055 1144 1177 1311 
23 26 249 299 385 438 875 925 932 1175 1225 1273 1326 1346 1358 
180 728 752 777 1114 1211 1387 
48 81 246 327 373 1202 1364 1372 1402 
41 152 229 583 630 680 798 892 1050 1120 1350 
61 195 213 394 726 762 823 931 1030 1055 1251 1391 
20 40 75 201 326 547 602 655 1234 1258 1378 
143 600 622 930 1286 
124 126 217 228 269 557 640 790 943 971 1033 1134 1193 1248 1338 
67 126 313 368 418 630 645 703 796 870 960 1005 1066 1291 1335 1374 1400 
194 451 471 564 641 755 861 913 1029 1031 1189 1257 
123 251 276 645 740 779 1012 1078 1093 1125 1184 1278 
2 52 61 117 186 226 271 301 527 736 929 1122 1333 
61 105 114 123 444 463 655 716 740 752 1088 1202 1277 1333 
206 520 684 734 956 1066 1267 1310 1338 
9 305 369 389 509 533 534 592 647 1034 1084 1237 
78 140 197 199 201 534 572 579 624 863 973 1345 1406 
69 106 207 361 394 410 763 780 972 1001 1068 1112 1125 1282 1322 1324 1340 
2 36 149 359 1044 1329 
21 64 69 184 435 693 766 836 994 1084 1220 1233 1320 1321 
123 191 224 272 409 415 418 454 464 612 736 1047 1066 1386 1407 
153 201 206 277 351 533 780 946 958 1179 1238 1371 
275 496 650 682 768 927 929 956 1004 1190 1293 1328 
34 331 708 768 795 873 909 985 997 1098 1104 1171 1298 1374 
67 260 547 707 714 868 1039 1352 1355 
143 414 581 887 1065 1225 1279 
181 185 228 271 324 543 613 774 961 1249 1282 
10 81 209 324 597 778 914 1091 1137 1333 
237 401 532 555 596 608 973 1003 1084 1097 
131 231 282 469 671 929 1142 1252 1290 
241 333 369 377 708 727 823 871 976 993 1048 1152 1169 1194 1241 
40 384 560 571 605 636 758 765 960 989 1156 
47 64 150 266 309 558 697 806 904 931 1153 1351 
72 285 394 428 452 528 539 844 979 992 1030 1048 1264 
420 476 756 786 1012 1083 1307 
339 612 624 824 1003 1184 1369 
95 103 198 206 375 467 837 848 1007 1058 1236 1238 
22 71 138 283 407 558 615 1096 1174 1319 1412 
31 181 262 342 816 859 877 1009 1026 1095 1099 1290 1345 1363 
90 110 222 328 353 402 560 738 755 1039 1103 1104 1188 1313 1359 1400 
16 18 230 269 277 376 638 946 1177 
267 305 406 474 946 1122 1359 1386 1404 
35 80 146 163 176 235 689 752 817 844 1029 1058 1313 1327 1356 
29 110 176 714 731 811 941 992 1104 1140 
52 82 220 228 495 519 651 656 686 747 854 861 940 1043 1134 1242 1296 1400 
80 144 274 287 469 584 651 731 817 884 1022 1115 1119 1286 
125 224 273 392 608 621 660 681 737 756 862 965 1030 1073 1186 1279 1342 
92 265 286 355 512 727 729 916 963 1194 1243 1376 
3 221 286 377 584 1024 
355 453 570 955 1016 1113 1118 1303 1305 1347 1388 
108 109 123 212 261 285 325 362 409 539 698 782 812 814 904 1062 1105 1114 
461 871 1207 
44 458 472 628 662 666 696 704 838 921 1068 1088 1224 1227 1406 
176 407 620 730 797 929 1190 1321 
75 117 118 286 314 577 723 921 1230 
26 383 509 514 667 1034 1078 1204 1262 1322 
366 408 613 695 697 824 856 982 1343 1353 
165 170 194 345 451 501 533 535 753 763 764 854 881 1070 1090 1225 1362 1368 
311 675 762 847 925 1243 1271 
110 114 403 579 619 622 786 1049 1173 1179 1239 1280 1300 1371 
30 569 675 760 783 853 899 919 977 1387 
31 206 352 403 430 933 999 1082 1112 1281 
137 239 355 425 605 756 951 1107 1302 1305 1306 
36 215 221 311 414 516 531 728 759 974 1181 1322 1376 
223 224 321 658 804 842 1204 
66 274 285 340 364 509 754 1012 1092 1175 1221 1403 
31 78 206 265 279 376 489 590 597 781 962 1200 1344 1358 
337 461 483 668 768 884 924 960 1039 1241 1307 1410 
86 353 366 418 475 575 686 697 726 882 
91 131 215 228 371 565 741 815 1104 1366 
118 202 241 399 526 749 811 829 1006 1092 1274 1279 
18 136 180 251 258 300 479 562 694 723 800 1204 1221 
89 111 179 329 475 483 502 535 718 730 746 800 825 1092 1097 
72 123 153 235 386 581 636 875 989 1028 1115 1177 1351 
31 401 458 715 849 959 1191 1329 
25 597 628 747 768 900 1050 1136 1415 
343 367 452 587 614 681 744 1113 1117 
107 212 293 308 331 797 927 974 979 1075 1113 1180 1277 1298 1403 1411 
85 110 190 203 543 586 607 689 742 1033 1182 
186 414 557 701 741 1053 1063 1111 1235 1359 
17 26 31 50 124 136 153 230 243 273 378 552 556 611 741 790 800 1270 1289 1353 
4 118 188 201 237 431 560 618 715 1178 1290 
44 81 154 367 547 640 682 703 796 974 1408 
13 303 520 532 664 835 918 995 1295 
567 706 707 751 759 776 880 1012 1021 1069 1083 1323 
7 305 314 349 526 556 802 808 845 1051 1071 1136 1241 1247 
36 94 180 332 341 971 1046 
95 103 234 273 301 358 374 468 511 583 590 911 913 975 1049 1239 1383 1408 
37 177 189 215 292 428 605 647 811 931 980 1358 1364 
10 612 620 857 908 950 1187 1350 1412 
24 94 299 453 710 777 1070 1222 
83 301 468 536 546 553 634 653 671 824 880 883 947 978 1058 1118 
332 495 520 563 768 972 1037 1085 
34 384 442 448 558 613 675 683 686 774 897 997 1303 
171 480 682 711 810 880 967 1031 1313 1321 
13 297 354 695 845 868 1022 1232 1247 1406 
205 298 353 472 525 615 701 705 971 1173 1188 1273 1310 1411 
32 67 131 417 552 565 599 750 841 929 1246 1313 
327 597 734 1301 1366 1381 
66 82 96 165 190 410 744 784 1026 1191 1341 1345 1395 
28 105 255 680 783 955 957 1228 
79 272 409 453 470 640 1006 1097 1161 1171 1183 1249 1274 1336 
111 132 158 169 582 618 673 718 743 793 801 1014 1039 1167 1248 1263 
16 56 99 168 228 869 1393 
52 311 315 377 467 859 1083 1188 
370 579 841 871 945 952 1008 1141 1209 1224 1266 1290 1354 
136 170 369 503 553 646 692 764 846 909 1002 1036 1200 1219 1222 
232 399 568 584 588 846 1217 1256 1271 
111 180 308 476 861 1174 1302 1367 
63 162 199 213 338 425 515 658 659 680 786 865 869 1199 
265 300 323 403 553 630 836 923 1010 1103 1301 
11 72 150 184 322 375 593 661 707 826 862 904 963 1046 1285 1332 
147 263 352 441 524 625 636 677 693 766 991 
14 178 206 299 478 737 761 820 948 1168 1212 1241 1275 1306 1390 
181 184 284 417 618 688 963 1198 1282 1306 1314 1403 
392 897 1071 
308 554 609 653 755 756 764 827 846 888 996 1022 1147 1148 1233 1257 1261 
345 350 786 1020 1322 
16 55 90 235 278 299 309 451 508 635 769 900 1037 1093 1161 1177 1364 
6 128 261 367 454 475 491 517 599 683 1010 1038 1070 1072 1144 1334 
29 115 126 144 187 222 288 311 360 748 896 1383 
33 83 101 160 220 256 292 520 540 560 
75 163 276 554 716 851 1113 1136 1187 1291 1340 1359 1367 
141 158 561 621 683 868 1058 1063 1251 1316 1376 
35 45 72 224 235 247 408 563 597 769 908 1044 1146 1209 1230 1412 
101 518 563 615 629 649 866 872 983 1150 1381 
235 504 623 778 859 1210 
15 80 160 169 185 253 302 629 658 664 727 754 772 814 956 1006 1162 1336 
170 187 424 627 734 845 
374 419 554 873 933 952 988 1029 1034 1220 1323 
104 113 208 312 481 485 549 550 734 811 1095 1195 1226 1393 
132 273 318 528 753 933 1125 1179 1228 1236 1280 
93 178 589 722 964 1228 1284 
217 379 388 471 575 726 729 1253 1293 1407 1414 
34 292 317 453 672 832 999 1104 1282 1369 
163 371 482 677 828 941 1074 1191 
32 105 631 797 893 980 1028 1103 1170 1212 1315 1343 1370 
41 44 157 470 938 1046 1082 1353 
37 627 653 827 1307 
90 255 296 437 523 689 714 994 1279 1304 1355 1394 
42 324 719 740 775 890 944 1005 1030 1181 1199 1278 
49 97 140 221 756 871 1158 
19 616 795 916 1059 1065 1095 1216 1349 
4 366 564 597 800 822 922 1061 1131 1285 
12 111 147 354 426 451 524 527 553 594 663 819 898 954 966 1069 1106 1148 1164 1317 1375 
527 560 671 754 
410 972 1142 1212 1242 1381 
103 216 456 574 625 1032 1262 1333 
48 209 267 326 342 421 428 818 1135 1320 
27 371 434 601 997 1014 1074 1211 1326 1355 1381 
229 348 363 941 1268 
181 388 514 527 767 870 921 1170 1221 
10 13 112 164 165 309 388 445 490 512 703 794 903 930 1055 1323 1401 
124 244 613 720 867 987 988 991 1130 1197 1267 1285 1385 1414 
37 179 435 634 736 847 939 1253 
40 277 290 316 417 425 520 875 1000 1292 1406 
186 235 393 447 623 938 959 1305 
380 500 505 550 588 661 781 789 1079 1328 
153 189 217 343 482 561 748 971 984 1035 1144 1266 1311 
41 287 330 380 597 910 966 970 1083 1090 1124 1154 1271 1337 1396 
171 386 717 726 876 915 1198 1234 1324 
139 146 240 319 384 427 437 612 666 769 779 812 890 976 1096 1343 
46 68 464 476 534 616 790 791 800 998 1048 1163 1202 1328 1347 
8 54 56 99 375 540 631 666 742 838 1052 1117 1118 1145 
224 227 405 446 720 851 892 1091 1185 1404 
264 480 528 532 539 595 758 1028 1113 1122 1157 1270 1354 1379 
287 395 429 673 864 927 1048 1118 1270 1304 1333 1342 
5 164 354 420 446 620 806 848 1029 1132 1275 1398 
96 109 178 293 422 482 642 928 1008 1059 
109 553 629 744 876 904 1338 
5 88 105 240 433 648 728 741 1406 
30 159 172 187 189 328 501 581 683 858 888 903 1035 1112 1191 1266 
47 155 213 443 740 946 1034 1096 1242 1379 
48 124 211 375 440 452 661 773 961 1020 1127 1169 
156 349 390 479 498 537 855 1022 1055 1389 
47 62 147 164 177 563 722 788 810 861 1094 1345 1398 
15 406 882 1010 1122 1160 1287 1311 1333 
318 470 678 694 728 792 859 868 1011 1182 1275 1321 1349 1410 
153 447 730 795 884 941 986 1095 1098 1222 1303 1344 
123 228 326 416 677 700 895 932 956 1068 1226 1305 1390 
8 54 57 294 498 528 677 681 850 993 1130 1234 1253 1303 
223 229 301 476 793 868 978 984 985 1090 1161 1186 
88 203 213 255 339 492 676 809 891 927 1258 
398 472 574 653 837 875 964 1150 1261 
31 32 197 374 708 779 807 861 865 871 1162 1249 
145 211 674 787 793 889 981 1006 1213 1312 1357 
88 190 277 374 514 693 835 1023 1065 1168 
157 185 198 436 521 553 655 714 735 789 825 868 924 1107 1203 1281 1367 
63 102 125 131 328 355 433 442 632 809 1068 1188 1214 
100 114 306 336 480 488 589 707 813 907 1013 1172 1231 1298 
173 456 563 938 979 1046 1069 1112 1221 1286 1287 1393 
408 441 564 590 685 757 839 867 1244 1292 1327 1343 1370 
3 98 108 227 309 844 853 952 1115 1231 1330 1415 
396 501 631 722 1146 
72 559 597 658 892 894 1151 1173 1179 1226 1365 1404 
150 275 279 304 433 476 494 607 933 1020 1052 1114 1154 
193 198 209 312 420 421 533 571 768 775 778 1071 1277 
153 386 419 493 741 1013 1089 1108 1369 1410 
25 222 269 271 293 523 752 860 1149 1257 1264 
7 98 158 337 357 387 633 775 1221 1223 1273 1331 1362 
41 84 149 197 248 470 506 524 729 751 862 998 1381 
128 209 302 305 318 334 468 931 1027 1051 1109 1148 1248 1304 
103 211 606 916 1145 1278 
150 169 231 353 463 487 709 953 971 1006 1093 1170 1227 1337 
71 88 175 459 665 800 855 1000 1089 1255 1392 
40 85 221 546 869 1073 1399 
287 381 528 575 824 845 900 966 1387 
33 249 303 444 459 510 632 866 1057 1142 1318 
416 596 663 669 688 848 878 923 1077 1213 1400 1408 
92 137 183 336 404 410 632 820 1104 
31 64 95 232 878 1092 1188 1286 
12 277 428 571 600 863 963 1136 1208 1220 1321 
106 109 283 300 477 512 804 911 990 1116 1231 1285 1304 
24 96 327 504 644 777 799 1078 1159 1244 1288 1361 
156 234 301 319 355 383 406 423 631 828 914 1005 1046 1152 1284 
67 80 216 237 242 613 744 979 1044 1094 
66 227 270 528 529 568 569 598 633 759 802 890 
239 240 1063 1303 
191 282 349 388 527 621 1043 1056 1122 1191 1213 1261 
256 360 642 658 836 855 980 1109 
147 372 398 716 734 795 853 941 1117 1222 
150 233 351 450 499 632 925 1018 1020 1177 1326 
61 179 244 253 294 297 514 655 1271 
19 36 180 314 401 545 557 580 873 923 941 1322 1382 1395 
6 246 299 442 589 665 773 808 1109 1232 1242 1303 
90 273 317 512 603 646 707 790 1018 1116 1257 1320 
153 198 301 440 495 535 603 669 843 1342 
28 32 112 319 412 520 606 659 771 896 918 998 1087 1111 1118 1123 1269 
38 140 182 201 205 301 321 323 394 450 469 617 954 1091 1100 1255 1286 1303 1370 
9 20 27 66 316 318 424 489 628 694 771 1003 1041 
307 481 511 638 711 898 1004 1072 1189 
108 186 302 844 1149 1326 
79 160 215 269 388 422 731 826 886 967 1072 1352 
1 72 76 341 393 647 676 970 1017 1098 1194 1344 
55 77 84 157 207 215 224 262 356 390 393 613 632 767 911 971 1132 1149 1239 1316 
402 643 744 936 1034 1121 1367 
98 323 967 1071 1303 1323 
255 272 283 326 505 736 738 835 1039 1057 1206 1207 1344 1366 1412 
481 827 1014 1074 1228 1316 1349 
42 50 154 420 525 794 892 907 949 1019 1042 1070 1163 1190 1244 
164 255 389 648 751 871 1048 1158 1184 1209 1385 
127 133 212 231 328 364 527 535 648 657 685 742 905 978 1056 1087 1201 1282 1284 
6 48 152 259 1069 1195 1264 
62 383 446 500 706 761 850 866 1019 1064 1072 1377 
134 280 287 435 496 634 852 1076 1340 1413 
89 341 600 696 706 713 737 781 1059 1191 1216 1269 
5 67 135 202 513 691 836 994 1005 1223 1224 1257 1314 1337 
192 266 308 525 676 689 716 772 885 1115 1262 1288 1299 
8 30 108 242 283 288 346 376 444 603 672 685 863 1233 1343 1381 1392 
44 47 104 264 745 813 815 879 1107 1248 1301 1314 
165 382 555 584 1029 1179 1318 1330 
89 374 527 641 649 967 1055 1175 1185 1324 1381 1403 
369 556 580 627 633 641 919 945 1117 1341 
58 192 359 397 497 1064 1075 1172 
7 309 593 661 821 840 874 1223 1329 1404 
316 838 1006 1022 1075 1111 1148 1215 1237 1348 
238 253 394 397 429 447 453 551 662 728 970 1035 
113 156 167 270 326 338 424 678 727 819 834 862 904 907 947 1362 
432 443 503 1078 1154 
235 380 513 692 1113 1135 1231 
87 145 197 429 546 824 974 1046 1087 1093 1284 1410 
576 789 936 1044 1172 1373 
128 130 655 705 724 725 856 1193 1382 
1 108 131 198 281 317 434 553 578 604 621 775 941 1163 
19 61 86 140 247 407 551 553 568 577 611 797 955 1102 
88 223 338 596 642 923 953 
92 101 273 327 347 435 573 773 992 1261 1280 1293 1321 1375 1410 
119 192 265 353 427 493 535 582 746 1310 1318 1347 1348 
47 210 381 418 471 529 605 624 660 789 813 876 
73 81 93 156 213 294 320 444 590 887 949 987 1056 1124 1157 1275 
87 137 216 507 552 828 912 1163 1321 
27 47 255 543 668 733 784 948 1031 1231 
103 440 545 698 706 811 863 988 1042 1066 1278 
15 30 296 393 414 450 451 784 1312 1412 
268 448 705 997 1048 1211 1391 
257 524 758 840 1113 1131 1152 
45 94 165 484 524 578 593 664 693 715 751 1338 
60 64 185 188 439 457 710 857 998 1023 1053 
50 141 198 378 468 548 602 750 1159 1166 1338 1363 
226 228 320 337 385 439 449 504 577 627 731 795 798 895 1038 1093 1313 1382 
6 67 106 158 188 405 629 816 867 1035 1084 1194 
3 12 35 168 413 590 598 730 1023 1025 1126 1139 1287 
76 166 172 384 658 828 843 890 975 1191 1219 1324 1348 
3 50 102 133 301 344 389 492 559 778 916 920 935 1128 1295 
102 381 397 428 569 1039 1130 
234 605 680 1323 1356 1364 
223 348 551 843 917 940 993 1091 1097 1140 1213 1315 
38 122 465 585 692 770 780 842 887 918 1055 1096 1192 1371 
58 80 189 455 701 776 830 1177 1214 1294 
47 250 308 416 593 700 712 1062 1345 1360 1366 
747 761 766 944 1065 1377 
121 261 289 359 602 628 771 966 1015 1026 1242 1243 1255 1321 1390 
566 567 622 714 845 1150 1171 
3 186 220 500 637 663 744 1030 1182 1364 1395 1396 
101 511 538 545 775 865 925 1041 1115 1124 1130 1318 
6 500 717 761 874 899 1035 1076 1234 
344 459 462 591 625 772 820 903 990 1083 1244 1325 
134 290 540 561 869 1049 1256 1323 1414 
28 422 427 462 509 641 672 740 1185 1370 
143 182 207 328 354 578 809 1065 1277 1294 
24 197 521 571 842 865 1229 1271 
99 164 202 552 707 865 1087 1330 1366 1395 
161 183 229 252 335 483 501 862 1325 1326 1347 1349 
355 393 508 553 612 626 837 953 1101 
12 168 422 813 837 956 1022 1052 1057 1222 1368 1371 1374 
55 96 98 247 289 293 308 448 524 555 715 757 1140 1265 1412 
79 84 178 414 420 422 606 677 680 896 980 1077 1176 1344 
309 796 837 1036 1129 1145 1186 1343 
207 394 640 717 727 950 1003 1008 1067 1105 1245 
57 96 117 181 279 415 672 714 864 970 1006 1062 1114 1191 1256 1260 1322 1343 
47 56 127 191 297 301 497 580 703 823 930 1121 1261 
128 248 340 501 535 567 652 767 1016 1051 
62 152 179 431 437 458 800 1184 1370 
16 102 139 245 480 552 588 612 636 707 777 833 958 1056 1141 1234 
177 308 374 444 466 846 884 911 961 1061 1099 1210 1351 1357 
176 212 229 345 490 493 590 745 818 1172 1228 1360 
28 49 53 127 365 458 510 839 888 1133 1185 1220 1353 1389 
60 96 458 536 701 
115 158 160 241 294 334 387 465 495 790 1022 1081 1221 1267 1303 1367 
61 210 295 415 477 547 712 719 913 992 1255 
42 123 495 590 706 914 1111 1281 1320 
84 262 276 303 493 550 671 693 824 898 930 1054 1176 1283 
21 63 75 222 320 358 409 458 601 621 647 754 785 811 869 887 939 993 1015 1199 1201 1293 1359 1397 
84 204 410 538 565 636 720 1131 1155 1406 
20 42 142 452 529 586 595 789 852 992 
67 93 178 273 276 421 530 577 648 722 1120 1235 1239 1323 
83 218 450 794 803 860 1063 1207 1214 1406 
44 162 163 496 631 861 1055 1213 1298 
40 100 157 212 307 589 591 683 695 718 749 768 1050 1175 1229 1241 1259 
40 199 273 283 482 873 881 1151 1301 1380 
60 77 87 261 410 464 786 833 922 1352 
5 139 226 228 343 357 502 505 619 627 975 1006 1282 1346 1406 
12 44 319 733 995 1068 1251 1255 1274 
98 185 265 286 630 663 917 1133 1312 
284 905 909 1107 1235 1276 1314 
227 284 333 372 549 560 567 923 927 1075 1220 1233 
4 407 451 483 524 645 801 857 879 905 1023 1172 1265 1273 1305 1378 1408 
56 70 298 620 637 676 768 1282 1332 
324 468 497 612 639 729 779 800 858 939 988 1002 1026 1041 1165 1296 1399 
46 222 332 441 870 961 965 1020 1178 1327 
61 202 248 454 575 732 1062 1145 1183 1226 1257 1351 
62 173 341 386 403 529 617 965 1167 1274 1366 
130 460 511 562 604 722 783 975 1022 1380 
275 405 464 546 630 885 1081 1088 1299 
67 79 363 757 820 849 1319 1339 
148 182 252 506 694 726 813 851 934 1108 1354 
8 15 55 81 114 138 334 493 527 689 717 730 824 977 1059 1157 
74 85 95 570 694 778 955 1033 1037 1161 1343 
69 112 173 278 831 1154 1250 1277 1407 
33 38 114 162 209 439 574 622 692 762 1031 1359 
30 52 143 195 233 335 655 699 739 813 856 919 1090 1100 1152 1167 
15 118 182 193 462 842 855 940 964 979 1046 1071 1150 1155 1165 1258 
62 193 292 790 991 1129 1341 1360 
66 217 292 402 472 484 557 567 776 802 1031 1113 1144 1148 1179 1204 1357 
225 247 378 534 803 963 1133 
217 341 708 723 751 786 921 968 1108 1167 1338 1410 
85 119 212 240 241 331 529 575 1297 1354 1376 1404 1410 
913 978 1022 1042 1347 
118 309 521 640 923 956 1041 1067 1218 
21 88 204 241 341 560 566 608 655 728 902 1248 
28 75 204 702 808 899 945 1080 1381 
22 98 414 581 656 1134 
56 121 225 310 570 584 770 795 821 874 898 944 1035 1241 
38 65 75 123 227 247 336 452 668 704 1115 1259 
400 503 681 714 717 846 850 924 958 1119 
75 122 132 159 260 348 743 771 981 1307 
58 71 141 210 422 513 531 569 688 759 1012 1085 1330 1348 
156 170 262 349 388 437 438 769 885 995 1114 1319 1347 1408 
201 281 469 620 628 646 847 879 988 1140 1248 1341 
489 677 680 763 961 1136 1202 
72 225 248 468 533 1005 1160 
9 254 300 444 508 621 630 684 689 836 858 935 971 1011 1065 1196 1407 
11 98 159 297 356 405 446 902 925 953 997 1089 1261 
241 323 538 637 891 921 988 1153 1279 1390 
31 37 172 320 682 720 726 775 807 1269 1402 1408 
102 115 209 364 367 435 473 527 540 826 852 929 1030 1269 1356 
117 224 248 496 589 594 613 1187 1208 1220 
117 499 631 639 665 827 998 1171 1198 
69 99 170 255 734 973 993 1024 1248 1287 1325 1385 
126 366 477 612 763 807 901 1010 1117 1301 1369 1406 
522 546 599 677 927 937 1090 1254 1403 
137 201 347 355 581 709 826 870 974 983 1055 1274 1299 1354 1357 
19 68 76 216 249 283 624 693 698 704 956 1102 1193 1218 1274 1347 
232 280 304 321 463 494 992 1042 1243 
226 256 330 441 510 650 701 736 863 872 1016 1104 1219 
157 237 303 491 511 591 599 671 768 828 874 926 1097 1117 1237 1367 
313 532 645 741 774 803 923 1141 1401 
232 364 374 585 647 672 769 799 880 920 1035 1135 1191 1311 1344 
1 368 512 590 592 803 914 916 927 1165 1168 
490 617 730 889 1196 
179 320 819 833 922 1089 1268 1310 1319 
255 311 347 392 522 761 937 939 1019 1092 1152 1229 1246 1312 
68 237 498 928 979 1115 1162 1227 1334 1389 
101 486 646 666 669 892 990 1115 1371 
109 315 320 347 446 516 533 695 739 897 942 1213 1317 1361 
25 84 101 119 149 473 487 552 625 841 
121 190 203 386 480 491 569 608 1044 1085 1111 1175 1245 1393 
51 149 215 261 454 496 655 1002 1027 1140 1206 1349 
165 297 378 644 745 821 1115 1365 1383 
46 95 200 335 718 768 788 843 980 1293 1310 1347 
9 131 277 291 331 415 418 611 699 703 712 964 1123 1158 1192 1227 1238 1317 1351 
182 218 532 776 1050 1080 1134 1192 1224 1266 1281 1309 1311 1343 1385 
118 146 228 269 396 1202 1342 
64 117 326 477 520 911 925 944 985 1163 1264 1265 1376 1377 
5 202 276 464 697 736 1027 
96 105 209 881 888 1056 1074 1336 1389 
9 325 405 555 741 843 865 1034 1064 1128 1263 1326 1369 
220 238 312 465 711 848 912 970 1203 1413 
63 354 384 749 754 756 894 1075 1324 
47 394 462 484 508 695 802 887 944 963 1134 1137 1347 1408 
222 303 324 587 588 859 899 1133 1279 1393 
94 114 199 270 333 722 814 826 862 1270 1341 
285 337 721 845 856 971 1109 
146 227 308 365 437 465 473 494 594 712 756 785 970 1069 1152 1399 
421 515 707 862 917 1236 1264 
86 89 236 300 500 722 998 1103 1266 1269 1326 1412 
98 102 344 368 378 524 577 602 912 1034 1315 1362 1401 
10 93 126 157 262 286 615 627 667 987 1220 
597 674 948 1066 1371 
301 346 390 479 568 595 723 794 820 1099 1145 1345 
4 9 343 370 516 544 617 647 707 723 727 753 818 893 1068 1111 1315 1415 
232 237 260 409 602 661 666 734 992 1112 1113 1119 1202 1240 1254 1288 
74 191 278 489 828 1269 1378 
23 240 305 636 641 746 871 933 1018 1172 1299 1413 
84 96 253 378 405 513 599 602 672 881 1029 1039 1214 1254 1296 1352 1404 
280 290 885 903 908 1096 1252 1327 1396 
165 389 481 537 672 1201 1248 1386 
34 187 391 428 531 763 911 939 1004 1080 1104 1142 1200 1264 1309 
22 62 93 177 345 480 665 701 745 855 874 1105 1208 1233 1273 1342 
91 260 733 760 761 806 849 943 959 1037 1105 
109 182 240 302 490 532 621 670 683 686 734 879 993 1051 1264 1278 1381 
20 58 232 440 483 518 683 729 757 876 931 978 1047 1076 1077 1082 1337 1375 
165 238 431 495 567 587 588 896 909 1317 1379 1380 
111 322 760 847 904 936 1063 1069 1187 1234 
84 108 669 733 775 847 850 911 1304 1390 1401 
33 132 283 317 729 1048 1105 1239 1260 1370 1388 
221 359 389 503 688 1009 1125 1229 
143 151 398 575 644 919 994 1386 
79 251 275 696 725 849 860 902 1177 1348 
428 532 595 911 1084 1134 1309 
160 179 248 268 843 953 978 1199 1333 
59 96 167 234 347 401 427 486 599 695 701 815 1120 1342 1347 1408 
32 58 127 240 478 597 598 600 639 965 1223 1226 1257 1300 
13 32 77 97 278 315 534 563 565 640 857 1304 1369 1393 
66 252 332 352 355 644 967 1090 1148 1263 1376 1382 
19 176 366 520 620 672 991 1036 1201 1324 
226 508 683 837 864 968 978 1134 1231 1389 
50 66 383 440 827 959 1007 
51 343 360 396 427 465 508 567 851 918 1144 
223 434 592 604 646 1000 1017 1038 1094 1168 1206 1237 1273 
48 174 255 261 437 502 588 692 728 1045 1085 1093 1123 1130 
180 185 265 466 515 532 534 677 832 943 1071 1319 1399 
46 190 339 413 415 620 646 759 769 806 895 1053 
88 115 263 305 430 439 514 545 582 711 1093 1149 1377 1381 
263 345 489 625 1191 1401 
11 80 111 660 965 1348 1393 
167 172 445 527 561 636 648 727 970 989 1052 1081 1293 1296 
140 246 466 586 621 657 660 789 997 1070 1206 1240 1276 1298 1299 
1 14 43 76 234 395 419 534 597 626 645 713 830 891 1111 1189 1218 1271 1276 
450 468 533 565 588 623 1233 1257 1276 1281 
340 490 684 803 842 1037 1132 1208 1230 
1 48 67 177 210 284 295 322 355 388 433 448 847 886 991 1024 1103 1181 1242 
33 81 177 567 808 877 1202 1377 1397 
243 312 423 478 603 639 653 800 1161 1176 1289 1294 
67 172 291 357 592 800 828 885 939 1037 1128 1150 1369 
51 154 235 336 634 882 915 918 1137 1178 1282 1316 
242 478 507 648 809 867 976 1035 1148 1156 1256 
244 262 393 394 460 595 878 1013 1386 
41 107 151 192 237 251 303 365 436 714 898 959 1034 1075 1097 1202 1342 
4 20 137 138 276 716 1057 1203 
94 365 425 538 843 879 942 1032 1192 1316 
13 542 1007 1035 1185 1196 1276 1342 1351 1358 
31 179 365 442 449 479 715 1150 1186 1252 1334 
849 953 1030 1206 
102 104 143 665 825 924 1084 1198 1311 
7 13 87 336 897 962 1174 
122 324 466 546 673 675 678 860 1054 1247 1373 
10 15 37 147 192 300 330 422 447 501 660 785 802 865 1031 1147 1262 
124 268 277 588 811 868 1076 1341 
72 115 356 443 483 546 846 923 947 954 1087 1248 1373 
241 255 296 828 1176 1268 
422 465 579 1022 1035 1072 1195 1206 
200 219 272 321 327 458 641 677 962 1261 1322 
16 147 263 363 430 786 1025 1034 1039 1190 1248 
31 211 453 576 660 797 870 1072 1133 1274 
96 464 487 591 622 667 714 857 
92 135 223 318 406 440 509 564 591 596 617 820 835 887 1278 
101 190 257 291 567 601 707 785 976 1061 1327 
121 275 399 546 873 937 945 999 1020 1107 1302 1378 1388 
38 97 168 352 374 485 490 628 743 780 878 1332 1367 
111 237 381 417 597 721 792 1159 1325 
22 121 462 581 595 685 749 935 1012 1080 1406 
140 165 324 331 355 493 515 661 990 1005 1147 1164 1190 1254 1278 1300 1398 1399 
54 425 436 616 684 724 757 802 905 972 1122 1260 1272 
448 604 765 1023 1149 1245 1249 1312 1361 
134 176 262 322 507 520 554 663 705 743 815 878 934 1037 
121 319 761 1192 
64 84 254 331 392 593 747 824 1145 1258 1347 
52 507 546 593 602 680 762 861 977 1311 1327 1335 1354 1378 
48 113 205 210 418 663 785 1024 1288 1306 
107 388 695 719 924 996 1363 1412 
54 318 594 660 848 935 982 1000 1155 1283 1316 
63 84 323 646 681 730 865 991 1156 1291 1331 1332 
141 222 414 773 806 1060 1117 1221 1298 
19 62 301 420 503 723 780 788 872 894 1198 1199 1258 
117 694 914 1142 1337 1342 
50 62 254 279 399 565 706 737 923 1167 1176 
168 220 235 268 469 488 536 549 758 783 819 855 902 929 966 993 1071 1138 1207 1302 1331 
82 266 405 505 654 670 971 1084 1085 1154 1180 
44 93 168 194 692 946 1066 1210 1240 1260 1323 
364 511 714 731 917 964 1219 1384 
20 232 262 270 338 514 814 926 1165 1221 
410 437 626 1055 1073 1155 1207 1306 1308 1338 
94 272 399 837 1351 1368 1395 1400 
135 223 231 261 314 606 608 648 798 844 1061 1158 1188 1313 
7 44 221 382 627 640 793 824 1006 1124 1188 1232 
72 451 564 750 790 1111 1242 1292 1351 
96 416 476 925 1006 1110 1129 1363 1370 
219 312 341 346 363 411 588 610 671 687 697 846 1053 1086 1105 1146 1152 
196 251 268 413 501 548 871 1091 1153 1342 1386 1408 
5 330 388 739 748 755 1037 1306 1407 
280 464 1257 1272 1339 1359 1361 
440 921 1081 1133 1141 1157 1165 
127 135 327 400 547 735 921 1010 1191 1196 1257 1398 1408 
50 78 313 599 895 1060 1112 1144 1377 
139 223 506 541 574 789 808 924 1225 
20 88 105 222 462 490 517 587 810 998 1193 1330 
45 97 150 227 241 304 544 548 686 833 958 1371 
164 343 354 384 797 820 830 1321 
129 252 334 438 450 549 869 892 902 970 1011 1078 1293 
15 82 112 476 550 654 666 681 872 972 1010 1108 1280 1342 1389 
69 401 496 603 939 1291 1296 
121 180 474 826 929 1362 
15 31 107 398 561 791 
119 226 502 547 641 1042 1066 1142 1263 
39 86 182 313 447 562 668 790 966 1068 1194 1227 
51 285 376 449 703 813 895 1000 1019 1060 1101 
102 458 500 576 679 749 755 835 874 883 1002 1187 1195 1269 1358 
80 151 163 293 461 774 790 862 904 988 1304 1386 
5 241 348 583 883 930 938 1126 
107 335 522 736 789 930 1085 1340 
35 54 92 357 482 545 652 685 709 741 1209 
93 329 388 394 814 863 878 1024 1126 1399 
95 231 357 520 552 612 642 736 887 1076 1084 1219 1268 
51 128 301 374 426 459 675 784 815 816 922 999 1398 
30 151 370 553 638 984 1012 1075 1120 1278 
317 514 571 738 808 1144 1335 1402 
79 321 345 873 876 896 943 955 1130 
16 67 539 612 667 779 908 1199 
249 446 494 563 703 800 932 1019 1112 1143 1408 
88 120 167 247 352 430 444 461 690 844 864 979 997 1117 1385 
156 174 261 406 516 546 763 1009 1018 
4 50 83 150 261 329 430 440 512 632 720 815 1098 1328 
93 98 145 323 440 442 699 939 1069 1133 1251 1253 1275 
49 99 196 291 362 363 366 443 670 705 720 1084 1334 1382 
306 368 525 743 771 918 1009 1119 1259 1281 
484 528 607 678 1105 1141 1193 
12 45 67 137 282 323 324 484 658 714 751 769 797 1012 1046 1271 
4 40 202 371 513 728 830 856 908 975 1145 1200 1263 1342 
89 433 509 731 742 975 1067 
164 175 183 389 471 549 557 875 897 923 980 
144 188 405 992 1080 1178 1263 
35 232 550 781 1075 
29 159 239 306 316 347 769 779 1160 1293 1370 
180 483 692 786 885 933 1043 1052 1062 1110 1163 1167 1252 1291 
46 297 438 476 494 570 639 648 710 785 868 1178 1259 1299 1322 
67 121 149 316 373 438 471 1032 1265 1343 1390 
292 396 432 494 608 689 807 1016 1237 1320 1322 1332 1373 
9 214 713 1109 1156 1248 1306 1324 
87 187 283 357 681 817 838 864 1237 1398 1402 
93 199 212 448 471 683 1064 1105 1108 1176 1265 1281 
208 232 512 672 888 912 975 1003 1016 1302 1326 
41 189 242 247 300 555 646 791 981 993 1150 
314 326 348 430 694 800 882 909 930 1024 1126 1143 1205 1207 1301 1327 1397 1400 
101 403 568 587 603 690 866 1035 1181 1188 1328 1361 
125 567 1012 1047 1239 1249 1274 1412 
75 102 141 250 348 605 632 993 1119 1177 1193 1367 1370 
90 201 219 453 493 518 600 614 800 867 902 950 994 1056 1166 1317 
373 570 619 739 831 931 1161 1339 1354 1392 
381 588 786 1090 1128 1218 1242 1245 1268 1280 
1 226 313 393 547 717 882 926 1087 1098 1111 1114 1288 
46 365 404 510 583 683 989 1020 1087 1250 1254 1397 
40 66 321 393 622 653 789 842 855 1085 1099 1361 
315 336 381 580 610 623 698 837 1002 
23 42 43 73 111 119 166 251 627 834 1074 1164 1227 1263 1334 1408 
180 247 301 432 439 911 929 1058 1059 1099 1106 1221 1287 
421 490 539 764 849 850 1095 1278 
102 166 335 361 404 455 742 791 843 906 984 1142 1241 
90 96 181 239 424 539 544 1177 1205 1280 1282 
405 630 647 651 685 780 883 1020 1112 1133 
14 21 65 256 330 392 405 440 445 453 754 785 1016 1025 1065 1066 1168 1259 1287 1354 
224 551 558 644 797 851 861 953 1237 1351 1359 1383 
112 176 465 507 532 555 619 642 1018 1141 1142 1143 1155 1356 
112 187 268 320 325 354 400 401 412 551 697 761 880 983 1032 
158 208 437 695 824 886 956 1114 1170 1176 1229 1270 
70 389 400 408 590 709 730 754 823 1057 1094 1282 1381 1400 
196 491 564 587 619 743 815 950 1214 1263 1272 1283 
105 185 588 745 871 1004 1085 1143 1239 1254 1377 
44 418 701 710 798 818 925 1015 1021 1149 1272 1279 1374 1410 
8 49 244 278 328 593 650 1005 1185 1280 1389 1415 
273 277 424 543 590 650 816 898 925 944 
401 475 529 602 795 827 837 896 1306 1351 1363 
28 125 274 302 405 411 504 559 644 691 729 874 894 912 1381 
26 36 79 215 293 359 473 502 573 643 860 874 965 1062 1269 1274 
158 169 189 257 496 500 511 613 652 668 897 931 1105 1183 1264 
124 273 303 394 395 493 552 764 1147 
79 98 100 249 375 417 468 469 500 713 722 765 789 1366 
99 227 369 408 469 549 693 806 1186 1215 1248 
64 80 257 519 663 839 875 1200 1387 
101 162 289 493 706 817 950 1006 1083 1140 1213 1247 1323 
59 113 118 170 288 515 972 983 1147 
18 23 97 158 316 335 662 767 967 
72 140 176 204 224 492 569 575 596 668 728 1022 1108 1140 1215 
66 70 74 77 107 250 351 453 456 464 477 499 527 584 1040 1300 
2 79 103 398 559 707 761 873 1011 1141 1187 1330 1371 
440 613 931 1027 1065 1107 1141 1249 
255 660 743 1126 1176 1297 1355 1378 
177 551 576 632 649 782 794 933 1013 1063 1257 
48 178 300 424 552 746 792 1172 1191 1255 1308 1314 1346 1398 
31 36 40 46 196 299 317 436 606 634 637 662 668 733 777 862 864 901 908 912 920 1002 
22 164 279 387 510 523 596 823 850 885 896 1118 1127 1222 1321 1337 1343 1372 
18 197 427 592 662 733 746 840 863 1020 
457 544 746 797 798 1183 1196 1204 1252 1285 
144 210 345 396 424 440 486 551 718 751 822 1049 1344 
11 95 416 428 562 1196 1302 1313 1402 
522 1085 1111 1123 
58 85 123 356 556 642 651 698 780 951 1074 1083 
87 339 534 684 842 860 1071 1085 1158 1182 1339 
329 529 543 653 869 957 1017 1075 1178 1380 
140 272 303 374 390 517 528 607 638 723 726 778 781 963 1198 1308 
61 270 310 440 563 798 930 933 1018 1302 1356 
98 128 180 250 599 613 820 970 1100 1104 1320 
135 309 475 538 807 918 922 1149 1154 1185 1401 
248 260 387 828 1078 1084 1116 1261 
388 891 934 951 978 1370 1408 
247 377 721 1028 1051 1074 1135 1382 1397 
285 385 674 703 832 909 1004 1251 1315 1370 
108 187 375 392 444 445 452 703 737 778 861 895 950 954 975 1212 1304 1336 
140 174 313 600 635 701 739 747 801 907 993 1166 1249 1251 1368 
80 224 236 282 341 347 361 595 660 681 768 813 836 920 969 981 1009 1193 1293 
1 199 273 310 315 394 546 612 701 844 935 966 1092 1129 1252 
179 298 438 980 986 1062 1174 1391 
81 258 602 685 833 905 915 986 1090 1099 1255 1355 1371 1394 
129 192 218 726 875 1023 1109 1171 1182 1257 1362 1372 1373 
129 308 706 841 846 1236 1258 1347 
74 104 393 488 702 758 938 
104 229 394 525 536 876 934 985 1050 1210 1298 1405 
10 107 203 210 338 581 597 598 600 636 883 1186 1191 
114 179 292 345 512 579 679 795 1021 1173 1186 1251 1388 1393 
223 373 667 696 697 711 831 850 860 1124 1367 
95 166 251 397 440 579 605 631 640 668 803 1076 1156 1238 1268 
13 29 34 161 552 693 1182 1230 1386 
52 236 286 447 494 611 785 811 1089 1321 1342 
94 373 405 510 843 887 930 1115 1189 1304 
37 158 193 277 448 692 698 853 960 962 1039 1196 1396 
40 422 612 1028 1205 1262 1311 
95 138 233 389 443 445 473 635 701 806 928 1224 1400 
5 260 276 363 508 628 783 936 1036 1052 1095 1162 
4 313 401 593 730 850 910 1086 1112 1125 1152 1155 1189 1203 1214 1242 1336 1378 
10 99 184 187 492 564 576 593 740 820 845 875 932 991 993 1031 1085 1250 1304 1356 
162 317 436 545 750 862 917 921 990 1071 1307 
187 351 394 494 591 607 653 675 700 722 783 859 973 1103 
390 402 450 513 666 685 1015 1302 1373 
529 611 637 733 846 951 986 1041 1051 1066 1083 1093 1125 1181 1328 
293 664 939 951 966 1050 1122 1139 
46 104 223 237 309 320 523 563 576 617 826 861 922 986 1081 1379 
242 255 361 540 688 773 1351 
64 198 408 458 464 510 716 757 998 1024 1084 1155 1197 1200 1275 1285 1350 
91 172 216 423 537 708 916 1014 1108 
9 49 292 594 740 764 821 1000 
46 163 588 789 849 1029 1040 1065 1182 1262 1274 1385 
106 243 267 708 823 833 1300 1326 1393 1394 
363 398 669 726 969 1059 1276 1314 1343 1399 
139 146 304 346 425 431 541 607 623 869 998 1037 1065 
229 513 685 750 772 1155 1221 
125 204 425 639 723 725 763 806 1006 1033 1205 1275 1396 
47 203 377 467 973 999 1036 
375 415 431 444 534 897 1078 1178 1205 1258 1266 
18 38 83 151 366 447 481 616 741 883 941 1100 1216 1327 
288 671 722 962 1184 1201 1285 
54 85 259 456 543 601 674 687 772 802 969 977 
143 206 273 315 357 878 1082 
23 47 309 320 753 782 921 973 985 1025 1290 
26 379 401 792 806 871 919 1002 1069 1173 1260 1333 
152 319 356 378 499 741 988 1197 1322 
140 332 342 356 369 415 489 544 719 818 881 1063 1090 1127 1148 
78 196 231 271 410 416 488 521 566 820 875 912 982 996 1119 1201 1247 1260 1318 1320 
260 598 628 705 743 971 988 1077 1102 1211 1298 1326 
271 414 499 558 687 1304 1327 
156 206 239 396 459 577 945 1160 1163 1251 1327 1346 1384 1391 
134 145 273 299 386 408 693 707 988 1282 
103 120 193 244 828 950 1115 
185 262 540 550 597 731 747 807 1040 1087 1128 
306 349 387 410 927 974 1087 1137 1146 1208 1281 
23 48 233 424 524 690 1020 1106 1172 1182 1300 1342 1390 1400 
110 148 256 340 412 551 673 849 856 1116 1349 
14 113 163 1013 1026 1116 1312 1386 
54 140 171 235 319 567 782 809 830 833 884 932 935 1044 1114 1137 1279 1286 1401 
27 109 147 210 334 402 907 946 963 1128 1238 1319 
228 381 448 473 771 804 1082 1275 
172 237 283 309 369 377 479 1194 1373 
7 135 203 278 679 837 924 1062 1085 1234 1354 
428 479 634 641 704 725 1110 1121 1151 1203 1222 1335 1380 
102 105 200 683 686 744 890 1292 1398 
157 172 188 310 466 590 733 1119 1172 1332 1397 
26 427 474 512 604 670 675 679 858 1000 1076 1089 1130 1214 1283 1392 
11 59 449 493 553 797 863 975 1057 1118 1250 1378 
153 175 185 236 459 689 958 1325 1373 
17 359 390 555 584 888 932 1262 1389 
118 299 332 682 787 814 874 1080 1094 1127 1139 1332 1355 
57 140 823 1326 1355 
10 70 117 153 197 269 280 459 500 539 783 907 977 985 1197 
59 70 129 453 843 977 1109 1338 1359 
33 129 195 252 257 647 1006 1146 1257 1265 1319 1388 
4 83 201 234 246 316 344 851 859 1176 1207 1228 1253 1302 1387 
17 166 233 391 551 651 889 1022 1097 1135 1176 1226 1356 1403 
17 159 322 323 486 502 693 723 728 892 1197 1257 1279 1340 1378 
280 455 836 1070 1100 1118 1138 1316 1381 
58 75 146 158 171 201 507 515 578 665 687 1058 1230 1253 1308 
95 320 408 420 431 531 600 668 749 761 798 935 1064 1399 1414 
24 105 410 429 500 501 725 848 878 938 1040 1108 
377 392 424 497 671 1330 
203 413 598 700 736 779 839 854 1007 1010 1015 1063 1175 
301 375 445 549 607 619 657 704 817 1032 1055 1204 
34 92 148 328 417 517 766 771 892 1020 1051 1058 1093 1125 1203 1207 1233 1268 1318 
246 262 487 582 584 674 
221 271 470 526 751 861 881 944 950 1039 1040 1282 
9 19 218 372 477 537 761 780 
92 156 306 379 383 485 489 721 773 808 921 957 989 1099 1184 1259 
3 194 284 398 456 471 494 502 928 1091 1107 
64 167 359 495 817 837 981 1403 
50 230 559 600 759 876 1104 1283 
