1436 8287
498 573 724 1319 
295 644 746 791 879 979 1032 1092 1139 
116 123 216 320 609 672 673 757 789 1014 1207 1224 1229 1244 
54 152 524 858 1108 1142 1191 1227 1275 1365 1377 
141 217 302 900 917 949 1368 1392 
112 161 393 548 686 993 1201 1295 1399 
344 368 369 455 640 823 952 1002 1010 1361 1392 1418 
35 87 216 292 298 458 463 520 754 822 842 1000 1010 1039 1102 1174 1255 1323 1325 1363 
84 143 239 262 277 665 685 851 943 1111 1193 1199 1221 1328 
138 143 418 456 502 595 654 829 1013 1265 1331 1333 1407 
104 413 511 514 541 752 800 807 935 973 989 1320 
232 239 265 371 421 425 490 533 562 767 888 932 994 1352 1353 
59 267 686 753 1221 1327 1404 
96 473 501 547 554 568 626 663 695 744 790 799 889 1049 1065 
118 359 435 465 550 570 584 706 759 852 990 
288 299 318 323 485 569 581 624 951 1072 1092 1286 1415 
106 289 442 589 677 904 1055 1087 1225 1321 
76 126 143 211 218 256 327 462 526 763 875 1017 1086 1184 1226 1275 1340 1346 1400 1414 
287 349 554 671 770 1178 1381 
61 230 505 784 1252 1296 1408 1425 
202 300 472 478 558 606 634 919 1006 1170 1200 1286 1372 
93 168 975 998 1004 1060 
31 144 156 292 360 655 689 758 764 838 1073 1102 1116 1128 1217 1244 
153 268 340 388 474 835 863 1069 1172 1255 1387 
32 193 273 334 337 370 379 990 1001 1225 1245 
77 90 104 568 697 755 
338 346 368 623 806 981 991 1000 1237 
137 151 295 331 591 717 798 879 955 1069 1166 1212 1281 
320 477 786 844 884 948 998 1009 1189 1261 
150 347 436 552 553 565 708 797 804 999 1026 1084 1101 1122 1127 1167 1248 1264 
23 34 148 691 1006 1039 1104 1425 
25 129 354 409 801 868 878 939 1001 1278 1298 1395 
60 430 443 535 669 1196 1207 
31 481 797 803 850 858 938 1042 
8 126 283 329 487 680 867 1202 1293 
70 170 181 196 215 427 488 511 687 727 764 845 923 955 1096 1254 
179 279 302 326 469 699 744 753 823 899 1138 1244 
614 616 643 767 775 840 863 868 926 963 1008 1010 1238 1280 1432 
110 173 205 547 666 763 771 1006 1323 
247 406 481 690 1004 1166 1193 1317 1332 
43 62 219 412 595 1029 1031 1129 1326 
48 95 102 192 301 320 453 586 1149 1166 1255 
41 110 141 152 170 204 270 295 514 895 900 1016 1067 1139 1150 1188 1197 1363 
131 151 271 299 345 534 566 655 813 939 946 1019 1027 1106 1138 1239 1351 1383 1436 
85 129 160 187 1072 
53 72 391 518 808 1094 1297 1338 
65 190 484 631 664 793 848 871 951 1221 1297 
42 122 339 544 756 846 901 999 1037 1060 1190 1405 
127 131 391 462 502 576 785 1130 1210 1289 1330 
173 340 514 865 874 
163 200 247 466 598 665 964 1158 1309 
69 335 1076 1183 1198 
46 113 162 325 460 634 813 875 1002 1024 1048 1409 
4 105 132 355 511 596 731 900 911 996 1133 1212 1318 1420 
207 400 484 610 710 887 1348 1352 1421 
81 142 499 508 589 629 690 717 1011 1248 1270 
264 285 311 436 522 561 672 721 836 916 1193 1283 1353 1402 
171 236 428 534 821 852 984 1041 1074 1075 1150 1220 1279 1373 1404 
13 78 149 170 241 429 548 698 701 884 890 1065 1156 1230 
33 67 71 271 284 371 572 855 867 1018 1040 1047 1167 1194 
20 91 386 393 434 495 498 509 550 554 653 788 850 926 993 1078 1126 1337 
41 174 422 636 792 913 1190 1429 
297 314 419 746 907 1094 1198 1358 1411 1428 
96 146 249 451 646 991 1045 1053 1058 1270 1283 1387 1401 
47 100 154 155 411 529 647 682 848 992 1095 
194 223 262 277 383 386 496 519 762 961 1158 
60 111 205 220 440 596 868 916 930 1160 1315 
113 270 406 471 531 753 849 1112 1128 1233 1294 1313 1372 1392 
52 164 198 258 377 562 776 865 1141 1376 1387 1431 
36 232 328 333 413 707 1396 
60 174 186 255 557 749 824 1021 1062 1216 1232 1274 
46 94 277 318 377 483 625 851 900 905 1129 
191 327 357 384 426 460 547 615 715 838 967 1188 1316 1332 
116 522 622 1140 1198 1324 1352 1355 
117 305 415 530 582 714 825 1177 1203 1366 1390 
18 143 172 181 219 230 605 609 958 1112 1157 
26 84 520 570 794 798 804 818 857 951 975 1006 1104 1187 1227 1230 1240 1427 
59 163 680 694 723 861 898 912 913 983 1098 1265 1310 1325 
139 201 212 453 492 956 1375 
213 230 247 339 349 580 616 641 808 1005 1097 1122 1350 
56 144 838 920 1130 1341 1409 
233 265 372 543 706 783 824 888 1043 1272 1322 1337 1362 
99 161 301 315 318 370 372 432 625 628 646 941 1183 1235 
9 77 134 143 154 181 196 213 241 648 694 699 704 716 856 911 1032 1047 1170 1300 1353 1363 
45 102 174 234 323 362 406 417 423 773 836 870 1004 1012 1030 1212 
154 350 385 424 480 500 556 701 857 915 921 941 1003 1214 1296 1390 
8 180 388 398 422 492 525 576 679 780 891 961 1015 1126 1160 1189 
242 393 844 985 1211 1368 
91 260 525 553 615 641 843 951 1102 
26 170 259 426 438 444 471 518 547 667 989 1070 1391 
61 89 360 402 500 735 817 858 990 
167 191 278 466 529 717 1014 1166 1228 1315 
22 284 390 433 622 836 1107 
72 135 372 1309 1406 
42 97 128 172 280 327 452 543 679 895 915 1134 1256 1289 1303 
14 64 130 147 253 357 688 839 1259 1324 1377 
95 153 226 284 800 1241 1324 
137 608 859 1230 1295 1333 
83 350 485 508 525 628 629 737 909 977 1069 1192 
65 102 464 484 628 873 913 961 1064 1241 1281 1323 
196 451 618 675 796 934 956 1157 1303 1368 
42 85 100 164 223 271 325 422 541 615 1354 
610 686 739 1159 1209 1309 1401 
11 26 108 155 169 249 345 589 642 795 808 1075 1108 1185 1204 1285 1351 1383 
54 115 175 330 484 529 573 669 850 1034 1116 1125 1200 1223 1378 
17 202 206 289 291 294 357 364 535 738 914 917 979 1319 1436 
168 190 282 345 489 512 760 885 967 1203 1254 1374 
104 223 257 396 441 506 539 563 717 1025 1275 1364 
231 326 507 872 884 909 1029 1276 
39 43 158 453 603 730 998 999 1034 1336 1433 
67 247 436 509 565 766 1296 1372 
6 212 222 265 528 630 769 896 1066 1189 
53 68 185 257 586 782 830 1056 1197 1232 1244 1375 1429 
166 318 396 514 647 734 796 849 1226 1259 1347 1375 
105 174 242 319 465 610 644 742 752 779 782 863 954 1038 1071 1124 1245 
3 74 202 284 288 361 405 719 735 808 1026 1108 1132 1339 
75 147 263 468 745 777 783 823 888 894 
15 244 420 467 510 894 960 961 1349 1381 
218 325 501 870 938 1027 1431 
285 728 961 979 
161 181 363 587 688 709 728 759 878 1234 1269 1345 1360 
48 209 297 636 991 1053 1060 1106 1227 1276 1300 1318 1330 
3 163 261 700 894 931 1044 1064 1233 1250 
244 495 638 861 985 1209 
248 433 590 698 894 983 994 1308 
18 35 247 292 335 344 388 450 500 623 705 827 955 1142 1250 
49 317 429 592 844 874 905 943 951 1169 1216 1232 
95 330 515 852 893 1050 1114 1315 
32 45 428 477 496 557 592 699 787 1060 1138 1311 1383 
96 235 286 906 1007 
44 49 289 372 404 684 752 957 997 1180 1205 1233 
54 361 393 584 594 768 790 796 819 1030 1041 1082 1095 1310 1392 
188 210 291 418 590 897 1007 1015 1221 1264 1265 1289 
84 370 383 398 499 546 554 651 722 873 905 912 1103 
94 739 1114 1260 
288 310 362 720 815 888 906 1117 1412 
28 98 446 836 918 932 945 1110 1280 
10 239 268 312 339 444 483 533 661 675 1081 1343 
79 301 313 317 347 442 682 725 730 767 928 1012 1113 1168 1299 1315 1392 
162 246 309 487 745 748 1083 
5 43 176 198 498 544 589 594 791 1026 1038 1128 1246 1335 
56 198 292 494 561 604 807 937 1088 1092 1153 1353 1392 
9 10 18 76 84 211 470 551 679 680 684 894 936 937 946 1064 1278 1291 1412 
23 81 168 239 246 258 269 341 553 773 872 1157 1163 1200 1223 
413 456 796 839 1005 1044 1279 
64 291 327 336 535 696 773 781 859 936 1071 
96 117 169 220 835 1011 1158 1214 1284 
31 236 308 338 459 496 561 815 847 957 1031 1043 1102 1146 
59 198 552 741 750 849 870 895 902 960 
30 432 615 738 1001 1132 1343 1356 
28 44 202 231 485 530 633 666 704 831 839 840 885 1115 1197 
4 43 177 333 659 690 826 860 949 
24 97 515 726 810 947 1330 
65 84 86 237 441 496 506 538 784 1093 1140 1234 1245 1385 
65 104 173 220 228 291 389 426 427 581 698 729 809 958 1152 1327 1413 
23 223 377 528 791 810 1164 1193 1206 1304 1356 1375 
241 297 372 413 592 934 1032 1167 1191 1272 1298 
110 205 234 423 776 956 1024 1053 1094 1205 
180 268 334 342 404 440 602 643 898 907 922 1428 
45 175 408 535 686 730 806 941 1104 
6 83 121 292 684 765 778 891 947 1010 1242 1293 1315 1319 
53 140 227 237 458 632 1008 1184 1264 1310 1336 1400 
51 78 123 261 461 1032 1044 1156 1283 1409 1420 
69 102 582 726 756 1049 1054 1191 1241 1313 1395 
275 378 502 509 515 528 568 726 784 831 945 1114 1129 1189 1217 1404 
114 219 336 354 380 489 709 857 871 947 
92 344 444 535 606 746 1224 1336 1353 
22 107 144 178 446 574 638 1253 1433 
104 147 314 416 611 949 1079 1118 1259 1323 
36 43 59 90 266 487 774 1041 1062 1173 1247 1373 
58 199 228 356 496 541 579 654 778 824 850 970 1011 1397 
76 95 434 521 673 869 990 993 1060 1175 1176 1231 1264 1270 
39 50 155 318 519 571 644 820 1061 1185 1372 1405 
62 71 85 115 459 602 874 953 
105 160 191 325 416 626 842 1009 1022 1107 1421 
141 243 436 490 539 705 743 954 
152 184 328 353 382 401 578 659 677 879 924 948 976 982 1052 1163 
168 300 490 491 778 927 958 998 1080 1273 1356 1399 
37 190 244 340 347 524 649 716 920 997 1008 1026 1066 1305 1355 1388 
87 159 450 555 794 871 901 939 966 994 1071 1182 1189 1263 1406 
36 76 84 121 284 295 305 551 771 1251 1254 1338 
471 1009 1074 1103 1144 1220 1415 
838 1153 1168 1249 1313 1323 1403 
177 436 444 446 515 605 701 851 903 983 1100 1149 1422 
113 546 661 1105 1128 1145 1202 1205 1296 1349 
71 340 638 667 785 790 807 973 984 1192 1328 
45 209 242 332 354 412 501 758 763 805 836 840 1174 1320 1329 
133 270 542 577 613 1103 
342 358 799 812 830 985 1123 1157 1218 1277 1347 1372 1397 
47 107 179 202 619 625 713 814 827 914 1034 1106 1387 1434 
73 92 175 244 504 506 735 794 844 851 858 892 979 1064 1100 1244 
42 314 392 426 494 567 726 816 864 882 1067 1121 1183 1251 1306 1324 
25 589 612 676 750 848 881 995 1097 1142 1418 
66 228 247 284 318 498 544 640 845 1099 1223 1369 
316 548 612 660 700 813 982 995 1008 1032 1122 1314 
36 84 101 222 374 493 769 810 840 862 1076 1356 
306 313 324 453 735 940 1014 1268 1282 1285 1304 1343 
69 141 142 149 333 344 375 497 574 619 662 768 781 919 992 1226 1328 1374 
171 232 265 343 367 419 456 653 832 902 911 999 1166 1192 
51 225 235 371 689 777 831 924 935 947 1001 1240 1371 1379 
79 368 930 1309 
21 106 116 151 190 210 418 548 587 749 797 837 913 1191 1259 
307 488 537 922 979 
43 261 365 434 456 511 521 569 729 799 937 962 1061 
39 67 158 309 574 654 763 785 800 824 886 898 1170 1220 1296 
106 307 385 823 868 941 1068 1072 1167 1277 1391 
55 228 330 364 368 430 582 658 678 688 713 863 887 950 973 976 1077 1093 1198 1265 1298 1318 1369 1412 
210 346 415 846 1065 1168 
122 187 214 428 472 1143 1387 
133 202 208 252 268 321 557 1067 1091 1430 
18 143 364 446 476 514 541 649 962 1150 1275 1418 
79 112 637 761 1176 1379 
80 84 279 368 403 501 588 628 841 990 1069 1173 1239 1268 1318 
209 278 567 570 578 607 741 805 837 937 953 1115 1247 1267 1290 
36 466 540 556 567 589 667 792 829 869 993 1255 1338 1406 1412 1420 
3 8 439 722 834 836 872 921 997 1113 1353 1418 1420 
5 317 332 336 410 476 524 547 858 874 1046 1317 1336 1364 
18 119 281 342 596 664 814 840 873 898 992 1209 1288 1339 1358 
41 76 166 223 235 475 476 550 802 980 1135 1178 1311 1368 1430 
67 147 155 252 337 456 860 959 1066 1372 1405 
728 819 834 909 975 1117 1174 1253 1297 
112 196 277 349 507 807 836 907 916 972 1196 1365 1424 
66 102 108 156 219 243 278 292 355 490 585 693 851 926 1058 1112 1207 1243 1251 
699 821 977 1318 1361 
200 285 305 370 506 568 574 755 980 1002 1003 1160 1376 
97 338 415 487 635 726 913 949 989 
162 264 377 504 533 542 600 609 707 715 742 751 849 893 985 997 1007 1111 1296 1374 
155 171 194 207 374 429 483 851 1157 1260 1272 1377 
289 469 708 821 950 965 1116 1207 1348 
20 76 80 308 313 415 513 666 693 708 796 1235 1253 1298 
109 151 414 594 787 865 970 1003 1068 1323 1343 
12 70 199 301 608 650 667 871 914 927 1261 1270 1384 
82 279 333 542 694 809 864 964 1091 1312 1333 1380 1401 
85 158 341 354 496 599 848 976 1094 1177 1250 1353 
130 200 219 323 360 377 667 828 867 1096 1189 1300 1337 
58 148 295 620 678 800 841 895 1130 1212 1221 1348 
154 162 269 394 581 680 689 918 968 980 1031 1098 
466 471 483 503 517 536 705 868 882 883 943 1048 1192 1207 1248 1275 1300 
9 12 138 144 352 900 913 932 1168 1215 1266 1419 
353 430 480 925 1064 1092 
59 84 157 251 407 670 808 936 969 1170 1171 1179 1356 1402 
88 115 187 254 324 399 440 533 621 719 974 1098 1121 1309 1379 
176 223 252 366 500 717 729 837 936 1215 1223 1232 1298 
118 124 179 191 324 470 474 532 538 712 744 820 1102 1159 1240 
279 589 674 898 1139 1294 1360 
140 144 399 434 483 564 724 749 767 1162 1236 1338 1420 
40 51 80 111 126 194 319 379 386 534 703 733 805 868 984 1011 1067 1122 1418 
125 333 629 863 1378 
64 104 454 466 546 779 870 958 1177 1204 1239 1267 1274 
472 569 629 1188 1332 
241 273 437 725 732 807 900 1232 
210 220 243 322 521 532 670 726 742 800 969 994 1041 1106 1357 
96 290 308 320 416 439 536 857 905 1058 1123 1206 1214 1260 1353 
242 1043 1085 
71 371 531 673 819 1059 1119 1236 
18 445 474 508 531 826 914 922 1003 1061 1356 
108 113 304 452 522 536 554 1028 1307 1356 1418 
69 144 521 596 731 1053 1119 1275 
90 406 431 673 828 881 892 937 966 1136 1145 1154 1245 1283 1296 1371 
89 308 795 808 828 852 1022 
123 163 204 298 384 421 447 521 801 853 1199 1285 1288 
9 66 265 915 1214 1274 1380 1424 
117 310 398 482 589 612 638 650 668 1201 
57 227 312 364 520 560 677 793 1027 1090 1207 1214 1227 1381 
12 82 112 199 262 298 324 439 649 782 879 1008 1072 1136 1158 1315 
170 289 416 440 443 524 820 948 1123 1132 1206 1225 1268 1411 
13 380 482 572 585 657 687 768 943 1280 
24 138 159 210 370 528 706 1041 1199 
144 237 334 385 425 521 536 586 681 815 825 911 981 1021 1288 1322 1356 
43 68 188 290 292 474 915 946 1177 1233 
44 60 102 506 583 1008 1032 1264 1349 
349 453 502 625 825 848 1051 1072 1079 1099 1116 1130 1148 1369 
25 251 279 288 572 1075 1142 1248 
332 660 878 962 1028 1244 1428 
165 328 337 479 508 612 703 1251 1292 
393 671 814 831 1048 1061 1094 1334 
9 66 72 222 280 652 701 1263 1295 1309 1379 
92 214 223 368 554 750 898 983 1153 1221 1231 1331 1332 1415 1424 
37 213 233 245 273 294 673 801 808 1163 1226 1275 1353 
95 277 287 356 557 576 796 939 942 1192 1267 1270 1313 1380 
218 301 813 930 1231 1269 1277 1372 
107 373 386 392 642 660 722 728 736 837 1403 1412 1426 
35 327 381 604 939 969 1086 1258 1348 1407 
60 93 97 116 181 194 364 393 419 466 888 1018 1032 1100 1170 1258 1311 1364 
57 120 225 317 408 548 554 750 1069 1128 1262 1314 1366 1389 
130 291 425 588 643 831 843 907 1147 1372 
19 280 374 404 717 975 1034 1168 1196 1363 1392 
16 116 136 273 382 482 739 776 850 992 1110 1137 1187 1343 1408 
17 106 131 229 266 315 338 354 406 468 531 544 577 647 1094 1280 1373 
253 270 524 540 613 852 1042 1207 1323 
106 133 146 155 286 505 696 755 834 956 1053 1254 1347 1386 
8 23 126 142 161 223 270 328 422 429 613 771 916 1022 1023 1101 1215 1397 
446 686 885 931 1412 
106 279 355 386 550 752 771 1022 1231 1348 1384 
2 28 43 181 236 346 371 390 513 628 703 708 787 789 813 1003 1025 1036 
394 587 588 783 823 893 935 1097 1109 1216 1292 
63 122 157 440 550 595 956 978 1205 1247 
8 261 265 799 887 946 1002 1057 1062 1106 1165 1421 
16 44 575 599 993 1020 1192 1194 1373 1377 
21 178 360 588 590 624 653 732 763 846 895 1125 1189 1234 1285 1356 
42 83 139 232 281 516 782 1104 1318 
5 37 501 640 665 857 882 910 1032 1057 1133 1145 1340 1380 
730 855 947 958 1073 1089 1123 1140 1235 1255 1295 1317 
257 324 341 357 463 499 599 690 1005 1285 
75 181 225 347 454 584 596 1092 1325 
197 694 884 1134 1176 1204 1253 1347 1360 
203 206 423 442 506 599 615 719 720 766 963 992 1078 1142 1257 1404 1407 
148 230 253 260 548 593 849 892 971 1090 1091 1178 1356 
140 205 348 438 510 595 912 1016 1148 1293 1383 
136 263 443 530 976 992 1018 1086 1264 1361 
57 453 491 510 517 590 716 750 959 961 1186 1223 1269 1284 1312 
138 264 424 512 548 909 961 1222 1224 1423 
139 197 230 341 369 530 1215 1401 
63 169 192 362 536 555 681 889 915 964 1156 1410 
83 289 317 323 505 596 675 766 845 940 995 1031 1032 1219 1256 1365 
195 484 560 630 926 971 1147 1203 1220 1386 
127 139 217 285 315 728 769 805 885 1260 
16 72 83 114 173 194 481 501 505 776 812 866 925 965 1010 1015 1341 
115 247 500 665 1283 1372 1383 
3 29 42 253 452 515 568 945 1113 
210 456 520 763 888 918 1041 1093 1099 1211 1393 
252 392 670 685 731 753 1061 1208 
16 85 235 315 509 558 621 880 1068 1071 1123 1172 1295 1416 
197 242 244 265 304 418 476 613 1031 1242 1301 1386 
53 102 119 175 347 410 443 539 628 656 826 858 1364 1402 
37 109 410 484 600 741 814 1266 1288 
18 73 95 146 283 419 513 538 552 605 1416 
70 177 275 292 329 405 446 721 978 
35 328 408 466 471 507 514 644 652 677 915 934 942 982 1149 1198 1211 1229 
105 128 207 425 790 982 1429 
28 357 530 535 932 1119 1146 1208 1330 1404 
187 217 274 412 421 492 611 652 767 816 841 844 913 1017 1024 1094 1147 
70 152 198 233 248 445 577 835 894 965 1072 1081 1211 1258 1306 1389 
25 159 269 800 832 884 1087 1286 
52 126 670 679 868 1080 1427 
146 166 217 348 378 931 1093 1418 
25 220 275 364 465 499 560 821 1020 
27 148 226 289 510 659 789 864 
48 80 138 460 588 782 786 837 841 1046 1049 1071 1197 1281 1311 1326 
24 50 179 186 402 405 503 832 873 1069 1097 1298 
144 234 304 313 370 635 760 937 1066 1180 
159 189 218 612 823 986 1216 1231 1252 1431 
199 503 569 680 
7 126 167 198 504 535 789 1284 1309 
44 104 107 430 497 885 918 952 1057 1088 1162 1243 1389 
27 208 295 436 447 528 531 594 765 891 1017 1021 1039 1279 1314 1377 1390 
30 139 179 305 325 440 516 535 567 570 642 1003 1038 1181 1397 1426 
309 336 384 708 823 841 862 953 1014 1080 1121 1393 
19 80 222 272 928 979 1028 1243 1260 1358 1370 
86 99 485 582 846 957 1255 1277 1345 1353 
388 469 475 1097 1113 1156 1298 
239 356 368 459 514 538 648 840 975 1144 1161 1366 
177 240 373 379 707 774 787 858 1257 1370 1435 
32 166 187 234 289 454 975 1202 1348 
54 223 294 372 463 520 598 605 619 737 906 932 1068 1174 1230 1383 
171 280 352 496 726 754 1022 1043 1285 1323 1334 1386 
73 96 106 304 331 613 1060 1203 1221 1330 1423 
189 372 429 512 591 663 1165 1206 1268 1394 1407 
15 661 778 798 981 1008 1162 1214 1278 1288 
23 91 235 300 473 689 750 997 1040 1160 1207 1267 1363 1400 1411 
116 132 429 691 754 937 959 1045 1055 1316 1412 
85 136 314 402 580 601 731 838 876 891 895 1132 1392 
121 653 703 787 951 953 957 1079 1307 1362 
106 207 211 264 284 337 439 503 598 676 762 1069 1092 1224 1332 
204 514 756 798 925 1036 1272 1286 1287 1313 1369 
243 553 616 647 679 723 985 1279 
199 567 585 653 670 701 1001 1079 1083 1157 
7 27 201 207 213 278 352 513 654 1096 1142 1194 1306 
7 313 561 623 695 1139 1168 1429 
25 83 134 225 268 341 404 433 470 485 625 866 991 1156 1297 
12 60 200 255 295 697 715 812 930 952 1124 
82 83 94 131 157 355 358 393 414 472 544 830 1060 1201 1322 1433 
282 353 385 418 555 661 803 1027 1142 1150 1151 1169 
196 228 287 430 530 770 800 952 973 1146 1160 
198 471 507 622 833 1033 1160 1216 1218 1426 
541 547 737 864 939 998 1191 1224 1232 
69 72 156 227 235 684 791 873 953 1317 1388 
165 336 443 467 669 774 971 979 1279 1291 
25 247 353 409 496 744 1254 1378 
166 267 570 590 893 946 1177 1261 1418 
283 430 580 641 720 722 849 1026 1098 1313 
177 288 396 669 695 1117 1170 1305 1353 
66 134 616 621 635 711 922 993 1085 1224 1301 
73 261 348 451 535 904 1096 1163 1228 1240 1413 
86 206 269 373 576 643 732 760 833 859 1060 1064 1346 1369 1379 1400 
61 66 247 282 294 476 845 874 893 927 949 1004 
507 517 656 960 1321 
24 87 126 351 471 498 861 1164 1307 
155 763 916 1097 1100 1348 
93 295 439 806 1017 1167 1252 
46 49 415 589 1083 1111 
192 282 322 425 468 500 602 622 798 808 923 1084 1161 
6 61 88 132 276 284 372 489 576 767 894 1148 1183 1378 
237 296 461 642 736 813 819 882 1128 1198 1394 
521 649 737 1000 1020 1042 1330 
108 114 382 517 575 576 619 840 855 936 1085 1164 1190 1372 
510 524 671 746 796 1113 1141 
87 134 263 422 509 678 771 859 898 921 933 1092 1283 
242 246 463 544 565 749 969 1129 1257 
55 514 519 633 815 1055 1224 1267 1369 1394 
177 566 584 668 711 719 779 821 947 1001 1130 1352 1434 
91 340 362 405 424 632 648 701 704 734 1007 1312 1364 1436 
213 459 482 701 1211 1213 
131 159 287 370 406 437 469 1102 
116 328 340 402 515 1072 1132 1170 1328 
40 68 85 259 289 404 465 470 491 643 690 849 899 1082 1096 1207 1342 1414 
241 491 800 808 929 975 979 990 1107 1319 
160 285 329 463 668 688 715 726 753 931 1233 1241 1276 1368 
32 379 649 987 1093 
217 325 326 547 684 740 945 1067 1318 
65 600 715 833 892 985 1020 1232 1288 1341 
41 187 332 923 952 1222 1328 
11 70 145 157 854 1001 1204 1357 1424 
231 372 421 936 1002 1026 1029 1040 1203 1230 1284 
75 208 226 230 391 449 477 598 705 775 783 853 1278 
169 175 253 266 439 547 605 679 1436 
85 455 599 635 643 769 981 1017 1216 1234 1328 
10 133 202 324 373 566 980 1135 1237 1288 
63 199 284 327 441 507 584 621 649 869 885 954 1022 1363 1405 
118 448 514 631 722 963 1384 1385 1410 
12 261 332 414 470 484 563 909 911 925 1000 1054 1241 1410 1421 
62 87 102 292 398 571 656 786 1061 1073 1104 
85 158 307 541 649 700 1198 1412 
86 312 402 557 588 791 1249 1256 1291 
12 269 286 330 392 427 452 576 635 733 774 1242 1312 
73 90 155 192 744 1116 1180 1241 1425 
36 155 425 687 910 1079 1279 1414 
58 129 209 475 655 659 749 764 771 1015 1080 1085 1137 1188 1270 
59 127 228 292 358 361 634 935 1053 1122 1234 1336 1365 1380 1383 1389 1393 
33 207 240 345 374 381 499 551 737 753 871 1038 1049 1110 1358 1370 1372 
259 591 647 776 912 1034 1053 1076 1087 1092 1181 1218 1393 1431 
83 150 521 569 643 655 759 830 900 1236 1331 1369 1387 
93 125 370 434 587 746 854 874 1241 1397 
61 172 204 246 433 573 615 702 786 868 897 991 1226 
15 473 606 652 684 727 733 738 783 886 897 903 968 970 1003 1082 1294 1386 
30 57 111 176 184 346 467 547 597 640 755 1036 1159 1176 1287 1364 
251 404 464 520 525 584 892 960 996 1059 1090 1194 1241 
90 309 439 486 553 641 827 879 966 1063 1139 1176 
216 253 265 364 390 416 438 494 584 600 643 725 765 803 1080 1327 
67 159 242 266 297 347 811 841 1040 
108 154 419 650 667 689 708 828 1018 1181 
17 139 307 504 531 627 692 744 774 792 809 889 911 945 966 1197 1230 1235 
33 266 310 325 378 652 669 720 789 1123 1260 
90 138 167 184 589 684 813 846 1242 1274 1292 1373 
256 333 511 548 601 603 1008 1093 1370 1404 
137 168 184 211 293 328 620 844 1018 1044 1241 1312 
261 346 499 547 830 838 861 873 989 1045 1263 1278 1425 
420 452 618 1246 1269 1301 1311 1338 1402 
415 774 802 865 914 963 1040 1074 1274 1354 1383 1388 
126 180 451 516 629 718 837 855 858 989 1010 1221 1363 1422 
64 101 384 450 771 796 835 845 878 897 1313 1340 1436 
95 257 320 425 448 592 984 1055 1143 1250 1347 
42 79 110 197 272 311 628 750 821 826 959 1031 1095 1253 1415 
249 305 354 581 665 1082 1213 1343 1375 1434 
7 417 478 624 719 759 770 859 902 1064 1278 1374 
10 145 199 204 220 321 802 1023 1101 1197 1346 1386 
519 571 662 757 767 839 891 970 1002 1096 1222 1223 1262 1370 1408 
8 162 509 596 666 672 879 920 1124 1158 1251 1257 1261 1350 1364 1369 
148 174 352 403 546 637 892 943 958 977 1102 1300 1370 1386 
53 73 339 724 728 999 1342 
163 394 683 721 805 1018 1071 
18 49 510 812 1258 1273 1340 1343 1378 1407 
8 304 355 399 408 688 774 911 922 941 1145 1269 1322 1408 
100 437 549 866 888 1015 1261 1350 1400 
15 115 337 406 542 843 941 980 1144 1170 1175 1335 1347 
51 92 215 238 249 284 329 570 843 970 978 1002 1261 1263 1413 
118 378 436 473 520 545 596 613 1098 1103 1131 1156 1209 
117 289 392 542 591 841 961 989 1053 
37 229 351 404 495 634 655 768 880 887 982 1043 1126 1219 1329 1351 1375 
143 244 370 406 421 601 634 750 1022 1032 1118 1300 
68 90 182 238 329 375 388 499 514 551 657 662 748 785 938 969 1023 1232 
21 209 250 372 598 662 663 760 1097 1202 1289 1322 1370 
14 360 435 467 940 945 1038 1073 1144 1269 1300 1307 1399 
24 244 256 270 515 555 634 971 1032 1200 1241 
219 351 428 500 736 739 890 1045 1153 
211 217 219 324 386 676 717 1007 1182 1196 1276 1420 
29 129 415 828 895 1270 
21 455 531 581 920 1147 1153 1211 1426 
275 797 809 938 1087 1121 1133 1181 1256 1282 
86 240 813 826 1343 1401 
34 40 318 995 1308 1360 1361 
263 267 288 403 566 1317 1367 
72 138 228 238 246 494 526 761 811 921 936 971 993 1082 1339 
47 55 100 105 316 326 421 556 644 677 909 944 1099 1224 1241 1424 
16 99 151 350 370 645 807 942 1020 1025 1124 1186 1348 
438 518 561 598 681 710 737 767 933 940 1021 1274 1296 1302 
35 140 170 226 646 690 911 926 1118 
36 203 521 748 858 947 980 1046 1251 1326 
107 166 393 490 545 655 768 839 994 1042 1225 
12 176 178 223 489 654 675 723 799 876 1148 1189 1326 1353 
178 311 406 407 517 719 856 894 956 1125 1144 1180 1232 
79 87 332 533 803 909 1043 1265 
196 811 822 
142 192 439 483 510 561 652 667 827 895 1071 1165 
61 124 469 577 876 1045 1133 1324 1333 1390 
66 129 148 154 171 234 356 379 499 649 802 940 985 1264 
198 345 580 603 676 768 920 1046 1208 1308 1378 1392 1396 
1 61 141 194 388 509 591 1393 
56 134 304 337 430 447 471 496 512 838 935 957 961 1119 1121 1366 
86 91 126 243 319 392 475 614 657 782 1004 1088 1379 
14 119 187 213 302 318 557 588 631 719 770 856 1031 1090 1265 1359 
10 49 165 272 633 682 814 1137 1173 1334 
238 340 343 364 691 886 941 1011 1025 1030 1159 1236 1406 
191 227 344 442 526 739 833 867 944 984 1093 1350 
20 291 315 318 559 570 600 683 843 934 1092 1338 
108 154 191 225 271 307 572 600 648 869 905 972 1008 1280 
109 222 329 375 387 419 923 989 1116 1121 1259 
56 99 256 275 607 817 927 1001 1157 1249 1273 
61 111 165 323 398 458 498 514 623 723 902 1046 1069 1090 1349 
118 309 311 338 397 462 494 594 939 1240 1244 1302 
11 36 54 204 445 548 783 906 921 978 1014 1021 1092 1426 
107 312 358 499 562 861 1003 1319 
230 295 327 368 514 766 800 820 901 912 918 1353 1402 
11 43 50 114 211 329 352 365 400 420 471 509 513 563 632 670 745 863 869 1180 1200 1255 1391 
128 153 165 184 320 405 474 529 1000 1075 1287 1412 
301 347 450 550 592 615 986 1074 1182 1240 1381 
238 311 387 396 491 534 744 1343 
46 90 486 521 723 829 895 902 1049 1152 1344 1349 1430 
66 173 400 457 677 830 868 1000 1018 1153 1295 1327 1429 
8 77 264 321 355 437 467 610 1182 1231 
172 204 252 258 261 269 395 432 488 518 604 637 827 933 1053 1217 1294 1372 
57 74 257 533 590 802 879 887 1003 1023 1144 1231 
550 658 789 927 1091 1285 1378 1392 
4 179 217 266 290 397 628 717 922 987 1046 1071 1076 1138 1294 1350 
87 89 99 437 560 969 1022 1126 1237 1314 
18 483 504 577 845 854 
652 734 754 773 835 969 1031 1186 1234 1285 1348 
112 156 165 268 346 574 731 774 920 966 1029 1147 1200 1276 1300 1402 1403 1408 1423 
65 92 105 515 542 548 590 784 898 916 1062 1317 1350 1382 1414 
75 151 310 313 331 374 554 884 956 987 998 1006 1089 1125 1176 1251 
68 255 256 289 346 442 478 730 1068 1169 1274 1372 1399 1412 
244 252 556 572 1106 1110 1213 1289 1301 
12 138 227 242 492 522 669 709 757 851 877 890 925 985 1009 1316 1418 
44 58 247 517 619 930 1358 
33 106 146 160 167 331 344 347 384 585 616 895 1038 1066 
238 253 257 269 314 538 726 992 1164 1181 1311 
203 886 1090 1141 1354 
154 244 327 352 536 849 933 1055 1131 1175 1225 1283 
108 176 325 606 641 893 899 1027 1181 1398 
215 290 668 706 831 1065 1072 1098 
11 102 171 211 376 423 800 987 1142 1224 1259 1267 1289 1354 
188 227 233 465 468 529 789 872 983 1045 
82 95 772 787 939 982 1264 1273 1315 1425 
48 141 194 289 372 399 618 1190 1312 1382 1398 
467 489 591 697 821 922 1090 1162 
134 185 249 459 581 926 1050 1092 1105 1162 1211 1243 1325 1410 
14 39 73 90 217 376 410 416 436 447 748 816 1079 1175 1198 1210 1262 
6 59 195 202 285 308 312 445 511 529 622 787 908 1087 1090 1211 1240 1257 1326 
464 757 788 816 900 968 1030 1112 1299 1353 1368 1396 
15 61 219 294 297 516 523 649 699 809 829 860 936 1092 1122 1173 1190 1230 1283 1426 
143 181 430 471 566 599 652 797 1041 1103 1107 1169 1192 1381 1420 
30 149 327 559 626 632 763 796 897 1057 
30 89 144 366 438 576 743 1139 
14 19 61 134 257 278 285 530 566 672 921 941 981 1082 1132 1178 1331 1374 
180 314 373 474 585 600 747 928 1197 
86 215 484 532 653 735 805 881 917 1003 1026 1105 1140 
71 129 210 280 424 501 625 669 704 863 971 986 992 1184 
21 323 561 735 760 816 909 1038 1108 1256 1385 1409 
505 552 590 592 664 681 776 825 1294 1334 1430 
264 316 337 525 611 619 739 892 1117 1325 
57 142 148 369 486 494 558 728 895 1011 1103 1111 1166 1207 1272 
12 69 512 626 702 891 1007 1201 1231 1301 1342 
108 421 514 812 1055 1133 1147 1344 
246 660 683 703 789 791 824 869 896 910 1084 1131 1132 
30 111 399 628 673 826 1062 1081 1183 1202 
44 401 418 482 551 554 677 863 928 934 1321 1343 1380 
192 214 215 347 367 640 773 1068 
14 26 165 225 320 666 688 834 857 891 894 1066 1191 1224 1403 
16 204 250 343 432 601 961 982 1099 1129 1286 
15 77 214 347 380 466 505 605 683 763 1081 1083 1140 1166 1181 1364 1387 
173 422 457 574 937 1002 1121 1170 1187 1238 1276 
60 267 273 506 532 577 581 990 1179 1319 
1 105 434 590 603 747 940 1008 1099 1114 1215 1321 1364 1430 
168 198 205 225 528 571 627 650 665 826 922 1111 1235 1264 
299 396 618 620 781 949 974 1073 1076 1087 1089 1252 1324 
49 87 280 385 393 396 425 553 641 885 1020 1116 1312 
188 289 333 495 526 572 852 916 1107 1169 1248 1423 
177 214 581 702 753 770 859 893 971 1082 1261 
171 839 947 1029 1161 1165 1195 1311 
80 362 381 497 621 695 768 844 906 992 1067 1229 
16 155 237 454 478 546 572 578 606 638 743 871 1089 1199 1271 1338 
75 164 207 350 680 906 965 1018 1132 1157 1203 1343 1397 
271 786 1376 1401 
15 132 305 401 419 437 439 589 740 834 861 898 925 937 950 961 1103 1303 1322 1434 
223 267 367 535 555 940 1162 1178 1367 1414 
42 113 269 827 863 887 921 1223 1251 1322 1345 
121 202 296 433 667 857 933 1081 1129 
213 286 296 300 339 424 501 628 646 956 974 1015 1144 1196 1409 1430 
17 56 104 141 193 215 245 263 391 444 584 615 636 638 786 821 905 915 996 1061 1117 1161 1185 1429 
125 133 300 311 380 522 529 559 573 648 797 1102 1250 1285 1305 1433 
28 358 431 468 498 545 901 985 1004 1012 1208 1334 1363 
127 129 157 452 516 559 646 713 737 824 1002 1014 1110 1292 1348 
308 632 650 712 1117 1194 1323 
132 141 231 346 510 614 634 923 950 952 988 1006 1095 1279 1304 
10 41 297 309 599 779 961 987 993 1001 1002 1019 1157 1271 1280 1348 1435 
54 67 218 258 305 315 458 467 645 686 780 1102 
436 632 819 1249 
51 355 364 415 472 486 704 931 978 1297 
234 299 304 307 417 551 595 1349 
227 326 411 439 505 506 555 611 669 793 847 1051 1129 
362 445 470 569 618 732 858 1020 1158 1194 
159 174 392 696 824 835 938 943 985 1037 1154 1217 1327 1359 
110 445 497 573 854 946 1056 1129 1353 1418 
142 283 521 1179 1364 1375 
76 184 327 355 416 570 695 703 1014 1027 1047 1432 
21 167 435 539 581 1226 1370 1434 
214 508 707 721 749 759 776 827 873 1089 1178 1187 1262 
98 232 827 903 940 1060 1331 1334 1395 
3 76 227 622 636 732 781 841 1092 1167 1381 1413 
55 103 115 520 657 820 862 990 991 1128 1256 
169 332 560 600 631 793 832 949 982 1030 1147 1325 1358 1435 
193 195 263 275 342 664 735 835 1038 1055 1149 1153 
188 290 292 324 357 467 973 1009 1201 1313 1326 
38 500 594 829 935 974 981 1236 
73 89 102 150 307 434 516 589 719 844 1140 1155 1267 1272 1326 
38 80 366 383 535 949 1060 1256 1366 1385 1418 
859 898 980 1007 1018 1112 1283 
101 448 544 575 601 653 793 854 1008 1025 1240 1267 1400 
190 198 355 396 534 560 963 1302 1385 
236 446 575 744 766 813 815 1014 1050 1168 1282 1361 
242 323 383 419 580 830 979 1178 1303 1365 1398 
74 93 375 392 548 609 868 919 939 943 966 1050 1187 1298 1412 
27 126 369 509 871 1292 1433 
16 300 455 749 834 1051 1111 1326 1376 
72 83 190 272 370 557 633 707 817 886 904 925 1042 1082 1111 1360 
14 175 552 562 630 641 802 850 860 871 896 1012 1042 1106 1132 1184 1251 1285 
442 574 739 819 842 919 1054 1263 1268 1286 
83 99 100 213 295 325 453 524 565 588 646 693 815 1136 1153 1393 
56 99 248 250 450 1028 1303 1310 
112 316 626 641 670 702 799 914 1007 1178 1254 1376 1391 
47 420 501 611 756 765 911 1094 1236 1382 
162 402 514 552 593 597 721 789 963 1094 1336 
151 400 502 625 747 1165 1303 1378 1393 
21 53 429 469 470 474 594 891 994 997 1257 1300 1336 
226 341 383 417 425 710 868 1224 1359 
62 122 589 609 890 1008 1136 1200 1219 1222 1341 1363 
212 459 521 929 961 978 1160 1181 1305 1350 
124 168 186 263 581 589 839 913 1011 1021 1087 1403 
755 980 1097 1136 
7 194 302 436 567 1142 1392 
80 89 381 438 539 576 626 630 683 822 913 1070 1131 1139 1159 1322 1328 1351 
104 282 347 394 976 1046 1076 1213 1310 1410 
38 159 286 385 406 417 432 439 651 661 1155 1183 1246 1284 1435 
2 115 173 329 484 665 674 1008 1136 1145 1204 1228 1298 1386 1388 1405 
485 596 731 818 877 1026 1039 1125 1232 1315 1411 
64 83 487 588 592 628 667 
65 114 289 366 431 842 1029 1072 1120 1164 
84 352 402 506 590 879 931 952 954 1040 1307 
179 211 265 395 409 419 423 496 550 1084 1097 1249 
232 263 441 574 593 696 800 899 1237 
134 643 652 713 890 921 1152 1381 1436 
277 329 332 435 443 494 527 551 651 1129 1380 
61 199 300 363 367 556 618 709 893 899 1282 1363 
10 171 205 368 490 724 755 979 
23 44 428 432 469 489 798 968 1138 1153 1231 1339 
325 387 422 695 933 959 1159 
267 471 500 610 870 976 1002 1062 1262 1418 
207 523 660 752 1095 1110 1183 1276 1356 1426 1435 
152 177 338 428 687 1179 1231 1420 
195 274 282 564 658 704 715 1041 1213 1288 1300 1312 1323 
138 185 359 373 643 757 790 830 838 872 881 1077 1125 1167 1320 1368 
198 457 471 472 825 885 1078 1103 1366 1369 
14 358 472 681 883 1008 1056 1143 1172 1296 1383 
47 218 559 612 728 857 957 1020 1032 1096 1130 1227 1280 1326 
9 51 302 319 454 574 644 681 872 873 946 1402 
39 151 230 458 568 697 715 759 772 793 931 980 1063 1233 
90 186 215 232 235 441 494 587 646 673 680 873 1023 1211 1275 
263 401 408 540 1091 1216 1280 
33 105 378 382 443 533 557 600 883 1017 1172 1276 1391 
241 252 322 335 367 514 630 936 1063 1070 1072 1087 1206 1246 1295 1345 
19 276 397 704 723 752 907 1043 1115 1119 1225 1305 
3 57 458 554 743 983 1049 1196 1263 
3 172 255 259 279 565 667 897 977 1315 1384 
245 644 719 832 1003 1040 1138 1171 1287 
101 138 315 490 680 725 840 909 1071 1151 1220 
193 364 476 497 813 1005 1006 1253 1382 1385 1397 1417 1419 
17 177 264 329 484 519 566 733 836 903 1121 1191 1289 1405 
207 236 398 679 1023 1349 1424 
87 95 143 335 366 416 678 712 781 842 843 940 955 1089 1414 1421 
35 78 143 237 343 582 667 675 744 
269 314 486 559 663 665 721 826 1167 1206 1210 1224 1391 
65 139 502 752 919 930 932 954 1030 
461 505 564 570 641 907 983 1064 1113 1345 1408 
131 143 161 377 410 435 444 724 888 904 1177 1323 1344 
9 322 805 839 1063 1071 1258 
6 13 103 160 293 596 706 915 965 1078 1105 1305 
36 267 427 659 746 907 1271 
96 121 207 408 463 568 747 749 1040 1319 
23 200 237 360 441 1136 1169 1171 1218 1304 1331 
40 56 152 304 406 487 830 1002 1299 1336 1411 
31 361 503 754 856 881 890 965 1047 1168 1364 
442 721 724 813 843 903 984 1354 
223 230 628 812 933 981 990 1024 1359 
78 84 233 306 704 745 852 1065 1167 1258 1402 
14 369 382 580 605 656 725 800 819 846 847 1063 1189 1221 1227 
146 291 602 650 769 904 961 1026 1190 1198 1220 1401 
26 371 545 666 1015 1048 1151 1333 1356 
59 125 155 744 959 1051 1093 1365 
37 84 129 224 550 753 1239 1243 1257 1367 1412 
123 195 423 756 769 790 851 864 1102 1129 1299 1313 
59 86 184 277 367 402 403 917 1161 1213 1435 
434 562 578 630 704 772 797 844 872 956 1040 1127 
247 275 295 363 564 605 803 925 1208 1242 1274 1360 
84 151 402 557 598 660 671 694 702 788 1300 1318 1353 
126 176 238 415 926 1004 1094 1370 
15 82 268 540 686 799 821 845 866 988 1024 1098 1103 1406 
70 227 353 607 625 782 1014 1052 1062 1107 1295 
30 229 230 295 348 441 727 814 869 914 968 1048 1133 1139 1371 1391 1393 1411 
121 166 533 653 
55 486 635 729 804 984 1049 1302 
383 401 1028 1049 1186 1192 1294 
244 593 679 933 1055 1059 1133 1172 1250 1312 
190 207 592 651 721 989 1097 
75 751 816 970 1216 
73 227 371 408 411 660 666 784 1040 1046 1065 1169 
84 179 311 779 1004 1093 1342 
28 56 92 108 243 287 476 524 770 833 865 868 900 1091 1191 1197 1209 1246 1292 1369 
450 820 870 1032 1112 1281 1380 
116 242 307 401 455 491 501 615 674 957 1100 1144 1179 1204 1229 
136 307 381 443 793 989 1342 
57 328 461 607 632 681 692 713 762 810 1131 1369 1414 
134 216 282 381 420 731 984 1066 1233 
78 366 490 509 518 671 729 791 1124 1362 1399 
1 246 460 654 684 692 827 854 988 1154 1169 1282 
139 251 439 675 695 835 973 997 1160 1265 1287 1334 1340 
153 164 165 192 226 252 356 408 536 764 930 955 981 1057 1096 1267 1405 
36 435 708 830 929 1178 1185 1311 1425 1436 
120 121 221 282 317 460 561 664 996 1004 1006 1121 1214 1235 1345 1388 1430 
155 204 243 710 723 752 992 1076 
110 139 160 303 531 1123 1188 1203 
54 258 322 362 528 645 722 971 1154 1269 1353 1362 1370 
251 300 385 601 609 932 1096 1146 1276 1284 1384 1409 
247 425 435 677 1004 1299 
114 402 527 816 960 1150 1167 1333 1375 
91 116 191 197 556 558 612 827 829 896 1030 1143 1154 1200 1310 1316 1422 1429 
282 394 475 861 953 1313 
99 355 376 395 430 486 592 1422 
106 150 435 814 1105 1318 1338 1386 1415 
103 135 288 475 504 560 627 894 904 920 928 963 1017 1084 1254 1292 1323 1334 
410 584 875 887 1096 1149 
149 214 326 794 906 1040 1063 1222 
115 227 252 853 1026 1375 
176 553 581 672 797 1199 1222 
14 37 244 379 426 442 517 620 680 698 790 897 1356 1369 1417 
117 140 514 694 882 1264 
2 63 167 397 433 687 854 1077 1175 1287 1423 1433 
555 573 633 688 756 771 839 917 918 949 1113 1185 1226 1256 
140 471 488 547 866 888 1339 1376 
71 202 246 399 428 607 624 688 859 975 1039 1420 
149 193 278 285 311 360 453 470 842 1133 1202 1320 1359 1434 
227 714 800 831 897 1002 1008 1080 1131 1334 1359 
11 115 131 294 658 671 682 729 853 976 1112 1200 1216 1380 1401 
13 37 68 322 408 430 578 699 1193 1275 1311 1393 1426 
8 356 361 527 691 835 1151 
26 225 291 436 639 654 864 1019 1061 1107 1280 
48 164 365 631 700 747 767 917 1162 1217 1251 
3 457 533 549 661 856 912 952 1060 1084 1108 1174 1257 1344 
23 187 874 910 1054 1076 1084 1152 1172 
15 121 432 455 607 666 855 890 984 1060 1160 
107 341 385 472 558 1103 1162 1165 1245 1286 1375 1399 
212 483 898 930 1094 1361 
66 364 721 836 909 929 953 967 1124 1227 1321 
18 39 187 205 300 321 389 552 570 950 1035 1130 1197 1249 1282 1377 1394 
23 36 428 726 789 843 888 908 931 1148 1205 1226 1241 1425 
161 346 439 631 840 1150 1200 1210 
111 307 315 513 620 1027 1088 
12 38 139 246 332 393 457 486 756 781 807 826 848 975 1003 1305 1413 
132 198 267 469 489 497 580 976 1081 1142 1179 1288 
112 196 317 417 696 700 1125 1223 1231 1358 1362 1431 
19 374 455 501 578 717 882 1205 1253 
39 181 292 294 398 428 451 747 1013 1075 1118 1160 1210 1342 1383 
543 666 702 785 1005 1228 1301 
85 144 146 527 567 872 1272 1279 1331 
170 353 378 425 442 449 463 528 810 879 1141 1155 1235 1401 1436 
38 415 858 951 1236 1294 1298 
69 158 288 318 431 559 607 902 905 995 1095 1113 1125 1278 
117 200 1218 1313 
161 171 178 359 820 997 1030 1206 1299 
115 249 401 595 716 1095 1127 1208 1217 1267 1370 1424 1434 
87 596 801 929 1011 1181 1227 1348 
146 198 575 609 679 767 861 1078 1267 1346 
113 115 265 301 339 500 707 812 853 1246 1276 1337 1404 
82 117 296 415 435 511 812 815 914 1309 
20 154 165 529 715 800 803 827 955 1054 1088 1144 1229 1351 
49 186 205 471 772 873 958 
29 339 422 434 583 589 815 
129 231 295 353 363 543 548 904 967 1129 1236 1278 1351 
61 549 704 808 904 980 1102 1103 1158 
3 295 338 344 443 523 542 564 632 764 929 1147 1279 
14 132 186 330 661 700 744 809 1140 1176 1259 1394 
2 141 156 377 424 564 723 830 954 990 1121 1277 1327 1389 1399 
62 215 442 985 1012 1091 1154 1346 
47 264 600 611 618 666 720 1233 1284 1340 
77 180 191 741 1022 1131 1371 1432 
104 260 915 1006 1025 1252 1280 1304 1367 1377 
101 114 132 145 230 280 397 451 552 849 989 1281 1431 
30 34 202 479 551 590 702 743 804 1039 1108 1135 1211 
28 77 359 365 392 655 825 1277 
14 189 204 298 490 630 706 806 1081 1092 1242 1419 
11 97 205 236 252 334 374 407 513 541 650 695 751 784 833 878 1267 
32 261 279 780 815 905 1128 1131 1219 1225 1313 1329 1411 
219 449 456 496 522 626 936 943 1044 1065 1288 
34 373 439 492 703 784 1333 1359 
30 77 710 797 823 842 1135 1151 1158 1323 1382 1397 1425 
187 214 247 317 461 556 685 992 1053 1095 1099 1117 1252 1416 
27 160 390 799 887 1058 1068 1069 1095 1233 1359 
11 142 186 222 251 485 767 864 960 961 1044 1191 1325 1375 
46 80 104 116 241 260 279 392 407 788 846 865 923 967 1004 1211 1267 
155 233 442 479 550 790 845 991 1089 1193 1336 
153 156 196 721 774 
440 483 493 1346 
189 318 371 462 563 693 782 783 1048 1135 1236 
44 53 195 281 295 394 444 480 620 676 692 990 1261 1265 
190 218 276 326 502 708 738 904 912 1023 1029 1113 1191 1302 1324 
136 148 269 400 620 628 783 786 801 962 1159 1213 
192 332 547 549 558 714 734 953 981 1063 
91 508 625 893 899 954 971 986 1235 1250 1351 1426 
77 645 819 898 1113 1201 1252 1256 1369 
132 221 255 394 597 627 695 818 876 1096 1136 1353 1384 
173 244 266 513 610 718 778 841 1212 1277 
58 224 229 337 401 453 545 589 706 826 1069 1375 
8 493 641 839 899 1043 1150 1232 1286 1397 
7 37 117 206 296 342 348 804 1119 1407 
71 82 171 205 564 592 602 955 1017 1279 1290 1304 1340 1411 
75 269 272 559 662 798 981 1286 
152 256 325 453 480 565 574 681 767 821 888 932 954 1284 1425 
126 190 438 494 521 586 607 608 724 735 784 1303 1349 
235 259 260 441 477 833 915 1035 1037 1114 1131 1338 
10 215 518 550 614 735 1233 1271 1300 1319 
113 189 372 432 447 519 621 661 690 727 791 1064 1358 1416 
151 165 200 276 286 540 751 953 1046 1180 1224 
199 334 340 611 674 926 933 1089 1239 1384 
375 385 411 504 717 800 828 942 1156 1232 
216 221 291 568 584 624 980 1120 1157 1213 1264 1276 1297 1328 1383 
24 147 333 451 527 602 612 725 754 968 1005 1243 
57 85 93 137 187 216 222 677 762 1008 1021 1340 1369 1394 
202 214 243 282 339 450 1255 
23 73 81 183 362 447 499 661 1006 1194 1249 
96 145 151 457 489 579 638 685 747 822 899 958 1141 1268 1368 
38 151 187 196 218 352 396 675 765 1106 1183 1351 
213 236 332 339 348 440 468 609 820 857 865 941 1249 1287 1388 
8 175 627 647 679 750 804 1150 1213 1264 1368 
89 286 465 466 505 679 692 764 983 1092 1151 1197 1240 1313 1355 1420 
29 88 127 191 332 446 580 615 702 1044 1058 1132 1334 1346 
36 194 315 386 451 526 706 809 912 1169 1277 1323 
48 208 300 350 444 695 808 1028 1110 1148 1362 
148 600 695 870 1099 1336 
47 65 193 234 272 767 867 910 1072 1086 1092 1096 1109 1205 1256 1329 
68 114 149 227 308 381 406 538 796 925 1069 1123 1309 1354 
34 61 105 171 288 626 855 1071 1151 1250 1260 1408 
9 72 184 191 223 228 533 700 1000 1187 1252 
15 58 128 260 290 577 694 955 993 1165 1354 
261 415 742 752 782 1003 1019 1053 1303 1309 1353 
413 433 526 603 618 724 746 974 1004 1355 
60 303 396 450 759 850 902 939 1153 1279 
84 491 501 691 757 945 1093 1191 
77 86 166 253 302 568 587 664 841 918 951 976 
4 34 91 191 217 325 353 450 488 601 775 
98 146 385 398 455 578 617 749 985 1017 1144 
152 220 550 626 941 1028 1062 1161 1224 
78 124 388 447 512 584 736 781 925 1126 
196 348 610 872 989 1078 1130 1136 1412 
24 38 115 207 248 514 557 566 586 972 1025 1357 
192 233 338 376 700 755 807 1095 1123 1246 1310 1372 1399 
50 69 231 449 717 808 841 951 1066 1082 1165 1328 1410 
318 370 464 706 748 912 992 1035 1136 1425 
35 60 235 504 848 957 1052 1111 
32 38 67 206 238 247 335 434 519 622 635 717 1017 1033 1087 1104 1119 1382 1402 
172 215 419 506 514 564 708 882 1008 1082 1115 1386 1434 
85 119 149 249 657 718 847 998 1039 1135 1152 
47 166 180 232 430 581 623 626 889 950 1012 1129 1205 1209 
109 144 216 542 661 665 702 773 862 1143 1153 1237 
100 134 218 340 377 447 607 665 667 785 935 1101 1140 1275 1293 
50 127 174 217 386 433 758 1016 1085 1151 1229 
18 53 740 949 974 1081 1134 1176 1272 
362 490 495 819 1149 
533 645 945 1132 1197 1433 
32 121 274 451 800 1050 1192 
2 28 177 265 438 458 522 648 774 947 1050 1053 1396 
323 469 948 972 
193 259 556 661 691 912 1057 1234 1324 1393 
192 238 302 394 745 770 869 1327 
238 663 669 1011 1130 
29 59 109 306 334 530 1144 1160 
107 151 293 317 345 419 576 662 902 1021 1056 1256 
205 435 503 537 625 965 989 1197 
55 207 298 469 522 586 740 806 
12 82 117 136 284 321 464 684 748 764 826 1319 1361 
14 314 442 871 915 986 1016 1114 1146 1161 1282 
59 475 533 636 651 691 759 994 1142 1268 1276 1343 1409 1414 
87 161 346 362 457 562 568 634 1119 1372 1406 
191 259 308 411 437 459 560 911 938 1049 1344 1426 
128 227 296 380 386 539 578 653 817 897 1031 1053 1154 
117 118 123 125 143 333 393 491 568 739 926 1008 1127 1171 
43 95 149 236 300 362 477 494 518 535 561 1144 1156 1173 1227 1245 1265 
112 564 626 735 898 1021 1035 1073 1172 1225 1258 1355 1381 
133 434 435 451 552 673 744 751 893 1343 
78 159 205 218 245 278 398 529 584 617 761 818 896 1114 1172 1332 1357 1425 
37 406 539 650 653 817 822 839 1148 1179 1287 1394 
5 43 54 72 239 251 432 549 717 1063 1234 1301 1366 1403 
48 180 513 591 1015 1145 1389 
149 199 455 509 518 776 855 885 1027 1385 
184 435 608 677 692 990 1024 1100 
17 384 625 684 696 739 787 788 814 927 974 1329 1345 1368 1408 
72 127 134 253 506 589 776 801 933 943 975 1088 1311 
130 136 355 511 580 582 741 985 1055 1098 1206 1231 1397 1423 
63 159 222 286 671 683 687 1196 1250 1347 
548 764 1027 1054 1074 1191 1358 
99 109 221 312 421 484 492 558 675 762 911 1008 1075 1412 1430 
302 427 564 758 848 912 925 961 1084 1303 
54 84 199 269 421 442 463 487 631 892 909 961 1119 1120 1365 1368 
78 134 309 431 513 757 814 845 866 881 910 1181 1207 1326 
62 78 100 202 226 239 332 638 641 1365 
106 190 232 256 449 630 708 783 1146 1161 1290 
86 95 262 270 314 329 589 686 795 828 889 974 1188 1306 1394 1425 
57 67 222 292 389 529 577 918 1235 1370 
5 106 556 701 747 756 1075 1164 1204 1207 
137 237 321 345 513 747 857 916 1162 1380 
21 198 622 627 682 1147 1209 
81 179 458 478 497 528 739 1125 
86 216 398 483 511 554 586 651 1006 1051 1266 
159 203 256 383 463 524 545 574 1050 1359 1374 
36 392 412 507 594 808 1071 1206 1345 1362 
177 200 960 1069 1393 
240 318 365 421 533 584 625 703 849 861 910 1079 1230 1327 
38 61 223 316 487 546 705 832 894 978 1202 1286 1314 
178 232 386 508 523 904 941 1096 1264 1328 
139 349 555 566 739 1190 1233 1250 1337 
407 637 727 762 780 789 1155 1187 1197 1296 1421 1431 
67 201 281 371 534 682 726 761 972 1046 1110 1136 1264 1324 1426 
123 293 336 408 598 648 666 764 1098 1152 1231 1386 1409 
12 137 239 331 355 682 732 826 974 1043 1142 1219 1369 
398 486 521 538 587 656 693 712 832 905 1026 1063 1265 
101 157 329 505 566 967 1046 1220 1333 1352 
11 200 296 429 499 614 873 983 1102 1228 
143 146 241 243 396 414 483 550 670 802 983 1030 1090 1097 1178 1256 1287 
142 143 204 214 259 341 361 571 584 1074 1138 1174 1192 1211 1429 
34 119 471 479 602 892 1101 1134 1388 
32 44 180 280 283 376 510 543 622 855 1219 1264 1320 
197 315 473 486 496 573 585 608 679 1095 1255 1303 1377 
83 86 160 206 463 465 503 554 841 860 927 1160 1406 
280 329 485 833 975 1005 1056 1372 1428 
9 127 238 267 459 602 622 802 905 1124 1303 1378 
484 504 1028 1088 1116 1227 1306 1349 
137 165 320 410 442 473 856 877 985 1017 1109 1269 1359 
44 143 270 298 380 603 665 992 1041 1085 1251 
153 161 166 200 303 401 488 579 879 1090 1112 1141 1373 1411 1434 
29 177 266 880 1105 1326 1369 
5 152 169 226 386 575 611 616 747 875 1135 1186 1296 
207 229 584 594 763 871 978 1049 1261 1331 
16 47 77 89 127 363 775 857 865 1245 
7 345 371 374 412 594 648 757 
174 214 348 363 377 736 762 816 831 963 1069 1118 1429 
115 176 419 648 682 791 817 826 1016 1027 1126 1314 1383 
28 36 126 679 726 784 824 852 1112 1158 1228 1328 1380 1393 
79 101 158 291 297 491 530 588 702 1015 1150 1289 1306 
131 148 350 363 499 664 719 867 1017 1151 1384 
76 155 178 249 303 459 785 839 1002 1003 1233 1274 
220 311 361 453 656 698 999 1004 1185 1270 1363 
118 149 387 437 734 807 924 1045 1300 
66 87 100 118 120 311 312 468 499 569 584 595 637 696 807 910 911 1119 1278 
204 211 274 815 1062 1178 1355 1412 
38 307 420 449 619 632 739 953 1220 1235 
51 233 314 1055 1256 
229 318 333 582 686 691 886 1027 1110 1198 1242 1314 
180 259 438 442 528 622 1027 1074 1122 
73 107 762 787 808 934 982 1075 1197 1201 
237 435 549 655 708 835 996 1099 1100 1192 1208 
241 252 283 399 471 525 527 1033 1105 1145 1155 1159 1161 1256 
171 231 435 457 466 714 1023 1120 1336 1385 
308 316 378 474 483 557 578 731 817 1250 1404 
222 506 863 880 930 975 995 1084 1097 1151 
11 186 207 374 613 725 1011 1109 1165 1194 1277 1329 1407 
242 575 588 614 854 875 904 915 932 1093 1195 1206 
22 77 221 287 352 354 407 749 767 905 942 972 1120 1144 1150 1305 1326 
177 207 234 310 642 657 752 768 857 1029 1055 1260 1315 1411 
99 224 459 673 1283 1367 
297 328 466 511 598 637 926 950 
2 106 120 191 203 349 378 407 621 654 1061 1259 
219 225 237 418 465 488 617 639 666 788 834 985 1034 1071 1107 
27 269 359 417 554 614 693 726 816 825 1032 1177 1191 1366 
177 195 329 330 469 543 569 611 967 1075 1116 1148 1310 1385 
78 125 184 278 542 672 683 843 935 936 1083 1120 1152 1222 1304 1368 1406 
58 186 247 452 504 692 710 722 759 1020 1072 1245 1372 
88 124 189 227 366 411 496 533 591 602 792 859 906 945 980 1029 1056 1304 
342 516 557 817 889 1064 1112 1154 1299 1306 
409 524 530 541 595 1208 1382 
594 706 724 1003 1013 1028 1347 1431 
11 90 226 447 450 468 507 713 720 796 862 886 1211 1213 1321 1367 1414 
15 25 91 172 213 407 572 610 693 791 813 903 1044 1073 1180 1274 1299 
27 64 122 370 434 610 809 999 1007 1072 1158 1257 1293 1413 
65 198 218 288 307 310 536 557 580 729 805 866 946 1073 1090 1154 1189 1344 
6 61 172 215 299 383 483 595 852 1023 1092 1263 
12 125 180 252 489 634 890 1184 1186 1285 1410 
193 195 315 481 776 972 1035 1219 1257 1343 
54 437 589 728 968 1143 1154 1297 
131 179 216 227 360 634 725 778 1002 1062 1076 1143 1209 1267 1318 1378 
22 29 110 178 376 530 870 1240 
30 48 110 199 460 959 991 1032 1039 1044 1119 1133 1362 
8 27 395 421 515 519 851 1055 1109 1210 1281 1434 
25 32 150 200 367 401 413 508 595 1050 1390 
7 53 225 298 414 457 466 571 592 595 657 690 751 958 997 1052 1111 1121 1143 1174 1280 1351 1368 1371 
86 225 231 256 295 347 435 512 522 556 674 767 853 958 988 1012 1061 1173 1314 1323 
22 40 85 386 500 591 705 716 728 733 808 854 959 
80 145 304 676 772 835 942 1039 1053 1060 1377 
21 31 39 77 530 594 676 728 795 838 921 1092 1266 1362 1401 
130 133 227 402 476 562 617 630 991 1009 1118 1219 1303 
38 162 179 195 265 271 359 445 506 573 618 636 644 663 751 836 869 894 909 1380 
29 175 182 533 613 1007 1011 1288 1352 1426 1433 
7 8 38 161 318 450 1058 1377 
56 147 171 247 503 561 638 780 883 973 1009 1093 1147 1223 1243 1275 1327 1339 1341 
85 139 591 626 792 871 1003 1041 1121 1184 1220 1239 1380 
10 771 988 1242 
3 92 197 348 511 592 605 620 707 1423 
87 133 318 428 464 588 697 901 956 1057 1092 1250 1321 1360 1419 
43 309 874 889 954 1099 1163 
18 332 346 390 417 669 739 824 859 868 945 957 1142 1290 1361 
60 284 310 441 446 461 519 582 617 1038 1072 
44 595 755 853 1091 1198 
299 337 395 411 485 576 601 664 984 
71 269 346 486 511 638 836 885 896 1046 1275 1329 
175 260 292 294 356 419 470 525 794 1226 
292 456 471 522 667 678 814 970 993 1406 
53 158 332 693 706 903 1140 1174 1282 1393 1412 
108 295 485 503 618 795 863 1089 1090 1135 1184 1189 1306 1322 
30 116 141 179 381 414 556 645 696 742 933 1354 1375 
44 119 264 373 539 605 766 902 908 954 965 966 1177 1402 
257 274 349 629 711 846 860 944 988 1092 1170 1252 
41 109 414 528 579 647 814 976 985 1050 1051 1375 
85 132 503 549 611 682 735 778 936 1127 1182 1204 1278 
41 148 237 315 324 453 501 527 893 1146 1164 1205 1220 
2 84 157 163 195 271 284 302 315 470 474 664 718 981 999 1369 
375 868 969 1061 1178 1375 1377 1436 
105 110 190 287 431 980 1145 
763 828 866 896 995 1203 1308 1361 
295 365 436 1075 1127 1129 1282 1424 
48 602 828 1152 1206 
115 141 347 430 473 535 558 612 1018 1332 
8 31 346 645 749 797 870 999 1005 1117 1294 1319 1384 
60 360 414 440 449 648 674 688 702 715 741 1129 1292 1370 1378 1393 
58 132 170 252 268 321 551 660 946 1012 1087 1178 
34 290 395 489 625 626 1129 1273 1311 
82 148 254 356 469 492 671 822 932 1072 1177 1331 
123 145 163 446 802 807 844 990 999 1087 1252 1264 1331 1343 1412 
64 361 447 475 495 542 960 1194 1250 1334 1388 1417 1422 
217 339 488 497 509 524 642 715 831 930 934 1021 1324 1417 
60 84 605 691 1200 1284 1381 
53 238 276 697 708 812 1115 
14 164 339 430 518 672 710 711 892 950 1127 1265 1283 1327 1343 1393 1405 1412 1433 
128 546 620 622 878 879 922 1001 1029 1061 1150 1247 1372 1413 
272 600 624 698 921 1029 1090 1106 1238 1381 
177 707 867 1002 1236 
64 122 158 258 291 429 431 468 521 805 853 879 893 1005 1248 1267 
164 421 627 758 784 908 1144 1416 
17 361 400 452 538 563 612 712 906 964 976 1000 1147 1196 
113 603 663 885 942 985 1079 1154 1334 
298 302 345 552 726 881 1015 1121 1186 1262 1282 1319 1336 
64 223 253 806 844 1010 1099 1112 1210 1292 1318 
255 437 712 1110 1162 1391 1396 
22 48 122 129 172 357 372 385 608 616 757 759 1005 1074 1372 
173 204 256 276 322 422 589 755 979 1003 1033 1050 1119 1233 1355 
71 170 298 529 565 657 707 860 962 997 1228 1357 1362 1386 1402 
438 666 670 685 695 741 816 900 933 
100 123 143 191 240 385 455 683 830 986 
14 59 208 540 694 715 802 1195 1228 1307 1324 1363 1427 
112 179 220 341 535 568 722 865 1145 1249 1314 1336 
43 192 210 247 410 580 1296 
206 231 323 355 531 567 806 1102 1172 1296 
24 28 99 213 285 340 364 509 806 821 849 924 953 1077 1213 1261 1274 1290 1300 
90 641 670 1084 1116 1256 1385 1387 
115 146 180 323 339 461 494 524 675 685 850 923 980 1138 1248 1262 1299 
16 45 206 265 272 333 405 540 647 670 848 984 991 1018 1043 1081 1284 
23 303 422 473 575 896 990 992 
58 182 449 516 908 937 966 1060 1272 1373 1381 
58 104 273 515 771 909 917 967 982 1036 1131 1188 
52 196 431 524 575 642 729 758 997 1140 1298 1304 1368 1380 
207 661 746 1069 1218 1227 1412 
61 307 662 686 781 862 1109 1131 1289 1408 
169 272 363 367 427 547 925 1056 1174 1192 1392 
178 335 348 428 439 751 1185 1219 1241 
138 333 565 570 587 768 799 875 1072 
132 406 435 454 483 554 578 625 865 869 1227 
140 367 391 570 983 1344 
30 392 564 649 739 757 758 910 972 1070 1434 
254 383 396 428 874 946 1111 1131 1181 1230 1347 1356 1368 1435 
18 283 310 848 1104 1192 1225 1331 1354 
17 334 431 479 548 575 638 670 868 1041 1044 1205 1273 1281 1420 1426 
142 345 500 766 784 905 944 1107 1325 
303 530 575 581 607 679 809 832 1025 1101 1194 1312 1352 1412 
264 308 437 501 509 537 545 548 936 947 992 1025 1051 1095 1212 1261 1285 1315 1325 
210 233 308 523 668 717 792 1019 1119 1154 1377 
2 16 142 240 305 364 398 431 505 511 546 550 609 799 843 848 993 1006 1015 1028 1274 
154 207 321 336 409 445 504 698 716 856 974 1011 1131 1147 1256 1413 
46 63 158 234 276 289 332 631 632 705 761 1296 1328 
65 132 453 594 658 776 779 805 806 864 940 1090 1212 1283 1404 
36 235 368 384 406 457 664 726 732 740 819 848 927 1304 1305 1429 1430 
80 193 296 340 351 389 472 639 649 713 936 972 1145 1187 1353 1418 
78 237 242 381 467 540 706 906 931 1365 1382 1407 1409 
194 272 321 484 569 573 805 847 968 1016 1058 1288 1290 
184 191 284 389 719 903 968 1106 1211 1314 
30 292 456 873 938 1089 1326 
8 23 89 148 244 404 459 590 596 700 788 935 1068 1104 1204 1222 1336 1345 1375 
134 182 188 467 551 561 584 662 706 760 788 1225 1269 1345 
31 77 160 301 422 868 1086 1102 1187 1359 1378 
185 546 556 686 738 948 969 1351 1375 1386 1419 1425 
44 122 190 252 298 532 626 840 1051 1100 1151 1193 1290 1322 
93 175 407 551 577 707 755 980 1088 
4 104 116 558 757 797 1366 1425 
296 848 945 973 1000 1078 1286 1389 
137 288 430 532 592 658 846 930 965 1059 1128 1153 1244 1245 
9 227 391 561 574 624 625 867 1002 1085 
68 76 223 549 617 718 752 947 955 986 1058 1128 1300 1346 1369 
139 216 320 351 397 683 747 776 814 818 1310 1388 
128 135 165 573 828 889 898 1126 1366 1394 
151 214 671 869 1048 1323 1431 
23 105 229 272 426 507 576 944 982 1070 1210 1243 1290 1305 1388 
136 221 382 560 589 593 805 1039 1259 1347 
169 470 487 771 953 1007 1130 1147 1270 1341 1351 1364 
255 258 331 499 671 823 868 891 911 961 999 1061 1091 1192 1273 
647 834 911 970 975 983 1123 1146 1260 1308 1324 1350 1418 
192 242 348 479 499 507 571 677 728 791 1002 1012 1057 1244 1274 1423 
30 80 195 247 429 550 966 1159 1356 
189 253 266 303 323 443 730 849 864 1120 
115 371 458 485 723 762 943 1184 1204 1291 1368 
105 300 491 530 645 661 769 776 920 1127 1326 1363 
61 87 469 525 861 954 1114 1208 1413 
30 702 779 894 1030 1036 1049 1125 1134 1209 1213 1318 
23 68 141 185 285 394 610 801 1110 1112 1386 
41 72 165 399 569 587 600 603 652 700 787 871 1036 1040 1042 1211 
49 81 236 272 401 664 763 862 883 1118 1365 
467 538 564 641 721 751 794 801 828 1075 1078 1085 1093 1286 1289 1348 1385 
116 150 266 362 405 554 564 582 626 844 877 1365 
54 302 479 495 563 708 712 750 999 1370 
95 306 875 938 1127 1290 
219 418 797 804 812 870 949 1025 1339 1348 
259 265 628 636 639 644 689 819 862 866 930 1186 1315 1353 1427 
288 428 502 1190 1227 1246 1348 
37 44 129 524 655 674 937 1071 1162 1243 
2 43 245 369 438 553 641 708 1272 1339 1415 1417 
74 154 303 556 570 615 790 873 1024 1076 1222 
69 397 537 774 839 947 
4 126 193 273 307 368 373 541 640 768 890 932 1017 1180 1304 1312 
209 452 663 735 872 996 997 1002 1167 1325 1358 
182 352 465 473 491 522 588 719 784 859 884 895 975 1054 1232 
185 259 302 463 644 901 969 1034 1066 1097 1252 1317 1348 1362 
148 331 374 732 889 914 1031 1120 
286 316 332 478 528 563 611 789 919 1011 1055 1093 1118 1148 
272 309 393 490 764 846 899 982 1147 1181 1233 1310 1343 
42 184 329 612 740 876 1222 1361 
43 58 211 373 734 765 822 842 956 975 1050 1188 1242 1263 1355 
373 675 697 754 804 843 850 874 957 972 1106 1213 1316 1329 
155 518 651 758 870 931 983 1037 1174 1226 1263 
142 183 278 475 478 519 612 628 655 855 872 1110 1204 1295 1306 
259 602 724 731 735 792 893 986 992 996 1056 1091 1299 1320 
615 643 774 929 969 1242 1344 1434 
59 163 314 351 370 467 833 895 1223 1331 
76 101 144 189 228 367 508 582 595 834 
51 66 147 265 458 601 788 804 955 991 1212 1286 1292 
103 244 436 503 641 656 815 969 1122 1188 1194 1336 1393 
67 87 225 360 374 375 637 725 759 771 884 941 1164 1200 1253 1309 
352 392 579 589 701 860 889 914 969 1381 
246 345 359 545 546 585 756 760 918 1059 1138 1330 
144 177 279 384 1016 1203 1411 
156 388 396 536 647 917 1031 1160 
298 358 494 579 633 760 852 865 973 1261 1390 
28 40 42 92 199 561 570 1203 
30 60 157 206 390 609 661 681 694 734 1143 1325 
139 183 208 239 287 369 620 691 
127 373 531 551 577 689 715 724 845 1346 
21 84 205 241 284 382 405 465 571 1028 1175 1269 1286 
241 674 689 894 1435 
24 323 663 669 712 758 896 898 1068 1383 1399 
170 213 502 550 895 1003 1209 1261 1263 1264 
8 187 221 355 757 937 1002 1024 1079 1152 1203 1374 
172 465 538 547 746 1170 1243 1401 
172 212 306 436 438 530 790 875 1203 1294 1311 
75 234 249 270 380 684 981 1027 1043 1322 1396 
19 219 308 554 585 607 621 630 727 936 962 1033 1041 1350 1356 1367 
241 572 604 659 719 768 899 1238 
131 341 426 491 514 831 990 1142 1309 
347 431 441 479 536 539 570 637 780 912 1085 1148 1190 1191 1218 1222 
180 476 516 520 1030 1226 1338 1395 1399 
52 83 192 393 565 643 658 840 1195 1197 
18 162 557 626 994 1012 1025 1124 1198 1332 
104 173 589 727 747 959 1080 1391 1428 
311 485 527 711 949 994 1057 1136 1201 1317 
77 288 571 607 622 851 929 1097 1104 1382 
43 73 250 428 730 915 1075 1150 1159 
29 87 112 165 180 235 300 490 695 992 1025 1273 
48 62 396 544 550 696 928 1137 1181 
4 157 164 202 376 568 677 717 807 814 856 908 981 1181 1406 
99 186 199 238 280 299 551 711 878 937 968 1079 1086 1119 1210 1322 
9 40 57 156 753 809 1106 
60 299 368 437 593 601 838 973 1045 1089 1159 1298 1322 1435 
579 974 1065 1183 1196 1307 
33 222 287 476 588 672 907 1055 1195 1209 1215 1318 
43 113 151 339 442 456 555 717 763 843 877 886 929 967 1183 1279 1412 
52 63 74 207 329 394 423 547 696 965 1019 1184 
9 261 268 581 743 1435 
21 105 144 474 514 528 636 735 752 765 1047 1160 1278 
6 263 372 562 613 818 967 1186 1289 
35 185 354 472 565 750 926 1256 1290 1309 1365 1430 
75 107 316 357 414 582 730 1035 1163 1166 1174 1176 
104 249 306 413 644 719 917 1030 1102 1124 1153 1229 1258 1294 1401 
131 158 185 297 764 770 848 871 1031 1087 1427 1430 1435 
156 253 266 358 670 681 778 906 923 974 1037 1234 
3 33 223 229 238 264 290 360 406 561 912 917 1260 1267 1303 
322 331 497 591 703 779 968 987 1126 1333 
103 124 218 467 717 871 919 997 1127 1173 1196 1235 1296 1305 
49 547 681 765 771 1000 1058 1116 1192 
88 321 329 333 403 478 546 548 667 797 808 937 989 1100 1129 1279 1377 
28 54 85 236 820 1090 1095 1158 1311 1341 
403 454 532 642 660 701 815 834 842 989 1069 1127 1151 1218 1268 1339 1376 
86 147 253 262 264 359 728 1292 1312 
239 243 292 313 573 1196 1227 1231 
71 127 296 342 375 417 668 714 752 1267 1388 
23 165 521 602 756 779 
189 375 431 689 777 1077 1181 1213 1390 1407 
315 469 636 801 932 939 995 1007 1080 1245 1267 1282 
58 182 205 316 675 696 934 963 1012 1031 1221 1253 
9 13 47 133 236 278 357 450 695 1220 1301 1317 1431 
312 412 457 636 741 743 983 1102 1140 1149 1181 1434 
105 144 194 243 311 457 586 769 1011 1156 1232 1322 
3 167 312 364 376 383 400 484 541 568 635 681 831 860 1313 
17 25 266 489 538 671 801 896 1086 1103 1276 1335 1360 
18 114 198 279 434 606 747 764 1022 1152 1182 1272 1302 1306 
4 77 122 264 664 695 762 780 895 944 1077 1082 1137 1215 
92 384 644 772 935 955 1062 1065 1238 1392 
3 329 580 719 784 874 1204 1260 1293 1374 1377 
59 77 98 355 414 442 550 925 1085 1331 1367 1389 
172 278 281 294 342 520 522 562 655 659 769 906 931 1215 
71 113 127 243 251 376 411 471 491 645 822 833 1144 1223 1351 1421 
68 123 131 270 408 666 722 793 806 829 928 958 1061 1148 1320 1395 
121 154 300 417 429 527 881 900 1206 1312 1430 
83 230 303 442 574 728 774 817 916 963 1209 1272 1314 1333 1431 
246 255 432 503 614 631 775 787 812 1052 1327 
27 418 525 650 872 1241 1259 1312 1332 1390 
38 571 1051 1179 1228 1260 1410 1415 
44 213 249 699 832 1012 1268 1278 1281 1403 
77 200 244 384 510 516 548 618 843 998 1307 
97 100 164 408 421 426 433 437 446 474 484 764 1080 1237 1243 1283 
161 324 425 444 703 799 965 1013 1150 1155 
223 345 349 546 699 835 1011 1116 1138 1175 1241 1316 
3 23 37 113 191 274 510 1110 1121 1269 1296 
25 115 154 259 760 895 951 984 1110 1219 1311 1353 
141 448 643 670 717 782 864 1137 1363 1366 
170 214 297 1050 1395 
30 56 238 273 577 1053 1071 1268 
183 424 508 597 649 763 838 841 1066 1261 1284 1393 
123 126 234 452 590 712 817 850 907 928 971 1015 1045 1305 1326 
181 192 223 275 458 488 530 586 626 756 946 1350 1352 
20 342 390 575 795 805 818 851 1028 1044 1145 
168 221 230 306 453 676 770 1160 1220 1319 1330 1370 1373 1376 1430 
36 107 181 291 379 630 739 1274 1347 1416 1435 
8 24 42 215 303 350 514 837 940 
95 315 424 479 558 610 616 747 818 848 885 936 964 969 1070 1093 1202 1283 1378 
307 353 399 458 548 634 699 757 991 995 
283 284 333 462 685 694 896 1204 1427 
96 114 169 202 507 541 790 979 1117 1237 1307 1340 1423 
135 228 253 317 349 443 850 976 1120 1207 1229 1238 1265 1309 
29 232 380 458 464 466 578 813 950 1069 1090 1165 1173 1249 
285 457 547 607 657 1057 1071 1272 1284 
180 277 447 466 627 672 993 1150 1152 1173 1309 
30 133 162 172 271 310 496 543 574 745 834 842 927 930 939 1044 1173 1434 
10 78 133 207 492 501 725 813 895 933 1049 1260 1363 1407 
239 326 921 1006 
214 249 280 360 400 541 615 618 726 779 781 800 808 997 1053 1207 1216 1219 1418 
197 213 266 358 627 839 890 1213 1239 1248 1343 1360 1389 
121 281 311 448 463 473 731 945 1103 1170 1244 1307 1373 
56 64 172 232 280 428 477 959 1118 
581 595 687 829 
82 157 228 365 561 615 773 875 1074 1139 1226 1235 1262 1288 1408 
178 462 508 543 1042 1087 1119 1189 1279 1365 
71 249 262 444 449 486 531 703 958 990 1069 1092 1121 1254 1305 1432 
4 18 108 211 238 258 279 667 753 873 1011 1021 1388 
109 122 408 476 528 571 658 669 732 782 834 890 1225 1332 
189 206 281 350 791 798 820 845 973 1327 1395 
32 143 359 415 447 455 776 787 961 1030 1200 1239 1380 
58 145 346 366 378 427 594 773 789 824 855 1197 1211 1273 1340 1346 1389 
38 137 267 289 506 595 664 668 755 795 1002 1355 1412 
28 100 339 718 796 1000 1087 1239 1310 1332 1409 
197 479 620 653 724 763 889 1024 1036 1057 1219 
57 64 163 259 319 398 538 550 617 977 1049 1095 1241 1256 1357 1432 
147 311 344 414 643 732 793 826 1047 1072 1249 1262 
104 197 261 300 304 356 523 527 590 626 994 1090 1331 1436 
16 21 334 365 569 627 760 822 825 926 1109 1131 1158 1170 1333 
365 436 515 674 725 746 841 899 936 1318 1337 
218 261 269 326 359 411 418 660 768 802 1009 1099 1272 1348 1419 
49 95 133 472 532 541 677 956 1078 1131 1201 1374 
214 824 914 1017 1069 1099 1106 1116 1134 1202 
143 378 424 1124 
275 296 444 592 623 717 739 1040 1058 1158 1214 1305 1336 1350 
35 161 309 873 991 1229 
68 245 435 521 524 559 711 775 1039 1176 1204 
6 98 277 303 323 519 670 707 1153 1417 
20 86 111 185 205 227 259 486 663 929 949 1067 1068 1094 1209 1244 
46 47 221 370 598 834 996 
32 157 207 230 243 340 351 622 644 775 1076 1194 1323 1375 
139 549 690 700 733 778 986 990 1071 1154 1393 
84 122 235 238 459 470 473 528 634 660 704 829 960 1069 1112 1308 
324 383 448 532 562 772 900 1221 1434 
486 510 619 710 814 1226 
95 101 584 621 629 633 827 853 910 940 943 1007 1207 1397 1407 1435 
156 197 594 689 795 824 983 985 1076 1096 1142 1405 
179 382 590 637 671 686 767 975 1096 1116 1209 1250 1274 1292 1317 1344 
192 333 368 915 944 956 986 1025 1153 1226 1371 1396 
257 363 388 473 648 1065 1195 1240 1259 1269 
125 481 497 1035 1120 1300 1336 1357 
51 94 103 201 242 277 344 783 849 853 1160 1180 1202 1260 1263 
78 132 162 629 642 735 864 982 1113 1148 1281 
129 219 284 339 448 536 579 727 753 905 1042 1176 1212 1245 1336 1346 1388 1423 
233 311 402 425 446 544 576 660 712 1089 1142 1214 1234 1237 
68 164 183 280 365 381 451 613 700 736 777 801 843 1224 
195 285 346 525 926 954 965 1003 1066 1100 1235 1330 
67 92 128 139 161 265 543 645 673 976 1090 1136 1394 1409 
73 361 533 735 1151 1243 1353 
40 217 303 377 482 529 1145 1186 1221 1305 1376 1435 
54 122 207 213 224 301 410 704 738 997 1058 1127 1196 1287 1361 
1 106 161 407 512 572 688 829 888 1039 1057 1253 1345 
11 187 661 750 939 1154 1233 
17 387 566 573 762 989 1015 1367 
82 269 372 463 472 584 586 641 1025 1106 1177 1192 1194 1223 
8 39 100 169 183 231 290 356 593 660 684 739 804 845 1003 1115 1298 
74 96 97 192 495 575 814 881 930 1046 1065 1120 
8 78 305 546 560 611 807 1088 1090 1143 1167 
41 339 488 490 548 613 615 624 664 912 948 975 1101 1125 1250 1335 
13 155 439 519 602 791 882 925 1011 1049 1236 1277 
9 186 198 405 412 417 641 834 865 927 955 1094 
187 469 801 848 904 973 1021 1151 
49 122 153 331 357 395 1162 1253 1314 
10 278 432 554 608 689 773 950 1043 1044 1086 1156 1230 1285 
40 73 250 278 364 898 1038 1184 1237 1276 1281 1348 
10 98 233 495 697 734 803 934 1208 1235 1286 1411 
276 356 502 559 591 608 725 739 751 844 1045 1056 1406 
141 465 1225 1326 1369 
110 162 167 217 429 632 634 690 809 847 970 1057 1066 1102 1159 1292 1308 1311 1368 1413 
61 82 235 782 928 1287 1377 
46 181 215 246 448 505 581 738 828 1182 
116 218 483 655 748 1011 1135 1139 1213 
18 302 451 462 725 793 824 836 1259 1279 
81 318 411 636 1011 1118 1212 
406 460 562 716 720 771 1372 
138 150 197 231 288 454 462 480 517 566 582 890 897 995 1044 1049 1148 1268 
518 563 684 757 892 992 1083 1155 1305 
121 350 586 670 683 728 904 923 1102 1103 1319 1366 
18 385 456 781 792 811 844 1112 1169 1279 1311 
114 189 291 306 452 465 907 988 1085 1117 1254 
55 229 236 283 294 354 389 485 527 592 595 780 1131 1135 1137 1145 1288 1332 
118 185 271 509 518 599 678 827 944 
80 458 464 504 524 529 637 1120 1178 1251 1292 
44 104 469 641 784 787 817 840 1002 1105 1118 1232 
12 55 74 401 934 1009 1089 1251 
12 57 84 142 167 216 234 253 279 350 382 490 513 549 603 704 731 819 853 1097 1136 1245 1316 
102 449 537 541 692 849 852 1026 1086 
74 179 843 854 896 962 1061 1150 1280 
150 156 178 196 241 256 257 269 300 308 658 697 744 1085 1122 1178 1381 1386 1405 1430 
252 413 863 898 1062 1283 1308 
63 218 349 430 534 611 769 830 908 1143 
501 602 635 693 750 751 803 806 922 945 1104 1407 
121 245 306 481 625 703 1015 1225 1268 1394 
7 224 310 481 620 761 888 1017 1035 1149 1318 1394 1406 
82 363 723 731 769 846 923 999 1006 1062 1145 
8 43 84 287 360 419 450 591 636 653 959 1065 1125 1246 1265 
108 217 284 325 402 436 458 570 573 604 691 1118 1415 
4 222 315 429 621 698 911 913 1098 1130 1132 1202 1273 
75 285 352 499 616 662 900 981 1108 1114 1246 1345 
482 585 699 795 977 989 1178 1230 1321 
5 88 101 219 408 549 661 839 842 904 911 983 1002 1076 1085 1124 1336 
194 207 272 365 385 400 432 458 662 717 721 744 818 836 932 948 1032 1112 1335 1429 
349 353 430 445 457 459 472 606 705 731 779 916 1040 1133 1253 1434 
200 259 708 794 1002 1306 1436 
21 68 111 173 189 220 281 286 319 396 430 521 531 864 891 942 984 1050 1060 1342 1424 
58 170 289 299 444 947 1074 1253 1269 
107 198 227 455 554 922 1174 1229 1289 1400 
79 113 114 156 454 469 604 734 742 760 807 821 1026 1029 1033 1102 1105 1298 
69 225 583 624 630 748 1213 1253 1317 
4 96 228 299 346 763 795 940 1005 1010 1033 1091 1211 1229 1337 
105 248 379 393 462 497 523 633 943 997 1040 1104 1256 
200 212 242 277 385 500 
233 262 280 302 429 566 652 718 752 918 955 1008 1012 1076 1278 
19 118 264 516 551 609 651 896 1047 1051 1074 1161 1356 
529 544 631 676 804 868 987 1098 1187 1427 
44 104 129 309 319 355 429 449 663 771 834 954 1172 
232 294 420 673 732 819 832 957 1039 
154 420 558 616 619 676 902 970 982 1070 1131 
291 316 324 356 435 456 459 644 738 869 931 1062 1105 1128 1356 1407 
24 64 69 190 209 432 570 1070 1423 
179 377 449 644 728 841 938 1045 1113 1116 1216 1275 1311 
285 333 345 429 791 901 1109 1230 1268 1279 
75 86 346 495 1001 1165 1218 1237 
90 206 514 630 669 681 708 1059 1185 1398 
5 7 68 132 139 142 287 362 497 523 640 1079 1228 
321 348 429 431 498 628 633 708 753 881 924 955 1024 1040 1049 1159 1249 1299 
358 394 400 763 790 836 899 915 1114 1315 1360 1361 
32 164 608 1182 1233 1247 1277 
70 497 549 879 1059 1177 1306 1410 
171 189 292 347 433 582 676 804 822 906 1303 
539 544 621 1391 
6 178 473 531 723 760 791 864 1172 1182 
18 162 360 385 464 618 1374 1407 
64 103 233 313 480 583 696 752 774 1006 1175 1204 
57 241 325 448 513 528 665 694 868 1027 1062 
183 282 528 568 638 900 1239 
13 58 165 307 331 445 782 971 1095 1408 
48 173 220 419 644 677 726 1049 1304 1356 
94 180 215 503 706 891 941 983 1023 1191 1334 1361 
10 283 307 358 462 823 973 1098 1218 1265 1303 1359 1386 1400 
20 288 457 463 528 683 850 904 1078 1272 1404 1423 
53 81 163 558 588 732 890 931 1098 1281 1315 
314 420 421 546 642 865 994 1238 1396 
63 266 360 645 690 708 801 824 947 976 1163 1333 1434 
136 143 207 215 282 293 361 423 515 531 622 699 862 909 962 1024 1044 1049 1077 1089 1197 1280 
155 384 466 609 767 991 1050 1093 1126 1336 
18 406 427 529 585 679 721 890 989 
16 182 278 453 738 1139 1238 1364 
323 327 805 830 1054 1254 
676 744 1045 1046 1139 1295 
7 193 211 216 247 257 336 380 533 603 616 657 1097 1120 1267 
239 676 799 1015 1105 1288 
54 163 215 216 246 476 551 659 749 843 1087 
55 175 298 421 679 929 1232 
184 450 735 737 1045 
312 357 528 577 746 906 1014 1121 1259 1311 1387 1408 1425 
222 262 278 413 484 678 779 1036 1372 1436 
20 31 426 447 543 727 764 804 826 866 898 915 1105 1108 1423 1427 
282 347 375 478 511 550 658 753 817 892 930 1009 1087 
77 335 1065 1136 1205 1258 1382 1425 
63 159 274 942 1185 
62 113 330 369 519 589 735 937 953 1096 1369 
210 219 518 559 573 588 728 909 1096 1202 1205 1234 1253 1356 1432 
69 119 342 431 769 796 929 988 1115 1221 1235 
38 605 794 1274 1283 1430 
110 168 372 590 623 746 877 1009 1049 
190 401 454 584 606 750 779 869 947 1000 1084 1155 1222 1264 1301 1370 1411 
353 595 611 643 658 701 1085 1171 1194 1199 1205 1254 1303 1317 
44 106 402 416 451 651 727 774 1033 1285 1371 1424 
