1493 8831
42 153 281 473 517 540 541 572 644 710 854 896 967 1034 1429 
184 317 523 572 1218 1254 
39 99 111 290 403 517 597 720 1410 
120 664 730 946 1031 1337 
106 206 440 473 475 772 856 915 919 937 953 1133 
15 100 330 380 430 447 554 570 874 1000 1295 1318 1353 1423 
332 906 1012 1317 
17 36 137 142 560 693 945 948 1176 1254 1452 
123 581 1040 1132 
86 261 304 380 441 447 541 705 788 957 1045 1069 1201 1452 
119 165 216 267 436 466 848 1196 1201 1372 1421 
114 827 1024 1111 1126 1287 
36 71 140 241 392 439 1036 1158 1234 1325 
297 587 618 679 935 1021 1414 1440 
6 43 352 526 663 682 856 872 1056 1214 1272 1311 1358 1475 
182 218 422 523 528 536 806 907 1131 1134 1341 1446 
8 314 497 555 622 655 911 1389 1412 
96 141 326 464 623 885 906 953 958 977 1025 1267 
129 278 420 770 872 932 950 1203 
266 313 354 684 727 755 789 794 796 808 918 1008 1094 1135 1358 1415 1475 
39 109 269 302 351 395 728 848 966 1025 1082 1300 1364 1368 
266 355 427 482 489 545 694 1175 1306 1472 
263 615 745 853 862 962 1177 1321 
37 58 250 270 329 561 591 944 995 1027 1030 1218 1258 1333 1342 1385 
155 207 376 445 584 585 635 855 861 1161 1163 1222 1238 1487 
53 207 390 649 864 1325 1485 
42 94 292 373 829 942 970 1005 1011 1237 1244 1267 1284 1299 1315 1413 1450 1462 
33 55 108 157 357 402 512 726 787 828 
65 99 193 214 328 365 388 570 600 628 749 868 1150 1213 1336 1347 1460 
46 71 190 252 256 420 562 645 707 768 970 1000 1044 1149 1216 1290 
292 391 418 463 498 718 746 750 851 888 1024 1107 1240 1245 1295 1312 1335 1345 
34 305 404 469 549 739 827 921 1105 1248 1249 1439 
28 45 75 95 158 274 282 536 1074 1166 1274 1311 1317 1491 
32 61 390 461 680 861 937 
51 435 451 590 602 652 735 915 939 1284 1296 1332 1411 
8 13 423 798 952 1054 1285 
24 54 118 123 150 335 486 569 1387 
296 400 555 623 752 796 986 1287 1490 
3 21 163 228 397 463 601 618 624 693 900 1166 1170 1324 1402 
143 357 397 482 604 620 638 768 781 810 873 1008 1066 1080 
232 305 438 639 723 942 1017 1116 1212 1260 1264 1278 
1 27 61 110 569 786 792 1071 1080 1100 1297 1349 
15 209 236 453 471 524 568 627 1047 1148 1364 
426 459 505 678 1081 1290 
33 114 275 360 474 572 798 819 829 866 894 908 997 1008 1149 1175 1281 1342 1359 1440 1457 
30 207 500 615 662 736 815 927 1017 1024 1134 1241 1251 1387 
66 86 167 168 259 288 338 470 474 578 690 838 857 882 951 1025 1427 
184 204 251 394 634 899 916 1335 
52 259 344 641 729 741 975 976 984 1029 1052 1072 1368 1445 1465 
56 62 556 728 737 955 1021 1043 1068 1132 1188 1278 1338 1357 
35 233 349 506 654 709 1080 1112 1133 1294 1460 1461 
49 61 125 188 315 419 420 468 666 740 744 909 1023 1032 1087 1349 1389 1436 
26 161 299 362 454 502 584 648 671 729 802 868 909 1000 1054 1100 1112 1347 1437 
37 245 308 1470 1484 
28 163 374 564 1027 1314 1398 1464 
50 412 668 784 891 996 1033 1173 1175 
267 503 565 605 607 895 898 956 1094 1209 1315 1344 
24 133 195 217 354 483 544 602 719 777 939 955 966 1024 1297 1307 1331 1357 1414 1447 
64 114 403 494 911 935 945 971 1044 1066 1092 1110 1435 
81 193 563 692 726 764 890 1070 1371 1376 
34 42 52 192 291 376 449 522 568 678 762 1127 
50 360 374 484 486 487 810 1296 1316 1338 1434 
68 435 463 908 919 1080 1202 1412 1415 
59 123 424 429 1036 1100 1128 1180 1219 
29 81 100 229 361 439 454 515 529 530 724 766 1075 1077 1230 
47 140 185 411 461 469 1079 1456 
110 448 562 669 678 775 797 1075 1083 1395 
63 216 311 492 629 651 852 1035 1375 
136 159 176 345 385 395 397 440 483 561 627 696 1427 1458 
123 152 187 217 231 264 422 443 1026 1047 1425 1432 
13 30 110 127 328 430 567 771 774 851 929 980 1169 1192 1213 1418 
81 216 402 421 465 763 790 856 868 920 998 1022 1254 
112 125 201 313 482 557 729 787 833 934 1081 1178 1368 1485 1488 
103 128 223 546 603 676 969 1067 1348 1382 1383 1453 
33 243 263 395 552 607 647 654 724 745 802 914 1133 1324 1330 1476 
90 123 284 431 697 720 1031 1066 1272 1287 1327 1436 
149 160 341 469 527 628 634 641 667 952 995 1001 1093 1110 1296 1311 1478 
236 350 450 665 704 710 1213 1237 1381 1456 
114 131 351 532 693 709 1219 1243 1330 
116 133 171 181 451 770 980 1036 1038 1041 1242 1478 
60 65 72 145 213 435 456 684 698 717 926 986 1013 1112 1129 1182 1328 
133 555 664 786 829 840 909 939 1053 1122 
295 386 391 478 523 1387 
363 373 461 600 634 769 821 979 992 1021 1235 1251 1283 1306 1312 1416 
266 300 387 416 444 456 464 696 716 806 824 827 852 1102 1149 1187 1407 
10 47 89 324 578 712 825 867 913 980 982 1175 1435 
173 397 427 551 747 764 877 922 993 1044 1104 1130 1373 1406 1421 
213 280 590 635 878 908 
86 368 414 591 685 787 987 994 1043 1085 1276 1277 1305 
76 108 153 384 412 470 638 753 865 1227 1415 
445 460 603 659 796 977 1100 1243 1284 1463 
166 167 222 242 252 498 537 605 1252 1366 1393 1423 
113 330 404 658 1161 1224 1230 1259 1266 
27 313 390 650 720 874 904 1088 1333 1373 1433 
33 242 329 405 989 1146 1276 1402 1475 1488 
18 392 417 530 585 628 669 831 897 960 1004 1049 1183 1439 
224 250 738 896 
194 516 671 757 868 1010 1228 1246 1279 1301 1486 1489 
3 29 150 355 504 714 924 976 1231 1285 1291 
6 65 189 209 361 563 627 721 903 991 995 998 1054 1358 1375 1411 
116 220 433 454 497 524 827 884 1170 1370 1404 
215 237 250 321 529 557 613 683 752 861 957 1046 1056 1176 1336 1347 
74 236 446 461 526 686 868 1238 1384 1460 1476 
110 125 156 361 510 789 950 1014 1144 1371 1373 
225 566 611 649 696 993 1012 1282 1320 1386 1420 1451 
5 159 182 248 430 486 491 507 533 624 886 975 1013 1260 1321 
256 348 390 544 633 639 655 886 911 982 999 1033 1054 
28 90 348 554 718 795 921 977 1160 1189 1208 
21 235 290 342 556 620 625 993 1006 1065 1098 1160 
42 67 71 104 181 391 917 1179 1182 1186 1198 1418 1481 
3 455 592 681 832 1209 1219 
73 543 617 696 704 997 1061 1095 1251 1287 1385 1388 1421 
93 180 244 270 287 393 454 475 477 498 791 918 1027 1138 1338 1372 1454 
12 45 59 79 243 736 834 946 1082 1182 1253 1462 
707 923 933 1179 1446 
80 101 203 454 459 628 689 692 743 795 848 857 998 1085 1158 1206 1412 1492 
313 484 551 627 629 727 776 840 915 943 1310 1340 
37 298 353 480 940 971 1055 1056 1128 1145 1368 1382 1401 
11 274 364 814 1052 
4 161 321 335 602 677 835 891 1133 1228 1337 1350 
198 364 687 705 999 1089 1221 1407 
181 364 417 439 615 644 845 980 1034 1230 1231 1253 1314 
9 37 64 70 76 167 186 260 267 535 560 569 715 1150 1261 1275 1335 1338 
270 405 599 756 798 821 946 971 1099 1135 1137 1235 1298 1324 1342 1377 
52 73 104 138 167 213 288 393 409 413 419 964 993 1131 
148 275 505 554 649 861 915 1157 1169 1321 1341 
71 294 377 426 434 523 560 691 817 1004 1010 1147 1317 1435 
74 192 281 441 806 821 833 1401 1493 
19 173 190 419 463 473 584 712 730 778 815 1049 1088 1305 
271 299 660 791 805 824 937 1240 1369 1371 1447 
79 366 399 530 556 781 960 998 1386 1437 1462 
239 292 551 904 908 1416 
58 80 82 135 179 304 559 824 867 949 971 993 1139 1219 1224 1387 1398 1452 1464 
185 200 241 249 379 523 552 1194 1200 1324 1375 1423 
133 196 548 577 615 632 743 765 785 834 1076 1094 1202 1328 
69 148 230 300 529 960 1195 1256 1268 1331 
8 203 355 418 513 882 915 1063 1096 1377 1461 
125 192 241 375 432 433 470 505 700 1430 
205 376 410 509 673 804 837 860 874 1097 
13 66 153 186 315 433 498 693 694 761 1009 1141 1164 1256 
18 167 175 419 609 827 1056 1089 1304 1307 
8 349 366 498 554 708 1000 1128 1297 
40 240 352 372 470 502 576 847 861 919 958 974 1000 1274 
194 225 296 353 712 755 756 831 870 968 1030 1039 1212 1353 1461 1477 
81 193 334 385 398 432 572 579 679 690 695 826 918 1004 1016 1296 1328 
176 178 747 812 969 1052 1161 1272 1349 1441 1452 1465 1487 
183 658 684 765 783 880 1036 1172 1174 1249 1345 
126 136 307 565 678 713 817 834 864 867 986 1331 1435 
77 254 270 333 546 616 689 690 723 839 917 940 1106 1153 1156 1178 1395 
37 99 199 733 1133 1265 1369 1421 1464 
455 484 495 512 729 737 745 1272 1405 
70 206 323 659 738 853 1063 1239 1241 1242 
1 90 140 399 562 595 626 707 895 957 1414 1443 
457 466 685 893 927 937 948 1019 1324 
25 166 247 250 334 650 864 872 894 1291 
104 235 260 314 387 493 682 695 977 983 1034 
28 192 228 291 555 603 673 886 934 1109 1176 1225 1264 1444 
33 235 313 435 468 562 628 675 754 855 940 1202 1211 1322 1341 1358 
69 106 345 360 503 624 683 697 1047 1065 1081 1113 1219 1221 1385 
77 433 566 574 814 1151 1216 1273 
53 120 455 847 990 996 
328 331 363 374 404 444 853 925 1021 1037 1226 1373 1437 
39 55 172 210 234 314 326 514 753 767 850 959 1070 1199 1208 1213 
272 502 723 871 876 1309 1358 1440 
11 214 268 667 773 912 1251 1384 1428 
92 155 544 629 750 942 1084 
47 92 123 125 141 227 524 614 748 948 1008 1027 1070 1334 1337 
47 196 367 369 444 492 499 554 593 637 691 695 811 1035 1127 1214 1266 1272 1274 1417 1482 
182 357 405 554 569 645 710 974 1418 1429 1493 
341 542 657 781 1046 1386 
80 366 667 707 719 773 944 1082 
163 219 251 368 544 711 985 1055 1398 
87 129 289 323 449 485 536 836 1078 1094 1130 
195 250 473 682 736 856 864 1078 1178 1216 1264 1284 1435 
141 337 385 485 832 1007 1101 1119 1140 1297 1301 1377 1403 1450 1472 
69 146 349 686 797 820 881 1232 1292 1423 1453 
314 411 429 493 773 853 957 1004 1007 
146 246 458 718 753 778 1145 1398 
133 219 223 246 280 450 475 478 738 1107 1120 1452 1455 
113 317 387 716 910 929 1147 
80 110 122 186 441 502 676 854 864 947 1029 1033 1098 1168 1310 
16 106 169 204 205 255 587 588 666 747 919 932 937 1024 1149 
147 529 614 750 774 867 885 907 1130 1148 1211 1381 1386 
2 48 221 310 467 512 606 808 854 1143 
66 134 314 324 589 1101 1113 1131 1186 1455 
123 140 181 315 528 558 564 628 680 693 696 799 867 1131 1239 
70 220 425 536 766 898 923 1035 1068 1104 1117 1119 1329 
52 246 454 483 521 644 653 1211 1344 1407 
100 309 433 458 790 826 830 892 1125 1296 1345 1421 
30 129 298 300 332 445 601 619 787 879 942 949 1198 
460 623 661 788 971 1111 1197 1233 1281 1348 1409 1446 1470 
61 128 138 157 400 789 807 957 1056 1178 
29 60 145 252 311 749 817 945 1094 1190 1314 1477 
98 144 263 479 571 881 956 1015 1033 1343 
58 174 233 300 340 346 645 735 794 1063 1078 1245 1282 1308 1335 1394 1453 
135 168 587 940 1004 
274 429 458 600 701 876 1064 1211 1236 1269 
121 410 473 641 768 848 1042 1198 1234 1260 1461 
150 403 508 837 841 960 1113 1149 1156 1305 1313 1375 1393 1445 
134 234 263 289 320 709 730 732 940 1154 1229 
73 599 799 923 1215 1275 1324 1420 1433 
316 594 837 1007 1127 1145 1355 
116 137 493 777 958 1009 1131 1351 1453 
48 182 417 786 1100 1147 1300 
139 182 220 337 340 373 510 549 872 1162 1169 1209 1218 1492 
5 152 291 299 328 382 403 586 667 725 794 824 1016 1172 1208 1221 1252 
25 26 46 215 220 325 406 517 669 906 997 1056 1181 
242 297 432 438 509 677 710 1040 1317 1482 
43 100 233 379 471 506 647 1068 1090 1124 1230 1313 
163 213 376 525 552 667 735 873 901 1089 1221 1408 1431 
291 450 713 739 751 821 857 998 1365 1476 
318 503 676 749 970 1041 1087 1104 1111 1132 1281 1459 1485 
81 88 125 210 255 291 780 884 1038 1043 1055 1148 1298 1328 1433 
29 165 312 370 403 434 508 758 1037 1204 1264 1417 1423 1440 
102 207 233 332 404 418 667 672 675 701 803 828 962 1452 
11 68 72 404 615 632 861 1054 1175 1233 1263 1328 1474 
58 70 324 674 1364 1398 
16 303 433 508 526 665 688 703 862 876 1089 1382 
172 179 238 248 391 425 456 1103 1219 1282 1389 
101 187 205 207 337 1007 1019 1153 1314 1338 1421 1459 1474 
184 468 1298 
92 280 347 661 987 1414 
74 179 549 660 675 735 930 1052 1212 1216 1292 1321 
97 504 796 826 1438 1479 
105 144 281 335 351 427 774 829 838 903 1133 1216 1257 1451 1460 
250 267 410 564 730 741 798 862 980 988 1051 1102 
167 238 288 340 351 539 552 586 680 748 784 826 845 1263 1303 1385 1456 
39 157 328 393 399 410 446 521 532 564 995 1124 1133 1137 
65 260 336 584 586 601 775 928 997 1328 1467 
136 275 343 594 841 867 920 965 976 1102 1408 
70 348 450 698 713 1097 1142 1175 1244 1281 1309 1332 
41 401 413 414 611 681 688 745 848 964 1028 1053 1479 
51 195 209 215 396 456 491 510 512 526 965 1095 1246 1273 1366 1377 
163 200 301 329 379 580 667 698 856 960 
109 156 158 236 343 400 496 539 589 728 995 1138 1205 1264 1266 1295 1326 1400 
43 78 103 235 346 347 459 650 741 928 
102 405 450 505 517 595 603 635 651 790 890 897 943 995 1458 
219 227 281 395 467 630 826 1014 1097 1098 1220 1330 1403 
132 301 307 328 529 673 720 862 920 921 970 975 976 1225 1317 1341 1374 
143 297 404 564 663 739 877 890 912 928 1112 1155 1170 1217 1231 1260 1400 
13 134 138 292 462 577 891 1009 1132 1150 1376 
92 95 208 257 339 430 507 889 946 1213 1385 1389 
75 114 298 376 588 653 703 706 1070 1394 
113 327 363 595 629 704 721 988 1033 1072 1447 
54 282 401 857 1173 1179 1198 1253 1289 1419 
178 179 188 402 553 795 887 1154 1337 1375 1483 
155 395 1247 1283 1354 1488 
106 219 565 656 750 785 789 805 1066 1392 1440 
134 508 698 870 1221 1287 1418 
24 97 102 155 174 226 304 333 402 475 582 653 737 743 895 926 1069 1238 1300 1302 1399 1433 1452 
48 172 304 316 466 546 622 665 753 887 1191 1257 1358 
30 92 193 314 328 603 727 929 1424 1448 
300 380 614 776 805 824 941 943 1114 1317 1350 1446 
149 666 677 1366 1392 1419 1437 
182 213 364 597 695 817 860 889 946 974 1017 1063 1185 1481 
30 107 267 324 497 524 628 661 1041 1271 1323 
242 534 634 638 647 691 770 858 922 952 980 1161 1206 1300 1368 
307 406 412 508 616 834 903 1212 1437 
47 49 347 493 512 699 725 814 893 1013 1041 1068 1201 1236 1298 1366 1368 
123 156 229 615 868 1038 1341 1354 1367 
10 371 403 538 646 685 705 1431 1456 1473 
435 436 470 913 966 1111 1333 1376 
23 75 194 200 291 306 381 405 597 982 989 1008 1070 1478 
70 408 736 791 874 891 1019 1128 1181 1238 
339 425 438 721 768 789 822 855 995 1218 1306 1315 1387 
20 22 85 317 434 585 598 691 745 806 900 936 969 983 1082 1172 1469 
11 57 123 226 256 399 452 509 1148 1316 1337 1372 
165 353 463 572 597 746 772 778 793 818 849 980 1087 1143 1374 1381 1435 
21 294 403 487 499 526 608 1183 1385 
24 113 124 149 316 376 455 667 695 752 819 1015 1065 1146 1165 1305 1338 1424 
130 319 479 547 817 845 972 1082 1160 1229 1256 1300 1314 1426 
164 287 368 563 671 709 1046 1093 1253 1338 
355 404 558 576 728 836 863 1048 1240 1263 1484 
33 119 197 577 698 776 779 1036 1076 1321 1360 1416 1430 1445 1454 
45 126 230 305 678 832 999 1106 1172 1173 1223 1231 1308 1373 1470 
360 710 739 960 977 987 1028 1224 1304 1405 
326 337 446 510 523 556 820 1011 1231 1237 1264 1290 1354 1364 
19 328 470 510 540 729 735 1298 
505 630 734 960 1104 1161 1210 1336 1421 1465 
88 179 222 324 504 548 627 731 780 792 832 845 932 938 1173 
1 128 225 238 301 324 449 468 584 1002 1093 1111 1207 1396 
33 245 397 542 568 805 923 979 1145 1245 1380 1478 
416 436 548 768 869 879 900 982 1292 1416 
76 371 373 386 417 440 619 1034 1190 1285 1465 
409 465 541 712 743 858 896 1053 1129 1148 1191 1362 1369 
326 354 370 531 641 696 704 1287 
113 272 295 618 934 1079 1152 1343 1346 1386 1429 
47 125 227 382 541 647 800 994 1069 1152 1177 1280 1363 
173 200 429 477 638 660 797 858 1052 1065 1075 1142 1185 1224 1362 1380 1384 1446 
3 109 296 299 562 628 713 722 850 909 1273 1317 1333 1421 
61 157 206 211 213 263 294 638 653 710 844 898 978 990 1093 1192 1195 1220 1262 
27 31 132 241 598 709 826 929 1071 1143 
499 730 749 879 1019 1031 1157 1344 
127 269 291 311 431 527 842 873 995 1108 1423 
83 287 418 496 889 1025 1026 1091 1174 1318 1410 
38 144 290 348 381 421 494 506 521 891 1125 
14 208 240 413 442 519 589 728 827 1178 1224 
118 190 243 473 527 642 720 771 847 953 1077 1116 1157 1160 1444 
53 130 206 290 340 417 543 571 646 1009 1153 1333 
85 136 190 195 253 339 561 666 672 766 785 877 889 939 1047 1174 1291 
234 239 281 309 351 448 596 708 863 928 1154 
21 343 394 537 593 1014 1081 1165 
218 333 334 510 526 548 586 588 659 920 1109 1242 1247 1415 
10 133 250 251 319 491 588 630 642 729 1020 1092 1201 
32 41 275 391 469 613 620 623 692 755 851 1005 1028 1166 1222 1492 
263 336 514 604 636 845 982 
148 239 258 380 391 438 463 567 666 1095 1235 1238 1269 1287 1321 1327 1373 1378 
54 378 445 667 731 852 858 925 939 965 1281 1319 1379 1478 
189 301 484 552 625 646 677 950 1063 1237 1280 1456 
184 346 612 697 699 705 1280 1448 
68 193 294 706 776 791 1009 1355 
214 584 850 998 1203 1215 1340 
20 73 94 117 158 452 663 903 1034 1250 1447 
17 156 163 177 185 252 385 517 606 705 748 784 892 1027 1035 1156 1166 1202 1209 1315 1378 1468 
52 140 186 472 635 671 689 921 1096 1373 
202 251 270 348 496 501 761 771 921 1040 1045 1122 1134 1251 1264 1285 1377 1475 
2 180 266 345 571 657 696 738 838 882 1064 1230 
212 357 409 419 430 474 684 714 739 807 952 1018 1191 1305 1370 1446 1466 
271 304 499 504 585 728 776 790 821 1075 1369 
200 420 469 485 504 519 829 931 1011 1058 1059 1211 
102 120 405 1169 1212 1338 
924 1057 1148 
152 173 344 447 540 931 937 1091 1247 1469 
86 185 217 256 280 281 473 511 522 690 931 1090 1278 1425 
207 518 607 619 747 833 1179 
18 163 277 286 332 534 798 1273 1358 
244 701 885 1145 1260 1429 
29 71 162 206 228 239 252 278 529 649 676 687 766 1295 1315 1454 
24 95 234 419 519 806 1279 1297 1369 
6 93 612 725 729 783 847 897 1133 1170 1228 1266 
162 543 545 613 696 861 956 1070 1092 1180 1258 1475 
7 190 215 326 465 564 673 843 886 889 997 1046 1146 1214 1382 1388 1462 
149 250 303 498 504 591 627 739 1116 1148 1196 1214 
145 155 303 363 380 570 889 984 1088 1152 1455 
37 120 225 506 767 770 946 1101 1142 1162 1187 1231 1320 
229 306 474 705 992 1084 1091 1145 1453 1474 1481 1486 
175 205 220 277 552 758 776 913 997 1083 1196 
47 391 407 570 679 712 921 1014 1137 1244 1246 1248 
242 265 300 1045 1168 1302 1373 1380 1396 
195 205 227 299 342 549 567 568 862 973 1009 1409 1460 
77 170 423 456 510 646 673 680 682 857 873 1061 1261 1297 
109 340 576 631 952 1133 1198 1207 1405 1424 1470 
230 235 302 353 370 452 537 619 626 763 864 926 1139 1287 1388 
49 323 363 488 567 627 678 697 712 760 846 1096 1366 1385 
69 159 317 381 558 614 646 754 763 910 976 1081 1261 
195 236 310 414 448 602 743 1015 1378 1478 
222 236 259 447 471 506 584 750 815 1119 1196 
107 108 231 296 316 374 453 464 821 937 939 964 1129 1335 
51 142 176 368 409 437 449 557 616 699 924 934 1011 1140 1143 1161 1171 1308 1376 
78 426 642 668 676 734 1043 1073 1083 1134 1151 1223 1491 
21 79 225 227 301 611 612 753 902 1017 1116 1245 1437 
15 143 388 579 592 601 710 760 778 1008 1183 1213 1230 1386 1401 
118 144 268 343 437 622 798 937 1008 1020 1095 1108 1205 1332 1388 
20 58 286 466 596 896 1000 1135 1173 1186 1271 1277 1327 1364 1373 
22 99 137 273 416 479 647 922 1083 1256 1353 1405 
384 629 826 918 1084 1155 1207 
28 40 169 318 446 489 625 630 770 810 960 986 995 
376 398 423 482 656 964 1113 1123 1258 1298 1485 
707 770 924 1028 1348 1350 
45 62 159 276 415 516 599 613 619 659 741 841 1071 1444 1466 
65 100 104 411 567 595 1102 1135 1220 1236 1252 1463 
53 499 536 944 951 971 978 1027 1084 1266 1411 1419 
84 162 244 334 344 384 666 758 917 995 1072 1086 1321 
119 121 122 255 560 608 926 1073 1196 1416 
29 409 433 606 929 1406 1428 
131 142 171 673 679 728 731 756 1003 1226 1237 1465 
168 423 565 632 894 936 1247 
89 172 272 349 433 441 683 910 954 1110 1162 1226 1268 1358 1421 
168 757 943 1143 1242 1438 
214 286 343 495 558 566 695 719 725 1142 1261 1345 1463 
261 284 396 726 789 1061 1259 1472 
143 410 416 436 449 679 747 761 858 907 1045 1166 1167 1327 1329 1349 
27 84 205 284 399 401 478 599 661 690 850 1311 
55 62 162 348 393 479 485 664 860 932 1099 1180 
138 461 588 591 611 845 1139 1152 1188 1227 1404 1475 1482 
25 61 139 210 243 270 358 591 642 854 1061 1071 1400 
127 957 1010 1113 1142 1224 1231 1328 
308 706 894 900 942 983 1048 1163 1467 1470 
134 209 234 497 1202 
6 10 253 307 334 489 552 771 800 851 928 969 1069 1184 1304 1437 
263 296 345 502 647 701 708 820 936 998 1064 1100 1140 1184 1186 1198 1320 1418 1420 
206 288 441 455 583 753 1095 1249 1277 1311 1331 1449 1452 1454 
448 571 605 1086 1254 
90 356 363 395 445 563 703 768 786 837 1014 1032 1167 1185 1284 1420 
69 145 175 314 396 429 521 535 690 714 812 814 831 835 934 1008 1010 1168 1215 1223 1292 
83 284 631 649 661 698 833 1088 1287 1347 1402 
85 156 180 402 425 495 498 502 575 670 698 1307 1322 
29 352 541 636 664 809 890 995 1187 1395 1460 
410 619 910 1023 1239 1250 1394 
26 34 94 107 417 500 849 883 1123 1325 1396 
31 83 110 219 305 307 338 396 749 964 1004 1104 1108 1148 1172 1221 1235 1283 1345 
13 96 623 643 736 877 899 918 1137 1365 
113 125 228 374 476 576 674 680 769 992 1307 1393 
48 302 700 1320 1410 1440 1468 
21 69 75 238 247 384 798 870 966 992 1315 1491 
233 371 385 391 411 827 895 1042 1050 
39 40 69 87 282 475 538 579 585 697 752 894 943 1002 1096 1200 
145 358 495 728 822 1052 1122 1414 1477 
131 153 228 267 373 439 595 612 811 872 908 1054 1090 1137 1253 1379 1478 
38 192 235 836 860 982 1016 1038 1057 1126 1253 1293 1315 1386 
232 245 373 433 548 591 720 731 798 1283 1385 
28 72 246 250 387 587 852 1030 1158 1291 
3 59 199 206 214 261 269 556 648 742 949 957 1032 1057 1186 1208 1220 1279 1418 1429 1472 
32 93 162 215 216 240 273 412 460 696 764 829 931 1190 
95 124 169 237 263 321 663 824 1088 1222 1230 1238 1256 1457 
207 258 456 751 811 898 980 1375 1463 
338 467 491 583 593 677 805 988 1263 1358 1384 1474 
264 587 753 805 876 998 1023 1025 1213 1243 1354 
125 285 318 349 365 667 679 817 821 961 1066 1093 1148 1242 1440 
139 198 226 228 372 389 417 534 632 906 1120 1163 1380 
66 177 361 396 614 871 1084 
56 90 258 404 440 935 938 962 988 1409 1464 
125 232 297 520 537 589 1345 1402 
89 232 346 493 515 552 572 1080 1118 1143 1439 1474 
360 416 693 711 713 767 809 964 1033 1242 1353 1423 
85 283 355 372 415 501 700 739 1005 1264 1316 1446 
96 122 204 284 299 390 410 536 765 863 898 1093 1289 1302 1344 1363 
31 137 215 295 560 585 1037 1055 1139 1161 1260 1372 1452 
52 125 129 141 318 329 505 587 615 623 680 968 1265 1384 1446 
19 30 52 320 542 895 1026 1294 1333 1336 1389 
72 296 472 589 685 709 782 856 882 902 997 1055 1238 1269 1322 1323 1350 1365 1436 
16 70 572 606 835 899 994 1045 1217 1350 1427 
36 341 358 367 461 786 803 1031 1234 
64 457 529 565 684 703 822 1076 1148 1279 
187 219 265 387 1222 1324 1386 
44 127 350 941 1041 1053 1289 
22 87 225 472 584 585 638 823 1078 1089 1096 1212 1375 1396 1398 1416 
540 573 599 742 807 869 972 1162 1172 1256 1282 1379 
64 177 197 289 385 609 649 657 661 679 990 1050 1053 1266 1481 
6 71 106 242 318 589 700 807 825 1115 1185 1297 
76 294 433 1001 1157 1315 1352 1410 
138 145 208 594 806 959 998 1128 1337 
101 138 140 160 189 218 365 368 401 431 703 779 958 1067 1216 1355 
127 214 266 551 553 615 704 821 855 932 1057 1161 1174 1248 
35 63 81 158 262 525 636 648 731 824 861 1331 1345 1465 
11 262 283 372 487 528 775 917 1126 1319 1388 1437 1452 
349 353 490 566 602 603 915 1167 1217 1270 1345 
41 208 265 307 499 519 543 665 710 821 914 1268 
13 65 122 399 486 606 1090 1138 1255 1337 1372 1408 
5 69 284 412 754 774 939 1082 1140 1208 1220 1246 1388 1484 
10 128 181 368 382 471 650 675 765 908 910 996 1184 1474 
297 577 587 1036 1037 1252 
70 942 1129 1340 1407 
85 162 168 468 515 529 752 789 901 940 1178 1241 1276 
25 91 190 308 384 524 536 814 817 833 1031 1129 1212 1216 1434 1460 
103 228 277 357 526 574 786 878 918 1025 1140 1175 1190 1218 
6 10 323 347 488 776 888 977 1217 1266 1305 1422 
67 301 346 383 459 494 638 645 716 802 1037 1083 1146 1160 1237 1296 1402 
61 173 281 349 372 658 667 810 812 820 967 1092 1119 1304 1480 
78 179 211 231 237 521 538 579 608 677 951 1001 1115 1128 1274 1296 1451 1465 
35 80 470 558 780 1018 1179 1205 1404 1427 
267 313 343 454 460 595 900 973 1188 1333 1334 1488 
43 348 552 639 677 897 1150 1415 
53 65 101 113 116 188 452 557 703 740 798 910 979 1213 
111 151 161 270 382 804 955 984 1186 1387 
81 85 219 233 341 406 848 865 1175 1336 1369 
154 424 653 724 740 832 839 1002 1014 1032 1294 1331 1371 1385 
178 189 197 749 1059 1066 1352 1434 
44 116 236 448 681 734 1150 1155 1253 1331 1333 1467 
91 191 404 452 491 530 588 725 733 750 768 942 1421 1431 1462 1478 
34 66 84 103 375 423 491 863 1197 1231 1346 1398 1401 1450 
241 515 559 631 683 917 992 1282 1291 
31 39 63 129 268 307 692 763 775 795 1107 1138 1274 1405 
18 85 348 717 761 948 955 1071 1196 1239 1437 1480 
72 285 332 515 623 667 869 1012 1051 1316 1453 
11 154 251 354 683 829 958 962 1194 1468 
184 238 407 551 944 1180 1278 1388 1452 1453 1454 
52 158 221 281 444 492 987 1019 1046 1085 
32 66 77 305 320 633 648 649 700 917 1174 1375 1379 1401 
47 90 138 143 262 278 451 471 514 573 821 907 922 1109 1208 1491 
43 209 347 441 470 483 874 1080 1144 
315 421 427 516 520 544 554 584 623 833 938 965 1359 
1 5 129 174 198 298 324 720 912 956 1028 1339 1347 1349 
45 47 318 336 654 930 1097 1182 1305 1323 
5 113 179 250 397 736 793 1255 1290 1358 1432 1455 
393 603 681 877 1091 1198 1344 1365 1466 
113 289 570 860 951 1059 1126 1221 1264 1289 1311 1460 
83 179 373 499 652 748 751 811 848 879 954 1007 1104 1234 1265 1386 
194 271 355 374 520 571 825 957 1039 1099 1126 1265 1460 
118 494 680 826 872 1189 1295 1340 1350 1356 1470 
532 709 718 936 954 1002 1076 
22 40 73 358 531 1035 1077 1109 1249 1467 
58 69 188 471 552 590 599 705 782 1015 1088 1129 1148 1322 1365 1374 1395 1398 
62 117 151 309 532 760 933 1170 1230 
173 175 320 374 757 762 927 985 1350 1477 
37 62 106 439 582 585 727 748 759 1125 1330 1485 
62 269 436 489 524 596 599 936 1289 1381 1438 
344 447 731 1020 1074 1078 1160 1261 1325 1383 
22 357 380 487 707 742 1043 1171 1400 1492 
437 713 722 764 797 837 880 1129 1165 1482 
106 233 304 407 460 461 628 1024 1091 1100 1265 1487 
68 168 468 722 906 934 1321 1405 
156 177 203 259 414 865 1060 1109 1123 1153 1320 1412 1434 
59 296 448 480 533 561 902 1069 1361 1390 1470 
151 370 387 398 703 779 831 950 1018 1111 1245 1337 1449 
235 295 316 604 1017 1122 1197 1199 1221 1324 
17 101 256 379 679 763 771 1280 1428 1475 
31 92 113 140 142 333 387 530 621 1035 1212 1406 
168 269 293 319 362 438 478 556 666 820 1056 1433 
46 390 574 599 837 842 865 894 1079 1228 1247 
316 416 548 551 632 719 1000 1088 1175 1263 1324 1417 1432 1492 
53 143 164 181 381 387 568 657 682 688 799 914 1027 1032 1201 1215 1307 
57 159 212 622 655 922 1087 1140 1380 1422 
99 224 280 319 320 333 581 662 894 898 945 1031 1074 1158 1302 
44 126 138 237 279 419 1060 1102 1140 1167 1375 
51 209 296 335 347 509 614 664 757 795 908 958 1120 1457 
106 242 546 638 750 898 1051 1103 1163 1173 1235 1305 1362 
199 214 218 249 258 708 739 782 829 926 972 1044 1066 1069 1090 1234 1284 1489 
139 208 267 506 539 704 853 891 1030 1066 1207 1330 1391 
104 205 233 277 278 303 341 734 886 941 987 1007 1181 1426 
324 513 666 783 1058 1340 1388 1456 
28 151 184 233 259 790 842 891 1002 1206 1341 1361 1460 
137 511 539 546 655 668 804 977 1271 1486 
163 306 470 687 788 922 1274 1417 
65 414 444 462 465 526 553 624 649 651 842 1100 1125 1134 1248 1348 1484 
98 360 472 536 670 1265 1309 1403 1457 
1 3 207 237 314 566 571 583 699 931 1212 1271 1306 1489 
325 813 857 941 997 1111 1266 
297 320 329 438 558 677 724 827 893 895 1000 1003 1049 1054 1379 
413 472 479 544 917 965 990 1126 1135 1189 1194 1196 1244 1416 
188 228 296 385 450 769 776 889 937 967 983 
61 324 722 858 1093 1095 1103 1209 1275 1294 1311 
2 16 83 127 134 277 683 779 788 834 1013 1063 1072 1202 1418 
43 101 167 256 445 487 592 779 864 865 874 953 981 996 
210 435 876 924 1075 1283 1347 1357 1404 
15 103 218 233 269 303 446 515 564 691 714 763 796 809 1077 1154 1189 
77 294 298 689 795 1024 1316 1318 1440 
16 186 436 590 813 1017 1099 1234 
65 102 136 183 239 328 424 444 978 1071 1098 1114 1215 1311 1370 1493 
65 96 131 460 498 713 877 1144 1211 1283 1363 
286 482 557 641 648 797 802 901 984 1060 1077 1161 
79 228 481 484 568 756 763 774 827 979 1464 
106 494 538 889 1128 1361 1460 
257 326 410 625 675 832 926 984 994 1022 1162 1181 1229 1264 1301 1303 
123 385 566 696 984 1491 
16 33 173 187 362 417 445 516 727 844 1098 1184 1259 1312 1330 1334 1461 
92 302 343 413 924 950 1025 1084 1085 1202 1271 1381 1443 
261 397 450 533 549 570 749 1032 1262 
227 235 509 513 847 947 1137 1276 
1 278 323 428 593 703 1381 
1 10 285 288 388 544 650 700 765 796 955 1114 1200 1232 1261 
170 282 420 712 918 938 1023 1091 1278 1361 1466 
112 299 331 438 568 635 638 653 1065 1113 
58 107 166 172 472 520 541 856 867 1014 1071 1143 1168 1457 1467 
22 331 547 918 974 1061 1233 
74 149 251 507 513 562 801 932 1389 1418 1483 
271 545 558 706 734 901 1056 1103 1428 
135 280 283 303 401 501 650 800 888 1016 1131 1219 1240 1249 1356 1431 
32 205 223 340 538 743 753 1007 1073 1085 1162 1233 1286 1369 
567 578 758 764 772 895 958 969 1217 
87 117 132 434 467 501 788 848 1200 1221 
75 134 210 227 309 337 380 414 453 483 726 860 891 1125 1318 1328 1416 1436 1466 
246 434 515 578 613 680 905 1217 1276 
6 108 126 142 168 169 472 696 1005 1226 1253 1321 1345 1473 1483 
17 38 82 157 711 964 1000 1064 1096 1188 1278 1342 1463 1490 
50 109 131 277 403 499 603 1033 1114 1187 1227 
73 102 349 454 531 617 629 654 670 895 899 968 986 1022 1024 1080 1099 1182 1397 
186 273 345 370 451 519 547 562 570 593 689 945 1188 1376 1433 
133 462 1041 1049 1344 1350 1454 
8 123 127 364 418 666 677 928 929 963 1016 1054 1056 1093 1254 1263 1282 
24 69 300 494 573 700 713 856 919 1023 1401 1406 1426 
30 67 153 158 290 546 558 632 650 904 1009 1036 1190 1405 
60 100 272 384 731 1181 1251 1373 
55 186 226 228 240 332 526 702 787 915 929 947 1173 1323 1437 1484 
57 148 248 367 424 741 872 908 928 1018 1024 1156 1179 1195 1224 1266 1327 1381 1481 
105 160 370 437 517 535 647 650 712 758 786 933 1042 1076 1082 1125 1139 1375 1437 
71 307 340 344 361 550 734 1000 1099 1116 1341 1482 
43 61 282 340 502 532 543 622 720 735 747 830 1017 1131 1185 1279 1326 1433 
37 42 123 169 632 688 1133 1172 
6 29 334 338 477 538 558 716 1016 1120 1247 1324 1419 
194 299 317 383 479 517 591 854 1165 1294 1461 
1 2 45 145 268 414 422 624 772 922 940 973 1074 1463 
428 470 561 892 1024 1185 
160 446 500 609 1205 1451 
387 707 1031 1113 1127 1337 1385 1419 1464 
143 273 342 393 594 661 775 1069 1295 1340 
135 241 274 442 739 763 1086 1179 1473 
47 86 550 553 744 749 893 915 
145 352 397 450 714 919 1007 1070 1156 1233 1250 
234 792 849 1176 1433 1488 
9 504 615 689 958 1128 1257 1279 1308 
250 486 656 683 761 820 886 891 928 1022 1167 1238 1301 
382 407 517 633 702 837 954 1084 1099 1212 1254 1265 1430 1480 
25 53 129 229 281 312 347 427 472 659 813 884 925 1079 1096 1312 
25 96 266 319 397 418 427 486 1000 1033 1394 1428 
206 227 229 303 593 599 658 1022 1461 
14 182 196 402 408 419 442 817 906 1063 1094 1189 1366 1401 
182 243 303 304 375 460 760 1015 1199 1297 1376 1428 
185 235 297 413 421 430 682 842 933 969 984 1073 1157 1238 1342 1485 1493 
35 88 483 528 719 786 949 976 1008 1066 1247 1356 
24 89 333 375 376 401 571 934 1125 1381 1387 1461 1464 
111 352 524 678 811 845 1040 1124 1192 1231 1333 1381 1449 1451 
168 302 407 540 558 586 901 938 1013 1019 1086 1242 1244 1255 1274 1299 1328 1431 1456 
202 230 432 576 682 717 744 901 910 962 968 1083 1275 1283 
153 237 244 361 399 452 792 808 976 1034 1422 1439 
301 354 487 739 901 903 1032 1102 1113 1136 1212 1390 
3 255 263 268 674 930 971 1076 1259 1362 1427 1492 
266 292 653 749 842 1045 1447 
124 201 360 373 428 483 487 500 586 766 821 840 1045 1301 1389 1456 
29 84 197 862 1191 1288 1366 
39 190 229 352 971 1143 1267 
35 58 120 346 437 729 1030 1218 1279 1437 
74 91 157 237 252 437 476 556 701 762 791 830 914 957 1121 1388 1489 
40 306 496 654 930 1024 1052 1061 1116 1433 
57 92 383 611 750 994 1071 1140 1194 1277 1312 1323 1470 
184 314 365 422 439 1096 1154 1213 1220 1410 
57 75 325 670 798 845 868 989 1035 1127 1174 1384 
269 364 450 623 1058 1306 1334 1365 1431 
141 429 574 717 730 735 906 934 1101 1103 1104 1172 1326 1353 1467 
737 848 889 989 1018 1160 1397 1404 
105 232 351 375 605 830 1126 1387 1408 1464 
310 330 351 399 930 981 1046 1119 
102 305 331 360 553 702 814 1062 1136 1185 1212 1322 1459 
167 183 253 345 411 506 641 681 1093 1121 1204 1274 1283 1289 
23 46 122 135 216 260 419 434 581 748 1141 1169 1172 1329 1421 1461 
149 258 349 651 729 814 853 967 988 993 1111 1225 1256 1272 1327 1415 1433 1458 
112 557 650 733 738 1441 1465 
14 39 287 772 1009 1030 1093 1119 1227 1340 1367 1377 1408 
190 284 325 343 360 389 805 855 877 936 958 963 1014 1325 1397 1414 1432 1458 1467 
40 109 305 627 851 1255 
498 753 765 774 775 819 854 898 920 1138 1255 1300 1460 
17 251 353 503 568 646 962 985 1037 1285 
18 38 191 305 392 419 465 472 608 692 1002 1017 1127 1242 1293 1299 1361 1370 1394 1443 
39 106 159 515 572 764 920 1076 1211 
109 309 357 534 837 903 944 956 963 1066 1104 1175 1209 1344 1405 1485 
153 343 655 966 
43 69 100 117 280 333 344 620 792 836 855 998 1052 1278 1324 1405 1440 
29 77 96 116 158 186 256 290 491 751 807 849 873 999 1047 1058 1350 1372 
68 117 166 244 356 557 669 748 1214 1294 1297 1329 1379 
238 279 304 357 894 976 1004 1150 1385 
342 386 462 1079 1147 1181 1214 1341 
135 216 367 410 501 562 569 901 1341 
107 469 583 653 681 718 801 1025 1113 1211 
48 77 84 257 817 1197 1385 
25 88 237 315 543 
306 388 435 770 818 827 838 897 909 1028 1082 1354 
168 678 847 851 1125 1164 1267 1429 1467 
40 90 257 289 291 427 448 507 543 710 746 803 816 976 1106 1111 1243 1422 
41 107 453 648 692 824 1247 1353 
734 769 1013 1187 1313 1391 1458 
49 77 198 286 531 614 715 742 827 867 878 992 1156 1272 1274 1316 1480 1482 
298 304 350 376 769 933 936 1004 1123 1173 
392 664 772 1049 1082 1119 1336 
1 122 188 708 938 955 
30 169 195 448 674 803 878 913 926 
261 299 309 341 345 622 656 752 876 885 929 1099 1114 1152 1175 1189 1194 1389 
75 209 257 288 355 381 566 653 744 1221 
53 403 435 469 531 639 775 1138 1185 1194 1377 1381 1411 
26 105 126 328 386 429 469 515 680 832 974 1014 1091 1129 1220 1247 1462 
94 155 236 441 541 548 562 566 617 830 934 1136 1198 1256 
68 237 515 616 722 888 1202 1464 
35 478 965 1045 1070 1267 1341 1480 
188 243 250 291 457 543 598 633 647 683 711 876 911 913 953 1040 1135 1186 1220 
51 75 474 557 604 685 793 913 1058 1124 1325 1374 
17 107 503 513 626 802 848 1035 1081 1251 1259 
248 358 582 646 973 1105 1123 1126 1157 1307 1354 1472 
170 317 429 502 674 722 792 1129 1218 1358 1415 1430 
93 147 449 586 818 1063 1387 1392 1417 
91 152 303 360 584 889 1062 1219 1451 
130 223 289 1026 1353 1426 
191 222 256 373 386 429 576 736 836 868 1079 1136 1323 1408 1488 1490 
46 504 1279 1443 
15 240 313 405 953 1085 1280 1339 1341 
4 82 374 388 506 643 1277 1325 
78 218 251 438 671 707 720 743 964 1058 1066 1067 1260 1310 1440 
52 182 254 300 307 363 499 511 560 667 697 794 914 921 1007 1053 1161 
77 165 171 206 210 215 234 270 308 409 449 465 666 709 745 755 876 911 931 1011 1039 1308 
56 350 513 867 1087 1179 1355 1492 
67 96 207 629 698 916 976 979 1174 1219 1465 
387 516 557 607 1027 1212 1253 1255 
53 98 272 315 665 822 829 854 1364 
215 300 793 1061 1185 1258 1450 1482 1492 
139 157 239 332 341 366 698 809 853 879 1037 1083 
217 393 597 645 657 1056 1077 1205 1314 1391 1400 1405 1428 1431 1476 
158 215 223 441 534 900 911 1074 1245 1248 1404 1484 
74 181 212 328 350 677 680 699 703 818 1131 1196 1201 1248 1339 1344 1457 
120 208 254 309 407 450 453 519 560 676 785 799 1126 1416 1460 
44 61 67 148 275 344 592 637 1421 
14 145 338 366 372 409 429 497 754 994 1059 1455 
34 186 227 341 393 419 480 553 649 676 947 958 1074 1085 1271 1342 
111 232 459 476 614 633 875 931 1105 1196 1322 1452 
15 156 174 341 502 589 594 844 979 1019 1254 1259 1320 1332 1472 
102 159 368 462 466 523 582 653 980 1012 1337 1448 1486 
20 81 147 318 424 754 768 922 1013 1054 1194 1259 1281 1283 1311 
89 154 261 421 654 978 1311 1312 1319 1421 
103 176 737 785 881 894 954 960 972 1001 1263 1311 
121 328 514 960 1446 
218 232 502 569 719 843 926 1134 1189 1201 1370 1417 
116 149 315 527 558 581 714 726 774 1012 1015 1110 
47 145 149 324 373 385 703 832 1023 
127 168 257 266 526 819 822 895 952 987 1006 1056 1186 
60 116 305 463 623 639 819 1156 1176 1215 1481 1488 
8 39 79 140 186 415 867 1032 1102 1134 1196 
22 140 890 893 927 945 1168 1217 1397 
145 156 168 255 270 370 778 908 1101 1284 1447 1457 1464 
69 85 105 112 186 286 317 331 404 535 554 904 913 993 1208 1359 1392 1393 1396 1431 
76 159 310 344 397 666 1069 1091 1143 1300 
81 231 234 249 274 386 387 669 673 724 875 1025 1028 1133 1209 1397 1438 
259 310 349 517 676 827 935 1042 1453 
138 394 416 430 469 541 561 741 803 886 1384 1435 
197 215 327 381 603 710 813 862 1028 1068 1341 
564 583 613 1307 
218 243 384 424 433 454 495 540 676 690 822 1036 1089 1158 
78 112 244 286 434 509 770 861 864 936 1071 1400 1473 
10 121 261 310 314 336 483 707 791 836 838 872 902 1175 1309 1361 
243 311 378 547 712 865 918 1060 1131 1187 1204 1345 
30 115 153 171 359 489 575 665 705 890 914 998 1106 1289 1492 
142 301 381 508 644 821 1171 1177 1305 1309 1374 
51 79 200 272 292 421 481 667 810 811 918 1017 1142 1188 
1 78 169 208 276 291 352 438 638 701 803 1054 1250 1253 1418 
172 415 555 653 841 914 1381 
86 129 144 285 338 344 542 566 706 846 885 1305 1354 
148 211 231 290 415 490 530 561 764 871 947 974 1299 1403 
99 318 385 526 579 689 982 1031 
123 641 723 781 1015 1264 1306 1360 1427 
85 180 448 570 788 906 961 1023 1084 1102 1399 1437 1473 
81 464 594 609 719 1083 1215 1359 1424 
31 108 178 481 633 986 1173 1200 1255 
58 171 370 501 590 688 717 1239 1351 1470 1475 
3 76 94 239 298 401 473 568 665 912 1024 1171 1357 1430 
100 244 265 762 907 1070 1213 1322 1326 1360 1390 
290 490 492 522 651 657 840 859 909 939 948 1195 1296 1327 
41 149 164 715 1006 1283 1418 
65 75 457 519 698 781 841 844 915 1086 1133 1138 1146 1416 
206 259 330 370 460 728 732 761 767 816 1134 1203 1398 
28 60 371 552 689 983 1010 1063 1105 1126 1352 
20 117 252 486 536 735 884 928 1178 1321 1330 1493 
21 50 235 273 297 319 366 398 725 812 815 1074 1279 1336 1370 1431 1475 
49 53 73 151 278 304 330 602 616 
4 129 200 226 293 609 919 1310 1336 
280 308 366 401 435 488 563 885 943 1215 1313 1415 
200 725 891 932 1000 1102 1257 1287 1364 1409 
150 460 617 788 964 997 1127 1186 1215 1398 
279 350 459 510 547 567 640 772 816 1093 1110 1121 1168 1316 1479 
35 195 210 223 278 568 609 727 772 797 942 946 948 
46 114 174 264 392 475 661 847 862 976 1046 1393 1421 
50 151 250 610 686 792 798 885 893 927 1096 1139 1414 
97 152 179 317 617 832 1116 1139 1177 1257 
32 211 240 276 318 333 416 508 577 596 744 770 850 1012 1209 1217 1300 
52 454 457 1012 1250 1390 1471 
49 226 236 360 565 700 829 857 971 1032 1234 1286 
403 428 489 641 772 888 925 1212 1376 1434 1463 
116 135 250 285 346 549 665 769 770 832 854 1149 1226 1236 1311 
52 578 594 647 739 858 932 1065 1493 
23 75 151 232 266 667 848 1371 
31 268 638 1245 1274 1407 1485 
87 146 182 325 372 568 776 814 1152 1435 
167 227 314 478 486 615 629 802 1293 
29 193 212 293 391 458 538 578 598 854 1153 1217 1318 1414 1424 
31 166 183 248 347 460 507 605 758 989 1011 1031 1153 1238 1266 1286 1322 1424 1437 1439 1477 
211 406 478 628 792 898 918 1066 1082 1276 1295 1365 
38 102 270 397 444 646 773 1070 1142 1173 1398 
90 163 178 251 351 382 408 549 621 809 995 1174 1436 
158 345 440 679 684 880 1040 1068 1095 1170 1201 1258 1391 
20 144 305 667 964 1036 1065 1105 1234 1255 1391 1449 
124 144 366 532 762 873 892 901 923 942 1030 1112 1227 
98 369 485 506 802 815 980 1077 1427 
214 337 363 550 566 750 854 869 892 901 1340 1357 1363 
486 797 803 806 824 874 1239 1301 1363 
344 352 484 588 804 805 1023 1184 1291 1388 1462 1489 
140 316 372 464 582 725 777 787 793 827 1324 1356 1414 
61 485 603 721 756 901 920 937 983 1314 1351 
72 343 345 463 497 526 532 577 823 861 871 1088 1257 1283 1415 
60 87 404 490 550 624 713 805 850 977 1100 1153 1360 1370 
135 147 417 441 541 621 910 920 986 1054 
65 187 300 328 599 991 
163 335 415 725 805 811 836 882 961 1011 1327 1427 
30 40 198 265 283 384 460 684 1114 1155 1334 
84 393 521 640 642 743 1051 1127 1153 1309 
19 80 257 335 357 359 636 704 739 743 926 1199 1361 1480 
71 298 316 380 497 973 1142 1423 
5 268 550 572 618 643 734 735 742 865 1094 1119 1280 1490 
165 171 177 752 813 993 1221 1339 
71 183 225 440 532 621 689 796 797 809 898 941 979 1067 1217 1327 1450 
67 229 436 463 576 621 648 832 987 1054 1300 1323 1422 1471 
117 253 274 311 319 337 447 521 747 854 884 960 1066 1241 1340 
58 203 761 836 1009 1238 1263 1355 
129 178 268 352 695 782 851 877 895 908 930 1247 1384 
274 433 495 523 524 1355 1372 
213 280 451 956 1072 1102 1148 1213 
40 131 170 715 724 936 1040 1064 1349 1362 
421 483 508 778 1178 1195 1364 
147 330 511 973 992 1066 1144 1228 1370 1384 1409 
56 227 314 788 855 988 1047 1104 1316 1401 1455 
135 248 300 677 686 832 934 1096 1221 1242 1353 
42 82 204 384 423 446 566 590 857 941 954 1025 1026 1073 1092 1171 1295 1373 1377 
28 73 89 190 564 761 924 1134 1308 1320 1447 1472 
10 191 514 523 551 716 733 784 829 862 956 1161 1226 1448 1484 
20 104 192 248 265 371 444 1010 1339 1368 1394 
72 189 237 319 512 877 949 1011 1037 1262 1334 1360 1422 1451 1457 
113 130 264 311 603 705 848 876 900 901 1046 1085 1176 1217 1364 1461 
42 280 580 595 627 657 737 751 1139 1279 1301 1330 
268 475 654 672 761 873 966 1032 1379 1456 
20 195 206 666 866 883 1129 1213 1292 1450 
108 116 246 463 506 527 909 
20 38 91 224 526 541 774 817 955 1014 
67 176 289 490 531 735 759 774 814 1063 1120 1255 1273 1311 1332 1429 1470 1475 
36 45 124 226 326 353 395 401 454 607 737 915 928 982 1048 1190 1229 1427 
186 201 502 677 868 1094 1109 1145 1167 1168 
288 380 548 849 1108 1387 1411 
546 633 903 1065 1184 
53 75 448 531 655 748 757 952 1143 1191 1196 1270 1289 1360 1454 
215 423 638 645 700 710 759 817 868 915 937 973 1389 
139 455 513 760 867 901 1046 1120 1219 1406 1426 
130 248 253 282 407 408 619 760 764 767 953 1011 1125 1167 1252 
16 85 128 266 329 432 759 873 1086 
192 318 428 430 628 1176 1187 1363 1464 
20 184 595 854 1029 1236 1385 
388 415 526 673 753 774 890 982 
40 62 357 449 709 1040 1279 1320 
168 399 406 478 592 709 767 1040 1280 1352 1395 1468 1489 
146 385 449 728 1036 1057 1247 1416 
518 528 584 701 773 843 895 1143 1388 
119 160 259 385 445 613 616 747 797 830 1030 1037 1271 1285 1395 1482 1492 
46 129 347 728 757 865 871 1030 1319 1375 1443 1445 
638 725 734 867 901 1006 1350 
127 148 193 255 271 409 445 587 634 796 803 823 1043 1218 1368 1383 1434 
268 636 658 676 887 927 1125 1171 1193 1246 1347 
45 270 621 691 692 905 1094 1260 1279 
176 277 381 449 499 582 844 848 872 
84 124 128 211 319 348 409 434 438 470 599 708 1015 1167 1338 1428 1450 1454 
265 398 424 671 691 703 1006 1007 1038 1176 1180 1422 
427 763 817 866 996 1011 1015 1064 1113 1156 1277 1332 1369 1429 1467 
85 130 133 206 253 405 435 639 759 953 1339 
86 430 479 954 978 979 1120 1159 1258 1439 
145 189 224 227 238 292 356 480 854 1015 1045 1054 1339 
12 32 85 101 141 297 396 519 532 636 641 699 761 976 977 1157 1187 1294 1302 1417 
28 215 1023 1138 1161 1173 1179 1328 1463 
27 45 82 225 320 404 466 508 671 741 788 928 1437 
189 568 603 611 650 814 989 1167 1208 1348 
96 144 385 495 993 1175 1227 1483 
111 175 275 280 457 534 649 690 738 743 775 785 862 932 1136 1402 1435 
73 128 325 386 445 472 932 984 988 1001 1030 1197 1271 1385 1475 
114 135 148 258 523 1202 
120 385 422 855 898 1087 1130 1143 1175 
173 273 400 627 661 705 767 777 1007 1012 1016 1157 1280 1472 
139 199 202 384 490 500 583 625 950 970 1119 1273 1286 
47 225 317 636 705 912 1003 1267 1399 1458 
149 457 978 1016 1291 
82 117 599 722 889 1021 1195 1216 1221 1261 1270 1326 1410 
199 230 360 711 724 849 1052 1196 1233 1310 1397 
294 500 512 515 589 598 868 944 1069 1288 1299 1475 
332 688 813 964 972 1225 1353 
291 536 682 724 820 968 1028 1030 1077 1153 1407 1478 
122 227 271 280 306 375 592 607 1190 1358 1363 1390 1402 1468 
344 712 936 1016 1146 1298 1336 1350 1392 1478 
143 161 298 330 539 637 736 886 941 1205 1315 1443 
11 21 116 198 232 456 478 551 610 655 745 791 820 1062 1257 1372 1385 1426 1459 
268 390 580 628 800 841 978 1103 1179 1323 
163 290 312 373 739 764 1040 1286 1356 1436 
31 71 305 380 620 637 778 949 998 1101 1199 1214 1251 
68 85 308 402 943 1020 1143 1159 1289 1330 1459 1463 
23 152 162 177 509 616 673 953 1168 
1 181 184 376 571 621 671 743 749 758 776 808 826 955 1123 1126 1131 1423 
25 158 265 434 619 627 784 835 883 887 1017 1099 1208 1360 1433 1469 
5 15 72 174 234 421 544 561 947 1415 
47 116 211 245 341 518 741 786 919 977 1013 1054 1078 1226 1399 
257 285 289 308 372 522 744 892 945 983 1215 
722 1048 1055 1134 1225 1243 1308 1396 
139 255 374 400 477 552 1039 1368 
25 34 102 126 143 216 331 435 704 763 1041 1044 1094 1095 1226 1367 1396 1445 
23 218 226 239 340 600 701 736 788 832 965 1381 1400 
273 301 417 461 1005 1125 1150 1339 
26 148 155 174 181 343 524 704 1091 1207 1228 1367 
90 456 493 500 524 706 772 815 1018 1187 1202 1237 1309 
45 794 823 1022 1034 
86 133 148 183 186 230 544 641 668 693 804 816 926 1207 1241 1432 1481 
29 53 72 98 103 260 607 661 799 803 842 891 1011 1066 1229 1338 1366 1386 
283 428 465 758 959 1018 1034 1166 1475 
144 249 395 969 1155 1244 1264 1289 1308 
164 411 713 763 815 875 1233 1365 
15 19 155 205 399 480 565 705 820 1100 1268 
40 210 294 341 628 756 793 806 1099 1261 1355 1372 1397 1406 
6 94 139 264 471 524 759 924 1299 1418 
681 698 871 924 962 1139 1213 1420 1456 
164 197 218 408 525 646 653 667 791 895 948 962 967 1232 1339 1345 
87 240 300 392 476 530 619 778 790 1304 1398 
88 446 641 645 931 1404 1433 
190 283 293 478 673 895 1059 1125 1168 1224 1272 1339 
147 490 754 912 1096 1281 1347 1374 
176 194 686 886 1026 1064 1075 1119 1468 
47 137 317 421 767 966 980 1284 1301 
390 794 855 917 1055 1112 1144 1340 1390 1399 1461 1482 
101 213 584 727 776 1063 1070 1247 1329 1471 
18 183 327 646 712 731 737 992 1247 1402 1436 
106 107 157 332 510 582 700 847 881 1129 1307 1455 
246 251 818 855 1037 1038 1095 1102 1129 1131 1262 1479 
31 447 548 651 742 1419 
242 255 295 300 332 334 521 533 610 659 840 1105 1461 
60 237 240 388 694 707 809 926 1003 1013 1068 1092 1103 1150 1207 1288 1308 
56 120 241 264 296 509 512 552 582 732 868 1313 1465 
189 314 573 756 758 858 907 953 1132 1190 1223 1269 
154 259 519 578 694 737 912 965 1047 1054 
45 155 367 378 397 500 504 630 686 950 1068 1120 1150 1230 1306 1481 
57 153 250 396 420 519 550 557 691 778 813 876 879 1022 1028 1285 
1 97 285 354 1106 1108 1157 1178 1413 1466 
96 237 330 453 636 918 986 1374 
57 187 291 406 417 504 507 621 751 774 835 1123 1251 1333 1412 
48 392 422 557 917 993 1139 1353 1409 1434 
39 266 283 378 452 675 791 1012 1045 
210 444 531 547 593 594 596 632 756 758 762 791 804 816 907 1012 1063 1173 1211 1222 1260 1273 
351 421 494 705 1106 1192 
100 225 258 313 596 625 801 921 1122 1211 1315 
94 132 562 696 1031 1303 1318 1359 1467 
553 819 929 970 1147 1369 1430 1453 
7 18 207 410 492 587 609 716 1011 1347 1413 1492 
16 183 372 470 721 892 901 1152 1212 1361 
45 63 88 132 399 441 506 565 695 778 973 1007 1163 1227 1274 1291 1351 1372 
52 53 82 290 636 722 795 1169 1255 1258 1434 
180 345 368 389 441 454 594 765 943 958 1040 1072 1298 1390 1420 
17 59 107 653 667 675 1057 1254 1300 1411 1430 1482 
165 240 473 720 838 880 893 1089 1137 1213 
86 262 337 645 653 654 696 983 1159 1195 1238 1366 1461 
75 438 502 603 666 707 711 1099 1113 1137 1300 1315 
5 35 117 126 137 437 564 578 724 798 803 1079 1187 1305 
48 669 928 1039 1124 1231 1237 1288 1310 1320 
110 149 363 436 462 469 520 883 899 1239 1364 1386 1459 
20 113 145 356 392 446 542 545 706 709 751 897 
5 63 143 182 561 579 730 857 1017 1215 1282 1474 
72 230 239 303 621 624 762 765 962 1026 1107 1358 
32 108 239 315 316 338 666 903 1022 1083 1168 1256 1330 
87 257 355 470 503 514 572 684 988 1018 1281 1290 1314 
115 187 201 282 756 949 
99 322 349 359 525 537 787 874 875 
162 308 584 742 1292 1323 
81 250 343 364 508 534 645 688 770 867 890 940 1113 1169 1201 1227 1488 
46 154 485 694 737 818 931 1025 1198 1220 1233 1262 1383 1403 
229 236 240 301 380 560 565 582 727 798 829 916 939 
71 180 252 292 365 560 564 646 905 945 1429 1467 
223 474 597 604 612 778 1199 
320 323 324 404 517 667 681 878 927 991 1110 1146 1177 1190 1344 1367 
19 182 280 374 434 546 732 744 832 833 1028 1270 1396 
115 484 566 589 642 1096 1318 
73 157 287 349 385 492 591 609 650 785 1477 
14 59 412 699 1042 1056 1130 1331 1395 1410 
266 367 381 481 487 619 642 704 781 846 1122 1161 1188 1200 1236 1432 
5 34 130 154 182 323 348 353 521 762 803 1069 1142 1441 1478 1479 
280 412 472 542 593 644 951 996 1080 1091 1187 1252 1299 1330 1429 1471 1480 
35 58 82 300 308 348 440 722 928 1019 1184 1302 
118 149 158 196 200 444 572 926 952 1232 1236 1428 
253 426 510 518 774 786 847 1009 1107 1172 1318 1359 1382 1467 
27 41 166 190 378 443 460 735 756 1022 1127 1365 
117 237 253 369 397 731 852 910 1104 1235 1288 1331 1372 
24 171 362 467 625 842 970 998 1053 1090 1270 1436 
8 59 193 504 558 694 858 929 1028 
4 114 124 242 255 335 735 1036 
181 539 564 680 713 856 1090 1225 1255 1312 1346 1441 
8 154 167 464 722 735 876 1081 1177 1295 1426 1475 
133 190 403 590 790 851 923 1127 1233 1246 1386 
19 104 309 495 537 837 894 1203 1238 1384 1386 1453 1460 
47 362 450 477 938 1015 
36 77 257 318 342 691 802 940 998 1124 
5 18 298 524 653 663 805 824 853 892 1076 1457 
368 478 481 583 686 786 825 1076 1266 1269 1466 
50 58 455 464 541 644 796 854 1006 1050 1130 1322 1424 
57 194 331 473 625 780 788 1197 1380 1398 1448 1451 1478 
10 102 153 177 192 377 403 479 603 1046 1100 1160 1310 1363 
18 143 203 433 466 506 550 581 619 680 910 987 1166 1202 1216 1368 1456 1479 
163 432 869 1107 1253 1265 
96 131 136 199 234 276 279 357 686 687 776 964 1147 1153 1184 1256 
409 716 767 1229 1362 1467 1491 
23 215 412 466 594 622 875 876 920 966 1057 1191 1195 1261 1404 
560 619 625 1096 1265 
125 232 348 358 391 415 555 665 733 755 843 960 1100 1422 
230 233 308 472 520 652 862 893 1053 1071 1130 1204 1336 1482 
21 58 262 395 626 793 882 962 970 1016 1027 1059 1189 1212 1221 1284 1481 
1 449 521 616 876 1080 1190 1328 1366 
144 419 557 594 844 1108 1130 
74 146 266 380 550 589 870 997 999 1050 1215 1303 
27 30 212 239 837 905 944 966 1111 1245 1368 1392 
59 118 124 133 191 362 597 601 741 1040 1219 1493 
271 428 508 686 843 1138 1146 1269 
340 452 572 656 771 783 803 908 1014 1430 1442 
143 169 255 545 649 713 1054 1274 1280 
49 106 239 1095 1154 1181 1410 1451 
49 99 230 239 345 590 595 630 638 669 736 827 991 1250 1322 1383 1399 1420 
18 91 108 156 276 447 513 764 827 857 1163 1196 1282 
291 362 529 685 825 839 849 1361 1443 
84 282 454 532 669 682 774 825 1400 1434 1462 1466 1492 
71 80 86 122 226 257 268 406 683 757 882 987 1056 1312 1485 
524 612 1086 1156 1272 1291 1302 1337 1377 1430 
86 107 263 283 306 400 714 798 809 1002 1124 1340 
156 266 378 521 726 762 858 913 
49 334 455 531 534 535 589 833 1043 1063 1083 1130 1257 1355 1483 
172 485 622 1054 1059 1076 1193 1326 1335 1377 
38 81 148 357 557 718 765 897 1139 1150 1161 
89 222 276 468 510 691 775 958 980 1000 1043 1150 1155 1379 
226 244 407 412 616 784 833 922 1221 1368 1481 1485 
95 263 607 610 750 830 1278 1369 1373 
161 291 429 520 1184 1198 1291 1319 1475 
100 766 931 976 1007 1210 1245 1483 
84 336 393 395 462 641 783 885 1232 1462 
87 105 109 125 133 616 696 773 831 899 1402 
89 288 422 534 605 679 995 1188 1453 1490 1491 
24 77 100 228 235 237 265 294 357 363 388 753 994 1026 1152 1227 
56 161 441 524 823 938 1243 1324 1477 
45 112 207 229 332 337 421 518 733 969 1000 1027 1070 1077 1267 1342 1361 1446 1491 
72 100 116 131 211 312 381 408 432 627 707 851 944 952 1039 
107 121 275 628 969 1270 1286 1429 
6 30 53 142 143 354 501 519 555 567 585 732 987 997 1038 1234 1486 
77 431 450 686 833 1055 1103 1121 1220 1221 1277 1369 1426 
281 397 457 481 512 623 982 1078 1092 1148 1203 1382 1421 
366 519 838 890 1024 1053 1135 1216 1420 1464 
96 127 145 177 196 391 630 642 1010 1033 1182 1226 1273 
27 305 416 554 863 1084 1252 1418 1444 1449 1472 
109 691 723 816 822 955 
175 177 202 220 478 510 549 579 666 822 836 908 991 1204 1467 
20 40 45 167 263 352 353 385 590 1082 1351 
140 203 241 299 311 340 562 618 777 941 1250 1294 1449 1455 1464 
98 127 377 385 726 789 1004 1152 1258 
27 277 320 349 667 750 767 790 805 823 868 906 1058 1144 1252 1304 
7 105 465 683 689 739 740 836 900 901 1123 1274 1397 
81 106 259 523 593 640 684 857 890 1017 1039 1059 1307 
104 238 302 338 384 457 544 619 649 796 973 1026 1137 1303 
194 270 346 483 588 689 715 821 823 826 951 1154 1317 1367 1396 1441 
145 206 400 548 560 570 836 839 846 966 1075 1238 1369 1439 
41 46 255 351 496 528 568 623 709 855 919 1013 1273 1416 
318 451 495 565 610 865 869 922 1110 1148 1407 
154 220 264 293 468 593 682 939 1224 1418 1472 
304 353 488 852 1190 
14 50 84 162 840 1131 1194 1224 1337 1351 
72 534 557 582 586 866 895 921 942 1046 1104 1137 
52 389 408 542 561 690 716 760 828 1149 1298 1413 1475 
12 31 46 58 182 491 527 557 565 573 604 720 1003 1042 1096 1183 
18 21 47 295 408 446 537 633 698 786 927 1230 1232 1255 1332 1406 
70 295 420 660 786 881 920 995 1014 1094 1180 1295 1346 1371 1414 1465 
24 55 113 167 314 362 502 670 966 997 1106 1348 1423 
232 276 305 359 473 636 698 701 844 895 932 945 1145 1462 
49 181 808 1173 1271 1439 
24 144 402 509 602 618 756 814 815 833 844 1151 1297 1425 1453 
4 76 293 423 445 504 575 714 750 904 1063 1301 1442 1456 
52 384 403 457 502 538 596 693 741 793 
56 107 181 194 244 415 556 585 1004 1090 1228 1340 
1 122 156 284 313 595 866 869 1116 1146 1199 1237 1414 
68 168 187 314 482 498 607 655 1048 1240 1244 1266 1376 1417 
13 64 80 147 274 442 562 703 755 812 946 1086 1101 1261 1347 1493 
162 214 418 442 448 622 673 790 814 887 1099 1152 1194 1212 1286 1453 
80 213 260 400 822 887 1000 1055 1424 1440 
144 479 667 860 916 998 1013 1111 1222 1253 1350 1416 1423 
9 208 316 592 653 754 781 810 811 850 910 971 1074 1158 1163 1398 
80 212 256 259 426 559 861 1062 1163 1247 1311 1374 
198 396 566 699 935 1024 1077 1191 
50 89 213 350 489 817 984 987 1155 1252 1340 
30 59 87 508 861 
10 316 339 372 422 598 599 652 826 900 
102 170 272 332 468 612 736 791 804 957 1022 1208 1311 1490 
43 70 159 300 628 784 893 1289 
273 378 798 859 1035 1238 1300 1319 1389 
96 129 519 559 643 1104 1177 1234 1328 1430 
396 429 955 969 1303 1328 
226 465 507 769 1121 1150 1357 1377 
49 119 146 223 289 398 604 627 841 1283 1384 
82 232 285 426 429 666 944 965 1003 1062 1176 1297 1339 1381 
36 53 100 107 216 399 519 560 684 710 765 775 826 857 893 974 985 1058 1098 
118 172 213 418 421 859 883 1001 1038 1419 1428 1454 
15 102 118 141 192 207 499 547 560 674 691 935 980 1468 1478 
322 400 403 434 812 911 962 1169 1228 1254 1463 
320 511 608 628 654 665 1011 1054 1277 
320 458 477 679 879 966 985 1013 1141 1222 1326 1489 
493 505 531 706 1127 1425 
112 341 371 376 545 604 672 1115 1147 1406 1445 
613 659 848 1041 1053 1085 1232 1318 1378 1445 
137 152 195 255 309 523 587 658 726 797 884 901 984 1031 1094 1205 1216 1444 1469 
197 317 381 555 781 823 881 1243 1429 
109 159 270 289 543 744 755 801 1087 1140 1206 1330 1441 
40 59 76 248 409 458 508 509 590 625 665 751 776 783 868 1115 1169 1257 1353 
74 433 665 774 1245 1274 1353 1378 1387 
50 187 209 259 701 754 890 894 1095 1251 1263 1334 1451 
10 250 288 380 494 508 576 697 842 937 1164 1184 
60 163 167 243 263 331 579 652 721 752 884 997 1154 1202 1258 1409 1412 
42 292 360 376 464 529 544 605 704 965 1243 
49 244 363 523 780 910 1081 1442 1445 1490 
350 364 549 589 786 1084 1284 1322 
33 488 504 572 675 680 728 1040 1264 
65 67 289 319 525 881 1016 1090 1179 1405 1436 1482 
135 274 424 481 566 597 624 953 954 985 1339 1399 
65 298 482 526 531 674 757 844 997 1042 1268 1292 1366 1446 1484 
173 174 195 427 488 857 1002 1221 1320 1357 
66 287 500 584 631 661 915 1117 1183 1297 
40 42 51 63 414 471 557 938 967 1171 1452 
44 73 159 302 345 655 948 1072 1087 1175 1318 1342 1468 
21 114 171 266 271 440 566 636 643 751 1008 1091 1212 1250 1475 
67 337 350 355 448 594 673 717 921 984 1184 1241 1254 1422 1470 
166 336 356 362 411 537 583 716 1005 1073 1108 1189 1206 1208 1287 1334 1485 
89 116 468 537 549 663 680 791 1062 1247 1439 
363 383 577 593 724 806 981 1036 1142 1195 
52 212 268 503 668 835 1065 1081 1088 1144 1180 1252 1284 1437 1459 
94 129 334 386 405 483 501 763 1087 1324 1370 
121 141 210 218 427 703 912 1146 1418 
209 324 399 439 508 944 947 1033 1075 
295 323 336 476 491 542 649 697 864 938 1082 1099 1243 1357 1374 
59 304 331 449 786 890 1002 1130 1163 1385 1388 1471 
77 272 281 291 409 417 522 560 614 618 734 1108 1456 
20 57 135 173 193 587 772 799 819 861 1026 1063 1182 1349 
112 233 307 353 382 522 754 861 887 975 1068 1162 1200 1243 
137 315 344 397 427 555 584 606 737 785 880 933 963 1024 1111 1114 1261 1407 1483 
139 231 238 474 1362 1387 1399 
109 181 238 529 536 1054 1214 1265 1298 1338 
124 374 479 528 557 567 583 646 855 873 914 1037 1091 
42 53 64 91 204 381 491 515 764 872 957 964 1126 1484 
175 185 335 609 695 851 1036 1302 1311 1391 
85 226 230 361 505 596 693 716 732 780 887 1158 1381 1396 
219 507 522 547 609 849 890 1001 1136 1399 
87 187 212 279 391 478 609 625 784 943 1022 1049 1304 1312 
32 656 681 726 755 889 1119 1325 1389 1466 
149 275 638 707 896 902 1027 1186 1332 1470 
31 179 463 920 941 959 1152 1184 1292 1327 1429 1466 1490 
294 353 391 800 896 968 1084 1093 1164 1350 1352 1371 1383 1394 1462 
157 303 470 482 493 799 1182 1186 1212 1298 1363 
59 77 368 689 734 931 1018 1139 1475 1493 
12 191 212 262 281 495 518 616 638 970 1039 1096 1120 1261 1418 
51 53 81 240 756 883 1135 1346 1476 1486 
159 185 199 358 377 543 575 596 633 823 914 926 1179 1307 1361 1377 1446 1447 1452 
253 529 541 556 646 768 1096 1121 1195 1261 1363 
430 450 1061 1066 1142 1212 1457 
41 298 333 351 567 604 738 1034 1135 
187 1079 1277 1329 
414 1143 1351 1391 
175 187 347 449 612 618 643 772 837 881 1105 1408 
179 410 506 570 797 804 825 894 1111 1226 1373 1387 
603 614 734 1001 1051 1114 1330 1458 
82 316 398 496 903 936 1150 
358 390 493 642 656 854 898 1012 1135 1190 1195 1453 
209 228 592 654 916 952 982 1139 1191 1268 1336 
189 296 486 515 552 566 591 637 805 818 863 879 1182 1201 1238 
12 400 436 477 479 520 611 656 677 726 854 1100 1324 1361 1478 1481 
61 168 202 575 607 623 733 769 942 949 1060 1172 1321 1334 
64 118 142 264 432 450 533 581 1286 1376 1449 1475 
81 285 348 443 445 483 490 649 657 794 886 887 1156 1255 1260 
87 173 183 835 935 955 965 968 984 1092 1187 
16 125 185 186 203 548 568 676 706 854 887 1021 1168 1362 
9 50 212 241 892 1176 1190 1193 1309 
5 51 75 120 150 225 228 330 342 569 698 724 1444 1485 
16 46 316 350 515 688 693 725 787 859 1141 1335 
20 124 354 361 520 653 1003 1112 1116 1123 1365 1370 1372 
596 613 650 661 832 1103 1203 1306 1366 
124 228 338 392 399 539 912 914 1014 1022 1259 1295 
113 235 439 463 621 648 724 828 972 1156 
133 343 375 418 566 737 738 792 875 899 986 1110 1124 1301 1463 
175 349 381 440 446 503 505 605 1065 1229 1247 1372 1394 
140 615 1059 1134 1321 1361 1366 1405 
231 289 335 370 377 709 752 771 937 1086 1115 1256 1434 
184 268 292 349 369 414 544 601 697 802 813 835 852 1118 1348 
104 471 530 783 883 1011 1087 1184 1324 1328 1405 
118 178 202 282 327 336 799 1028 1171 1192 1244 1278 
95 270 332 448 724 846 931 972 1034 1089 1231 1313 1382 
127 180 204 631 905 960 1061 1247 1282 1382 
43 183 213 267 285 322 333 391 409 424 483 780 1002 1018 1196 1492 
30 45 85 182 199 743 1023 1183 1319 1443 
29 123 241 453 459 630 863 890 894 986 987 1051 1122 1162 1483 
160 350 1030 1259 1294 1436 
287 288 334 375 646 747 907 995 1010 1037 1107 1157 1373 1477 
149 220 299 493 749 750 764 769 844 960 1193 
200 246 301 526 606 975 1015 1070 1338 
240 356 459 768 870 987 1043 1333 
149 199 314 565 579 641 692 823 981 1129 1138 1187 1218 1240 
126 293 298 431 589 656 827 836 896 1152 1208 1226 1315 1458 
13 116 402 504 703 1040 1102 1206 
825 852 913 1294 1355 
108 109 271 298 448 488 610 957 1456 
25 93 146 257 279 349 418 434 531 666 788 828 936 986 1178 1301 1423 
205 335 368 428 534 549 1095 1150 1191 1382 1441 1479 
25 378 410 507 908 977 1040 1041 1092 1217 1244 1281 1348 
140 637 1069 1108 1188 1298 
270 302 490 571 1167 1253 1290 1339 
33 39 305 314 372 869 958 1232 1243 
372 384 437 505 582 799 805 821 830 1165 1168 1238 1351 1449 
181 339 385 544 694 734 799 853 879 921 1131 1167 1368 
71 126 205 321 615 909 926 1057 1066 1269 1357 1361 1397 
39 101 240 330 484 754 1203 1477 1491 
349 489 708 720 786 818 1080 1145 1191 1201 1206 
147 206 266 275 391 428 569 609 615 941 1127 
56 245 275 280 354 507 564 642 718 752 828 901 1029 
147 295 300 434 469 607 669 753 
22 45 56 86 216 231 446 456 501 625 646 705 831 835 1081 1279 1310 
8 102 157 580 692 791 807 822 1053 1132 1325 1399 1405 
23 288 708 738 931 948 1049 1314 
73 149 174 192 297 444 727 782 896 1161 1273 1334 1380 1430 1440 
110 115 245 325 451 565 577 668 828 849 1075 1113 1385 
64 331 374 467 822 1026 1087 
207 264 510 534 563 631 975 1445 
81 110 114 474 557 1004 1094 1109 1125 
96 269 352 1024 1079 1149 1202 1231 
380 381 441 536 760 801 939 960 990 1069 1083 1107 1144 1252 1335 1359 1402 
255 289 384 430 568 573 613 648 672 1203 1360 1370 1424 1458 
110 185 354 381 403 455 653 691 733 1106 1109 1297 1322 1394 1396 
85 335 388 556 640 706 807 827 865 915 938 1130 1156 1423 1441 
50 375 452 555 558 709 936 994 1164 1415 
108 480 520 526 587 646 688 966 1084 1197 1375 
193 284 404 446 562 798 845 892 931 967 1020 1123 1132 1289 1399 
251 285 318 600 802 962 1042 1124 1162 1171 1336 1412 
71 291 592 902 1145 1285 
818 985 1132 1153 1215 1295 1488 
134 466 520 605 646 648 684 1021 1037 1256 1327 1434 
136 291 565 722 782 840 913 962 1086 1114 1123 1218 
11 333 337 347 364 464 520 676 681 693 802 841 977 1148 1251 1273 1310 
191 461 496 634 833 956 1189 1397 1457 
110 190 198 245 342 381 476 650 927 990 1257 1459 1490 
163 496 588 770 851 930 1034 1222 1355 1430 1458 
134 397 541 551 718 936 1095 1306 
10 11 259 304 502 676 688 754 926 1125 1171 1306 1428 
63 135 158 314 379 523 537 651 834 865 958 1070 1183 1380 
19 312 725 950 1002 1136 1170 1185 1447 
214 614 706 965 1007 1227 1391 1437 1469 
235 353 451 574 674 847 1063 1235 1287 
116 257 512 1065 1084 1158 1171 1276 1443 1484 
281 342 356 509 864 867 890 1378 1429 
108 163 206 403 440 470 696 830 855 1046 1084 1157 1355 1456 
57 111 205 314 522 625 698 739 1218 1296 1323 1450 
279 991 1405 1489 
158 183 188 197 320 530 624 633 901 903 1234 1281 1296 1429 
41 144 223 258 321 427 445 498 517 583 596 613 670 742 907 966 1037 1082 1109 1115 1254 1450 
29 71 78 163 242 352 408 454 606 721 780 794 875 912 1319 1434 1478 
15 168 332 333 629 631 851 1098 1230 1335 
201 312 385 502 529 692 717 731 733 858 919 969 1193 1244 1339 1414 
30 160 174 223 225 433 445 840 958 1003 1063 1328 1354 1383 
240 422 437 447 550 553 694 739 749 774 791 1163 1249 1281 1309 1374 1413 
2 24 205 265 446 602 657 817 1156 1195 1209 1368 
64 79 111 133 159 219 548 659 669 804 971 
238 291 361 403 440 606 649 653 927 1001 1280 1455 
121 159 206 210 249 391 477 496 551 647 773 785 840 966 988 1001 1078 1306 1356 1405 
25 305 405 425 901 1039 1059 1199 1308 1352 1424 
275 350 385 892 1249 1314 1482 
93 133 276 289 297 377 565 879 1019 1021 1272 
157 239 616 843 859 947 1354 1361 1371 1448 
162 366 368 554 743 788 857 861 1004 1120 1157 1285 
90 375 556 618 756 831 908 926 995 1204 1300 1406 1410 
98 120 330 500 783 864 1033 1057 1253 
200 271 534 798 868 961 1140 1339 1430 1472 
65 93 122 209 317 352 405 484 894 1025 1214 1391 
99 122 240 275 277 335 377 461 592 916 1146 1183 
176 541 876 940 992 1025 1062 1166 
191 216 545 549 579 841 871 927 949 1280 1314 1400 1452 
13 198 423 478 508 528 741 755 1000 1049 1211 1302 1427 1431 
84 124 307 391 507 943 1205 1256 1262 1284 1336 
197 259 361 743 808 936 940 1300 1304 1472 1492 
27 78 277 309 366 448 865 916 1034 1261 1378 
25 103 250 264 307 405 421 582 589 750 777 913 950 1016 1048 1125 1167 1292 1318 
152 186 389 464 719 759 917 1255 1276 1407 1424 
31 130 273 548 1035 1156 
46 152 444 776 867 1083 1393 1414 1483 
80 152 303 369 409 415 593 623 785 1443 
79 91 408 638 859 996 1064 1071 1091 1095 1166 1318 
27 231 338 520 593 870 1035 1145 1163 1215 1468 
31 195 282 351 495 675 746 970 991 1067 1424 
98 233 338 440 818 949 1313 1447 1464 
247 303 323 367 500 570 590 639 649 778 812 884 885 1041 1085 1140 1147 1266 1278 
32 338 434 515 675 676 
32 147 382 482 548 1217 1223 1384 
313 389 579 710 740 976 1009 1082 1360 1469 
46 84 112 165 316 563 655 851 898 1068 1196 1291 1316 
92 206 361 442 805 938 1005 1011 1043 1087 1184 1268 1272 1302 1447 1468 
114 122 245 272 399 400 459 554 670 710 959 1039 1165 1228 1328 1394 1431 1476 
2 8 72 383 560 583 682 911 1057 1083 1212 1304 1412 1416 1429 
439 475 593 620 621 670 718 755 797 909 947 1025 1129 1239 
136 140 271 355 405 428 616 650 921 960 1142 1194 1235 1283 1353 
225 251 581 732 738 763 848 984 1066 1198 1456 1458 
24 331 358 672 754 825 909 1010 1070 
93 371 536 597 655 682 684 1137 1151 1398 
41 106 198 240 327 418 665 819 901 1129 1298 
123 341 345 370 488 541 840 873 962 1036 1096 1111 1114 1237 1368 1481 
291 538 790 887 927 1235 1410 
216 227 273 407 501 560 686 777 1068 1306 
41 157 174 214 235 277 316 416 477 534 715 870 1074 1281 1292 1337 1442 1453 
150 419 478 479 491 516 583 959 963 1098 1450 1453 
93 168 235 330 362 429 447 518 565 750 954 1035 1247 1274 1353 
18 27 601 637 652 838 997 1310 1393 1427 1477 
136 368 438 872 1077 1124 1252 
197 307 421 892 954 972 1169 1401 1486 
437 802 840 932 944 999 1340 
256 354 513 517 537 680 814 833 1029 1374 1474 
15 76 146 151 168 616 641 879 981 1224 1252 1385 1491 
160 233 290 326 797 837 901 1004 1017 1178 1196 
33 143 168 450 463 514 593 614 641 746 908 974 1012 1067 1266 
123 201 522 594 1367 
89 95 444 539 553 751 1206 1239 1335 1391 1392 1466 
89 354 382 605 664 823 1001 1058 1117 1309 1374 1465 
41 50 324 467 542 555 627 989 1145 1247 1415 1481 
98 329 403 424 568 581 602 662 728 792 810 819 1175 1318 1334 1349 1351 1469 1482 
288 309 310 497 663 772 811 836 974 1220 1233 1326 1422 1456 
45 191 212 231 308 684 880 922 1163 1211 1217 1264 1461 
105 195 219 428 462 560 919 977 1147 1397 1419 
84 247 391 401 525 530 594 614 684 723 763 1052 1256 
27 35 91 174 384 508 695 882 966 1073 1087 1235 1422 
36 99 284 316 622 814 895 1192 1226 1340 1405 1454 
549 741 750 837 850 999 1037 1128 
12 38 76 112 249 286 307 343 386 732 1084 1205 1355 1375 1415 1439 
600 842 890 916 943 1315 1336 1411 1415 
245 417 426 477 487 614 707 802 852 870 1047 1190 1455 
30 44 277 475 922 1165 1299 1334 1436 
99 155 300 402 462 760 839 908 981 990 1251 1351 1372 
176 223 283 385 794 925 1077 1107 1238 1264 
400 623 748 
51 420 457 522 571 629 827 1009 1151 1159 1387 
6 31 235 328 480 576 751 786 948 1026 1137 1193 1313 1446 
35 62 77 145 189 448 450 722 1209 1211 1345 1454 
42 58 142 175 329 341 430 588 629 1030 1053 1079 1186 
124 213 221 259 278 358 846 910 1023 1098 1109 1164 1260 1414 
27 593 623 713 842 874 938 1290 1300 1336 
21 204 250 257 271 621 697 739 775 911 914 1048 1227 1236 1299 1337 1419 
98 175 534 582 599 759 792 882 1031 1139 1161 1363 1452 
250 339 417 504 827 939 981 1101 1234 1252 1351 
227 534 904 969 1014 1050 1393 
141 276 380 449 877 1011 1104 1236 1254 1468 
89 129 199 270 318 447 474 507 708 712 915 1388 
22 84 265 517 608 715 894 1136 1200 1201 1221 1263 
58 141 387 393 502 656 702 886 1013 1113 
195 275 349 581 667 787 859 870 890 1222 1479 
164 231 516 705 708 769 865 1132 1217 1277 1447 
117 181 665 730 841 916 957 1175 1196 1267 1461 
15 33 77 373 382 477 522 529 684 685 686 743 797 1041 1046 1101 
31 84 536 584 605 685 947 980 1104 
199 209 640 731 891 1146 1246 1295 
55 122 193 220 271 674 762 922 1177 1223 1233 
27 57 265 314 328 395 400 431 847 903 914 1157 1288 1406 1443 
62 267 416 465 527 641 734 784 1251 1434 1446 1453 
7 33 127 208 239 253 290 1015 1403 1405 1438 1445 
6 295 527 552 749 904 933 941 1062 1081 1238 1243 1279 1355 1476 
308 436 685 815 990 1048 1149 1213 1344 1374 1449 
105 335 381 394 493 682 787 810 916 1078 1484 
23 106 126 223 274 307 363 492 554 727 1127 1141 
158 387 421 483 613 681 721 750 955 976 1073 1186 1344 1468 
256 421 474 564 605 661 775 849 925 1209 1422 
39 75 124 134 154 201 425 496 501 570 627 761 996 1088 1126 1144 1409 1437 
13 26 390 488 619 654 664 1105 1176 1350 
235 568 609 721 840 985 1059 1280 1367 
76 307 354 372 565 616 722 767 774 1107 1194 1344 
81 135 145 213 216 229 377 552 593 828 967 1049 1050 1144 1216 1253 1329 1406 
187 372 615 629 884 1117 1328 1446 1492 
75 79 238 486 509 536 727 792 852 921 938 1065 1121 1356 1453 
58 136 148 382 435 457 459 935 943 1347 1350 1413 
35 231 353 682 797 823 1025 1106 1416 1490 
24 94 262 290 299 420 452 459 592 898 1155 1355 
167 452 536 608 768 790 1068 1084 1127 1178 1279 1290 1399 
31 48 123 195 348 985 1134 1184 1214 1276 1366 1421 1457 1476 
29 102 279 420 456 643 728 730 846 965 1124 1191 1235 1288 1299 1414 
4 120 167 246 267 432 439 495 575 683 981 1021 1264 1300 1407 1466 
50 62 113 123 220 270 272 321 821 868 1098 1154 
473 663 676 773 789 824 826 863 876 879 1053 1076 1165 1215 1229 1385 
117 312 443 480 511 576 618 758 776 883 982 1033 1043 1270 1285 
16 126 158 239 260 512 567 631 632 652 663 701 
24 45 124 555 589 680 997 1081 
194 287 1358 1413 
57 188 293 417 476 559 625 676 931 1319 1322 1327 1360 1412 
31 147 189 370 391 413 435 437 554 706 876 1296 1365 
287 461 947 1026 1112 1372 
29 53 102 386 473 525 818 880 906 1036 1331 
74 191 359 515 830 1027 1143 1163 1362 
42 52 146 372 473 781 1094 1279 1417 
120 253 359 421 422 480 485 559 628 816 846 1039 1108 1325 1331 
203 719 762 908 1008 1021 1118 1167 1279 1291 1302 1451 
431 458 726 811 1108 1222 
6 144 355 415 609 639 660 785 843 899 1066 1067 1256 1266 1377 
247 260 277 408 636 656 712 1216 1225 
202 311 433 668 777 779 873 984 1159 1199 1208 1287 1318 1333 
480 548 590 761 850 1221 1330 1378 1405 1439 
50 58 525 720 758 1051 1078 1091 1169 1406 
15 20 100 158 164 251 326 368 407 475 657 845 920 1343 
45 472 696 717 904 941 1184 1376 1398 1440 
274 715 721 764 790 802 855 1185 1250 1344 
494 512 533 542 623 705 770 907 978 997 1113 1126 1141 1169 1225 1408 
285 289 507 597 781 961 1097 1131 1348 
288 417 530 758 759 807 845 957 1109 1114 1301 1422 1433 
21 43 217 277 354 671 732 782 791 917 1434 
211 392 421 476 483 608 751 871 942 1135 1345 
92 233 254 259 344 587 600 868 913 967 1077 1136 1141 1335 1430 
260 618 861 864 931 1015 1275 1326 1373 
21 49 73 118 257 259 789 817 860 958 970 988 1168 1218 1261 1486 
130 150 285 319 329 456 549 823 905 989 1001 1016 
101 318 529 623 688 728 764 783 1088 1135 1185 1389 
60 104 130 457 745 1026 1108 1225 1478 
11 113 267 418 439 628 779 848 873 908 943 1135 1140 1291 1346 1399 
87 94 104 162 275 307 315 339 354 563 786 989 1120 1152 1367 1434 
239 268 483 654 708 880 897 1041 1091 1217 1271 1277 1319 1491 
68 100 134 199 246 406 427 469 505 566 815 1189 1287 
60 241 262 349 558 588 742 1035 1128 1359 1415 1447 
124 137 175 233 316 618 648 786 981 985 1051 1113 1353 
307 314 346 1062 1067 1207 1237 1356 1396 
308 399 428 469 519 629 793 987 
282 289 339 410 503 956 1178 1202 1446 1486 
78 183 268 487 537 540 565 591 592 648 711 862 1053 1102 1425 
74 118 218 332 941 1002 1146 1147 1162 
74 488 817 927 976 1108 1216 1391 1467 
103 165 289 407 419 607 700 778 783 950 1052 1249 
24 112 159 227 242 269 344 401 457 575 630 634 808 833 848 1092 1179 1272 1339 
105 131 170 183 287 352 400 425 478 868 917 949 950 
37 46 83 133 265 455 591 611 658 800 1067 1097 1120 1294 
112 332 343 353 436 440 467 511 603 760 813 1092 1305 
17 52 219 242 420 546 599 646 803 1048 1105 1370 
494 596 721 740 845 883 910 
509 640 674 754 755 1101 1118 1204 1230 1276 1383 
248 254 658 696 846 970 1276 1398 1406 
92 199 393 696 736 1241 1267 1303 1493 
195 243 389 585 623 789 1108 1140 1186 1253 
67 149 388 483 811 814 935 1412 
281 339 390 427 696 859 861 932 1015 1102 1186 1378 1415 1417 
557 610 619 694 698 841 873 1012 1169 1197 1282 1447 1486 
55 133 172 178 217 427 461 483 725 733 752 877 956 1040 1259 1359 1392 
250 716 838 857 883 976 1076 1097 1103 1176 1190 1334 1372 
235 240 376 489 674 704 862 979 1233 1424 
118 128 352 461 469 561 587 784 1269 
39 95 386 413 448 832 845 885 993 1184 1404 
175 238 516 713 927 1317 
101 375 451 525 610 675 878 962 1402 1411 1472 
151 276 342 355 463 492 562 625 627 674 1075 1141 1144 1176 1210 1221 1285 1317 1356 1435 1475 
87 365 498 561 804 873 1025 1061 1227 1315 1328 1357 1392 
85 121 188 443 746 844 1018 1096 1239 1337 1491 
210 230 439 611 618 661 1119 1361 1429 1449 
191 340 412 732 783 899 1070 1324 
3 295 394 431 606 840 935 975 1227 1262 
35 100 362 648 800 911 1288 1404 1433 1473 
17 63 116 493 898 1070 1191 1254 1344 1395 1451 
27 896 906 1023 1217 1331 1343 
14 58 153 222 398 619 737 749 761 1026 1034 1215 1241 1298 1336 
20 63 90 303 453 616 657 731 763 856 1188 1278 1287 1288 1376 1396 1417 1424 
84 132 274 283 364 427 520 552 677 724 812 1017 1039 1254 1332 1467 1483 
168 214 501 514 658 688 827 1035 1349 1396 1415 1433 
71 110 169 249 381 403 523 546 710 723 874 1005 1019 1089 1111 
245 254 362 570 575 888 1055 1282 1300 1466 
105 201 381 384 875 910 976 1003 1431 
11 87 112 150 189 220 279 290 368 460 615 678 685 736 1002 1335 1434 1488 
447 503 595 638 775 790 822 964 1083 1280 1284 1323 1363 
6 92 134 176 214 294 415 771 854 1027 1039 1161 1187 1475 
252 270 342 717 749 750 955 1038 1185 1222 1239 1245 1400 1415 1434 
70 324 1030 1060 1381 
271 510 561 660 804 848 948 1001 
47 69 422 451 597 715 757 767 798 1234 1267 1456 
165 365 497 547 585 588 674 821 940 1055 1201 1457 1484 
1 169 287 327 403 637 797 823 929 938 999 1064 1107 1207 1211 1254 1408 
138 274 583 657 720 905 911 973 981 1049 1178 1199 1229 1366 1447 
210 261 460 548 593 608 674 696 728 1234 1253 1420 1452 
70 475 501 619 867 936 
94 201 213 250 499 558 568 580 604 616 855 878 1363 1411 1417 1456 
62 445 458 493 742 817 899 909 979 1142 1194 1213 1316 1364 1373 1421 1424 
59 86 127 148 174 268 700 747 832 1405 
52 76 421 552 753 850 885 944 1075 1151 1290 
53 131 162 254 258 351 380 436 464 564 566 602 716 750 829 1087 1204 1324 
224 369 487 698 1317 
32 96 414 595 750 825 1016 1029 1085 1287 1356 1483 
14 45 164 214 248 394 409 527 627 665 1038 1178 1359 
146 617 937 947 1015 1065 1162 1187 
973 1031 1072 1264 
153 537 623 662 815 847 978 1149 1206 1242 1315 1467 
157 298 360 1005 1063 1133 
49 199 274 815 861 1061 1062 1072 1181 1317 
16 115 191 253 289 318 416 419 687 997 1077 1113 1295 1316 1329 1380 
58 130 244 313 598 695 787 1113 1203 1246 1252 1309 1376 1397 1430 
252 310 683 788 956 1225 1464 
382 495 592 755 1005 1009 1128 1167 1319 1408 
27 175 461 672 774 794 821 1209 1212 1265 
105 225 450 574 592 659 790 956 975 1068 1351 1412 
8 10 133 146 179 215 250 382 418 436 467 681 1080 1113 1233 1301 1431 
74 176 195 203 336 465 467 699 905 950 994 1030 1037 1123 1264 1265 1316 1330 1477 
113 274 328 382 467 559 802 821 1055 1285 1296 
179 185 334 475 679 784 886 1009 1220 1289 1487 
66 78 227 261 309 511 593 599 793 875 958 1031 1093 1160 1208 1257 1280 1427 1433 
45 405 506 516 544 676 695 790 953 1115 1197 1335 1428 1478 
69 237 616 619 640 838 1121 1157 1185 1199 1257 
212 220 613 848 852 917 1087 1198 
29 51 103 225 340 388 445 477 479 512 533 621 677 950 
51 137 144 198 536 571 586 591 615 791 883 889 913 1281 1310 
27 114 131 332 460 649 760 979 992 1028 1108 
91 361 370 406 555 572 742 828 852 1057 1139 
55 133 150 412 532 575 591 611 651 695 807 1003 1009 1246 1448 
49 146 279 284 366 435 450 617 669 891 1026 1277 
318 360 476 542 552 896 954 979 1105 1107 1276 1337 1419 
229 378 459 482 544 609 619 637 823 904 929 941 961 1007 1383 1416 1443 
314 394 466 811 845 881 1056 1081 1244 1252 1304 1322 
266 323 855 1063 1204 1250 1279 
54 191 275 342 378 480 494 605 719 797 1083 1106 1476 
740 775 884 938 1092 
22 175 371 403 656 682 787 836 1005 1019 1229 1236 1404 
261 554 577 704 716 1411 1487 
216 220 336 407 414 441 919 1271 1489 
15 20 95 316 331 375 497 719 728 797 833 842 869 948 990 1023 1082 1110 1128 1405 1423 
75 103 211 674 1112 1253 1318 1335 1470 
144 193 398 485 750 934 996 1152 1170 1267 1453 
77 80 263 282 308 346 399 460 844 846 937 956 1056 1126 1213 1371 1457 
224 232 734 887 937 958 1162 1308 
449 464 583 641 652 770 938 
110 255 336 429 565 692 867 894 966 988 1126 1261 1278 
168 208 375 490 567 641 672 814 883 911 965 1075 1223 1279 
246 546 554 831 984 991 1096 1150 1241 1416 1439 
54 273 440 515 564 675 788 1077 1100 1206 1320 1428 
26 73 212 358 486 589 625 746 980 988 1084 1133 
98 336 513 683 1000 1112 1269 1368 1380 1397 
25 146 491 1455 1473 
73 95 247 452 580 661 692 926 1193 1421 
98 508 517 603 760 811 1059 1210 1474 
38 555 661 772 994 1046 1072 1107 1198 1332 
33 350 395 470 535 961 994 997 1170 1272 1374 1407 
116 205 305 489 501 597 668 672 707 814 906 979 1148 1236 1329 
128 169 529 589 727 744 971 1036 1110 1393 
