1440 8231
71 154 394 696 777 1051 1099 1173 1372 1417 
161 250 319 395 426 643 793 848 973 986 1114 1230 1262 1310 1386 1413 
29 37 298 379 386 489 555 680 806 844 894 949 960 1133 1141 1203 1398 
414 666 820 1098 1186 1259 
271 274 317 322 431 666 887 931 1010 1144 
63 119 202 544 555 592 851 994 1103 1311 1334 
108 191 276 570 626 689 746 757 1219 1266 
173 337 416 612 706 864 934 1130 1381 
102 209 302 503 527 564 597 736 959 1201 
117 216 327 540 592 598 603 606 730 745 772 839 872 879 1176 1208 1242 1295 1360 1361 
338 401 764 1116 1341 
65 244 254 280 340 502 671 704 783 815 820 1124 1250 1392 1396 1412 
45 144 167 280 288 612 633 767 923 995 1123 1198 1209 1234 1398 
274 302 447 612 1017 1129 1187 
28 35 74 228 425 427 449 492 575 729 1130 1230 
148 208 210 344 442 628 957 1188 1251 1269 1287 
84 149 160 308 582 955 1055 1346 1384 
39 125 183 195 356 392 483 625 883 945 1134 1170 1238 
147 291 338 457 479 625 766 889 903 929 947 1024 1098 1168 1182 1190 1204 1226 1332 1436 1440 
96 152 181 286 287 470 505 862 1110 1115 
88 127 134 210 231 256 279 321 361 678 1006 1166 1195 1198 
42 108 293 375 566 883 1119 
80 624 1120 1254 1268 1271 1299 1309 1356 1440 
188 276 291 448 1171 1323 
87 89 127 412 450 473 493 689 758 770 845 1023 1387 
490 678 711 771 1041 1284 1287 1302 1365 
75 93 116 122 579 661 863 909 1038 1059 1160 1189 1259 1329 1332 1382 1386 
15 96 123 308 449 588 736 962 1254 1296 
3 116 161 176 323 330 421 552 605 718 1068 1163 1184 1281 
255 358 368 585 773 1015 1082 1371 
191 334 431 472 546 696 795 796 
106 120 126 209 346 359 391 392 484 588 663 768 868 1142 1183 1297 1361 
297 299 524 544 607 949 1171 1218 
93 147 172 250 299 588 666 738 1401 
15 80 553 570 622 693 1089 1440 
316 428 466 557 723 781 978 1129 1131 1257 1327 1436 
3 220 351 466 902 1103 1145 1172 1185 1238 1401 
68 161 181 182 310 582 645 675 807 810 837 917 925 1002 1188 1236 1320 
18 112 175 323 341 366 367 391 395 424 518 554 578 592 627 762 847 864 890 964 1186 
137 236 273 423 565 596 729 1023 1028 1198 1208 
260 354 418 424 439 566 634 645 728 752 812 1041 1066 1287 1428 
22 126 502 748 1080 1134 1322 
65 461 488 571 581 691 762 804 827 957 1004 1055 1069 1235 
89 169 313 381 697 733 835 1015 1331 1348 1370 
13 162 168 427 886 984 1190 1221 1326 1327 
77 471 711 860 1126 1281 
63 131 210 349 517 591 684 752 834 854 1065 1226 
169 264 618 787 810 1122 1172 1267 1321 
79 128 144 174 552 613 725 749 886 922 1137 1156 1157 1219 1261 1366 1429 
252 488 666 720 805 898 1078 1183 1209 1414 
144 364 545 617 697 782 834 1093 1238 1244 1251 1340 1374 1427 1431 
430 473 508 689 708 778 1007 1277 
215 286 339 478 591 707 823 826 992 1033 1064 1420 
649 817 1093 1222 1234 1419 
328 390 404 567 732 811 917 1087 
168 459 460 546 622 656 676 738 741 760 800 838 952 959 1085 1381 1432 
125 339 365 434 668 742 770 838 877 951 991 1281 1424 
81 190 298 400 441 914 1282 
174 385 506 813 819 844 979 1122 1368 
82 134 173 418 441 977 1017 1286 
257 317 396 487 646 835 888 1197 
104 191 304 426 570 1174 1185 1270 1375 1408 1431 1436 
6 47 524 564 622 633 642 663 820 950 1037 1111 1255 1403 
108 275 749 824 838 910 1116 1133 1268 1303 1366 1400 1420 1427 
12 43 156 909 1046 1134 1275 
271 308 391 821 837 932 1013 1234 1357 1373 
370 498 570 641 696 704 954 1270 1360 1413 1417 
38 72 267 363 419 564 600 631 642 811 1144 1182 1213 1296 1344 1365 
120 192 291 444 648 775 994 1023 1179 1256 1440 
116 128 138 207 244 961 1030 1041 1235 1408 1409 1422 
1 314 339 349 360 503 600 611 747 832 856 1213 1306 1359 
68 193 957 1202 
81 193 537 984 993 1242 1310 1335 
15 132 348 365 381 434 488 656 709 840 923 962 1005 1285 1292 1296 1379 1407 
27 159 184 417 455 594 647 815 1112 1173 1307 1374 1408 
82 86 164 252 311 334 409 600 713 774 925 1101 1200 1285 1304 
46 89 153 241 644 656 752 856 952 1211 1218 1328 1377 
126 167 226 345 429 520 954 1094 
49 276 409 753 791 822 1198 1357 1428 
23 35 250 320 343 429 456 535 604 1403 
58 73 83 302 438 441 443 524 557 652 922 944 1148 1196 1313 
60 76 182 324 495 547 884 903 1095 1259 1347 1365 
81 305 399 556 767 970 1434 
17 129 225 272 322 347 519 530 738 765 978 982 1104 1117 1279 1288 1389 
369 452 506 607 634 700 728 1131 1354 1395 
76 109 132 230 241 530 679 696 739 850 915 925 1129 1225 1376 
25 511 568 831 1040 1239 1354 
21 149 195 366 370 398 454 487 655 745 1192 1213 1313 
25 44 77 97 220 247 249 338 427 459 576 644 714 798 878 883 903 1124 1226 1421 
106 245 276 377 429 751 878 1036 1099 1161 1243 1434 1438 
100 155 402 469 480 513 650 884 965 1009 1016 1030 1260 1290 
119 232 249 533 545 959 990 999 1051 1134 1158 1202 1214 1261 
27 34 404 468 629 1127 1203 1367 
114 446 503 605 1028 1130 1151 1209 1233 
371 539 686 874 921 1097 1290 1414 
20 28 183 204 556 609 610 639 748 987 1087 1106 1209 1297 1326 1357 1422 
89 212 264 464 612 798 856 863 1011 1127 1249 1406 
559 796 808 1208 1286 1297 1424 
185 366 758 1079 1155 1382 
91 179 372 489 899 1206 1233 1297 1372 
187 366 454 618 767 1074 1117 1355 
9 227 239 281 431 470 890 904 1173 1418 
164 180 460 574 699 774 778 832 867 1302 1358 1371 1437 
62 106 322 741 759 857 1270 1297 1423 
205 315 727 968 1066 1157 
32 90 104 237 321 333 465 543 579 916 935 965 1278 1310 1440 
130 165 240 365 672 1173 1214 1270 
7 22 64 409 497 552 598 825 1006 1049 1205 1218 1294 1401 
86 185 212 365 400 401 484 511 515 696 731 784 854 939 1240 
152 205 286 347 897 1135 1272 1308 
247 351 501 523 739 748 894 1061 1082 1324 1333 
39 140 176 555 573 905 1096 1177 1187 1351 
336 369 376 761 776 926 1070 1269 
94 210 336 349 403 524 581 621 779 784 886 898 1126 1337 1341 1378 
198 286 311 352 432 502 533 575 601 611 907 986 990 1060 1105 1318 
27 29 70 166 274 282 300 319 400 423 501 584 793 907 1029 1259 1282 1294 
10 269 308 467 472 502 535 888 899 962 1091 1256 1321 
581 715 733 904 1108 1127 1213 1293 
6 92 562 713 811 892 1005 1038 1435 
32 69 145 247 334 369 386 732 832 1026 1147 1198 1222 1239 
172 381 488 535 566 676 860 886 950 962 
27 364 411 645 699 825 936 1000 1081 1325 1343 
28 204 209 289 502 544 681 1136 1229 1263 1318 
329 454 476 481 612 837 855 896 984 
18 57 188 216 295 301 305 443 505 741 1339 
32 42 78 502 999 1000 1139 1375 
21 25 156 383 448 480 483 713 773 802 976 1007 1063 1199 
49 70 181 342 712 1034 
84 186 243 456 626 691 1025 1071 1179 1188 1303 1420 
107 155 186 268 312 472 670 746 751 760 906 915 1117 1157 1161 1318 1359 
47 178 335 705 743 879 1224 1255 1300 
74 86 208 229 361 567 815 967 1235 1289 1341 
324 566 673 690 792 962 
21 60 137 251 301 476 565 569 711 995 1051 1131 1360 1380 
226 239 379 518 568 646 655 770 977 1130 1201 
137 151 166 313 421 470 481 595 714 810 838 968 970 1279 1296 1419 
40 134 136 139 160 168 173 419 675 724 800 1078 1089 1106 
70 234 287 320 361 464 493 853 872 905 926 1068 1425 
137 156 196 316 431 598 750 819 828 1045 1157 1322 1335 1340 
112 453 643 810 863 901 957 967 1064 1237 1267 1335 1350 
144 1087 1149 1191 1390 1434 1438 
329 348 691 846 1413 1421 1422 
505 618 857 902 1032 1055 1084 1092 1138 1143 1147 1252 
13 49 51 141 340 486 496 513 680 740 782 931 998 1175 1274 1339 
120 147 200 331 578 599 755 795 956 965 1206 1282 1400 
247 430 515 574 748 764 843 900 1350 
19 34 145 164 184 330 457 481 1339 
16 289 521 530 681 682 791 797 916 957 1220 1222 1369 
17 88 209 213 406 417 450 547 554 593 973 1341 1369 1372 
190 640 649 803 1384 
136 242 403 468 557 630 637 644 966 971 995 1044 1170 1263 1286 1327 1363 
20 110 192 309 418 779 808 1073 1269 1381 1437 
77 166 180 289 622 945 1107 1199 1276 1304 1349 1370 
1 309 443 478 563 652 820 935 1080 1142 1155 1305 
91 130 483 696 843 876 910 920 929 937 1055 
65 127 139 212 427 431 559 733 740 799 856 1026 1110 1237 1262 1290 1335 
275 381 412 590 884 892 929 964 992 1298 
281 364 638 875 882 1010 1037 1106 1114 1399 
75 234 307 415 660 696 698 785 817 828 831 862 941 997 
17 137 226 251 260 317 435 440 538 662 747 802 893 997 1115 1316 
2 29 38 183 299 321 369 416 421 730 1126 1139 1153 1374 1413 
45 179 326 387 593 834 1385 1393 1411 1428 1436 
217 226 403 468 476 636 740 975 1027 1085 1156 1329 1363 
76 103 147 237 273 278 467 475 1031 1049 1126 1249 1330 1361 
107 502 522 534 717 757 826 866 895 960 1202 1347 1363 1366 
116 136 153 181 352 632 878 882 1041 1133 1162 1243 1379 
13 78 192 219 462 516 548 637 1036 1051 1066 1090 
45 56 137 279 418 623 658 728 812 816 1183 1211 1322 1390 
44 48 226 260 316 582 649 1043 1118 1164 
176 603 762 780 1006 1012 1017 1198 1235 1267 1410 
287 314 436 583 1150 1397 
34 121 175 208 543 555 639 673 958 996 1071 1139 1151 1193 1197 
8 60 137 325 326 349 483 584 854 1048 1217 1240 1293 1334 
49 59 416 600 709 1055 1141 1431 
39 172 289 674 773 991 1266 1378 
29 112 170 261 757 858 892 936 1077 1144 1380 1412 
330 388 555 567 905 977 1063 1072 1077 1106 
131 387 417 475 551 675 736 859 957 1294 1416 
100 162 190 378 393 438 1194 1230 1329 1387 
103 153 273 440 824 1229 
20 38 128 166 289 524 701 729 827 920 
38 82 318 652 772 822 933 1042 1053 1393 
18 96 161 218 309 332 446 450 831 832 834 958 960 969 978 1054 1074 1336 
75 147 320 339 480 578 584 599 628 668 727 766 788 865 884 904 1143 1310 
99 109 201 502 576 595 616 635 720 741 801 839 887 911 933 985 1139 1335 
129 130 391 739 846 957 1006 
101 302 368 421 465 536 588 664 666 852 909 1058 1065 1141 1429 
24 125 459 487 511 579 691 1175 1215 1392 
272 346 539 671 996 1066 1073 1083 1156 1243 1262 1390 1427 
58 150 179 210 267 283 662 685 909 971 1046 1068 1079 1384 
7 31 62 264 366 375 407 424 509 527 542 561 625 718 745 755 845 1055 1096 1101 1196 1208 1319 1332 1335 1379 
69 152 167 379 433 
72 73 261 285 465 510 543 587 656 727 756 848 865 1299 
336 526 1216 1323 1342 1412 1428 
18 88 259 344 354 418 439 545 796 1275 
139 258 545 800 848 915 1226 1319 1320 1357 
218 422 453 585 621 707 776 826 1191 1218 1352 1372 
115 252 375 594 778 935 1066 1201 1209 1404 1440 
225 419 481 745 897 972 1075 1282 1309 
145 213 463 535 573 655 666 827 1017 1183 1229 1262 1294 1357 1401 1409 
185 217 316 363 422 431 465 624 777 953 1050 1100 1190 
6 375 408 648 736 926 1015 1165 1231 1407 
275 284 440 443 453 592 946 1124 1180 1268 
96 123 232 233 252 426 457 509 638 1324 
105 110 283 315 413 482 962 1075 1160 1170 1234 1239 1255 1291 1413 
319 392 418 481 580 966 1310 1395 1401 
70 224 330 356 365 420 548 608 847 977 1054 1424 1436 
16 132 172 280 350 401 760 1083 1254 1372 1403 
9 32 123 149 281 385 540 554 559 784 790 879 958 980 1041 1072 1174 1399 
16 21 47 114 190 388 560 790 1213 1433 
346 443 458 485 492 509 632 637 675 1066 1070 1085 
97 109 156 270 393 462 605 776 839 891 1092 1213 
149 200 540 662 815 969 993 1062 
503 731 759 822 1085 1301 1340 
53 288 451 1191 1223 1255 
10 125 297 404 533 622 630 735 765 867 1116 1187 1336 
163 201 471 486 584 651 711 728 795 1025 1112 1153 1184 1267 1296 1360 1378 1409 1414 
183 197 314 377 511 556 682 839 938 1031 1106 1213 
167 232 497 661 739 832 963 1052 1110 1236 
37 89 256 291 615 665 759 806 933 1025 1177 1412 
249 327 395 416 466 491 570 654 732 889 999 1036 1066 1069 1087 
231 269 301 314 400 490 796 1124 1161 1246 
444 505 648 746 1113 1145 1176 1223 1285 
207 318 343 467 487 537 539 616 766 787 951 985 1221 
84 199 425 428 646 674 678 1000 1047 1069 1165 1203 1210 1213 1217 1237 1256 1392 1408 
78 135 160 163 169 494 570 689 791 957 968 1031 
102 261 340 558 690 725 760 796 928 983 1172 1236 
15 251 328 379 488 530 688 770 779 867 875 893 1122 1182 1270 1343 1366 
132 588 638 642 677 1077 1094 1095 1216 1311 
86 362 369 426 633 663 669 763 1270 
21 222 254 382 525 567 619 1262 1307 1340 
92 204 219 295 315 344 673 704 927 933 1110 1165 1309 1325 1339 
204 245 266 613 686 957 1141 1437 
138 159 322 348 397 400 523 783 813 1097 1107 1333 
322 552 627 703 1120 1430 
40 326 385 518 528 548 919 1118 1287 1335 1414 
106 164 302 355 356 591 649 799 882 1253 1272 1358 1421 
266 267 501 592 595 670 895 1139 
102 135 257 559 734 828 870 899 1293 1319 1370 1374 
107 243 246 340 376 548 620 656 668 721 731 962 1031 1137 1209 1210 1358 1432 
77 86 448 506 962 1031 1194 1222 
151 472 594 835 961 1117 1176 1246 1283 
129 240 351 663 670 689 864 911 981 1043 1152 1260 1287 1376 
12 70 336 444 489 519 637 788 913 921 1146 1194 1216 1326 
90 233 314 363 651 740 788 927 1073 
240 255 431 493 546 589 612 641 712 984 1086 1254 
89 111 120 146 375 404 487 805 941 1175 
260 286 310 576 585 604 797 994 1003 1072 1111 1182 1286 1357 
89 92 221 268 280 308 402 687 992 1156 1284 
2 34 80 640 671 689 814 962 1009 1069 1101 1260 1300 1436 
134 160 228 845 984 1037 1148 1224 1427 
50 76 198 204 276 393 501 1266 
280 333 351 527 569 576 1122 1179 1303 
12 231 419 512 576 966 1047 1113 1382 
30 246 618 708 933 978 1318 1330 1371 
21 220 985 1289 
61 239 309 599 719 721 1190 
196 292 449 480 675 712 931 1425 
195 556 782 1057 1095 1159 1251 1263 1336 
41 160 169 248 275 552 688 879 917 1140 1345 
176 193 227 330 344 411 424 533 576 930 1056 1234 
282 301 328 345 518 755 1005 1168 1265 1370 
460 546 604 
48 97 191 273 369 508 535 1233 1239 
334 548 685 811 895 1100 1180 1211 1326 1376 
233 238 706 891 907 1044 1048 1069 
68 190 238 725 757 970 1022 1191 1288 1339 1380 
130 249 310 387 446 459 799 851 892 941 1138 1218 1327 1350 
117 222 469 570 596 614 786 906 989 1125 1384 
212 354 518 524 623 647 657 760 919 1100 1291 
5 66 275 365 559 625 857 889 1041 1152 1189 1217 1300 
84 189 434 473 578 1174 1190 1226 1234 1280 1326 1391 
40 164 180 264 275 339 362 1008 1148 1275 
5 14 116 281 298 398 403 468 469 510 1032 1097 
64 157 203 260 271 273 278 348 464 730 1054 1074 1213 
7 24 79 90 252 815 851 936 944 1193 1270 1438 
313 324 521 864 1101 1186 1279 1371 
164 275 380 700 732 736 744 816 1014 1398 
21 168 393 608 657 754 756 903 1415 1418 
12 13 208 249 253 369 443 460 480 616 1121 1159 1162 1291 1397 
102 158 209 274 299 440 444 547 613 784 833 836 937 1138 1289 1337 
116 262 320 523 531 650 724 794 818 1328 
190 205 344 545 645 770 876 978 1007 1014 1039 1094 
203 329 459 463 526 563 815 911 953 1245 1421 1440 
193 460 556 716 800 1161 
20 53 110 115 248 375 438 615 675 685 695 713 1001 1053 1079 1154 1167 1238 
20 138 171 364 368 406 413 531 602 690 920 987 1150 1308 
13 215 310 573 590 612 622 885 901 931 1061 1089 1135 1277 1318 1323 1360 
123 148 153 175 181 376 509 661 663 792 1033 1212 1219 1322 1401 1438 
534 699 938 
19 24 69 220 308 565 609 752 802 891 963 1036 1096 1267 
258 387 794 1102 1135 1157 
22 365 476 757 840 883 926 1142 1174 1204 1211 1367 
647 781 850 859 994 1030 1335 1391 
125 232 358 591 596 779 946 1096 1153 1240 
775 920 1050 1060 1366 1416 
33 216 762 870 885 918 963 1105 1173 1325 
3 58 274 387 392 679 839 950 993 1234 1290 1345 1416 
33 34 161 281 751 1129 1183 1248 1286 1405 1407 
116 556 677 1186 1309 1389 
125 134 222 262 389 714 721 759 772 810 886 1310 
9 14 81 187 237 539 606 900 1418 1432 
451 496 629 722 812 815 845 962 977 996 1161 1356 
62 375 531 628 741 789 935 983 1086 1187 1252 1263 1397 
83 125 364 388 449 543 615 1198 1339 
314 470 581 607 637 676 720 741 990 1081 1320 1412 1424 1429 
159 321 438 645 708 926 946 1139 1197 1235 1247 1293 1380 1410 
17 28 66 117 249 291 452 692 700 726 727 1116 1316 1326 1332 
152 154 183 257 358 468 1068 1250 1276 1330 1345 
38 248 268 288 356 529 558 570 584 797 1063 1119 1357 
76 115 363 383 387 437 475 491 729 819 1293 1416 
130 374 701 746 825 990 1268 1276 1329 
44 136 277 364 417 607 613 697 765 816 872 1211 1223 1234 1277 1339 1415 
71 171 218 222 245 306 427 435 471 515 612 753 1004 1243 1245 
105 205 232 445 449 749 898 926 1011 1181 1183 1263 1342 1378 
36 139 169 201 449 475 483 487 940 966 1241 1288 
5 61 160 425 465 668 769 777 856 964 1185 1260 1357 
182 224 362 453 476 584 755 782 843 854 924 986 1120 1399 
2 116 206 341 435 580 598 660 701 847 854 861 1131 1217 
80 138 184 282 438 439 467 651 703 738 1151 1207 
21 106 161 307 393 458 533 580 597 891 958 1034 1295 1350 
5 84 104 234 235 410 437 622 748 947 997 1065 1100 1374 1418 
29 39 327 444 620 1028 1087 1098 1304 1325 
82 133 277 401 490 753 815 1151 1405 
173 736 880 995 1183 1409 
162 173 236 338 496 657 775 870 1038 1223 1436 
10 221 323 406 644 958 1205 1343 
55 228 262 356 547 638 654 781 893 1084 1192 1247 1254 1343 
124 142 284 358 369 505 507 552 660 682 943 956 1126 1158 1163 1253 1297 1352 
29 147 177 207 261 569 572 683 853 929 987 1033 1159 1242 1333 1336 
145 356 377 459 747 796 867 882 931 949 997 1073 1224 1230 1349 
183 596 672 703 915 1166 1437 
106 253 367 408 507 524 626 881 916 992 1048 1118 1336 
31 76 120 265 341 555 900 1038 1312 
131 530 787 961 
113 114 194 244 489 548 579 815 1009 1243 1425 
8 412 518 596 725 993 1229 1278 1357 1412 
11 19 89 326 534 821 1194 1206 1246 1337 1387 
53 57 71 184 273 565 615 659 839 1011 1030 1156 1312 1350 
12 144 227 240 422 713 839 1005 1320 1414 1427 
39 319 334 371 468 473 659 667 694 767 854 874 894 896 1070 1118 1298 1389 
128 618 650 754 848 943 944 1154 1265 1420 
80 224 389 413 468 570 669 777 
16 195 232 261 283 509 533 604 718 851 939 951 1030 1092 1179 
78 262 545 568 571 599 654 744 869 892 1045 1286 1369 
32 189 211 496 663 730 1155 1316 1344 
84 110 413 464 522 597 647 689 913 934 1009 1221 1388 1415 1429 
74 142 234 275 364 442 639 751 820 896 1062 
47 71 114 173 369 384 576 577 603 762 791 879 898 1167 1285 1372 
208 392 447 473 728 1035 1057 1133 1139 1351 1362 1368 
37 111 243 253 383 667 783 923 1094 1242 1274 1410 
115 166 369 414 539 630 698 720 741 834 940 965 1162 1301 1305 
569 680 700 746 818 944 1406 
41 195 270 713 759 922 994 1049 1199 1210 1296 1297 1312 1320 
237 396 645 650 666 851 1021 1076 1136 1199 
18 207 237 310 328 331 705 1027 
536 875 1056 1057 1085 1356 
30 295 309 329 422 458 505 533 541 545 549 722 725 884 908 1092 
32 500 555 785 850 859 1346 1389 1429 
71 385 541 845 966 975 1007 1107 1135 1400 1433 
21 132 138 563 622 649 809 817 859 1196 
230 273 318 438 558 623 761 762 964 1033 1432 
68 201 245 311 526 563 651 698 1012 1189 1234 1262 1396 
51 122 158 287 305 313 348 482 777 848 865 1003 1224 1241 1264 1287 
57 74 107 109 207 271 293 446 530 565 678 1334 
39 88 99 101 191 651 702 832 1007 1022 1089 1111 1233 1430 
39 333 425 620 828 912 939 1131 1357 1361 1412 
30 187 287 421 755 826 940 981 1413 
85 113 120 161 230 264 280 329 349 352 791 1174 1176 1212 1367 
67 88 588 712 887 1184 
95 341 490 563 574 735 807 842 956 1118 1269 
100 557 672 843 1172 
494 675 707 748 750 1130 1142 1161 1394 
312 623 1019 1033 1109 1262 
22 191 198 202 247 286 304 439 884 1047 1096 1223 1345 1355 1435 
113 240 289 908 912 1041 1115 1116 1179 1252 1401 1402 
90 218 331 515 1193 1205 1432 
179 669 732 1286 
3 135 192 228 524 583 936 968 1062 1107 1145 1425 
278 473 585 643 810 872 934 1021 1103 1249 1255 1331 1418 
44 74 121 157 746 835 946 1085 1107 1215 1297 1372 
231 446 451 473 599 657 795 800 819 939 1078 1181 
127 311 351 401 428 429 432 451 524 714 792 882 975 1041 
349 428 431 525 681 721 933 960 1065 1075 1099 1133 1221 1267 
59 209 236 360 415 634 720 826 841 1064 1343 
3 120 590 868 1007 1092 1152 1230 1419 
162 178 268 292 298 311 429 908 919 1005 1102 1299 1432 
177 210 305 613 884 1308 
301 343 438 451 456 719 736 990 996 1023 1123 1405 
55 495 550 742 787 1241 1289 
32 39 66 186 433 521 793 949 984 1002 1017 1040 1088 1201 1228 
18 32 206 298 350 615 1150 1186 1278 
179 212 252 279 321 497 735 895 903 919 984 1281 1386 1405 
1 416 456 647 768 807 885 963 1242 1278 1337 1346 
2 39 221 535 927 1042 1092 1168 1272 1278 
61 355 406 582 679 872 1141 1181 1199 1272 1401 1404 
234 520 626 631 743 980 1046 1218 1221 1285 1439 
88 274 411 545 562 691 728 849 993 1130 1379 
83 434 705 779 1058 1064 1101 1261 
58 109 116 222 234 529 550 630 639 665 857 928 1021 1066 1069 
11 109 208 324 383 542 649 912 1138 1296 1379 
91 249 414 552 555 610 641 683 731 778 822 901 1140 1198 1311 
114 151 163 274 678 684 740 
55 93 216 247 459 535 868 1049 
407 448 756 792 794 904 1023 1091 1124 1159 1227 1395 1433 
149 287 327 396 529 566 697 720 729 757 844 1023 1168 1412 
191 405 500 669 757 859 916 1013 1080 1105 1124 1227 1390 
202 333 447 657 732 1051 
76 79 108 464 670 806 1126 1241 1280 
322 435 527 589 781 807 839 1109 1183 1378 1433 1440 
122 261 398 717 848 961 1072 1084 1225 1417 
25 157 337 934 970 997 1044 1168 
205 287 343 347 492 556 562 676 684 725 794 832 989 1215 1322 
4 352 402 574 577 892 937 1108 1181 1224 1241 1271 
159 385 489 495 540 591 780 809 859 912 1146 1187 1228 1363 
8 161 174 221 394 449 695 919 1252 
75 149 178 313 518 524 670 734 887 1029 1144 1395 
41 60 152 168 195 206 543 614 736 866 1131 1329 1400 1407 
68 137 199 254 1123 1216 1329 
207 683 746 1051 1413 
29 136 161 187 368 648 759 762 881 943 1016 1122 1130 1170 1171 1320 1332 
197 201 340 358 522 750 809 883 976 1046 1254 1393 1420 
40 116 450 806 833 871 985 1089 1158 1334 1421 
39 41 191 261 490 513 520 528 646 695 760 1081 1104 1112 1238 1305 1358 
15 225 317 367 430 713 919 1124 1151 1207 1225 1280 1320 1377 
2 62 204 230 436 470 560 566 617 1157 1158 1273 
15 45 89 156 314 456 474 665 853 885 1042 1224 1310 1346 
36 225 383 384 520 721 749 810 889 1020 
78 80 90 383 387 730 810 875 927 956 1038 
52 146 425 617 878 1094 1245 
5 31 102 139 156 201 246 384 465 528 555 949 1058 1139 1335 1342 1377 
115 383 465 486 720 807 859 1006 1013 1150 1167 1169 
192 391 495 581 815 1027 1069 1089 1126 1371 
57 74 272 399 565 823 1025 1140 1260 
160 314 319 410 564 644 863 964 970 981 1186 
171 426 654 701 934 954 1124 
311 322 453 829 937 1326 1349 1388 1395 
81 179 286 307 320 362 389 542 550 582 646 650 717 758 829 876 880 1055 1247 1393 
41 195 320 375 661 662 839 1082 1156 1187 1190 
160 180 203 281 1276 
58 60 81 572 691 996 1102 1203 1338 1343 
16 348 587 674 712 731 819 823 986 989 1013 1164 1225 1348 1383 
81 125 154 203 211 280 611 805 823 825 964 1094 1096 1194 
69 223 244 281 323 507 513 623 815 891 899 1046 1051 1232 1301 
315 586 618 622 723 935 1048 1225 1250 1385 
94 183 268 365 382 529 593 743 1077 1138 1147 1155 1177 1304 1387 
14 350 408 561 600 1029 1044 1204 1218 1256 1306 
24 127 241 405 501 528 616 682 720 729 802 806 854 1114 1197 1202 1290 1386 
15 28 258 305 315 316 416 483 504 559 787 1100 1406 
25 149 183 423 726 796 973 992 1018 1041 1043 1115 1304 1404 
215 303 382 383 389 491 725 726 864 1214 1346 
85 308 782 823 933 934 1156 
140 197 203 318 437 500 636 668 669 803 817 1207 1276 1350 1410 
88 101 124 648 823 877 900 1014 1131 1337 1370 1379 
75 677 708 817 1114 1243 1256 1402 
80 129 389 394 427 543 625 760 925 1199 1384 
19 147 204 594 874 1237 1290 
211 321 358 625 629 688 748 815 1013 1127 1284 
56 89 188 268 284 331 404 577 702 1094 1128 1158 1206 1413 
56 103 263 280 285 602 627 677 714 769 825 851 943 1019 1161 1178 1288 1382 
43 492 561 606 723 855 1093 
167 212 476 558 855 1104 1170 1265 1411 
200 284 472 548 730 763 839 867 919 1015 1121 1147 1281 
97 138 275 347 409 596 622 670 688 769 1322 1403 
106 187 193 201 317 431 432 628 753 1163 1235 
36 37 221 470 489 595 694 761 895 1055 1217 
117 164 224 320 576 1069 1104 1120 
93 151 163 274 309 341 343 484 571 584 616 
91 269 274 470 1415 
20 102 136 306 426 466 469 497 587 605 823 829 864 1003 
46 217 314 485 549 715 738 901 1062 1084 
31 117 130 242 463 668 836 871 883 983 997 1027 1182 1240 1351 1387 
25 52 272 341 350 380 382 479 588 637 1082 
427 600 657 1364 
164 178 311 316 789 851 
124 134 163 293 318 462 789 857 926 1166 1266 
787 803 983 989 1190 1237 1290 
53 154 510 884 907 1104 1218 1284 1332 1351 
19 473 638 642 946 1071 1076 1218 1367 1402 
91 127 184 258 280 810 851 1101 1435 
124 136 147 199 206 497 544 603 774 812 1000 1023 1067 1074 1140 1403 1412 1439 
205 364 656 782 823 970 1140 1383 
18 127 155 173 316 449 495 535 564 1004 1137 1300 1366 1405 
32 109 468 750 820 868 875 896 1193 
211 471 551 604 861 905 1029 1049 1276 1312 1351 
144 217 432 918 956 1098 1207 1368 
61 88 188 224 247 316 566 750 990 1015 1335 
43 50 74 121 228 596 684 903 1304 
3 100 244 336 415 466 678 794 825 919 984 1160 1381 
26 222 324 371 424 495 541 560 594 603 1100 1120 1291 
221 311 451 742 1168 1175 1245 1261 1397 1407 1412 
15 211 413 461 997 1017 1069 1120 1179 1264 1415 1427 
25 138 246 576 605 720 897 943 1010 1291 1367 
226 373 561 791 1156 1284 
82 390 415 433 483 490 597 611 851 854 918 922 
144 303 326 346 528 559 743 962 1083 1131 1145 1199 1245 1367 
108 219 393 470 481 556 670 892 1126 1212 1271 
67 678 1125 1148 1284 
609 769 1017 1151 
359 407 453 512 526 614 668 671 679 996 1017 1058 1211 1245 1389 
111 116 238 252 448 813 905 979 980 1174 1234 1322 
12 42 115 117 123 126 165 185 600 810 816 1079 1081 1307 
9 71 94 214 507 632 713 722 796 924 973 1095 1274 1404 
449 685 697 742 1075 1131 1214 1248 1379 1402 
20 125 143 223 329 358 564 675 701 768 819 865 1070 1353 
59 85 241 572 811 954 996 1003 1037 1083 1116 1247 1357 1440 
329 333 444 503 561 705 731 756 953 1000 1030 1211 1232 1256 1299 1334 1393 
52 264 599 657 854 870 881 1249 1316 
191 204 211 289 344 577 661 695 751 776 1027 1091 
193 274 478 628 729 917 990 1113 1171 1206 1274 
87 109 188 218 618 736 836 881 917 954 959 1092 1172 1368 
254 500 647 787 792 835 877 945 995 1086 1150 
91 144 424 444 913 1105 
592 649 688 701 781 791 812 835 1050 1432 
109 146 314 377 640 816 910 992 1249 1255 1280 
167 532 536 568 1074 1081 1295 1347 1360 1416 
47 925 957 1337 
39 135 236 262 270 337 417 1027 1079 1155 1229 1338 1415 
84 244 689 783 808 1413 1417 
78 397 424 428 534 588 668 776 778 932 1019 1054 1059 1225 
148 277 391 674 682 782 783 787 841 868 935 1007 1113 1129 1169 1206 
165 347 422 723 768 970 1024 1039 1205 1233 1240 1317 
111 234 282 701 789 881 998 1161 1253 1419 
33 63 81 114 181 270 333 379 383 417 533 552 590 683 1065 1405 
231 384 547 597 714 841 882 895 1040 1064 1271 1278 1330 1399 1400 1429 
194 284 363 500 651 736 917 1198 1362 1391 
9 191 253 410 531 747 908 1160 1250 1282 
236 424 431 448 496 551 650 762 894 921 1196 1219 1261 1411 
310 400 406 446 664 689 710 761 835 874 913 952 984 1081 1109 
84 86 148 228 335 365 711 837 935 960 1007 1076 1082 1140 1224 1229 1370 1408 1420 
282 287 304 527 617 785 869 884 901 1249 1251 
516 745 748 867 878 903 946 1056 1316 
92 115 216 261 321 344 358 524 545 571 601 685 779 885 1164 1227 1263 
165 290 338 520 719 758 1261 1298 1366 1378 1403 1407 
80 117 121 200 264 395 404 483 697 782 992 1205 1241 1263 1267 1302 
187 357 516 595 598 614 688 1094 1096 1239 1266 
73 224 677 785 979 1281 1392 
160 733 919 956 1028 1079 1283 1362 1432 
95 189 224 302 352 698 859 959 1013 1179 1195 1302 1431 
10 209 213 415 925 979 1026 1059 1253 1414 
358 360 490 694 703 732 1260 
191 401 438 657 730 733 756 782 1006 1060 1235 1362 1386 1434 
106 172 193 305 418 456 550 840 1341 
6 33 123 481 594 617 720 952 1117 1175 1253 
51 92 195 196 283 345 358 398 533 594 859 1170 
31 56 246 263 564 667 687 926 1320 1358 
82 149 281 328 525 795 1045 1288 1418 
167 207 236 240 265 336 463 562 609 840 844 1007 1010 
358 471 559 597 691 791 930 1086 1213 1291 
390 400 438 543 756 797 995 1006 1011 1085 1260 1286 
178 485 528 559 697 745 780 965 967 1242 
29 49 108 235 260 329 402 524 738 770 976 978 1269 1278 1384 1394 1398 
35 595 693 703 803 805 911 919 1400 
39 149 209 907 1067 1190 1350 
3 6 112 172 177 334 359 402 431 901 956 1097 1214 1250 1337 
83 96 218 259 285 300 413 497 726 1007 1064 1225 1300 
36 81 151 372 1080 1315 1358 
227 310 362 462 562 578 677 829 972 1025 1048 1229 1231 1264 1302 1325 
98 156 209 239 271 449 496 549 551 757 850 1256 1419 
210 426 490 696 876 1021 1171 1363 1380 1408 
191 447 461 494 507 608 819 1120 1185 1343 1428 
119 398 413 548 558 851 972 1078 1081 1100 1221 
154 284 361 363 371 583 781 790 818 961 1009 1042 1070 1131 1168 1289 1366 1406 
9 63 68 435 483 505 546 647 758 883 1319 
40 134 291 339 365 434 1324 1425 
22 41 121 133 406 426 487 653 742 768 804 929 1150 
55 132 177 231 853 1044 1134 1271 1367 1370 1399 
87 135 345 516 672 750 1105 1365 1402 
134 253 330 353 787 1021 1186 1426 
7 35 62 67 221 226 269 310 343 653 719 785 790 823 864 998 1043 1179 1261 1304 
43 345 468 533 732 783 826 828 1025 1372 1401 
330 441 506 670 678 724 1041 1175 1182 1197 1241 1363 1378 
112 200 288 735 899 1066 1103 1389 
103 146 371 414 735 744 1075 1129 1258 1269 1334 1355 
15 115 825 1050 1195 1309 
89 185 248 253 254 261 349 467 493 583 769 826 839 967 1098 1351 1380 
349 414 459 509 612 641 703 777 1124 1188 1276 1283 
39 145 184 272 558 790 844 989 1000 1024 1103 1326 1329 1379 
27 106 188 336 770 924 1126 1207 1396 
206 319 321 811 883 894 970 1190 1210 1249 1363 
43 114 118 306 433 589 747 752 1127 1156 1211 1245 1246 1248 
17 38 169 396 438 595 803 854 913 1082 1133 1412 1426 1428 
171 379 563 576 634 638 877 1019 1215 1283 1386 
116 173 184 217 310 318 468 627 975 996 1109 1124 1367 
30 197 248 380 931 933 1030 1042 1068 1254 1284 1288 1402 
445 760 785 1021 1119 1152 1169 1176 1187 
193 442 470 859 874 989 1055 1110 1199 1321 1369 1397 
28 32 34 187 229 370 473 520 633 636 653 702 744 857 1093 1107 1359 1381 
246 410 581 723 874 917 1164 1246 
157 288 386 524 1031 1128 1288 
47 53 237 295 415 737 786 796 896 933 937 1064 1220 1223 1320 
6 10 39 203 238 514 718 722 774 800 828 921 930 1023 1233 
149 162 446 734 890 1208 1325 1347 1349 1387 1396 1434 
75 198 242 457 490 544 545 941 1055 1126 1223 
136 185 238 466 536 553 582 607 695 1073 1210 1211 1216 1217 
40 269 295 332 337 464 488 636 729 975 1084 
9 321 347 495 525 549 728 907 915 1002 1121 1348 
10 108 139 319 536 610 629 854 1006 1056 1125 1191 1375 
145 184 257 345 382 508 670 787 890 901 968 977 1046 1077 1118 1198 1350 1380 
68 71 76 174 447 474 502 618 673 678 852 1284 1305 1316 1326 1360 1377 
115 533 669 679 805 998 1058 1070 1082 1102 1222 1237 1250 
287 460 617 654 677 713 931 1193 1223 1229 1292 1427 
10 170 349 481 490 637 649 679 1000 1030 1239 1248 1326 
80 248 263 344 485 667 775 868 1237 1269 
29 94 212 470 493 638 665 1054 1060 1099 1147 1271 
10 302 461 620 639 835 972 991 1061 1146 1279 
33 85 306 313 595 795 944 1008 1044 1152 1197 1433 
207 279 561 743 768 771 903 1001 1116 1147 1153 1172 1323 1381 
96 291 499 548 862 945 951 996 1117 1187 1311 
96 402 598 697 880 1046 1087 1123 
71 115 443 495 731 842 1007 1151 1199 1324 1325 
8 13 14 97 124 246 288 314 577 852 1095 1145 1163 1182 1213 1323 
49 233 281 313 388 658 767 942 966 
269 418 500 536 750 850 1135 1161 1361 
220 286 305 339 392 732 1070 1080 1299 1333 
185 224 280 448 468 764 950 1009 1098 1102 1210 1257 1277 1320 1390 
51 426 430 531 544 602 974 1142 1319 1407 
48 101 143 255 342 445 511 600 685 701 826 829 1316 1379 1391 
231 758 1045 1116 1302 1309 
240 323 367 606 693 701 819 835 860 904 1037 1198 1233 1253 1292 
114 197 748 800 833 1240 1314 
35 56 63 153 216 288 322 361 445 464 881 1100 1164 1249 1339 1435 
168 270 362 374 444 659 737 744 823 1119 1150 1336 1415 
23 201 634 741 1106 1228 1273 1399 
18 19 191 271 456 458 974 982 1133 1400 
7 129 333 397 781 1113 1137 
39 235 460 584 976 980 1307 
16 184 304 465 510 739 823 960 1155 
93 303 458 598 693 768 1168 1248 1396 
151 216 352 400 1129 1269 1331 
68 397 847 876 1187 1239 1435 1438 
166 211 503 879 1009 1197 1207 1292 1354 
13 63 230 588 807 1246 
41 85 385 583 624 690 986 1269 1325 
185 845 916 1067 1165 1180 1209 1316 1425 
163 453 588 596 1070 1139 1149 1226 1257 1352 1395 1435 
151 167 211 244 306 473 603 654 1032 
158 204 229 328 479 583 605 687 1036 1187 1317 1362 
96 172 348 400 606 770 857 893 1173 1174 1185 1402 
150 250 515 713 933 1432 
67 246 402 577 661 783 803 845 869 897 1313 1349 
63 68 229 479 773 818 919 1067 1303 
2 140 380 645 731 944 994 1257 1438 
77 89 151 327 435 857 1221 1313 1440 
38 41 122 283 307 355 643 718 743 763 1076 1153 1287 1361 1375 
61 135 225 424 438 687 777 828 959 974 1121 1151 1193 1244 1372 1420 
75 270 294 347 394 512 564 696 891 1016 1082 1281 1418 
69 202 223 421 454 741 802 900 1157 1189 1301 
54 150 169 237 361 401 514 603 958 1208 1259 
91 282 342 355 438 528 681 708 796 842 915 979 1253 
217 245 320 363 366 526 758 772 773 840 994 1213 1345 
81 154 182 794 884 982 1183 
566 570 588 744 816 987 1071 1183 1213 
221 328 345 436 602 637 930 1053 1255 1348 1431 
88 135 200 813 984 1185 1200 1268 1413 
56 74 77 193 240 482 783 806 815 888 935 965 
270 279 326 382 408 474 508 542 833 1026 1051 
168 613 687 820 824 1023 1061 1207 
339 341 623 792 812 1010 1182 1202 1388 1399 
159 319 329 712 812 1158 
27 219 289 439 509 641 701 1008 1101 1242 1277 1340 
160 190 213 439 760 765 883 899 911 1004 1096 
32 63 230 243 289 346 736 810 986 1005 1146 1163 
187 529 692 722 725 1118 1186 1257 1319 
220 400 427 605 798 938 967 1023 1111 1323 
4 5 34 50 187 200 355 699 719 874 974 1011 1145 1146 1230 1237 1424 
341 351 546 604 927 1030 1193 1347 1384 1423 
57 184 240 317 453 472 500 520 732 804 812 813 910 1241 1335 
230 343 378 407 453 601 927 1316 1361 
130 238 243 409 417 464 497 572 599 879 917 1110 1406 
12 189 250 500 846 987 1377 1394 1404 
107 332 372 568 791 794 818 1010 1166 1168 1207 1242 1360 1405 
133 172 232 600 817 835 883 909 966 1002 1104 1163 1389 
175 225 442 521 677 725 754 964 982 988 1059 1170 1310 1438 
38 137 178 211 258 286 373 505 676 768 791 929 1015 1016 1027 1061 1264 1381 1413 
56 121 306 413 675 694 1208 1420 
229 300 455 460 537 558 602 674 680 954 1172 1173 1244 1371 1403 
21 26 225 365 403 489 498 572 600 700 706 753 830 857 945 985 995 1020 1060 1209 
86 298 396 500 601 603 734 748 891 1006 1107 1347 
3 144 353 677 1093 1214 1405 
123 148 384 650 683 999 1075 1410 1440 
148 218 329 448 521 931 1085 1095 1295 1351 
330 402 420 524 681 694 723 768 965 1112 
47 403 413 488 778 1392 
190 265 286 504 533 618 934 1065 1069 1439 
95 233 703 797 1279 1361 
249 546 638 646 658 828 901 926 933 1209 
228 260 458 464 514 536 879 936 1074 1166 1222 1276 1409 
7 25 52 226 243 250 347 519 529 863 897 906 1080 1150 1381 
133 227 287 634 1129 1271 
43 129 142 188 398 441 549 813 835 925 988 1183 1391 
308 664 859 1030 1297 
35 553 620 629 1016 1156 1177 1275 1280 1396 
341 466 541 676 683 749 
286 416 424 509 595 797 820 921 992 1030 1288 
1 31 67 86 109 155 159 560 647 764 941 1118 1157 1208 1264 1334 
44 51 313 406 504 535 551 610 727 842 883 1006 1109 1181 
159 352 363 539 830 939 1011 1026 1034 1056 1112 1176 1188 1240 1309 1353 1366 1410 1411 1426 
103 122 290 666 755 952 979 1002 1228 
85 278 308 353 678 754 759 1073 1198 
181 312 319 436 505 514 523 618 620 661 1136 1240 1286 1390 1414 
366 459 588 731 786 1013 1062 1184 1349 
235 320 332 541 553 577 686 733 879 948 1107 
12 67 232 837 1088 1148 1149 1194 1298 1371 1416 
131 356 399 507 865 1048 1310 
8 266 678 800 824 879 979 1091 1200 1203 1214 1337 1358 
53 197 373 812 919 1094 1182 1187 1224 1245 1281 
52 255 307 455 650 719 734 1023 1258 1309 1314 1347 1355 
74 174 943 1024 1028 1077 1100 1133 1147 1243 1403 
529 1222 1384 1406 
26 46 134 217 530 855 1103 1127 1161 1176 1188 
128 246 258 370 442 660 983 1115 1226 1358 1371 
76 119 127 286 340 354 425 503 602 640 995 1063 1219 
89 136 301 383 460 525 851 962 1052 
118 471 741 958 983 1375 1397 1430 
285 864 1028 1201 1239 1240 1304 1428 
165 411 438 945 1070 1142 1319 1392 1434 
29 191 344 592 645 753 790 939 1139 1184 1198 1285 1349 
257 389 534 570 666 708 724 1372 1425 
50 185 306 352 385 406 432 448 493 544 774 829 859 887 942 978 1098 1258 1383 
240 257 301 384 428 961 1070 1097 1107 1266 1311 
303 358 503 592 664 811 821 1039 1184 
36 445 461 522 589 683 975 1029 1086 1145 1222 1265 1383 1385 
137 282 572 719 753 1042 1148 1177 1334 
49 227 267 337 358 413 451 664 674 816 856 921 1209 1229 1274 1275 1351 1378 1421 
308 450 451 556 742 813 822 866 962 1105 1195 
105 184 193 308 697 784 878 882 951 1043 1086 1399 1422 
41 85 168 217 350 398 597 812 879 924 1082 1313 1411 1421 
15 40 181 311 406 448 510 596 743 1042 1059 1109 1174 1257 1259 1325 
10 161 275 346 429 463 542 826 920 932 970 1039 1118 1187 1322 1381 
109 214 240 402 442 507 611 643 702 837 849 893 976 996 1209 1290 
55 120 221 278 378 408 541 571 615 668 806 839 1119 1280 1318 
44 118 156 538 542 703 792 818 820 857 899 1052 1087 
239 417 593 679 708 823 920 1012 1190 1364 1389 1400 
216 371 393 573 574 1107 1155 1167 1359 
9 28 178 202 278 325 389 418 511 526 663 1002 1195 
591 623 813 1065 1171 1279 1343 1394 1430 
34 56 84 320 471 552 1014 1060 
86 111 186 219 628 1046 1259 1292 
144 156 163 245 403 755 813 915 1054 1195 1234 
56 104 125 185 304 306 352 624 648 715 1025 1167 1232 1437 
57 390 491 504 566 726 869 1066 1090 1261 1394 
131 397 446 496 608 645 729 974 990 1040 1100 1140 1143 1309 1353 
278 345 574 588 623 653 871 1304 1310 
10 88 191 199 532 551 1086 1229 1340 1348 1402 
7 130 223 312 353 381 420 913 965 966 982 1068 1220 
71 160 331 527 581 796 814 850 940 942 1423 
42 96 111 146 322 373 458 532 621 679 843 862 1065 1069 1084 1170 1331 1344 1377 
49 64 315 428 694 977 1041 1112 1230 1308 
139 373 422 484 487 568 614 791 905 951 1003 1122 1130 1338 
90 130 299 348 509 803 825 1262 1396 
41 47 77 291 581 788 862 870 920 1015 1044 1295 
79 314 324 465 678 718 724 847 932 975 1058 1222 
279 342 674 700 785 869 923 963 1031 1342 1403 1412 
145 191 262 318 368 699 740 859 1160 1164 1228 1298 1320 1327 1435 
193 279 405 507 542 550 826 992 1025 1116 1156 1232 
7 165 176 267 293 406 407 559 866 1159 1160 1195 1210 1291 1330 
25 99 438 534 564 619 651 836 966 1056 1071 1200 1207 1257 1433 
104 214 220 301 354 421 700 794 1176 
56 130 208 227 270 424 456 586 662 781 987 1021 1200 1271 1373 
113 362 466 529 858 903 1125 1149 1169 1377 1419 1424 
39 43 170 297 349 362 421 528 841 
230 463 645 869 1002 1093 1301 
11 146 616 696 1056 1076 1165 1172 1336 1398 
84 216 313 662 893 1083 1098 1112 1157 1176 1248 1265 1288 1343 
19 184 224 890 1072 1113 1260 1408 
13 83 101 341 613 847 995 1071 1108 1133 1220 1314 1394 
32 394 505 522 566 608 629 675 683 1199 1367 1379 
317 460 464 499 576 922 1223 1228 1425 
25 57 135 228 283 552 579 639 1050 1159 1222 
26 608 790 871 1008 1145 1313 1372 
10 182 301 651 1154 1223 1327 1419 
30 127 175 642 651 1293 
76 103 481 592 720 896 1002 1115 1221 1340 
69 296 326 604 845 1148 1169 1214 1407 1433 
113 197 212 509 520 1052 1215 1243 
1 201 317 343 364 577 646 793 829 856 1138 1205 1302 1428 1434 
52 103 198 402 520 684 797 845 954 1016 1047 1155 1280 
114 152 228 295 399 533 994 1012 1149 1285 1345 
170 415 551 1217 1356 
36 294 328 410 514 563 626 760 930 1032 1047 1069 1421 
51 144 259 318 452 482 521 535 542 925 942 1222 1351 
12 234 351 519 521 571 641 656 857 865 1058 1298 1360 
109 114 209 281 727 1000 1007 1035 1050 1072 1083 1087 1247 1385 
159 359 531 537 570 586 754 871 939 1011 1130 1146 1237 1248 1265 1293 1404 1417 
269 591 702 972 1241 1423 
48 224 335 390 449 477 512 521 569 599 823 973 1118 1247 
184 244 245 752 1026 1199 1306 1325 
304 475 476 523 909 1110 1173 1301 
209 210 563 570 578 718 771 829 864 978 1063 1382 1398 
79 148 226 349 369 494 514 549 672 675 750 965 1120 1134 1207 
133 289 383 405 512 659 733 1045 1108 1220 
2 116 391 777 928 948 1003 1046 1277 1304 
282 292 405 413 489 652 672 759 833 1000 
31 145 217 382 547 607 907 1046 
31 98 195 222 227 331 450 503 591 650 747 983 1018 1178 1230 1300 
148 248 310 550 686 695 778 923 1189 1213 1243 1257 1284 1367 1421 
89 97 665 823 856 918 962 963 1017 1052 1188 1215 1237 1410 1436 
156 237 268 804 848 1147 
56 137 196 285 382 592 621 706 826 831 1056 1215 1263 
185 880 887 963 989 1021 1288 1403 
127 160 291 448 648 842 909 932 986 1085 1197 1243 1260 
150 453 477 553 582 641 751 921 1089 1120 1248 
43 566 668 799 905 942 978 1033 1202 
50 247 443 553 601 1292 1344 1389 
3 220 409 423 448 656 732 937 967 1280 1354 1371 1410 
38 371 394 410 432 633 868 883 897 962 1134 1135 1169 1239 1325 1433 
98 152 519 894 1225 
361 415 422 839 1133 1247 1408 
38 48 136 140 301 380 428 429 480 502 663 1113 1189 1263 
55 68 119 265 506 580 722 1003 1323 
41 168 303 481 514 659 660 668 707 728 879 895 914 1183 1226 1228 1256 1370 
59 234 501 655 668 691 726 737 740 1063 1128 1294 1302 1304 1332 
250 747 869 981 991 1115 1150 1263 1371 
12 75 132 213 276 284 303 324 336 433 444 458 656 836 989 1055 1191 1197 1247 1372 
168 278 313 502 515 653 725 834 1117 1122 
54 159 361 453 455 673 860 1191 1325 1336 1373 
282 353 563 642 672 733 896 996 1066 1071 1081 1341 1391 
59 139 311 382 442 505 561 620 821 964 1155 1203 1276 1305 1347 
4 12 63 154 348 484 658 695 733 856 1077 1138 1304 
66 338 722 819 822 891 903 1010 1059 
79 182 214 402 726 821 1202 1209 1360 1371 
53 434 442 443 452 454 470 482 570 623 628 734 787 798 938 1204 1231 
64 180 658 706 1044 1082 1153 
108 122 312 443 460 489 575 751 954 978 1168 1215 1219 1316 
53 165 197 368 385 571 576 618 730 756 800 915 1290 1320 
43 181 200 1030 1046 1192 
139 159 239 367 571 592 646 687 864 1193 1410 
437 438 470 558 618 720 777 790 1064 1380 
678 698 952 1308 1333 1387 
87 159 183 800 981 985 1381 
71 103 120 183 219 366 413 920 966 1055 1303 1373 
281 423 621 657 794 946 953 1035 1205 
47 51 162 183 352 816 970 1022 1126 1353 
44 61 242 381 512 514 529 606 620 673 691 989 1038 1214 1268 1311 
281 472 511 758 815 842 893 915 1053 1063 1113 1173 1244 1357 1402 
38 66 124 530 704 731 904 1165 1317 
56 57 64 136 952 985 1058 1104 1122 
10 185 212 218 298 339 340 410 439 463 576 732 809 862 863 952 1010 1049 1364 
74 293 543 548 651 1055 1137 1153 
385 521 525 762 889 1118 1145 1249 1270 1373 
371 611 650 697 802 836 1046 1140 1258 1270 1392 1410 1428 
146 155 318 372 748 941 953 973 1044 1160 
3 59 406 548 578 889 917 1154 1427 
25 191 251 303 360 635 641 775 778 896 950 1052 1062 1135 1196 1202 1403 1409 1439 
142 186 671 880 894 1002 1263 1386 
39 207 319 631 753 767 1092 1228 1381 1402 
2 193 196 342 364 411 799 864 900 
398 731 861 866 1167 1340 
86 294 359 559 614 747 1020 1238 1403 
6 268 276 344 355 460 475 480 495 562 714 932 1021 1139 1250 1279 1299 1309 1404 
187 600 612 885 1071 1219 1227 
138 330 427 567 996 1066 1069 1071 1168 1226 1323 1439 
47 109 173 318 319 341 448 495 508 582 598 929 968 1020 1048 1071 1240 1324 
124 461 462 711 908 931 976 1016 1103 
71 77 97 156 317 725 777 798 820 887 898 982 1108 1303 1328 1341 1374 1375 
104 143 271 400 476 588 639 644 678 733 783 954 1100 1145 1224 1413 
176 761 870 957 1068 1277 1293 1308 1322 
178 294 359 361 407 415 432 539 545 587 692 720 755 1146 1181 1191 
46 121 620 817 1222 1269 1316 
319 485 849 938 1186 1233 1301 1398 
20 159 609 748 752 839 1406 
27 97 140 435 689 839 1228 1280 1331 1363 
8 39 243 277 451 470 570 716 790 828 848 899 1035 1043 1044 1084 1344 1411 
184 193 364 505 705 783 897 911 1127 1132 
165 418 726 757 849 881 890 1117 
103 216 228 331 463 532 1066 1241 1293 
32 386 404 484 521 604 807 883 890 947 968 1112 1259 1304 1437 
345 531 641 742 754 763 814 1099 1136 1184 1237 1385 
239 297 326 508 752 858 1053 1151 1424 
423 472 744 771 785 875 1053 1217 
10 138 313 380 396 947 1171 1192 1324 1354 
940 1053 1056 1062 1314 
95 341 457 529 587 589 666 885 1090 1242 1362 
158 228 357 429 484 871 935 1038 1157 1215 1268 1322 1353 1381 
155 283 438 560 631 1109 1140 1233 1326 1359 
57 454 512 583 1023 1163 1171 1203 
89 90 166 430 532 727 1008 1268 1337 1419 
10 131 209 260 349 632 670 688 703 706 728 812 912 934 1062 1120 1156 1199 1238 
325 438 610 801 846 961 1029 1305 1346 
333 421 508 511 523 622 866 957 1028 1101 1142 1168 1343 1392 1399 
158 166 237 331 383 525 727 886 990 1128 1244 1303 1320 
18 22 89 293 422 472 564 580 662 673 697 807 868 1080 1102 1193 1195 1250 1420 
82 91 157 184 358 375 388 478 531 652 981 1093 1351 1361 
288 297 394 427 533 852 874 1041 1344 
45 49 114 121 301 882 1095 1145 1183 1361 1377 
5 185 370 417 720 801 856 902 907 1106 1117 1166 1185 1398 1420 
61 117 656 924 998 1193 1224 
19 221 271 428 841 844 911 1156 1265 1372 1404 
39 102 593 599 766 866 868 970 1222 1325 
212 266 291 321 444 647 679 821 1011 1043 1045 1141 1349 1414 1420 
119 157 176 268 345 414 497 919 994 1017 1034 1175 1369 
160 228 328 639 731 765 836 940 972 1020 1027 1031 1039 1229 1257 
3 111 341 528 580 808 846 1105 1181 1220 1272 1309 
165 238 265 393 466 525 812 1011 1074 1192 1248 1288 
124 341 348 484 591 774 818 845 935 1417 
110 199 493 641 689 807 865 1109 1269 1285 
50 114 315 349 856 1221 1300 
100 117 239 444 573 662 733 864 1266 1364 
146 302 334 454 648 848 
140 288 402 471 531 555 599 687 903 1113 1209 1304 1350 1393 
37 143 887 963 1032 1313 1426 
19 82 89 279 393 488 532 608 761 821 901 1028 1079 
102 118 184 405 620 837 941 1063 1294 
112 138 177 485 501 750 804 1291 
130 269 689 948 950 1030 1178 1324 
115 116 266 478 554 597 795 887 1078 1150 1234 1272 1330 
358 376 387 527 855 1058 1098 1161 
27 65 187 190 673 789 802 1091 1185 1329 
64 155 515 668 1348 1369 1373 1399 
185 243 284 553 662 865 889 1193 1276 1354 
367 376 401 415 879 916 1361 
244 347 513 529 582 746 922 936 994 1194 1406 
58 812 1024 1109 1139 1143 1249 
86 130 196 332 597 650 740 826 836 1036 1049 1422 
106 148 333 407 635 912 1002 1007 1136 1213 1271 1300 1344 1400 
38 55 260 510 511 526 589 670 844 1070 1114 1158 1285 1328 
297 486 495 798 926 1295 
236 270 387 393 416 425 463 489 538 553 642 707 892 1065 1101 1214 
155 181 287 296 730 734 752 832 1032 1071 1105 1205 1242 1375 
95 244 528 592 695 725 803 1029 1035 1065 1139 1239 
49 81 354 495 769 913 1090 1218 1275 1368 1410 
13 74 351 754 797 1159 1200 1234 1300 
318 503 579 728 888 1284 
38 76 86 456 517 540 691 782 1354 
113 138 202 293 307 315 476 546 687 918 959 1004 1024 1097 1141 1161 1236 
232 245 395 429 667 669 1044 
227 400 793 973 977 1196 1336 1406 
19 155 157 330 566 675 854 939 951 1001 1037 1061 1107 1302 
261 549 592 654 781 1068 1079 1128 1390 
5 144 258 288 331 585 602 682 855 935 1196 
66 520 730 753 802 851 1043 1065 1086 1088 1210 1275 1439 
182 185 220 232 255 384 452 585 591 640 687 968 1060 1207 
8 347 380 412 436 452 685 879 1179 1311 1372 1412 
106 154 198 304 445 521 530 656 875 896 931 1029 1040 1106 1242 
122 176 276 379 688 913 1111 1174 1181 1231 1438 
155 281 414 437 591 806 953 987 1062 1107 1155 
218 290 665 823 861 1039 1046 1135 1297 
109 344 367 382 698 718 785 929 962 1010 1095 1162 1313 1347 1419 
316 352 368 747 873 893 1224 1309 1324 1418 
159 247 268 594 696 843 904 1052 1241 1321 1368 1421 
613 720 747 782 804 1203 1311 
329 342 421 460 493 709 1151 1181 1251 1379 1400 1439 
81 276 342 353 607 643 946 965 1153 
18 153 512 609 678 717 1122 1206 1232 1269 1283 1309 1417 1434 
203 295 307 381 479 532 833 944 1032 1112 1265 1277 1406 
19 322 868 872 1066 1239 
703 793 906 1072 1393 
3 33 331 391 431 1017 1374 
63 121 298 616 845 906 959 1015 1076 1118 1225 1236 1273 1309 1320 1362 1392 
57 224 344 609 727 750 929 1124 
56 77 529 544 699 830 838 839 1009 1198 1259 
201 284 507 833 843 937 1178 1256 1263 
67 78 436 506 511 677 778 825 857 1197 
17 1239 1314 1339 
145 329 371 429 486 538 555 968 987 1022 1296 
16 43 72 140 148 178 186 226 233 517 858 881 1013 1296 1305 1391 
172 183 209 321 327 649 715 1062 1259 1270 
9 56 92 511 539 646 926 950 1332 
3 165 183 384 530 628 1403 1404 
70 242 335 411 563 721 880 984 987 1036 1112 1210 
28 74 117 121 133 205 240 241 250 303 496 714 726 798 807 939 1078 1315 1316 
219 291 297 394 754 798 801 902 984 1249 1258 1426 
39 157 317 362 435 443 674 819 1069 1150 1224 1349 
91 106 145 352 551 656 683 746 791 944 1082 1134 1226 1287 1311 1391 
151 206 254 316 360 613 673 746 758 832 1357 
132 140 551 576 665 806 1040 1109 1256 1387 
105 136 226 379 599 854 868 933 956 999 1034 1132 1327 1384 1418 
183 213 1089 1093 1321 1323 1346 1384 
83 136 267 412 435 482 522 580 730 834 890 1132 1371 1401 
151 190 1198 1389 1423 
199 558 562 606 786 893 1013 1216 1246 
2 149 450 503 787 843 928 989 1211 1221 1261 1265 1337 1341 1373 1378 1386 
617 625 646 666 743 1093 1158 1239 
163 360 383 584 596 723 753 999 1067 1334 
127 422 552 627 731 855 1331 1403 
60 135 177 207 303 599 749 928 1207 1208 1229 1232 1278 
36 84 183 255 283 552 720 790 804 825 1012 1233 
59 501 537 540 650 699 706 989 1293 1382 1392 
209 397 501 627 1033 1231 1277 1289 1418 
243 368 435 814 831 884 1081 1295 1434 
84 625 652 674 746 856 996 1202 1358 
227 304 472 477 712 715 796 1148 1300 1313 
45 73 124 246 251 391 393 489 529 655 961 963 1024 1079 1107 1169 1299 
185 224 256 423 678 831 838 1000 1174 1193 1212 1284 1317 
2 115 318 442 634 663 802 1014 1236 1371 1380 
96 287 330 653 671 760 937 956 961 
674 691 1293 
269 413 442 477 578 587 801 815 835 973 979 1198 1319 
92 115 306 312 389 487 510 743 882 1048 1247 1285 1433 
57 175 606 814 1087 1148 1188 1248 1309 1428 
53 157 249 333 450 515 535 695 756 1225 1246 1265 
73 213 298 337 398 1001 1022 1163 1259 1282 1309 
6 69 248 294 354 643 651 779 892 913 1007 1035 1220 1235 1264 
13 134 151 325 512 550 678 713 767 1039 1104 1113 1189 1406 1407 1428 
172 189 303 389 441 500 506 584 609 731 818 853 982 1002 1011 
159 160 322 331 412 472 492 1176 1264 1295 1352 1376 
144 523 570 601 888 1254 1261 1288 1304 
92 126 221 681 968 975 1320 
122 126 225 481 507 578 603 784 794 985 1007 1104 1198 1249 1336 1351 
286 608 929 993 1108 1151 1396 
38 391 597 673 699 736 763 774 846 916 996 1085 1313 1337 1376 1387 1411 1431 
248 364 470 506 750 793 811 1012 1030 1089 1098 1198 1248 1288 1363 
43 314 483 662 926 1016 1205 1405 1415 1419 1429 
74 119 262 340 387 663 1295 1316 1356 1390 
21 108 170 186 432 542 550 598 679 697 1264 1348 1367 
52 127 283 360 366 386 521 530 548 556 611 784 916 994 1000 1051 1123 1334 1426 
273 607 661 771 878 1054 1069 1132 1186 1426 
91 250 336 347 563 616 632 952 1113 1175 1236 
5 158 493 548 659 672 821 839 939 1064 1135 1160 1275 1364 
97 315 339 550 666 698 785 891 895 996 1200 
170 363 734 779 978 1003 1018 1049 1152 1173 1198 1348 
66 407 432 442 458 539 702 957 972 1082 1225 1354 
278 283 454 738 986 1017 1348 
30 44 202 463 487 675 752 950 1042 1266 1341 1354 
91 421 647 675 693 778 855 1004 1084 1197 1314 1334 
14 60 170 200 391 492 499 500 798 892 949 1014 
450 796 1012 1040 1049 1337 1395 1418 
374 460 520 583 1094 1424 
428 678 850 854 893 1050 1255 1366 1410 
355 380 400 560 569 586 760 801 851 1024 1034 1177 1237 1370 1378 
267 366 834 956 993 1414 
25 40 69 389 405 406 481 592 658 665 708 877 1039 1175 1276 1314 1371 
19 522 578 709 914 926 984 1021 1062 1305 
129 217 220 434 558 571 741 756 1032 1140 1162 1341 
120 156 540 657 698 788 1032 
163 356 433 472 509 518 675 893 1044 1059 1061 1114 1129 1280 1349 1417 
40 94 323 538 709 716 881 903 1055 
116 417 447 485 723 880 921 935 1035 1413 
70 91 294 339 344 507 585 603 667 692 695 827 906 1003 1114 1202 1207 1367 1383 
164 218 226 240 241 590 754 893 1099 1110 1316 
143 274 637 781 902 920 946 1025 1026 1159 1380 1430 1431 
53 289 330 362 374 804 980 1061 1076 1106 1166 1245 
128 321 698 892 968 1021 1081 1117 1172 
350 784 833 864 921 994 1029 1126 1310 
90 167 221 291 638 915 961 1122 1156 1168 
63 158 251 506 620 929 1054 1074 1101 1131 
27 119 326 334 429 835 875 
283 522 722 730 893 938 995 1023 1141 1216 1241 
87 391 525 743 935 967 1018 1337 1406 
26 41 70 166 209 271 376 383 450 572 749 885 1058 1065 1166 1210 1217 1271 1400 
182 395 427 563 585 724 729 1015 1056 1130 1245 
169 243 450 570 727 864 891 932 1123 1203 
151 266 412 447 567 607 752 824 843 864 927 1027 1173 1227 1323 1365 
139 345 547 619 792 891 1069 1436 1438 
65 190 397 422 444 599 610 739 793 795 827 842 938 1081 1195 1199 1312 1315 
225 254 375 778 781 1119 1290 1295 1333 
173 266 333 445 558 705 854 990 1161 
108 164 354 404 485 839 915 1012 1018 1329 
201 296 514 575 770 784 1020 1089 1361 1437 
1 92 134 167 408 420 444 657 1007 1055 1132 1209 1331 1374 
219 714 733 776 798 845 941 1206 1309 
182 286 654 836 870 871 873 1060 1286 
183 207 275 520 605 740 1008 1037 1060 1069 1070 1074 
17 43 143 155 174 191 438 466 587 594 815 832 840 1028 1051 1173 1212 1303 
261 357 532 598 698 758 764 800 873 1042 1086 1099 1256 
259 350 357 1151 1226 1244 1437 
187 399 431 500 601 753 783 838 908 1041 1284 
27 520 540 674 729 821 1027 1167 1176 1220 1236 1244 1356 
115 296 542 605 678 738 933 1053 1054 1298 1304 1319 1411 
111 288 606 658 675 929 1027 1033 1147 1338 1425 
213 348 379 471 702 845 873 879 937 958 1024 1109 1135 1228 1230 1386 1400 
127 177 310 713 790 813 836 904 1162 1273 1343 
53 140 385 399 525 556 591 829 1010 1209 1301 1318 1370 
47 187 322 384 524 685 737 748 919 921 932 1041 1183 1227 1270 
41 105 167 189 198 211 221 400 573 742 818 853 867 947 1234 1302 1398 
481 554 635 642 975 
29 138 190 309 585 746 858 930 1096 1122 1290 1323 1400 
43 221 225 250 266 400 433 467 492 685 748 781 853 964 1008 1045 1054 1325 
113 211 341 505 563 601 615 636 717 721 917 1054 1169 
129 172 479 653 758 767 818 852 853 854 920 1114 1262 
177 209 248 411 766 784 948 1094 1107 1144 1262 1372 1397 
152 189 245 331 595 700 1116 1216 1316 
101 183 275 481 516 688 895 1037 1054 
199 205 384 504 574 681 1388 
355 479 530 645 764 950 1033 1263 1291 1342 1433 
176 177 229 446 599 709 820 1127 1218 1378 1425 
50 137 382 562 907 962 1118 1181 1282 1317 1391 
99 190 286 502 518 538 903 930 984 1087 1094 1278 1412 
42 154 407 557 615 689 883 1103 1163 
122 306 424 502 516 529 562 818 981 1034 1046 1102 1202 1250 1273 
30 111 439 473 530 582 601 647 728 824 965 1013 1159 1170 
189 208 496 506 765 784 1119 1160 1350 1375 1412 1438 
143 328 411 471 596 748 864 1016 1102 1113 1134 1172 1344 
56 163 211 214 357 381 550 682 802 1002 1125 1153 1335 1384 
246 304 512 549 723 727 745 932 1056 
55 96 141 221 323 610 733 784 991 1079 1292 
391 704 932 1144 
35 137 288 366 423 433 803 969 1003 1050 1185 1211 1221 1344 
167 742 874 922 1327 
117 405 509 706 909 1205 1322 1426 
143 212 344 358 386 395 511 847 1219 1318 1395 
51 54 461 588 680 763 884 969 974 1142 1198 1310 1358 
78 229 283 351 430 443 459 536 707 1019 1072 1079 
82 229 259 503 612 682 886 939 1185 1217 1284 1413 1415 1436 
112 191 291 295 375 443 536 662 1068 1169 1194 1242 1320 1330 1371 
95 234 274 555 721 926 1349 
4 19 323 486 576 616 720 765 908 1003 1274 1416 
1 90 384 605 869 1031 1056 1279 1285 1363 1370 
201 265 270 322 449 490 562 622 709 743 857 1231 1251 1253 
76 191 250 277 399 480 661 881 919 1037 1219 1264 
292 387 441 601 616 883 1081 1084 1130 1269 1310 
6 37 380 573 578 711 855 1080 
84 424 462 467 478 673 838 995 1000 
115 297 407 513 568 726 894 920 1204 1329 
96 137 158 177 218 624 887 935 1033 1236 1323 
153 234 360 379 381 588 679 703 721 735 929 937 984 1072 1176 1303 1428 
118 414 767 792 856 1001 
374 410 529 584 697 729 876 897 914 967 1062 1190 1225 
20 156 219 232 587 670 789 1031 1242 1267 1425 
63 248 366 665 936 1134 
75 217 424 683 698 749 765 868 946 961 1258 1266 
223 254 510 521 626 766 810 836 901 995 1009 1084 1147 1243 
2 158 448 455 917 1027 1030 1071 1370 
20 160 376 450 712 774 814 
11 64 216 308 376 506 608 619 756 1073 1233 1415 
84 101 130 242 544 609 816 866 887 1034 1204 1388 
169 236 333 341 371 599 664 696 730 787 841 950 1078 1178 
22 310 586 623 732 1047 1083 1160 1207 1290 1332 1360 
23 235 318 467 490 492 561 791 803 879 1143 1219 1330 1337 
280 463 597 646 1242 1374 1394 
48 59 228 253 421 750 816 838 945 1036 1068 1300 
13 389 419 610 1007 1043 1214 1239 1343 1389 1392 
12 89 203 222 405 407 425 436 577 584 951 
269 498 598 761 1085 1336 1428 
46 114 161 164 329 409 433 497 579 594 834 1035 1215 1290 1357 
93 97 118 458 581 711 865 1077 1203 1249 1301 1314 1359 1396 
459 590 813 882 930 1172 1205 1300 1331 1334 
14 36 86 299 521 574 630 690 1027 1139 1216 1289 
8 15 94 135 373 398 421 750 785 1042 1102 1369 1389 1418 
36 85 134 319 367 418 454 496 504 563 1037 1139 1217 1257 1327 
865 968 970 1008 1051 1145 1148 1309 1361 
3 64 166 350 384 582 625 709 767 809 1167 
18 42 65 92 567 791 807 965 1084 1111 1379 1418 
110 288 292 360 614 807 845 938 1010 1062 1258 1299 
123 355 701 869 916 
49 240 483 626 840 
143 268 281 401 446 777 820 1166 
126 161 172 185 238 307 350 431 636 718 851 914 921 1129 1131 1258 1261 
260 402 434 481 482 530 743 842 876 1025 1201 1331 1403 
3 174 187 233 396 891 926 1039 1350 1377 1422 
32 154 293 373 617 717 881 1093 1365 
143 184 743 914 1120 1148 1286 1291 1423 
5 68 176 417 1072 1088 1433 
37 223 379 496 612 666 723 771 841 857 886 1132 1363 1379 1425 
244 415 606 663 666 785 859 1175 1320 1391 1405 1434 
120 143 446 463 605 608 709 799 1061 1113 1185 1187 1190 1274 1395 
81 251 273 498 704 724 775 983 991 1132 1143 1388 
141 636 704 761 779 1362 
171 287 392 432 512 566 623 689 814 907 964 1281 
94 172 320 324 425 499 611 646 870 943 1001 1057 1434 
243 271 386 586 607 1012 1160 1226 1236 
161 217 295 608 645 824 840 944 1085 1287 
286 342 772 844 1163 1221 1230 1343 1426 
99 154 346 446 518 628 735 778 819 937 1436 
49 163 189 249 339 439 452 494 581 693 756 879 889 1036 1398 
49 105 130 139 292 426 648 696 765 875 
92 329 423 426 459 660 917 974 1188 1262 1339 
259 280 330 405 757 770 923 1032 1082 1414 
27 205 489 527 755 757 843 1010 1083 1119 1152 1172 1222 1223 1395 1439 
90 130 222 285 303 373 460 523 614 711 908 926 1048 1386 
166 280 352 939 1025 1063 1165 1354 1369 1427 
29 329 465 612 663 673 877 993 1080 1154 1244 1261 1286 1360 
169 442 533 589 622 755 1338 1387 1392 1416 1432 
202 225 232 635 764 837 1162 1200 1202 1302 
21 332 476 672 688 887 1033 1041 1138 
286 349 432 735 741 849 1059 1133 1212 1341 1422 
19 262 395 406 412 491 563 629 672 825 853 881 1036 1188 1235 1338 1403 1418 1431 
432 521 586 761 775 807 984 1070 1096 
18 151 205 421 462 545 674 748 1082 
24 33 421 510 560 737 872 877 1211 1239 1300 
37 48 227 372 511 608 677 764 1034 1084 1128 1160 1431 1433 
1 75 102 107 297 639 677 789 836 1012 1044 1055 1399 1433 
62 209 272 293 369 501 639 729 936 985 1286 1385 1413 
144 188 247 491 544 572 892 1009 1023 1146 1259 1307 
10 223 242 369 586 698 711 759 765 997 1059 1107 1191 1284 
112 220 446 693 724 1021 1409 1416 
460 796 906 953 1118 1226 1440 
69 129 253 344 376 492 539 570 934 1212 1429 
203 265 635 1202 1229 1278 1348 1369 
315 382 396 414 697 859 894 936 943 1078 
19 68 228 248 472 572 612 659 707 1373 
32 50 168 200 299 315 325 410 652 653 691 812 886 1065 1305 1362 1375 
29 217 370 702 718 722 869 
37 62 317 561 639 655 887 909 1089 1095 1147 1216 1274 1279 1290 1371 
4 39 277 300 392 435 569 664 861 1008 1352 1437 
14 112 216 304 415 439 586 609 631 638 707 730 1147 1209 
16 38 129 577 698 711 798 991 1158 1168 1239 1350 
27 271 363 648 797 810 995 1193 1437 
19 45 201 257 272 439 477 554 580 734 1109 1147 1269 
141 197 215 267 598 815 817 859 1176 1232 1285 1315 
88 328 827 872 895 
172 276 377 484 602 646 667 828 883 888 911 985 1189 1201 
179 241 244 338 443 704 913 1096 1233 1294 
21 539 575 726 736 740 757 883 1046 1316 1323 1371 
81 191 361 528 845 928 931 1315 1341 1387 
61 172 307 448 572 607 632 802 815 954 1016 1432 1435 
13 21 40 79 120 170 305 402 526 599 620 700 718 952 971 989 1000 1003 1012 1093 1316 1370 
127 153 354 355 396 456 496 587 611 768 788 879 1046 1282 
76 655 706 758 760 923 1011 1165 
9 135 198 391 716 1140 1193 
72 92 165 448 659 804 822 845 982 1030 1081 1165 1180 1281 1331 
3 93 225 441 706 819 877 942 1043 1127 1340 
19 293 447 823 1105 1117 
108 327 377 522 535 777 833 920 1004 1091 1128 
100 145 338 459 510 521 945 1052 1247 1388 
320 425 453 486 579 632 658 672 758 791 933 977 1030 1119 1297 1338 
10 40 98 191 593 649 676 696 977 1256 
13 50 94 96 198 240 635 678 687 725 731 822 901 1051 1064 1187 1419 
225 240 354 580 595 616 757 932 961 1041 1233 
77 168 265 293 313 500 507 581 595 973 1089 1171 1315 1346 
289 369 497 985 1055 1167 1179 1351 
68 71 88 118 210 212 218 225 275 549 612 651 653 797 916 1232 1238 1363 1389 
92 107 451 504 555 680 706 775 835 919 1123 1387 
188 381 413 583 776 798 800 825 875 1126 1293 1317 1352 1368 
194 229 244 419 595 972 1039 1073 1129 1185 
173 225 271 319 466 595 780 871 1041 1095 1131 1221 1380 1392 1404 
33 77 108 197 268 397 447 478 479 922 1077 1371 
7 49 289 528 713 825 852 1092 1101 1120 1284 1364 
148 591 746 767 792 894 994 1059 1272 1276 1327 1334 
45 224 347 384 397 562 644 774 898 973 1089 1154 1217 1401 1412 
54 120 148 241 601 688 710 723 753 770 782 860 890 1160 1251 1282 1294 1316 1323 1440 
215 223 313 326 375 591 594 602 769 772 1160 1294 1392 
131 251 331 364 414 427 530 707 857 888 940 964 1320 1334 
86 411 425 442 445 520 556 808 950 992 1013 1109 1234 1379 
19 47 89 196 272 636 712 812 853 965 1057 1152 1178 1275 1283 
405 407 533 852 1044 1065 1310 1326 
391 415 624 699 755 769 812 847 863 1062 1260 1374 
123 180 200 337 518 530 558 602 725 745 893 977 1180 1247 
2 15 179 331 386 666 749 796 1062 1154 1359 1413 1419 
202 558 823 936 980 1100 1403 
444 507 741 756 945 977 1191 1213 1430 
94 100 264 366 522 592 620 861 876 978 1116 1194 1210 1358 
13 54 66 205 261 272 298 313 363 501 740 907 923 1066 1225 1247 1255 1256 1322 1367 1418 
43 70 132 170 307 465 542 994 1168 1310 1352 
38 219 227 926 950 986 1009 1059 1106 1152 1393 
140 156 225 457 477 601 604 666 785 798 869 1021 
18 37 51 286 424 850 879 1213 1291 1362 
87 120 205 264 536 603 631 716 807 921 947 955 974 1123 1171 1188 1338 
109 173 295 472 522 621 698 701 716 854 1306 1416 
316 364 390 409 414 535 572 668 786 867 941 1039 
10 73 330 351 394 551 661 672 874 920 935 1096 1110 1121 1349 
90 166 189 314 336 455 709 776 797 802 1113 1301 
51 646 677 836 882 1057 1059 1163 1392 
284 314 430 491 496 500 581 707 1033 1042 1267 1339 
222 242 338 581 589 633 972 992 1299 
307 328 438 506 784 787 809 815 990 1206 1229 1234 1253 1263 1305 
299 504 581 603 629 765 785 803 895 991 1003 
97 164 380 508 515 531 580 622 841 914 963 1000 1127 
12 309 445 527 555 601 851 883 1081 1288 1368 
16 51 259 531 943 1100 1222 1266 1314 1381 
143 304 376 416 1265 
237 329 523 540 544 620 650 1100 1247 
23 28 208 246 328 422 585 998 1278 1324 1392 
63 131 205 215 380 515 654 1020 1234 1346 1348 
69 117 225 447 455 507 559 812 953 967 1056 1208 1234 1373 
36 616 636 643 664 729 758 797 893 1131 1316 1385 
574 708 720 842 963 1112 1135 1139 1352 1393 1424 
4 27 82 116 649 729 739 868 952 958 993 1175 1309 1378 1406 
91 243 250 317 434 541 550 766 802 1228 
49 92 399 491 528 534 570 742 973 998 1139 1163 
2 156 189 200 231 363 374 751 1071 1072 1158 1285 1353 1393 
123 151 259 304 315 533 535 800 810 814 846 953 1076 1247 
364 492 558 675 696 994 997 1006 1101 1364 1426 
262 342 462 723 765 785 889 946 973 992 1252 1346 1376 
7 175 252 476 536 721 899 1015 1112 1251 1311 1425 1437 
48 140 170 217 291 384 535 1110 1245 1299 1328 1332 1354 1401 
23 64 203 312 655 835 875 878 1291 1296 
16 113 152 371 552 574 604 630 634 860 897 945 1102 1190 
62 67 104 107 228 230 276 841 842 958 1065 1337 
23 414 497 525 567 605 690 760 916 1041 
110 237 395 396 894 907 1220 1331 1373 
426 624 950 1063 1081 1276 1278 1387 
144 351 503 510 725 1098 1147 1185 1303 1408 
65 195 273 693 725 922 932 1010 1226 1418 
153 309 312 440 453 485 577 688 819 911 1023 1220 1273 
52 288 313 616 661 793 858 946 980 
106 337 392 394 395 525 552 977 1079 1180 1254 1273 
84 136 277 606 686 737 851 1099 1185 
272 409 425 515 693 732 778 806 863 1027 1308 1355 
29 46 57 393 463 537 647 707 1150 1202 1295 1377 1439 
58 116 145 199 527 993 1078 1199 1222 1292 1342 1424 
242 538 577 583 945 1226 1315 
26 249 458 478 494 498 585 600 797 924 985 1058 1095 1176 1219 
74 76 223 349 397 718 779 897 917 990 1099 1191 1262 1325 1342 
60 98 151 248 299 345 378 550 701 1053 1143 1163 1174 1359 
16 26 41 236 243 364 645 965 1153 
84 267 316 460 547 585 590 695 765 801 895 998 1003 1250 1330 1343 1358 
132 256 281 390 563 980 1129 1294 
91 95 156 298 448 457 477 731 826 1047 1068 1119 1126 1185 1342 
205 270 280 490 493 549 757 905 1076 1143 1238 1268 1410 1431 
74 602 620 632 739 805 1087 1282 1440 
118 173 239 307 311 773 785 858 867 979 988 1215 1371 
108 116 178 200 813 904 1194 1222 1223 1289 1300 1312 
10 321 516 682 752 918 981 997 1005 1047 1281 1424 
28 68 74 136 217 354 401 956 957 1268 
32 96 98 100 104 329 354 381 692 938 1207 1360 1388 
157 341 534 704 755 783 1060 
23 193 387 507 615 851 984 1135 1246 1267 
131 250 271 483 556 796 898 916 923 983 1122 1128 1171 1294 1356 
214 352 444 648 763 789 861 1064 1127 1243 1384 1396 1405 
26 103 535 539 558 619 777 813 929 1066 1165 1314 1386 
64 129 253 642 832 856 882 1055 1107 1274 1344 1430 
76 153 323 446 450 488 570 716 744 793 813 820 868 901 998 1060 
154 352 424 600 819 880 957 1024 1183 1247 1308 1351 1399 
71 447 788 1240 1433 
75 231 502 627 1175 
110 287 388 749 830 858 1280 1305 1336 
23 199 232 300 575 619 698 708 743 851 894 940 945 950 991 993 1052 1132 1259 
2 73 106 184 206 301 427 674 705 744 1035 1093 1102 1227 1235 1360 1424 
6 229 402 609 721 835 934 942 965 1266 1359 1393 
334 339 354 485 1046 1294 1358 1439 
81 88 641 644 728 771 902 939 983 1002 
621 708 767 873 955 1016 1023 1127 1251 1302 1378 
557 962 1046 1191 1196 1211 1283 
160 308 346 508 532 600 618 635 669 825 860 962 1005 1031 1073 1195 1198 1222 1257 1438 
522 638 837 985 1078 1215 
115 123 130 255 288 732 1064 1092 1330 
191 196 239 564 617 664 717 989 1060 1323 1366 1408 
38 196 306 340 354 421 425 546 591 616 755 826 882 950 999 1096 1146 1224 1341 1436 1440 
48 117 587 941 969 1355 
42 139 168 289 413 464 501 730 858 875 1091 1234 
24 194 288 608 612 665 811 853 969 1044 1068 1106 1195 1222 1319 1364 
111 204 565 611 854 872 906 940 1254 1421 
122 232 297 323 558 593 611 634 729 788 807 817 890 1069 1285 
45 96 244 265 272 308 437 578 600 603 876 1227 
36 45 151 268 755 772 968 1090 1131 1220 
77 282 856 917 1267 
27 163 179 312 418 419 578 909 1049 1105 
164 255 309 525 757 907 1096 1120 1288 1318 
44 380 630 748 863 976 1051 1128 1140 1202 1272 1355 1380 1428 
19 27 191 308 421 478 813 959 1119 1267 1401 
111 234 330 615 830 1047 1370 1411 
6 173 365 423 507 574 696 724 975 1007 1016 1128 1220 1224 1400 1412 
73 139 140 156 185 191 236 294 431 487 668 1085 1344 
183 216 259 330 333 623 764 817 928 1000 1125 1308 1418 
114 281 338 394 454 517 555 706 878 973 1002 1018 1040 1120 1270 1365 
441 518 750 1061 1164 1168 1207 1239 
125 144 147 232 267 305 313 622 955 1158 1245 1434 
51 139 214 231 661 745 774 849 1203 
11 114 132 149 543 818 856 973 1015 1025 1167 1196 1320 1361 1365 1367 
194 315 431 754 1076 1282 1285 1290 1427 1429 
122 228 327 328 385 441 561 737 765 881 1063 1123 1154 1288 1433 
68 346 748 805 864 885 916 1084 1089 1303 1335 
260 298 309 375 651 779 1355 
17 359 394 427 451 880 969 1211 1255 1265 1410 
82 165 516 593 667 679 708 819 939 1355 1415 
44 442 597 654 745 910 1006 1012 1014 1180 1255 1354 1415 1437 
153 331 437 593 641 702 718 891 964 1027 1097 1242 
140 146 268 321 339 453 554 599 901 1083 1141 1188 1369 
112 350 472 478 485 576 682 725 782 884 1000 1212 1305 1362 
197 329 636 997 1186 1215 1235 1258 1380 
505 698 743 834 875 1262 
85 87 632 806 872 911 925 1013 1015 1162 1267 1348 1390 
101 375 574 708 1280 1321 1331 1345 1347 1375 
23 303 357 780 1005 1059 1300 
66 79 96 196 200 248 310 317 337 367 506 836 966 1126 1415 
103 237 240 424 546 557 706 712 982 1093 1233 1288 1312 
71 130 588 735 876 1127 1230 1286 1311 
10 67 134 217 288 516 600 672 783 822 1119 1163 1297 1310 
10 32 164 367 614 645 669 686 884 886 912 1050 1132 1341 1436 
350 526 538 542 638 874 950 1149 1183 1238 1351 
151 163 165 415 560 572 580 863 1003 1099 1145 1213 1418 
474 734 839 899 1010 1219 1264 1323 1399 1405 
26 68 82 568 1044 1142 1337 1341 1375 1385 
49 64 165 228 296 483 534 563 698 1020 1319 
93 293 369 479 493 496 567 584 768 797 1006 1030 1234 1341 1373 
59 350 486 511 922 941 1215 1250 1433 
148 149 345 587 892 910 1130 1162 1180 1350 
44 153 239 262 454 530 567 812 1021 1064 1099 1114 1198 1333 1439 
30 103 255 277 433 677 704 712 806 814 822 970 986 1023 1096 1185 1195 1218 1293 1426 
1 100 149 197 208 349 381 571 646 719 771 815 889 934 1072 1384 
66 760 817 832 841 910 973 1182 1256 1272 1367 1385 
51 75 161 239 322 856 949 1051 1121 1228 
62 126 598 645 715 856 920 1083 1183 1355 1365 
86 243 265 997 1002 1265 1422 
77 425 431 600 671 748 761 886 1141 1281 1381 
114 175 217 315 410 534 572 725 973 1021 1077 1259 1314 
74 166 191 398 401 454 504 578 618 768 943 1134 1145 1225 1385 
134 176 267 307 560 576 599 829 986 1032 1217 1331 1352 
8 56 152 489 588 608 675 689 730 831 847 875 1251 1377 
27 99 254 460 790 979 
442 482 720 723 1030 1431 
17 150 190 269 456 552 667 710 968 969 1085 1301 1372 
162 445 723 784 869 1174 1257 1365 1373 1379 1396 
2 27 393 448 542 583 846 973 1062 1161 1302 1424 
25 179 338 446 472 593 830 967 1002 1164 1196 1214 1273 
347 437 659 1075 1117 1148 1206 1297 
84 300 341 359 500 573 673 734 805 971 1123 1130 1213 
141 168 189 407 616 701 930 1005 1354 
272 294 526 618 691 818 957 965 1078 1146 
12 188 225 537 684 717 842 881 950 979 1123 1164 1217 1223 1244 1254 1413 
162 182 422 438 507 901 948 1236 1258 1262 1311 1409 
373 552 671 737 742 767 1121 
85 206 405 417 437 636 1018 1092 1147 1160 1404 
12 363 579 593 629 693 751 1001 1127 1301 1385 
171 280 304 491 587 715 1072 
3 13 278 552 764 790 861 887 1066 1156 
158 209 318 525 567 624 659 727 881 910 1173 1305 1364 
64 145 360 418 525 553 625 734 916 943 1041 1062 1068 1334 1409 
34 37 108 200 206 289 376 396 571 970 1221 1267 1332 
376 455 479 504 568 585 639 745 836 847 
63 80 208 464 481 534 677 709 754 801 845 850 960 976 1140 1168 1231 
198 396 450 503 671 785 851 889 960 1217 1395 
299 324 389 393 483 524 672 680 1004 1146 1301 1364 
97 353 449 563 670 710 862 913 928 946 995 1040 1259 
74 202 299 418 491 534 617 775 995 
62 70 75 225 530 560 766 809 1274 1319 
70 200 217 325 688 845 1177 1393 1400 
170 307 351 453 681 698 798 806 828 842 922 1020 1291 1346 
162 462 528 698 728 864 1002 1060 1333 
12 176 194 220 306 337 367 406 481 491 582 754 934 1079 1083 1221 1334 
2 67 142 161 205 368 420 459 519 655 675 857 1029 1095 1174 1230 1392 1440 
50 95 217 236 340 540 701 891 1022 1159 
279 313 347 469 492 518 623 1004 1095 1116 1347 1348 1357 
178 296 298 311 516 704 1098 1164 1177 1240 
1 67 411 519 785 896 945 1027 
102 279 302 322 380 547 647 940 968 980 1018 1130 1134 1168 1234 1275 1336 1363 
54 136 386 523 559 761 772 878 939 1004 1209 1230 
53 64 129 342 422 530 646 676 883 887 891 1428 
89 142 237 284 423 725 728 781 797 941 1324 1439 
70 96 142 727 915 1141 1167 1376 
104 667 747 786 971 1143 1439 
57 98 207 306 666 761 870 1019 1258 1282 1295 1310 1386 
138 258 336 379 565 635 719 769 1061 1077 1110 1145 1266 
569 582 698 902 963 1007 1008 1091 1154 1264 1371 
51 64 189 251 340 492 602 844 1162 1342 
41 79 162 194 561 582 716 777 842 991 995 1107 1125 1331 1420 1429 
49 187 306 347 359 525 1004 1179 1342 1428 
235 366 715 737 1032 1232 1303 1438 
51 62 174 539 654 1002 1032 1168 1172 1291 1383 
56 240 302 362 377 387 514 538 640 1164 1197 
210 360 405 410 607 758 775 807 990 1076 1144 1172 1173 1306 1343 1368 
83 90 141 542 593 717 777 945 981 1146 1151 1339 
119 375 480 622 631 636 755 1197 
19 36 62 162 207 250 326 798 1045 1095 1155 1320 1361 
103 152 233 332 741 868 1050 1057 1186 1189 1266 1348 
90 141 276 289 631 643 674 936 1045 1083 1316 1430 
397 481 685 845 853 932 943 1160 1281 1312 1370 1421 1423 
19 23 35 69 106 198 284 410 506 644 681 1178 1222 1292 1320 1413 
