1473 8743
304 402 478 668 681 882 919 935 1020 1222 1298 
30 38 88 566 927 967 1094 1191 1266 1269 1302 1351 1402 1442 
168 221 227 577 592 729 853 1069 1343 1365 
14 81 202 380 560 578 584 602 621 703 992 1005 1064 1104 1107 1152 1172 1246 1298 
14 130 196 253 254 819 1036 1085 1330 1457 
22 156 273 308 499 965 1021 1215 1232 
100 260 292 458 519 705 715 746 1019 1114 1186 1281 
260 556 633 658 663 745 853 
183 216 246 540 558 594 761 807 879 954 1023 1026 
216 218 303 317 357 371 405 439 566 569 746 887 957 1006 1190 1228 1371 
193 264 330 488 636 649 909 986 1023 1297 1302 1341 1346 1351 
57 283 495 542 577 932 1000 1242 1469 
88 133 156 308 578 784 865 971 986 1055 1096 1254 1366 
4 5 506 551 866 960 964 979 1036 1111 1112 1166 1306 1385 
109 329 381 455 501 505 591 956 1007 1286 1428 1461 
41 47 189 313 536 803 905 914 920 993 1447 
27 129 153 199 635 855 919 952 1457 
116 146 313 389 456 577 941 1347 1433 
197 261 306 487 558 881 999 1459 
92 126 289 758 911 944 961 963 976 1075 1129 
124 325 361 416 523 585 601 638 726 769 796 891 935 982 1001 1032 
6 253 291 295 299 445 611 825 843 866 961 981 1007 1167 1169 1404 
57 459 508 533 917 1147 1399 1449 1458 
166 220 256 332 393 403 558 622 728 877 914 1001 1090 1259 1264 1337 1470 
42 271 372 404 437 866 873 1015 1045 1396 
146 541 697 883 886 992 1048 1085 1089 1151 1391 1429 
17 228 236 245 275 398 407 1242 1284 1292 1309 1411 
263 552 764 943 1065 1133 1308 1416 
37 363 629 659 720 753 1073 1331 1435 
2 35 83 271 396 462 525 620 714 742 847 883 890 1037 1089 1278 1426 
100 355 498 589 669 943 948 1016 1253 1300 1382 
56 441 529 537 604 694 786 787 805 871 1151 1273 1388 1390 
152 189 480 654 810 824 1036 1111 1165 1205 
36 206 276 350 411 483 729 892 919 940 1013 1131 1184 
30 247 763 808 830 897 1012 1063 1289 1358 
34 181 323 355 368 647 659 723 845 927 1070 1295 
29 167 188 339 418 435 576 650 697 767 950 971 997 1251 
2 110 257 283 579 610 1006 1068 1143 1174 1438 
66 530 709 778 871 935 1165 1203 1302 1373 1408 
71 117 210 500 1030 1132 1211 1256 
16 187 552 606 617 653 671 790 1050 1148 1156 1167 1179 1354 1373 
25 64 116 183 195 474 532 541 619 739 830 1179 1272 1419 1434 
604 
63 86 106 295 341 424 432 469 531 672 690 759 956 978 1023 1052 1167 1208 1359 1380 1467 
106 164 336 412 831 923 994 1027 1063 
199 325 356 747 864 905 965 1233 
16 243 396 430 474 544 682 758 776 1132 1244 1314 1404 1430 
80 219 444 521 576 613 805 864 872 1056 1156 1370 1434 
54 124 279 354 548 602 628 657 661 670 735 741 816 946 1130 1264 1335 
141 218 225 504 726 796 854 903 1311 1344 1373 
129 220 243 267 631 711 717 1107 1336 1425 
121 433 475 702 795 1221 
114 135 328 347 591 625 664 972 979 
49 156 224 340 584 697 752 754 796 1411 
70 280 288 406 482 554 850 860 879 903 972 1164 1170 
32 110 183 568 877 985 1014 1038 1120 1166 1209 1380 1452 
12 23 72 95 180 229 290 337 390 808 874 886 927 928 1033 1099 1295 1365 
108 133 188 207 234 257 299 406 501 834 841 886 1090 1150 1285 1296 1304 1409 
302 569 936 1377 1419 
105 552 556 636 779 912 1205 1425 
83 153 198 398 462 523 585 650 876 898 992 1143 1164 1203 1214 1334 1355 
151 224 244 1136 1228 1233 1361 
44 193 222 314 325 356 378 490 592 1118 1295 1346 1404 
42 104 477 517 590 642 739 859 956 1154 1166 1214 1229 
127 317 405 463 583 646 678 792 877 888 967 1047 1211 1323 1370 1387 
39 346 364 416 421 501 623 697 728 859 886 891 998 1013 1166 1202 
366 618 722 847 964 1046 1186 1247 1332 1369 
248 417 741 944 1014 1146 
72 140 151 629 759 1016 1214 1218 1289 1298 1336 1408 
55 97 350 428 475 510 595 878 900 1027 1138 1393 1394 1439 
40 84 191 532 561 831 867 997 1081 1243 1304 1405 1409 1422 1472 
57 69 255 379 398 423 551 902 1202 
281 345 394 624 712 824 883 1153 1379 1426 1441 1469 
155 163 584 798 1232 1277 1453 
393 666 724 965 980 1134 1259 1332 1426 
86 148 191 231 472 697 803 831 922 968 998 1000 1269 
271 413 461 471 598 661 741 832 967 1056 1252 1255 1296 1472 
222 434 582 778 792 832 865 924 956 1212 1295 
175 325 362 597 1097 1208 1220 1449 
48 260 352 490 541 601 642 948 1175 1459 1471 
4 90 103 127 154 389 454 598 666 739 906 1010 1075 1220 1231 1351 
117 128 448 508 869 941 957 1034 1148 1257 1270 1378 1408 1453 1458 
30 61 297 328 590 633 767 792 974 1075 1097 1298 1329 
71 115 492 686 773 957 1129 1282 
97 475 605 802 976 1019 1079 1233 1299 1391 1430 
44 76 111 239 379 424 481 613 913 1010 1141 1215 1282 1372 1443 
135 381 457 535 655 906 925 1003 1011 1239 1269 1337 1465 
2 13 89 464 489 907 1121 1322 1367 1408 1446 
88 304 375 426 556 653 870 1007 1053 1325 
81 635 1127 1220 1469 
188 275 281 292 388 743 783 1003 1025 1083 1419 
20 180 368 500 511 516 554 579 613 618 721 729 761 784 1196 1203 1313 1326 1349 
98 188 192 500 698 778 893 946 1053 1190 1239 1354 
444 489 688 712 725 900 905 1054 1098 1229 1395 
57 237 348 379 412 455 548 588 594 608 794 868 918 1281 
128 203 216 316 735 828 977 1074 1371 
70 85 131 176 278 332 600 625 839 875 1100 1199 1317 1465 
93 235 442 738 773 925 928 1012 1159 1300 1371 
230 533 778 826 975 1079 1097 1162 1243 1276 
7 31 124 577 658 760 822 831 1404 
335 351 356 830 1037 1280 1356 
198 233 641 861 903 1234 1422 
81 645 664 729 766 795 894 1010 1099 1124 1460 1461 1466 
64 172 219 354 578 593 617 795 859 875 968 1004 1245 1275 1336 
60 408 415 640 899 1021 1039 1107 1157 1251 1455 
44 45 277 329 339 384 1184 1273 1347 1393 1456 
192 372 526 585 637 661 666 684 803 958 
58 201 357 465 531 553 849 850 1030 1152 1173 1300 1305 1370 1445 
15 296 541 1005 1143 1205 1315 1421 1445 
38 56 840 934 1096 1194 1237 1316 1322 1404 1457 
86 141 158 245 253 287 531 760 1131 1263 1305 1419 1448 
290 362 428 491 500 528 583 666 751 779 889 925 998 1262 1353 1403 
121 191 253 477 494 512 629 646 662 813 927 990 1239 1270 1352 
53 115 129 250 602 914 942 944 1222 1364 
84 114 202 306 534 594 912 961 1053 1068 1285 
18 42 196 353 378 632 640 656 902 1062 1087 1154 1205 1292 1360 1464 
40 82 138 151 341 381 421 467 500 571 586 678 1098 
185 353 476 570 701 750 783 833 1006 1034 1292 1419 
210 396 408 475 649 663 828 883 912 1000 1091 1231 1268 
294 313 372 779 796 1126 1362 1447 
52 113 237 252 262 362 433 572 753 756 788 1122 1346 
233 304 362 529 727 755 781 914 1292 1336 
261 612 662 690 696 827 831 846 848 1055 1339 
21 49 100 307 354 379 402 579 612 973 
252 306 599 628 922 1181 1364 
20 177 204 284 417 855 867 899 1002 1290 
65 81 375 592 850 866 932 1111 
82 96 166 228 728 801 1178 1192 1267 1396 
17 51 114 175 222 270 316 441 497 567 570 656 784 870 970 989 1357 1459 
5 384 397 430 690 692 774 1330 
97 188 232 243 271 289 389 612 799 943 1111 1153 1203 1205 1370 
168 363 576 809 856 929 
13 58 151 248 633 643 721 821 868 904 989 1030 1063 1128 1171 1316 1364 1369 1431 
212 240 251 422 660 774 784 861 999 1191 1194 1259 1415 1429 
53 87 385 405 720 817 894 914 998 1245 1414 1443 
328 394 433 496 573 623 709 1238 1277 1438 1451 
205 321 603 669 723 1044 1099 1120 
117 264 412 440 455 617 747 772 932 1175 1295 
217 323 417 427 435 542 584 733 746 770 783 788 838 894 911 942 968 1085 1340 1426 
69 247 312 367 822 981 1050 1051 1426 
50 111 260 343 385 438 602 633 692 1115 1266 
228 335 476 851 945 1227 1262 1437 
299 853 945 1020 1144 1288 1298 1377 
168 346 451 473 586 991 1047 1127 1270 1346 1384 
269 401 464 484 945 1136 1218 1278 
18 26 390 454 565 787 827 898 1020 1103 1121 1284 1386 1400 
186 218 526 645 1237 1252 1327 1398 1453 
76 174 499 582 591 601 1049 1119 1226 1260 1313 
201 258 283 365 448 606 607 622 835 909 949 1101 1105 1145 
241 585 685 824 920 951 1002 1014 1316 1318 1356 1433 
62 69 117 133 208 454 599 684 710 785 850 857 879 915 920 1002 1157 1409 1473 
33 165 278 290 457 534 630 789 855 1102 1118 1141 1248 1271 1315 1391 
17 61 160 194 214 326 336 438 470 478 495 1238 1251 1405 
81 200 338 664 802 982 1008 1158 1165 1350 
74 385 647 921 1012 1077 1116 1199 1224 1289 1370 
6 13 54 251 264 387 391 488 846 853 957 1030 1259 1348 
166 306 308 437 459 487 743 965 1470 
111 179 309 332 531 565 571 582 740 744 784 818 1027 1029 1065 1265 1276 1456 
177 421 427 467 503 577 599 630 819 1353 
153 264 486 493 555 570 610 790 898 1235 1365 1448 1459 
226 376 785 864 937 1041 1084 1161 1299 
190 308 431 484 601 707 736 915 977 1081 1154 1334 
74 192 235 245 258 325 327 622 632 716 745 814 882 1023 1348 1382 1447 
45 227 435 459 527 540 586 627 709 841 945 1160 1228 
152 352 416 472 554 1005 1052 1226 1390 
24 128 157 230 315 669 762 971 1107 1109 1307 
37 187 335 414 632 795 928 929 940 
3 132 144 295 517 608 615 751 1060 1071 1467 
177 434 542 730 794 806 992 1007 1065 1102 1141 1197 1262 1276 1377 1410 
267 314 455 461 586 872 942 1042 1304 1320 1332 1437 
368 588 591 642 789 812 977 1197 1268 1304 1318 
104 375 535 725 991 1054 1127 1292 1471 
204 477 509 569 580 627 803 1170 1329 
148 271 363 380 432 721 722 811 900 1195 1287 1405 
79 129 379 401 537 591 656 754 824 884 894 909 1286 
97 217 319 594 980 1271 1383 1393 
126 159 169 189 195 215 389 430 709 784 869 948 1196 1226 
267 291 316 608 740 835 
158 294 344 553 1093 1263 1344 1356 1374 1418 
57 92 424 485 713 952 986 1399 
36 429 1225 1229 1237 1299 
270 293 320 374 489 673 739 744 750 987 
9 42 56 218 247 257 629 697 969 1241 1286 1342 1348 1409 1442 1459 
189 197 240 443 450 680 767 827 999 1092 1128 1222 1262 1291 1304 1467 
118 207 568 586 620 821 898 1025 1039 1276 1303 1360 
147 414 415 425 434 635 754 775 871 988 1034 1052 1083 1359 1362 1367 1458 
41 167 224 260 306 526 564 571 629 989 1137 1348 1359 1381 1388 
37 58 91 93 131 237 724 844 882 986 1155 1219 1341 
16 33 177 184 211 263 361 400 468 509 564 594 752 823 868 1034 1164 1367 
162 294 336 428 500 620 698 888 1175 1294 1364 
71 76 113 241 287 408 513 516 797 912 950 1286 1413 
93 107 163 351 417 951 1064 1077 1142 1160 
11 63 224 242 595 954 983 1204 1336 
153 390 601 630 655 789 819 882 1015 1033 1042 1100 1135 1170 1209 1223 1234 1282 1394 1448 
42 177 271 300 371 740 901 973 1109 1129 1137 1193 1332 1354 1393 1398 1436 
5 116 226 307 413 549 758 874 889 1089 1274 
19 184 540 592 613 753 974 1217 1254 1326 
61 102 381 691 893 996 1160 1266 1446 
17 46 414 748 777 968 1112 1134 1415 
154 243 491 635 796 836 973 985 1005 1073 1121 
108 149 328 488 533 664 727 807 935 972 1005 1030 1144 1294 
4 115 268 291 407 459 567 584 588 611 768 790 956 965 1144 1164 1222 1358 1456 
96 219 262 283 434 460 510 548 617 697 734 747 819 1111 1128 1137 1220 1297 1312 1412 
126 173 252 445 455 617 643 687 1024 1273 1317 1469 
137 370 379 619 785 805 819 1010 1112 1144 1426 
34 303 494 506 546 565 705 823 944 1405 1407 
58 185 427 527 951 954 1106 1430 1444 
151 381 1017 1372 1385 
213 329 532 762 962 982 1078 1436 
40 119 506 602 822 834 842 898 975 1103 1293 
189 237 246 318 392 422 481 678 803 900 939 1221 1227 1305 1422 
134 335 507 709 787 922 1165 
209 411 495 521 867 960 1183 1235 1386 1394 1421 
153 217 269 295 409 657 743 1100 1221 1293 1298 1302 
177 414 564 673 1034 1069 1336 
9 10 96 501 713 777 1160 1180 1200 1419 1433 1434 
139 176 214 380 508 623 644 719 808 815 864 885 924 932 1032 1408 
10 50 147 183 250 397 539 671 869 925 1459 
48 104 203 584 666 832 916 1105 1138 1281 1287 1323 1419 
24 51 270 360 668 730 874 988 1019 1063 1181 1436 
3 278 279 318 688 831 995 1003 1033 1359 
63 78 129 268 403 412 871 1081 1307 1331 
357 613 756 812 856 910 1401 
54 62 187 193 457 568 581 800 832 835 1060 1235 1366 1407 1417 
50 336 382 402 478 550 584 786 804 1110 1209 1334 1414 1444 
161 196 478 840 919 1226 1309 
3 164 268 321 516 544 658 660 769 852 881 945 989 1322 
27 128 142 406 548 673 681 728 878 1039 1090 1219 
57 253 267 275 402 616 680 869 899 1317 1355 1432 
99 166 358 437 440 519 691 859 936 985 1294 1359 
76 509 743 781 832 897 913 917 1155 1262 1369 
131 325 455 634 644 1091 1174 1210 1291 1396 
102 122 438 708 744 994 1230 1272 1327 
58 277 414 878 1069 1161 1174 1189 1321 
98 163 253 357 439 674 1065 1243 
27 309 352 408 412 440 489 1160 1272 1407 
95 121 188 211 597 612 721 1019 1225 1261 1346 1419 1427 1455 
366 540 636 676 730 790 1103 1315 1445 
86 287 295 343 480 484 723 728 969 1010 1076 1161 1327 1397 1407 
134 184 298 445 463 556 566 628 672 977 
150 191 475 633 659 820 885 1158 
193 333 338 508 921 1045 1096 1145 1163 1432 
47 51 131 200 348 504 608 652 881 980 1073 1211 1430 
62 310 320 441 705 883 937 969 971 993 1168 
27 111 163 247 269 280 431 531 625 804 987 1096 1208 1214 1468 
9 211 422 604 990 1436 1441 
35 140 183 245 252 293 553 658 713 903 923 946 1101 1102 1187 1193 1319 1398 
68 133 250 627 993 1190 1197 1236 1399 
301 324 473 653 719 737 1448 
114 218 248 
134 156 328 360 386 503 526 529 938 1037 1130 1193 1249 1293 1358 1370 1407 
121 125 204 247 265 475 516 590 748 755 847 971 1093 1247 
5 22 111 113 229 235 370 394 912 939 1097 1181 1191 1331 1398 1415 
5 401 631 672 944 1018 1106 1269 
72 479 686 780 800 813 825 831 1034 1112 1301 1414 1444 
24 357 754 769 1080 1149 1298 1313 1338 1455 
38 58 183 349 373 404 553 554 563 687 718 744 1051 1289 
149 163 420 484 671 702 733 883 938 1004 
300 484 605 994 1024 1029 
7 8 80 141 187 344 449 554 606 976 1213 1435 
19 123 368 409 593 661 1060 1079 1190 1284 
121 203 280 352 444 501 837 869 896 977 1159 1190 1248 
28 189 284 511 548 573 862 962 969 1188 1343 1360 
11 138 156 160 310 470 595 685 914 967 1242 1397 1400 
252 268 450 598 727 1096 1286 1291 1414 
395 618 860 870 884 905 1239 1242 
51 170 178 229 446 545 769 807 837 917 976 1079 1221 1252 1345 1462 
202 222 227 265 285 309 401 497 595 625 702 902 909 969 973 1014 1322 1335 1367 1377 
145 214 245 325 572 602 612 634 856 1108 1119 1380 1438 
129 182 220 276 366 599 813 899 1041 1098 1390 1399 1422 1430 
25 30 77 131 174 195 454 495 537 644 721 845 877 1317 1322 1331 1341 1433 
719 864 888 921 1172 1252 1289 1345 1368 1396 
6 314 562 747 775 886 917 1067 1084 1195 1260 1288 1320 
278 420 494 503 574 583 608 801 915 1212 1311 1397 
27 91 229 471 506 523 596 685 749 751 879 1000 1010 1088 1153 1243 1327 1455 
34 270 282 498 599 822 944 1102 1113 1167 1240 1241 1248 1343 1429 
106 234 286 552 622 1054 1211 1364 
97 152 221 274 577 674 871 970 1090 1182 1203 1246 1334 
49 221 379 445 761 868 1368 1390 
55 245 262 634 635 789 1000 1023 1049 1075 1116 1134 1269 
73 91 724 876 883 917 947 990 1048 1217 1435 
276 337 515 562 792 1058 1068 1194 1241 1270 1357 1362 
12 38 149 203 768 803 883 1025 1177 1214 
126 263 288 317 349 486 759 881 986 1116 1362 1470 
268 292 481 589 804 912 956 1150 1195 1236 1273 1371 
277 319 357 430 615 874 
111 191 239 301 302 407 715 888 919 1177 1298 1338 1396 
55 284 373 957 980 1156 1296 1381 1463 
20 131 352 438 549 734 904 1148 1300 1317 1350 1387 
57 112 152 444 462 592 642 751 846 867 1070 1235 1281 
22 178 202 369 377 520 523 606 648 747 827 828 1090 1091 1121 1132 1366 1438 
7 91 285 295 308 342 629 1022 1131 
182 247 396 446 458 510 545 938 1091 1137 
120 179 190 365 378 395 474 483 546 893 
22 44 168 214 239 292 527 635 682 770 784 884 1026 1093 1308 1370 
109 421 531 572 573 696 756 886 902 962 1230 1246 1317 
83 331 365 714 722 828 838 1004 1071 1099 1129 1155 1277 1325 1443 1453 
240 321 338 500 504 730 1032 1038 1201 1213 1452 
22 58 143 344 419 488 1179 1242 1314 1346 
195 259 447 461 545 699 768 800 934 1120 1141 1143 1317 1389 
249 287 481 664 666 714 779 846 895 903 904 905 1056 1158 
59 287 313 453 1018 1026 1065 1249 1366 1454 
10 206 337 641 647 687 1132 1139 1351 
1 89 122 544 580 622 630 728 771 835 972 1144 1320 
615 736 985 1074 1228 1324 1353 
19 115 125 157 187 433 534 541 564 671 905 980 993 1040 1071 
124 196 433 461 671 785 788 1043 1243 1281 1357 1385 1408 1428 
6 13 157 162 292 373 375 456 992 1026 
158 236 268 568 667 706 816 863 904 911 1275 1345 
244 264 571 696 829 931 991 1130 
646 694 976 1121 1126 1166 
140 472 538 568 789 906 1168 1176 1205 1242 1302 1369 
16 18 120 302 339 559 682 728 887 988 1000 1058 1143 1414 
63 170 273 319 536 774 893 1104 1258 1398 
166 426 466 498 500 505 580 900 
96 129 178 317 761 762 1259 1445 
10 65 284 316 410 440 494 682 728 1339 1467 
211 221 672 899 1038 1065 1108 1274 1333 1338 
176 286 314 399 485 505 553 636 670 908 970 978 1014 1021 1036 1111 1466 
182 244 348 352 388 451 503 515 709 742 766 776 913 931 958 1016 1069 
137 227 298 386 502 659 762 841 845 876 877 1009 1064 1077 1211 
407 428 545 607 668 872 938 1028 1225 1326 
36 139 436 688 894 901 961 963 1035 1053 1289 
249 624 716 752 756 983 1122 1421 
21 46 63 79 163 232 269 341 498 584 664 763 1273 
153 338 524 1050 1060 1121 1191 1335 1467 
163 619 748 827 846 938 1113 1154 
53 83 136 201 251 356 377 489 650 738 838 877 964 1007 1192 1226 1378 
15 106 209 336 563 825 925 959 1164 1228 1408 
11 649 1263 
297 367 413 527 580 607 976 1143 1202 
24 97 158 689 728 942 1027 1057 1143 1301 1333 
242 454 461 500 726 801 895 914 1181 
436 484 1015 1153 1299 1366 1425 
101 142 167 212 467 603 814 845 1032 1052 
45 153 190 225 329 350 670 687 822 850 857 1069 1212 1416 
57 282 303 391 471 496 682 961 1029 1070 1108 
154 242 298 326 368 543 616 681 775 859 864 1081 1205 
37 106 313 345 367 620 662 963 971 1022 1087 1210 1240 1254 1258 1261 
54 429 550 602 730 819 1231 1392 1396 1403 1435 
44 117 325 502 533 711 818 953 1146 1404 
292 705 813 837 841 962 975 1112 1457 
141 239 371 577 592 668 679 1011 1048 1087 1165 1207 1283 1315 1319 1437 
179 260 299 509 548 804 1019 1034 1320 1341 1454 1466 
73 339 458 491 601 846 980 1078 1091 1147 1200 1441 
66 144 399 612 879 889 1181 1362 1403 
53 453 454 500 527 678 698 859 1081 1236 
95 243 320 441 742 802 889 956 
257 284 374 534 797 935 949 991 1009 1076 1097 1324 1391 
34 70 336 458 761 1041 1118 
101 192 559 599 642 754 977 1042 1279 1406 
80 165 236 262 289 320 395 432 1020 1205 
116 118 375 471 703 954 1012 1048 1139 1384 1388 
49 104 124 568 636 644 773 840 895 1117 1160 1358 1471 
31 36 547 770 785 1036 1042 1219 1335 1352 1377 1410 
46 63 101 328 563 578 606 631 656 708 749 892 903 1158 1349 1428 
10 108 223 235 256 286 556 756 792 899 1155 
230 451 571 692 874 886 934 991 1221 1412 
368 389 508 528 538 641 668 672 899 946 951 1463 
220 251 618 1010 1166 1327 1465 
21 189 506 558 773 843 846 847 1458 
79 112 121 122 651 708 909 955 
29 132 174 502 878 976 1022 1133 1215 1248 1384 
66 554 595 877 1012 1120 1142 1153 1330 
149 294 297 475 668 988 994 1056 1352 1404 
67 238 270 582 600 680 985 1004 1036 1251 
140 331 339 407 676 700 714 753 1038 1146 1228 1280 1370 1374 
36 92 171 261 338 359 530 655 677 938 956 1001 1128 1447 
291 412 566 1235 1304 1316 
205 253 398 436 501 706 733 1168 1312 
10 195 343 403 616 635 662 1098 1122 1131 
25 107 120 535 587 594 730 748 796 1009 1107 1384 
257 288 308 479 548 916 933 999 1130 1171 1269 1319 
182 349 388 417 836 941 1018 1043 1273 
89 127 172 308 353 453 556 691 947 957 1079 1189 1299 1463 1473 
161 500 577 613 694 1006 1008 1050 1239 
291 328 404 448 534 707 729 743 768 782 819 909 1013 1263 
63 116 294 410 485 553 674 786 812 956 998 1026 1073 1131 1211 1223 1407 1430 1473 
72 86 95 124 175 205 279 414 703 759 846 1158 
4 174 217 452 557 610 677 679 687 748 961 983 1196 1393 1407 1432 
15 87 117 198 208 496 711 765 810 893 895 899 962 1368 1456 
225 526 538 553 752 800 845 878 1105 1110 1240 1244 1358 1374 
384 443 521 553 633 850 887 983 991 1271 1421 
106 130 383 420 644 752 787 843 860 1360 1398 
135 141 155 656 752 807 900 953 981 1058 1223 
251 321 467 544 655 658 698 746 841 906 982 1130 1163 
156 420 587 630 909 1182 1215 1220 1436 
91 320 374 429 511 575 646 784 810 821 859 897 1071 1090 1122 1193 1255 1301 1303 1459 
18 81 131 177 359 515 696 802 890 977 1101 1120 1242 1261 1302 
57 146 194 496 597 643 661 875 884 916 1207 1348 1380 1418 
156 337 425 596 800 834 1063 1174 1318 
211 402 593 612 618 634 683 778 897 938 1219 1347 1426 
24 75 435 874 1142 1269 1396 
73 136 253 461 510 970 1026 1039 1113 1465 
266 294 352 469 481 698 743 803 827 1152 1216 1359 
30 47 119 293 449 490 721 831 835 1007 
130 218 425 596 696 781 906 918 1135 1182 1282 1373 1391 1428 
27 61 72 370 604 761 816 829 885 1006 1097 1105 1228 1362 1374 1459 
319 346 425 547 629 635 805 829 900 1091 1237 1281 
189 411 572 709 777 970 1003 1159 1219 1426 1446 
145 175 254 268 602 638 755 800 817 842 891 993 1031 1167 1430 
1 124 225 229 392 769 829 922 1220 1234 1259 1275 1334 1446 
24 222 371 486 861 1073 1159 1438 1455 
25 257 377 577 634 640 657 809 827 888 1089 1132 1202 1336 1444 
10 65 135 500 523 544 699 871 951 1120 
55 58 228 435 521 533 806 852 1002 1275 1276 1321 1409 1471 
27 202 287 322 367 779 897 908 1056 1062 1175 1183 1217 1259 1302 1328 1351 
105 119 191 236 429 566 824 919 922 941 1184 1219 1293 1419 
214 261 429 446 569 1015 1191 1251 1356 
317 378 533 608 1122 1150 1163 1389 1391 
34 213 400 643 666 711 887 1274 1350 1425 
45 95 138 222 236 369 513 599 601 624 660 977 1019 
77 196 331 690 894 907 1023 1033 1123 1169 1171 1346 1432 
167 186 199 215 234 379 480 484 582 743 865 1053 1210 1380 
105 186 420 427 437 459 503 529 568 816 863 1028 1029 1193 1344 
21 66 165 427 444 753 757 1054 1066 1116 1179 1232 1246 1259 1309 1392 1420 
68 126 139 192 374 483 514 552 563 577 738 836 1099 1147 1174 1366 
37 433 556 593 655 713 884 994 999 1146 1264 
299 661 672 679 711 907 1022 1060 1062 1192 1275 1437 
258 274 384 387 415 504 590 758 872 1352 1399 
66 117 159 296 505 600 630 697 726 901 1221 1296 1334 1405 
134 211 246 615 887 1012 1086 1154 1185 1306 1366 1380 
72 564 616 723 813 1064 1066 1088 1320 1452 
44 86 180 596 598 700 799 846 965 1054 1126 1205 1233 1340 
186 391 397 399 637 649 738 797 854 882 1134 1385 1462 1469 
89 315 869 893 1015 1035 1121 1185 1198 1222 1342 1420 
139 159 207 415 416 731 1156 1329 1395 
70 112 190 322 706 740 862 953 1169 1263 1295 1297 1345 1414 
181 340 388 408 409 596 679 701 731 873 968 1053 1066 1348 1374 1417 
47 130 177 286 471 526 583 1059 1121 1201 
162 245 513 594 706 976 1029 1121 
44 174 352 458 472 614 656 866 869 1000 1024 1065 1193 1357 
52 121 136 306 307 418 581 645 725 989 1014 1082 1259 1293 1368 1410 
78 169 186 203 838 842 1361 1419 
37 139 164 393 406 510 592 610 638 946 1001 1048 1099 1233 1472 
323 334 370 511 668 905 927 1221 
25 157 230 415 441 744 1111 
141 153 233 289 759 923 989 1095 1196 1437 
10 235 451 519 838 885 999 1250 1408 1420 
138 230 236 317 575 847 939 1027 1110 1113 1351 
32 129 244 348 437 834 865 977 1142 1153 1178 1204 1297 1380 1451 
98 614 652 788 857 953 1154 1366 
184 383 498 832 936 1154 1163 1320 
48 94 262 290 416 473 505 511 641 836 932 1206 1359 1372 1401 
22 204 240 279 497 554 696 729 796 1059 1108 1196 1399 1431 
267 293 409 545 574 748 
300 473 547 597 610 624 860 1164 
82 149 377 782 801 981 1018 1030 1301 1401 1436 
260 396 510 569 674 757 1080 1081 1258 
184 265 515 590 592 915 1122 1463 
144 320 358 439 551 722 764 1036 1069 1158 1370 
380 540 717 779 894 993 1051 1134 
302 347 375 957 1042 1125 1237 1318 1462 
81 146 151 271 333 347 458 471 497 526 610 693 716 867 902 999 1370 1373 1438 
15 95 138 170 204 232 496 960 998 1010 
18 308 756 881 964 977 1172 1182 
87 152 224 556 649 663 669 697 706 801 934 986 1023 1040 1058 
7 293 345 350 432 454 545 752 918 1089 1239 1340 1429 1449 1458 
23 157 164 202 415 473 481 515 528 848 863 877 1092 1125 1154 
203 498 765 833 873 906 1055 1380 1473 
77 170 300 307 333 394 488 705 846 1073 1094 1411 1437 
30 61 290 583 690 1036 1079 1128 
65 240 632 833 909 1045 1048 1052 1178 1190 1300 1336 1349 1405 1418 1427 
88 145 487 538 812 817 920 1089 1257 1315 1384 
108 844 1018 1021 1057 1223 1284 1308 1384 1419 1462 1472 
315 486 614 617 686 796 862 946 995 1035 1109 1314 1360 1428 1467 
117 159 335 386 478 606 776 799 1122 1148 1254 1363 
189 539 652 721 745 861 1151 1177 1338 1391 1434 1468 
44 395 631 753 890 1053 1247 1257 1324 1371 1389 
153 264 539 770 858 917 1142 1248 1359 
77 275 337 353 430 454 1066 1428 
76 165 312 432 515 523 625 698 993 1249 1346 1401 1419 
144 249 444 447 459 564 673 740 790 839 915 954 1060 1175 1302 
42 47 294 662 750 1100 1175 1284 
52 70 85 119 241 252 365 530 659 860 1003 1101 1310 
118 142 579 588 794 900 921 976 1373 
64 113 173 483 517 571 817 1101 1206 1397 
1 153 225 226 467 548 595 811 812 940 988 1083 1138 1252 1414 1468 
255 373 741 1098 1294 1367 
33 239 414 589 663 683 717 1047 1065 1157 1390 
86 211 285 301 395 459 724 1012 1110 1331 1363 1392 
55 728 756 782 1112 1220 1256 1358 1440 1447 
34 294 417 477 586 762 814 832 1072 1078 1245 1367 
145 162 239 258 259 334 414 847 857 890 1098 1159 1257 1435 
180 319 378 594 601 637 725 862 1077 1095 1252 1281 1445 
160 284 403 466 704 721 756 806 834 1097 1153 1155 1258 1285 1469 
19 157 464 531 779 782 813 927 1154 1163 1381 1446 
11 156 201 299 461 600 713 1105 1179 1362 1430 
88 94 182 236 328 667 690 779 787 799 997 1024 1125 1126 1171 1267 1319 1352 1408 1421 
63 80 396 1027 1059 1063 1126 1239 
112 200 345 505 568 592 614 725 958 1061 1080 1217 1239 1367 1424 
84 550 596 657 873 1054 1130 1269 1364 1407 
160 595 826 949 1111 1236 
113 206 274 317 502 569 597 756 873 899 914 983 1009 1331 1360 1425 1432 
12 153 213 271 505 1169 1352 1431 1459 
136 337 381 390 455 549 636 663 849 1113 1115 1142 1330 
129 268 445 454 552 732 934 993 1081 1272 1296 1308 1337 
31 276 315 325 443 460 778 791 818 939 976 1013 1024 1208 1281 
6 148 839 845 851 1039 1082 1109 1424 1433 
40 92 93 112 117 190 298 315 333 347 376 405 585 743 1072 1079 1109 1246 1309 1433 
15 58 66 216 262 370 649 659 706 792 799 832 1042 1108 1187 1466 
321 341 363 494 575 1028 1058 
159 251 274 320 415 570 633 740 756 812 871 1061 1103 1175 1263 
50 243 298 420 511 593 600 807 1235 1286 1343 1415 
15 315 319 421 444 491 495 692 781 800 928 960 1099 1113 1115 1172 1218 1317 1393 
14 206 210 275 361 538 729 894 948 1032 1122 1269 
212 515 647 990 1123 1256 1353 1398 1424 
23 82 217 242 359 554 602 710 753 956 1012 1033 1202 1238 
173 189 231 344 643 664 678 723 816 928 1458 
70 203 293 394 435 449 532 625 771 1044 1183 1192 1295 1395 1466 
92 263 388 436 444 504 558 716 924 958 996 1006 1043 1072 1212 1227 1359 1364 1398 1468 
113 587 608 704 712 807 964 1028 1192 1225 1439 1466 
191 412 431 521 524 606 644 842 1001 1370 1464 
417 543 605 609 985 1118 1346 
282 320 389 450 459 472 507 1448 
92 191 227 252 569 570 644 765 924 1445 
64 168 477 553 711 926 973 1060 1110 1132 1220 1307 1471 
810 945 964 969 973 1007 1142 1243 1388 1409 1455 
7 230 439 642 826 951 967 998 1044 1117 1269 1354 1373 
291 626 640 1239 1294 1297 1316 1359 
48 213 383 406 513 614 641 743 899 1021 1051 1331 1384 
525 675 823 959 1027 1077 1157 1272 1279 
21 61 275 291 405 472 834 1212 1271 1309 
326 513 585 685 1140 1454 
30 522 681 925 1090 1207 1329 
107 147 187 251 382 430 454 766 1064 1430 1437 
164 207 295 331 347 708 718 815 844 895 1149 1341 1375 1473 
112 359 459 598 641 1008 1134 
32 122 251 415 648 677 742 943 
39 368 475 725 829 928 1009 1104 1271 1282 1357 
44 108 111 158 245 296 487 626 802 907 919 929 1116 1186 1334 1398 
42 71 209 510 637 652 740 1107 1136 1212 1274 
23 99 201 341 406 410 570 641 737 796 999 1067 1145 1169 1243 1415 
115 152 306 349 377 583 889 921 1028 
87 172 372 858 1293 1420 1470 
16 314 771 1365 
32 175 271 648 770 794 829 915 1003 1024 1170 1179 1187 1225 1249 1309 1431 
312 359 382 464 506 541 639 661 914 1010 1066 1080 1089 1386 1421 
218 468 470 559 621 638 639 953 1109 1211 
9 164 197 238 452 627 635 1080 1125 1239 1289 1399 
26 42 80 109 306 538 612 640 660 675 754 786 824 885 901 942 1092 1110 1136 1223 1332 
12 139 169 870 943 1030 1142 1147 1413 
338 514 641 654 788 796 821 845 877 884 931 951 1193 1387 1450 
47 227 304 386 405 605 641 891 903 937 1105 1248 
267 293 300 322 446 458 670 711 762 950 954 
206 294 561 607 638 722 779 1022 1029 1105 1318 1364 
355 399 447 558 695 719 841 891 946 1006 1162 1346 
49 95 203 228 263 344 373 478 729 817 1045 1449 
196 289 496 553 652 766 811 836 915 1166 
225 340 492 562 654 656 797 850 869 1167 1436 
14 72 451 838 1367 
28 41 60 277 417 497 632 703 822 823 857 1174 1208 1222 1336 1406 1431 1451 
108 179 247 257 319 378 382 383 517 549 610 706 815 853 1131 1321 1324 1425 1463 
55 92 165 257 260 364 445 508 559 1053 1178 1217 1257 1259 1388 
160 716 789 980 1253 1338 
8 60 89 240 357 375 418 457 576 774 924 1113 1176 1301 1337 
380 757 885 990 1053 1060 1129 1338 
9 19 24 361 511 547 574 613 655 676 1455 
313 351 539 554 636 772 1157 1280 1288 1307 1376 
4 645 693 851 869 1061 1213 1342 1377 
71 546 593 735 806 
273 282 550 818 843 933 952 1116 1429 1454 
257 329 356 417 943 967 1428 
187 189 215 306 423 473 655 799 825 1063 1380 1401 
146 158 206 615 741 920 984 1084 1351 1370 
2 10 240 369 408 639 685 800 959 1021 1074 1093 1098 1181 1341 1388 1460 
129 202 693 705 820 842 880 882 964 1086 1194 1301 1392 
56 185 224 309 312 354 415 491 834 974 1021 1278 1317 1386 1470 
10 59 173 409 449 494 516 627 726 884 974 1272 1293 1401 
118 129 160 503 516 533 622 800 934 947 
117 158 187 310 358 477 621 695 843 1152 1237 1324 1335 1468 
121 269 296 400 622 674 708 789 915 994 1150 1160 1208 1338 
136 263 296 613 626 635 699 702 735 740 816 822 1201 1258 1333 1446 
274 446 558 581 713 833 907 1135 1259 1426 1446 
388 440 502 802 829 917 1264 1273 1360 1388 
37 48 132 556 598 656 762 1082 1239 
3 12 18 100 159 278 343 376 404 417 732 733 884 940 950 989 996 997 1305 1330 1358 
4 13 104 356 582 596 609 741 940 1019 1065 1081 1212 1245 
38 92 124 476 776 905 923 1079 1157 1221 1370 
173 304 315 331 709 710 715 800 875 923 979 1084 1238 1391 1410 
224 433 574 681 896 1030 1411 
78 148 158 366 414 578 943 1105 1216 1289 
65 112 274 430 462 534 585 632 674 732 825 826 839 860 1135 1359 1413 
4 54 74 139 202 219 225 325 670 867 945 1122 1135 1152 1212 1229 1244 1269 1410 
21 61 107 150 500 524 583 963 1021 1149 1226 1282 1296 1309 1354 
117 144 164 170 185 483 641 763 960 1022 1023 1068 1157 1211 1319 1355 
372 387 512 624 996 1080 1110 1279 1297 
95 171 202 476 616 637 680 851 856 862 1267 1339 1364 1368 1434 1439 1442 1447 
31 285 480 614 781 846 1094 1173 1306 1429 1434 
64 83 252 420 450 750 979 1060 1355 
15 53 148 171 175 594 644 901 960 1064 1094 1098 1389 1399 
3 63 127 197 290 343 435 450 491 599 664 736 737 979 1020 1108 
104 261 392 418 504 561 597 744 813 857 858 886 1040 1190 
9 95 115 176 189 372 431 485 591 603 635 662 862 946 992 1035 1047 1049 1219 1360 
70 193 264 268 364 478 493 641 867 1048 1381 1417 
275 391 397 424 429 492 578 643 732 831 959 
79 237 390 447 494 593 605 758 825 875 1042 1108 1181 1238 1403 1413 
77 81 265 424 528 576 601 656 790 821 933 1130 1166 1239 1328 
125 151 159 270 276 351 412 592 783 827 902 914 959 1031 1032 1115 1238 1379 1411 
97 366 421 488 504 647 683 1004 1143 1376 1436 1460 
21 80 148 162 194 345 412 485 598 1421 1432 
4 49 114 141 210 269 340 401 508 603 663 685 963 1129 1176 1180 1404 
137 335 594 602 661 922 1207 1322 1340 1454 1458 
32 43 246 398 641 947 1028 1291 1425 1438 
85 259 514 544 597 622 679 751 863 919 1386 1441 
41 149 260 291 356 467 513 610 691 824 957 1105 1232 1466 
149 322 331 546 616 647 907 1016 1099 1148 1239 1421 1446 
95 168 178 243 274 410 512 615 620 660 684 716 717 828 915 917 1259 
514 578 630 703 739 743 819 1120 1137 
38 160 380 435 447 454 553 606 898 986 1039 1131 1176 1180 1234 1316 1319 
22 202 964 967 1018 1199 1233 1322 1342 
123 124 131 237 269 346 392 541 848 857 960 980 1064 1068 1316 
48 86 92 197 223 376 558 573 664 726 980 
432 442 466 491 521 589 653 765 817 937 1450 1458 
168 286 305 422 565 608 775 922 972 1007 1053 1327 1444 
229 338 371 423 588 607 801 1075 1276 
41 104 138 203 204 466 795 962 994 1144 1343 1420 
67 92 266 360 392 735 776 886 912 1027 1271 1446 
42 205 327 1162 1248 1257 1376 1434 
30 185 190 339 608 657 813 946 991 
4 539 571 786 837 891 1029 1280 1430 1447 
24 149 163 277 304 570 572 605 687 942 1168 1232 1406 
66 136 217 673 881 1113 1303 1324 
73 324 412 447 587 1000 1057 1061 1123 1143 1333 1376 1434 
53 97 245 268 472 510 688 909 959 966 1232 1298 1304 1449 
520 531 573 681 913 939 1007 1250 1262 1310 1341 
164 173 248 540 569 746 801 964 1093 1140 1236 
49 125 240 713 990 1273 
29 69 113 183 187 292 399 658 993 1093 1285 1405 
152 159 194 304 387 421 609 789 939 
51 254 356 469 652 707 719 824 886 1036 1072 1099 1211 1389 
116 163 167 463 552 583 
8 83 133 141 241 383 503 857 865 958 1113 1163 1323 
232 269 280 392 404 667 727 745 778 1281 1421 
17 90 186 200 280 295 371 399 540 573 594 735 834 948 976 1055 1300 1391 
11 60 238 319 354 496 559 702 975 1144 1162 1325 1447 
107 425 485 532 588 698 781 812 957 1021 1159 1197 1453 
21 401 435 539 546 799 1010 1233 1310 1371 
538 539 566 717 723 783 1037 1228 1287 1348 1427 
105 116 404 520 541 904 1043 1051 1062 1314 1381 1432 1458 
102 303 359 444 521 528 533 543 544 586 595 604 693 800 908 1063 1212 
64 80 171 290 351 519 799 814 885 1145 1207 1314 1428 
133 204 390 411 509 596 692 741 853 
217 232 271 354 384 513 516 591 747 821 1051 1108 1116 1181 1277 
103 147 433 560 650 835 1008 1014 1020 1082 1155 1334 
65 113 311 388 659 695 739 812 845 851 977 1047 1164 1215 1250 1260 1316 
36 155 303 507 600 607 662 748 1118 1128 1329 1378 1399 
291 529 537 810 831 940 1027 1088 1104 1145 1163 1188 1247 1308 1367 1384 1413 
11 119 330 425 457 501 663 957 1044 1049 1200 1300 1375 
37 61 328 645 743 809 942 1008 1423 1444 
362 741 779 879 1058 1267 1291 1314 1429 1470 
243 442 468 532 549 631 765 939 986 1004 1082 1195 1457 1467 
41 89 249 614 715 826 1235 1431 
33 543 550 1028 1191 1234 1409 
87 194 368 386 418 558 564 693 712 757 1192 1293 
116 129 175 356 385 432 550 576 598 674 704 758 890 897 1217 1229 
49 214 404 492 620 788 794 861 921 922 1340 1346 1347 
8 100 227 247 386 629 970 1153 1242 1410 
29 36 241 321 475 501 646 880 996 1006 1089 1291 1378 1439 
134 227 412 541 608 675 718 835 883 985 1041 1244 1302 1318 1359 
49 77 107 261 390 419 538 603 699 783 818 835 855 896 941 1257 1292 1347 
113 123 339 371 474 594 647 991 1381 1398 
8 119 457 480 496 602 649 675 730 742 928 1100 1102 1138 1261 1348 1360 
53 103 154 201 301 325 509 592 613 722 900 954 979 1215 1232 1326 1328 
696 1179 1260 1372 1417 1430 
75 81 107 112 219 301 411 691 694 728 747 879 891 998 1078 1162 1466 
309 489 634 843 1040 1048 1121 
1 220 322 343 359 365 436 683 701 1061 1271 
31 137 166 457 683 759 878 1099 1101 1382 1453 
49 319 336 545 584 677 752 841 1006 1165 1192 1252 1453 
41 218 258 306 307 785 941 1005 1102 1148 1213 
44 240 254 318 359 419 736 811 930 1063 1072 1096 1410 1427 
182 215 228 473 623 705 809 824 836 992 999 1296 
235 278 378 449 572 583 656 785 1221 1290 1367 
522 541 660 663 755 806 833 1026 1131 1193 1368 
238 367 558 985 1020 1059 1207 
368 380 529 670 805 971 1018 1073 1076 1172 1192 1197 1383 
65 117 211 347 509 928 1031 1123 1460 
343 380 419 429 605 960 1048 1355 1393 
184 229 366 588 991 1034 1098 1155 1229 1250 1276 
1 228 338 525 581 626 733 736 935 1186 1342 
47 295 313 317 337 694 764 816 1141 1164 1256 1289 1349 1392 1466 
392 480 600 668 669 818 917 1046 1348 1374 1417 
107 151 608 746 762 784 894 944 1288 
150 264 275 524 566 602 843 1086 1211 1386 
84 255 466 883 1026 1095 1150 1296 1415 
204 257 303 336 380 622 719 875 1091 1196 1220 1288 1399 1417 
94 221 323 625 793 958 1023 1030 1208 1422 1449 1454 
332 875 991 1359 
44 123 130 413 462 489 812 864 897 1041 1077 1091 1225 1269 1363 1424 
198 230 375 606 666 750 868 930 971 1067 1072 1123 1193 1365 
130 141 358 505 643 834 964 1254 1291 1389 1394 
454 560 567 641 655 715 816 985 1326 1368 1435 
32 311 376 666 682 971 1023 1333 1379 1463 
547 571 646 811 1150 1464 
123 296 310 389 397 445 665 736 1089 1133 1378 
26 37 54 66 76 183 203 421 457 712 910 1030 1087 1210 1256 1258 
93 190 347 386 395 472 637 701 732 884 899 1037 1095 1188 1202 1370 1381 1383 1406 1427 
300 405 573 661 882 893 1086 1275 1375 
367 424 952 1138 
118 429 668 698 1017 1115 1265 1267 1397 
52 258 268 573 636 797 859 1066 1108 1174 1401 
4 353 379 552 609 715 764 924 955 1083 1154 1216 
486 512 656 857 890 1135 
7 206 244 342 461 567 673 1343 
309 370 428 431 457 501 553 879 903 931 1115 1192 1457 
162 377 631 811 851 878 960 1040 1142 1213 1255 1350 1382 1391 
233 356 362 527 572 1009 1055 1102 1144 1281 
39 136 164 177 212 320 400 580 724 883 1001 1111 
151 508 580 823 1171 1180 1189 1399 1421 
51 341 381 411 419 517 545 805 875 1064 1088 1220 1378 
73 94 512 655 697 816 835 1186 1275 1352 
180 216 247 418 488 574 628 951 1013 1017 1119 1181 1340 1384 
30 297 301 367 980 1005 1026 1032 1143 1469 
7 287 580 653 693 703 726 779 
163 324 454 511 555 608 752 870 1045 1074 1149 1176 1243 1365 1389 1410 1420 
51 452 480 608 639 856 894 969 1240 1317 
257 527 660 898 919 949 1045 1067 1090 1404 
217 249 272 547 631 687 793 875 896 1130 
29 135 765 879 919 1103 
92 133 174 237 271 396 468 486 807 995 1195 1293 1342 1359 1438 
67 174 297 451 546 664 945 1108 1117 1129 1133 1306 
36 137 239 423 509 639 787 837 906 1115 1177 1289 
75 188 281 481 709 757 870 995 1001 1323 1430 
94 172 433 485 491 530 885 1094 1144 1244 
21 50 333 421 569 613 715 879 1056 1219 1224 1233 1398 
122 201 265 634 838 
24 66 128 228 239 304 313 317 332 482 666 778 812 849 883 926 1217 
3 34 92 103 377 445 506 548 1086 1140 1389 
169 220 238 298 340 372 663 816 991 1174 1210 1275 
427 429 826 917 1022 1088 1198 
497 577 583 596 698 876 943 1049 1077 1215 1296 1448 
139 258 370 577 681 1032 1163 1260 1369 
203 289 761 766 907 1000 1051 1154 1231 1269 
49 96 561 573 618 635 759 918 1085 
162 305 592 672 681 696 873 890 922 1021 1040 1095 1189 
249 533 592 739 988 1000 1035 1063 1106 1122 1271 1282 1356 1388 1468 
98 328 417 425 775 879 1001 1243 1322 
42 64 81 182 609 646 737 786 846 995 1122 1171 1181 1300 
158 178 195 428 473 503 532 573 809 947 1000 1048 1171 1428 
49 68 77 479 565 578 643 651 830 837 891 894 1201 1311 1324 1460 
30 320 348 529 663 952 1004 1024 1095 1106 1119 1186 1238 1329 1457 
91 157 214 231 377 395 414 500 521 609 650 1025 1140 1278 1299 1337 
158 182 233 257 437 593 808 898 942 1198 1369 
8 163 468 634 748 1091 1233 1258 1266 1296 1332 
7 10 139 386 627 684 766 889 974 1003 1051 1180 1237 1241 1291 1413 1424 
46 138 203 273 291 644 666 1051 
199 252 327 372 380 446 647 745 754 761 785 836 1113 1139 1185 1218 1278 1331 1389 1403 1451 
275 356 1356 1404 1416 
118 182 474 590 691 896 956 975 995 1319 1339 1351 1353 
112 168 275 290 605 1008 1083 1099 1189 1447 
54 189 324 382 384 385 458 670 716 805 1097 1157 1415 
29 121 197 367 416 469 508 1065 1292 1337 1458 
54 175 186 256 351 541 748 911 947 995 1028 1055 1293 1358 1361 1367 
122 252 401 675 800 925 955 1130 1262 1277 1359 
121 223 296 324 357 456 482 486 494 503 772 790 949 975 1022 1079 1143 1193 1313 1347 1382 1420 
416 449 557 655 724 804 810 895 914 1189 1218 
20 47 196 420 597 656 1085 1148 1163 1423 
44 69 284 379 438 669 735 761 819 964 978 1072 1221 1246 1271 1383 
100 111 794 802 907 1042 1054 1057 1121 1137 1275 1323 1364 
9 92 279 316 350 398 734 748 759 890 934 1072 1092 1186 1192 1270 1272 
166 209 316 321 483 545 576 684 775 985 1121 1140 1192 1319 
35 325 586 808 978 993 1079 1276 
28 451 682 703 796 990 1057 1319 
381 460 516 614 652 720 850 910 977 1052 1113 1423 
103 320 526 549 734 746 854 995 1009 1140 1230 1255 1456 
37 83 184 1121 1134 
202 283 300 377 772 984 1054 1086 1219 
21 227 256 267 402 799 826 1046 
139 295 355 470 537 886 902 938 1090 1143 1154 1215 1361 
304 510 536 978 987 1030 1033 1276 1318 
138 559 756 768 835 905 927 1124 1184 1220 1328 
84 98 354 361 885 1107 1156 1192 1334 1347 1365 
130 134 314 556 775 777 849 851 872 895 914 933 942 1362 1366 1457 
186 273 338 615 738 762 774 805 968 985 1077 1296 1331 
47 320 467 579 618 845 848 852 983 1004 1046 1171 1179 1239 1366 1376 1386 1460 
199 216 400 774 801 1129 1168 1186 1192 1237 1432 1460 
39 78 93 99 392 498 634 728 847 927 1073 1181 1203 1233 1464 
60 112 120 301 407 452 487 489 546 651 715 1029 1030 1039 1082 1200 1310 1472 
255 910 1034 1141 1288 1429 
122 231 397 505 589 637 846 876 948 1044 1046 1241 1364 1390 1428 
377 448 482 487 836 924 1274 1304 
91 118 139 599 639 661 934 1142 1309 1354 1379 1382 
13 92 129 134 158 177 295 388 684 935 1123 1252 1394 
151 161 205 307 355 671 674 748 897 907 1237 1324 1427 
32 225 378 541 621 739 905 949 1046 1201 1421 
32 146 212 384 489 723 842 953 1034 1050 1118 1174 1379 
121 139 307 442 543 657 1014 1135 1147 1149 1180 1243 1279 1405 
152 171 194 280 312 555 572 630 828 952 979 982 1126 1146 1212 1310 1365 1385 
41 160 202 238 473 598 756 845 936 977 1227 1297 1444 
498 817 881 1022 1289 1351 
65 78 83 282 357 501 815 947 1060 1151 1362 1400 
688 719 1025 1128 1156 1394 
95 169 476 537 657 760 895 1258 1296 
52 103 104 167 617 816 826 831 1144 1159 1336 
21 50 54 120 200 372 445 466 533 543 764 802 1046 1065 1068 1100 1158 1174 1299 1301 
191 349 425 550 702 872 1045 1049 1103 1281 1293 1322 
74 800 909 1160 1211 1298 1314 1373 1395 
131 424 467 489 501 564 638 642 769 803 906 990 1065 1119 1156 1181 1204 1300 1330 1339 
224 255 300 382 391 401 505 566 570 580 641 755 798 820 1109 1222 1444 1471 
128 274 333 448 457 616 627 777 802 1004 1029 1110 1214 
85 154 348 389 531 575 760 796 801 977 1027 1036 1146 1221 1271 
16 76 107 173 211 283 395 799 900 911 913 933 1431 1442 
225 245 285 344 757 950 1101 1211 1293 1302 1322 1350 1386 1441 1461 
32 48 205 399 677 711 752 775 993 1110 1352 1455 
169 406 486 561 675 896 1000 1043 1230 1468 
9 201 267 385 504 512 721 849 866 946 1149 1159 1192 1193 1366 
35 57 217 744 763 820 848 925 997 1093 1172 1230 1268 1413 1473 
132 404 650 673 740 1288 1392 1426 1429 
33 381 388 518 648 757 914 1095 1194 1334 1445 
174 478 549 672 695 707 888 1095 1156 1260 1263 1378 1467 
171 223 378 464 478 503 637 646 690 728 1199 1256 1452 
113 255 270 342 423 487 593 620 1074 1247 1381 1416 
163 335 483 642 1096 1108 1174 1248 1256 1277 1438 1459 
217 527 553 792 825 885 1033 1354 1384 1423 
49 309 398 415 509 573 682 693 712 730 795 990 1099 1222 1264 1415 1471 
135 401 464 477 548 614 791 1040 1070 1075 1109 1118 1345 
158 341 498 562 661 683 1015 1094 1159 1249 1368 
5 159 194 203 205 340 377 609 759 941 1046 1097 1124 1173 1187 1335 1379 1426 
241 567 800 808 990 1037 1066 
133 185 388 543 598 644 956 992 1251 1263 
100 140 210 276 336 552 573 906 1020 1202 1348 1425 
189 206 522 552 710 1005 1108 1146 1175 1197 1220 1434 
33 73 150 175 408 541 606 631 673 919 951 962 989 1063 1117 1130 1174 1403 1436 
22 255 329 564 583 597 815 950 1077 1195 1307 1364 
99 493 519 583 653 731 769 795 868 935 994 1071 1073 1191 1365 
123 146 184 291 327 395 404 599 905 934 1245 1257 1445 1454 
96 119 291 297 608 789 955 975 993 1186 1367 1396 1446 
310 398 399 402 530 537 575 1058 1361 1379 
35 42 101 741 946 982 1003 1231 1270 1285 1351 
45 71 76 100 123 221 255 396 596 648 795 998 999 1004 1036 1065 1154 1232 
77 78 219 224 231 443 483 501 926 927 1215 1219 1396 
118 460 463 574 675 1008 1128 
58 210 391 441 486 523 568 635 692 1019 1114 1282 1350 1452 
149 178 224 304 396 645 660 661 712 772 944 
200 374 417 444 549 673 748 782 875 920 1047 1313 
262 267 342 621 723 741 848 1017 1065 1139 
139 297 328 434 439 551 727 1038 1152 1216 1372 1395 1417 
97 473 499 583 845 854 929 1049 1367 1404 
110 226 354 1007 1149 1195 1298 1370 1421 
58 164 321 342 386 547 670 1129 1231 1246 1410 1442 1456 1458 1469 
210 401 434 513 567 787 980 1217 1300 1304 1357 1398 
22 361 384 562 571 667 685 850 912 1046 1300 1333 1447 
188 465 527 896 915 1038 1127 1166 1200 1374 
36 271 321 335 382 499 543 646 776 790 839 921 936 1020 1079 1353 1369 1445 
123 156 290 301 327 345 361 379 424 461 589 739 781 956 972 1075 1116 1160 1201 1329 
30 67 252 361 440 484 778 881 968 1140 1229 1335 1392 
123 459 612 776 808 837 1035 1083 1152 1381 
108 496 728 774 807 867 962 1097 1262 1297 1312 1406 1462 
55 108 127 151 336 383 550 765 843 894 896 911 1012 1023 1115 1429 1446 1449 
142 499 560 588 646 707 774 951 973 983 1262 1390 1451 1460 
227 406 776 860 900 1353 1378 1384 
3 8 143 156 553 643 863 865 1054 1340 1366 1440 
50 425 766 839 872 1088 1270 1277 1404 
17 126 152 661 919 970 1025 1094 1317 1346 1382 
132 223 269 588 717 862 940 980 1123 1146 1177 1255 1280 1321 1374 1448 
151 336 442 484 552 593 612 633 704 1243 1403 
470 535 593 980 1135 1224 1298 1449 
64 66 104 230 338 347 388 702 896 898 1062 1109 1125 
55 266 384 447 475 583 852 950 1008 1019 1282 
102 134 403 468 657 881 1109 1155 1160 1199 1251 1289 1300 1403 
263 428 466 485 588 594 856 1089 1106 1110 1169 1186 1319 1388 1421 
309 415 459 605 853 964 
46 48 161 217 272 338 690 1164 1229 1351 
13 78 414 441 633 853 893 1103 1208 1217 1392 1434 
14 22 25 127 432 807 1030 1367 
71 126 213 290 454 584 595 849 966 1398 
95 133 189 279 691 826 950 1148 1387 
82 177 218 229 262 426 432 550 560 931 995 996 1132 1314 
89 129 266 542 716 724 945 1021 1080 1216 1280 1368 
32 39 186 222 278 405 503 976 1163 1371 1415 1461 
48 170 322 420 774 797 854 1089 1178 
25 429 460 492 494 736 907 1132 1304 
57 196 220 286 358 393 1074 1169 1284 1327 
97 104 390 580 597 687 689 711 719 836 883 889 968 1093 1254 1261 1314 1362 
61 281 321 732 781 1333 1441 
24 56 65 271 321 328 364 459 543 920 1004 1092 1153 1189 1368 
70 228 234 363 382 669 707 942 992 1145 1328 1405 
9 55 151 275 346 651 666 706 720 726 738 996 1022 1358 1376 
567 659 974 1201 1325 1459 
19 227 243 284 456 623 791 847 861 1208 1265 1316 1418 
1 163 188 194 425 567 699 1036 1079 1156 1229 1251 1297 1412 
26 30 73 119 244 258 281 283 660 686 709 728 875 974 1258 1376 1416 
175 266 295 390 418 543 569 577 698 901 969 1056 1188 1203 1233 1277 1466 
217 241 398 439 541 557 642 725 773 815 978 984 1051 1103 1168 1468 
26 57 58 66 273 296 358 593 618 631 770 959 1249 
10 313 383 411 422 897 939 1309 1362 
65 190 272 287 404 811 986 994 1063 1097 1100 1205 1265 1319 
112 196 346 348 534 746 875 920 1451 
30 389 469 484 656 704 736 761 976 1368 1440 
21 66 401 544 547 621 666 741 936 1099 1187 1279 1355 1450 
34 356 1023 1044 1310 
93 198 294 314 381 426 699 865 1070 
103 135 139 175 323 413 452 506 684 717 741 850 1254 1399 
301 333 354 381 527 757 774 794 948 1148 1217 1292 1351 1414 
262 581 661 719 750 806 844 850 859 1049 1054 1314 1326 1458 
35 231 388 392 407 656 690 785 887 1035 1044 1431 
61 146 160 185 210 610 718 744 859 925 963 1094 1255 1325 1392 1412 
105 126 229 270 318 357 359 381 494 521 698 934 1005 1147 1210 
70 94 174 211 315 385 399 476 664 803 852 986 1255 1272 1278 1400 
195 323 421 541 591 884 1061 1138 1453 
72 116 268 296 454 599 770 970 1082 1113 1215 1261 
50 55 102 247 301 356 544 706 984 988 1000 1090 1245 
133 289 301 309 640 1128 1178 1199 1313 1318 1327 1343 1345 
16 46 94 266 301 306 436 579 772 786 827 1033 1203 1255 1354 1451 
81 87 312 386 397 460 723 799 822 985 1029 1139 1435 
88 413 419 531 574 607 734 760 785 873 1296 1332 1434 
319 407 641 1283 1338 1339 1365 1437 
11 149 175 268 362 377 387 463 625 798 966 1160 1296 
223 697 765 780 1110 1148 1381 
20 139 309 754 803 850 1074 1088 1126 1189 1315 1322 1461 
60 115 119 191 253 285 618 843 954 1047 1167 1285 1290 1409 1451 1460 
86 231 320 626 803 978 1118 1160 1327 
16 24 114 122 135 264 333 494 538 599 757 774 810 995 1063 1144 1213 1236 1299 1340 1413 
151 162 274 450 473 537 549 572 608 844 1034 1277 1334 
219 373 390 917 948 1031 1177 
23 231 267 273 281 470 575 608 683 731 916 948 1170 1253 1401 1417 
95 397 458 735 923 1110 1135 1199 1307 
1 17 34 226 287 408 531 605 718 720 824 855 927 1049 1126 1128 1162 
16 150 151 464 565 836 877 889 973 1000 1025 1049 1081 1139 1231 1250 1308 1373 
155 242 272 476 534 657 845 1149 1297 
76 125 212 402 408 603 615 657 736 958 988 1036 1205 1249 1373 
45 247 438 579 580 918 1051 1235 1366 
78 217 511 516 556 703 782 976 1078 1187 1220 1247 1382 1450 1458 
87 98 112 218 329 525 755 808 898 955 1082 1131 1177 1236 1238 1293 1335 
517 728 832 1005 1070 1225 1297 1344 1375 
2 36 57 113 436 487 772 778 832 919 954 1116 1151 1369 
57 98 167 505 509 530 663 678 972 977 1079 1089 1170 1239 1425 
132 167 531 839 962 1145 1451 
672 691 1364 
310 320 543 706 869 1228 
12 127 138 217 444 1170 1358 1464 
373 562 598 774 803 977 1134 1192 1464 
110 300 358 457 497 570 761 783 827 899 1052 1133 1154 1270 1304 1348 
1 21 39 201 349 681 784 826 1020 1101 1109 1115 1129 1427 
59 230 443 790 845 891 1006 1067 1320 1321 
161 244 544 614 1004 1164 1167 1245 1254 1402 1465 
251 258 293 322 327 368 392 770 1072 1135 1266 1413 1466 
211 253 440 498 626 630 652 887 1009 1038 
34 167 478 577 578 648 856 956 984 1014 1085 1351 1468 
18 82 374 408 661 671 819 977 1470 
114 139 170 332 541 622 650 744 774 878 
28 31 131 529 542 563 582 732 1083 1168 1422 1435 
20 68 114 206 254 276 684 835 1047 1091 1147 1152 1173 1185 1251 1293 
142 143 145 164 227 518 584 722 870 1206 1215 1321 1418 
49 93 247 359 435 466 547 594 620 807 830 985 1261 1406 1409 1418 1440 1450 
281 375 570 604 740 754 792 949 1034 1093 1339 1429 
31 80 177 506 635 781 895 916 917 1114 1143 1293 1294 1296 
149 349 493 718 756 786 947 1238 1368 1405 
37 191 545 577 804 825 860 868 1000 1029 1070 1099 
150 192 207 359 405 519 543 713 824 851 1154 1315 1342 
17 180 562 700 742 789 1008 1033 1103 1237 1269 1421 
341 385 428 442 539 787 1172 1283 
9 193 207 353 473 545 664 912 927 1142 1160 1189 1271 1443 
362 703 755 828 925 1047 1124 1338 1416 1421 1460 
15 44 64 78 202 285 348 368 378 508 750 821 846 940 962 1044 1222 1299 
10 82 84 156 288 375 453 606 637 649 1138 1175 1231 1322 
107 320 491 511 633 688 922 1168 1446 1464 
329 522 566 596 599 625 886 968 973 1256 1292 1294 1426 
14 213 455 505 586 591 612 679 707 1082 1114 1191 1211 1220 1300 1380 1445 
20 22 115 323 337 380 985 1046 1047 1297 
209 263 296 342 381 617 824 849 929 956 1269 1274 1431 
20 323 339 585 602 898 
14 67 328 456 512 518 567 611 627 692 759 863 1113 1367 1402 1406 1473 
6 46 75 157 202 424 1002 
625 867 909 1231 1304 1412 
2 65 77 264 519 563 611 1078 1206 1311 1342 
76 104 139 199 429 775 847 875 959 1056 1186 1266 1276 
183 239 244 263 268 518 717 884 1006 1102 1318 1447 
129 278 319 394 400 658 855 902 971 1051 1174 1264 1287 1347 1410 1427 
13 37 166 244 252 339 677 691 694 970 1084 1176 1205 1391 
53 55 201 304 615 846 928 1091 1170 1303 1396 1456 
124 195 200 268 517 518 851 920 959 1012 1037 1061 1220 1279 
83 197 568 569 746 880 883 1074 1183 1240 1248 1249 1349 
99 210 342 636 750 756 828 995 1178 1331 1386 
20 85 260 267 311 331 363 431 476 498 635 871 890 924 1021 1409 
96 162 171 240 262 351 389 412 441 456 646 765 790 802 928 933 941 988 1407 
44 319 759 763 771 885 913 988 1071 1208 1216 1458 
14 53 580 590 592 664 789 1184 1320 
75 176 243 288 306 345 555 612 613 714 842 856 858 1160 1245 1293 
22 140 385 448 1376 1438 
21 154 209 386 789 830 1015 1071 1132 1153 1207 1289 
193 324 380 383 494 776 851 1086 
565 768 885 903 940 1016 1032 1404 
56 200 230 305 366 514 660 676 693 762 775 906 946 961 1204 1367 1371 
11 13 180 188 284 457 610 652 888 900 1221 1275 1305 1440 
182 245 771 1192 1203 1281 1349 
186 220 313 365 478 737 903 922 977 978 1251 
129 133 187 227 433 438 577 824 1107 1239 1385 
113 246 281 507 557 628 764 799 816 820 1006 1168 1169 1193 1470 
144 172 310 349 358 383 620 662 680 689 730 1035 1241 1267 1307 1392 1416 1434 
4 26 61 169 308 594 673 821 878 1029 1126 1150 1191 1193 1208 1356 1428 
16 244 248 306 401 452 472 497 629 763 805 828 1155 1375 1382 1433 1462 
45 233 259 365 418 572 617 826 888 1053 1126 1279 1353 1417 
221 466 721 724 739 750 754 766 869 914 975 1369 1472 
198 511 577 587 659 869 879 1291 1382 1452 
37 71 489 577 808 1152 1338 
66 76 112 135 378 455 519 666 831 1104 1113 1240 
19 134 184 373 418 439 454 533 673 831 1111 1404 1423 
12 76 119 275 280 313 432 624 734 737 740 806 903 920 950 1061 1272 1294 
21 24 368 435 513 709 724 738 1084 1379 
126 150 151 406 965 1408 1454 
87 91 221 400 475 537 746 830 1310 1357 1435 
104 258 297 366 600 652 742 776 801 831 877 937 1044 1223 1296 1399 1468 
4 109 165 200 201 671 714 823 899 926 1041 1210 1358 
10 38 118 376 398 511 547 659 670 936 969 990 1119 1198 1258 1358 1377 
15 22 89 169 328 396 518 615 626 840 1080 1086 1447 
154 376 528 645 650 751 833 860 952 1339 1379 1411 
321 349 372 494 530 708 766 939 1190 1237 1360 1388 
81 86 103 205 239 275 360 455 538 638 1363 1414 
87 343 1126 1201 1203 1378 1380 
35 98 155 353 364 422 481 508 850 973 1310 1369 1469 
34 66 377 498 713 1105 1155 1172 1366 1434 1453 1471 
56 68 150 268 319 433 645 788 940 1222 1374 1425 
25 194 334 409 426 818 982 1056 1227 1295 1452 1469 
31 69 320 607 984 1019 1454 1464 
208 701 713 837 1111 1146 1462 
254 302 374 448 465 611 677 1341 1345 1366 1382 
7 85 220 237 344 412 578 834 860 1016 1131 1140 1438 1470 
1 143 146 352 592 645 676 822 845 935 1038 1178 1269 
6 105 319 465 521 566 568 585 637 736 870 976 1024 1061 1122 1191 1463 
292 339 363 419 546 586 731 756 791 879 1060 1117 1217 1219 1225 1266 1283 
9 11 44 163 280 413 457 586 688 694 850 892 1131 1193 1406 
204 259 432 489 498 537 742 1021 1127 1193 1210 1287 1394 1407 1430 1433 1451 1463 
91 185 283 743 793 855 920 1125 1136 1340 
9 295 302 308 378 394 675 686 714 1375 
45 70 158 332 440 490 522 618 648 802 1223 1274 1303 1411 
322 415 502 512 534 604 654 754 1200 1218 1273 
158 259 337 415 431 546 621 779 801 906 950 992 1103 1109 1160 1165 1282 1373 1420 
40 108 133 156 201 448 542 581 688 697 771 779 866 1062 1103 1154 1254 
401 599 678 916 1196 1259 1333 1470 
21 217 298 335 506 599 714 733 984 1135 1156 1268 1410 1465 
57 194 221 413 508 771 815 905 952 1096 1222 
82 118 186 189 215 255 344 680 780 787 915 947 1304 1315 1329 
323 426 466 594 737 848 897 991 1196 
5 14 33 319 355 366 451 462 631 802 831 882 922 1323 1465 
30 101 251 639 698 820 973 1042 1454 
56 298 318 367 838 844 939 1020 1283 1366 1401 
105 185 228 394 499 610 779 1184 1220 1252 
306 457 593 667 707 736 817 1133 1196 1272 
161 270 350 660 690 1005 
170 194 351 355 453 501 597 760 1037 
307 374 511 640 806 1137 1142 1190 1222 1358 
137 510 519 649 781 892 897 956 1004 1158 1288 1325 1374 
25 242 463 548 716 718 797 1066 1068 1097 1395 
67 683 769 776 781 786 796 819 843 961 1063 1116 1161 1330 
65 144 480 594 646 836 912 944 955 961 1142 1192 1307 
26 281 343 353 435 463 595 667 679 740 1105 1380 1406 
148 280 594 649 732 797 839 896 919 920 1052 1085 1304 1375 1466 
41 140 326 376 787 1082 1172 
140 257 452 521 640 644 734 746 747 885 923 970 1332 
44 165 186 335 463 765 934 1049 1221 1392 
89 93 115 323 414 429 469 554 557 615 994 1075 1458 
94 172 277 416 424 492 760 768 853 896 1062 1099 1167 1193 1418 1470 
13 123 460 635 708 754 1063 1112 1142 1191 1224 1380 1413 1423 
48 77 301 365 407 726 884 968 1015 1207 1233 1326 1359 1388 
332 465 624 760 764 1090 1249 1458 
282 313 385 457 502 651 829 1060 1350 1365 
430 445 490 676 1063 1221 
168 224 261 326 419 473 517 557 590 792 1022 1058 1296 1442 
491 503 560 624 668 901 973 1000 1021 1247 1433 
116 407 419 640 859 1030 1054 1120 1454 
35 45 133 220 391 490 564 641 672 737 824 888 914 1046 1055 1059 1180 1264 
4 192 321 423 526 591 612 711 1070 1333 1337 
28 158 169 235 302 318 432 480 578 753 796 799 831 837 1214 1393 
416 423 429 471 538 702 820 1045 1240 1289 
273 533 691 718 936 1125 1436 1470 
38 115 282 586 612 796 1045 1225 1349 1401 1434 
3 215 234 320 336 451 1122 1139 1431 1463 
36 290 337 817 893 926 950 1064 1113 1268 1436 
168 297 306 388 826 978 982 1095 1113 1410 1438 
483 500 511 631 672 691 759 761 938 1151 1419 1447 
29 200 243 378 403 461 677 778 826 1081 1143 1424 1444 1469 
96 305 566 716 813 874 911 974 1204 1444 
20 81 83 280 616 817 846 1053 1095 1179 
239 349 677 1170 1291 1315 
155 192 321 485 522 690 732 775 825 1186 
209 345 483 666 924 967 1158 1269 1366 
85 99 261 267 375 462 500 579 756 763 845 882 928 1182 1226 1350 
256 449 491 538 540 587 870 1007 1290 
71 162 222 338 347 449 497 578 920 1073 1357 1401 1435 
433 499 576 645 652 779 902 925 960 1050 
91 186 478 703 751 848 943 1241 1299 
161 273 565 580 971 1001 1124 1134 1273 1375 
5 26 139 735 758 940 1049 1235 1293 1405 
422 567 685 699 729 768 983 1007 1149 1156 1176 
116 339 343 697 1330 1365 1375 1419 1433 
275 423 648 711 731 854 911 1116 
26 30 196 404 458 464 538 659 696 862 872 928 1448 
24 58 228 278 291 388 525 718 770 903 1057 1161 1179 1245 1253 1467 
119 232 291 293 345 399 687 690 745 944 972 1229 1396 1423 
184 459 541 761 877 1405 1466 
179 252 295 566 627 629 808 875 947 1113 1282 
2 461 589 591 725 818 855 898 1120 1351 
438 485 686 698 736 742 810 811 1071 1075 1407 
13 110 242 245 265 672 814 1033 1111 1189 1386 1413 
79 83 99 253 349 398 486 752 819 849 888 1045 1195 1253 1300 1324 1373 
94 117 270 371 479 484 566 591 680 1110 1213 1342 1399 
57 103 137 297 417 435 505 607 631 669 751 816 891 950 1054 1113 1303 1375 1384 1393 1400 
97 194 214 474 663 796 888 1241 1325 1349 1453 
149 247 389 475 477 669 804 935 1104 1160 1212 1457 
152 169 247 276 663 671 708 969 1163 1246 1254 
146 210 238 503 720 797 865 885 952 1029 1030 1140 1167 1237 1307 
4 314 530 648 998 1101 1207 1211 
149 219 382 398 488 544 546 582 606 1013 1048 1183 1215 1289 1375 1425 1442 
207 254 737 742 862 
4 51 105 166 372 532 773 989 1185 
269 318 337 445 501 592 597 644 702 722 814 823 1229 1406 
166 195 466 499 500 539 800 817 859 861 935 1029 1131 1180 1259 1281 1387 
225 382 440 481 517 541 587 801 805 862 910 918 1098 1424 
14 33 127 131 203 319 437 493 709 999 1017 1096 1284 1392 
14 199 205 255 342 482 1055 1117 1463 
276 327 394 440 496 505 556 623 633 748 765 902 964 998 1070 1071 1093 1099 1127 1160 1187 1211 1375 
7 834 948 960 1137 1255 1317 
141 496 505 599 701 706 723 850 935 1292 1353 1392 1439 
155 280 284 416 531 562 644 846 927 1046 1088 1153 1156 1173 1427 
354 519 722 824 1022 1112 1147 1279 1321 1379 1454 
63 152 350 514 647 787 817 913 1189 1267 1346 
148 269 713 742 799 1006 1230 1337 1356 
56 137 300 364 389 405 609 1062 1094 1308 1313 
88 146 200 291 311 326 426 430 431 667 760 762 767 1194 
121 324 371 388 410 450 467 506 584 737 739 1021 1069 1239 1273 1359 1420 
413 507 624 678 691 784 856 1251 1256 1356 1445 
103 772 819 955 1084 1185 
453 459 489 540 859 1025 1067 1432 
120 311 424 489 490 789 911 919 992 994 1011 1156 1226 1242 
90 144 172 844 1024 1113 
133 184 203 368 462 647 793 833 904 919 
20 84 195 297 557 602 722 777 841 935 1132 1214 1330 1356 
49 251 310 373 386 492 598 719 755 824 1206 1367 1368 
34 111 292 371 378 553 610 675 925 1019 1023 1109 1186 1193 1195 1336 
40 47 291 303 404 517 869 873 982 1129 
28 363 696 722 934 1040 1249 1410 1451 
75 199 280 425 452 528 767 933 1084 1250 1374 
194 397 574 583 584 704 788 858 918 938 1032 1279 
62 145 532 541 1025 1306 
187 195 203 293 609 760 1043 1114 1260 
70 219 478 663 700 901 957 1370 
303 353 748 837 906 920 1069 1173 1349 
524 627 729 743 762 766 847 1019 1103 1147 1284 1386 1437 
86 152 169 300 682 780 1151 1232 1343 1363 
192 364 393 441 470 496 518 542 707 783 954 1043 1047 1055 1163 1362 1433 1445 
38 61 109 300 313 331 332 600 624 714 756 770 948 1073 1167 
143 201 202 205 304 617 636 708 725 795 914 1365 
149 242 533 642 648 878 929 
68 341 367 418 789 802 823 856 1017 1201 1283 
23 345 417 542 788 899 944 1117 1140 1168 1200 
41 82 289 467 607 671 758 868 895 910 1296 1375 1386 1395 
256 527 585 716 788 807 840 921 1086 1300 1397 
58 285 410 572 686 695 992 1190 1231 
26 32 468 792 927 1072 1141 1195 1331 
4 108 395 571 584 838 848 944 997 1235 1325 1326 
73 131 275 334 364 441 486 658 877 982 1116 1192 1256 
64 116 162 327 422 442 443 459 487 703 734 770 831 934 951 1030 1219 1342 
188 231 297 357 486 645 680 861 993 1013 1294 1328 1360 1393 
41 48 288 427 773 793 799 811 882 1032 1086 1116 1126 1301 
105 151 480 522 559 579 586 752 1158 1265 1306 
154 241 301 356 379 451 796 1044 1078 1157 1191 1253 1269 1395 
98 262 400 403 484 637 795 807 818 1237 1349 1371 1426 
164 192 198 216 236 354 572 798 846 861 909 913 954 980 1029 1101 1113 1170 
161 234 239 1046 1090 1195 
99 547 619 636 666 919 1211 1473 
242 386 410 443 487 633 648 733 758 871 1102 1142 1337 1458 
55 61 189 202 329 447 646 682 864 937 1263 
33 39 154 212 343 670 1029 1211 1250 1373 
14 56 64 66 311 360 549 598 844 1183 1317 
22 41 44 276 401 550 912 937 1054 1103 1143 1268 1275 1336 
244 312 370 622 777 885 943 958 990 1147 1195 1252 1300 
22 413 428 495 533 862 874 990 1293 1344 1398 1437 
55 173 194 537 917 928 932 972 1076 1160 1338 
133 373 413 489 710 739 740 776 1451 1453 
4 272 456 505 677 808 953 1013 1050 1289 
108 589 819 944 1116 1139 1226 1331 1338 1346 
38 232 234 391 417 552 702 730 787 796 814 824 970 1177 1295 
80 138 190 407 473 474 503 823 957 1398 
312 556 602 610 716 971 1086 
283 287 468 723 856 916 925 1174 1227 1276 1435 1448 
128 441 463 554 872 904 975 1020 
41 42 299 416 488 537 665 776 1075 1090 
216 602 610 710 746 788 1063 1109 1246 1325 1431 
125 220 253 333 346 566 597 644 713 739 778 799 1385 1410 1411 
278 387 397 456 1079 1186 1261 1366 1461 
213 407 510 974 1105 1166 1360 1364 1369 1471 
34 106 408 772 979 1039 1217 1271 
422 426 748 944 1107 1124 1453 1457 
7 67 531 681 712 742 761 777 828 862 968 1077 1131 1182 1336 
247 501 537 819 891 924 1113 
263 648 698 884 1443 
234 375 710 736 751 757 877 911 954 1096 1118 1378 
10 93 248 261 262 463 593 1009 1043 1150 1196 1347 1406 1427 1460 
2 134 253 326 409 654 826 960 992 1021 1055 1158 1214 1234 1288 1366 1422 1459 
128 328 419 510 512 655 670 677 706 761 762 773 777 807 933 987 1047 1153 1302 
195 247 251 388 415 432 543 675 691 756 807 990 992 1023 1024 1054 1131 1213 1263 1308 1351 
110 134 282 567 810 1121 1260 1360 1385 1391 1397 1422 
174 273 285 652 721 825 840 1097 1131 1151 1161 1168 1398 
92 177 380 438 445 687 1031 1035 1040 1190 1253 1336 1434 1450 1465 1466 
169 171 248 637 677 823 1230 1389 1452 
426 731 744 1006 1237 1323 1347 1384 1437 
97 155 611 812 861 904 918 1240 
216 345 649 779 844 1028 1147 1315 1334 1429 
298 430 573 741 786 846 880 1011 1146 1424 
66 72 331 404 508 698 822 
39 61 92 131 278 778 884 905 987 1011 1364 1418 
193 441 799 985 1074 1457 
33 60 109 116 131 312 338 352 424 888 922 971 1450 
444 477 945 967 1130 1229 1253 1256 1361 1371 
343 390 525 603 642 676 982 1056 1104 
44 79 245 498 552 572 688 865 881 978 992 1301 1436 1454 
56 194 225 1296 
232 339 414 697 730 899 1005 1024 1246 1444 
40 65 243 277 321 378 539 586 631 685 798 804 960 1104 1113 1162 1165 1244 1248 1277 1312 
78 274 336 511 523 532 578 584 641 789 1101 1247 
260 298 560 671 707 914 1098 1193 1230 1389 
61 64 69 245 283 801 1065 1129 1191 1303 1457 
6 86 363 387 646 664 732 770 832 902 945 1105 
395 582 703 838 870 978 1287 1412 1419 1422 
197 281 407 491 554 656 728 842 865 895 1022 1184 1457 
69 145 505 748 757 1028 1417 1446 
188 228 355 392 400 408 594 726 768 832 1022 1154 1245 
79 81 90 203 387 402 482 517 687 711 772 823 924 960 973 1039 1466 
52 211 214 267 358 421 436 579 674 759 802 986 1052 1059 1284 1448 1451 
1 114 184 202 426 552 800 816 956 1014 1033 1043 1331 1450 
194 378 385 465 541 1004 1027 1257 1294 1456 1470 
155 726 858 1055 1366 
181 237 322 512 537 690 926 1022 1068 1324 1330 1419 1454 
148 165 177 226 328 585 1079 1126 1173 1356 
142 211 511 790 1015 1177 1302 1335 1379 1436 
10 62 164 305 329 367 398 639 931 1459 
64 94 181 584 656 680 847 864 882 1091 1108 1206 1362 1416 
233 296 766 806 808 1119 1197 1213 1233 1311 1417 
81 119 340 734 830 841 920 957 966 1150 1263 1378 1443 
6 74 416 606 622 625 664 831 1141 1302 1305 1403 
46 62 85 424 435 611 638 726 745 778 884 1056 1230 1325 1365 1377 
102 194 402 610 654 1191 1235 1238 1253 1437 
160 213 224 290 369 504 653 923 1085 1152 1234 1344 
248 285 347 493 627 914 925 1366 1458 1466 
110 147 181 399 453 571 746 777 785 952 1009 1103 1159 1198 1308 
136 153 508 580 597 599 742 925 949 1234 1466 
87 93 113 266 376 458 490 491 520 540 576 598 607 776 928 989 1122 1305 1341 
276 339 382 717 974 998 1066 1199 1384 
183 276 282 746 781 991 1083 1100 1300 
12 27 264 266 299 312 389 658 1126 1329 1358 1412 
71 99 235 275 307 518 533 716 738 788 857 
47 382 584 660 725 1211 1322 1370 
104 135 483 578 827 903 937 980 1090 1219 1451 
4 278 296 416 500 759 841 1102 1180 1210 1345 
67 252 469 648 813 924 1061 1212 1462 
152 262 276 363 470 544 619 814 974 1211 1349 
251 302 472 537 818 886 922 974 1057 1133 1361 
439 626 646 680 920 1134 1165 1439 1449 
37 105 153 366 409 821 861 882 944 988 1123 1270 
77 147 267 272 478 485 670 784 1039 1168 
31 555 917 1090 1097 1158 1196 1206 1234 1326 1348 1398 1443 
13 197 339 467 692 875 894 937 1030 1102 1397 
77 388 707 766 856 898 900 905 1114 1375 
40 482 507 682 697 812 814 959 1123 1153 1206 1371 1376 1386 1431 1449 
82 464 469 484 554 619 661 827 1223 1324 1349 
314 339 449 486 573 697 745 794 883 1006 1409 
24 75 134 156 316 402 407 416 433 554 574 608 1031 1109 
148 273 646 665 733 811 1137 1194 
237 339 389 663 875 902 946 1182 
112 142 169 184 231 626 755 849 851 1342 1424 
111 179 330 377 428 503 811 821 1164 1193 1231 1303 1333 1351 1392 1455 
24 49 418 575 816 970 1063 1447 1456 1472 
158 701 881 888 1157 
2 141 198 745 938 968 1022 1284 
128 489 588 651 701 991 1118 1303 1427 
119 171 808 1032 1070 1167 1411 1433 
2 76 87 254 280 373 393 492 506 519 584 690 734 952 962 1020 1078 1158 1336 
82 113 144 282 761 830 854 934 1251 
152 176 383 523 530 618 668 737 759 802 954 1184 1273 1436 
42 233 236 497 522 569 761 900 1000 1040 1454 
32 106 204 285 325 374 575 628 1028 1084 1122 1271 1280 1335 
196 318 411 532 782 962 1027 1390 1406 1427 
104 309 402 406 419 699 712 730 760 986 1167 
99 158 169 185 406 616 680 763 771 968 1177 
74 136 297 644 755 814 854 884 915 1211 
30 145 568 743 748 900 1288 1301 1344 
351 522 587 788 891 973 994 1117 1135 1313 1327 
101 367 559 621 856 870 1273 
7 95 219 290 307 399 485 498 634 708 797 987 1109 1399 
84 86 194 397 530 585 737 834 860 1029 1093 1455 
343 908 953 1022 1038 1146 1364 1369 1435 
27 146 261 465 474 874 1111 1140 1221 1266 1440 
58 115 486 629 830 912 1435 
15 175 183 191 265 504 1318 1423 1461 
174 219 639 970 1024 1216 1390 1428 
143 273 559 684 687 780 809 1044 1191 1278 1355 1394 
35 69 155 257 272 323 540 582 682 723 791 861 982 1066 1105 1172 1312 1395 1416 1465 
126 674 912 1080 1463 
184 232 265 604 651 659 692 746 996 1076 1335 1394 
27 116 118 122 172 661 753 895 959 1115 1330 1365 1372 
210 214 251 408 433 535 569 655 721 754 797 804 925 944 948 980 1085 1169 1341 1347 
190 201 230 479 520 948 959 1000 1155 1223 1336 1441 
36 57 63 78 138 428 510 1015 1174 1385 
58 77 288 421 497 585 673 686 732 745 775 794 907 909 948 1004 1060 1148 1209 1424 1443 
11 203 428 441 520 587 790 849 882 921 926 961 1445 
1 4 69 83 143 214 256 287 625 798 840 858 
85 161 181 334 375 743 796 914 956 1083 1417 
31 98 108 289 463 635 649 739 799 842 843 861 960 1097 1149 1168 1241 
255 332 388 448 556 567 796 1156 1208 1278 1470 
2 11 39 214 312 389 407 473 660 804 1192 1227 1232 1399 1427 1448 
185 388 623 972 1027 1099 1214 1263 1267 1338 
58 71 170 171 184 369 625 782 842 873 934 966 1034 1049 1387 1406 1441 
108 111 211 577 986 1232 1239 1369 1426 
14 422 589 722 1136 1157 1310 1367 1391 
166 222 517 559 825 918 991 1047 1103 1430 1454 1469 
28 295 465 497 648 920 1120 1193 1237 1414 
27 226 416 500 523 537 585 783 887 1366 
475 626 638 779 789 892 1003 1012 1306 1445 
50 274 741 967 1230 1334 1421 1429 
203 370 849 1211 1289 1335 1340 1349 
92 148 256 756 836 904 1120 1279 1322 
47 299 466 640 642 651 798 869 875 896 
109 152 238 343 464 911 951 1034 1076 1200 
110 133 150 369 520 610 612 646 881 1438 
97 204 229 271 289 296 300 505 568 717 855 1114 1166 1330 1426 
150 171 391 453 546 660 771 904 969 1286 1420 1428 
247 343 373 489 586 610 750 762 764 862 888 1340 
170 273 304 344 423 443 936 979 
234 406 553 856 936 945 1117 
88 110 227 268 271 603 611 738 797 804 911 957 1244 1313 1381 1403 
65 219 633 724 760 1036 1198 1451 1473 
305 349 469 553 571 623 741 785 1097 1225 1257 
89 297 636 880 898 1044 1100 1152 1180 1233 1353 1452 
92 197 322 664 693 896 1056 1152 1253 1330 1421 1441 
147 233 239 275 360 615 874 904 913 1279 1425 1441 1444 
407 598 664 772 878 1155 
83 173 427 525 647 742 846 1034 1242 
5 130 364 496 577 799 1046 1087 1129 1225 1292 1317 1326 
29 222 253 271 481 494 521 748 775 975 1151 1173 1222 
67 75 170 195 541 745 907 1051 
318 332 573 624 694 843 876 1031 1064 1263 
61 162 225 278 402 421 531 645 773 810 915 1200 1311 1385 1386 1394 1473 
49 268 326 355 571 819 847 925 1227 1273 1291 1312 1362 1403 
51 69 104 122 193 215 404 463 552 795 1131 1167 1186 1196 1269 1294 
24 87 497 556 743 753 1064 1119 1163 
256 287 318 468 555 557 572 908 955 997 1170 1173 1303 1443 
123 317 588 750 799 908 947 1008 1405 1445 
139 424 458 603 657 713 853 914 1025 1312 1319 1403 1438 1458 1468 
11 188 271 344 527 566 626 1018 1239 1293 1436 1447 
183 426 560 611 681 721 951 967 1098 1154 1262 
3 263 276 504 617 705 904 1141 1441 1458 
50 179 415 926 1169 1235 1278 
267 272 309 428 817 904 1018 1246 
11 63 121 144 237 299 413 472 514 547 657 855 1118 1173 
18 106 392 657 661 756 773 970 1190 1198 1293 1377 
156 163 183 187 390 429 639 663 683 822 934 1253 1441 1457 1467 
92 356 463 682 974 987 1068 1100 1139 1159 1248 1257 1312 1445 
154 289 411 707 804 834 1058 1079 
2 11 81 303 407 440 565 750 791 830 864 895 940 1094 1193 1263 1355 1372 1432 
113 355 365 420 489 495 712 805 1436 
112 159 305 507 750 845 852 994 1115 1325 
41 93 195 519 585 783 815 905 1449 
61 229 586 590 679 891 1288 1351 
101 150 179 409 737 749 992 1119 1123 1129 1226 1442 
129 282 307 432 530 842 1003 1081 1397 
35 202 251 354 382 482 577 754 879 932 1005 1006 1043 1242 1401 1430 
44 186 187 221 230 395 444 470 511 520 583 660 689 721 755 1056 1122 
116 185 263 384 466 494 575 594 663 1009 1155 1183 1194 1366 1381 
62 434 754 770 829 1206 1249 
120 186 282 284 346 398 488 774 792 875 887 1142 1229 1335 
467 481 690 1010 1141 
114 125 133 190 277 492 511 546 588 760 781 825 930 1183 1203 1283 
3 57 160 536 691 716 773 789 826 908 1058 1087 1144 1233 1292 1383 
13 224 291 302 334 417 422 442 774 776 807 853 923 1013 1018 1038 1078 1182 1191 1224 1236 1309 1360 1376 
88 186 189 268 479 483 491 551 648 674 754 828 839 866 964 985 1130 1306 
272 279 381 433 588 675 693 818 870 877 890 949 1130 1412 1421 1453 
67 133 231 312 733 744 845 927 995 1012 1183 1283 1305 1382 
48 65 108 131 155 251 295 367 451 454 513 565 579 698 840 1138 1244 
10 96 98 285 469 638 871 985 1159 1206 1256 1428 1454 
86 208 444 665 838 1292 1351 
39 41 50 397 454 476 519 798 920 922 1029 1097 1165 1446 
179 367 382 398 429 683 844 856 1014 1044 1134 
527 649 699 926 993 1026 1049 1084 1087 1099 1105 1113 1148 1255 1462 
559 600 619 624 776 879 883 981 1256 1366 
59 143 169 268 355 560 1006 1233 1347 1465 
82 328 647 659 696 711 811 852 1011 1189 1231 
73 599 694 783 787 819 829 1001 1008 1117 1227 1457 
44 56 269 390 414 422 441 460 564 960 1011 1048 1055 
187 288 487 595 640 662 698 813 848 910 1322 1360 1443 1451 
31 163 669 707 756 783 855 924 993 996 1018 1369 1403 
176 677 698 759 1365 
144 353 363 372 464 465 521 648 713 815 852 1099 1198 1240 
14 208 307 425 789 989 1181 1194 1295 1334 1423 
146 213 538 568 605 685 776 804 975 1096 1140 1148 1256 1334 
65 289 543 868 1109 1304 
32 187 353 518 554 566 575 737 862 1009 1056 
300 410 469 591 631 692 716 729 748 1197 1213 
32 165 270 279 480 781 851 1274 1287 1460 
26 85 152 349 397 410 468 580 635 707 971 1194 1306 
340 416 481 567 682 809 847 865 898 991 1052 1111 1115 1263 
70 106 176 195 380 505 679 1065 1099 1155 1430 
70 194 213 692 784 793 1024 1288 1291 1334 1456 
94 427 510 798 838 1045 1148 1158 1289 1417 1423 
25 128 232 272 287 340 393 828 832 972 1091 1436 1472 
239 264 274 477 701 1149 1194 1254 1357 
147 195 247 253 314 384 507 511 531 662 726 842 867 1169 1175 1195 1253 
23 180 248 270 420 445 540 591 647 687 710 894 1004 1098 1281 1302 1463 
146 264 792 900 1099 
223 444 448 472 564 569 702 917 1038 1068 1081 1358 1439 
2 937 964 
112 340 346 597 748 824 857 861 1232 1322 1335 1340 1382 1416 1457 
22 47 63 100 110 341 365 602 718 749 839 854 984 999 1408 
71 153 174 206 421 463 629 788 878 949 1085 1092 1339 1465 
351 552 622 698 849 946 964 1023 1048 1108 1190 1274 1304 1445 1450 
206 224 236 239 251 378 380 492 977 1024 1095 1460 
39 69 82 88 217 307 329 439 489 1002 1404 
58 71 151 183 406 518 654 912 946 976 1258 
169 355 433 580 584 658 672 716 841 970 1032 1071 1133 1181 
27 54 461 581 599 1008 1027 1181 1268 
203 358 882 898 966 1216 1242 1368 
191 542 583 597 648 746 808 914 938 1055 1096 
135 225 255 265 313 428 478 895 1010 1308 1469 
134 199 253 504 533 686 752 816 871 1454 
28 336 749 813 883 955 991 1229 1289 1403 1418 
224 429 595 665 683 687 838 917 994 1218 1230 1299 1395 
179 390 463 881 945 946 1054 1203 1416 1427 
42 59 91 111 118 216 219 237 408 434 465 472 1072 1087 1216 1225 
416 426 439 535 617 716 756 1029 1122 1318 1459 
109 213 324 383 489 538 601 607 634 710 786 840 862 952 955 1311 1326 1368 
71 102 211 270 688 943 1191 1194 1216 1453 1469 
650 758 765 815 999 1055 1091 1286 1385 1395 
491 499 507 690 746 1073 1110 1201 1262 1296 
51 60 334 411 494 553 604 822 928 1014 1105 1327 
30 73 75 139 140 205 392 400 574 809 819 959 1159 1305 1317 
237 463 639 672 698 785 935 970 1116 1190 1267 1274 1302 1418 1469 
15 307 356 397 466 471 563 642 740 781 992 1287 1318 1371 1471 
26 134 276 458 562 589 651 780 809 850 947 1200 1311 
47 85 207 243 270 378 401 488 526 621 665 724 1024 1307 1358 1393 
133 445 495 537 552 653 803 897 962 1069 1180 1256 
229 242 380 413 494 601 640 777 1125 1351 
18 150 216 271 499 500 993 1024 1061 1087 1142 1268 
42 48 216 468 588 589 619 624 823 865 907 991 1013 1068 1196 
29 260 281 340 484 693 906 943 1003 1081 1177 1283 1285 
195 209 220 246 387 448 550 600 824 1067 1070 1208 1227 1271 1341 1352 1396 
142 170 343 419 438 461 526 908 1140 1169 1198 1234 
38 136 269 291 403 454 604 721 814 981 1019 1071 1316 1340 
70 512 588 659 1115 1250 1401 
482 853 890 946 986 1284 
73 246 345 605 804 876 1294 1304 1326 1327 1343 1348 
2 183 588 803 841 1060 1105 1356 
86 135 297 954 1188 1231 1253 1296 1338 1381 
207 225 255 404 615 650 790 800 1073 1074 1210 1327 1472 
108 109 238 316 485 516 810 827 845 960 1123 1142 1297 1310 1339 1349 1406 
88 198 400 402 487 573 574 607 618 828 850 958 1218 1373 
16 120 163 368 482 588 621 636 751 843 969 1007 1072 1264 1341 1449 
111 160 194 249 515 732 856 1089 1177 1221 1302 1464 
23 79 458 548 625 688 850 858 1250 1256 1354 1447 
543 614 891 924 946 1196 1205 1222 1406 
136 441 552 748 851 889 905 912 929 1024 1133 1171 1221 1245 1323 1381 
56 298 423 812 834 996 1015 1197 1325 
74 82 147 297 637 669 670 901 1013 1100 1171 1185 1368 1422 
302 344 524 562 603 688 827 1002 1016 1037 1062 1117 1208 1225 1272 1307 1371 1415 
105 237 256 275 403 518 558 805 1263 1282 
106 158 202 381 766 841 972 1223 1264 1394 
5 17 110 342 652 706 742 774 1101 1185 1204 1214 1217 1348 1379 1403 
23 82 186 361 458 509 603 614 640 753 841 896 924 978 1053 1057 1163 1236 1340 1343 
19 80 129 160 183 218 388 398 495 814 880 1191 1228 1420 
103 566 600 678 741 776 777 851 912 955 1190 1390 1407 
15 103 804 871 911 1182 1286 
267 425 453 465 849 993 1017 1247 1375 
288 359 375 450 553 694 1021 1024 1069 1112 1290 1399 
116 513 695 778 932 933 958 1016 1448 
87 97 360 394 937 1032 1036 1196 1289 1377 1405 1466 
103 319 344 501 510 512 606 666 682 884 938 1049 1092 1196 1220 1236 1238 1465 
44 168 184 317 326 466 652 811 1090 1348 
245 468 478 511 571 737 806 885 940 1004 1340 
12 73 90 204 425 486 714 841 1012 1015 1073 1307 1414 1422 1427 
24 157 284 535 568 651 941 990 1019 1031 1054 1067 1223 1301 
80 172 354 406 517 800 816 1013 1183 1428 
71 77 435 465 779 995 1264 1396 1444 
151 375 378 460 527 808 964 1162 1323 1334 
