1463 8648
8 145 231 323 361 577 698 741 773 945 953 1017 1052 1064 1196 1255 1260 1424 
135 190 456 571 764 915 1060 1194 1259 1324 1392 
254 285 398 478 531 600 752 925 1035 1199 1226 1287 1308 1340 
20 80 157 208 223 401 416 484 560 585 602 623 691 698 725 853 1017 1060 1389 1395 1402 
77 117 171 183 297 452 611 652 666 722 756 797 919 1009 1023 1187 1195 1390 
315 602 705 771 1079 
419 570 592 611 682 694 767 809 1024 1346 1439 
1 13 161 439 524 1115 1263 1396 
54 142 394 481 487 522 576 603 641 743 936 1021 1165 1234 1361 
449 619 1195 1290 1294 1325 1355 
118 235 315 319 674 796 925 948 952 1080 1122 1385 
60 210 369 419 500 538 1346 
8 51 194 219 252 497 938 947 1006 1013 1318 1359 1440 
290 298 398 415 466 478 681 708 1034 1103 1381 1448 1451 
310 428 454 503 513 685 1174 1209 1235 1451 
142 188 242 304 392 450 476 542 669 825 1040 1232 1447 
82 126 294 339 379 384 390 536 636 672 758 763 828 847 1096 1185 1307 
151 159 232 282 369 392 481 736 755 763 930 932 1029 1105 1428 
149 159 334 428 507 563 670 785 794 924 1119 
4 127 633 686 722 723 725 746 784 1004 1019 1026 1046 1157 1164 1356 1368 1379 
56 178 283 547 811 876 946 996 1090 1163 
85 325 364 418 575 800 858 972 1106 1339 1392 1421 
193 233 260 390 428 562 616 636 783 855 903 1036 1255 1337 1362 1438 1459 
234 311 471 826 1243 1411 
236 245 396 668 675 776 896 1004 1130 1198 1265 
393 658 745 894 1107 1239 1273 
38 44 389 529 789 956 975 986 1054 1156 1224 1261 1275 1310 
263 328 383 450 644 646 652 757 768 887 913 1079 1083 1364 1455 
278 303 333 612 673 709 894 986 1235 1284 
182 369 399 474 597 681 1040 1083 1175 1307 1355 1455 1461 
203 206 265 433 674 684 694 751 859 1240 1349 
169 273 296 378 401 438 494 692 925 993 1013 
94 111 181 308 542 560 562 565 687 711 891 1102 1107 1277 1432 
46 62 388 862 986 1451 
208 318 459 515 548 662 903 930 1162 1204 
144 214 274 473 540 902 967 1004 1027 1199 1326 
478 629 874 896 990 1057 1091 1123 1197 1273 1291 1407 
27 51 73 93 201 298 347 492 646 771 828 883 965 1084 1188 1300 1308 1322 
210 229 242 384 410 424 573 608 719 770 1226 1440 
117 122 136 486 601 678 686 692 701 720 740 
165 256 351 580 1027 1103 1204 
143 248 252 577 677 771 945 978 1012 1075 1322 1441 1447 
286 387 543 573 582 591 592 761 1184 1231 1389 1444 1454 
27 338 350 373 497 597 634 690 704 803 833 835 913 1089 1118 1157 1161 
122 682 771 786 830 879 926 961 1112 1125 1200 1417 1450 
34 324 340 554 571 601 1229 1329 1403 
123 392 442 1168 1232 1376 
199 242 264 342 671 692 875 970 1173 1188 1448 
110 303 412 509 901 946 1237 1338 
403 450 577 621 770 
13 38 159 337 426 549 581 623 751 804 900 905 964 1020 1025 1116 
106 508 509 517 518 567 613 649 677 697 782 801 820 852 1048 1123 1284 
89 119 262 283 289 368 585 915 
9 216 253 631 719 807 903 1002 1226 1270 1388 
211 219 244 300 339 514 650 807 932 934 1083 1205 1331 1348 1413 1423 
21 135 214 234 254 280 290 299 358 412 488 506 616 696 716 717 846 897 905 938 949 953 1011 1045 1077 1235 1320 
74 104 205 273 293 464 554 598 773 1139 1216 1225 
117 145 203 220 274 277 405 413 482 541 566 609 1189 1299 1324 1353 
98 455 528 530 652 672 793 802 811 933 1354 
12 121 423 674 
311 425 460 470 833 897 957 1120 1354 
34 169 219 449 784 787 794 820 863 886 1045 1124 1282 1334 1447 
500 510 660 770 819 961 1342 
84 150 294 384 504 695 794 806 956 1046 1423 
150 328 631 649 816 821 860 866 1094 1367 1460 
285 699 849 869 1088 1119 1180 1216 1286 1300 
258 303 460 513 733 852 903 1089 1248 1352 
96 266 355 356 450 667 918 1056 1085 
417 729 801 1049 1194 1228 1282 1368 
94 353 458 535 540 711 911 1156 1164 1266 
99 175 178 183 269 272 1044 1093 1292 1371 
339 389 526 578 734 743 782 884 930 973 1003 1083 1190 
38 290 397 436 509 515 629 722 726 858 943 1162 1207 1370 
57 97 104 465 713 817 843 889 1012 1439 
171 279 473 483 486 506 685 756 1039 1042 1305 1306 
94 171 490 688 940 942 1081 1178 1216 1253 
5 111 274 332 355 357 382 459 591 636 752 784 888 897 943 1002 1203 1280 1379 1445 1461 
113 229 290 446 1057 1131 1435 1448 
104 263 387 622 672 717 728 885 1002 1003 1016 1045 1055 1112 1179 1267 1348 1352 1461 
4 168 265 385 519 769 780 785 885 937 1116 1156 1173 1386 
101 149 263 276 354 378 399 409 644 661 1046 1403 
17 114 135 215 380 437 603 680 745 781 848 877 995 1059 1358 1415 1463 
199 340 450 497 763 787 844 897 1322 1453 
64 112 140 156 168 290 374 450 508 988 1043 1357 1373 
22 127 356 414 573 678 1098 1183 1257 1319 1335 1391 1406 
302 550 943 962 972 1152 1420 1427 
205 321 709 856 889 1110 1112 1215 1276 1326 
179 231 320 348 385 420 585 594 1246 1422 
53 451 594 715 877 1058 1234 1445 
173 194 247 309 399 516 813 1065 1093 1258 1356 
177 333 1200 1233 1320 1443 
138 204 207 336 410 736 746 913 950 1256 1340 
38 207 278 292 452 554 653 1118 1308 
33 70 76 277 278 304 653 921 974 977 1185 1353 1355 1361 
275 663 772 773 
68 199 270 376 512 792 820 1081 1166 1333 1388 
74 273 371 415 496 663 733 735 811 827 917 1167 1453 
59 144 158 261 406 440 580 598 776 846 1095 1233 1288 1365 
71 174 426 457 845 854 933 1114 1213 1373 
442 508 616 871 1070 1135 1264 1390 
81 121 246 294 318 383 424 439 462 521 654 664 850 873 878 891 1132 1196 1416 
133 140 203 272 386 616 643 847 960 1314 1373 
155 469 553 731 1148 1164 1168 1275 1316 1372 1380 
57 74 79 254 287 407 437 879 1135 1154 1341 1363 1364 
489 640 658 898 1094 1277 1453 
52 137 161 237 266 554 558 682 826 1166 
138 514 529 799 832 959 1206 1221 1287 
138 198 225 265 510 630 803 1043 1240 1323 1405 1460 
205 353 429 677 825 942 1000 1126 1203 
49 170 214 330 858 1409 
33 77 165 271 283 698 724 740 847 974 997 1232 1265 1330 1391 1402 1424 
84 218 670 781 1057 1086 1150 1196 1445 
78 244 249 250 619 691 824 846 913 1083 1199 1234 
82 123 277 376 422 531 726 747 1287 1350 1406 1426 
122 240 530 536 718 785 929 
155 308 379 381 453 644 751 847 1133 1157 1272 
5 40 58 132 136 204 452 471 567 848 1075 1116 1291 
11 261 277 360 560 565 568 696 705 719 809 857 880 1074 1087 1197 1249 1355 1454 
53 348 428 475 584 632 719 763 766 954 1278 1327 1423 
610 613 771 958 1085 1126 1222 1350 
60 101 752 837 859 895 968 1008 1092 1376 1442 1448 
40 45 115 143 341 380 386 450 774 796 851 961 1199 1382 
47 114 150 269 388 406 600 647 800 862 888 912 966 1311 1360 1438 
333 337 485 578 657 668 938 950 974 1076 
295 537 559 581 631 723 928 992 1136 1161 1167 1283 1306 1341 
17 232 260 318 727 1053 1259 1264 1396 1401 
20 85 275 316 377 427 639 785 856 1136 1176 1398 
400 477 562 713 817 822 988 992 1038 1079 1084 1164 1169 1295 1301 
212 407 485 563 655 810 853 1012 1238 1384 
367 441 538 627 1128 1345 1373 1460 
157 258 514 1188 1267 
117 173 195 235 455 558 648 693 709 907 912 955 956 1029 1133 1185 1370 1379 1453 
102 134 196 266 323 343 347 364 531 556 615 835 972 1145 1212 1216 1239 1444 
133 636 640 1016 1221 
2 56 82 144 214 251 433 499 637 883 919 1007 1107 1133 1152 1257 1300 1363 1431 
40 117 224 551 610 648 691 698 702 796 857 867 998 1184 1345 1372 1384 
106 334 526 637 837 871 1092 1182 1359 
92 107 108 653 693 709 914 1326 
187 199 233 509 630 671 755 888 1005 1034 1254 1274 1278 
84 102 243 735 850 924 1052 1385 
219 277 353 564 728 751 767 781 870 871 939 1122 1132 1156 1391 1407 
9 16 249 397 719 912 1080 1232 1310 1315 1319 1393 1405 1418 
42 122 542 671 
36 98 135 186 357 446 543 608 740 1085 
1 58 226 323 810 897 980 1191 1234 1283 1333 
493 948 1230 1367 1398 
234 309 358 513 930 1161 1248 1252 
380 595 701 712 813 882 926 978 1148 1292 1328 
19 81 221 232 412 437 440 481 509 850 1160 
64 65 123 216 361 457 505 536 560 569 606 709 1062 1087 1105 1149 1278 1299 1395 1463 
18 502 566 668 681 685 879 881 1023 1222 1244 1337 1395 
178 215 600 1133 1265 1326 1332 1356 1383 
164 279 792 899 991 1154 1244 1257 1333 1461 
198 552 694 752 898 1126 1134 1240 1378 
103 116 241 282 324 798 845 1004 1048 1091 1096 1186 1243 1366 1450 
84 313 464 580 1077 1160 1344 1381 1441 
4 131 291 394 414 421 672 767 852 1159 1164 1237 1282 1320 
98 213 278 348 384 394 425 428 434 716 832 884 891 908 1114 1206 
18 19 51 287 290 321 443 485 732 748 815 864 1043 1151 
229 308 468 692 721 984 1187 1229 
8 106 388 443 874 1024 1094 1124 1196 1202 1226 1270 1314 1459 
433 652 692 882 904 947 977 1069 1109 1112 1133 1370 1384 1411 
176 559 579 640 854 926 989 1092 1282 1315 
153 296 337 361 365 367 464 646 949 1017 1053 1376 
41 111 180 247 307 548 754 819 824 1014 1030 1142 1147 1164 1314 
256 360 365 537 627 752 757 859 902 973 1088 1403 
278 347 371 433 968 1219 1345 
80 84 224 247 259 292 397 486 495 501 738 944 1046 1071 1074 1127 1160 1196 1234 1353 
32 62 392 415 831 911 1007 1048 1174 
110 235 255 266 288 515 566 683 1192 1323 1413 1448 
5 75 76 268 403 423 460 534 545 794 904 1058 1074 1219 
185 297 367 429 612 618 622 648 696 929 1021 1125 1160 1288 1462 
90 132 205 631 749 866 996 1103 
99 221 257 313 455 566 737 888 
71 211 659 714 800 1047 1197 1317 1356 
163 248 250 451 515 615 688 717 773 822 899 1328 1351 1361 
91 463 649 723 869 972 1108 1273 1333 
21 71 152 298 336 495 658 737 1165 1316 1343 1359 1363 1415 
88 564 590 655 769 778 1094 1112 1332 1351 1407 
165 299 322 366 706 889 1022 
33 190 553 573 670 819 821 859 959 961 1140 1155 1208 1339 1394 
30 463 615 841 904 925 1122 1321 
5 71 226 508 831 931 941 947 1199 
240 258 327 576 848 894 952 967 1279 1400 
172 326 461 486 592 671 848 874 920 960 1008 1035 1051 1106 1124 1230 1278 
144 737 837 1019 1129 1200 1221 1251 1315 1393 1438 
139 285 304 391 503 516 674 783 814 927 1230 1231 1246 1255 1259 
16 327 336 472 494 652 735 784 1178 
415 479 618 910 1221 1250 1277 1320 
2 181 324 356 420 458 586 626 720 834 883 892 902 1111 1197 1206 1373 1419 1423 
470 694 890 1050 1062 1317 1326 1346 
369 423 941 954 1041 1164 1196 1293 1302 1347 
23 453 539 675 807 843 845 917 1031 1034 1291 
13 90 426 436 574 651 1054 1154 1170 1196 1201 
132 249 367 427 524 952 1005 1184 1189 1359 1412 1417 
133 847 857 964 1077 1419 
464 549 659 695 974 1128 1163 1174 1393 
108 154 601 1263 1384 
48 83 96 139 259 372 590 709 737 855 951 1416 1446 
220 294 357 1118 1126 1315 
38 224 232 323 364 471 592 744 753 992 1189 1213 1268 1396 
349 423 455 826 860 1166 1197 1375 
31 58 102 377 489 517 677 774 1154 1242 
92 117 206 293 628 789 801 1206 1255 1310 1375 
57 87 109 173 214 257 778 855 859 958 1102 1173 1334 1352 1452 1453 
31 204 291 548 559 573 642 664 678 1017 1066 1104 1164 1176 1240 1406 1431 
92 93 246 281 881 897 1075 1281 1407 
4 35 307 358 421 722 755 866 882 901 928 981 1023 1146 1215 1286 1348 1403 
211 453 775 832 843 980 981 1243 1425 
12 39 353 372 726 778 788 1012 1235 1424 
55 175 209 260 649 682 748 804 915 928 1083 1244 1335 
129 386 407 1169 1323 1388 1417 
158 345 399 781 801 918 1188 1207 1343 
36 56 110 135 205 406 420 449 711 718 748 856 937 1376 
82 152 775 777 890 918 1079 1091 1183 1343 1358 
54 150 279 316 433 703 714 884 1040 1066 1072 1121 1123 1163 1385 
246 252 690 1231 
112 393 435 639 965 1140 1237 1389 
13 55 62 141 411 450 478 523 603 743 805 1136 1282 1401 
58 200 268 397 425 441 462 708 940 942 1069 
149 174 235 292 306 424 737 762 783 876 1186 1198 1297 1420 
235 818 907 1021 1068 1092 1330 
4 316 650 870 990 1144 1331 1462 
136 168 201 293 402 465 562 829 935 942 1163 1202 1419 
108 233 468 536 561 626 881 927 1119 1175 1179 1302 1356 1428 
145 183 276 515 559 794 828 851 955 982 1025 1078 1145 
288 305 358 507 528 568 1140 1174 
255 344 369 591 747 761 1059 1269 1311 1325 1376 1433 
39 78 160 329 358 466 691 837 1190 1350 
300 584 843 1094 1196 1225 1306 1463 
1 88 382 437 592 974 1031 1130 1160 1191 1241 1285 1410 
18 126 149 201 239 347 408 443 499 659 897 904 1033 1212 1416 1434 
23 139 225 324 444 529 576 872 910 1016 1148 1218 1295 1347 1405 1419 1431 
24 56 147 552 635 733 737 753 864 915 955 1097 1291 1328 1376 1427 
11 132 170 221 222 428 590 635 869 908 1062 1227 
25 344 349 647 938 941 956 1228 1267 
106 436 519 619 695 696 903 960 961 988 1016 1097 1139 1237 1305 1369 1446 
277 638 746 819 901 979 1035 1074 1121 1247 1256 1273 
232 442 444 452 556 633 1146 1270 1391 
115 184 347 377 390 528 580 602 748 767 963 1118 1243 1333 
155 269 281 340 639 851 1199 1204 1222 1226 1448 
16 39 48 799 802 1078 1232 1251 1257 
140 501 724 740 993 997 1146 1172 1330 1440 
55 113 523 723 802 959 1006 1078 1294 1333 1425 
25 503 771 861 948 1101 1233 1239 1261 1264 1387 1439 
101 207 217 361 609 735 823 951 1041 1142 1148 1226 1253 1289 1344 1358 1402 
90 165 168 311 594 667 695 784 826 896 969 1156 1159 1194 1337 1447 1452 
42 176 306 388 398 403 469 697 732 740 747 754 809 927 979 1029 1033 
113 142 195 361 518 1169 1269 1305 1378 1408 1430 
113 176 299 348 376 443 510 589 641 643 816 860 912 929 978 1233 1370 1407 
135 299 613 805 1067 1136 1180 1294 
13 42 217 465 481 487 494 1022 1292 1302 
54 458 725 886 919 1040 1111 
3 56 104 432 555 661 803 959 1114 1342 1445 
170 228 298 412 655 1038 1105 1107 1444 1453 
41 166 264 539 798 956 1066 1115 1270 1280 1307 1374 
174 205 398 539 550 1043 1074 1194 1324 1422 
67 131 184 367 421 524 608 677 796 814 915 1230 
168 199 267 486 788 793 894 1031 1050 1282 1325 1385 1433 
23 126 211 264 382 499 660 828 1041 1106 
98 118 377 410 604 653 700 867 944 1009 1086 1163 1257 
53 393 545 560 1134 1293 
28 79 81 287 581 710 810 859 929 1128 
48 256 260 519 533 555 610 633 659 776 853 894 1004 1134 1280 1361 
31 80 108 321 485 574 689 717 816 921 1055 1069 1167 1448 
68 106 133 170 1046 1054 1073 1275 1459 
259 361 467 489 605 675 746 839 989 1231 1263 1366 1374 
171 220 356 395 527 551 564 883 915 957 982 1238 1243 1339 
71 123 241 401 467 484 646 661 822 1314 
96 360 362 1120 1198 1420 
111 286 382 402 481 683 685 925 1048 1292 
71 102 361 442 699 810 892 953 1060 1266 
32 57 97 342 534 577 795 1264 1319 1330 
36 58 77 366 431 505 560 607 681 695 798 984 1056 1106 1216 1403 
95 127 402 408 451 460 638 644 652 736 932 1036 1081 1296 1341 1455 1457 
81 226 501 549 658 721 845 919 971 1047 1053 1125 
58 94 114 118 141 238 345 353 524 547 638 998 1059 
29 93 94 158 167 641 765 843 1124 1127 1144 
75 153 216 445 558 601 634 641 652 699 715 908 1066 1161 1255 1320 
56 367 482 550 661 788 825 1104 1250 1427 
207 241 365 406 537 560 632 657 699 750 769 824 947 1115 1168 1284 1418 1443 
18 155 399 412 491 556 838 1038 1117 1127 1197 1247 1430 1458 
21 53 111 345 397 425 547 552 729 904 994 1135 1164 1171 1226 1237 1376 
404 466 556 766 826 958 1023 1031 1086 1134 1248 1346 1403 
3 66 187 376 478 567 887 899 970 1220 1245 1377 1388 1410 
43 271 445 809 1236 1389 
104 159 263 584 817 861 910 923 1107 
170 227 524 627 637 943 1083 1172 1288 1381 
53 479 536 730 881 893 1000 1036 1151 1198 1229 1262 1328 1412 1450 
14 56 73 78 84 159 539 604 722 740 793 841 1162 1219 
157 206 697 863 927 1049 1119 1154 
93 168 221 305 569 700 846 977 1150 
57 204 224 403 464 782 933 962 1055 1390 
17 64 101 200 332 377 907 908 911 1134 1419 
125 447 485 525 600 693 869 990 1239 1248 
32 164 522 591 609 713 798 900 1051 1054 1098 1113 1159 1194 1294 1336 
5 172 320 372 399 402 433 507 574 722 754 929 1190 1319 1364 
14 38 178 255 518 685 1413 
56 180 250 251 375 500 638 901 972 1028 1069 1215 1388 1403 1415 1450 
55 230 402 595 897 1097 1114 1147 1293 
401 453 468 980 1099 1437 
86 356 430 580 689 693 765 1100 1200 1231 1367 1430 
29 49 67 586 629 648 715 761 772 807 814 
16 94 187 435 460 527 617 759 838 852 1111 1152 1288 1301 1346 1403 1429 1438 
227 292 365 706 1199 1443 
221 248 548 658 865 995 1012 1188 1392 
165 208 454 484 531 559 686 729 737 836 890 1067 1335 1385 
33 116 160 377 409 733 798 913 1098 1400 
90 147 316 350 725 732 735 790 834 855 1053 1143 1144 1198 1342 1459 
15 687 792 797 878 963 1010 1088 1151 1190 1287 1327 
24 61 247 747 904 1162 1260 1351 1449 
582 615 832 923 983 1067 1077 1140 1142 1187 1260 1336 
156 174 421 536 577 745 776 840 889 976 1046 1402 
326 456 493 560 755 775 978 1068 1381 
6 11 596 626 652 747 954 973 1339 1452 1456 
127 216 223 309 501 615 852 913 932 980 993 1000 1048 1313 1401 
352 363 572 578 700 713 984 1015 1036 1129 1164 
35 101 126 457 569 672 842 880 1091 1178 1276 1283 1371 
11 354 454 526 579 605 771 1096 1104 1106 1112 1185 1269 1271 1341 
88 297 413 489 542 553 758 843 931 1041 1125 1165 1286 1302 1371 
87 159 265 871 1113 1366 
180 345 417 663 837 
1 133 145 201 525 709 772 845 891 919 1267 1281 
46 155 190 233 1278 1296 1457 
22 339 573 865 911 972 991 1335 1404 
185 314 439 556 633 665 715 848 962 1072 1278 1313 1403 
184 188 389 551 746 831 1086 1249 1276 
28 65 334 412 483 679 787 989 1025 1049 1062 1094 1281 1290 
229 438 524 759 1115 1127 
110 380 429 448 491 596 763 778 807 918 1343 
416 495 678 777 1002 1362 
77 294 540 697 798 880 983 1153 1172 1198 1267 
29 91 124 422 474 509 789 841 917 1092 1153 1404 
19 137 328 363 561 597 611 643 663 723 1050 1064 1157 1194 1299 1307 1385 
397 540 557 1379 
92 178 188 638 734 803 837 849 928 994 1029 1181 1363 
51 124 164 521 565 726 953 988 
44 413 551 750 863 994 1036 1097 1158 1230 1360 
17 55 72 325 489 634 1238 1255 1355 
46 83 241 586 731 812 896 1289 1335 
122 456 474 480 717 813 826 990 1005 1072 1082 1100 1110 1112 
48 273 395 446 582 617 697 787 831 988 1005 1038 1129 1136 1395 1450 
133 455 879 1424 1458 
228 236 479 554 562 577 639 643 724 771 791 818 836 869 1091 1238 1412 
213 277 283 322 720 753 799 827 894 1006 1087 1234 1363 1447 
481 626 663 1031 1071 1130 1137 
38 133 167 232 240 488 693 699 760 768 941 966 1100 1267 1315 
88 119 158 250 368 479 623 785 914 1000 1010 1046 1130 1322 1337 
202 236 352 359 502 555 572 583 589 798 839 874 902 919 1085 1098 1132 1288 
44 309 405 511 555 599 810 942 1041 1377 
41 578 596 943 1172 1370 1395 1400 1441 
317 349 367 420 592 722 976 1315 1391 
70 109 141 210 277 397 490 683 749 847 882 1078 1111 1158 1291 1321 1347 
81 319 470 500 569 874 1248 
68 77 589 670 961 1087 1163 1173 1233 
68 85 190 268 302 562 663 702 1199 1221 1362 1444 1460 
77 144 200 466 494 587 683 768 975 1024 1234 
56 147 208 227 229 372 414 471 512 520 744 938 976 1090 1133 1163 1226 1364 
349 515 618 632 941 1302 
118 166 270 403 573 710 910 988 1113 1164 1233 1235 1301 1421 
1 150 164 246 249 267 272 428 501 525 663 847 1055 1175 1245 1364 1452 1457 
270 520 923 956 1057 1081 1240 1316 1359 1438 
317 334 409 442 517 523 529 580 625 661 731 752 809 972 1105 1222 1262 1324 1393 
22 133 201 768 999 1069 1206 1241 1348 1377 1395 
164 166 281 305 768 851 868 1211 1294 
180 274 381 522 571 688 1034 1057 1092 1263 1396 1426 
130 164 172 195 258 280 352 582 796 1091 1223 1332 
53 348 620 636 860 945 1226 1385 1403 1404 
12 18 30 192 228 382 412 888 950 979 1100 1137 1256 1316 1447 
541 699 1142 1184 1185 1249 1334 
97 167 546 632 876 887 920 964 1034 1209 1317 
199 210 297 358 498 651 987 1053 1066 1302 1365 
44 512 588 908 1114 1191 1329 1390 
84 418 458 685 725 768 878 1068 1155 1161 1166 1171 1318 1323 1352 1386 
299 489 770 1020 1061 1117 1224 1261 1384 
96 114 250 285 424 615 657 879 950 1156 1429 
127 203 240 261 294 308 405 516 523 622 645 660 733 878 995 1233 1362 
32 81 432 446 778 800 906 1027 1080 1412 1431 1455 
17 116 389 421 524 577 888 963 1459 
82 122 148 330 390 674 725 741 846 847 881 938 945 978 1004 1340 
116 366 418 462 466 1016 1033 1059 1456 
77 231 260 271 369 502 655 724 1029 1143 1149 1311 1394 
28 101 563 584 919 926 997 1005 1016 1215 1314 1409 1436 
17 39 64 158 457 466 664 675 678 876 1082 1192 
80 88 452 587 951 988 1027 1058 1106 1283 1337 
102 122 212 598 658 663 699 851 891 1023 1144 1167 1388 1430 
43 79 460 497 510 615 640 693 777 795 880 926 961 978 1410 1443 
34 123 161 248 394 407 479 740 948 993 1093 1129 1132 
27 72 327 379 415 452 543 586 642 688 694 1194 1244 
17 23 240 380 489 866 934 969 1205 1301 1341 1414 1426 1458 
187 466 531 556 590 763 802 1210 1278 1287 1366 1383 
16 18 47 169 434 623 714 907 942 1066 1089 
26 218 262 425 698 815 959 1081 1155 1379 
9 157 158 388 469 509 527 537 859 1005 1093 1355 1426 1452 
268 342 438 740 922 1021 1057 1058 1230 1250 1257 1387 
25 660 781 1035 1118 1164 1174 1374 1428 1442 
73 142 168 220 283 335 353 571 654 813 991 1201 1317 1349 1355 
3 14 248 257 417 553 721 728 735 764 837 859 964 967 1021 1043 1096 1134 1166 1218 1275 1345 
30 81 90 213 282 297 463 515 718 721 781 1098 
128 495 549 589 741 759 767 776 807 1025 1446 
4 32 269 301 443 456 700 1106 1203 
224 271 275 297 300 747 949 1039 1173 1259 1429 
50 171 248 293 360 554 676 724 765 1001 1180 1201 
284 546 812 860 890 1057 1201 1213 1276 
58 350 377 425 432 1034 1113 1285 1291 1326 
98 123 214 281 419 
104 129 212 388 417 447 498 571 575 631 701 945 1046 1079 1165 1201 1216 1248 
232 275 541 551 566 1006 1019 1020 1210 1321 1324 1366 1411 
81 308 363 548 554 563 625 810 811 824 891 994 1063 1066 1085 1375 
39 92 261 466 598 704 930 937 1308 1318 1418 
219 741 1352 1361 1421 
49 56 149 255 282 328 369 640 725 797 894 918 1024 1039 1152 1233 1304 
58 320 338 723 825 932 1174 1442 
85 157 358 574 655 835 1193 
14 97 169 189 389 521 717 761 789 834 963 992 1010 1058 1233 1352 1392 1441 
4 331 539 746 922 1065 1176 1177 1351 
69 322 398 407 505 858 1046 1341 1400 1436 1455 
22 374 381 456 855 979 1002 1011 1094 1136 1167 1208 1463 
7 12 406 530 734 762 837 956 1149 1265 1426 
88 190 214 352 644 681 840 886 899 981 1011 1098 1348 1366 
157 208 258 313 379 725 949 1260 
114 333 457 468 496 793 868 948 1029 1094 1108 1109 1394 
60 171 192 202 450 516 594 725 924 980 1054 1204 1302 1422 1458 
39 101 221 376 477 569 624 689 760 789 938 966 1010 1106 1122 1140 1206 1225 
61 158 220 283 393 405 518 550 551 553 672 705 715 888 934 1009 1263 1361 
51 99 194 630 640 713 966 981 1194 1299 
127 195 460 537 738 763 823 1022 1033 1211 1342 1408 
15 19 23 119 158 235 361 703 741 802 818 824 829 1012 1049 1071 1282 1367 1372 1417 
109 172 330 539 738 1091 1136 1203 1439 
302 648 671 733 813 1118 1271 1306 1331 
274 505 799 810 819 947 1103 1215 1290 1358 1386 
254 378 405 596 786 839 887 1030 1130 1158 1185 1197 1217 1416 
31 135 162 167 216 297 462 502 505 523 538 616 622 776 969 1070 1172 1237 1264 
158 392 461 852 1001 1028 1039 1084 1177 1261 1264 1362 
218 304 459 460 461 694 727 864 1108 1225 1280 
73 194 237 567 721 799 820 833 886 923 1040 1315 1322 
82 104 149 231 449 686 1123 1134 1226 1248 1352 1426 1448 
32 329 395 456 473 513 753 771 800 844 889 1140 1255 
8 101 326 634 663 736 1381 
98 149 501 564 970 1123 1230 1244 
130 220 470 495 699 704 705 868 946 1029 
47 100 239 272 363 523 773 1052 1096 1122 1138 1142 1280 1334 1355 
159 161 232 250 401 458 510 519 583 670 673 702 836 1031 1146 1252 1307 1381 1455 
233 239 519 534 767 903 915 942 963 1039 1108 1277 1288 1369 
279 286 543 757 960 1164 1356 
78 144 342 378 610 648 793 848 1303 1396 1413 
295 407 584 626 647 773 852 952 1049 1211 1226 1242 1298 1407 
330 777 806 1044 1114 1120 1175 1235 1294 1411 1431 
10 62 214 437 514 626 958 1118 1158 1387 1443 
16 28 50 68 83 84 122 219 423 484 851 999 1121 1187 1277 1297 
89 176 275 654 857 864 911 941 1403 
5 93 117 239 385 389 574 579 680 836 1038 1237 1328 1334 1386 1404 
116 193 209 301 898 1071 
15 307 319 457 491 544 772 946 1313 1316 1333 
59 132 174 202 343 598 667 755 1199 
2 314 341 401 418 438 559 654 691 799 854 901 1075 1126 1223 
99 150 318 384 422 454 611 642 676 723 822 852 1304 1311 1452 
70 190 253 374 443 485 639 691 723 832 886 1100 1267 1276 
35 77 435 505 516 595 626 650 667 1155 1192 1220 1241 1244 
61 67 171 275 304 387 427 435 665 712 787 826 831 1026 1032 1055 1100 1200 1302 1369 1426 
185 434 435 593 640 952 984 1033 1056 1066 1090 1101 1310 1328 1349 
101 220 381 433 653 897 993 995 1057 1080 1355 1436 
177 182 399 478 959 1031 
57 156 164 197 293 660 814 882 884 1013 1047 1082 1117 1182 1245 1382 
74 224 252 778 898 918 1217 1234 
14 229 284 357 381 384 391 410 616 1015 
267 269 710 713 815 930 991 1014 1108 1239 1448 
160 225 301 422 564 581 822 868 933 1280 1315 1405 1417 
103 248 394 505 574 591 608 614 617 702 747 839 895 963 979 1161 1462 
61 191 354 441 482 604 631 740 811 930 1080 1097 1099 1114 1350 1392 
24 117 201 358 712 733 873 1021 1155 1369 
188 633 869 1087 1398 1429 
36 75 438 478 525 539 610 616 679 726 766 942 1170 1268 
30 333 341 790 837 851 904 1309 
119 571 719 809 841 1450 1456 
16 542 562 597 848 913 957 958 1108 1200 1202 1207 
128 424 727 732 1045 1048 
3 14 37 219 285 463 473 529 562 584 770 943 1050 1113 1178 1205 1230 1369 1428 1447 
189 289 344 348 388 754 892 906 956 1049 1402 
341 535 542 566 781 850 1003 1051 1159 1222 1283 1417 
9 18 149 252 271 346 485 499 623 639 740 747 854 1317 1422 1440 1458 
58 280 470 676 835 884 1033 1039 1043 1143 1152 1338 
75 328 534 619 658 836 930 1201 1218 1249 1317 1345 1369 
4 269 307 450 577 645 762 864 1238 1281 1358 1448 
124 129 159 265 295 458 481 763 764 858 883 1145 1151 1177 1388 1422 
40 75 168 185 259 568 692 715 856 900 931 978 1273 1365 1450 
9 252 580 770 883 912 993 1030 1389 1409 
56 347 651 856 892 955 1093 1153 1168 1195 1362 1425 
105 203 267 320 339 375 390 676 993 1019 1133 1148 1233 
76 353 493 607 948 1040 1135 1206 1303 1409 1435 
282 330 454 999 1197 1217 1327 1378 
38 517 616 859 955 1072 1129 1166 1266 1276 1362 1410 
146 314 490 508 598 728 985 1232 1383 1401 
32 188 252 357 525 637 719 836 838 864 935 990 1080 1171 1188 1199 1316 1321 1323 
168 178 331 400 441 901 1010 1343 
97 422 502 562 720 736 898 1180 1187 
13 44 83 387 509 603 611 801 852 861 866 950 984 1185 1412 1444 1462 
372 407 680 850 955 1005 1062 1150 1226 1435 
135 232 260 481 520 712 758 892 1008 1050 1341 
12 63 299 354 682 745 981 1023 1078 1080 1086 1101 1284 1329 1406 
168 243 276 316 361 440 541 636 680 960 970 1060 1116 1135 1320 1393 
151 349 382 433 496 681 793 846 898 1107 1206 1228 1245 1306 1336 
15 187 245 790 794 994 1064 
64 514 875 893 934 1076 
150 274 417 431 433 459 469 508 536 554 779 792 891 1269 1347 
56 75 627 721 825 1132 1400 1431 
19 227 297 567 570 595 731 766 1041 1054 1144 1222 
52 84 100 183 493 505 798 930 1132 1307 1349 1357 1358 
49 52 73 139 149 333 394 497 510 587 610 632 752 794 848 1025 1029 1094 1107 1135 1203 1292 
63 108 250 387 443 509 633 638 803 1051 1180 1195 1398 1439 1448 
350 606 972 1044 1112 1292 1306 1313 1327 
96 358 373 640 703 832 999 1000 1294 1298 1433 1462 
15 67 147 438 709 756 1093 1152 1166 1359 1370 1380 1429 
55 107 131 449 504 556 655 843 851 913 926 1086 1154 1427 1439 
35 73 170 176 226 359 399 610 644 684 790 833 855 881 961 973 985 1263 
90 187 377 423 459 578 873 1052 1073 1180 1196 1277 
52 203 363 492 632 701 706 714 726 740 784 876 902 939 1119 1254 1370 
52 249 298 425 665 1069 1072 1184 
80 237 264 443 444 828 1038 1228 1341 1351 1423 
358 362 499 1100 1177 1210 1314 1442 
101 337 415 730 758 986 1180 1324 
9 296 366 686 893 981 1089 1185 1188 1195 1203 1249 1413 
219 244 363 377 433 442 611 614 691 726 736 857 1184 1191 1370 1406 
8 195 258 277 288 329 379 598 751 840 936 1034 1037 1055 1214 1273 1437 1446 
295 323 361 473 494 588 868 1056 1081 1262 
72 137 319 631 778 834 960 991 1111 1121 1132 1196 1277 
268 304 394 959 1010 1094 1110 1192 
59 227 240 680 1061 1163 1192 1319 
27 107 233 363 478 573 574 685 758 795 
59 115 419 699 721 730 863 931 1160 1351 
3 114 133 307 391 587 646 1226 1374 
593 615 763 787 801 851 1006 1049 1080 1083 1172 1444 
264 534 691 785 896 949 1215 
171 273 444 483 533 547 651 680 847 996 1377 
70 480 791 902 930 1197 1338 1367 
17 115 150 225 289 313 505 571 598 687 923 936 1056 1126 1134 1293 1414 
125 166 281 394 427 545 824 832 1016 1290 1367 1421 
12 130 433 746 772 842 844 930 1100 1154 1223 1266 1287 1372 1384 
193 256 257 290 416 429 473 741 745 788 826 1012 1192 1313 1316 1318 1420 
36 70 332 335 560 766 813 825 861 1108 1170 1237 1371 1450 
58 370 408 501 930 1080 1154 1159 1252 1300 1449 
16 33 143 320 476 480 594 813 1002 1072 1184 1397 
43 144 389 445 640 643 828 939 1132 1406 
454 663 701 785 842 987 1202 1398 
171 262 537 555 748 869 972 1094 1100 1153 1214 1424 1446 
371 404 566 729 733 860 932 961 1044 1224 1241 1247 1306 
21 277 283 534 588 682 716 725 757 922 931 1433 1442 
35 165 206 306 409 552 665 695 921 980 990 1111 1286 1297 1317 
51 197 276 400 731 900 1207 
86 257 280 425 667 697 946 1000 1140 1233 1339 
136 268 327 338 408 425 744 777 796 997 1090 1223 1230 1345 1395 1424 
154 234 283 548 1018 1202 1293 
103 181 320 398 425 726 735 1416 
46 57 93 106 344 403 409 505 814 843 844 1063 1312 1440 1456 
254 264 349 350 545 703 1132 1176 1308 1383 
133 239 282 284 326 391 514 769 789 854 1000 1058 1064 1123 1214 1232 1317 1382 1395 
335 568 587 661 784 1012 1030 1261 
106 132 279 749 985 1055 1073 1124 1186 1297 1454 
125 163 206 226 307 456 579 722 781 870 956 1126 1128 
4 33 118 150 262 274 281 314 540 707 774 904 1125 1201 1241 1354 
225 334 629 1215 1273 1293 
23 33 128 224 344 356 476 478 496 1004 1064 1299 1339 1450 
19 129 383 409 651 709 748 1230 1406 1413 
141 179 268 440 468 598 767 786 803 1010 1067 1279 1406 
33 118 337 652 720 782 815 958 990 1093 1258 1273 
58 151 170 174 408 480 546 715 730 762 890 1007 1011 1162 1241 1355 
52 117 285 436 507 1031 1038 1110 1165 1201 1253 1305 1448 
118 227 486 557 664 882 1259 
150 292 318 354 424 825 846 902 1070 1334 1349 1435 
7 507 600 693 724 813 988 1029 1128 1202 1238 1371 
2 46 366 397 407 475 536 653 745 911 1059 1325 
317 349 710 756 857 995 1027 1058 1114 1209 1285 1397 
39 43 85 181 206 325 360 529 603 898 
194 265 297 414 452 469 529 620 711 852 1312 1313 
22 407 649 1001 1036 1123 1407 
9 184 233 629 646 702 864 965 1264 
1 42 50 273 313 344 379 484 789 825 1024 1154 1343 1367 1432 
72 124 317 351 516 595 631 764 774 813 961 1014 1326 1377 
163 319 452 559 692 770 907 1016 1063 1068 1074 1252 
41 98 156 240 302 363 487 631 680 770 881 951 1055 1096 1285 1324 
51 125 263 468 596 725 868 1170 1215 
43 312 342 367 765 1343 
349 443 653 720 747 847 1041 1074 1413 
119 230 287 383 447 478 674 999 1017 1085 1144 1191 1300 1328 
4 53 88 1030 1211 1294 1384 
190 303 340 389 852 861 1131 1193 1235 1240 1343 1355 1462 
357 385 509 531 557 608 736 1026 1130 1293 1388 
373 525 547 630 643 721 775 839 925 955 1000 1099 1115 1126 1152 1231 1241 
250 349 355 400 615 913 924 985 1052 1092 1315 1327 
179 199 235 391 760 1147 1241 1329 1408 1450 
43 77 228 296 469 633 711 944 1151 
7 43 185 201 231 352 680 938 1069 1102 1280 
461 532 924 1009 1102 1145 1147 1178 1218 1376 1385 1410 1432 
88 89 247 423 542 701 994 1031 1078 
148 300 459 507 578 671 778 880 915 980 1004 1064 1167 1222 
315 330 351 432 581 747 1023 1071 1145 1206 1352 1359 
30 44 334 476 701 736 876 919 994 1053 1223 1390 
57 98 386 410 455 493 524 536 564 674 691 742 775 808 1039 1248 1288 1351 1457 
350 757 800 1041 1281 
3 123 152 295 570 867 920 995 1189 1237 1323 1385 
40 46 198 279 611 651 752 774 777 795 843 1158 1177 1437 
4 6 240 636 730 799 968 1081 1103 1222 1338 1440 
9 82 219 497 573 752 792 958 1381 
261 290 470 823 1259 1369 
267 319 677 732 759 963 997 1256 1320 
150 511 660 886 907 948 962 975 1015 1029 1046 1335 
274 490 682 802 927 1076 1161 1204 1258 1266 1458 
39 144 258 469 587 730 866 
58 246 296 798 1028 1110 1245 1380 
120 136 264 446 473 509 515 675 694 720 899 1251 
5 7 334 457 497 523 601 689 717 846 1405 
29 172 636 658 711 743 778 809 879 953 1226 1263 1321 1424 
52 120 251 683 722 1127 1179 1189 1403 
469 523 650 1157 1226 1235 
133 176 182 312 316 376 387 532 589 697 767 792 914 920 1075 1100 1148 1155 1157 1236 1238 1252 1309 1327 1455 
23 56 100 102 433 466 473 492 857 883 899 935 1003 1196 1283 
304 342 469 662 784 989 1016 1077 1265 1290 
172 189 359 687 705 1060 1061 1118 1131 1163 1212 1219 
10 113 237 483 644 719 825 960 987 1074 1083 1129 1295 1368 
368 574 637 895 1102 1236 1459 
50 641 902 931 997 1026 1048 
79 172 377 433 646 728 750 793 825 855 1106 1167 1178 1307 
4 51 348 392 481 938 981 1058 1122 1196 1212 1274 
424 769 779 1045 1119 1321 
363 409 652 674 684 993 1447 
190 225 315 346 447 449 459 877 986 1144 
130 166 288 506 766 797 886 1032 1053 1124 
204 800 849 864 1046 
37 73 303 561 576 733 735 763 780 884 888 
108 139 426 588 916 1013 1041 1058 1094 1449 
54 65 125 173 407 470 526 578 580 846 881 971 1084 
119 281 359 371 509 517 803 818 846 907 999 1017 1140 1161 
20 239 264 326 472 510 591 639 688 783 828 847 992 1323 
44 279 339 439 702 856 906 1017 1036 1164 1191 1229 
234 235 724 736 952 1266 1383 1450 
17 23 77 134 368 501 602 612 731 745 771 930 977 1088 1317 1352 1441 
135 137 288 494 620 1198 1426 
238 275 277 299 336 510 659 767 868 872 938 1104 1248 1331 1452 
127 218 241 344 458 481 633 682 690 875 919 924 1067 1172 
105 134 163 387 412 426 461 512 543 679 752 809 860 914 920 1002 1012 1255 1385 
9 250 278 279 621 776 867 1052 1116 1158 1186 1225 1423 1463 
206 389 457 682 697 705 750 958 1139 1198 1226 1374 
102 250 334 344 543 588 849 958 1122 1263 1374 
28 81 116 275 420 515 619 685 718 774 878 952 1078 1316 1378 1449 
377 484 960 1103 1150 1196 1201 1217 1245 1267 
28 38 164 269 531 576 622 809 822 961 988 1112 1128 1220 1366 1387 
123 236 447 1015 1111 1217 1299 1352 1370 
132 136 172 303 430 446 754 829 851 994 1397 
52 65 177 211 575 800 809 928 1048 1227 
55 223 459 614 733 779 1016 1097 1264 1294 1299 
194 372 488 534 563 601 740 918 1086 1106 1274 
5 28 59 162 188 275 279 315 565 625 784 1082 1201 1212 1220 
93 94 138 261 462 571 583 824 920 930 1103 1256 1347 
101 397 451 456 765 893 961 1076 1108 1395 1446 
129 179 255 382 414 514 1119 1189 1264 1267 1319 1340 
1001 1046 1145 1198 1291 
124 281 376 795 806 1008 1406 
26 105 178 276 306 386 483 612 801 888 946 1261 1327 
175 197 232 264 638 696 733 734 757 802 916 1060 1121 1278 1361 1439 
63 260 377 396 464 606 899 965 1032 1049 1408 
81 254 269 280 363 557 681 798 911 1136 1301 1365 1405 
35 617 667 680 720 828 1083 
95 97 322 334 346 356 361 386 439 544 719 877 1070 1188 1323 1394 1427 1456 
101 206 384 568 736 792 1040 1072 1102 1163 1407 
326 460 518 548 837 892 925 1035 1064 1304 1328 1390 1410 
5 752 786 830 937 1032 1215 1255 1297 1359 1389 
68 247 455 459 550 662 787 892 1086 1088 1132 1271 1289 1382 
25 124 151 682 994 1051 1061 1132 1191 1239 1353 
16 979 989 1071 
19 112 181 355 443 1187 1211 1338 1385 1428 1460 
48 139 143 185 430 595 977 1036 1039 1408 1453 
17 59 79 157 318 425 727 1077 1101 1261 1313 1330 1366 1376 1391 1417 
29 443 813 984 1097 1333 1414 
11 31 60 187 380 584 598 625 695 834 1027 1033 1096 1106 1160 1282 
25 193 267 384 610 779 799 939 1086 1194 1273 1295 1306 1339 
403 457 482 489 786 844 953 1047 1268 1270 1463 
42 52 109 203 258 605 1043 1280 1374 
40 85 206 331 384 1121 1315 1375 1407 
328 473 640 739 1105 1152 1317 1365 
82 452 498 501 528 534 580 592 662 733 879 1073 1207 1303 1317 1453 
14 30 151 274 420 502 661 757 998 1011 1167 1245 1270 1351 1416 
7 45 106 211 500 547 607 639 642 668 698 734 895 903 1028 1165 1291 1319 1415 
170 271 353 357 613 1041 1110 1212 1264 1333 1462 
31 515 625 732 799 806 950 1228 1336 1461 
15 75 151 271 298 374 529 644 789 1050 1111 1134 1358 
20 40 307 437 522 904 1010 1139 1263 1458 
33 310 536 618 691 796 872 930 973 1082 1317 
76 176 366 389 633 692 794 888 946 1216 1238 1246 1402 
265 302 424 611 750 1015 1083 1137 1443 
44 217 639 862 1041 1076 1200 1404 
4 113 136 229 456 458 523 533 598 687 1235 1289 1324 1403 1408 
32 40 48 160 162 486 579 688 721 755 1019 1033 1091 1096 1117 1218 1227 1252 1373 1405 
132 138 295 302 347 387 570 752 768 953 1063 1092 1097 1170 1230 1438 
7 31 154 191 389 435 610 750 791 832 913 1021 1056 1064 1241 1245 1293 1339 1419 
64 197 237 247 274 548 674 873 899 950 972 1110 1417 1429 
56 118 172 237 659 980 992 1167 1169 1441 
52 248 291 332 342 550 615 642 977 1122 1193 1244 1288 1414 1430 
1 4 111 136 393 682 806 874 1056 1199 1203 1270 
66 272 279 281 347 370 386 441 530 772 1107 1114 
261 292 317 401 757 827 1090 1111 1305 1430 
40 148 407 517 544 594 597 716 862 1335 1454 
136 356 443 469 576 634 934 969 1178 
216 428 512 555 705 886 1072 1358 
44 410 441 982 1097 
6 118 425 441 618 642 703 873 954 971 1056 1320 
180 305 517 883 1128 1284 
560 869 1031 1256 1327 1379 
14 220 951 1180 1182 1204 1255 1274 1329 1425 
29 87 132 138 150 199 323 513 563 956 1151 1188 1194 1423 1434 
263 360 467 572 873 937 1034 1075 1092 1124 1399 
33 70 214 574 591 612 781 855 1063 1073 1363 1403 
148 460 471 499 781 916 1145 
74 128 296 317 426 467 878 963 1063 1194 1236 1321 
175 216 392 517 765 843 929 978 1115 1132 1163 1208 1295 1298 1463 
89 279 303 326 425 486 566 1129 1192 1235 1290 1302 1354 
56 158 547 701 766 867 898 922 946 1198 
56 79 176 265 341 415 611 950 1162 1383 1385 
115 214 399 644 829 967 1002 1139 1211 1421 1442 
39 54 118 119 142 475 494 619 663 981 1082 
40 190 345 496 565 583 610 662 868 1269 1315 1375 
160 276 398 399 436 506 530 588 692 738 872 1159 1203 1354 1369 
5 20 73 208 290 297 352 559 613 788 1061 1305 1319 1455 
20 125 177 244 334 413 457 458 733 767 796 916 1120 1157 1233 1405 
111 243 344 382 403 570 635 1063 1135 1308 
4 20 253 309 374 380 412 421 423 547 581 878 1044 1099 1157 1382 
73 114 210 337 473 517 523 553 1168 1320 1363 
126 435 477 672 875 884 898 936 1130 1134 1184 1196 
79 141 398 493 622 940 1140 1274 1348 1422 
69 283 307 546 747 813 835 850 1112 1188 1230 1248 
289 521 530 566 602 608 754 755 780 877 1028 1099 
103 340 363 507 549 636 766 885 907 1006 1076 1296 1349 
159 248 309 477 605 684 827 914 939 1092 1115 1228 1302 1370 1393 
67 97 234 308 377 430 471 546 629 650 659 680 723 914 1053 1096 1272 1354 
72 336 419 659 682 838 842 887 963 1114 
97 140 188 246 309 398 553 629 752 1029 1077 1085 1170 1334 1344 1459 
18 92 275 439 496 523 587 597 635 664 767 967 1152 1212 1274 1328 1448 
174 178 186 199 221 234 307 854 891 1034 1067 1137 1219 1416 
168 427 429 721 849 884 1005 1033 1294 
679 784 933 1320 1334 1372 1391 1409 1410 
40 111 144 243 248 290 388 395 470 481 517 651 943 1099 1148 1235 1274 
1 380 400 411 428 539 790 839 925 929 1023 1061 1082 1154 1327 1338 
598 777 810 850 1274 
9 72 219 612 1010 1246 1264 1297 1388 1402 1445 
201 358 551 813 1116 
26 82 313 500 539 571 636 842 871 1008 1037 1298 1420 
20 92 238 267 327 416 538 806 823 911 1012 1044 1065 1248 1296 1299 
114 228 248 311 315 402 469 481 583 596 729 866 990 996 1255 1393 
159 211 214 240 545 563 753 760 917 1000 1107 1192 1367 1421 
173 353 558 779 794 825 1131 
281 338 622 642 689 694 793 800 1031 1107 1334 1341 1433 
31 51 116 141 524 811 910 1002 1338 1426 1430 
3 77 121 154 166 363 509 601 603 640 666 693 735 769 810 894 991 1019 1025 1299 
201 234 345 438 748 782 1000 1067 1076 1305 1361 1455 
165 248 297 479 648 730 865 1054 1139 1168 1329 1361 
18 139 208 314 455 692 730 757 758 797 1101 1127 1129 1159 1422 
5 75 513 572 775 871 905 1219 1342 1387 
28 166 445 547 599 659 681 700 755 807 911 1244 1395 1461 
17 320 499 521 529 755 764 867 908 960 1042 1056 1064 1151 
304 329 400 605 849 876 947 978 1011 1052 1056 1365 1416 
347 424 590 748 892 899 979 1163 1183 1299 1390 1423 
43 228 303 415 883 1028 1117 
221 419 484 566 872 892 1256 1268 1278 
17 18 83 119 330 391 427 485 532 629 786 833 955 1075 1374 1410 1438 
2 398 485 578 758 859 912 1036 1164 1237 1282 1358 
278 302 403 582 654 714 980 1041 1048 1078 
119 284 473 507 540 627 716 731 943 964 1025 1184 1251 1343 1380 1434 1459 
7 141 157 240 400 444 564 615 638 723 736 816 858 1070 1078 1146 1293 1354 1453 
28 347 357 364 365 374 693 794 910 1095 1365 
80 179 281 556 624 752 803 812 953 1088 1109 1243 1266 1424 
39 50 63 375 478 487 579 580 918 922 935 1008 1245 1362 
6 38 42 45 120 245 319 344 438 636 776 865 1131 1257 
95 303 323 454 538 699 1192 1193 1206 1393 1396 
1 57 95 176 442 447 799 929 962 988 1130 1285 1364 
122 203 560 578 601 644 808 844 1005 1148 1169 1198 1204 1379 
209 215 314 588 598 756 950 974 1027 1239 
25 98 264 313 400 433 641 771 975 1022 1052 1095 1140 1311 1320 1342 1372 
215 331 387 448 551 601 742 813 816 897 1078 1137 1242 1312 1360 
179 205 210 330 378 465 526 595 612 897 1100 1162 1229 1252 1312 1405 1429 
505 624 650 675 749 858 949 974 1120 1226 1368 
80 629 730 810 872 1078 1311 1333 1456 
82 112 141 213 396 399 480 559 711 712 802 936 991 1059 1132 1170 1338 1412 
52 72 293 565 753 951 1163 1193 1235 1278 
23 187 221 633 785 892 1100 1122 1216 1380 
20 62 77 188 247 517 557 617 652 739 883 919 1045 1170 1360 1435 
19 80 115 127 348 533 544 783 801 816 968 1004 1310 1343 1365 
45 432 564 666 676 763 938 951 1179 1317 1322 1460 
62 83 328 342 460 532 667 795 905 1045 1109 1152 1369 
210 259 280 539 722 802 1089 1104 1110 1113 1171 1192 1311 1319 
27 204 333 415 424 556 577 685 825 858 912 957 1078 1129 1156 1210 1229 1287 1433 1439 
309 474 503 515 741 823 937 960 964 1156 1397 1461 
344 535 694 973 1271 1345 1356 
96 153 310 505 603 615 664 865 956 1023 1209 1312 1362 1400 
59 259 290 422 446 502 622 750 1009 1072 1184 1229 
19 62 64 171 226 503 509 688 749 768 898 1337 1355 
273 387 529 601 657 787 835 940 1252 1312 1463 
11 122 136 258 367 551 687 723 873 972 1086 
5 310 412 627 755 839 872 943 944 981 1067 1450 
155 256 274 296 308 332 349 508 609 661 871 1030 1338 1374 
107 242 345 431 436 456 602 675 684 773 921 1008 1188 1425 
22 123 175 378 438 599 628 649 750 865 946 983 1051 1152 
52 69 204 213 497 532 658 785 836 899 984 1106 1153 1180 1374 
59 242 244 391 428 607 659 781 788 882 1023 1163 
44 108 254 336 510 564 632 769 894 1081 1243 1350 1382 1388 
51 211 864 969 1134 1169 1187 1318 1337 1356 1403 
219 251 877 1036 1321 1335 1352 1438 
64 448 657 684 698 746 958 1265 1316 
54 55 193 303 330 400 757 845 978 1043 1190 1459 
598 774 990 1262 
7 118 248 286 363 475 612 640 646 649 1031 1102 1150 1166 1375 1417 1461 
129 145 263 272 350 409 431 742 752 780 1238 1459 
21 59 97 409 470 751 1234 1296 
340 404 769 898 1200 1253 1311 1392 
90 148 341 397 430 540 542 570 578 673 729 744 777 819 827 951 1049 1260 1296 1363 1391 
187 258 303 464 554 1025 1174 1200 1262 1365 
159 393 467 565 866 876 887 1026 1173 1205 1275 1305 1418 1439 
65 250 265 767 777 785 824 877 1051 1058 1105 1119 1259 
74 128 287 940 1183 1282 1413 
222 344 428 632 901 956 1005 1114 1124 
63 165 181 238 431 813 898 917 957 1045 1075 1339 1399 1410 1434 
52 62 96 436 1129 1142 1277 1420 
65 181 1140 1204 1409 
128 176 269 457 468 646 848 861 1191 
246 427 604 746 790 1015 1016 1063 1123 1213 1297 
113 165 281 409 428 537 653 816 838 907 975 1084 1202 1358 
16 109 280 413 506 540 569 577 619 622 749 789 1005 1258 1261 1364 
24 106 202 247 284 341 460 539 906 959 1150 1196 1237 1353 
97 345 700 732 813 1024 1173 1204 1433 
17 38 226 260 519 543 633 662 1043 1172 1266 
224 428 648 718 1003 1148 1259 1300 1305 
45 666 835 1114 1239 1354 
169 183 327 342 460 861 928 1122 1171 1188 1368 
107 158 209 312 458 512 537 694 1307 
44 61 436 515 763 1062 1250 1359 1424 
190 309 415 526 674 883 886 907 918 1173 1183 1240 
44 133 414 482 729 795 830 884 1019 1055 1102 1387 1412 
307 344 443 452 483 494 801 1010 1100 1156 1404 
121 137 186 229 322 336 398 419 474 665 883 897 970 1123 1230 1242 1276 1345 1433 
282 304 494 734 824 1092 1305 1390 1399 
267 349 432 469 588 741 797 1006 1075 1147 1162 1274 1286 1409 
313 420 524 1034 1049 1079 1107 1109 1186 1390 
182 290 333 475 867 1266 
318 538 544 734 745 973 1025 1223 1287 1297 
74 193 209 230 278 320 514 554 601 714 854 1158 1342 
83 438 538 554 676 774 1114 1137 1223 1385 
99 155 193 276 323 807 1046 1180 
56 98 113 292 380 502 569 611 631 632 860 897 930 1114 1181 
17 102 111 116 196 353 361 380 534 583 633 1160 1333 1392 1448 
82 117 184 185 326 446 476 509 822 1166 1412 
66 336 628 643 738 759 986 1010 1038 1393 
101 140 149 480 498 729 742 1052 1149 1233 1262 1294 1423 
122 226 241 365 386 450 474 514 532 648 900 1093 1406 
52 67 157 304 316 434 447 457 497 574 586 904 905 967 980 1034 1078 1205 1403 1426 1456 
4 129 264 909 950 972 1034 1119 1318 1339 1374 
99 163 456 481 556 737 843 998 1096 1099 1156 1438 
23 199 205 309 418 515 622 711 911 999 1129 1152 1170 1332 1404 1440 
87 127 214 486 488 634 974 1163 1242 1396 
118 136 196 451 523 572 616 1003 1157 1231 1412 
22 73 110 417 485 767 779 789 1068 1079 1209 1289 1303 1391 1424 
31 121 166 181 205 263 394 398 492 764 868 1414 1459 
65 202 250 368 404 546 640 846 925 1305 
245 287 497 540 586 822 831 1029 1033 1138 1328 1338 1363 1420 
34 123 690 701 1318 1435 
62 291 338 530 893 959 1238 1389 
159 234 435 451 484 494 576 628 804 1047 1189 1276 1402 
306 325 754 771 792 800 920 1076 1079 1229 1248 1257 1325 1365 
65 173 208 390 497 608 747 815 966 1012 1115 1116 1419 
136 261 600 641 716 758 841 897 977 1055 1232 
365 422 441 468 525 581 638 720 859 939 1099 1182 1266 1339 1348 1406 
66 177 235 295 344 472 545 707 948 1109 1179 1183 1216 
141 223 559 963 966 1099 1190 1196 1421 1456 
100 137 141 321 745 756 798 927 1063 1196 1228 1317 1358 
233 638 687 721 762 780 797 885 897 1234 
101 471 516 695 705 710 796 1114 
37 161 185 349 354 698 960 1016 1142 1243 1416 
48 504 639 727 900 909 931 1211 1223 1259 1273 1345 
21 221 371 384 517 597 759 815 895 898 925 1014 
82 89 626 663 730 805 816 1040 1133 1204 1451 
101 310 374 377 644 713 725 1226 1230 1434 
45 104 151 343 376 612 680 1039 1171 1223 
118 318 332 387 595 1006 1244 1257 
151 207 225 289 380 515 580 631 1030 1087 1353 1426 
148 162 208 353 464 568 802 1176 1197 
38 135 190 268 485 487 616 706 761 784 834 837 900 912 962 1029 1110 1116 1261 1391 
72 158 216 464 482 629 727 738 835 887 986 1091 1097 1359 
79 80 731 872 1073 1218 1328 1329 1445 1455 
62 253 420 436 458 606 627 703 834 1210 1367 1419 1420 
28 285 371 432 734 815 884 1106 1190 1210 1432 
77 123 139 174 369 379 425 629 658 688 890 956 1020 1133 1319 1376 1403 1423 
74 87 180 313 438 897 1039 1312 1380 
191 215 307 404 566 888 1044 1060 1135 1211 1271 1329 1383 
33 101 158 323 386 409 505 737 1003 1026 1154 1195 1237 
190 272 479 488 499 665 667 760 762 783 915 965 972 1180 1224 1240 1288 1394 1452 
289 504 522 654 863 903 1269 1442 
26 29 184 259 264 345 412 752 803 1343 1345 1351 
121 469 620 682 876 920 1212 1321 
25 37 247 340 533 
56 61 77 83 145 207 232 300 462 777 778 837 846 867 872 889 1209 1237 1253 
105 154 453 465 496 502 573 716 727 794 812 819 876 954 960 962 967 1092 1331 1332 
153 176 285 420 610 616 660 695 760 801 1139 
51 296 486 549 851 875 883 1111 1292 1382 1421 
49 208 238 299 456 495 818 992 1248 
36 166 190 349 517 535 569 621 1033 1141 1343 1433 
23 35 54 67 237 444 682 893 997 1072 1076 1126 1149 
162 171 182 232 283 311 474 560 686 852 1062 1090 1122 1386 
51 56 756 787 852 1013 1036 1041 1180 1357 1441 
378 479 634 826 1039 1263 1400 1405 
132 222 294 392 579 606 632 731 824 834 979 1343 1413 
158 235 279 294 373 758 960 1225 1274 
853 875 1449 
189 233 287 360 751 768 986 1055 1135 1153 
70 169 294 325 451 571 661 746 757 855 1108 1334 
123 132 142 250 487 764 789 883 977 1085 1176 1455 
28 44 92 113 308 316 476 514 589 694 1207 1210 1311 1370 
138 348 615 640 732 733 947 997 1049 1056 1086 1214 
2 53 211 234 258 268 444 595 892 1223 1285 1407 1447 
630 659 712 723 1087 1190 1214 1448 
97 193 333 748 819 1043 1164 1200 1245 1259 1391 1427 
68 213 215 330 412 465 651 770 834 925 1007 1168 1199 1211 1278 
5 135 253 276 323 349 383 597 639 784 925 996 1023 1067 1075 1190 1274 1403 
185 371 600 615 640 653 865 895 1016 1135 1160 1261 
94 265 548 799 1023 1107 1180 1449 
395 416 547 716 770 1116 1164 1169 1223 1231 
287 312 362 436 536 1085 1149 1194 
19 140 423 589 593 639 1051 1082 
3 11 32 182 271 588 665 741 860 876 918 919 1077 1084 1118 
45 148 163 383 387 514 1018 1025 1084 1131 1167 1186 1299 1317 1362 
187 225 248 291 607 871 984 1098 1193 1330 
125 208 211 336 649 831 971 1167 1268 1369 
115 172 250 263 297 714 741 773 1064 1228 1324 
18 35 72 147 410 467 470 483 508 535 538 541 636 653 687 846 1146 1149 
183 320 486 530 547 621 875 1023 1154 1223 1250 1290 1316 
18 55 275 316 413 546 1081 1237 1310 
59 99 293 468 739 981 1308 1338 1345 1428 
55 390 425 504 702 1198 1282 
224 494 616 770 981 1164 1248 1347 1413 
9 524 536 727 781 1001 1025 1171 1430 
80 214 410 666 710 790 985 1158 1253 1279 1336 
13 56 124 236 358 380 424 592 623 638 786 1099 1120 
141 517 543 675 732 868 1274 1385 
76 220 728 795 817 960 1395 
183 192 236 347 359 451 1103 1165 1289 1461 
76 109 220 224 350 392 444 473 1171 1201 1239 1335 
73 77 86 288 351 478 740 766 797 952 955 967 1106 1284 1339 
168 261 591 797 993 1194 1232 1263 1323 1383 1388 
1 42 368 380 407 1063 1257 1360 1386 1405 
21 49 441 454 550 658 688 716 800 1180 1204 1249 
13 162 183 281 431 759 914 950 1101 1160 1239 1462 
11 146 245 388 422 490 606 869 1037 1179 1450 
56 164 402 421 533 779 1126 1134 1405 1415 
92 124 369 376 497 684 695 717 775 853 947 951 1040 1242 1345 1449 
199 246 385 580 708 782 786 813 950 1043 1291 
11 184 195 447 461 635 644 943 1225 1385 1420 1456 
1 56 272 337 612 676 693 769 965 1015 1261 1399 
119 192 315 705 898 1063 1153 1354 1385 1449 
132 226 234 488 492 498 588 763 943 1033 1232 1234 1300 1329 1387 1429 1449 
27 64 132 236 256 362 419 479 559 709 792 818 888 1011 1072 1279 1408 1415 1426 
61 268 476 789 819 988 1101 1169 1213 1386 1389 
120 205 284 449 476 565 603 642 643 806 986 1078 1123 1125 1156 1265 1290 1451 
107 181 244 254 393 463 527 826 863 1056 1123 1133 1220 1434 
102 185 237 445 501 526 619 645 758 790 874 898 908 940 1088 1271 1361 
45 63 122 181 237 355 387 515 546 578 646 654 
86 293 326 606 773 883 898 1028 1113 1384 
240 310 379 415 444 469 605 713 734 870 971 1175 1177 1342 1397 
51 196 371 398 766 790 1099 1101 1135 1174 1227 1373 
38 218 576 660 892 953 1012 1381 
123 347 424 426 866 870 980 1193 1406 1429 
36 184 398 718 736 852 898 943 1035 1234 1239 1333 1353 
121 167 602 785 982 1045 1087 1112 1249 1299 1387 
247 390 433 702 804 1256 
48 285 440 501 837 1041 1292 
276 631 705 928 963 998 1010 1084 1207 1250 1273 1286 
22 86 133 177 299 325 363 511 545 695 796 853 892 1053 1091 1143 1417 
72 166 315 515 687 791 842 1044 1112 1209 1377 1383 1438 
94 111 124 197 231 775 779 856 979 1109 1151 1447 
27 357 606 776 824 1002 1116 1235 1406 
313 352 358 1044 1058 1148 1152 1394 1402 1416 1451 
94 162 292 636 671 697 867 912 987 1007 1042 1055 1078 1140 1419 
42 148 250 314 380 387 486 714 759 807 1009 1067 1119 1146 1393 
238 248 369 418 469 669 760 907 974 1295 1365 
145 209 301 316 423 548 595 696 765 852 966 1262 1292 1358 1432 
208 209 420 426 500 522 623 719 797 933 935 1084 1226 1232 
226 268 704 968 1083 1090 1099 1160 1286 
312 332 800 986 1032 1354 1433 1453 1455 
160 274 317 461 497 673 801 927 1005 1191 1289 1302 1395 
493 515 558 589 937 1040 1260 1297 1319 1329 1364 
27 29 34 521 626 849 884 910 958 983 1080 1113 1114 1187 1326 1376 
372 544 619 977 
84 128 237 337 342 360 385 570 646 773 957 1017 1262 
163 267 328 617 669 1004 1082 1281 1309 1420 
37 223 295 341 494 548 565 747 808 1017 1221 1371 
153 325 397 467 526 752 781 1068 1145 1358 1404 1410 
125 128 201 415 633 696 901 1252 
32 243 316 388 462 487 489 625 944 1017 1183 1236 1268 1422 
283 336 338 409 503 594 597 648 668 1017 1060 1183 1433 
82 306 377 462 572 600 1152 1157 1165 1228 1259 
21 173 534 747 919 1005 1046 1268 
111 243 383 551 605 621 903 914 1105 
136 277 681 854 971 1052 1056 1308 
364 450 491 512 584 632 855 1115 1157 1321 1362 1363 1402 1416 
109 289 316 348 512 550 556 588 748 753 1067 1138 1383 1435 
403 434 575 656 936 1036 1280 
54 77 79 331 418 542 640 718 751 975 1014 1125 1409 1426 
72 79 480 616 829 857 891 1110 1206 
20 25 36 155 264 380 562 595 785 989 1173 1251 1285 1305 1321 1344 1406 
139 195 341 342 383 394 498 738 774 818 825 984 996 1032 1167 1197 1449 
13 244 345 408 532 731 839 880 1087 1134 1304 1355 1360 1443 1463 
135 169 566 918 977 1217 1301 1447 
121 185 499 657 745 770 799 1250 1291 1306 1307 
5 261 425 593 793 978 1035 1249 1260 1306 1384 
310 348 415 424 495 527 564 686 743 836 849 971 1124 1388 1405 
56 418 420 566 681 759 956 1085 1373 
42 74 129 210 306 428 539 557 640 746 866 965 1288 1394 1410 
13 32 464 630 905 1024 1069 1357 
165 467 578 876 1002 1380 1385 1401 
317 466 606 647 689 823 953 1244 1278 1319 1412 1463 
79 134 233 237 381 383 537 579 617 650 823 874 920 1049 1304 
1 4 164 206 584 632 634 988 990 993 994 1102 1142 1312 1322 1335 1349 
552 926 1030 1220 
20 186 408 489 692 752 835 1046 1141 1245 1258 1297 
51 375 408 888 1090 1147 1330 
9 172 222 395 398 471 694 1052 1250 1436 1445 
180 252 427 776 1113 1331 1441 
5 151 208 284 386 500 596 741 792 802 919 921 931 1303 1440 1445 
7 161 357 412 577 827 1013 1043 1175 1457 
51 226 328 400 509 752 766 814 842 926 936 1074 1120 1140 1212 1398 
20 460 587 621 815 891 1136 1375 
36 41 378 385 572 674 775 1089 
299 434 609 682 730 761 962 1077 1084 1130 1175 1204 1350 1394 
18 132 248 336 382 422 441 509 570 606 735 861 883 
165 432 487 557 585 798 881 1018 1057 1126 1143 1448 
193 231 259 284 346 443 463 567 594 707 750 809 1278 
460 627 660 666 983 1005 1084 1086 1251 1391 
232 248 381 427 461 482 674 692 738 861 902 955 1037 1397 1422 
14 139 193 366 371 405 524 710 737 840 852 853 1181 
3 185 238 396 665 967 1009 1083 1141 1194 1200 1352 1357 
23 275 289 317 338 575 634 671 764 805 905 1001 1045 1140 1264 1288 1360 1431 1459 
524 745 948 1033 1286 1289 
128 255 282 342 452 519 567 849 1373 1418 
75 402 412 434 444 482 598 671 879 889 906 1048 1157 1207 1255 1407 
16 30 216 253 436 490 664 877 950 985 1132 1158 1205 
192 246 260 320 350 507 583 599 630 683 690 765 905 970 1072 1232 1246 1299 1419 1437 
75 758 977 1058 1175 1329 
84 108 159 257 398 482 677 807 828 917 951 1024 
71 448 511 546 725 746 890 973 976 1049 1085 1253 1327 1436 
56 62 79 477 624 784 787 819 968 1036 1088 1097 1295 1431 
20 64 81 168 266 313 348 407 417 606 628 656 845 996 1019 1065 1107 1227 1347 1417 1446 
175 276 464 676 864 1263 1297 1407 
52 155 169 271 316 477 621 649 765 1039 1328 1441 
69 291 328 428 447 479 532 660 813 840 914 1016 1044 1051 1144 1299 1416 
191 259 334 478 499 685 
185 296 480 510 668 800 816 924 1049 1102 1196 1362 
1 140 442 516 589 641 759 776 850 998 1021 1126 1304 
126 164 276 309 372 597 627 733 972 1198 1243 1457 
27 194 266 296 423 507 754 1068 1273 1304 
79 265 293 361 460 524 558 580 835 867 910 977 1228 
68 274 461 525 536 694 698 705 758 759 914 959 998 1060 1130 1321 
37 78 112 362 366 395 404 462 1030 1462 
89 171 385 395 415 556 572 623 630 816 976 1042 1088 1159 1160 1194 1205 
82 228 277 381 571 781 1184 1315 1386 
2 4 272 501 618 659 890 994 1056 1326 1445 
375 528 618 668 722 741 1127 1429 
150 191 235 328 498 833 904 1079 1087 1090 1131 1266 1322 1382 1413 
409 554 579 693 711 713 724 823 871 945 954 1255 1375 1395 1450 
1 334 503 556 562 595 665 694 758 929 1250 
90 416 746 1046 1089 1383 1386 
206 216 256 279 372 392 409 461 1200 1285 
251 307 312 564 639 737 753 797 919 978 1000 1447 
222 314 374 579 858 991 1054 1230 
162 220 265 299 364 518 592 1013 1144 1171 1207 1241 1376 
100 433 569 663 767 1244 1259 1333 1396 1397 1424 
168 346 428 453 596 669 1202 
216 326 341 492 518 542 664 703 793 903 956 1041 1207 1246 
266 516 558 680 711 885 1376 1379 
118 168 171 238 257 579 583 619 1025 
42 117 207 456 615 710 763 819 839 919 1276 1396 
124 504 607 654 690 731 753 865 903 1177 1338 1386 1395 
56 156 196 312 617 672 735 925 1028 1109 1115 1342 
226 242 244 353 500 594 644 765 767 777 780 789 852 958 977 1171 1331 
6 28 128 215 407 840 858 865 1062 1220 
11 142 378 462 470 494 500 532 541 986 1120 1327 1379 
76 96 275 362 393 525 602 803 932 1248 1358 1405 1408 
341 384 464 652 687 719 741 924 989 
28 30 55 72 113 211 288 532 619 662 689 982 1035 1332 1416 1432 
38 128 434 631 824 925 926 971 981 1028 1032 1203 1232 1388 1431 
68 120 144 349 409 584 735 912 923 1011 1044 1099 1274 
112 261 284 327 500 514 651 667 675 796 914 1032 1143 1356 1460 
118 150 345 355 472 881 916 968 1006 1062 1288 1327 
66 166 310 636 667 769 960 1045 1058 1195 1199 
44 67 392 522 788 1027 1065 1170 1224 1306 1307 1334 1335 
21 358 461 551 700 904 982 1020 1062 1217 1322 1385 1410 
37 155 215 318 344 367 429 692 884 972 1160 1277 1460 
121 137 163 222 333 366 589 693 710 732 838 898 1313 1340 
71 90 388 394 488 513 565 851 1124 1193 1224 1322 
65 105 161 179 230 328 418 422 509 527 545 630 
98 768 776 1174 1203 1326 
17 155 319 398 442 580 674 692 733 854 1216 1424 1439 
234 237 300 338 470 650 673 693 704 884 1045 1106 1232 1334 
85 296 308 349 399 420 927 1219 1346 
301 470 588 725 730 740 854 868 870 938 964 982 1085 1222 1321 1355 
302 341 347 369 458 460 520 538 545 615 778 783 836 1139 1188 1231 1354 1367 
245 461 500 672 755 947 957 964 1181 1410 
33 205 592 593 620 664 809 835 1017 1051 
14 41 173 431 602 645 653 941 1180 1436 
206 280 319 638 788 1160 1228 1395 
18 150 255 363 679 816 997 1190 1214 
22 185 260 274 319 385 401 424 622 651 674 801 887 943 1097 1411 
26 33 135 255 287 502 509 699 748 750 840 921 1046 1188 1247 1252 
177 422 435 444 467 476 540 654 911 1126 1182 1352 
162 422 769 787 840 869 974 1077 1380 
87 341 527 567 609 683 695 788 883 1003 
190 253 304 353 526 548 647 685 700 900 1207 1212 1304 1328 1359 1363 1381 1389 1417 
45 79 87 162 179 319 341 511 646 729 968 973 1371 1384 
296 321 360 405 478 788 962 986 1022 1126 1140 1239 1320 
99 158 254 300 373 448 470 572 699 734 818 830 844 846 873 986 1155 1260 1283 1403 
8 256 281 329 588 714 732 866 999 1077 1169 1400 
51 80 117 501 641 744 866 883 922 975 1119 1321 1391 
282 375 464 692 761 1163 1188 1255 
44 93 200 240 396 430 449 618 925 
19 66 225 291 517 624 655 816 853 978 1116 1384 1436 
61 270 448 723 779 938 1025 1080 1194 1226 
216 238 450 526 659 678 1188 1315 
11 141 182 424 442 623 643 697 783 831 904 1209 1284 1373 
37 52 216 437 440 556 575 823 837 958 959 1313 1426 
62 161 185 278 558 627 710 818 1010 1093 1145 1359 1446 
45 172 276 320 560 958 1002 1310 
109 120 154 200 456 536 559 588 903 949 1030 1052 1108 1113 
168 278 282 329 613 755 1061 1314 1358 
130 197 263 559 570 646 706 
186 317 342 388 492 619 715 755 789 820 855 1272 1346 
25 231 346 348 432 587 727 773 1028 1056 1138 1214 
78 586 618 749 771 926 1062 1225 1402 
101 141 349 388 506 508 526 543 555 667 668 714 781 1040 1264 1449 
116 132 135 152 162 358 489 877 888 959 1390 1413 1434 
154 262 264 284 294 398 437 536 685 727 804 949 1006 1172 
100 104 283 490 501 509 724 890 910 920 964 
125 127 219 251 342 418 429 661 1026 
346 369 689 737 777 844 1252 1346 1416 
442 861 1000 1130 1199 1332 1361 1446 
57 237 642 686 718 754 899 1100 1195 
181 218 227 312 424 438 550 632 728 776 821 977 1025 1036 1113 1203 1421 1425 
902 1019 1035 1234 1395 
165 246 312 370 442 820 874 1017 
309 382 482 972 1030 1086 1256 1320 1400 
223 278 309 386 507 584 626 1049 1069 1192 1247 
133 226 485 593 596 656 712 991 1124 1379 
208 239 243 443 767 930 978 1171 1193 1329 1430 
165 300 590 593 839 1020 1179 
103 148 233 246 489 615 740 774 829 976 1198 
150 382 419 850 903 923 930 1179 1242 1290 1309 
112 292 498 645 809 826 1305 1385 1432 
159 289 310 485 591 709 758 974 1262 1372 1392 
86 135 304 412 482 513 588 679 736 787 800 855 976 995 1184 1236 1422 1429 
332 333 488 545 801 910 954 1263 1295 1335 
104 153 194 203 291 514 538 541 577 741 891 931 1390 
181 374 393 459 471 615 1114 1440 
27 70 80 141 247 376 789 790 836 854 958 1179 1378 
20 44 116 334 614 615 723 725 857 995 999 1039 1161 
338 353 432 449 601 641 843 937 1040 
157 247 296 480 541 721 755 1058 1191 1410 
149 156 168 172 231 530 674 847 920 947 982 1058 1091 1104 
44 125 147 279 374 469 607 632 1157 1279 
35 73 290 311 566 717 778 839 1254 
21 197 216 224 261 355 358 528 618 664 714 760 782 802 856 1117 1164 1368 
20 70 103 128 157 165 192 206 283 317 360 396 445 634 764 917 922 935 1163 1377 1397 
9 178 320 407 567 682 941 995 1199 1233 1365 1404 1424 
96 106 202 374 398 492 513 809 848 1168 
97 125 265 386 418 595 622 681 696 926 928 1005 1169 1192 1264 1405 
47 103 281 488 726 754 918 1166 
128 212 249 696 774 804 922 957 1115 1167 
194 473 540 581 693 735 781 784 855 1089 1298 1392 1448 1452 
283 374 494 788 831 879 936 942 1069 1078 1146 1203 1400 
243 288 332 351 433 532 639 828 1134 1287 1393 
48 80 205 355 402 815 827 834 1004 1195 1405 1426 
15 169 197 227 396 413 814 964 1095 1177 
30 225 361 448 963 1024 1028 1042 1179 1275 1295 1383 
127 206 416 555 882 912 1186 1236 1305 1342 
416 434 485 520 601 963 1076 1174 1339 1386 
76 188 318 478 593 622 702 1317 1349 1371 1455 1457 
79 225 613 786 869 948 1147 1149 1156 1175 
66 251 403 496 510 516 521 708 801 845 892 905 921 946 1103 1218 1258 1365 
336 846 1034 1101 1245 1279 1344 
137 464 708 868 1108 1332 1405 1454 
85 215 760 817 834 869 993 994 
43 136 195 370 518 523 542 727 766 793 1059 1152 1207 
17 94 132 319 370 432 497 522 1274 1450 
155 221 558 641 840 926 1176 1263 1279 1454 
5 160 312 450 496 670 804 986 
38 48 131 213 306 494 522 663 709 729 799 831 1100 1107 1117 1121 1232 1233 
58 195 201 600 613 655 864 1271 1350 
72 229 297 310 807 870 887 916 919 1105 1277 1340 1343 
145 231 373 523 584 634 668 822 984 1159 1227 1418 1431 
170 384 459 527 528 539 715 748 772 788 1144 1167 1378 
414 586 697 772 782 927 966 1093 1146 1443 
2 69 247 257 296 334 389 426 675 709 713 923 944 1035 1058 1120 1275 1374 1444 
5 10 488 510 522 891 1088 1139 1173 1270 1293 1402 
1 101 112 161 168 192 194 230 516 526 616 623 645 727 826 870 871 1051 1312 1321 1374 
37 118 175 190 202 282 432 491 535 882 1005 1215 1230 1244 1258 1278 1317 1339 1436 
25 221 270 289 309 332 637 642 656 716 774 934 1053 1148 1245 1394 
3 36 113 122 183 241 305 356 455 494 698 918 1088 1138 1165 1273 1358 1406 1454 
45 91 186 302 460 476 690 812 814 917 1035 1066 
194 397 403 404 407 483 560 567 645 652 942 1268 1289 1342 1358 
161 224 476 544 552 570 824 1071 
77 109 401 429 509 522 698 721 1084 1095 1140 1171 1344 1384 
35 41 241 423 607 708 774 821 827 877 946 1028 1381 1441 
55 390 478 815 852 1040 1058 1326 
107 158 190 204 364 424 490 502 596 772 1003 1235 1369 1463 
73 213 476 549 680 913 971 1039 1069 1072 1111 1184 1306 1439 1452 1461 
181 418 714 
15 371 572 792 858 897 973 1122 1397 1457 
391 408 520 789 886 887 913 1322 1329 1347 1355 1369 1388 
365 427 447 585 670 718 875 890 918 1226 1280 1423 
133 232 618 623 652 683 736 895 1025 1111 1305 1420 
99 201 404 823 957 1264 1294 1362 
524 545 556 914 916 1105 1130 1274 
87 208 299 383 431 533 561 581 666 1197 1359 1402 1427 
57 66 76 133 274 407 688 783 869 1096 
432 465 491 645 647 1007 1090 1359 1387 
233 398 483 593 692 885 1180 1430 
167 171 290 618 737 756 1098 1447 
285 459 646 652 959 1018 1079 1232 1346 1385 1396 
107 134 186 189 356 990 1423 
120 151 241 363 480 507 595 602 1099 1309 1410 1418 
367 456 538 551 597 842 844 875 879 915 922 931 1351 
27 375 546 892 1089 1093 1445 
57 230 424 435 641 908 952 1131 1344 
3 39 54 161 241 246 283 358 368 437 447 498 531 612 614 642 779 878 981 1120 1211 
235 649 692 964 1046 1191 1243 1400 
69 236 502 519 684 732 871 929 995 1055 1104 1294 
46 160 289 634 778 789 793 865 1277 1305 1398 
146 185 187 258 338 395 440 478 551 563 693 729 837 878 1068 1197 1327 1405 
43 187 217 267 302 588 857 922 1100 1341 1416 
16 47 111 142 242 493 556 867 944 955 981 1041 1084 1097 1188 1220 1353 
91 98 245 250 355 360 377 412 415 489 550 723 850 1165 1188 1322 1447 
9 89 113 145 168 345 357 465 811 872 955 967 1141 1279 1288 1448 1459 
15 29 56 210 360 448 586 614 691 715 740 782 975 1206 
286 615 620 713 993 1152 1176 1338 
49 157 218 237 283 433 452 540 600 764 826 891 897 932 1458 
129 268 339 344 484 570 615 688 810 863 1284 
26 133 245 295 467 668 775 830 942 947 967 1113 
31 108 154 206 362 586 834 892 1306 1343 
231 364 459 546 560 566 588 590 694 1069 1330 
203 447 777 837 856 950 1149 1271 1288 1433 1463 
24 155 209 240 268 769 803 874 1053 1227 1256 
151 153 211 389 440 459 697 757 880 1015 1070 1197 1420 
285 361 464 502 609 645 681 694 770 917 1019 1181 1198 1358 1461 
88 187 688 743 1041 1072 
238 282 546 1107 1144 1255 1275 1291 1301 1330 1353 
67 147 284 295 354 407 437 598 638 729 746 865 901 935 1081 
118 327 370 483 522 946 968 1009 1272 1408 
189 280 395 833 931 971 1008 1021 1064 1310 1324 1379 
186 242 610 766 1004 1032 1291 1361 1376 
147 443 541 579 615 692 778 795 992 1107 1137 1315 1335 
76 246 567 812 897 937 1044 1273 1339 1419 
139 517 1162 1262 1371 1411 1462 
1 23 187 204 279 339 438 640 666 708 747 1039 1063 1117 1247 1265 1309 
92 238 369 605 653 707 762 969 1143 1243 1299 1395 
85 135 153 242 261 395 771 865 880 945 
90 565 607 825 1019 1180 1197 1392 
2 126 187 402 568 604 816 829 875 917 995 1070 1304 1458 
1 311 312 421 813 985 1009 1114 1307 
27 245 375 434 557 658 672 825 883 920 953 1313 
289 363 525 808 814 850 980 988 1151 1254 1392 
8 198 267 366 425 515 612 643 686 906 944 1047 1153 1186 
100 126 245 273 433 434 576 650 655 683 743 1036 1132 1167 1213 1400 1409 1432 
25 111 152 419 617 806 958 1255 1377 1379 
70 272 492 538 607 635 769 828 841 868 1062 1366 
79 131 236 323 332 347 458 645 655 1271 1344 
201 473 676 762 928 993 996 1201 1299 1441 
228 249 319 505 720 893 1327 
54 161 239 256 676 681 698 1195 1304 1382 
319 430 667 791 890 960 1189 1242 1267 1381 
116 733 1129 1249 
26 37 177 238 486 524 561 565 675 875 971 1054 1199 1253 1292 1457 
139 623 651 708 728 736 740 742 839 908 919 939 1085 1185 1214 1328 
27 103 266 398 815 1175 1194 1247 
87 318 327 404 458 492 837 864 1075 1355 
33 105 189 444 450 516 526 820 1091 1190 1229 
119 139 150 185 324 326 391 659 762 782 918 1015 1031 1197 1354 1376 1399 1434 
184 564 937 956 1161 1181 1186 1234 1344 1379 
77 256 264 435 442 468 592 677 1001 1211 1461 
207 323 328 484 599 989 1335 
62 69 157 163 219 259 428 674 764 817 934 1414 
125 145 318 385 480 616 1114 1366 1404 1411 
29 52 281 500 706 943 1122 1238 1330 1368 1399 
231 405 572 580 773 915 1004 1066 1351 1396 1445 
66 208 320 548 839 971 982 1037 1295 1364 1372 1389 
3 107 114 310 391 538 789 842 1172 1331 1420 
98 172 288 304 349 444 598 697 892 1012 1036 1087 1234 1242 
246 340 667 691 858 941 984 1037 1201 1458 
10 328 431 537 617 715 931 958 1149 1312 
37 117 193 234 353 405 656 682 951 1008 1247 1251 1393 1442 1460 
71 148 252 271 509 511 900 970 980 1273 
192 262 300 536 552 561 587 694 767 1195 1319 1320 
10 244 251 296 365 448 512 585 650 738 850 1213 1228 1419 
128 233 619 675 714 979 1045 1153 1175 1286 1409 1439 
275 324 731 746 811 813 1310 1331 1358 1393 
221 450 548 558 666 743 823 842 985 1019 1047 1345 
447 512 714 745 1170 1398 
58 150 334 426 562 647 650 746 752 760 926 968 1041 1049 1256 1268 1421 
38 66 135 541 584 829 955 1303 1401 1419 
128 304 360 390 661 1007 1247 
192 225 252 320 359 372 423 460 715 732 984 
446 490 680 858 1023 1300 1331 
412 457 665 1006 1016 1052 1054 1111 1259 1270 1430 
75 237 249 567 700 722 753 815 829 838 860 1004 1150 1176 1212 1229 1313 1379 1420 1426 
75 125 230 430 502 511 546 675 1008 1009 1089 1207 1240 1426 
17 30 256 334 443 508 622 832 1008 1089 1260 1308 1336 1391 
3 38 93 410 555 724 933 998 1307 1457 
474 615 989 1149 1222 1255 
27 142 204 461 785 932 1125 1250 1296 1343 
123 228 382 457 776 780 788 812 913 1463 
554 574 777 778 792 795 889 1017 1196 1290 
316 326 454 511 539 574 672 1092 1123 1261 1305 1358 
102 161 165 269 383 520 1127 1416 
142 163 186 200 347 352 436 468 589 678 720 1059 1121 1252 1433 1436 
103 178 362 369 454 494 539 644 806 931 
175 191 371 397 481 483 548 556 636 679 680 687 786 871 926 1178 1197 1415 
13 374 410 539 804 853 862 1330 1339 
85 142 273 297 528 655 682 722 788 888 985 1015 1293 1357 1437 
56 91 157 189 279 501 605 705 726 739 776 1113 1143 1293 1346 
182 353 408 494 612 624 713 805 895 999 1004 1056 1099 1116 1196 1359 1450 
38 42 83 348 436 786 1017 1062 1090 1093 1210 1233 1388 1420 
108 170 212 374 494 600 633 663 944 
2 58 257 363 408 521 580 691 929 1250 
10 228 259 571 865 1343 
36 87 138 152 191 405 578 986 1060 1095 1205 
119 310 491 511 589 615 658 707 741 1044 1080 1087 1230 1269 1340 
148 176 234 289 452 461 584 665 736 861 885 1048 1111 1274 1451 
46 373 500 590 708 754 885 890 955 985 1042 1146 1210 1447 
111 222 243 273 672 927 1020 1241 1247 1284 1318 
55 223 430 638 898 1022 1078 1287 1296 1303 1347 1386 
152 179 367 855 898 1083 1138 1182 
96 145 153 177 240 244 454 673 683 780 847 967 1070 1358 
62 205 370 442 452 569 735 739 750 911 1089 1097 1341 1443 
85 211 307 325 340 606 701 805 942 1017 1089 1153 1252 1281 1386 
296 312 502 684 937 1307 1354 1439 
23 151 247 348 385 794 804 1437 
49 482 535 602 670 741 751 781 798 861 933 1076 1236 
22 181 268 315 550 562 675 694 819 853 868 943 1177 1197 1253 1318 1343 1363 1370 
3 92 380 655 1092 1190 1327 1397 1419 1457 
104 125 275 319 390 417 499 519 750 1231 1334 1387 1394 
63 254 309 427 756 776 843 963 1077 1176 1201 1372 
178 213 215 330 495 577 582 586 766 785 894 902 907 1190 1240 1310 1325 1339 1344 1429 1442 
156 246 735 1004 1181 1203 1225 1267 1279 1343 1448 
130 136 167 398 483 551 791 837 875 894 933 950 1297 1455 
7 12 191 284 304 1098 1129 1137 1220 1320 1419 
192 233 353 505 653 935 1046 1210 1331 1406 1411 1461 
55 79 208 364 420 728 868 1395 
31 397 461 508 569 731 1017 1178 1356 
114 120 229 470 803 1028 1189 1395 
176 179 311 416 519 530 598 681 894 1223 1285 
67 79 205 374 411 415 437 596 636 647 805 1035 1108 
58 94 168 668 826 881 967 1232 1247 
59 61 560 715 721 733 767 830 954 983 1100 1278 1336 
10 30 94 118 339 394 397 442 462 566 586 794 1006 1099 1210 1276 1372 1399 1409 
20 90 152 175 225 445 791 804 1086 1349 1360 
84 508 905 1013 1035 1319 1389 
82 215 246 431 484 508 685 703 764 824 871 980 991 1081 1127 1199 1201 1245 1296 1313 1333 
13 137 178 195 362 513 596 666 833 884 1111 1124 1215 1217 1321 1398 1413 
123 338 777 784 945 1006 1036 1356 
9 94 176 264 411 425 659 753 754 960 1138 1251 1368 1412 
23 331 356 377 434 488 492 770 792 926 999 1051 1213 
104 135 178 336 345 711 726 813 861 999 1111 1339 
28 104 297 358 361 773 825 985 1286 1456 
98 372 486 661 679 759 768 785 814 865 979 1165 1180 
155 267 321 391 408 420 646 672 1266 1283 1447 1458 
65 146 302 428 535 537 577 748 886 1100 
20 69 619 779 831 1163 1284 1361 1433 
237 444 460 471 478 483 604 721 787 928 1206 1210 
73 132 162 250 351 513 517 523 647 732 913 1339 1375 1425 
71 318 320 540 570 990 1112 1178 1254 1401 1445 
103 136 428 538 739 776 1151 1286 1342 1355 1401 
84 99 102 130 190 692 964 1011 1038 1122 1414 
256 267 396 531 642 643 677 763 798 801 853 1194 1196 
202 204 409 678 720 809 1026 1063 1370 1383 1394 1462 
47 121 164 214 228 234 283 593 672 888 986 1069 1073 1251 1278 
285 350 364 534 578 973 1164 1265 1395 
154 249 491 644 1156 1192 1394 
20 77 132 335 393 707 774 1073 1080 1145 1250 1265 1279 1305 
103 513 609 766 783 889 1014 1109 1442 
14 156 288 314 439 443 603 965 1111 1204 1271 
122 464 556 667 725 803 900 1062 1270 
152 391 493 555 635 717 890 944 973 1000 1065 1175 1375 
129 136 162 198 375 538 585 962 1009 1112 1119 1203 
11 140 216 259 307 334 368 593 600 640 670 717 844 939 952 954 1014 1090 1150 1220 
80 374 431 452 904 945 957 1059 1065 1076 1177 1331 1335 1401 
245 395 449 646 756 835 955 968 1217 1341 1444 
54 96 212 285 299 386 485 587 743 803 944 1010 1084 1210 1322 
4 43 218 286 487 666 863 957 1111 1286 1357 
5 100 293 373 597 665 760 838 840 1133 1154 1428 1454 
85 111 141 239 352 672 739 813 858 883 917 1032 1116 1307 
2 22 306 415 470 812 847 1151 1170 1258 1262 
142 186 197 363 501 732 747 772 849 978 1172 1291 1296 
181 382 422 663 892 976 1012 1028 1198 1341 1375 1378 1424 
4 150 151 342 351 364 551 556 654 757 940 984 1063 1076 1104 1141 1256 1348 1350 1377 
8 126 201 366 446 772 856 1070 1075 1220 1285 
542 572 648 790 963 1033 1070 1164 1209 1340 1415 
127 146 472 510 544 1025 1229 1298 1359 
710 819 838 953 1278 1284 1355 1446 
184 308 351 417 506 792 906 1115 1143 1171 1227 1264 1445 
126 219 316 493 1014 1300 1371 1372 1386 
4 111 246 313 479 688 743 864 976 999 1131 1195 1215 1419 
46 81 166 208 274 284 299 304 326 368 451 613 691 711 804 852 888 919 1114 
325 333 368 452 690 836 855 991 1165 1283 
108 142 233 468 611 661 692 723 778 906 945 949 1010 1081 1167 1173 1182 1230 1406 
85 114 206 500 523 543 563 564 657 851 868 966 975 1004 1199 1347 1405 1429 
37 141 179 207 250 447 575 664 678 915 1039 1047 1433 
249 427 590 660 671 691 956 1081 1249 1436 
110 383 487 490 739 821 839 1002 1264 1295 1355 1450 
231 285 387 492 593 665 739 763 819 991 1012 1090 1101 1159 1222 1453 
24 162 408 448 1106 1254 1283 1347 
195 289 344 378 497 781 835 848 857 1015 1361 
55 170 298 446 522 563 583 817 907 935 1062 1133 1359 1423 
390 536 673 697 859 1282 1373 1449 
82 178 299 682 949 956 1317 1397 
101 199 232 432 553 681 737 759 874 976 999 1049 1083 1137 1231 1314 1445 
45 195 212 428 468 480 672 695 809 972 1046 1111 1429 
142 281 410 815 1038 1191 1222 
190 196 224 233 294 694 866 886 977 1041 1253 1294 1300 1340 1346 1402 1456 
86 221 270 539 745 820 861 886 952 989 1212 1244 1287 1305 1322 
22 360 411 537 718 748 870 900 1140 1299 
88 257 423 481 485 728 755 993 1033 1152 
55 64 119 190 519 641 709 760 850 888 1211 1221 1413 
1 111 210 343 545 551 612 769 833 858 1070 1096 1165 1394 
209 244 488 708 799 1140 1370 
114 366 390 394 419 437 460 637 751 852 881 956 1002 1123 1173 1305 1306 
86 234 280 514 663 917 1215 
18 225 396 478 670 933 1390 1452 
304 376 402 472 513 695 778 955 966 1061 1152 1343 1406 1417 
249 282 302 386 697 700 751 936 1146 1218 1304 
135 206 233 378 448 506 1036 1045 1084 1191 
33 577 593 887 980 1083 1150 1264 
228 259 512 547 750 789 827 837 902 983 994 1242 1315 1368 1407 
232 709 766 819 878 959 1133 1278 
78 490 498 569 784 862 1000 1452 
383 417 462 1021 1044 1103 1119 1197 1315 1408 1437 
301 524 601 1041 1319 1337 1436 
23 123 186 304 362 693 763 805 854 973 
7 74 245 429 510 514 659 789 815 1096 1207 1295 1336 
13 39 243 481 554 602 855 1023 1155 
42 156 351 415 636 696 905 1022 1048 1204 1268 
121 396 413 520 547 718 893 1291 1343 1380 
91 281 305 387 449 689 1006 1193 1334 
43 133 255 356 497 532 1194 1387 
77 89 112 254 743 885 1021 1023 1060 1224 1285 1371 1400 1416 
199 237 400 524 545 654 1046 1124 1138 1399 
16 42 62 247 345 369 478 625 915 974 1007 1067 1219 1233 1329 1366 
14 48 78 121 170 241 265 437 467 484 510 567 736 847 916 1030 1170 1234 1344 
311 541 630 644 909 921 950 954 955 1005 1132 1414 1452 
45 155 289 299 342 475 486 540 562 590 635 797 948 1063 1185 1321 1409 
14 15 34 877 958 976 1328 
205 247 315 361 394 457 638 892 1170 1207 1428 1435 1449 
83 97 105 132 205 255 671 680 767 983 1410 
43 118 558 701 1182 1186 1199 1390 
28 30 275 378 417 443 615 722 753 885 912 983 1178 1345 
315 381 475 554 663 780 852 870 952 1364 1419 
275 324 361 598 1024 1053 1178 1209 1273 1308 1340 
282 343 390 423 481 607 686 1237 1259 1289 1366 
23 161 266 309 379 620 735 766 807 810 859 1036 1234 
65 108 130 356 670 786 1086 1091 1291 
30 77 79 153 684 757 790 809 941 1207 1245 1280 1347 
172 223 469 497 512 586 683 947 1057 1254 1375 
82 150 230 418 641 676 714 795 1006 1015 1206 1242 1311 
