1415 8081
25 53 93 123 225 271 365 391 709 1046 1099 1154 1245 
37 41 520 544 612 1048 1052 1143 1158 1302 1319 1393 
154 591 692 1000 1011 1095 1128 1328 1353 
36 75 156 418 951 1125 1159 1200 1303 1337 1387 
263 365 442 489 502 545 564 582 851 1051 1148 1224 1259 1287 
120 132 470 565 587 594 1167 1264 1345 1359 1396 1400 
37 372 421 516 582 684 750 840 891 1377 
21 111 238 326 448 942 1024 1248 1284 1389 
298 338 447 533 559 726 796 876 1048 1112 1148 1208 1263 
42 74 90 91 473 520 591 597 766 1023 1067 1101 1415 
33 152 582 595 693 702 791 875 1107 1160 1182 1224 1357 1364 
234 430 497 574 610 656 712 879 961 1053 1103 1192 1397 
29 135 167 288 393 400 410 614 660 893 951 1036 
122 141 184 381 442 454 479 579 884 886 910 935 979 1012 1154 
97 326 476 607 661 717 800 885 1087 1137 1160 1241 1285 
48 60 80 134 166 262 382 431 860 861 873 1148 
65 293 333 561 598 630 635 783 1145 1263 1360 
137 407 590 599 950 1009 1023 1105 1310 1336 1362 
23 285 390 901 1020 1154 1159 
120 176 538 575 664 822 829 1059 
8 275 382 436 468 566 616 765 837 838 973 1007 1069 1221 1236 1240 1250 
369 396 410 487 513 532 612 645 742 746 779 912 932 977 1142 1234 
19 168 568 595 620 640 695 962 979 1162 1164 
36 103 154 168 908 1047 1065 1156 1206 1268 
1 138 570 767 915 1011 1045 1051 
32 411 866 1016 1035 1066 1106 1174 1254 1269 
31 243 306 504 611 803 818 844 847 1009 1026 1097 1147 1210 
175 292 622 655 772 957 1013 
13 30 198 367 436 570 715 916 992 1131 
29 343 459 471 485 709 729 830 883 906 977 982 1227 1272 1359 1377 
27 324 471 515 1216 1265 1277 
26 158 217 358 475 555 587 589 712 777 835 1108 1246 
11 71 139 338 484 530 535 868 1086 1095 1224 1237 1264 
115 512 782 851 871 952 1018 1184 1242 1401 1412 
356 408 434 446 490 775 960 1194 1216 1246 1254 1294 1315 1316 1380 1384 
4 24 120 162 414 482 484 710 758 796 1139 1165 1228 1335 
2 7 40 144 156 228 244 449 802 1210 1252 
294 430 431 571 820 827 1306 
131 133 160 204 337 740 891 969 1229 1250 1271 
37 50 72 237 276 398 476 500 640 706 710 762 994 1011 1038 1098 1192 1197 1382 
2 480 517 708 1071 1089 
10 115 121 156 353 375 583 615 803 817 839 877 879 903 1130 1233 1284 1321 
137 175 252 257 394 461 496 612 654 756 946 1037 1040 1295 1409 1415 
188 388 391 611 677 731 783 841 865 970 978 1148 1198 1224 
203 209 359 848 1023 1260 1309 
243 259 274 287 303 342 392 490 886 966 1161 1236 1300 1315 1323 
165 385 585 608 658 814 840 855 962 1248 
16 59 134 402 673 708 894 984 1040 1066 1122 1136 1290 1307 1360 
174 181 268 354 379 419 605 696 797 843 867 869 918 985 1138 1251 1275 1314 
40 80 196 250 353 436 476 478 602 1027 1054 1167 1297 
163 214 233 702 743 868 1036 1093 1217 1226 
163 236 739 849 870 879 1251 1305 1318 1348 1393 
1 59 207 643 1054 1135 1263 
302 352 555 767 782 838 987 993 
75 513 740 921 936 
221 246 358 531 603 678 937 987 994 1004 1027 1284 1304 1326 1348 
310 315 401 445 459 550 574 611 660 680 787 1063 1234 1240 1258 
223 226 261 318 466 584 703 958 997 1033 1090 1144 1272 1345 
48 53 417 491 521 592 688 785 1215 1322 1374 
16 208 471 530 595 601 713 895 956 1038 1071 1152 1325 1367 
148 190 242 275 370 759 881 905 1226 1407 
111 322 349 388 588 722 736 742 941 1249 
186 487 630 750 1031 1051 1067 1108 1169 1257 1405 
118 551 771 826 895 1139 1238 1359 
17 102 289 315 334 423 649 672 713 752 980 1059 1146 1308 
189 313 329 473 627 653 833 925 966 986 1246 
191 314 592 669 710 800 1166 1242 1333 
180 436 466 551 585 646 669 717 806 845 1120 1121 1194 
115 204 224 241 264 499 566 769 840 1086 
234 608 654 681 686 893 938 976 1040 1263 1300 
33 91 228 434 767 806 864 977 1299 1380 
40 246 292 399 425 554 561 587 893 932 941 1007 1082 1116 1214 1217 1390 
145 152 227 243 279 419 471 482 499 738 742 838 869 1119 1319 1357 
10 120 383 411 440 561 664 673 783 1023 1195 1213 1404 
4 55 172 544 786 901 
99 350 453 508 550 569 599 667 811 824 1026 1076 1142 1147 1298 1318 
125 632 755 827 929 1197 
334 368 393 650 729 954 1059 1113 1161 1233 
304 523 554 700 783 807 898 1055 
16 50 126 370 412 690 692 856 1195 1365 
97 169 460 542 727 914 988 997 1008 1269 1278 1332 
105 304 615 700 768 934 976 1045 1086 1234 
122 202 764 829 873 939 1005 1186 1287 1410 
122 140 257 266 307 416 484 549 801 909 938 1107 1226 1289 1306 1312 1405 
108 204 448 886 966 1002 1046 1252 
425 541 546 548 769 1224 1225 1249 
257 269 270 481 503 529 673 811 1112 
562 756 796 994 1380 1386 
128 164 205 213 506 607 711 800 816 865 879 933 988 1008 1115 1276 1354 
10 164 176 550 658 726 831 863 896 1029 1030 1065 1279 
10 71 97 199 228 242 880 980 981 1378 
101 140 221 228 375 568 709 903 1245 1366 
1 109 121 493 665 757 774 1097 1157 1179 1278 1347 
275 401 404 586 973 1061 1196 1218 1342 1391 
112 587 840 907 912 1031 1341 1413 
111 245 568 663 722 795 846 1135 1313 
15 81 91 146 304 317 395 535 546 1047 1415 
166 176 208 232 280 645 744 882 959 1346 
76 205 330 395 530 534 549 624 626 627 698 731 737 759 1232 
103 186 452 597 822 975 1201 1268 1280 1338 
92 335 490 752 1095 1220 1386 
65 292 308 318 463 464 645 729 730 1197 1254 
24 100 177 308 493 997 1002 
162 186 317 347 651 699 1049 1070 1278 1327 
82 267 271 395 491 601 641 714 822 
187 818 1019 1094 1123 1250 
609 632 650 780 786 793 1045 
85 150 427 469 521 621 638 833 900 1000 1030 1211 
93 175 184 325 459 520 631 685 734 1034 1101 1165 1240 
190 314 577 703 724 765 860 1000 1025 1072 1088 1191 1229 1410 
8 62 96 337 442 854 864 1101 1114 1129 1410 
95 289 561 631 655 771 817 834 902 975 977 1192 1267 1338 1363 1393 
139 222 674 839 1166 1362 1384 
314 336 388 595 897 922 1225 
34 42 69 215 244 326 440 592 622 852 1206 
278 352 424 581 595 746 747 825 865 922 982 1036 1118 1150 1153 
261 552 555 698 1135 1272 
64 133 353 490 862 897 1067 1131 1335 1336 1343 
163 338 532 551 573 986 1031 
6 20 36 74 313 377 513 785 805 813 1106 1137 
42 93 143 285 306 549 643 683 707 787 793 930 947 1230 1343 
14 83 84 167 273 294 426 451 690 832 834 845 1005 1093 1278 
1 149 289 318 365 450 664 739 1164 1381 
381 442 446 576 633 739 852 1007 1060 1290 1304 1402 
77 161 613 662 1296 1410 
80 410 423 504 725 1265 1297 1359 
253 572 727 912 1074 1100 1225 1289 1357 
89 139 481 639 948 1075 1080 1311 
180 186 320 443 580 669 716 762 918 977 1089 1234 1280 1294 1414 
283 461 639 645 660 778 781 878 1034 1363 1366 1402 
39 246 278 469 486 680 691 1049 1247 1396 
6 135 139 306 362 375 424 724 959 1196 1226 1245 1247 1282 
39 118 367 545 594 632 775 826 1326 1354 
16 48 197 207 435 656 746 750 820 1253 
13 132 231 299 413 610 795 808 942 1043 1095 1317 1403 
250 264 340 444 453 483 583 698 743 780 1212 1304 1353 
18 43 185 267 295 320 322 354 429 451 465 622 876 910 
25 315 324 480 546 632 748 902 1093 1168 1198 1222 1228 1291 1392 1403 
33 113 128 132 483 631 1006 1170 1198 1239 1370 
84 92 441 697 837 935 1016 1035 1202 1337 1384 1385 
14 165 213 360 535 568 597 772 799 954 979 1013 1371 
375 425 501 807 915 974 1020 1346 1412 
121 204 234 250 321 359 1081 1201 1286 1302 1307 1386 
37 195 883 979 1214 1239 
73 315 419 549 551 665 700 834 887 1237 1256 1266 1373 
97 337 359 538 590 614 632 819 902 948 1134 1243 1343 1370 1413 
162 390 425 532 943 995 1262 1267 1357 1371 1379 1384 
61 199 251 335 569 674 767 769 779 799 999 1098 1213 1257 1302 1327 1395 1410 
123 158 282 335 355 460 626 666 736 784 957 1003 1112 1153 1269 1334 
108 516 618 683 806 925 958 1167 1243 1304 1345 
222 262 263 294 305 529 562 607 654 864 868 1218 
11 73 219 226 231 386 462 656 710 992 1057 1084 1088 1203 
219 757 806 1372 1394 
3 24 190 211 238 437 543 571 648 735 939 1169 1182 
285 541 677 967 969 987 
4 37 42 171 185 425 440 478 526 662 901 1014 1192 1415 
171 221 255 596 830 937 954 1104 1408 
32 149 521 568 749 828 830 951 980 992 1052 1129 1179 1221 1350 
170 227 262 500 561 580 635 641 745 772 830 959 1068 1186 1197 1306 
39 222 428 522 783 942 1052 1144 1167 1205 1265 
125 285 488 609 688 842 904 1138 1186 1239 
36 104 147 262 356 685 716 732 874 990 995 1147 1189 
51 52 119 208 293 317 359 369 625 652 879 962 1256 1339 1343 
89 90 593 972 1115 1119 1132 1240 1394 
47 141 266 433 565 614 725 802 969 1112 1354 
16 98 230 231 305 420 437 500 581 
13 122 203 216 370 461 648 715 724 874 886 948 997 1292 1337 
23 24 223 318 367 432 686 713 789 1027 1195 1253 1264 
81 187 209 291 638 670 748 942 980 1016 1020 1114 1218 
159 206 212 229 268 380 388 457 516 778 925 1043 1101 1104 1236 1289 
156 157 175 231 483 527 557 834 862 906 1074 1077 1155 1192 1365 
75 189 284 524 549 735 1045 1093 1183 1271 1338 
426 475 502 545 557 643 1121 1125 1189 1296 
49 200 205 254 468 485 695 718 729 759 803 920 1134 1308 
28 43 109 171 453 628 914 982 1039 1106 1283 1292 1340 1403 
20 90 98 303 394 569 724 775 872 1124 1190 1201 1282 1288 
103 594 652 658 665 772 1047 1107 1154 1286 1305 
226 272 518 578 713 724 754 788 974 977 1013 1030 1191 1226 
266 289 380 422 438 458 760 1072 1244 1411 
68 129 188 537 766 859 895 960 961 1297 1356 
49 368 454 733 1138 1210 1230 
211 339 408 447 495 664 680 766 793 825 877 1193 1285 1402 
263 473 493 496 583 643 744 995 1006 1023 1259 1320 1395 
14 109 206 209 220 286 474 554 652 690 753 999 1011 1303 
137 156 347 370 469 475 483 616 686 720 775 899 948 988 1044 1210 1227 1303 1372 
63 100 104 129 204 316 492 555 608 611 707 728 910 913 1160 1178 1246 1271 1347 1405 
106 169 387 426 642 1070 1362 
44 180 221 227 288 523 534 536 564 670 839 855 969 989 1052 1273 
66 172 253 278 453 492 645 841 874 902 1099 1108 1132 1261 1406 
61 110 154 374 645 661 851 877 961 963 1291 
67 233 501 614 1102 
201 217 228 338 363 508 517 535 772 1287 
297 372 453 458 465 490 508 580 645 667 860 904 920 1312 1363 
222 267 300 330 387 442 560 563 685 709 715 892 1003 1126 1290 1296 1387 
144 401 785 822 978 1139 1251 
50 334 351 516 611 671 748 1309 1324 1370 1398 
134 261 521 925 977 1050 1214 1281 
29 383 738 865 914 966 1021 1068 1253 1295 1336 
91 148 248 476 537 708 808 940 1151 1157 1209 1283 
174 309 328 353 735 931 1200 
192 252 264 326 378 419 503 538 796 827 1176 1230 1251 1280 1319 
83 295 375 421 638 703 760 838 886 934 972 1251 1284 
45 167 439 513 649 718 935 985 988 1023 1093 
39 69 85 143 186 317 327 608 653 711 971 1013 1083 1192 1239 1262 1411 
89 99 174 295 430 506 759 817 856 966 970 1008 1095 1145 1166 
170 184 417 425 1015 1071 1084 1095 1243 1274 1296 1368 
53 134 222 245 252 302 538 561 588 623 694 724 727 736 740 778 
60 98 163 310 537 598 1009 1141 1265 1375 1396 
45 169 184 254 443 815 1083 1365 1366 1373 1378 
316 437 646 760 929 1141 1171 
154 182 326 619 634 709 738 868 925 960 1095 1134 1156 1168 1178 1349 1395 
170 473 510 584 607 634 657 684 690 698 841 1012 1013 1079 1127 1264 1287 1331 1344 
89 141 228 232 361 363 390 551 564 704 712 770 924 1107 1165 1229 
51 280 287 315 347 547 909 1044 1176 1255 1279 1298 
115 280 356 489 511 747 776 858 943 1246 1249 1286 
167 329 352 547 871 1046 1099 1104 1204 1210 1212 1245 1322 1358 
32 192 238 284 364 551 633 890 920 1188 1279 1302 
281 299 414 415 614 641 702 797 849 919 935 1013 1058 1071 1152 1268 
152 153 409 458 569 717 796 1268 1385 
184 276 372 555 886 889 932 998 1214 1340 1365 
56 92 157 188 459 714 908 987 1233 1269 1319 
113 151 160 194 207 303 497 508 580 670 777 1174 1274 
58 168 513 534 609 772 805 1047 1091 1225 1275 
69 249 345 451 463 634 712 721 794 828 882 916 1286 1362 1380 
1 239 274 292 321 325 349 581 944 1079 1235 
58 152 178 248 329 352 364 607 723 868 1064 
73 159 188 404 586 702 848 853 955 1193 
37 71 91 92 192 213 368 514 542 568 728 837 1041 1089 1311 
170 281 378 410 609 627 805 936 992 1081 1367 
166 261 363 570 638 663 791 990 
135 152 166 171 278 289 415 431 532 693 750 953 975 1242 1284 1377 
98 213 531 699 921 978 1063 1145 1222 
51 191 252 380 401 462 525 529 699 888 1211 1347 
12 70 143 284 368 500 531 563 721 915 1033 1041 1072 1135 1249 1344 
247 282 320 427 563 652 768 819 844 855 891 965 1072 1234 1293 1346 1373 
52 493 549 567 775 810 923 1057 
40 597 665 714 730 1186 1306 1325 
8 154 217 382 460 615 723 1099 1193 1250 
225 291 350 493 576 604 797 1197 1223 1384 1400 
385 726 839 853 1077 1105 1113 
69 294 377 436 456 578 611 704 756 972 1022 1027 1042 1091 1295 
61 91 339 345 933 970 994 1172 1199 1284 1286 1339 1372 1379 
27 46 73 296 423 427 437 545 649 1040 1054 1155 
37 115 273 377 392 464 583 622 674 680 861 911 938 1096 1257 1297 
96 207 294 308 327 415 554 772 806 858 1008 1159 1313 
56 72 131 267 333 473 477 540 583 585 651 871 1054 1277 
235 306 543 812 838 874 898 1065 1332 
199 226 310 450 574 883 1135 1301 1397 
224 348 508 774 776 792 1008 1009 1049 1213 1250 1358 
50 136 143 251 273 313 364 405 468 739 1154 1349 
148 250 530 613 615 717 812 887 1091 1313 1384 1405 
43 201 207 233 300 891 979 1009 1090 1091 1092 1117 1148 1159 1262 1313 1346 1411 
127 189 352 363 478 494 651 790 860 866 913 1026 1039 1086 1134 1180 1243 1252 
174 209 423 448 548 650 693 1132 1349 
157 360 383 389 390 410 571 850 909 1053 1152 1297 1372 
364 501 747 797 813 882 1081 1300 1331 1360 
43 84 87 315 449 491 640 670 812 1393 
441 475 634 740 781 810 836 874 891 923 1068 1406 
46 295 301 639 714 796 815 863 885 920 970 1157 1185 1291 
275 472 612 664 698 706 975 1057 1098 
58 117 197 230 295 446 476 502 664 713 949 1060 1127 1129 1206 1318 
16 151 159 162 373 441 453 506 592 658 719 1097 1100 1151 1350 
5 151 183 296 325 534 549 661 747 786 820 831 1098 1099 1119 1195 1352 
69 136 201 318 513 525 530 629 793 857 880 981 1314 1394 
268 659 677 1068 1076 1085 1155 1351 1362 1371 1381 
84 165 179 338 646 915 1173 1239 1301 
105 137 194 246 309 451 515 555 576 655 908 1171 1296 
49 170 265 311 397 447 508 628 638 710 1125 1184 1230 1341 1397 
87 317 394 437 637 734 988 1163 
87 303 637 654 746 825 835 869 1086 1147 1167 1290 1378 
1 105 334 389 566 592 635 853 861 1248 1362 
178 381 944 1162 1313 1380 
122 244 250 392 720 845 884 898 1075 1114 1236 1276 1336 
46 225 287 336 572 579 692 875 959 1200 1332 
21 61 94 260 292 502 581 594 711 772 815 828 914 922 
40 220 419 720 830 833 1017 1114 1170 1234 1404 
317 430 959 1063 1120 1190 1285 
116 131 189 231 533 581 660 685 687 797 814 893 963 1085 1114 1185 1214 1326 
73 313 411 427 463 477 750 802 1144 1201 1231 1246 
98 214 215 369 475 482 592 931 949 950 1055 1146 1159 1192 1324 1373 
218 229 330 785 805 827 841 865 945 1134 1161 1165 1349 1399 
149 235 346 548 601 644 720 743 997 1060 1076 1161 1215 1297 1322 1370 
130 737 792 935 958 1110 1129 
172 217 234 329 644 671 931 975 986 1142 1171 1216 1247 1264 1341 1380 
19 121 155 161 615 711 737 998 1149 1386 
184 294 555 746 1042 
46 214 274 418 456 475 523 976 1001 1039 
13 188 508 680 691 870 927 983 1011 1345 1356 1409 
65 112 123 179 231 443 579 824 833 1068 1104 1205 1259 
420 523 543 751 947 981 1003 1078 1342 
169 239 449 472 695 1216 1353 
28 72 102 225 275 724 854 927 
17 163 304 535 627 889 970 1052 1126 1272 1409 
38 122 151 241 245 286 383 709 782 823 891 906 987 1012 
137 202 205 259 261 424 518 663 665 737 757 862 872 897 947 993 1043 
243 263 358 605 730 936 1045 1177 
193 348 410 457 707 712 922 930 
9 367 424 425 675 894 908 933 969 1092 1094 1188 1235 1254 1279 1368 
135 218 399 511 598 848 884 1025 1062 1087 1152 1246 1358 
194 252 405 572 785 831 1210 1290 
259 414 557 582 584 636 650 787 1054 1187 1236 
54 207 422 430 525 662 815 829 904 919 1101 
46 176 222 270 334 451 504 672 717 783 906 922 953 1136 1160 1200 1303 1316 1360 
79 82 97 293 425 818 831 872 932 
151 166 454 493 662 911 987 1033 1316 
27 121 132 247 374 438 603 762 765 940 1167 
84 360 444 957 1210 
102 103 245 328 545 745 917 933 1000 1007 1044 
200 267 383 437 508 1070 1242 1374 1393 
57 208 248 520 534 675 775 822 948 1016 1069 1238 
268 449 491 581 624 645 838 877 935 948 1070 1082 1100 1114 1149 1402 
470 991 1013 1039 1060 1370 
66 120 250 279 463 631 796 856 968 1046 1057 1118 1326 1354 
67 110 114 430 616 662 733 821 971 1030 1033 
57 65 138 145 214 257 628 681 1146 1176 1373 
186 210 356 379 404 423 790 1148 1351 
97 104 163 204 269 277 551 617 715 745 759 773 814 854 873 899 1160 1358 1363 
58 102 123 168 264 545 705 716 734 755 827 1027 1331 
383 753 758 940 1114 1214 1219 1412 
129 137 235 379 454 798 993 1059 1315 1357 1378 
143 225 412 491 640 808 926 999 
62 137 453 535 730 761 972 1182 1236 1264 1280 1310 1375 
486 665 741 1116 
31 138 564 604 634 648 693 731 759 885 914 933 979 1275 
109 225 263 339 345 451 613 642 713 783 931 951 1012 1020 1040 1085 1254 1272 
8 15 115 201 211 335 637 726 740 879 930 1002 1052 1115 1127 1250 1280 1327 
204 245 752 1115 1204 
200 308 806 1179 
66 216 226 284 777 793 1031 1120 
99 194 281 586 791 826 830 973 1148 1163 1191 1351 
876 911 1175 1334 
352 403 540 547 731 752 869 932 1255 1267 
17 246 491 854 1001 1031 1202 1228 1363 
65 78 196 271 303 418 696 792 874 1046 1331 
101 148 149 326 427 544 652 749 798 1059 1298 1299 1332 1403 1411 
114 274 373 429 499 648 694 870 1013 1113 1298 
39 111 146 491 511 651 687 719 987 1014 1024 1249 
9 33 119 192 266 614 717 872 875 1203 1216 1237 1270 
182 242 325 427 714 749 823 956 1096 1271 
136 355 411 508 688 731 815 827 856 878 1132 1154 1262 
428 465 641 825 910 965 1166 1180 1319 
46 719 853 903 1069 1116 1174 1294 1356 
30 573 645 747 945 975 995 1216 1246 1379 
519 539 575 656 918 1385 
224 242 325 421 471 545 577 618 693 1007 1062 1092 1094 1301 1360 
282 685 730 888 960 965 1313 
104 185 214 834 875 1006 1025 
249 297 359 795 857 988 1098 1255 1291 1365 1413 
62 225 357 607 675 750 837 911 1126 1148 1188 1248 1260 1275 
76 239 442 755 1012 1177 1317 1388 
196 644 679 847 885 955 1293 
54 116 216 226 253 332 427 505 621 845 1062 1386 
42 50 118 200 374 393 449 470 529 707 814 974 1020 1042 1049 1100 1214 1397 
49 137 371 374 946 1140 1157 1317 
149 340 535 570 632 748 1180 1249 1408 1410 
35 162 215 316 674 
349 901 1063 1154 1248 1280 1284 1313 1324 1335 1389 
32 56 296 417 450 765 771 976 1190 1197 1205 1248 1284 1295 1358 
45 143 146 163 348 655 804 866 950 1133 1232 1360 
141 255 307 389 432 682 694 713 944 1021 1041 1065 1230 1252 1267 1317 1371 
213 531 567 743 769 907 931 940 1012 1082 1319 
132 377 411 430 628 932 955 1110 1143 1304 
192 213 230 253 508 617 877 908 996 1029 1046 1229 1349 
217 226 250 256 391 648 671 769 879 1007 1185 1279 1306 
1 5 123 398 752 857 951 1116 1182 1408 
628 921 1364 
29 133 168 298 405 419 510 555 588 614 647 666 699 740 776 848 849 970 985 1213 
78 181 228 234 411 501 591 785 811 899 1155 1185 
22 163 280 381 572 678 777 810 866 1019 1077 1352 
61 80 167 185 530 736 859 879 981 1057 1093 1153 1176 1211 
354 397 477 527 963 1289 1305 
7 193 220 419 520 524 562 610 721 764 924 1008 1128 1206 1335 1345 1371 
262 336 377 432 591 1198 1290 
190 306 353 354 417 572 765 1090 1136 1188 
42 92 132 142 202 707 712 924 1028 1072 1279 1382 
460 656 661 766 791 1060 1140 1215 1350 1359 
120 241 244 362 373 388 399 409 531 667 853 950 1057 
201 229 596 808 868 962 1007 1048 1214 1222 1371 1385 1402 
49 316 320 722 798 826 932 968 1033 
170 179 233 551 611 664 684 698 921 1017 1260 1341 1382 
14 124 272 369 839 1024 1061 1222 
16 21 238 747 927 1052 1298 1342 1364 
74 198 255 294 309 319 565 745 1387 
394 417 752 784 852 941 951 1003 1034 1404 
47 240 453 557 621 625 683 754 791 1002 1061 1079 1312 1379 
152 449 725 747 870 879 1052 1125 1157 1183 1254 1274 
187 194 420 606 843 861 911 967 1045 1098 1191 1332 
44 62 114 170 377 615 780 997 1144 1341 1343 
255 271 360 461 645 654 669 784 1045 1047 1336 1395 
19 147 213 255 595 636 648 718 784 962 1100 1159 
1 44 364 587 636 714 1039 1070 
46 244 273 939 1092 1120 1279 1356 1373 
13 78 353 487 591 625 849 923 1322 
43 176 269 384 475 677 903 1277 1331 1396 
97 99 105 665 683 836 1152 
22 412 501 569 618 671 699 978 1038 1317 
268 371 441 458 493 690 729 743 791 852 1014 1105 1182 
40 365 710 792 805 971 1147 1157 
72 299 377 406 420 523 524 602 693 694 777 798 802 862 953 1162 1195 1211 1245 
13 405 457 653 963 1082 
57 94 195 233 588 602 1169 1302 
48 575 692 1051 1247 1283 1291 
332 514 541 744 938 966 1359 1396 
94 227 316 439 628 682 722 733 778 816 
250 300 367 400 461 785 890 
399 596 610 863 899 1034 1111 1217 1359 
18 455 777 1238 1291 1350 
35 182 656 925 1168 1187 1205 
219 377 635 643 806 961 1046 1135 
13 22 126 229 255 297 414 434 446 570 652 704 816 856 1004 1040 1098 1226 1266 1296 
26 74 279 340 362 368 557 712 839 869 893 969 1305 
80 321 396 435 436 504 514 721 843 868 995 1018 1023 1131 1258 1350 1362 
135 498 592 616 636 642 784 863 977 1042 1077 1079 1402 
36 218 301 410 734 781 810 898 973 1051 1355 1400 
218 231 245 563 607 1136 1216 1228 1321 1331 
84 762 932 978 1086 
59 206 358 374 384 442 568 917 
4 287 334 613 824 1057 1108 1206 1226 1236 1345 
49 73 145 201 276 367 372 563 708 851 970 1065 1252 1255 1304 
166 290 387 399 441 618 717 903 949 1127 1157 1171 1325 
7 202 345 459 622 664 778 854 1196 1332 1384 
179 302 480 636 792 933 994 1125 1279 
65 126 243 254 316 458 738 800 903 973 1174 
116 132 295 298 762 803 824 905 1239 1414 
72 86 142 147 156 206 298 304 618 771 780 1022 1128 1135 1310 
122 173 187 523 553 755 906 1064 1185 1375 
108 235 243 279 335 339 352 471 543 730 1048 
160 341 545 799 800 1125 1132 1268 1310 1322 
137 336 443 560 636 681 842 904 1037 1215 1282 1323 1326 
12 38 205 277 302 314 362 596 656 971 1110 1303 1314 1315 
16 38 231 746 955 1001 1157 1218 1393 1413 
168 360 373 562 778 992 1063 1119 1373 
165 486 493 799 804 907 945 1085 1096 1218 1248 1254 
35 71 410 460 473 476 535 601 1049 1186 1252 1402 
134 412 698 765 822 840 924 1057 1221 1411 
21 29 50 68 241 412 661 834 906 
154 166 210 243 269 309 524 608 609 665 782 952 954 977 1044 1058 1112 1277 1367 1370 1378 
179 306 547 615 786 1065 1111 
203 404 529 560 945 1042 1364 1399 1404 
74 115 156 462 595 924 1020 1119 1163 1235 1379 
140 258 262 397 420 593 788 1014 1049 1141 1216 1344 
5 14 111 124 194 350 417 669 712 801 910 1031 1067 1076 1200 1310 
129 209 289 429 481 618 720 834 911 967 970 972 1142 1396 
136 307 449 466 511 565 722 767 944 1207 1282 1339 
57 462 813 931 1279 1373 
35 124 261 410 511 619 774 836 852 857 925 1117 1135 1261 
9 182 268 669 752 791 912 966 1183 1321 1374 
8 85 254 487 561 704 926 1066 1113 1169 1189 1379 1388 
37 257 291 311 353 386 444 518 625 663 668 693 724 1303 1355 1357 1388 
123 248 358 452 803 886 975 978 1056 1156 1220 1401 
122 137 224 267 303 325 600 660 696 837 1301 1355 
100 450 511 639 757 843 845 952 987 1410 
76 136 175 189 193 262 322 385 456 460 546 613 766 985 1092 
14 181 305 320 489 788 964 975 1109 1225 
407 711 895 1030 1107 1310 1390 1402 
241 287 453 540 577 1012 1164 1193 1280 1339 
170 297 400 629 701 808 1151 1191 1207 1376 
179 193 219 397 423 560 589 621 706 971 1096 
30 57 109 221 421 949 993 1313 
81 149 238 376 434 453 525 766 833 1003 1026 1058 1075 1081 1202 1283 
43 130 167 389 405 657 708 711 864 872 880 1148 1316 
152 233 440 445 493 502 611 1032 1299 1310 
102 224 279 313 614 632 790 963 1126 1137 1197 1320 1386 
102 244 537 600 819 834 1109 1113 1264 1339 1341 
137 193 341 484 623 805 813 1146 1179 1264 
58 68 444 532 651 683 695 767 818 857 1026 1087 1276 1329 
832 841 875 980 1006 1034 1171 1316 
21 174 250 819 949 987 1215 1221 1248 
108 131 185 471 522 624 634 824 878 883 896 1073 1142 1158 1277 1278 1316 1317 
6 312 353 628 825 837 1266 1277 1291 
30 31 60 73 345 427 469 513 529 550 756 
260 291 574 724 855 937 1169 1177 1213 1344 
10 66 183 212 246 434 487 488 566 869 915 937 1297 
184 608 624 652 688 892 1057 1105 1181 1268 1272 
32 173 185 258 280 287 394 487 493 691 731 749 997 1277 1303 1314 
15 40 50 199 261 434 542 634 806 874 1027 
246 279 371 626 820 1065 1161 1393 
50 156 253 838 850 856 1141 1247 1260 1376 1404 
14 837 941 1047 1195 1228 1356 
41 138 422 494 529 666 840 866 877 983 989 998 1020 1348 
87 128 443 684 708 754 774 1019 1032 1081 1180 1325 1385 
36 73 280 581 817 876 952 
136 139 171 185 489 639 711 907 1015 1088 1099 1208 
33 36 84 465 590 842 863 903 997 1190 1220 1237 1289 1371 
30 174 553 722 921 1102 1222 
131 323 433 543 764 781 1007 1295 1405 
22 63 393 448 473 475 587 638 946 1096 1106 1334 
161 473 771 819 1034 1058 1314 1413 
5 215 454 483 537 554 634 684 689 803 844 1146 1357 
35 46 101 118 193 498 590 642 672 791 909 971 1077 1081 1297 1313 1327 1377 
59 105 257 311 321 333 337 919 1191 1358 1382 
186 189 508 650 671 674 703 761 1255 1282 1351 
93 103 183 236 239 305 397 433 462 475 558 639 653 824 935 961 1029 1037 1159 1194 1317 
253 480 700 869 925 1143 1198 1224 1367 
182 592 1095 1118 1275 1316 
43 183 512 626 649 871 1014 1331 
12 222 619 750 763 1024 1048 1050 1285 
413 490 524 802 818 865 969 1061 1281 
69 73 336 549 627 638 873 930 980 989 990 1051 1247 
40 159 166 234 610 712 732 1056 1194 1313 1379 1408 
142 191 256 368 396 641 668 943 1009 1017 1055 
5 173 261 275 462 545 721 858 885 897 924 1058 1150 1156 
87 201 539 584 769 986 1058 1080 1095 
27 126 303 412 759 786 788 924 946 959 1001 1111 1143 1184 1362 
352 523 738 853 859 1012 1023 1145 1152 1170 1345 
89 205 262 620 777 779 832 1042 1198 1257 1357 1364 1382 
642 721 1041 1070 
76 192 193 222 249 268 288 309 340 363 492 683 972 1047 1160 1251 
534 718 732 1212 1355 
212 367 657 847 864 926 1085 1238 1398 
215 299 337 444 446 452 558 861 952 962 1395 
34 496 517 712 763 790 808 837 998 1043 1074 1279 
22 55 120 203 223 264 471 621 646 728 827 876 1096 1204 1396 
228 403 412 733 840 932 1205 1219 1230 1280 1346 
31 267 558 700 956 965 1210 1264 1325 
7 150 170 196 532 622 625 810 813 1368 1383 
41 192 512 580 665 752 800 845 918 1041 
178 295 449 787 935 963 1101 1206 
344 555 850 859 1059 1262 1264 1294 1328 1397 
2 10 109 310 372 602 823 862 918 931 
59 108 158 197 633 684 703 742 919 1041 1336 
160 469 618 665 904 922 946 992 1163 
79 188 287 290 399 426 505 708 736 828 832 1319 1352 
172 372 399 437 498 536 608 628 749 797 976 1218 1303 
233 264 302 460 655 802 835 1002 
156 940 983 1040 1054 1230 1273 1349 
171 371 601 729 870 939 958 965 1075 1143 1156 1268 
644 961 1003 1004 1144 1162 
87 151 233 353 439 471 480 740 788 796 1078 
33 60 99 251 264 370 599 690 693 885 1234 1328 1415 
56 232 234 361 377 636 713 758 785 799 924 928 1053 1080 1171 1312 
22 119 147 231 466 516 1028 1082 1395 
9 278 1172 1311 1325 
99 188 223 263 310 509 657 883 1120 1152 1218 1263 1304 1348 
33 97 141 192 293 322 355 434 664 680 834 1136 1239 1303 1345 
188 524 541 627 970 1006 1038 1043 1139 1307 
180 199 208 464 489 789 864 902 1164 1178 1407 
20 146 201 207 659 794 830 1338 
344 503 599 680 744 839 868 899 1082 1210 1214 1359 
246 332 456 701 782 796 808 829 903 1011 1028 1286 1403 1412 
86 155 403 536 555 642 795 839 939 1062 1299 1359 
81 228 476 633 712 1027 1214 1256 1363 
154 247 290 427 486 583 1034 1178 1205 1278 1414 
2 75 335 550 560 575 1033 1303 
5 133 173 243 308 318 345 428 502 569 642 692 728 824 1126 1386 
86 97 138 453 592 705 1028 
214 216 332 438 604 649 735 760 894 904 969 1317 1361 1382 
86 254 282 557 584 590 800 861 918 938 1085 1195 
84 99 121 145 172 236 263 499 591 681 874 903 997 1123 1304 1323 1344 1400 
57 76 90 471 544 581 610 1042 1112 1171 
64 68 119 145 213 217 317 380 751 769 920 1155 1273 1386 
117 1002 1272 1284 
426 485 588 627 660 799 993 1141 1291 
72 79 184 245 489 652 693 776 786 1156 1235 1404 
32 54 117 186 220 267 286 367 519 541 574 885 897 1047 1075 1392 
1080 
171 173 301 385 411 548 696 1028 1106 1153 
493 511 515 594 871 1168 1170 1353 
9 570 644 1157 1219 
194 429 439 458 544 
17 72 74 112 159 207 448 664 846 848 996 1002 1100 1361 
88 151 372 432 829 833 933 1009 1066 1100 1111 1123 
194 234 235 415 419 694 781 1099 1100 1102 1133 1153 1228 1360 
5 188 213 324 665 666 678 1021 1053 1057 1138 
6 165 383 444 812 853 875 1023 1140 1169 1220 1222 1293 1396 
21 69 271 473 613 873 1100 1225 1254 1316 
236 361 664 764 929 1000 1041 1133 1361 
23 92 96 141 158 228 417 634 768 925 1078 1129 1232 
76 148 176 219 396 545 598 697 793 1172 1319 1407 
25 29 230 355 410 559 638 
38 154 255 764 894 951 958 1249 1267 1343 1359 
127 274 300 369 374 608 713 910 919 981 1006 1071 1198 1321 
119 343 830 948 969 988 1013 1014 1053 1302 1379 
12 57 248 472 555 882 956 1017 1094 1120 1208 1225 1335 1359 
20 344 402 544 593 719 740 764 781 843 864 1020 1183 1315 1346 1352 1383 1400 
124 239 267 703 804 805 905 1246 1296 
110 345 456 726 1040 1042 1144 1244 
178 241 592 666 717 771 805 972 985 1031 1149 
14 274 289 617 660 722 864 1191 
129 159 193 222 517 728 745 1157 1296 
116 166 225 275 278 311 482 550 678 750 944 993 1032 1045 
5 7 11 301 1288 1404 
42 136 183 244 246 543 617 659 858 998 1128 1202 1244 
58 212 301 503 548 734 792 804 915 920 1270 1374 1383 
47 68 246 825 910 999 1046 1135 1174 1259 
94 227 330 589 1177 1328 1340 1359 
6 32 72 95 391 487 617 632 904 1261 1362 
62 207 367 401 553 623 699 784 818 931 933 945 1122 1148 
32 458 586 639 813 875 1001 1040 1215 
18 146 484 490 548 665 1195 1413 
3 10 368 373 393 549 658 745 806 809 825 879 1160 1184 1234 1241 
59 67 115 262 271 280 413 495 546 578 618 768 857 868 1091 1295 1312 1379 
164 441 575 622 789 936 993 1144 1297 1309 1381 
6 133 177 275 558 664 669 762 927 1074 
11 23 60 114 116 390 440 708 734 910 1045 1335 
157 378 406 430 630 689 760 810 873 1062 1157 1222 
10 100 141 237 718 871 885 1159 1382 1397 
17 208 299 569 647 742 944 970 1217 1259 1294 
18 76 530 539 751 1063 1177 1249 1403 
451 464 806 868 873 904 967 1323 1399 
60 105 282 434 527 639 775 805 806 1025 1092 1111 1297 
50 399 401 520 1000 1039 1365 
56 306 846 856 1152 1176 1251 1340 1350 1356 
239 324 547 757 789 1142 1189 1393 
49 296 632 693 761 799 993 1051 1139 
387 909 1032 1176 1326 1356 1402 1411 
15 89 151 212 226 349 415 625 960 1028 1160 1260 1305 1313 
47 70 186 204 437 474 524 572 635 668 703 920 931 951 1217 1344 1372 
107 161 223 229 437 719 895 1008 1056 1059 1069 1237 1281 
12 135 372 406 500 550 841 927 
27 44 57 186 196 241 380 462 634 675 1000 1030 1147 1193 
2 22 43 260 819 849 872 884 916 955 1004 1015 1195 1326 1353 
125 251 325 418 453 566 664 712 752 898 
13 146 165 191 218 338 367 463 686 1003 1041 1275 
42 82 238 251 285 388 438 836 901 914 1139 1238 1398 
21 185 314 413 651 656 713 733 871 917 970 1009 1108 
317 363 579 583 587 654 777 1046 1136 1155 1319 
150 345 396 420 425 443 522 592 931 1030 1210 
211 446 497 988 1068 1081 1188 1279 1308 1323 1411 
23 506 627 778 814 1149 1310 1318 
108 352 385 458 513 743 770 806 858 1003 1098 1200 
28 115 137 244 421 516 593 905 1235 1330 1372 
207 465 588 722 725 744 906 1001 1064 1184 1198 
99 311 469 474 655 745 924 971 989 1042 1065 1077 1099 1375 
163 385 393 449 516 607 656 831 999 1029 1214 1251 1257 
99 149 477 496 635 836 918 1196 1198 1238 
66 99 229 293 499 536 553 620 628 678 934 1051 1129 1282 1401 
175 268 315 362 366 404 470 524 627 737 989 1023 1114 1121 1134 1243 1282 1312 
264 457 744 1016 1227 1319 1383 
17 63 596 1014 1087 1118 1126 1150 1258 
109 112 139 313 734 748 805 939 1173 1300 1308 
77 107 133 138 146 355 463 587 605 714 785 1075 1277 1334 
124 217 521 542 745 895 906 922 944 1225 1229 1319 
211 212 224 258 324 469 476 489 568 611 846 1021 1259 
17 159 271 409 608 626 787 912 929 1009 1249 1331 
301 390 391 413 422 429 531 669 674 714 911 1190 1256 1357 1375 
269 270 326 898 1238 1279 1281 
108 169 202 230 268 487 499 570 706 770 917 1070 1114 1224 1291 1368 
128 130 259 452 483 493 589 601 717 738 759 779 989 1092 1298 
23 40 257 321 679 725 865 1039 1067 1142 
105 159 218 341 501 734 838 867 1017 1329 1378 
187 325 413 490 507 541 545 716 745 815 853 909 1113 1138 1367 
53 121 173 183 409 656 760 809 874 980 1094 1221 1332 1397 
282 284 351 528 559 701 780 896 1069 1211 1269 
22 98 102 130 189 190 193 311 343 389 726 761 834 839 938 1012 1030 1071 1114 
68 210 266 513 692 811 1030 1102 1150 
367 598 726 867 1033 1113 1158 1287 1304 1408 
154 167 324 336 364 390 764 825 851 984 1092 1135 1140 1251 
65 203 243 496 547 801 1012 1191 1209 1249 1412 
78 107 254 301 492 687 886 898 1086 1181 1187 
104 246 253 337 466 616 752 827 852 875 1023 1134 1162 1233 
163 177 184 235 335 410 474 554 830 1042 1157 1267 1284 
66 204 400 493 680 749 812 849 950 1006 1025 1120 1384 
43 70 151 270 389 617 707 829 857 1340 1411 
28 112 267 359 525 624 670 713 719 1027 1166 1243 1316 1376 1387 1399 
12 134 152 344 376 408 430 616 625 643 709 897 924 1019 1047 1171 1305 
212 461 510 534 886 982 1128 1177 1241 1280 1342 
47 90 177 262 591 673 1034 1129 1211 1386 
265 538 583 728 778 918 1037 1048 1085 1174 1277 1289 
13 57 130 278 451 553 579 728 730 1018 1019 1109 1124 1276 1309 1317 
15 190 263 376 436 713 770 1026 1068 1117 1181 
125 156 302 305 314 665 763 828 1167 1212 
96 230 295 449 768 914 918 1150 1207 1290 1307 
20 74 123 182 260 261 380 421 535 561 567 594 613 888 911 969 1272 1386 
93 145 177 237 295 323 395 437 517 522 564 590 662 759 792 873 1253 1356 
149 367 480 564 578 740 752 897 993 1076 1085 1104 1335 
76 193 377 683 887 1076 1166 1284 1307 
449 501 608 742 1062 
67 68 129 389 442 447 594 636 674 
169 188 222 257 655 678 817 1099 1187 1315 
196 284 364 396 492 889 958 1131 1150 1399 
65 303 490 806 1118 1127 1150 1158 1166 
48 74 87 658 916 952 1005 1011 1226 1277 1283 
113 148 244 356 492 636 669 701 1010 1060 1166 1275 1290 
298 310 349 611 873 1046 1076 
957 1065 1074 1295 1374 
44 155 265 394 691 874 925 957 962 1064 1311 1331 1398 1399 
56 369 564 581 627 670 900 978 987 1143 1168 1253 1366 
351 640 856 1203 1368 1370 1405 
57 131 182 244 288 535 539 653 839 1135 1224 
70 315 429 549 792 821 893 963 
360 404 748 818 1011 1227 1350 
121 150 385 395 466 508 667 902 1205 1307 1332 
7 212 380 481 489 521 902 1242 1256 1356 1409 
109 162 194 278 346 942 1002 1062 1069 1089 1106 1291 1307 1334 1382 
70 168 185 614 1167 1175 1292 1307 1344 1358 
278 337 650 775 840 863 937 952 
59 161 340 474 727 798 878 955 1009 1039 1080 1112 1121 1158 1294 
489 596 743 864 891 1356 1413 
80 122 184 212 397 530 790 819 858 982 1111 1194 
131 288 475 677 728 1000 1041 1112 1142 1233 
3 80 274 402 545 646 719 723 754 818 850 1011 1017 1191 
11 231 254 324 345 399 449 530 554 605 775 827 1130 1359 1398 
207 336 360 399 563 923 1371 
23 174 291 466 810 816 1288 1359 1366 
49 334 451 557 780 864 910 953 974 1003 1179 1243 1322 
140 569 816 827 848 894 958 1172 1189 1279 1374 
99 117 136 212 260 380 435 703 858 1041 1063 1120 1144 1239 1311 
104 232 233 367 396 588 707 813 823 1099 1142 1166 1222 1388 
79 82 145 494 515 997 1069 1258 1278 1339 
457 540 644 674 842 861 951 1035 1287 1393 
11 51 218 227 789 853 869 924 1125 1181 1207 1312 
58 110 202 492 521 576 608 698 706 781 897 951 1270 1290 1294 1306 
213 241 410 448 773 950 988 1093 1150 1400 1403 
318 546 706 994 1146 1180 1280 1395 
40 260 458 638 703 705 975 986 1048 1050 1229 1239 
121 186 297 353 375 654 699 740 746 781 910 927 
41 48 199 419 461 481 523 595 793 811 937 982 1150 1256 1268 1354 
1 30 92 194 211 294 656 977 1027 1057 1078 1373 
36 40 67 152 268 398 737 916 966 1245 1413 
89 204 275 285 455 461 483 856 976 998 1111 1127 
12 32 213 224 297 375 411 442 500 512 542 613 893 894 1096 1120 1407 
60 65 168 178 261 325 360 531 572 616 655 661 820 896 
105 221 237 259 339 391 632 636 722 808 890 1252 
29 167 194 317 791 893 975 985 1005 1121 1181 
129 162 318 642 922 953 1075 1150 1190 1264 
15 68 219 251 303 338 420 578 639 1036 1331 1363 1394 1396 
174 203 390 509 597 930 1038 1080 1124 
262 337 342 575 609 655 692 751 759 970 1005 1068 1162 1179 1372 1389 
185 273 276 282 443 735 820 871 1349 
224 234 372 412 502 507 802 1058 1316 
62 96 379 404 444 485 579 623 714 846 911 932 949 1063 1145 1188 1250 1337 
226 238 692 744 967 1004 1080 1128 
110 132 167 176 178 207 292 449 472 926 
126 165 386 623 640 743 1073 1107 
9 90 240 326 577 645 647 937 1038 1316 1322 1329 1359 
81 127 207 688 902 908 1094 1246 1306 
186 228 513 545 580 659 660 691 737 752 761 775 789 811 896 924 1381 
30 78 102 174 397 527 777 815 907 953 959 1070 1324 1338 
102 237 296 322 346 427 660 768 777 870 951 984 1034 1106 1203 1373 
44 99 324 332 340 475 769 833 895 1030 1103 1345 1383 
162 500 509 773 829 1005 1055 1177 1311 
181 314 404 514 616 768 828 890 988 1008 1017 1068 1111 1140 1325 1378 1404 
109 269 318 414 584 595 631 641 1178 1332 
154 172 200 547 720 1115 1209 1356 
62 149 207 370 523 897 941 951 1001 1116 1145 
99 283 285 295 628 710 728 779 820 874 944 1013 1069 1118 1343 1356 1379 
73 198 211 423 505 639 757 1001 1360 
52 123 124 250 1047 1184 1192 1230 
39 55 207 258 326 367 529 575 666 707 984 1094 1156 1204 1226 1326 
323 937 940 1170 1177 1233 1348 1401 
22 62 73 521 598 668 781 880 982 1014 1026 1347 1391 
51 136 282 361 397 621 689 725 895 1192 1239 1371 1389 
98 183 403 539 623 629 723 961 1039 1389 
159 308 317 383 580 591 624 633 642 789 796 1045 1123 1139 1201 1401 
22 116 134 270 286 431 707 876 
116 215 256 263 343 382 386 939 1153 1216 1267 1338 
138 169 196 355 631 682 768 903 908 964 985 1040 
158 335 339 475 524 653 857 878 920 1120 1173 1379 
7 63 134 231 279 349 497 581 788 789 899 992 1039 1169 1250 
290 551 599 719 969 1044 1088 1195 1407 
65 101 327 332 365 384 447 517 613 651 666 728 780 844 906 1044 1086 1126 1136 1396 
184 319 783 1041 
178 385 481 692 991 1059 1122 1348 1385 
77 318 350 426 792 828 959 1185 
43 88 241 471 778 981 1022 1051 1075 1079 1157 1214 1329 1338 
93 153 295 452 604 738 778 841 1192 1249 1285 1371 1402 
36 319 531 760 814 928 1085 1409 
61 99 174 205 317 324 504 639 665 719 925 1197 1337 
179 202 210 547 596 643 758 785 1176 1302 1381 
322 492 605 645 728 917 923 966 1180 1238 1401 
40 129 306 416 424 594 960 970 1164 1208 1308 1400 
497 512 662 818 880 909 948 1294 
83 372 486 567 571 575 648 815 944 1078 1368 
21 110 306 358 374 435 769 838 916 1095 1193 1200 1343 
10 180 182 376 453 460 826 1052 1056 1250 1253 1349 
25 54 71 148 444 466 780 1084 1188 
82 235 568 592 663 730 733 748 815 1222 1270 1359 1386 
69 86 148 361 364 503 551 731 765 781 861 1092 1232 1363 1367 
213 621 638 661 853 886 909 1019 1124 
64 112 358 425 488 578 883 998 1088 1212 1387 
28 141 159 177 192 223 245 275 938 1087 1110 1353 
317 704 732 776 830 879 924 942 961 1077 1401 
93 249 446 481 917 1034 1042 1280 1348 
35 133 176 185 236 310 601 687 693 728 1041 1308 1344 1378 
215 249 367 554 773 858 922 1162 1210 1281 1294 
32 222 329 369 399 407 506 617 729 730 805 1071 1256 1329 1347 
130 170 207 404 421 432 620 659 756 757 971 1037 1141 
22 148 506 639 737 808 1026 1163 1228 
107 136 388 425 644 696 752 767 814 819 926 951 1102 1228 1242 1254 1411 
130 258 414 486 563 575 703 707 742 769 922 953 1024 1037 1072 1143 
34 54 294 437 540 818 879 904 909 930 946 1029 1112 1142 1152 1216 
17 44 74 79 160 303 325 753 953 1005 1085 1101 1140 1366 1389 
149 384 389 390 413 588 812 840 873 1193 1229 1385 
59 120 195 281 300 368 405 531 632 760 1099 1189 1378 
75 107 263 438 504 554 1010 1093 1173 1332 
57 121 301 518 635 844 1012 
178 441 454 504 529 750 1136 1163 1300 1301 
168 537 593 604 702 728 745 750 1390 
253 316 463 512 690 829 973 1089 1251 
11 230 330 376 385 397 447 490 715 942 948 952 1044 1050 
249 283 334 398 422 584 665 681 755 958 1191 1264 1402 
107 121 182 264 329 569 708 932 961 1010 1144 1201 
224 538 866 924 1109 1136 1162 1191 1391 1413 
96 135 348 541 822 973 1227 
9 36 88 201 219 259 313 529 540 745 943 982 1170 1232 1350 1413 
49 218 239 256 278 524 822 1007 
320 335 379 399 688 860 987 1400 
141 148 428 433 531 553 605 1061 1283 1320 
15 67 89 423 428 517 548 859 872 896 990 1223 1275 1392 1397 
84 442 649 916 1012 1172 1253 1319 
37 165 279 399 498 525 721 1019 
27 42 174 424 450 489 804 817 925 969 1157 1221 
359 433 576 584 803 863 958 981 1020 1400 
120 223 229 281 398 465 576 578 601 631 777 864 910 1196 1245 
68 71 150 153 245 328 409 476 591 600 601 621 672 870 1222 
79 142 887 896 1065 1244 1276 1277 
135 199 321 378 457 512 540 714 779 867 920 927 1033 1128 1341 
591 643 1137 1221 1291 1334 
236 258 369 414 516 596 695 910 993 1015 1161 1330 1339 1412 
76 87 368 646 708 728 838 894 948 1183 1185 1279 1296 1321 
247 251 257 565 653 784 818 880 1138 1261 1314 
120 256 445 465 516 589 699 826 930 1097 1328 1376 1395 
47 278 317 353 620 758 780 981 
209 259 275 302 340 642 729 764 768 921 969 1015 1321 1397 
89 404 410 695 697 869 986 1165 1283 
42 112 205 482 670 803 836 839 885 955 1341 
27 106 304 466 498 588 682 692 763 782 812 1114 1262 1274 1305 1364 
146 235 464 468 488 612 690 780 867 877 1002 1166 1254 
38 134 263 477 713 720 737 893 967 1215 1270 
314 681 1082 1121 1249 
20 100 105 195 310 435 795 797 
294 339 520 699 872 1264 1270 1335 1398 
76 289 418 424 469 493 545 981 989 1251 1308 1325 
116 182 270 341 470 585 591 648 846 967 1072 1172 1285 1367 
64 133 330 379 766 813 904 918 995 1080 1191 
38 77 201 281 318 340 513 651 693 697 832 935 1052 1054 
158 224 275 523 662 733 755 1148 
20 83 302 540 562 654 732 790 831 914 965 1010 1361 1405 
30 157 158 159 276 330 538 573 652 773 883 956 1071 1223 1346 1348 
90 263 300 304 625 829 849 982 1035 1214 
122 467 506 523 827 961 985 993 996 1012 1053 1096 
66 108 276 289 460 562 731 964 1051 1209 1348 
112 122 145 171 347 436 443 464 535 645 881 925 927 1140 1297 1319 
32 270 525 978 1078 1314 1374 
258 395 446 615 626 817 930 1116 1158 1194 1253 1370 
21 140 228 349 451 470 479 512 1057 1088 1242 1319 1362 
21 54 73 202 247 311 478 641 765 811 884 1005 1046 1245 
42 113 188 240 381 411 539 541 645 680 817 867 873 
7 47 69 95 435 480 514 687 784 1240 1364 
44 189 212 281 467 610 757 1041 1044 1263 1297 
161 429 484 701 1378 
49 387 412 452 575 850 858 935 1239 1288 1331 1347 
27 235 489 752 787 1078 1081 1161 1186 1235 1275 1365 
68 122 273 352 452 517 1105 1174 
96 561 603 634 722 825 847 1005 1274 
27 351 510 846 1133 1185 1387 
45 227 299 367 561 697 945 1099 1107 1201 1390 
52 218 367 393 612 653 831 873 1081 1082 1093 1136 1271 
255 478 519 692 843 
5 34 190 419 648 1189 1203 1308 
115 124 384 397 446 651 863 956 1050 1112 1123 1219 
227 240 271 342 377 505 565 642 702 770 924 1030 1095 1117 1160 1219 
111 292 317 333 421 864 982 985 1060 1286 1390 1413 
47 188 235 472 919 1052 1177 1313 1333 1412 
80 205 313 340 410 478 603 679 711 1018 1225 1359 
264 348 365 446 466 592 654 749 984 1150 1200 1266 1285 1299 1367 
215 245 502 583 621 690 698 776 843 986 998 1031 
180 370 505 519 800 949 1162 1216 1368 
16 110 193 253 798 864 880 1035 1086 1314 1383 
16 244 271 387 511 548 701 769 946 1016 1379 
118 171 295 399 520 868 912 1093 1187 1212 1214 
90 259 406 413 484 687 804 852 943 960 1109 1249 1255 1353 
71 111 151 461 510 537 575 579 689 696 805 854 860 970 975 1025 
44 89 116 198 281 498 640 942 1164 1236 1274 1356 1376 
26 253 359 369 480 794 1149 1164 1177 
49 641 647 808 819 839 916 946 1316 1389 
33 51 151 211 226 378 412 539 592 600 862 1013 1138 1297 
49 73 270 332 411 473 494 702 816 881 1166 
52 288 336 386 527 730 806 1394 
34 216 246 496 558 597 616 720 999 1156 1287 1370 
176 295 304 338 461 612 800 823 918 1030 1232 1318 
16 83 317 499 566 596 600 665 675 784 839 849 1066 1068 1119 1162 1330 1353 
162 167 189 247 258 334 476 549 643 677 737 881 1185 1188 1353 
11 274 338 347 467 565 589 651 1105 1397 1406 
9 137 331 482 513 746 922 963 988 1160 1171 1175 1260 1343 1400 
42 182 190 311 363 480 819 1358 
130 340 469 688 749 890 1082 1184 1206 1233 1367 
12 42 52 89 163 326 364 370 386 591 773 782 940 1189 1276 
91 264 461 742 763 812 860 1003 1013 1271 1290 1389 1405 
61 834 869 874 999 1042 1062 1116 1171 
98 224 256 574 1038 1054 1152 1188 
30 144 248 469 534 771 830 1074 1177 1311 
14 273 299 612 838 956 1267 1374 1397 1399 
15 259 324 351 502 530 555 597 817 920 960 1022 1151 1284 
14 46 85 167 202 220 450 650 657 770 898 1031 1373 
145 251 667 807 1157 1174 1376 
233 346 664 952 1035 1070 1169 1240 
220 293 671 1082 1321 
217 405 714 733 878 929 931 1026 1036 1138 
7 39 235 252 258 294 689 946 964 1171 1308 1399 
194 474 1211 1405 
13 70 72 278 411 681 712 715 820 1323 1359 1364 1375 
48 298 547 571 697 712 811 1008 1244 
60 64 180 455 609 633 731 743 1143 1199 1206 1236 1261 1304 1371 
90 469 644 713 728 800 807 1197 1225 1253 1276 1297 1327 1395 
114 118 295 502 555 656 666 703 736 978 1272 
79 247 273 414 613 637 650 886 995 1000 1047 1050 1116 1391 
185 317 368 406 539 750 966 1089 
108 678 1271 1316 1336 1371 
19 75 156 357 615 1008 1071 1077 1164 1196 1231 1239 1294 
112 138 146 189 537 683 684 727 927 1152 1204 1363 
42 92 342 394 420 423 484 540 549 748 930 977 985 1405 
161 193 302 429 522 547 587 600 782 826 993 1060 1092 1197 1255 1357 1406 
61 424 576 622 1259 1283 1362 
30 171 294 303 426 436 623 633 752 1101 
95 361 433 483 729 
24 221 267 298 363 727 748 912 987 1001 1053 1130 1169 
84 214 255 490 606 642 763 770 782 912 1250 
14 137 186 341 442 572 585 595 696 707 805 810 1069 1188 1212 1260 
244 305 331 349 387 443 636 664 722 1032 
22 95 127 447 635 862 908 909 1115 1127 1176 1314 1316 1351 
186 253 1041 1105 1278 1401 
81 175 198 275 324 615 663 829 966 1318 
25 142 234 266 473 584 1027 1072 
29 224 612 673 710 765 801 867 1029 1033 1193 1216 1305 1364 
308 417 616 638 761 774 997 1010 1079 1137 
49 129 344 517 520 548 626 659 663 826 872 974 1185 1415 
218 302 491 521 572 855 1045 1138 1270 1380 
174 193 217 259 551 584 608 749 808 885 1019 1140 1207 1349 1366 
55 232 366 380 485 815 1069 1085 1297 1319 1349 
114 116 275 297 303 522 633 716 776 781 876 1141 
236 258 393 694 761 1004 1275 
213 372 375 435 440 502 504 531 624 656 702 728 773 794 853 1039 1269 
66 150 170 197 211 408 446 494 568 677 759 803 834 
321 448 510 724 780 959 1034 1098 1312 
288 292 382 594 610 707 808 834 902 1169 1206 
531 758 1134 
77 210 567 635 890 1256 1306 
121 297 326 499 718 782 813 836 903 961 1061 1203 1209 
200 280 284 325 361 445 520 588 608 618 890 1019 1051 1363 
22 72 220 304 332 362 379 416 514 722 793 1069 1072 
89 242 298 308 324 422 562 588 948 1150 1203 
82 202 627 
14 140 203 218 283 311 493 518 827 843 946 1031 
55 229 296 593 1066 1194 1207 
56 157 472 473 687 708 726 741 1015 1089 1231 
70 84 244 403 548 645 772 955 1016 1067 1082 1225 1402 
83 154 392 527 541 631 747 985 991 1154 1371 
199 306 319 361 526 741 879 1123 1397 
62 72 384 479 736 
8 135 160 169 685 773 791 865 1341 
147 215 501 796 863 977 1235 1251 1302 1346 1410 
225 272 360 444 581 598 633 737 764 988 1240 1257 1369 
281 343 433 439 588 848 1123 1140 1222 
43 354 487 504 522 782 861 867 891 935 1027 1044 1142 1372 1409 1410 
121 290 295 994 1003 1101 
128 146 167 185 310 311 573 763 791 811 933 1012 1236 1347 
261 280 420 459 468 722 859 1034 1317 
18 280 359 377 653 704 1226 
4 13 158 325 365 384 571 608 701 703 730 736 780 1023 1145 1150 1162 1171 1209 1234 
34 437 452 482 511 673 687 791 888 954 1089 1132 1156 1282 
231 303 399 696 716 729 781 783 1163 1328 
78 141 157 437 952 1002 1034 1129 1171 1360 
227 351 362 431 612 688 817 938 
60 339 515 574 830 852 884 1008 1300 1364 
28 149 307 676 677 1253 1279 
58 150 283 527 571 671 697 792 804 1047 1059 1064 1163 1229 1263 
98 132 159 274 277 504 729 755 926 1009 1094 1180 1200 
35 180 211 346 607 762 863 885 995 998 1007 1022 1217 1343 
12 180 190 409 493 528 744 773 793 832 930 968 1082 1137 1233 1306 1331 1391 
23 47 163 378 390 511 677 1051 1139 1251 1378 
190 278 371 400 463 518 681 876 1051 1105 1134 1280 1291 1374 1405 
454 748 833 891 998 1069 1115 1170 1298 
235 341 346 515 527 829 972 1073 1144 1145 1259 1289 
46 66 85 198 205 403 447 710 761 899 914 1061 1368 1406 
155 387 443 600 723 820 825 986 1075 1106 1182 1341 
313 379 961 1077 
39 155 165 188 298 411 498 547 573 664 751 803 815 1199 1318 1377 1381 
44 205 242 259 293 367 419 443 536 598 616 719 762 864 973 1068 1086 1170 1200 1216 1296 
204 314 398 430 458 490 624 778 1169 1328 
164 202 241 322 443 508 578 965 1207 
21 94 330 414 423 790 795 970 1233 
142 178 353 696 918 1147 1182 1230 1299 1371 
100 112 231 260 284 343 450 454 706 715 864 1033 1183 1315 1390 1404 
70 82 287 358 524 711 1035 1160 1182 1191 1231 1278 1334 
22 30 71 112 129 178 197 413 437 709 903 943 1083 1255 1276 1366 
44 195 232 396 416 450 678 835 897 1196 1255 1308 
14 23 141 144 252 324 999 1024 1036 1204 1205 1231 1292 
65 91 158 169 467 499 643 1001 1132 1186 
91 264 290 370 572 756 804 814 824 1019 1415 
30 116 175 657 690 708 742 796 831 854 1169 1194 1347 
288 480 526 1285 
48 648 730 740 857 1015 1089 1144 1145 1367 
49 203 367 453 578 715 748 832 854 903 939 1046 1047 1213 1242 1266 1338 
66 119 284 503 706 816 858 967 989 1205 1257 
54 56 155 221 294 305 337 452 468 678 798 908 1007 1081 1311 1321 1354 
81 89 185 203 269 348 573 619 704 733 876 944 
188 480 499 624 628 639 824 986 1355 
162 230 499 800 1099 1288 1291 1403 1414 
312 754 939 1129 1246 1341 
29 152 158 229 432 522 750 1035 1376 
54 295 320 459 553 581 593 605 666 810 832 904 1234 1343 
40 56 88 242 422 705 947 1000 1100 
147 162 183 343 412 826 898 960 1380 
363 561 832 1213 1319 1334 1407 
58 81 103 167 282 388 475 484 549 700 917 1218 1244 
220 285 480 512 583 711 771 858 960 964 1163 1309 1415 
148 184 321 585 625 871 881 979 1025 1157 1346 
3 108 110 308 567 602 611 691 898 994 1011 1110 1136 1142 1184 1203 1235 1380 
287 333 431 504 589 623 736 738 908 980 1156 1178 
85 103 326 385 525 552 561 685 819 954 1116 1151 1272 1287 1315 1339 
149 194 290 384 460 528 614 621 696 880 947 1046 1063 1116 1339 
56 410 528 612 723 923 1032 1070 1205 1222 1228 1342 1394 
83 122 673 715 719 732 783 838 846 1209 1273 1331 1371 1407 
139 183 347 467 536 572 653 1238 1269 
21 72 124 308 345 364 378 486 797 960 987 1008 1100 1145 
81 89 205 245 249 372 609 733 894 901 956 1007 1255 1366 
18 27 208 249 252 501 562 616 635 688 959 1017 1127 1206 1210 1361 1367 
674 786 793 829 917 1168 1216 1236 1318 1384 
3 25 40 184 288 540 673 682 692 1000 1154 
14 212 294 325 350 361 456 505 645 649 787 801 832 948 1092 1211 1243 
28 141 178 204 212 218 312 336 573 737 868 880 1080 1221 
156 337 397 441 496 573 630 742 1062 1136 1410 
206 483 612 810 815 937 984 1271 1341 
26 140 169 310 629 861 938 1124 1149 
276 380 501 574 641 692 733 1009 1236 1322 1354 
34 412 660 856 1042 1186 1210 
106 369 481 656 660 770 802 920 931 981 1265 1369 
19 142 169 325 353 440 480 575 804 1098 1276 1352 1374 
198 360 564 634 1102 1279 1398 
241 425 756 885 960 1045 1047 1139 1188 
10 18 45 74 183 203 412 505 565 628 651 951 1026 1415 
8 337 381 497 781 979 1063 1271 
110 299 347 601 653 864 999 1117 1155 1169 1283 1296 
27 76 253 460 466 661 742 779 890 1023 1110 
50 56 168 241 318 476 542 655 709 915 946 1079 1210 1266 
375 532 540 546 557 607 1039 1060 1063 1073 1148 1250 1354 1359 1363 
90 363 493 625 782 916 1065 1113 1179 
90 108 178 314 455 611 618 645 646 731 853 872 1121 1263 1273 1362 
63 95 119 329 333 442 578 858 886 935 1045 1153 1216 1391 
462 481 581 606 911 1004 1070 1177 1211 1376 
58 234 305 314 379 544 647 808 916 975 1137 1180 1256 
109 130 384 406 467 488 543 658 730 774 926 949 954 1369 
26 140 701 831 860 888 976 992 1047 1049 1093 1212 1342 1359 1367 
13 51 116 717 890 979 1197 
43 429 493 659 778 781 1114 1146 1213 1288 1370 1380 1411 
40 60 396 536 718 726 882 1214 1251 1310 1326 1396 
175 253 287 312 391 602 640 688 744 750 924 1028 1200 1300 
43 48 70 243 325 410 526 577 589 748 1079 1236 1244 1349 1350 1366 
228 234 360 507 517 521 567 614 691 698 753 775 841 913 1069 1176 1315 1353 1380 
241 286 353 413 439 506 550 577 624 652 774 881 1018 1387 
135 170 295 512 536 1301 1324 
185 214 308 437 751 752 791 841 946 1194 
25 82 107 172 296 387 389 581 595 745 919 1022 1031 1054 1259 
1 85 216 313 334 363 409 585 617 675 838 985 1003 1095 1196 1272 1297 1367 1375 
24 97 177 223 389 479 508 555 656 739 898 958 985 1022 1035 1092 
2 9 378 427 497 659 706 1060 1286 1349 
104 131 249 353 434 441 1035 1213 1247 1365 
197 497 706 791 852 898 1164 1166 
5 25 63 402 414 499 605 627 756 833 931 962 963 1174 1274 
2 158 160 188 293 326 382 386 766 827 855 1302 
12 255 531 564 573 832 908 1064 1135 1173 1233 1268 
50 53 243 246 301 526 827 882 1045 1193 
79 280 501 732 1182 1205 
450 500 609 766 1126 1293 1329 
152 236 260 313 370 377 418 435 474 564 709 837 1131 1336 1376 
218 437 460 488 502 503 721 1077 1220 1230 1307 
20 65 78 320 335 519 609 754 958 1318 
124 261 282 312 376 674 854 904 1028 1048 1103 1124 1145 1180 1368 
94 381 385 498 799 930 966 1146 1163 1376 
299 345 352 541 596 668 685 881 1014 1179 1208 1245 1280 
57 232 277 357 432 599 698 722 1003 1024 1028 1243 1261 1349 1367 1384 
226 426 623 677 958 1053 1183 1351 1359 1395 1398 
24 90 247 360 419 438 477 624 676 807 1029 1269 
26 48 448 562 873 936 1080 1269 1318 1414 
10 63 118 442 640 938 1189 
159 198 258 265 289 619 661 719 733 873 970 1159 1335 
21 310 342 609 644 685 700 737 910 921 932 964 1041 1113 1142 
104 187 309 311 391 507 638 729 888 1004 1032 1121 
41 60 206 218 572 645 777 830 901 1187 1321 
110 179 234 235 375 781 825 915 932 1212 1249 
469 725 965 1028 1086 1194 1362 
127 171 512 594 676 883 1128 1268 1325 
128 273 460 527 555 632 716 756 967 1213 1333 
76 265 282 442 666 667 675 1096 1139 1232 1263 1390 
171 240 369 413 490 624 773 901 968 1058 1084 1210 1341 1371 1396 
290 529 568 709 764 835 844 1116 
212 225 385 413 756 917 1027 1040 1107 1153 1217 1318 
128 503 531 556 688 718 723 826 1013 1066 1096 1119 1279 
143 229 256 460 481 490 619 844 849 987 
72 311 361 400 532 539 821 849 878 889 938 961 1093 1291 1313 
204 209 977 1084 1233 1330 1355 
152 206 767 1077 1083 1293 
265 278 325 433 510 548 659 666 758 783 921 1094 1131 1244 1248 
33 69 82 253 270 416 650 752 860 970 1073 1091 
15 299 466 630 772 1161 
110 152 483 751 771 837 1233 
41 129 228 685 790 899 937 952 984 1293 1379 1396 
58 252 374 1376 
223 241 251 252 592 1086 1159 1180 1242 1286 1304 
252 298 345 392 453 601 639 648 769 904 1012 1047 1254 1259 
51 122 138 172 203 370 704 786 849 862 1035 1082 1185 1323 
106 298 345 574 643 727 740 959 1085 1158 1208 1237 1238 1248 1272 1369 
3 33 101 135 205 206 211 495 503 765 853 1046 1128 1229 
244 339 433 458 487 513 712 832 1076 1080 1153 1197 1370 
27 93 262 813 1100 1124 1331 1368 1373 
40 148 260 263 348 387 410 621 926 1020 1145 1218 1219 1221 1243 1347 1377 1384 
1 189 216 238 263 483 563 624 670 699 785 848 990 1153 1208 1255 1356 
127 262 311 353 390 561 562 563 566 994 1007 1097 
10 109 111 170 302 518 783 906 947 1352 
191 485 563 646 780 1021 1124 1126 1256 1376 1400 
12 731 1060 1199 1201 
157 170 216 289 666 1178 1190 1365 1372 
18 240 397 474 845 875 913 963 1198 1373 
26 120 175 487 557 685 730 967 
11 84 177 213 455 725 848 1079 1205 1356 
32 63 189 418 616 1166 1259 1268 1323 
454 464 660 794 863 1154 1267 1283 1315 1351 1366 
283 362 430 772 1000 1026 1152 1330 1357 
406 438 504 562 601 690 711 733 1157 1176 1316 
9 87 149 165 437 550 688 691 782 852 1329 
78 240 336 448 464 642 647 1029 1069 
111 169 273 276 278 311 319 628 638 645 818 1037 1256 
89 164 326 327 735 912 964 1184 1225 
72 323 342 365 736 836 881 898 1002 1003 1078 1306 1336 
252 446 661 853 1025 1149 1299 1368 
116 313 495 630 672 737 1132 1324 
73 164 263 432 440 873 1080 1167 1255 1280 1306 
68 277 329 392 534 574 653 698 712 749 1218 1261 1407 
68 173 628 688 715 821 1030 1070 1155 1191 1324 1382 
48 588 754 1231 
106 549 562 745 852 940 945 1212 1380 
176 660 718 770 1016 1060 1097 1102 1187 1310 1318 
4 173 268 386 422 428 702 1127 
194 293 349 463 545 630 752 1056 1102 1167 1210 1330 
212 261 326 420 672 711 912 1009 1125 1326 
3 372 425 583 657 723 808 1074 1095 1139 1226 
111 158 261 283 568 627 658 954 991 1359 
42 693 908 1315 
29 118 412 671 1057 1085 1185 1211 1260 1272 1334 
164 189 254 340 428 952 980 1118 1261 
359 563 567 847 1169 1279 1323 1388 1398 
146 174 211 253 281 628 651 928 963 1139 1149 1221 1346 1350 
53 96 117 234 248 409 425 446 585 648 680 1053 1277 1398 
48 303 374 415 535 617 752 788 794 849 1000 1014 
15 120 463 809 917 961 1033 1163 1270 1330 1335 
49 161 181 564 642 812 868 890 919 1216 1349 1350 1364 
36 64 195 536 605 615 745 962 1022 1076 1128 1134 1307 
354 376 565 648 733 783 834 920 945 1149 1384 
208 210 441 478 553 778 922 1238 1259 
22 76 284 443 469 604 640 691 699 782 946 1000 1069 1166 1198 1208 1213 1264 1280 
2 362 494 504 527 678 781 895 1209 1392 
58 160 279 388 528 577 593 698 793 965 984 1288 1324 
17 205 232 505 722 736 951 965 984 1007 1060 1098 1239 
65 280 315 465 489 705 1037 1061 1226 1257 1365 1403 
27 76 162 270 398 611 974 
5 9 16 44 252 316 330 349 461 588 828 1028 1165 1359 
285 311 578 620 866 1016 1117 1134 1140 1213 1312 1357 
116 502 630 646 663 671 672 704 708 716 857 933 951 1173 1313 
199 262 457 885 1002 
60 218 255 299 395 505 534 603 782 882 902 1110 1170 1358 
116 149 370 557 563 747 1031 1079 1096 1099 1154 1260 1287 1393 
1 14 19 177 250 340 357 939 1011 1109 1153 1210 1271 
171 243 265 368 551 617 1025 1121 
24 211 450 502 527 554 740 871 952 1001 1203 1263 1362 
93 199 259 354 386 398 420 431 559 580 596 652 756 803 887 999 1111 1160 
2 469 647 672 688 836 1094 1171 
4 19 245 252 280 390 493 597 1068 1091 1203 1354 1365 1373 
11 15 186 303 317 508 591 607 853 876 976 1157 1190 1254 
46 78 281 282 477 810 844 1087 1281 1407 
23 272 399 528 651 719 776 794 859 873 951 1282 
269 330 440 522 779 788 953 958 998 1061 1137 1261 
23 123 456 537 762 865 866 901 1050 1191 1253 1341 1369 
36 109 213 281 816 1148 1253 
67 113 205 341 655 667 672 674 699 819 869 1050 1108 1142 1216 
6 50 150 160 270 306 662 686 1119 1126 1209 1394 
138 211 408 558 678 1010 1185 1357 1390 
63 154 401 448 472 565 750 888 908 927 971 982 1025 1133 1267 1308 1314 1388 
139 276 505 558 741 796 964 970 1152 1374 
210 267 284 420 467 531 550 656 876 881 891 951 954 1158 1254 1286 
242 533 569 697 801 825 1404 
266 631 749 786 1053 1150 1239 1411 
26 222 342 423 585 659 845 887 1051 1196 1402 
331 686 876 1376 1397 
201 214 315 370 603 606 760 912 1041 1111 1288 1308 
296 350 472 586 599 657 732 741 855 866 883 1032 1311 
186 211 537 543 734 1001 1104 1196 1275 1332 
93 158 328 465 696 719 1029 1062 1229 1260 1302 1332 1375 
253 341 355 481 705 761 959 1033 1060 1091 1325 1363 1379 1386 
474 650 661 702 715 
11 154 322 365 397 967 974 976 1055 1208 
172 386 447 575 811 975 1064 1219 1281 1314 1349 1407 
34 268 504 591 623 739 878 1000 1115 1226 1268 1303 1371 
259 278 364 368 426 755 811 847 874 918 1093 1131 1168 1200 1227 1250 1276 1315 
83 159 161 237 434 844 980 1018 1212 
301 408 650 670 862 1071 1124 1220 1298 
217 298 349 374 619 722 767 874 882 910 1022 
162 173 448 604 697 785 851 879 1067 
176 277 358 484 636 716 1104 1160 1392 
110 178 330 387 457 491 579 649 692 792 794 826 976 1121 1164 1227 
12 40 112 156 171 204 280 739 743 757 1201 1257 1308 1374 
182 227 238 456 611 765 784 916 1054 1291 1342 
35 68 493 500 690 836 936 982 1044 1073 1238 
74 80 168 263 399 479 548 590 612 751 
94 132 421 626 805 901 978 1046 1174 1178 1238 
40 77 102 159 239 358 463 759 896 904 1036 1096 1207 1208 1241 1371 
44 138 139 373 494 506 572 623 626 1105 1142 
242 895 969 1103 1247 1402 
4 200 274 303 442 621 765 857 959 970 1039 1185 
100 143 176 279 745 793 848 1103 1192 1238 1268 
140 333 460 583 1229 1251 1315 
152 338 679 730 851 930 933 1000 1156 1159 1333 
216 327 513 740 902 979 1208 1385 
160 289 358 408 514 543 683 979 986 1004 1055 1107 1230 1285 1414 
24 115 261 372 418 518 878 895 927 1009 1261 
444 457 663 702 920 936 972 1197 
9 483 574 762 1062 1094 1099 1142 1182 1197 1204 1239 1333 1340 1410 
199 649 735 833 930 951 1005 1143 1167 1217 1226 1298 1306 1316 1380 
27 37 181 185 216 300 307 515 539 618 776 1009 1018 1027 1077 1126 1154 1244 1282 1295 1357 1386 
108 233 370 399 644 658 892 1012 1032 1131 1339 
136 216 509 662 771 862 910 1035 1072 1123 1186 1243 1357 
74 148 249 367 472 985 996 1037 1049 1075 1142 1149 1220 1256 1318 
72 144 197 220 278 319 353 378 539 542 625 756 831 862 1038 1369 
59 282 376 429 468 589 820 1225 1235 1271 1286 1313 1353 
31 35 284 291 338 343 415 441 747 782 859 916 970 1010 1031 1138 1166 1267 
51 72 406 598 608 960 1079 1209 
94 151 169 431 433 524 534 997 1098 1120 1237 
319 514 559 852 853 1098 1183 1332 
101 450 484 565 1058 1187 1213 1298 1345 
21 158 435 468 643 803 809 1013 1098 1134 1270 1345 
138 232 378 381 485 565 596 699 768 806 945 1004 1256 1318 
239 800 830 
5 11 33 44 86 494 638 680 1270 1314 
86 114 127 223 454 566 574 633 856 896 938 1115 1215 1227 1264 1410 
51 61 84 132 178 410 418 673 740 950 1128 1146 1184 1209 1280 
30 185 629 682 795 1185 1191 1225 1346 1350 1410 
36 138 333 415 479 563 779 780 1004 1305 
39 110 213 363 633 706 784 958 1095 1179 1202 
121 181 201 268 360 514 526 739 974 1058 1205 
279 901 937 976 979 1122 
99 359 568 769 796 872 1076 1382 
42 78 221 651 691 741 878 961 973 1053 1083 1088 1247 1290 1339 
22 57 82 129 235 276 530 591 951 993 1278 1286 1382 
225 298 440 554 622 844 943 1000 1215 
21 46 170 273 301 322 418 865 895 948 1010 1017 1040 
33 145 338 484 609 1094 1218 
64 310 407 510 615 626 637 761 1006 1094 1141 1194 1196 1201 1271 1353 1365 
139 144 161 204 266 424 535 698 706 743 843 901 1145 1173 1208 1282 
21 57 109 164 840 888 944 1384 
15 591 657 1197 1271 1307 1349 
34 67 231 309 684 780 837 985 1091 1302 1351 
146 150 206 253 628 655 696 1012 1063 1098 1212 1332 1414 
179 577 583 807 894 997 1040 1085 1210 1361 
1 92 132 216 399 710 805 838 1062 1252 1277 1280 1374 
32 35 66 186 215 279 299 343 576 727 991 1269 
131 132 284 402 478 499 1049 1199 1233 1254 1285 1338 
8 47 271 349 357 358 433 468 1085 1094 
62 86 215 234 337 355 571 599 635 649 757 821 863 1072 
21 39 106 238 249 326 722 750 766 909 1028 1185 1409 
49 52 195 201 202 508 603 625 648 790 824 943 962 1038 1202 1272 1394 
37 85 253 360 419 434 714 1245 1319 1415 
134 168 198 665 678 766 801 836 896 957 1164 1165 
26 35 102 298 325 386 433 566 780 819 1092 1160 1171 1247 1345 
214 332 348 419 492 863 904 977 978 1008 1099 1119 1310 1410 
145 163 542 636 684 708 777 929 1033 1102 1114 1213 1222 
63 148 244 506 625 944 986 1146 1192 
57 412 630 700 1302 1332 
5 183 289 585 598 634 905 965 1045 1092 1108 1141 1310 1346 
45 349 380 478 607 876 910 1131 1153 1179 
189 446 587 812 895 1063 1120 1132 1163 1206 1329 1352 1369 
147 204 252 340 519 818 1278 1310 1383 
9 17 53 70 534 841 958 1030 1076 1156 
6 33 168 212 284 322 464 465 515 519 716 792 823 1142 1225 1409 
31 126 160 208 1019 1294 
145 410 470 857 985 1027 1316 1352 
112 147 332 360 571 652 747 884 1109 1169 1216 1331 1346 
24 100 218 219 428 474 527 708 1053 1074 1108 1184 1201 1308 1318 
26 81 149 221 644 924 1006 1065 1066 1246 
338 584 703 768 820 823 919 1137 1221 1224 1415 
39 172 186 339 849 880 900 1015 1024 1154 1215 1238 1241 
30 58 117 293 325 474 552 664 897 1002 1046 1094 1131 1251 1286 1302 1359 
188 526 551 1005 1030 1360 
206 222 386 818 846 865 1051 
49 223 324 349 495 614 674 800 844 923 1178 1361 
89 273 466 660 807 879 896 977 1020 1185 
31 246 394 437 469 470 475 632 659 673 807 1135 1245 
81 93 104 122 469 543 700 913 976 1234 1262 1359 
90 214 217 298 364 375 392 422 445 512 619 637 697 811 957 1021 1080 1133 1314 
100 129 201 322 326 357 456 514 657 705 774 963 1062 1119 1142 1226 1245 
197 498 609 637 776 1161 1183 1387 
132 176 429 444 492 627 628 952 1162 1210 1239 1366 
175 199 402 460 673 799 816 905 1025 1109 1386 1388 
8 42 56 202 231 242 357 358 552 652 667 885 1349 
15 182 277 497 757 825 857 983 1205 1247 
143 177 215 224 242 540 854 1048 1091 1171 1215 1234 1272 
5 83 192 212 647 701 871 1002 1153 1335 1401 1414 
176 582 695 843 990 1037 1144 1176 1323 1363 
84 127 170 371 484 659 965 1370 
48 124 194 270 300 373 663 674 703 880 1233 1326 
138 190 259 348 402 407 470 553 638 685 809 963 990 1082 1193 
167 175 686 979 
235 351 565 1056 1084 1089 1387 
35 129 342 519 598 688 703 763 776 901 1265 
43 198 241 358 486 592 676 1210 1352 
125 173 194 206 267 410 576 580 811 970 1025 1388 
50 126 180 244 255 282 473 490 593 601 834 841 868 896 921 1046 1398 
76 214 335 336 382 639 964 1187 1209 1220 
71 335 462 541 857 974 1117 1361 1371 
46 70 256 631 788 956 1039 
248 266 345 451 788 1043 1394 
2 143 148 217 401 573 760 943 1052 1179 1242 1258 1272 1339 
4 184 185 303 430 449 475 524 535 544 1184 1345 1376 1409 
56 124 136 150 362 419 534 549 647 895 1091 1333 
52 177 371 411 607 656 818 916 1228 1338 
38 84 159 237 364 703 727 929 961 1116 1119 1209 1340 
48 143 536 663 667 683 685 686 1058 1139 1241 
65 174 619 631 762 775 824 851 891 978 1169 1176 1192 1268 1374 1392 
45 196 593 660 998 
18 322 425 428 442 455 462 620 1038 1124 1255 1259 1262 1332 1407 
128 228 533 677 698 732 883 987 1177 1377 1406 
84 193 385 531 592 628 702 926 1149 1345 
96 245 251 252 272 346 357 459 490 500 607 855 1082 1150 1215 
49 264 430 475 488 812 835 860 912 1169 1183 1224 1279 1399 
35 46 320 430 575 670 975 1002 1041 1109 1130 1185 1202 
35 303 305 461 467 469 495 566 655 721 726 867 900 912 1111 1209 1266 1366 1378 
135 350 354 360 396 469 493 547 660 949 1357 
52 76 261 620 872 914 969 1010 1059 1066 1079 1124 1213 1222 1268 1323 1343 1371 
2 73 201 221 341 361 523 569 617 629 633 801 834 837 921 996 1252 1402 
183 463 799 
42 415 447 572 811 815 889 987 1071 
59 216 282 393 428 696 726 1017 
46 429 549 600 619 893 1093 1108 1133 1288 1318 
196 280 357 729 1043 1118 1121 1144 1328 
60 237 420 481 515 533 733 824 1074 1180 1363 
56 133 278 313 429 606 612 740 1038 1127 1290 1391 
104 148 326 490 896 1358 1387 
3 519 530 586 813 953 971 1324 
466 641 726 756 777 1056 1112 1261 
622 810 873 1083 1110 1126 1137 1337 1389 1399 
212 256 318 334 394 415 496 635 677 717 843 961 1005 1097 1267 
81 247 274 335 387 421 643 683 734 786 1178 1179 1219 1243 1258 1310 
67 855 1075 1203 1208 1304 1365 
149 331 487 632 685 809 976 996 1131 
36 118 357 372 574 595 666 823 1068 1137 1287 
18 118 198 273 389 521 900 1057 1116 1365 
4 140 167 722 759 1330 
100 112 172 538 729 747 756 985 1247 1305 1390 
163 242 444 456 464 700 810 1002 1003 1211 1233 1302 
175 220 586 603 654 1208 1306 
95 268 284 380 388 464 808 817 942 967 991 1015 1077 1164 1397 
94 290 382 657 1004 1035 1193 1349 1412 
118 121 146 163 388 571 737 765 876 960 993 1318 1369 
212 234 441 472 549 608 686 775 
6 58 150 288 372 418 505 535 731 1220 1221 1254 1303 1312 
98 142 235 252 514 575 830 943 999 1134 1227 1259 1267 
93 186 233 742 777 843 948 982 1098 
52 56 480 534 741 754 774 830 833 
211 250 254 281 363 526 720 766 920 921 1040 1048 1063 1138 1183 1241 1284 1342 
158 262 376 407 412 603 682 796 1040 1134 1138 1227 1406 
265 316 330 492 912 1064 1109 1242 1367 
263 369 523 575 1020 1101 1261 1266 1295 1409 
3 136 291 558 612 772 863 873 874 1041 1215 1238 1402 
89 133 165 313 708 987 1017 1028 1159 1389 
414 449 451 509 989 1083 1392 
180 288 342 392 479 603 606 665 684 689 735 737 865 1099 1107 1379 
11 73 127 147 320 449 489 506 636 904 1110 1149 1168 1210 1212 1317 1403 
216 249 299 317 358 491 686 877 1152 1327 
6 30 64 126 376 403 406 539 541 571 574 586 693 695 726 768 856 893 1028 1035 1064 1129 1148 1272 1278 1381 
17 48 256 303 345 359 563 738 954 1273 1368 1378 
547 561 567 829 1009 1244 1275 1299 
18 113 187 224 265 271 412 504 587 837 905 1030 1073 1156 1372 
112 130 193 317 333 542 717 769 902 931 1028 1180 1288 1325 1413 
11 366 382 439 506 818 840 893 916 956 1138 
80 171 209 220 348 602 844 1049 1104 1146 1159 1238 1333 1336 
92 130 209 678 695 783 920 977 1008 1040 1109 1282 1316 
60 229 437 494 642 769 825 857 878 984 1009 1035 1046 1063 1351 1404 
206 298 516 638 679 764 859 966 1060 1097 1117 1360 
944 1019 1034 1094 1164 1214 1261 1343 
139 146 196 282 312 437 679 836 871 1037 1096 1289 
141 147 265 360 372 378 484 694 743 757 895 900 939 974 1005 1077 1184 1197 1299 1318 
153 185 242 255 608 622 719 946 1104 1362 1405 
145 209 235 280 315 392 432 445 709 730 886 1097 1105 1159 
59 309 447 584 676 697 835 884 963 1020 1170 1192 1245 1308 
208 322 426 624 636 893 1046 1179 
457 478 655 813 865 887 992 1032 1057 1061 1090 1102 1175 1303 1415 
7 30 231 490 969 1098 1311 
91 209 270 320 437 641 733 775 785 842 962 1316 1360 
147 242 343 385 440 448 500 573 592 737 749 861 1089 1180 1356 
35 71 88 224 272 284 919 995 1000 1037 1041 1123 1209 
123 265 593 728 760 969 1359 
40 375 380 491 506 547 597 685 1121 1232 1234 
516 575 584 629 731 860 1262 1415 
35 113 140 147 239 251 421 653 1010 1063 1098 1140 1240 
140 219 344 378 481 754 784 1204 
88 101 143 285 352 463 545 551 658 664 768 1180 1210 1283 
4 194 383 655 771 847 1042 1281 1293 1327 
350 448 449 699 1133 1169 1283 1296 
8 357 719 743 744 783 867 880 1330 1354 
72 455 789 848 854 975 1076 1168 1338 
94 742 794 898 961 1031 1326 
138 555 800 1143 1190 1308 1355 
2 52 112 257 309 431 477 604 701 1153 1401 
153 164 264 717 870 1004 1167 1251 1301 
148 183 211 389 511 532 705 813 896 1064 
6 131 208 394 403 443 513 565 717 752 1038 1077 1089 
12 248 268 353 519 597 643 800 815 875 884 940 1175 1341 
196 510 615 677 693 823 1021 1064 1133 1135 1297 
281 439 600 655 671 677 884 891 1314 1330 
6 239 414 549 575 704 762 798 804 876 1102 
34 450 627 741 745 761 773 913 1287 1393 
124 130 182 311 378 413 434 455 606 757 792 938 1174 1199 1319 1353 1405 
135 138 175 335 540 599 704 990 1146 1357 
74 276 384 439 478 554 582 733 975 1172 1367 
63 84 186 251 486 679 829 880 892 903 963 1372 1402 
189 258 875 904 966 1311 1350 
61 537 569 712 751 996 1005 1120 1161 1183 1310 
157 355 365 500 647 
43 288 293 684 758 946 1250 1264 1303 1352 
83 110 111 125 148 355 452 943 946 1014 1208 1225 1227 1255 
179 204 252 335 435 606 619 654 780 1037 1173 
34 142 319 540 649 810 855 1342 
95 146 348 431 488 590 689 710 794 796 854 1363 
129 424 543 990 1066 1205 1243 1287 
10 43 97 156 530 918 981 998 1023 1252 1270 1376 1383 
