1497 8919
55 83 225 367 395 686 822 879 907 923 942 1196 1469 
149 202 495 635 885 1060 1127 1204 
180 366 455 459 505 738 821 841 997 1160 1182 1226 1248 
93 296 432 495 545 685 745 945 1208 1347 1474 
134 226 609 641 665 886 888 938 943 948 1153 1297 1491 
269 444 447 635 725 808 1031 1045 1056 1264 1375 1466 1470 
74 470 663 703 791 823 1056 1140 1225 1289 
197 596 653 681 686 747 911 1440 1462 
52 86 101 591 622 719 771 961 1234 1373 
170 341 570 633 775 965 1405 
46 158 336 610 634 644 655 830 843 921 1415 1458 
17 84 128 226 341 471 535 693 739 1044 1063 1140 1464 1492 
204 358 390 487 598 
189 238 514 759 847 879 1078 1085 1144 1240 1241 1277 1364 1392 
89 270 296 662 748 860 967 979 1037 1180 1229 1284 1391 
87 301 650 700 906 922 950 1217 
12 65 333 962 1053 1337 1355 
84 122 127 152 424 534 555 629 671 688 708 709 781 894 1045 1114 1385 
54 56 200 436 467 519 540 551 697 755 940 1267 1418 
75 380 667 717 750 796 1183 1260 1324 1473 
49 83 86 209 733 743 988 1051 1243 
187 269 310 451 454 810 1218 1285 1387 
106 239 265 486 535 600 801 886 976 1132 1200 
60 111 348 355 387 800 811 870 915 949 951 968 1031 1129 
35 154 173 364 375 769 1088 1100 1161 1225 1468 
248 277 378 416 598 906 914 1417 
421 835 983 1073 1143 1258 1349 
36 332 390 803 870 895 958 1000 1072 1098 1300 
67 266 397 592 886 892 1024 1035 1045 1371 
95 183 294 346 504 664 809 858 887 937 1320 
60 270 364 416 457 538 597 833 914 1124 1142 1190 1497 
199 284 645 788 885 1212 1358 1380 
244 354 462 612 893 919 972 994 1136 1199 1264 1348 
146 397 449 640 865 1032 1150 1234 1363 
25 214 565 576 790 963 1091 1123 1296 1335 
28 89 103 282 287 347 453 560 1098 1143 1148 1218 
60 235 608 683 822 1100 1171 1380 1399 
199 785 813 890 897 1071 1404 1441 1454 
72 79 81 497 539 577 764 863 1027 1133 1136 1338 1475 
72 79 239 361 611 874 1042 1308 1414 1471 
59 168 478 510 552 641 815 1395 1409 
43 102 135 137 197 319 322 652 742 749 817 824 884 905 1024 1043 1290 1390 1412 1478 
42 100 142 180 210 292 512 539 747 758 853 903 936 1121 1180 1182 1203 1294 
434 1057 1258 1274 1326 1434 
551 775 843 942 1059 1183 1209 1422 
11 47 66 114 163 436 528 801 1060 1264 
46 108 403 598 670 1280 1286 
62 90 409 567 640 642 812 990 1301 
21 97 161 286 316 347 515 656 896 1138 1381 1418 
59 498 614 644 766 862 902 907 983 
260 424 429 621 682 790 1357 1421 
9 61 132 348 1126 1351 1403 
224 266 426 432 498 530 535 565 863 1026 
19 219 225 275 327 395 459 519 677 693 816 1041 1190 1292 1380 1453 
1 193 311 432 444 781 832 839 990 1088 1116 1334 1371 
19 92 386 682 695 951 1176 1330 1403 1441 
736 862 917 937 1020 1169 1318 1372 1431 
549 685 770 838 873 967 1010 1430 
41 50 132 150 256 321 462 581 583 653 1102 1116 1170 1263 1322 1447 
24 31 37 82 101 346 446 541 698 780 1129 
52 72 215 555 573 638 874 1395 1398 
48 83 180 185 406 741 920 1042 1050 
421 956 1065 1088 1437 1484 
139 189 322 523 727 747 1135 1301 1336 1346 1452 
17 149 193 255 258 469 488 525 546 585 766 797 844 959 993 1011 1056 1111 1488 
46 260 299 338 342 413 482 569 597 641 708 907 931 980 1452 1473 
29 121 123 252 401 441 652 1115 1289 1323 1413 1435 
82 206 240 376 691 915 976 1051 1119 1128 1149 1239 1265 1440 1443 
353 416 468 751 774 1116 1159 1221 1233 1478 
251 435 650 776 1250 1312 1474 
209 685 716 778 807 846 850 1081 1233 1273 1334 
39 40 61 231 446 494 499 522 559 868 1148 1188 1272 
173 175 245 424 506 585 821 1113 1338 
7 175 227 533 605 662 971 1074 1083 1138 1267 1351 1425 
20 477 481 574 1042 1287 1351 1364 1396 
718 748 847 1048 1145 1154 1219 1340 
183 199 444 552 565 627 697 1187 1356 1388 1479 
130 617 655 835 839 880 1176 1297 1308 1409 1410 1430 1455 
39 40 215 239 433 466 785 835 845 916 984 1295 1366 
141 270 300 349 483 630 818 865 1049 1453 
39 108 111 126 255 508 510 830 998 1033 1399 
60 68 328 655 660 935 1185 1279 1365 1389 
1 21 62 93 129 171 210 242 411 478 552 653 672 743 949 1061 1082 1093 1268 1277 1310 1316 1369 1488 
12 18 91 310 362 431 620 668 786 831 845 1214 1325 1330 1331 1459 
224 339 345 535 754 760 763 773 1083 1084 1117 1320 1346 1376 1469 
9 21 210 211 345 494 627 876 975 1133 1149 1176 1378 
16 195 278 400 401 419 457 522 573 782 1021 1174 1184 
107 245 323 422 493 502 689 939 993 1018 1344 
15 36 146 167 555 813 865 996 1229 
48 210 321 349 902 1024 1101 1142 1265 1279 1310 1374 
84 308 415 565 682 721 1018 1028 1089 1124 1203 1376 
56 303 529 549 578 648 736 880 1023 1027 1234 1236 
4 83 432 804 1180 
98 212 357 535 562 653 870 890 1016 1075 1191 1206 1236 1293 
30 195 432 750 888 897 920 934 1015 1182 1295 1395 
142 276 339 393 861 1063 1119 1126 1283 1347 1380 
49 206 666 698 707 931 1341 1430 
94 363 379 419 422 592 640 809 899 1096 1297 1465 
300 504 569 582 643 862 882 950 1101 1155 1215 
43 108 275 283 310 443 472 510 521 613 669 707 857 963 1017 1139 1197 1239 1270 1457 
9 60 348 460 581 731 800 933 944 988 1371 
42 205 369 387 426 526 673 1039 1079 1206 1213 1448 
36 165 183 272 335 393 735 775 929 1223 
297 375 595 796 1076 1103 1191 1247 1275 1353 1393 
337 339 482 630 905 1073 1346 1411 
23 138 233 236 263 305 387 487 626 737 817 902 915 1045 1116 
88 154 214 252 308 473 558 725 782 862 911 1069 1087 1323 1481 
47 81 100 123 185 226 320 364 496 557 763 768 902 1024 1085 1176 1288 1297 1446 1475 
115 206 211 402 486 683 841 1216 1407 1477 
165 425 707 732 828 852 863 922 1033 1069 1085 1198 1270 1463 
24 81 231 248 357 542 698 708 728 793 874 903 1065 1076 1219 1295 1347 1421 1437 
308 481 585 657 860 1001 1026 1245 1263 1414 1417 1453 
134 265 404 446 582 585 615 760 829 878 908 933 1002 1015 1241 1246 1291 1321 1355 1407 
46 367 462 630 659 813 1003 1071 1077 1078 1253 1271 1319 1321 1429 
109 159 291 313 416 417 683 698 796 957 1203 
279 280 311 569 904 944 1015 1236 
180 203 364 439 735 741 763 850 963 1303 
289 409 422 433 798 829 1086 1218 1292 1350 1360 1369 1431 
137 315 383 483 616 749 796 799 829 930 1012 1057 1422 
128 248 269 653 718 758 759 881 931 968 1261 1497 
67 535 574 737 780 1000 1123 1342 1446 
18 136 180 289 306 326 333 337 556 576 648 822 1195 
67 108 156 304 351 353 370 373 412 505 656 735 933 1035 1307 1418 
361 479 742 828 1041 1171 1172 1278 1337 1366 
240 263 297 355 497 641 663 771 819 826 845 873 986 1047 1455 
81 209 632 678 972 1048 1061 1127 1132 1158 1285 1389 1413 1419 1446 
18 293 398 495 586 638 668 725 800 877 957 1010 1038 1194 1362 
12 120 207 326 343 657 779 825 1114 1150 1273 1395 
83 136 185 229 255 273 302 305 395 447 519 568 663 672 732 905 1230 1289 1375 1447 1462 1470 
78 146 192 318 452 521 526 624 781 860 866 1038 1108 1132 1138 
188 221 227 772 775 782 1189 1314 1404 1428 
52 59 164 166 200 409 453 647 877 905 938 1090 1107 1128 1157 1162 1204 1273 1317 1405 
168 185 291 332 368 612 693 754 824 908 945 1141 1217 1380 1461 
5 113 179 293 456 663 728 760 795 1031 1096 1240 1327 1383 1438 
42 146 494 563 604 633 809 947 1174 1318 1446 1481 
122 129 297 355 404 409 513 720 755 878 1037 
42 119 377 384 524 603 645 646 692 739 748 957 1196 1349 1479 1490 
106 244 275 287 378 542 612 760 986 1230 
64 175 177 425 482 724 928 1000 1074 1103 1197 1330 1338 1442 
500 503 512 974 1040 1110 1133 1229 1234 1345 1459 
80 555 671 754 834 922 954 963 977 981 1003 1156 1227 1357 1470 1493 
43 96 211 473 511 792 795 862 985 1093 1098 1179 1496 
305 539 723 777 809 819 916 1101 1241 1281 1283 1308 
213 306 338 395 410 480 567 682 718 1036 1268 
505 506 727 771 785 806 866 874 895 916 925 944 1240 1465 
34 89 130 135 190 282 284 384 494 649 721 742 853 1024 1386 1413 1442 
449 672 828 944 998 1022 1029 1112 1132 1427 
230 313 731 734 823 1102 1103 1148 1192 1337 1452 1473 
2 65 434 467 832 902 1155 1160 1326 1377 1466 
59 271 318 470 622 720 768 963 1062 1350 1414 1423 
269 506 519 552 614 631 869 967 1029 1035 1256 
18 207 223 253 308 570 699 854 959 972 1021 1068 1126 1452 
237 363 543 709 740 760 1024 1065 1393 1446 
25 107 184 364 551 676 852 889 988 1063 1208 1420 
254 472 554 574 680 1055 1086 1246 1268 1300 
123 179 398 507 519 958 963 1102 1343 1496 
374 653 731 892 1027 1092 1402 1441 
11 228 251 448 867 890 926 969 1155 1165 1463 
115 161 236 378 556 568 634 698 721 740 794 1032 1163 1307 1486 
276 428 460 830 870 969 1379 
49 159 300 446 508 654 760 807 837 979 982 1010 1176 1182 1342 
436 555 558 597 693 719 956 1089 1202 1307 1408 1463 
46 206 268 455 739 799 1091 1198 1412 
132 394 780 914 915 1049 1103 1119 1276 1314 1497 
103 110 218 303 406 494 561 576 595 630 944 1250 1296 1421 1426 
132 284 291 332 340 352 450 609 674 760 798 940 1257 1326 
89 172 228 448 646 723 815 882 1250 1335 1362 1474 
41 133 236 429 700 739 877 1174 1318 1354 
308 715 827 1010 1361 
10 292 391 447 832 890 953 1083 1119 1149 1229 1316 1399 
83 185 304 422 517 561 606 669 705 1092 
167 205 585 674 693 793 828 979 1217 1288 1306 1379 1447 
25 73 184 352 413 738 847 865 881 1013 1046 1107 1281 1301 1350 1438 1447 
386 612 966 984 1169 1403 1420 1470 
73 74 139 315 491 527 545 557 615 625 766 928 988 1030 1087 1202 1247 1283 1316 
470 485 487 488 661 846 961 1262 
139 530 901 1103 1422 1488 
711 806 1054 1102 1193 1326 1346 
134 156 241 243 264 359 502 844 981 1121 1339 1404 1449 1462 
3 43 62 117 122 262 346 480 487 642 1112 1217 1274 1390 1405 
299 430 448 588 799 939 1352 
201 349 547 576 665 764 
30 77 103 456 504 517 527 569 572 1131 1244 1414 1477 
154 173 236 347 636 756 821 833 850 1115 1241 1258 1262 1423 1432 
62 108 129 133 171 283 287 346 354 646 698 829 1039 1199 1228 1380 
246 271 495 615 721 729 749 960 1029 1036 1054 1069 1114 1128 1329 1471 1488 
22 248 259 363 373 510 1039 1214 1432 
131 373 387 498 564 571 854 879 1403 1410 
14 64 263 496 654 711 844 991 1069 1078 1401 1411 
146 259 541 576 587 601 817 913 916 919 1136 1184 1262 1351 1470 
565 743 784 1051 1257 1355 1468 1478 
130 302 387 572 602 901 1051 1223 1294 
55 65 437 818 846 1258 1378 1397 1431 
583 788 931 1084 1095 1466 
87 95 587 1122 1199 
317 360 386 424 502 894 936 1089 1150 
8 42 358 576 746 1086 1091 1116 1440 1446 1482 
255 508 563 883 919 979 1061 1200 1203 1287 1426 
32 38 77 267 472 528 635 750 915 1274 1312 1357 1461 1488 
19 132 377 456 632 641 705 866 1235 1237 1326 
182 346 353 358 364 462 549 550 588 660 823 1258 1410 1450 
2 411 416 593 757 803 1490 
117 215 260 409 491 524 563 631 642 785 789 871 1029 1313 1348 1383 
13 206 374 467 498 545 578 754 788 912 1035 1154 1163 1325 
102 172 235 275 357 434 481 485 712 717 762 835 885 1038 1045 1362 
68 97 109 163 204 210 293 467 712 737 815 915 1144 1229 1262 1418 
128 152 394 548 888 912 914 918 986 1027 1206 1327 1377 1447 1453 
478 551 667 699 811 921 1047 1063 1110 1220 1243 1280 1400 1472 
21 71 126 445 517 686 915 984 1027 1103 1113 1208 1289 1347 1428 1440 
43 83 86 90 206 819 1246 1348 1385 1487 
86 109 142 293 397 472 566 718 897 1038 1158 1169 1174 1204 1473 
94 247 475 960 1001 1178 1338 1361 1437 
144 254 267 417 594 598 672 684 739 804 808 971 977 1009 1028 1306 1341 1392 1412 
35 107 430 494 499 853 1011 1053 1183 1210 
61 79 203 304 481 523 584 635 773 870 942 1253 1452 
387 469 675 690 785 813 830 1208 1260 1308 
316 585 773 845 1176 1437 1457 
165 264 306 322 618 681 740 777 947 1024 1245 1269 1491 
54 245 434 626 908 950 1042 1299 1366 1459 1477 
420 444 510 525 587 701 711 800 1283 
131 225 410 568 696 867 942 986 1003 1022 1067 1149 1156 
344 376 397 446 697 744 825 826 1064 1066 1211 1228 1388 
152 407 441 510 772 1412 1427 1475 
53 85 243 448 454 504 677 717 831 833 1128 1191 1474 1492 
1 54 221 261 379 855 997 1275 
5 12 108 325 379 393 455 528 566 725 775 894 1120 1204 1380 1389 1438 
74 131 239 287 291 439 446 530 570 868 936 1239 1466 
158 167 289 365 384 403 428 647 1315 1456 
129 263 296 425 617 690 747 838 953 1025 1116 1117 1210 1312 1350 
148 516 625 1009 1271 1357 1404 1409 1482 
72 111 270 578 657 686 771 1114 1230 1269 1420 
250 292 359 416 464 533 600 724 736 815 845 1292 1309 
106 489 555 649 676 679 691 713 735 850 1153 1224 1225 1319 1409 
841 949 986 1012 1025 1234 1239 
37 205 415 614 630 757 795 1043 1091 1208 1291 1305 1306 1412 1457 1477 
106 159 168 184 308 380 491 815 908 1070 1179 1226 1320 1347 1363 1395 
153 584 653 684 701 716 748 917 1092 1202 1275 1298 1438 
14 298 348 377 594 738 775 876 1179 
23 40 79 227 549 861 896 1079 1087 1158 1200 1313 1324 1463 
68 125 257 264 512 629 764 903 930 1053 1069 1241 
179 435 469 771 827 854 859 1259 
83 291 1084 1313 1339 
179 224 293 403 473 538 654 719 1001 1177 1315 1355 1376 
33 138 295 559 608 852 1092 1406 1475 
73 88 219 397 452 566 640 650 868 1140 1452 
186 336 389 660 693 943 1099 1163 
212 338 375 551 624 673 698 780 836 893 1251 1492 
26 111 120 187 366 559 625 810 833 883 1014 1095 1490 
463 532 673 740 741 1146 1365 
232 341 370 421 464 537 636 647 708 710 751 849 1031 1194 1361 
70 158 404 519 536 591 763 790 1077 1093 1222 1265 1278 1300 1301 1479 
67 107 484 813 900 1006 1106 1355 1392 1442 1452 
152 302 420 494 583 659 869 926 1240 
155 213 511 561 593 869 916 1029 1306 1380 1443 
65 81 129 198 265 293 373 440 581 981 1021 1108 1314 1324 
59 318 578 599 784 813 895 1188 1234 1297 1363 1462 
240 322 354 394 410 418 674 845 926 977 1112 1353 1431 
65 288 587 646 856 916 1070 1096 1292 
187 190 298 333 588 687 710 924 1014 1066 1193 1274 1284 
51 66 203 335 427 452 572 576 600 679 1108 1138 1398 1497 
225 462 571 625 644 790 792 1312 1315 1337 
180 427 524 674 868 903 1018 1041 1150 1473 
106 125 189 229 329 539 701 778 1189 1198 1250 1296 1489 
179 218 240 383 455 507 644 684 803 972 1032 1088 
23 113 255 294 695 697 837 849 1175 1447 
29 53 314 549 567 859 873 964 1270 
199 213 269 293 452 662 782 805 879 1118 1203 1247 1260 1338 
163 361 400 590 611 757 793 798 951 988 1476 1493 
6 22 120 151 267 712 826 1302 1456 
15 31 80 231 284 422 691 953 985 1198 1345 1390 1402 1483 
150 186 333 382 568 593 621 698 735 948 1008 1176 1275 1409 1418 1475 
103 338 385 458 625 1067 1078 1104 1222 1257 1431 
129 841 1240 1274 1334 1356 
343 609 718 749 765 967 1072 1113 1118 1286 
54 100 138 205 575 909 1189 1460 1497 
96 160 384 538 734 963 1010 1079 1252 1476 
26 301 422 602 856 1053 1066 1072 1164 
87 385 673 758 1118 1171 1346 
116 359 446 466 491 526 589 690 752 882 968 984 1041 1095 1157 1296 1409 
116 356 486 670 942 1229 1272 1296 1343 1412 1491 
314 692 946 1032 1074 1209 1293 1295 1299 1335 1365 
36 146 447 671 1035 1095 1133 1162 1194 1215 1356 1408 
100 185 722 768 778 839 980 1133 1276 1303 1350 1407 1483 
32 146 166 270 317 576 726 871 1102 1142 1274 1375 1451 
347 551 616 637 638 830 843 866 906 914 1065 1073 1170 1368 
49 352 720 780 862 872 958 1367 1447 1479 
36 138 185 227 400 552 714 851 1023 1258 1371 1451 
258 399 499 646 1208 1328 1337 
118 122 228 369 542 660 720 784 1047 1075 1116 1334 
412 488 866 896 999 1247 1248 1378 1439 1471 1488 
115 133 166 227 242 419 535 599 712 715 1048 1075 1204 1314 1426 1450 
43 170 232 407 482 672 718 976 1077 
127 134 206 211 243 255 267 535 538 758 799 858 890 900 914 982 1095 1252 
30 265 603 611 745 1005 1267 1407 1412 1460 
244 397 468 600 625 634 1382 1405 
4 15 229 590 630 696 769 925 943 1452 
104 125 136 485 552 708 791 985 1072 1098 1140 1190 1206 1233 1303 1371 1384 
238 259 307 363 445 687 1079 1132 1382 1481 
66 181 586 775 1095 1106 1137 1155 1286 1388 1438 
80 99 161 366 488 704 795 807 813 894 912 932 1199 
16 277 395 548 752 772 859 1041 1109 1203 1454 1460 
129 192 253 781 955 979 1157 1176 1186 1211 1283 1401 1441 1475 
92 165 336 347 558 568 943 1012 1166 1230 
123 171 215 583 653 1150 1196 1417 
106 129 143 306 426 469 522 590 633 750 791 841 848 941 975 1145 
122 144 218 305 412 786 874 896 905 1029 1045 1183 1236 1263 1322 
298 383 466 511 795 986 1085 
91 107 112 152 169 236 401 508 654 678 759 1102 1109 1141 1179 1291 1345 1431 
321 322 341 391 725 755 810 865 907 922 990 
22 84 100 508 601 686 840 915 1053 1125 1148 1274 1449 
55 116 342 426 434 468 523 630 745 920 1066 1073 1106 1114 1201 1204 1237 1283 1357 1361 1391 1462 
334 387 468 585 735 812 931 996 1183 1246 
115 148 345 348 395 426 462 590 644 871 1019 1038 1153 1364 1389 1402 1452 
266 281 490 653 677 943 1116 1161 1214 1241 1247 1397 1457 
119 175 361 365 818 899 926 968 1022 1276 1337 1376 1422 1494 
49 217 509 837 1091 1152 1334 1361 
196 284 512 553 593 756 889 924 933 1005 1329 1481 
130 150 256 360 406 633 703 872 1025 1031 1309 1364 1367 
42 621 848 937 1082 1167 1401 1403 
108 590 694 743 997 1001 1088 1116 1298 1494 
59 90 309 385 491 570 599 658 777 896 1028 1169 1469 
42 64 218 257 309 426 504 755 829 942 1108 1120 1150 1294 1355 1413 
88 341 409 466 473 477 676 972 1130 1461 
526 627 989 998 1002 1009 1323 1340 1383 1468 
226 441 493 601 737 1095 1115 1316 1340 1365 
122 128 345 584 723 791 987 1028 1115 1135 1264 1378 
54 595 618 823 834 866 966 
82 496 498 699 703 716 795 1089 1254 1335 1375 1401 
263 334 383 775 821 845 1304 1447 
417 858 930 1068 1124 1202 1208 1212 1219 1430 
463 501 542 551 571 751 777 836 982 1148 1348 1414 1420 
28 133 166 354 449 489 921 1159 1425 
17 122 259 271 392 404 442 447 526 621 702 753 884 1024 1126 1278 1340 1384 1451 
312 329 343 353 360 397 538 737 868 957 1000 1129 1294 1302 1322 
103 260 338 363 535 675 707 717 728 793 1020 1149 1238 
11 246 303 557 560 583 654 739 888 1031 1060 1134 1172 1306 
105 122 345 381 501 542 792 1023 
66 144 247 272 335 515 518 542 590 746 847 1077 1154 1170 1215 1273 
85 96 105 391 417 776 870 912 
166 341 659 888 934 996 1005 1093 1115 1117 1173 1200 1224 1360 1390 1457 1473 
10 12 250 309 323 340 559 662 875 1144 1207 1302 1316 1364 1404 
66 311 637 755 915 957 1081 1285 
128 274 334 360 426 960 1126 1156 1216 1329 
222 411 522 753 1027 1132 1172 1176 1317 
85 86 313 326 337 348 365 422 680 1203 1337 1427 
30 60 180 185 201 399 557 779 967 1173 1240 1297 1358 1400 1444 
36 49 184 285 303 441 530 635 695 886 976 1062 1219 
24 52 101 238 313 345 355 429 602 815 830 861 869 960 996 1125 1130 1270 1273 1324 1416 
80 90 182 493 527 557 664 783 812 1191 
398 606 651 790 1030 1069 1402 1465 
123 474 539 557 560 656 658 1111 
166 173 286 547 750 757 1084 1415 1443 
69 123 201 334 713 907 975 1316 1328 1359 
33 185 257 332 380 381 402 521 580 830 955 1064 1261 1381 1413 1445 1474 
24 125 136 348 445 464 681 942 1033 1083 1123 1247 1444 
280 369 625 686 757 822 1002 1223 1323 
94 111 205 500 634 698 869 873 1458 
13 197 201 378 561 767 770 814 815 848 1032 1052 1090 1227 1292 1320 1422 
179 232 279 360 405 427 533 807 938 964 1137 1446 1483 
196 318 334 343 359 513 883 948 1346 1396 1491 
40 124 268 315 400 500 629 759 881 943 1130 1225 
84 377 612 760 779 812 822 895 925 966 1049 1230 1286 
98 153 187 298 335 632 843 871 901 1118 1357 
25 31 108 117 154 201 489 797 908 1087 1178 1332 1415 
228 315 345 377 406 410 898 905 1026 1335 
3 248 300 369 408 484 549 613 673 731 808 957 977 1461 
1 114 654 711 821 827 897 926 1014 1031 1233 1298 1377 
133 395 468 558 723 951 1072 
102 289 356 366 385 666 896 1025 1349 1356 1391 
123 250 495 551 617 646 852 939 967 1086 1244 1273 1314 
423 441 596 608 610 645 835 891 1095 1198 1286 1341 
956 1047 1283 1391 
123 187 188 255 496 503 508 721 801 844 858 863 1358 
157 204 386 482 1220 
25 104 247 394 409 436 501 846 1105 1180 1252 
68 222 397 587 619 872 929 939 1274 1428 
137 200 238 362 365 419 465 574 717 724 834 878 1104 1164 1226 1262 1313 1347 1426 1458 
26 138 159 358 507 668 742 853 909 974 1032 1056 1134 1193 1353 
98 225 226 421 438 462 527 681 757 778 885 1055 1093 1160 1378 
20 236 354 419 441 457 526 636 659 711 733 1023 1142 1308 1402 
337 354 521 643 710 795 927 947 962 966 998 1093 1148 1265 1276 1294 1413 1435 
271 488 490 555 1204 1413 
119 264 307 329 867 871 1024 1327 1385 1422 1465 
137 146 228 276 428 503 676 785 795 811 987 1223 1299 
272 278 321 369 803 861 1248 
56 174 196 374 397 671 698 769 793 849 954 1135 1152 1254 1310 
24 102 106 188 192 216 312 781 939 1025 1117 1323 1364 1435 
663 705 761 796 804 936 
246 409 598 748 794 920 1449 
13 28 461 771 821 1036 1168 1222 1270 1271 1389 1390 1458 
170 309 339 410 483 628 649 826 865 935 
333 470 539 822 967 1003 1113 1186 
96 103 226 403 602 789 958 1074 1261 
164 207 257 375 509 585 732 872 904 1005 1072 1123 1167 1216 1221 1246 1288 1429 1450 
1 54 129 144 301 313 368 764 851 879 910 966 1029 1061 1212 
498 571 676 717 727 820 941 1146 1489 
29 34 211 222 245 295 334 376 386 568 837 982 1041 1210 1218 1251 
127 156 350 464 499 502 521 808 843 867 887 1005 1030 1047 1140 1141 1245 
288 346 490 550 565 585 754 780 921 1118 1145 1147 1307 1453 1496 
87 268 287 361 777 804 877 913 998 1348 
67 87 308 498 628 713 801 1230 1357 
109 354 420 456 519 672 912 956 1024 1040 1268 1331 1400 1414 1423 
47 228 243 393 439 514 953 988 1012 1178 1258 1348 1375 1439 
113 136 251 333 619 683 879 905 953 1181 1276 
359 480 735 789 1049 1054 1326 1332 1482 
62 165 318 365 808 840 1003 1033 1063 1365 1431 
223 292 559 751 892 956 1222 
366 428 516 842 897 972 1176 1197 1263 1390 
48 118 132 136 203 323 375 389 495 533 669 794 1155 1428 
144 221 257 365 391 477 551 602 794 912 1021 1154 1159 1198 1201 1214 1231 1316 
83 202 344 655 945 974 982 1143 
123 290 306 702 787 1026 1104 1151 1221 1321 1332 1489 
66 173 491 510 516 573 597 1017 1036 1091 1179 1361 1385 
429 445 477 494 545 762 794 812 854 955 1063 1129 1287 1295 1314 1374 1408 
91 235 454 793 854 1022 1071 1310 
26 31 69 115 202 232 678 702 744 807 984 1132 1136 1234 1241 1321 
115 213 330 339 682 710 957 1030 1053 1105 1254 1280 1470 
257 720 892 974 1165 
87 98 291 377 380 537 558 769 1164 1242 
220 253 402 549 625 831 1056 1280 1367 1374 
27 63 250 379 518 709 924 947 1065 1313 1452 1494 
88 98 118 171 270 277 345 500 525 862 1074 1324 1336 1338 1416 1482 
371 425 515 550 607 641 703 801 1099 1163 
18 51 73 196 435 441 622 929 1007 1103 1173 1284 1437 1465 
110 139 229 423 440 521 566 692 801 847 887 1061 1123 1160 
53 102 305 311 313 322 343 504 563 639 732 1044 1170 1187 1372 1405 1419 1421 
260 262 359 637 695 958 1031 1324 1461 
160 228 384 408 591 622 656 692 845 869 905 1194 1245 1449 1453 
51 168 348 414 551 572 629 862 882 990 1040 1173 1258 1354 1424 1474 1477 
181 214 703 728 1253 1398 1423 1427 
84 480 546 853 979 1045 1197 1239 1281 1297 
4 53 55 93 95 643 787 943 1017 1096 1141 1149 
79 118 740 833 915 1007 1043 1229 1295 1326 1358 1408 
44 149 205 219 311 555 578 654 736 923 1181 1312 1419 
70 241 424 591 755 1067 1148 1242 
19 46 162 375 775 891 936 980 1162 1274 1321 1488 
193 536 550 589 637 695 1067 1104 1161 1213 1380 
379 660 671 894 904 926 1007 1127 1241 1325 1453 
117 227 403 486 674 1068 1229 1249 1253 1325 1341 1391 1497 
255 425 446 872 1015 1044 1092 1150 1203 1213 
67 223 325 347 371 380 424 488 537 783 982 1057 1094 1163 1232 1236 1483 
333 474 1055 1071 1090 1136 1217 1383 1467 
100 493 544 745 803 944 1146 1178 1374 1479 1485 
6 55 77 220 496 794 822 915 1187 1262 1365 1396 
209 298 355 414 528 984 1193 1219 1256 1270 1291 1371 1398 1434 
60 72 113 161 222 227 279 440 599 640 667 733 838 1091 1162 1355 
6 129 170 282 333 519 562 610 651 847 1084 1236 1265 1401 
158 167 181 224 568 613 637 706 830 856 864 1183 1428 
34 147 332 557 569 650 679 778 856 1201 
166 552 575 701 722 831 1056 1099 1107 1275 1280 1353 1427 
22 608 775 1308 1388 
130 245 260 267 463 518 800 902 1025 1162 1390 
36 132 519 709 770 774 906 949 950 952 1074 1141 1151 1172 1183 1265 1267 
22 224 415 474 509 625 648 767 843 959 1195 1407 1491 
3 163 226 264 615 697 1012 1018 1343 
134 183 200 402 572 607 675 692 773 785 876 963 1089 1165 1227 1361 
31 87 380 567 571 918 956 975 1294 1318 1456 
272 459 506 536 556 774 1046 1329 1345 1481 
3 54 458 556 567 646 689 768 949 1439 
101 160 592 683 717 876 977 1139 1221 1229 1276 1293 1324 1346 1368 1484 
390 633 713 866 947 1151 1188 1198 1267 
33 59 114 201 261 313 379 471 516 622 811 869 878 893 1050 1097 1125 1344 1479 
249 331 452 806 1013 1103 1318 1453 
232 250 355 398 650 672 814 956 974 984 1018 1195 
377 531 643 722 723 727 875 1027 1045 1119 1186 1207 1417 1450 
79 279 307 323 494 528 829 1334 1346 1401 1479 
19 149 204 206 520 528 539 635 777 793 806 864 1036 1189 1206 1303 
69 295 311 312 368 634 724 882 909 910 925 980 1035 1180 
65 216 241 305 669 774 948 1133 1276 1326 1438 
7 150 176 392 1115 1321 
12 462 539 590 638 696 1041 1246 1392 
100 155 199 211 547 592 678 802 958 1076 1410 
107 142 243 323 479 581 683 741 1275 1387 1466 
351 442 454 551 580 633 717 834 873 982 997 1376 1481 
212 765 865 956 1031 1091 1224 1430 
692 699 774 996 997 1161 1396 1435 
75 323 410 414 527 541 620 1221 1328 
41 83 208 557 1013 1044 1079 1083 1336 
124 473 545 549 1196 
144 180 405 431 526 562 764 817 884 1056 1060 1244 1350 1410 1474 
75 112 205 215 539 585 786 1188 1349 1448 1449 
66 105 139 292 374 644 831 902 1141 1172 1399 1441 1458 
80 119 391 558 619 711 990 1035 1194 1205 1333 1389 1424 1425 
252 366 502 746 785 824 857 863 1035 1144 1284 1440 1458 1467 
176 205 297 592 754 1101 1247 1290 1396 
23 109 280 439 505 514 648 675 940 1046 1070 1166 1381 
13 106 176 180 488 659 671 779 799 847 1203 1231 
65 176 290 300 382 441 487 847 955 985 1031 1040 1261 1289 1349 1370 
233 332 364 534 560 919 1118 1129 1236 1269 1279 1346 1475 
314 382 399 499 547 665 667 918 1193 1333 1428 
175 203 236 279 321 413 552 661 710 969 1221 1256 1470 1472 
561 578 909 912 956 1073 1266 1457 
88 325 349 443 633 775 845 918 970 
72 86 135 146 165 214 253 414 466 553 1137 1232 1313 1342 1454 
2 4 127 186 370 409 566 580 620 728 783 1016 1080 1157 
108 189 328 373 444 550 817 822 965 1208 1487 
39 125 601 715 846 880 985 992 1001 1056 1218 1358 1467 
50 53 188 204 328 396 401 645 694 698 708 712 801 854 907 990 1375 
72 214 288 398 490 669 937 1066 1144 1457 
140 357 361 422 784 791 1007 1287 1316 
331 337 375 778 801 919 1079 1355 1383 1402 1430 1442 1473 
88 179 196 398 484 702 824 830 863 902 1149 1155 1413 
140 373 384 807 998 1055 1086 1201 1414 
30 99 183 224 322 426 563 574 1024 1085 1349 1424 1477 
3 123 145 486 540 723 750 875 1122 1225 1445 
73 145 151 458 587 829 1121 1168 1295 1425 1462 1487 
156 264 378 579 782 897 925 937 1221 1282 1291 1304 
81 161 198 308 310 373 697 777 902 915 1198 1209 1297 1315 1428 
316 394 454 512 885 1111 1247 1338 1343 1363 
41 81 100 187 220 223 413 515 587 685 695 775 793 806 827 850 986 999 1107 1226 
142 254 307 952 1021 1034 1099 1203 1221 1399 
43 140 240 317 509 572 577 578 721 1052 1272 1387 1390 1440 1478 
136 360 687 781 824 936 961 984 1049 1087 1220 1229 
14 403 486 549 579 598 967 1025 1199 1271 1279 1402 1417 
49 338 423 510 1104 1251 1296 1446 
230 408 413 462 572 574 702 737 1030 1180 1256 1328 1424 1478 
171 183 209 577 600 712 1074 1277 1292 1444 
338 421 452 559 598 864 874 979 1089 1132 1168 1196 1489 
19 54 129 151 156 251 402 447 453 560 668 825 1195 1249 1315 1415 1489 
467 956 1438 
100 130 354 381 398 425 562 623 736 
72 87 305 344 651 674 1041 1312 1348 1423 
64 215 311 524 790 843 1027 1082 1085 1145 1290 1304 1325 1337 1417 1420 
137 203 262 523 867 950 1234 1314 1323 1359 1402 
65 220 422 658 1267 1282 
102 130 279 324 333 380 480 537 600 731 930 1119 1175 1178 1298 1350 1449 
175 183 349 379 477 595 733 820 850 1025 1081 1090 1178 1252 
46 199 226 445 466 467 655 993 1028 1149 1278 1301 1369 
92 617 668 760 780 859 916 938 1105 1111 1141 1229 1238 1261 1280 1307 
53 177 227 347 636 709 742 764 808 900 919 1084 1287 
465 997 1132 1491 1496 
249 701 919 961 1041 1375 1458 
74 232 359 409 570 1291 1302 1411 1484 
18 489 578 625 678 1004 1116 1396 
12 23 53 85 94 121 291 293 335 553 751 752 801 866 935 947 1018 1033 1127 1286 1287 1302 
251 437 458 589 648 655 672 691 799 848 971 1104 1148 1310 1377 1427 1469 
250 419 441 526 614 827 867 894 911 1118 1251 1361 1375 1419 1459 
31 243 276 293 334 607 724 807 893 1074 1110 1127 1152 1365 1374 1425 
39 43 143 263 351 392 467 471 481 761 1154 1299 
19 505 655 900 934 1010 1385 
60 190 477 613 626 804 938 1071 1171 1179 1302 1315 1371 1434 1492 
111 138 289 331 337 338 651 826 1010 1042 1090 1108 1293 1377 1466 1477 
153 1056 1298 
443 793 1121 1199 1235 1367 1390 
4 175 204 414 479 575 672 733 750 763 843 993 1368 1436 
65 431 747 832 996 1003 1055 1210 1215 1482 
182 352 472 490 1164 1277 1280 1455 
207 301 633 784 935 993 1022 1114 1191 1226 1290 1345 1362 
58 92 201 239 266 366 420 479 514 784 841 935 1089 1189 1191 1342 
201 399 423 437 496 576 850 951 1000 1102 1132 1308 1322 1338 1375 1390 
19 45 154 208 247 285 331 370 410 429 474 564 674 924 974 1038 1258 1288 1450 
41 77 83 151 287 297 450 491 683 691 1014 1229 1448 1486 
317 494 535 742 969 998 1096 1322 1324 1377 1451 1484 1487 
155 568 626 819 861 1064 1125 1170 1243 
18 61 89 141 162 233 382 434 728 1218 1351 
122 159 458 459 1223 1251 1433 
108 175 336 346 349 351 449 478 619 747 1111 1137 1495 
107 162 303 368 419 483 611 619 644 795 826 858 1042 1181 1304 1408 1433 
72 244 248 341 407 518 597 919 1023 1141 1396 
36 336 351 489 519 620 1139 1241 1261 1375 
165 171 254 358 492 622 636 690 992 
94 447 480 521 642 644 783 784 823 1087 1118 1377 
135 198 203 426 504 712 1040 1104 1271 
188 551 581 582 652 717 981 1010 1088 1100 1125 1160 1193 1247 1277 1491 
35 53 77 91 191 399 570 572 573 802 861 915 960 1086 1119 1321 
211 226 245 425 495 1011 1288 1307 1358 
48 144 266 457 459 690 741 801 949 993 1038 1192 1282 1340 1386 1437 1472 
129 159 221 271 303 397 448 554 741 758 804 859 1186 
66 99 116 183 449 784 1164 1319 1323 1330 1334 
10 152 227 321 533 565 624 679 757 831 847 862 985 1069 1151 1354 
188 261 331 396 457 733 783 890 1363 1415 1476 
183 192 260 429 456 512 516 565 644 837 845 1018 1067 1192 1202 1293 1393 
61 87 413 565 691 753 796 815 836 1046 1275 1286 1497 
75 121 155 377 504 516 767 857 1141 1154 1182 1291 1362 
275 450 545 758 890 1111 1399 1428 
35 122 165 182 190 197 260 284 550 658 688 856 994 1103 
39 512 517 877 1026 1098 1177 1203 
92 204 231 256 434 492 512 534 611 618 955 994 1178 1237 1260 1301 
507 514 665 702 740 1118 1342 1469 1474 
354 474 495 846 874 1030 1397 1402 1466 
59 101 255 473 564 789 982 1201 1281 1315 1372 1473 
99 113 564 615 656 859 868 968 1028 1045 1209 1219 
59 194 253 304 336 916 1331 
215 237 326 585 751 800 1077 1132 1135 1144 1166 1244 1461 1473 
65 73 112 113 172 217 312 394 399 481 584 627 694 1063 1077 1464 
127 299 647 1102 1311 1329 1377 
190 195 220 258 376 506 510 639 704 733 874 910 1221 1225 
181 201 259 883 956 1378 1401 
279 437 536 668 761 833 903 912 1093 1099 1189 1467 
268 296 305 313 320 338 471 657 735 883 1338 1403 
9 251 428 435 877 1189 1219 1235 1342 1425 1450 
29 98 460 472 485 688 691 819 1420 1428 
202 254 271 317 666 672 722 767 801 923 937 1072 1339 1405 
213 238 750 766 1053 1063 1156 1428 
104 165 327 527 671 829 929 971 1072 1096 1304 1434 
8 371 607 1084 1169 1242 
31 66 162 413 559 651 1029 1157 1181 1215 1437 
13 26 47 213 389 514 518 693 1256 1307 1369 1411 
256 291 321 446 629 753 908 944 1163 1264 1292 1303 1328 1350 
23 232 260 295 517 526 979 983 1197 1315 1369 
190 310 325 497 791 1063 1156 1161 1192 1302 1372 
192 277 348 393 410 675 701 735 876 1099 
137 294 613 934 1001 1140 1356 
135 664 770 799 813 1012 1091 1126 1179 1220 1230 
74 693 758 759 795 939 984 1117 1210 1253 
171 350 710 747 912 949 966 1083 1211 1213 1449 
423 456 538 596 642 661 703 726 861 1010 1145 1333 
37 244 371 451 696 846 951 974 1242 1310 1409 
5 166 274 826 849 1002 1035 1156 1158 1247 1397 1432 
11 371 447 785 859 942 1042 1074 1084 1104 1117 1486 
40 268 294 558 578 654 679 732 1043 1140 1172 1392 
33 133 138 174 362 782 888 922 1136 
100 366 448 541 603 712 768 772 964 990 1054 1303 1344 1482 
50 151 235 537 776 836 1472 
113 175 186 455 582 660 691 871 883 1019 1034 1169 1182 1234 1459 
119 285 781 978 1173 1179 1188 1427 
78 229 370 529 618 889 1405 1443 1462 
218 327 578 617 675 702 743 822 1260 1275 1288 1384 1398 1426 1483 
376 404 483 557 558 850 857 907 
84 477 495 560 803 872 892 1008 1037 1202 1216 
51 271 319 333 666 789 839 907 1140 1243 1456 1463 
9 150 424 428 462 561 665 686 723 825 920 1034 1075 1099 
521 771 1182 1330 1360 1411 1452 
130 247 570 648 777 1086 1187 1215 1278 1283 1298 1319 1442 1484 
175 230 248 261 272 295 356 420 454 534 785 875 897 908 1116 
106 219 541 554 676 965 1071 1354 
77 86 324 585 659 758 838 1069 
391 401 643 684 725 843 857 1008 1351 1389 
18 240 361 429 599 812 1130 1325 1327 1344 1455 
80 105 114 165 235 296 311 702 984 1077 1104 1297 1311 1435 
151 203 687 697 1141 1168 1177 1281 
126 200 363 686 689 746 1110 1116 1264 1390 1437 
10 135 305 318 461 474 493 548 658 721 815 825 832 911 1234 1290 1366 1398 1437 
11 159 295 357 468 690 767 952 977 992 1013 1095 1104 1179 1373 1431 
2 6 199 215 347 467 684 783 1280 
184 250 380 530 561 827 957 987 1250 1401 1426 1438 
285 342 427 437 448 787 993 1077 1100 1139 1270 1454 
61 127 285 471 660 864 1038 1165 1354 1412 
426 587 764 992 1205 1236 
34 48 98 245 446 655 897 899 967 1175 1245 1300 1320 1342 1491 
5 41 66 125 200 423 724 994 1038 1050 1233 1244 1246 1275 
48 180 203 562 607 779 844 1229 1254 1333 1348 1477 
99 381 432 465 628 794 813 874 949 956 1026 1138 1185 1235 1432 
11 50 261 264 313 482 558 562 572 675 907 933 950 993 1010 1145 1220 1247 1270 1294 1330 1339 
32 137 371 498 1049 1087 1194 1250 1277 
137 167 185 258 288 370 459 750 1067 1109 1248 1249 1296 1321 1448 
132 228 250 586 820 958 977 1334 
92 122 454 486 536 624 936 1108 1400 1477 
146 233 391 686 982 990 1091 1206 1450 
16 70 245 449 464 664 707 837 952 971 1058 1085 1145 1167 1259 1422 
350 447 522 542 597 727 732 859 959 1081 1100 1156 1295 1389 
42 67 564 668 678 724 772 1117 1264 1342 1409 1491 
8 59 83 94 120 157 237 304 314 659 694 788 855 861 883 926 928 971 1020 1076 1096 1259 1263 1452 
161 189 243 308 336 367 434 611 723 878 984 1030 1229 1350 1448 
11 78 82 411 528 536 540 640 774 776 887 1154 1371 1415 1485 
49 123 351 428 582 780 803 899 1202 1320 1383 1497 
112 128 231 590 678 800 1126 1132 1199 
321 351 525 576 633 731 760 849 901 1078 1166 1228 1336 1491 
114 253 340 380 487 627 653 767 881 1152 1187 
82 201 246 289 438 615 638 797 830 874 1241 1313 1473 
176 491 607 784 907 1035 1194 1208 1215 1296 1336 1438 
15 74 267 341 717 818 833 1198 1231 1254 1255 1298 
7 125 129 134 388 940 1017 1164 1253 1361 
30 349 604 650 723 959 987 1203 1306 1335 1431 
5 182 490 579 622 752 836 936 993 1045 1096 1186 1322 1436 1477 
97 369 593 621 678 884 974 977 1062 1196 1258 1295 1396 1444 
20 208 446 490 700 723 830 1049 1177 1208 1336 1357 1456 
84 127 378 519 529 589 652 788 966 1258 1340 1363 
100 171 409 469 499 675 887 895 943 1022 1073 1199 1200 1222 1324 1363 
47 280 777 787 903 1187 1332 1355 
18 141 282 386 438 487 595 673 818 936 1004 1235 1389 1497 
83 129 147 213 292 402 464 536 545 593 682 828 902 916 1079 1138 1326 
102 247 249 278 366 671 813 849 892 1224 1240 1260 1335 1364 
166 172 257 262 439 522 551 956 995 1062 1132 1162 1240 1269 1284 
216 335 456 486 602 618 644 669 723 759 790 828 882 1056 1207 1311 1361 1428 
154 233 323 384 396 626 740 752 773 846 951 1003 1005 1019 1132 
54 224 314 735 911 921 1011 1045 1069 1216 
126 308 416 472 534 652 657 666 679 715 898 
233 260 449 570 611 678 709 1287 1352 
155 345 820 828 883 889 945 1128 1138 1151 1182 1387 
8 218 355 379 1036 1123 1155 1349 1441 
51 56 91 144 417 672 775 881 914 960 1086 1122 1192 1225 
37 109 115 404 460 473 552 804 1129 1486 
213 237 264 628 635 848 854 937 1081 1145 1159 1380 1438 1487 
4 58 71 510 833 888 916 1045 1113 1428 1475 1478 
1 8 209 231 310 356 622 632 649 931 941 1015 1063 1359 1420 
259 298 513 631 877 1006 1074 1101 1162 1322 1410 
18 576 592 728 883 981 995 1034 1158 1385 
88 459 632 1009 1317 1333 
216 229 279 561 567 634 700 830 897 936 946 1000 1100 1440 1468 
68 233 270 536 552 573 592 615 698 960 966 1142 
137 281 425 428 456 476 801 864 1098 1266 
12 54 133 162 172 246 598 605 826 862 1031 
320 498 585 653 813 863 904 939 981 1403 
56 265 347 427 437 510 710 871 972 1073 1116 1194 1225 1441 1456 
221 296 471 608 717 941 1159 1316 1317 1371 1389 1414 1436 1448 
19 77 222 265 455 508 631 950 982 1041 1051 1074 1172 1493 
60 97 111 115 159 185 247 271 357 386 498 691 787 982 1099 1105 1299 1318 
152 208 328 476 1085 1149 1232 1292 1344 
16 168 667 690 842 966 976 1004 1199 
220 237 263 450 532 602 725 848 862 1006 1038 1060 1081 1179 1201 1256 
333 412 416 502 516 579 618 630 727 1014 1211 1259 
7 318 328 423 430 607 768 1447 
300 587 750 758 903 1199 1243 1299 1354 1487 
171 200 388 723 749 836 918 1062 1117 1361 
448 995 1023 1370 
97 100 110 335 650 805 860 872 882 1014 1095 1105 1250 1252 1302 
18 66 111 250 297 498 777 801 827 848 900 
18 153 421 453 530 679 731 884 1435 1454 1487 1497 
250 259 381 417 491 606 695 752 825 834 1062 1148 1236 1247 1414 
178 189 220 367 380 483 842 877 946 
205 206 269 291 498 517 563 613 731 810 869 909 1035 1164 1218 1281 1340 1359 1393 1421 
233 353 401 461 732 763 793 794 1019 1066 1121 1493 
287 739 770 789 1286 1319 1423 
169 291 497 678 748 753 1019 1168 1343 1393 
71 237 328 738 850 1133 
20 205 224 335 377 396 460 474 564 662 696 817 868 913 1177 1213 1292 1363 
76 120 144 211 274 292 725 866 924 1026 1035 1158 1236 1326 1497 
9 162 243 738 766 897 926 935 1101 1105 1305 
136 150 286 289 418 830 1069 1191 1199 1295 1352 1381 1392 1446 
91 146 159 186 373 512 633 729 805 871 900 1126 1152 1244 1313 1393 1496 
283 450 465 593 1027 1055 1254 1291 1316 1391 1469 1475 
143 167 326 368 465 505 622 654 664 667 675 705 731 980 1090 1307 1336 1398 
139 232 377 468 538 641 652 874 902 983 1065 1108 1364 1460 
6 107 127 226 309 628 701 718 745 872 1101 1219 1265 1284 1384 
284 607 752 808 991 1169 1194 1196 1402 1490 
64 145 396 465 651 702 1300 1397 
111 134 335 430 495 555 688 831 998 1146 1220 1446 1461 1492 
186 721 955 969 1004 1213 
860 1042 1068 1435 
101 148 157 366 526 658 709 712 723 804 858 861 930 931 939 1019 1077 1163 1248 
110 129 394 426 611 651 713 972 1029 1135 1294 1399 1441 
21 380 446 527 545 571 587 778 994 1192 1473 
148 276 894 907 1105 1193 1205 1271 
103 117 123 233 271 312 405 590 602 677 894 940 1482 
57 92 232 434 521 846 879 1006 1049 1240 1273 1365 1390 
106 121 206 325 334 516 968 1163 1314 1334 1459 
3 173 238 716 719 815 868 880 1223 1241 1355 1381 
12 137 163 168 213 336 714 979 1196 1291 1296 
153 159 218 249 433 579 676 976 1471 
62 117 249 473 567 568 1078 1317 1354 
42 124 146 378 530 553 781 911 934 1016 1169 1276 1287 1306 1314 1358 
21 83 191 320 618 887 899 988 1031 1282 1314 1366 
222 416 954 1051 1069 1119 1126 1144 1438 
4 294 311 443 725 847 962 988 1111 1157 1191 1244 1290 1294 1350 
197 338 484 632 1076 1077 1248 1332 1418 
8 43 64 229 546 557 606 1020 1072 1090 1204 1398 1399 
15 76 137 237 389 715 844 926 1324 1339 1419 
42 119 186 274 705 824 840 978 1150 1309 
20 95 199 305 352 505 545 594 646 704 784 848 863 1164 1233 1364 
69 250 331 407 535 584 902 937 953 1000 1021 1130 1198 
279 301 535 665 676 710 726 764 1244 1386 
333 344 573 599 715 1418 1483 
85 133 141 204 399 485 800 1165 1335 1480 1483 
19 136 309 322 342 435 760 829 903 1022 1080 1098 1412 
184 317 764 772 790 943 961 1010 1080 1144 1211 1272 1311 1347 1391 1392 1423 
202 235 268 352 356 379 570 868 966 1061 1298 1302 1380 
43 120 278 293 568 575 605 627 704 766 928 956 1010 1245 1294 1335 1380 
14 120 308 361 605 675 991 1221 1417 1433 1453 
85 113 134 138 153 161 166 362 529 658 755 831 841 909 1011 1069 1099 1104 1138 1141 1313 1478 
388 539 589 824 1110 1249 1304 1375 1496 
205 414 848 861 879 984 1025 1057 1060 1157 1279 1334 1380 1389 1428 
85 108 117 251 545 713 904 1172 1302 1310 1328 
39 182 240 395 480 530 639 752 756 911 925 1022 1340 
274 475 1035 1188 1230 1313 1448 
50 65 175 594 719 758 883 1033 1188 1205 1328 1438 1465 
358 454 574 593 634 659 996 1080 1113 1235 1293 1312 1340 1359 1396 
108 150 283 459 613 703 904 929 1111 1256 1260 1267 1288 1314 1402 1413 1489 
25 296 386 419 782 1039 1096 1224 1309 1313 
58 358 453 604 714 904 1133 1219 1247 1272 1285 1441 1468 
9 125 145 231 241 390 623 945 960 1121 1220 1341 1351 
131 223 301 613 652 756 784 909 921 1013 1072 1236 1287 1470 
85 215 217 456 676 846 1021 1167 1277 
69 453 458 469 476 655 948 954 988 1041 1402 
10 45 103 131 226 238 299 329 436 451 493 510 682 785 789 901 952 1247 1295 1395 1400 1431 
70 339 614 655 806 827 871 980 1066 1122 1300 1330 
143 218 321 331 400 467 508 624 670 708 818 832 1000 1028 1106 1152 1197 1399 1450 
71 263 283 379 449 501 733 1271 1277 1356 
128 346 362 487 642 1107 1225 
60 121 164 247 286 399 529 656 835 966 1023 1053 1240 1283 1391 1464 
18 55 130 302 387 513 616 742 857 1023 1115 1202 1241 1432 
87 107 131 267 507 612 769 953 1079 1210 1224 1231 1270 
349 441 495 562 571 635 802 899 956 
191 256 289 500 548 549 562 569 661 750 772 1086 1385 1450 
38 79 145 203 216 384 456 484 610 625 775 890 902 941 1212 1409 1470 
84 306 481 803 1152 1208 
412 432 637 670 698 887 998 1022 1360 1437 
32 194 204 653 668 828 1065 1130 1147 1366 
203 393 405 581 621 714 775 933 1017 1114 1194 1392 
35 51 251 261 350 523 675 756 800 811 833 1221 1232 1351 1427 
7 297 305 326 500 601 1258 1267 1294 1296 1337 1467 
142 261 337 1039 1081 1194 1209 1305 
111 172 268 335 386 415 467 510 544 713 871 988 1334 1478 1490 
159 389 409 410 414 444 643 713 1067 1177 1300 1331 1354 1368 1378 1469 
134 142 235 300 307 328 381 384 558 605 811 1236 1242 1264 1282 1285 1412 
20 104 115 119 388 573 804 840 867 1038 
65 364 660 1269 1283 1350 1453 
118 166 268 831 936 958 1034 1053 1236 
119 163 181 293 487 536 604 814 935 972 1079 
24 101 127 220 452 584 657 754 790 1372 
23 46 373 401 423 425 498 501 535 567 593 692 708 848 853 916 918 965 1199 1424 1436 
472 565 783 829 892 961 975 998 1137 1301 1362 
28 202 264 385 443 620 656 786 922 943 1014 1083 1205 1408 1469 
93 213 388 400 541 568 683 731 796 912 1245 
267 707 721 811 911 1094 1179 1463 
145 178 463 467 510 776 917 1171 1191 1276 1325 1330 1339 1454 
71 161 300 359 416 503 538 853 899 951 971 1155 1277 1362 
6 213 366 398 406 530 726 843 858 905 1185 
30 98 135 143 821 1051 1199 1246 1288 1427 
22 248 309 712 930 1060 1104 1132 1296 1307 
24 208 384 462 790 795 805 847 856 1028 1034 1036 1179 1191 1304 1357 1480 
48 312 349 362 414 629 884 1117 1468 1473 1497 
38 89 114 216 252 256 300 604 643 673 694 852 1051 1146 1391 1426 1479 
358 464 799 1116 1148 1357 
41 167 206 232 236 348 358 573 633 738 938 1118 1309 1440 1485 
54 823 985 1102 1259 1459 
42 106 190 480 496 717 869 1055 1406 
80 193 315 662 671 777 882 921 942 1468 
125 143 210 554 592 1145 1156 1255 1279 1316 1438 1481 
396 527 647 680 1004 1401 
3 73 184 329 367 390 809 921 1104 
1 37 122 356 362 392 444 496 618 979 1130 
7 148 201 327 562 816 1052 1082 1147 1264 1270 1346 1445 
42 133 484 502 513 749 761 872 906 950 1116 1126 1148 1407 
128 222 519 622 633 710 867 987 1173 1353 1389 
125 222 269 391 542 558 609 693 1083 1125 1148 1178 1304 1378 1404 
169 241 367 510 537 636 708 776 952 964 974 1157 1175 1257 1269 1427 1435 
110 124 147 172 672 675 680 788 890 956 988 1186 1373 1451 
113 118 119 185 322 466 506 595 755 802 870 970 1239 1350 1494 
11 81 160 216 285 348 354 448 502 660 667 690 720 867 899 916 1045 1148 1205 1326 1371 1397 
84 224 420 450 482 570 728 760 798 952 1098 1248 1272 1448 1460 
55 149 170 546 633 777 
31 184 224 248 433 589 662 685 790 939 1191 1332 
141 327 377 474 710 928 1223 1361 
27 78 79 205 371 780 853 1134 1415 
247 331 573 614 665 705 952 1042 1074 1251 1327 1453 
161 265 316 397 572 650 1044 1219 1268 1286 1414 1451 1470 
58 229 446 627 918 1090 
55 78 283 621 1244 1296 
310 406 749 796 892 1004 1121 1224 1343 1496 
3 109 234 273 305 549 760 884 904 999 1354 
408 700 711 891 981 1199 1331 
11 45 285 363 398 454 523 545 628 808 858 932 1090 1340 1419 1464 
65 179 189 373 642 748 947 1150 1452 
79 84 125 217 232 257 329 428 493 572 1229 1324 1361 1381 1454 
71 176 193 375 497 580 608 676 736 773 863 1187 1330 1470 
14 76 173 338 425 447 487 488 570 745 811 1112 1172 1191 1244 1276 1360 
305 319 358 536 684 701 708 750 762 801 880 1117 1135 1141 1343 1402 1426 
250 265 386 609 658 673 880 1129 1152 1185 
71 117 184 233 510 527 550 619 716 970 1118 1236 
287 395 948 1027 1058 1071 1104 1154 1387 1465 
110 154 244 370 813 890 1082 1230 1312 1330 1393 1463 
43 146 214 378 431 801 807 835 957 1002 1037 1094 1239 1276 1293 1458 
152 188 241 414 415 498 684 1131 1177 1238 1382 1440 1482 
225 653 918 1212 1224 1282 1359 1374 1417 
258 277 448 449 576 811 914 1034 1045 1080 
100 484 574 619 628 781 991 1048 1385 
30 293 330 373 558 731 808 843 1169 1173 1394 1405 
241 266 301 529 568 582 610 651 969 1146 1280 1408 
15 112 130 707 730 960 1135 1147 1262 1429 
96 239 348 385 554 565 607 653 731 762 900 914 1116 1315 1405 1475 
50 57 99 107 142 286 422 429 570 693 701 894 923 1047 1052 1172 1446 
39 53 110 373 484 502 694 750 846 1063 1410 1474 
448 467 518 638 692 1497 
34 80 89 173 309 391 475 883 958 1068 1287 1443 
130 145 200 285 290 327 461 535 718 915 1031 1081 1214 1331 1356 1489 
158 221 383 398 524 537 796 825 830 971 1029 1221 1311 1325 1383 1456 1489 
72 227 245 262 334 582 717 738 757 942 1161 1275 1351 1374 
151 253 254 348 357 428 462 712 817 957 1141 1174 1207 1234 1235 1243 
24 28 94 160 215 339 829 1111 1336 1398 
203 284 313 363 383 615 695 721 776 793 1016 1085 1152 1238 1340 1342 1454 1471 
286 318 376 394 440 620 707 725 824 907 1018 1102 1284 1495 
58 125 266 357 474 1177 1481 
40 61 111 145 306 518 580 587 643 660 724 996 1002 1023 1097 1157 1196 1258 1275 1299 1331 1456 1461 
341 465 505 625 948 1037 1127 1302 
86 238 456 460 602 880 983 1103 1231 1332 1346 
127 132 168 400 577 591 687 711 1129 1135 1149 1196 1296 1311 1409 
113 136 377 462 654 935 1073 1174 1195 1290 1304 
1 14 188 267 395 404 736 762 1137 1184 1326 1459 1472 
78 92 497 738 848 849 876 884 1195 1202 1217 
120 173 361 659 682 961 1022 1204 1320 1359 1385 
99 167 279 429 468 675 707 818 904 1197 1202 1211 1224 1478 
198 248 360 588 590 615 653 680 688 766 865 930 936 1190 1316 1431 1471 
42 333 480 666 709 812 841 880 908 1064 1300 1312 1458 
2 32 205 379 509 1177 1275 1305 1362 
5 23 29 347 1055 1426 1433 
30 398 425 655 669 743 787 994 1182 1195 1279 1368 1415 
5 95 207 336 340 612 685 890 934 1088 1166 1212 1305 1412 
154 317 617 680 907 1163 1330 
38 94 158 170 293 571 575 785 828 852 888 1106 1129 1317 1331 1389 
371 436 842 1014 1088 1495 
29 157 407 418 620 673 802 840 983 1110 1267 1347 1358 1485 
33 247 462 538 948 1046 1071 1135 1334 1359 
18 196 226 300 438 537 734 735 862 946 969 1101 1290 1318 
28 145 256 362 669 961 981 1352 1401 
49 239 290 306 321 369 1083 1379 1495 
38 95 211 367 408 507 625 640 690 719 902 1013 1071 1131 1220 1261 1382 
365 678 903 1079 1250 
98 315 640 656 743 783 807 830 919 922 926 1076 1150 1363 1401 1446 
252 293 530 540 708 721 861 928 1030 1069 1143 1314 1384 
177 192 363 658 775 1122 1128 1200 1425 
50 90 106 108 149 452 482 502 508 672 724 751 785 897 952 1320 1385 1465 
43 111 240 262 589 670 704 755 898 1003 1134 1180 1259 1271 1358 1361 1399 
116 394 438 694 763 768 770 841 882 1334 1341 1497 
42 105 129 132 306 365 404 428 808 920 938 1346 1360 1374 1426 1443 
16 26 285 453 824 
1 50 66 309 353 498 619 621 644 661 734 872 889 1249 
113 133 219 236 364 599 625 884 1108 1352 1491 
275 378 468 492 712 760 772 955 1332 1416 1469 
395 468 587 943 1175 1198 1219 
8 107 537 633 677 742 764 805 1115 1436 
204 207 300 339 402 410 492 589 606 804 1193 1264 1295 1368 1464 
190 400 717 983 1013 1056 1235 1256 1321 1392 1403 
26 31 164 207 285 293 682 856 861 1009 1042 1205 1218 1310 1346 1361 
24 68 106 164 199 206 209 310 342 433 444 508 565 866 987 1188 1381 1411 1429 
79 143 145 190 254 258 529 583 672 685 801 830 1001 1028 1074 1106 1119 1125 1384 1490 
57 237 806 980 1203 1306 1340 
207 457 490 493 705 801 838 855 932 1287 1405 
33 190 198 489 501 530 532 559 899 942 949 
62 95 311 389 622 905 929 968 978 1150 1158 1458 
11 208 332 399 677 772 818 821 1028 1141 1293 1303 
16 110 141 309 612 803 899 1033 1060 1145 1315 1391 1428 
1 434 593 862 971 1048 1049 1106 1142 1156 1246 1363 1417 1459 
259 317 421 551 718 944 951 973 1187 1427 1494 
145 296 362 468 507 764 1091 1195 1352 
158 253 257 315 367 438 653 719 748 899 
381 986 1085 1086 1156 1162 1317 1346 1347 1425 1459 
139 175 653 758 834 900 984 1193 1477 
103 376 424 595 768 920 1428 
119 240 330 526 731 810 883 941 996 1244 
66 97 120 194 312 686 731 1216 1219 1302 1374 1453 
300 843 918 1024 1428 1447 
101 113 123 317 644 789 978 987 1389 1420 
95 340 540 603 742 888 1026 1134 1150 1305 1427 
82 391 535 548 549 719 799 878 1063 1116 
43 196 227 388 436 513 648 665 671 690 798 883 1464 
30 57 319 499 507 593 684 751 967 991 1367 1377 1436 1442 1479 
5 132 359 529 541 815 905 1046 1142 1143 1264 1469 
88 181 370 376 387 605 694 731 833 1018 1054 1081 1109 1157 1171 1336 1389 
19 166 486 663 735 997 1145 1202 1401 
305 396 686 696 785 930 1131 1231 1279 1388 
1 45 215 221 280 322 355 610 818 868 919 945 1039 1253 1303 1308 1494 
5 246 296 303 314 361 432 669 756 803 910 1073 1106 1155 1171 1190 1446 
101 116 145 147 165 443 599 924 1096 1347 1403 1485 
4 133 411 680 771 942 1097 1375 1413 
281 690 711 894 1063 1220 
135 218 381 421 461 535 844 1043 1162 1206 1320 
5 271 360 469 774 851 875 893 1388 
24 83 234 453 459 567 606 643 919 958 1091 
16 99 219 453 524 644 697 824 963 1080 1174 
24 56 268 368 550 608 676 807 924 989 1060 1379 
453 511 634 650 775 827 831 836 902 1100 1147 1315 1414 
170 229 270 403 404 751 782 1225 1265 1376 1434 1436 
141 386 744 774 1221 1479 
302 354 414 488 578 729 909 1035 1089 1126 
63 162 372 402 407 457 464 475 492 520 588 643 674 758 783 828 992 1066 1093 1186 1291 1468 1493 
115 127 137 334 342 366 417 636 853 869 1113 1200 1339 1342 1421 1444 
28 156 286 393 427 472 647 798 865 949 988 1041 1206 1214 1353 
65 152 454 651 664 1047 1116 1151 1187 1314 1399 
186 212 343 348 565 682 691 771 860 988 1212 1283 1311 1346 1467 
9 176 513 532 756 802 881 895 1051 1280 1331 
17 381 745 1077 1222 1352 1457 
35 100 117 141 150 156 276 456 950 1051 1054 1170 1189 1216 1248 1269 1369 1400 
266 359 613 827 1015 1053 1227 1243 
10 496 626 801 1245 1397 
174 327 362 381 395 606 668 691 700 757 780 1046 1056 1290 
15 58 151 274 346 370 392 514 640 937 980 1107 
24 120 279 315 582 737 920 1326 1339 1359 1381 1408 1484 
158 160 491 553 729 859 894 976 987 1053 1132 1136 1154 1274 
493 829 850 1159 1198 1414 1490 
74 213 536 595 650 653 807 867 923 1467 
33 126 152 264 323 408 695 732 799 1136 1361 1455 
924 1023 1025 1036 1160 1161 
140 378 411 418 464 551 608 666 827 1093 1205 1401 
86 305 353 457 802 1137 1224 1424 
23 68 292 347 700 740 969 1011 1203 1305 
141 213 257 366 460 634 647 666 1052 1063 1069 1411 1444 
616 749 920 933 1039 1194 1199 1247 1468 
15 161 172 198 302 431 518 600 739 822 1054 1267 1351 
66 283 436 468 723 776 917 967 1076 1140 1224 1414 1441 
141 179 255 564 688 694 842 895 1158 1281 1327 1331 1384 
161 293 331 397 411 441 474 581 649 697 698 986 1048 1124 1183 1325 1376 1433 
27 50 600 724 876 892 913 1134 1144 
79 174 209 279 416 445 464 513 605 630 654 762 928 1022 
142 270 297 488 497 570 816 1200 1357 
125 138 207 221 234 307 510 927 982 1241 
326 384 636 664 825 915 933 969 1123 1192 1369 1388 1389 1424 1425 
21 101 154 175 268 403 743 745 774 793 828 958 960 1010 1039 1390 
324 951 1003 1014 1150 1195 1214 
48 55 309 429 483 498 613 649 991 1091 1272 1322 1406 
189 726 759 857 937 990 1082 1115 1127 1148 1202 1262 1278 1327 
497 561 634 639 956 1023 1182 1190 1471 
65 88 528 545 548 567 637 644 665 1028 1203 1254 1282 1406 
33 576 578 641 733 887 1073 1084 1192 1251 
674 688 706 1007 1100 1107 1247 1257 1259 1309 1388 1465 
89 312 340 348 476 546 767 874 930 1040 1114 1116 1128 1140 1156 1229 1262 1270 1328 1346 1482 
3 225 320 474 476 531 940 1069 1221 1264 
81 147 324 381 400 503 553 728 787 802 1093 1097 1207 1382 1474 
290 510 841 1266 1356 1429 1495 
28 121 139 334 550 690 751 777 1051 1120 1382 1390 1401 
112 212 243 320 497 603 916 1099 
113 324 356 609 853 874 1013 1092 1148 1428 1472 1474 
114 141 221 392 406 546 676 903 989 1015 1071 
534 671 700 729 820 840 1078 1142 1161 1166 1194 1254 1405 1461 1470 
294 317 340 394 398 676 1070 
252 687 701 736 1317 
424 433 438 500 995 1084 1185 
271 620 628 1066 1176 1261 1376 
213 230 324 689 914 1097 1124 1129 1206 
58 127 161 169 276 540 542 564 607 644 756 758 988 1063 1339 
65 214 566 677 760 976 1091 1161 1243 
119 234 303 403 455 604 1182 1221 1336 1416 
173 463 478 634 772 897 913 1002 1066 1124 1179 1341 1398 
248 259 367 552 702 707 803 891 989 1068 1132 1192 1446 
95 113 116 440 686 964 1003 1264 1389 1396 1407 
94 495 742 871 1045 1169 1272 1358 1360 
100 413 432 663 789 1069 1105 1237 1347 1422 1433 
88 91 262 455 464 535 572 872 939 1103 1120 1228 1240 1392 1412 
313 615 676 713 715 731 1031 1177 1336 1424 
57 335 653 747 1271 1306 
87 152 255 410 511 751 773 1212 1220 1231 1241 1481 
147 221 315 415 548 669 755 764 787 881 984 1073 1103 1222 1404 
92 287 337 380 559 706 780 781 874 973 992 1223 1460 
29 42 90 108 146 153 218 333 383 402 504 932 1226 1436 1476 
229 234 318 369 387 452 514 527 762 973 1232 1265 
53 112 365 412 577 643 718 934 1296 1336 1340 
39 92 157 207 209 344 465 523 722 851 1167 1416 1424 1456 
91 213 321 326 528 582 777 811 916 921 993 1055 1059 1165 1211 1213 1267 1278 1411 1456 
147 151 186 203 254 306 395 597 732 867 1097 1137 1175 1176 1212 1228 1242 1370 
175 350 398 417 516 580 654 900 1103 1186 1296 1318 1400 
6 24 134 250 318 336 367 427 475 488 693 743 866 1019 1139 1150 1162 1313 1399 
34 159 264 281 358 378 1111 1231 1427 1457 
81 110 355 406 535 766 922 1099 1257 1293 1314 1450 
511 615 622 688 798 811 856 1413 
29 123 151 204 282 468 483 484 609 661 712 718 765 955 1071 1085 1121 1151 1177 1395 
144 186 390 413 467 681 811 973 1103 1428 1452 
15 136 620 853 875 1321 1428 
127 130 205 211 313 551 567 638 641 701 796 1196 1257 1394 1433 1478 
102 185 187 769 792 942 978 988 1073 1479 
140 402 429 488 563 996 1106 1107 1109 1139 1216 1331 1366 1368 1375 
54 124 262 279 301 397 471 522 532 697 774 958 1072 1082 1397 1464 
40 62 75 219 542 558 610 730 836 914 1110 1120 1231 1232 1410 
42 235 433 611 947 1207 1328 
12 426 440 478 837 1328 1398 
6 18 29 106 205 306 431 465 582 665 677 685 830 856 1016 1099 1282 1327 1449 1471 1479 
173 458 486 573 893 938 966 1072 1148 1159 1201 1312 1351 
125 208 289 372 398 862 959 1116 
76 126 291 857 923 982 1264 1317 1337 1473 
80 164 362 405 513 645 667 736 923 1277 1444 
62 462 641 1085 1169 1302 1440 
21 68 191 192 697 744 809 813 961 963 1000 1213 1445 1479 
358 512 823 862 977 1251 1364 
17 214 240 277 310 417 594 780 798 964 969 1094 1130 1174 
178 186 405 613 939 963 979 1115 1121 1129 1130 
155 379 442 503 546 722 817 886 1028 1200 1262 1328 1487 1497 
6 7 65 378 420 450 480 497 543 675 913 966 
44 119 441 762 1091 1152 1285 1357 
650 851 1330 1443 
45 1028 1431 
2 46 336 480 701 762 810 922 951 1080 1332 1446 
83 126 198 395 425 757 1420 
150 347 666 674 705 710 1122 1432 1444 1450 1472 1485 
12 96 154 208 406 414 585 594 601 686 863 935 946 977 1010 1130 1209 1321 1352 1357 1453 
222 354 554 884 1223 1238 1253 1344 
63 111 153 285 421 724 788 1147 1261 1444 1491 
222 259 277 311 499 713 776 956 1008 1013 1100 1272 
221 272 435 437 572 646 794 1312 1356 1384 
152 330 439 730 865 1014 1142 1188 1258 1465 
107 110 186 189 240 350 570 627 677 720 744 760 900 977 997 1017 1390 1447 
236 258 486 1005 1452 1470 
38 114 415 442 541 626 851 893 897 1003 1035 1109 1212 1219 1242 1253 1346 1481 
28 274 277 297 368 394 593 595 747 772 1041 1046 1366 1458 
27 105 285 311 492 669 695 878 943 994 1022 1039 1199 1448 
74 139 281 393 422 453 517 538 610 687 697 836 916 1223 1329 
94 289 291 622 1133 1395 
104 111 472 653 746 899 980 1135 1255 1462 
114 251 292 338 584 585 630 637 731 746 962 1225 1307 
14 114 189 272 658 741 1004 1181 1250 1265 1276 1459 
102 239 276 298 478 501 672 782 799 898 1343 
495 755 756 767 856 950 1060 1092 1259 1342 1486 
71 342 527 651 684 701 792 866 939 1195 1277 1370 
83 319 523 823 852 991 1041 1305 1376 
74 85 170 355 478 606 803 826 896 1158 1379 1448 
85 194 242 352 447 530 596 610 994 1007 1227 
14 108 110 307 504 523 650 699 871 927 1035 1050 1098 1178 1260 1338 1373 1497 
118 155 197 370 503 565 624 682 784 927 1095 1138 1334 
107 175 239 364 513 562 645 1245 
25 55 63 264 320 564 888 891 1282 
91 162 196 328 456 518 549 955 1271 1407 1429 
132 358 442 527 542 723 747 838 843 
35 163 197 235 316 413 446 475 604 649 925 949 990 1011 1057 1302 1321 1409 1416 1494 
157 171 237 244 440 1002 1080 1108 1131 1423 1428 
83 142 251 340 379 381 589 956 974 998 1096 1141 1177 1222 1231 1260 1269 
441 805 853 1053 1121 1180 1201 
194 248 279 282 293 299 325 371 634 707 1086 1204 1467 1470 
98 134 258 432 553 595 653 665 769 944 1093 1105 1109 1156 1337 1352 1389 1401 1411 
462 874 945 998 1009 1029 1217 1410 1437 1479 
28 36 142 297 577 692 755 831 1085 
246 423 450 511 589 602 622 698 760 1001 1033 1045 1181 1210 1241 1433 
25 37 564 637 651 690 952 995 1066 1122 1243 1294 1391 
90 99 143 485 687 719 725 894 1113 1419 1420 1436 1438 
59 148 156 178 284 308 550 586 816 872 1121 1163 1167 1226 1401 
104 139 148 164 177 209 424 463 576 876 1018 1022 1030 1036 1180 1208 1223 1291 1354 
272 377 412 437 515 536 563 610 630 634 760 810 821 851 1134 1252 1312 1321 1435 1449 
375 417 529 698 707 719 734 1017 1096 1106 1231 1260 1424 1478 
252 299 311 777 890 916 923 943 1040 1105 1154 1430 
132 173 450 510 779 967 995 1040 1108 1122 1343 1392 1425 1484 
130 255 260 322 542 648 724 908 1092 1107 1215 1221 1462 
301 308 646 939 1040 1071 1096 1374 1447 
140 208 538 632 761 892 1042 1121 1231 1279 
65 351 509 529 557 575 745 768 870 1032 1183 1263 1282 1301 1388 
147 180 257 847 1235 
73 209 274 392 685 767 957 1101 1325 
18 128 186 231 311 548 789 996 1486 
67 184 325 326 340 470 781 911 991 1054 1122 1195 1448 
55 59 69 106 197 229 289 314 320 534 625 632 695 814 824 861 935 959 996 1047 1357 
85 229 340 387 605 610 652 705 812 848 1174 1241 1456 
267 274 278 363 399 489 537 562 579 815 850 1298 1359 1437 1459 
68 96 164 170 465 526 565 744 916 1189 1192 1424 
226 322 1000 1018 1042 1132 1364 1475 
43 179 506 544 713 771 840 1035 1054 1094 1102 1110 1230 1410 1494 
195 505 682 776 901 1062 1100 1107 1115 1277 1448 
35 121 355 394 425 681 987 1271 1279 1318 1322 
31 91 330 982 1009 1013 1202 
310 348 462 554 564 826 916 1127 1370 1372 1377 
52 96 152 333 343 604 657 721 744 824 955 1156 1174 1285 
2 126 438 535 538 875 991 1125 1183 1401 1461 1493 
68 132 186 224 680 901 996 1329 1416 1477 1497 
24 60 334 414 489 683 849 877 890 1009 1054 1171 1243 1337 1397 
323 348 361 629 751 788 822 1053 1054 1063 1352 1403 
183 854 897 941 1092 1164 1176 1233 1475 
23 126 130 147 298 344 416 518 531 550 584 657 674 676 810 969 1014 1120 1326 1365 
39 86 140 282 283 469 716 770 1075 1208 1214 1256 
336 378 835 903 934 983 1104 1233 1252 1489 
64 326 386 584 732 848 860 877 893 1076 1185 1344 1345 1370 
33 39 190 416 442 612 969 972 1305 1365 1471 
299 359 494 557 802 879 975 1029 1155 1219 
49 74 130 260 643 672 680 760 1086 1184 1188 
100 460 560 637 1031 1040 1239 1373 
7 12 245 297 398 603 611 621 980 996 1194 1226 1292 1423 
133 308 398 432 453 482 529 559 574 631 760 848 869 921 1093 
31 90 284 380 691 923 938 1004 1068 1201 1305 1339 1345 
27 36 411 900 938 1349 
14 206 341 484 499 584 744 756 983 1195 1306 1308 1338 1483 1489 
76 305 399 523 607 644 650 684 819 922 940 1450 1489 
249 396 443 728 813 859 
399 788 823 860 952 1065 1306 1467 
36 72 148 310 331 381 435 536 710 814 824 826 830 991 1002 1046 
68 86 170 221 335 432 502 528 699 877 1196 
34 128 196 262 304 322 440 749 844 899 920 934 989 1031 1254 1258 1453 
412 453 461 570 680 959 1035 1180 1286 1312 1332 1351 1427 
316 386 538 659 721 777 786 849 871 1057 1228 
5 233 313 1173 1263 1283 1396 1414 
76 204 338 410 539 574 655 851 969 1106 1377 1380 1399 1449 1490 
99 149 158 299 409 502 681 807 943 1137 1229 
141 221 343 594 601 609 651 819 923 927 996 1096 1126 1220 1343 
132 279 302 495 597 745 762 827 874 939 1262 1401 1472 
126 211 239 609 688 718 920 981 1083 1466 
69 332 410 684 696 970 1046 1181 1282 1347 1435 
3 149 379 425 564 973 1214 1244 1282 1377 1478 
25 314 437 476 601 868 973 1004 1011 1222 1265 1437 
132 282 436 446 452 674 687 927 947 1031 1352 1412 
159 204 246 423 441 599 731 737 889 1102 1400 1415 1417 1457 
277 377 419 547 569 663 712 750 1131 1255 1277 
158 418 456 638 754 1028 1318 1362 
303 486 584 658 888 1004 1467 1487 
319 394 650 773 1027 1102 1176 1202 1266 1368 
390 506 518 631 715 1418 
57 174 211 321 596 615 726 742 858 1016 1050 
59 285 338 426 554 963 1244 1275 1358 
37 124 278 541 806 939 943 1129 1287 1420 1459 
124 336 344 453 482 611 697 763 847 862 
340 346 424 429 616 825 858 1153 1229 1230 1279 1292 1424 1443 
87 135 168 211 869 878 950 1053 1117 1126 1268 1296 1428 
265 526 640 827 910 1029 1466 
56 78 86 108 161 217 271 302 344 408 1008 1029 1131 1167 1207 1236 1336 1461 1471 
243 577 631 667 717 794 854 873 885 1019 1035 1093 1181 1256 1324 
212 364 403 443 526 527 578 826 1085 1275 1281 1331 1357 1471 
142 236 238 308 413 541 604 616 634 701 805 811 1013 1389 
15 43 93 375 468 516 903 1094 1103 1151 1358 1393 1432 1436 
404 434 558 597 1078 1099 1159 1177 1435 1484 
3 43 95 161 574 615 623 680 887 992 1012 1308 1330 1369 1385 1434 1454 
20 45 214 306 312 448 453 982 1111 1127 1441 
87 190 879 1138 1352 
82 643 808 849 1007 1135 1393 
302 392 465 568 665 828 956 1030 1439 1448 
77 426 444 624 659 670 846 924 959 1230 1263 1400 1478 
72 256 461 481 616 765 766 915 1068 1138 1341 1353 1360 1419 
131 263 275 467 549 589 591 963 1119 1226 1276 1307 
31 54 297 883 943 992 
94 104 224 349 548 549 720 745 806 811 833 847 1210 1484 
148 567 572 601 682 733 987 994 1014 1119 1282 1355 
178 259 378 445 490 564 734 912 928 1304 
127 250 282 428 483 645 661 695 726 789 792 978 1004 1140 1195 1233 1326 1451 
122 454 464 519 878 880 887 925 989 1081 1115 1144 1194 
1 137 304 479 518 666 726 739 874 877 1038 1149 1218 1267 1369 1479 
100 139 408 431 600 777 882 1218 1223 1351 
110 163 263 270 371 410 461 508 662 751 910 970 1208 1253 
33 185 195 300 514 544 657 669 700 704 720 801 809 842 978 1073 1268 1301 
23 198 239 340 669 901 957 985 1055 1490 
311 410 449 503 581 701 1046 1094 1142 1221 1229 1435 
162 175 237 330 572 620 656 781 880 882 940 991 1124 1167 1401 1416 
43 91 115 198 267 301 345 440 487 511 577 664 917 976 993 1392 
2 132 211 226 291 311 382 747 881 1095 1355 
483 639 734 766 803 830 914 974 1250 1463 1485 
94 102 207 297 467 649 947 958 1009 
341 465 675 869 998 1043 1176 1229 1272 
4 154 209 216 235 288 330 496 661 667 786 1103 1133 1198 1428 1448 
45 281 508 582 792 1063 1214 1239 1319 1444 1489 
214 229 397 546 605 782 1099 1191 1471 
222 302 606 702 756 882 1028 1306 1316 1458 
32 330 395 785 855 888 960 1021 1029 1071 1259 1324 
102 437 440 606 717 729 1028 1051 1352 1355 
84 187 314 410 866 958 989 1133 1160 1209 1434 
99 282 338 546 597 624 661 1108 1220 1290 
109 343 394 620 677 931 963 1040 1372 1383 1410 
16 133 172 180 442 880 1097 1224 1479 
22 36 118 397 497 555 712 914 1196 1197 
76 111 330 347 445 582 591 725 770 837 910 931 1071 1137 1335 1422 1461 
208 374 513 604 644 728 771 897 946 1021 1156 1215 1265 
69 394 412 460 477 491 507 511 587 759 790 867 954 997 1012 1108 1201 1225 1353 1362 
251 272 390 407 669 962 1022 1093 1161 1231 1339 1342 1404 1408 
103 192 356 384 556 738 834 1023 1064 1074 1103 1197 1313 1471 
233 340 475 673 769 782 840 855 882 975 980 1217 1403 
7 25 233 361 505 587 682 695 779 953 1077 1221 1303 1478 
3 236 377 510 548 1024 1102 1140 1189 1231 1420 
141 358 456 964 1084 1358 1425 
185 222 658 1018 1029 1152 1306 1399 1489 
15 89 140 170 206 280 433 439 460 513 529 552 642 654 845 996 1155 1173 1201 1207 1419 1448 
129 138 231 303 362 401 604 765 852 1121 1173 1187 1306 1392 1442 
410 487 662 782 876 941 1021 1032 1042 1093 1105 1110 1222 1226 1248 1491 
441 494 699 790 1025 1042 1274 1311 
69 71 297 367 641 750 1131 1134 1194 1424 
9 34 92 140 234 256 416 524 615 633 869 1347 1444 
200 544 591 643 671 767 869 913 1112 1327 
92 94 116 306 441 447 489 639 710 718 772 795 798 850 1176 1370 
200 311 578 1017 1369 1389 1420 
335 529 854 871 1064 1387 1420 
68 100 227 234 431 829 853 1139 1209 1400 1404 1438 
14 134 145 253 273 346 673 674 736 780 1018 1461 
14 113 143 184 240 314 416 438 560 660 738 781 986 1021 1099 1117 1371 1412 1474 
419 435 596 608 795 1029 1071 1414 1423 
21 208 554 621 704 869 964 1011 1100 1129 1377 1387 
183 370 480 584 641 721 745 752 839 847 930 1160 1170 
112 218 398 428 640 758 804 965 1087 1430 
113 155 210 312 394 471 641 809 923 1399 
104 175 267 290 314 355 485 509 564 609 644 710 770 775 978 995 1321 1330 1338 1426 
3 290 385 646 731 746 831 963 1231 1279 
439 519 646 761 907 1289 
70 165 167 263 636 645 707 898 1078 1205 
247 397 515 537 556 836 994 1052 
276 293 375 527 707 1104 1134 1359 
114 215 430 439 605 663 942 1064 1071 1198 1356 1390 
328 386 417 642 662 722 993 1004 1150 
662 819 1076 1164 1269 1400 
151 445 491 516 598 701 768 913 1133 1177 
166 191 272 827 995 1033 1038 1416 
27 44 184 193 201 287 403 429 551 666 668 791 874 1068 1150 1324 
241 650 653 702 816 903 995 1080 1212 1437 1496 
20 216 267 578 618 673 768 1085 1093 1105 
120 354 393 488 529 560 897 1008 1065 
176 184 190 206 377 444 860 991 996 1055 1157 1282 1296 1328 1364 
59 112 306 408 653 1111 1153 1187 
6 33 46 326 599 632 652 795 823 912 938 997 1015 1048 1398 
68 90 251 381 447 453 725 953 1025 1078 1161 1220 1386 1402 1451 
492 692 999 1167 
19 74 294 453 461 525 768 791 892 979 1028 1196 1442 1473 
83 144 155 402 837 1174 1199 
218 231 489 674 797 827 963 1093 1255 1356 1467 
100 110 266 348 390 445 637 644 782 823 996 1271 
114 230 390 514 563 734 778 903 1020 1089 1123 1270 1283 1385 1407 1447 1489 
72 280 512 756 770 831 990 1016 1066 1207 1293 1315 1481 
71 128 132 338 348 370 736 
44 180 199 259 273 284 310 376 436 969 1232 1352 
104 225 237 271 450 473 573 618 641 868 874 885 1170 1178 1391 
164 283 315 381 404 460 469 742 806 847 853 1078 1189 1487 
14 83 517 547 564 645 773 778 807 1049 1081 1122 1164 1438 1487 
124 251 333 528 624 991 1028 1347 
82 90 489 514 762 819 887 941 1110 1123 1173 1248 1296 1398 1423 
47 208 417 420 450 529 547 635 859 961 
143 173 431 581 631 712 981 1178 
507 525 567 743 795 855 993 1045 1088 1111 1159 1160 1192 1262 1323 1381 1416 
96 143 175 220 302 311 372 624 780 797 960 1153 1271 1465 
15 259 424 484 674 725 872 1355 1357 1376 
22 126 342 770 795 1057 1126 
47 274 299 362 371 535 573 714 837 1151 1488 
75 198 414 500 530 535 679 742 772 865 918 1171 
108 172 394 551 566 618 768 809 
7 67 129 209 488 1249 
42 485 523 548 633 745 878 894 966 1215 1345 
113 235 308 445 507 533 574 722 739 956 1103 1326 
54 118 232 258 358 517 599 699 717 1140 1173 1419 1497 
94 281 460 542 572 767 853 921 1033 1272 1399 
43 192 322 334 381 457 644 732 745 758 791 1100 1392 
79 95 111 281 414 433 506 651 666 720 775 912 1362 1374 
35 165 263 279 280 515 646 661 739 791 810 839 877 1026 1030 1174 1262 1279 1312 
5 78 98 108 256 346 431 508 630 1305 1314 1446 1465 
237 320 367 526 543 624 662 757 1118 1328 1496 
219 281 384 539 698 704 874 1303 
28 155 251 640 727 776 794 884 
48 64 173 251 528 578 802 1111 1199 1337 1444 
269 334 341 533 535 541 601 707 757 763 875 931 1050 1091 1305 1381 1441 
117 283 297 467 599 613 921 942 1225 1299 1325 1358 1377 
329 507 523 558 595 761 811 826 878 1193 1409 
235 719 792 885 888 934 976 1082 1136 1142 1297 1302 1482 
172 213 235 254 336 664 742 917 1020 1144 1147 1211 1228 1230 1433 
123 159 162 399 529 566 598 723 810 1077 1189 1344 1411 1452 
40 78 143 216 380 451 550 942 1144 1182 1466 
232 318 749 769 815 995 1395 
83 90 386 415 536 608 763 914 1430 
586 630 675 756 867 877 960 1232 1371 1380 1470 
70 199 229 261 434 522 767 852 884 1046 1067 1104 1151 1296 1461 1488 1491 
203 239 242 377 421 494 660 721 760 765 769 1031 1223 1368 1373 1428 
131 164 255 291 370 414 524 737 742 743 768 900 959 1033 1297 1378 
228 243 261 508 519 541 581 600 861 922 952 1272 
83 170 175 325 341 353 410 500 696 722 819 883 1211 1353 1389 1446 1480 
132 344 689 696 741 890 927 1006 1048 1406 1467 1472 
57 135 168 457 463 698 894 1030 1123 1165 1425 
114 233 569 624 714 1209 1438 
30 85 236 358 640 656 881 902 947 1321 
113 114 412 416 436 470 565 646 913 1037 1063 1091 1104 1247 1320 1335 
59 306 334 550 553 665 687 990 1123 1378 
67 107 324 356 387 524 569 1282 1423 1439 
20 239 255 348 422 427 460 553 669 748 845 1177 1212 1258 1397 1447 
84 204 438 439 523 629 806 867 982 1113 1303 1444 1494 
44 149 166 178 200 405 433 469 672 718 830 879 968 1132 1194 1291 1337 1433 1463 
134 207 383 629 836 981 991 1045 1235 1399 
288 353 477 516 599 763 766 996 1043 1044 1055 1262 1298 1381 1482 
186 317 343 458 586 1074 1128 
56 84 139 569 623 644 776 806 846 852 889 1058 1182 1247 1362 1439 1455 
84 402 583 794 842 866 874 890 961 981 1040 1178 1341 1355 
364 405 412 670 746 833 876 909 1060 1151 1445 
483 490 607 642 689 1389 1409 
55 71 273 289 316 466 569 647 737 762 793 893 904 1086 1422 
35 167 281 328 365 664 673 754 758 1219 1321 1397 1424 
64 422 478 658 661 667 723 870 939 1012 1019 1026 1176 
17 124 148 261 288 315 345 523 791 1048 1096 1129 1301 1326 1368 
39 73 139 212 267 422 509 550 590 1085 1144 1247 1396 
179 242 593 644 748 806 957 968 1010 1142 1222 1390 1446 1476 1486 
76 324 325 333 567 668 712 764 767 843 871 917 1026 1380 
97 213 371 439 771 904 1013 1188 1331 
121 161 494 549 579 591 640 652 871 957 1080 1222 
156 280 455 509 715 840 848 1079 1107 1156 
88 462 613 629 699 1064 1135 1307 1364 1373 1412 1419 1492 
140 270 308 458 548 1135 1142 1290 
64 85 105 178 278 360 460 466 489 823 876 905 914 927 960 996 1071 1381 1481 
4 96 111 209 236 377 756 892 927 944 1017 1159 1234 1278 1443 
33 203 210 331 400 403 522 642 1394 1454 
27 137 369 481 488 504 681 1143 1400 
118 150 173 229 283 480 526 599 654 745 797 829 1419 1454 
52 74 75 190 555 628 771 790 868 979 1046 1151 1197 1472 1497 
181 679 720 895 908 925 962 1063 1096 1130 1162 1184 1213 1274 1442 
104 257 378 450 825 958 1188 1221 1316 1385 
168 429 570 626 638 704 741 794 841 1103 1426 
17 113 191 243 252 322 446 501 670 738 1192 1204 1213 1284 1331 1494 
77 273 282 369 603 778 866 999 1067 1253 1269 1468 
51 141 199 230 311 363 401 667 811 814 985 1057 1063 1116 1178 1284 1485 
32 346 373 433 497 566 742 892 903 1016 1170 1180 1227 1303 
353 524 686 712 767 855 881 893 968 1118 1252 1481 
118 340 623 787 847 905 1016 1188 
169 212 250 311 316 413 456 537 663 675 705 834 845 903 914 972 1425 
127 167 205 548 574 802 807 885 1165 1221 1295 1330 
34 236 256 509 571 668 669 717 899 923 1462 
14 75 313 318 341 387 673 724 750 1052 1120 1262 1344 1420 
82 249 281 325 406 444 538 736 1132 1136 1426 
79 124 219 633 743 788 1040 1072 
286 318 420 544 937 1407 
285 460 545 794 887 912 1040 1167 1313 1337 1399 1492 
83 118 528 598 600 963 987 1182 1196 1237 
488 706 1029 1081 1125 1135 1236 1420 
29 55 101 287 297 445 541 655 696 830 1241 1311 
57 426 581 601 800 1125 1216 
9 634 828 1085 1139 1313 1344 
90 414 420 443 538 855 868 905 931 1109 1295 1438 
6 129 284 328 403 498 532 537 550 560 761 945 1040 
85 91 243 315 474 953 982 1008 1082 1284 1470 
149 207 367 536 542 553 562 586 937 1125 1154 1160 1243 1303 1433 1448 
86 193 290 326 379 588 794 826 1314 1322 
160 172 896 951 1083 
32 37 54 96 133 185 226 254 437 684 757 758 762 1154 1311 1340 
49 354 486 720 738 845 915 968 1282 1302 1328 1346 
295 298 854 897 998 1000 1414 1454 1459 
134 203 324 442 501 656 867 1216 
297 333 618 725 900 916 981 1067 1389 1401 
18 210 383 413 540 688 784 857 881 902 1182 1271 1353 
146 567 752 1265 
22 473 512 680 851 1238 1243 1396 
77 222 299 451 941 948 987 995 1111 
82 126 226 313 390 483 628 651 671 696 762 825 890 933 939 987 1015 1096 1179 1237 1316 1333 1384 1462 1469 
42 180 270 340 390 408 452 512 544 550 632 736 988 1000 1069 1253 1339 
15 311 369 372 439 722 756 780 813 922 1100 1275 
14 213 252 471 611 720 756 789 913 1018 1107 1203 1230 1294 
104 153 572 712 715 721 852 1180 1185 1472 
858 1038 1348 1437 
41 61 95 128 236 775 1035 1075 1309 
75 360 444 476 485 534 559 666 767 1015 1153 1338 1387 1401 1442 
193 314 580 609 727 830 965 1041 1129 1324 1335 
61 260 430 445 618 633 723 747 870 1013 1044 1264 1279 
37 81 170 482 511 575 732 747 777 903 959 1031 1154 1228 1246 1293 1327 1368 1473 
208 346 402 648 775 963 1030 1163 1187 1239 1255 1349 1447 
189 302 319 328 447 466 588 636 820 895 899 940 974 1000 1096 1102 1127 1157 1202 1384 1396 
157 270 313 350 380 501 514 524 580 726 768 774 848 1265 1463 
52 56 174 188 319 590 694 913 944 1130 1224 
38 131 179 230 341 826 1022 1222 1239 1480 
10 132 180 295 426 593 617 858 861 918 1004 
244 817 990 993 1317 1412 1480 
109 113 283 294 454 824 1015 1089 1271 1367 
162 282 414 433 558 803 859 968 1222 1452 
41 78 230 233 271 279 608 652 785 877 1091 1304 1333 
78 188 201 472 480 687 863 1042 1097 1121 1216 1431 
105 189 533 598 623 915 977 1028 1096 1307 1480 
42 163 213 223 235 280 294 638 755 795 888 1018 1162 1241 1344 1406 
67 126 146 322 354 381 382 502 768 945 1034 
40 112 150 183 331 402 503 696 710 837 952 970 980 1153 1242 1382 1471 
11 352 364 519 571 655 835 887 1163 1472 
348 422 909 1012 1027 1091 1128 1202 1257 1282 
26 112 304 465 514 523 759 855 923 1163 
19 49 123 206 271 746 753 1168 1465 1471 
126 426 434 537 748 843 1101 1188 1229 1292 1344 1350 1458 
154 174 231 331 523 592 686 933 1061 1101 1171 1226 1237 1238 1364 1370 
51 111 165 426 712 957 
45 119 177 315 358 383 650 1017 1219 1334 
150 184 402 430 522 714 756 1092 1140 1242 1279 1323 1439 
429 483 504 516 801 975 987 1019 1027 1105 1119 1173 1233 1335 1427 1436 1448 
74 332 483 506 538 591 901 927 987 1107 1227 1318 1361 
165 198 291 377 618 636 813 848 886 905 1247 1354 1365 
147 223 345 430 450 536 616 790 809 827 924 934 1032 1151 1424 1433 1459 
131 209 376 409 448 490 508 575 592 594 675 685 762 922 929 932 1002 1036 1037 1092 1174 1208 1313 1429 
114 394 860 915 999 1089 1428 
58 78 97 330 475 501 1106 1245 1310 
57 118 193 257 272 308 406 634 664 775 883 1059 1410 
184 187 609 643 781 1062 1180 
556 558 759 886 982 1017 1038 1099 1306 1326 1377 1427 1447 1451 
44 445 541 595 953 1182 1214 1445 1447 
67 381 387 476 630 709 730 827 1104 1159 1181 1201 1487 
545 665 696 801 911 937 953 1024 1101 1180 1424 
63 111 212 217 424 567 597 632 633 787 1097 1118 1161 1259 1394 
134 173 226 237 299 469 520 636 661 684 744 766 819 1101 1239 1277 1319 1374 
290 403 459 1186 1323 1330 1423 1480 
8 68 197 209 484 512 690 815 854 1050 1487 
38 56 157 302 482 681 695 732 770 980 1183 1302 1444 
139 146 252 501 624 937 1230 1267 1352 1396 1467 
68 254 352 617 865 905 1058 1173 1347 
346 355 517 666 957 977 1049 1062 1065 1209 1234 1301 1325 1441 
354 505 823 1051 1332 1434 
108 121 126 135 153 197 359 515 720 728 862 899 943 1014 1060 1297 1316 1339 1455 1460 
59 129 172 173 207 265 286 329 703 932 1069 1109 1271 1324 1400 1433 1434 1448 
102 481 552 646 654 696 765 831 1073 1083 1115 1122 1186 1208 1229 1377 1424 1447 
179 310 389 428 481 526 606 1045 1104 1154 
201 291 394 465 551 591 649 777 784 1033 1062 1145 
284 287 333 553 828 837 1194 1265 1433 
64 66 148 152 215 245 252 296 313 421 623 653 844 1036 1070 1307 1408 
54 80 112 207 399 428 438 463 759 797 836 931 1063 1150 
38 301 494 637 709 806 845 871 1182 1348 1350 1382 
78 125 547 629 972 1330 1446 
228 269 457 621 667 695 867 874 1027 1028 1117 
100 217 235 314 340 492 499 962 1032 1163 1479 
11 357 377 390 482 484 532 853 884 920 1072 1211 1419 
84 140 219 537 615 737 816 879 923 927 1078 1118 1171 1382 1427 
275 294 301 724 831 1023 1446 
133 199 323 366 427 584 728 874 1004 1127 1176 1219 1240 1312 
8 129 179 256 311 506 617 1076 1108 1363 1389 1493 
110 158 162 239 621 805 852 1205 1326 1402 
12 585 780 843 912 936 1041 
98 145 350 383 424 766 851 902 995 1068 1283 1297 1418 
6 149 194 227 473 542 580 1158 1175 1308 
442 484 497 589 791 960 971 1095 1147 1166 1269 1317 1442 1491 
25 191 324 690 770 812 818 956 978 1356 1477 
1 85 321 536 579 722 794 803 909 938 1389 
6 129 141 174 190 417 491 772 785 837 846 1004 1070 1095 1311 1376 
40 186 290 740 871 883 992 1045 1136 1176 1178 1210 1223 1414 1418 
208 491 567 614 879 1002 1062 1157 1317 1351 1393 1415 
20 66 148 211 262 340 501 581 584 660 733 812 1048 1267 1399 
4 70 167 224 354 429 480 579 863 998 1002 1241 1488 
39 108 223 244 271 302 489 685 722 861 1120 1131 
268 276 571 1024 1339 
109 183 219 235 429 504 542 642 648 665 928 1128 1468 
42 69 191 512 516 685 760 793 882 1038 1105 1160 1187 1225 
77 137 251 286 443 462 466 813 937 954 1039 1045 1051 1097 1196 1217 1457 
754 811 1316 1404 1406 1411 1439 
107 135 298 317 458 474 819 873 1021 1071 1272 1346 1359 
197 230 405 422 546 613 735 854 996 1305 1328 
270 283 359 441 618 753 754 1144 
63 460 533 553 624 968 1107 1181 1191 
443 655 815 892 944 1062 1205 1357 
159 552 610 683 1080 1114 1339 
210 496 506 553 684 704 709 1055 1166 1276 1277 1435 1440 
65 83 177 186 199 290 436 1286 1312 1474 
263 396 412 518 519 768 866 867 1134 1144 1145 1209 1228 1271 
137 202 248 726 793 916 970 1154 1200 
5 218 280 360 454 531 564 640 652 658 908 1065 1231 1312 1467 
12 224 247 541 728 1344 1368 
141 268 697 713 956 1127 1462 
315 320 421 829 924 942 1091 1121 1325 1355 
557 872 891 896 999 
142 156 399 531 721 761 840 1259 1298 
31 120 164 260 275 439 573 656 671 709 718 812 864 904 1055 1085 1128 1292 1351 
