1474 8643
5 13 57 213 463 479 598 639 680 720 884 1100 1220 1341 
53 662 704 743 762 943 1081 1085 1252 1253 1297 1347 
89 186 187 226 458 538 636 759 859 894 954 1020 1117 1271 
42 555 639 828 972 991 
1 175 207 214 285 338 433 464 499 658 1043 1084 1146 
37 45 107 164 376 436 818 831 968 1303 1385 
59 275 541 647 735 791 842 1059 1253 
145 157 578 1049 1117 1304 1436 
74 147 164 182 192 271 317 340 343 381 401 630 632 702 862 1105 1129 1283 
78 252 307 512 821 913 943 1020 1126 1132 1148 1165 
75 237 449 527 580 601 1011 1084 1285 
581 737 844 888 1068 1133 1366 1445 1459 
1 42 91 125 155 240 252 309 356 399 507 758 871 969 1009 1034 1164 1218 1236 1428 
41 321 382 452 645 896 995 1171 1326 1398 
221 269 282 320 554 596 676 845 894 929 1039 1097 1130 1257 1350 
44 169 459 462 868 952 
46 421 577 1005 1207 1393 
54 85 165 232 315 330 339 350 383 394 468 586 1179 1243 1330 
162 291 504 868 939 983 1009 1070 1090 1106 1234 1388 1397 
126 222 256 297 652 967 1093 1094 1278 
122 183 226 242 299 336 455 648 663 880 1326 
142 259 420 454 500 722 896 954 1045 1132 1252 1338 1353 
37 496 550 637 695 757 1171 1210 1283 1321 1366 1383 
314 368 781 862 941 1166 1225 1332 1356 
132 364 543 816 832 994 1015 1030 1123 
64 177 215 764 776 782 803 843 935 947 961 1174 1281 1418 
611 615 813 1076 1271 1280 
63 297 370 384 721 1133 1157 1437 
57 252 261 348 360 439 687 721 784 796 907 942 1049 1335 1402 
205 217 254 320 740 764 881 927 1108 1192 1353 1354 1365 
51 79 90 124 215 282 449 453 461 640 753 913 958 1002 1053 1060 1107 1279 1452 1454 
186 403 440 593 659 849 1035 1039 1075 1250 1396 1472 
47 64 181 210 273 309 883 947 1213 1266 1310 1358 
77 289 415 863 1272 1312 1338 
40 148 326 344 434 465 661 720 873 879 939 988 1202 1255 1285 1386 1441 1460 
49 114 179 254 377 848 958 1018 1070 1135 1318 1361 1434 
6 23 317 744 892 981 1202 1275 1385 
194 336 539 594 622 770 799 850 900 1146 1158 1254 
85 320 530 583 956 966 1050 1211 1248 1317 1373 
35 46 521 641 723 853 
14 677 740 741 871 1026 1126 1146 
4 13 63 461 553 767 796 803 832 1026 1043 1212 1451 
64 321 324 515 669 721 738 792 900 1158 1176 1277 1427 1434 
16 412 419 661 828 1005 1222 1385 1471 
6 49 88 413 463 742 786 861 1114 1258 1267 1420 
17 40 92 175 212 258 362 461 733 768 1021 1033 1189 1248 1428 
33 55 138 720 855 989 1039 1149 1283 1373 1468 
313 345 410 421 422 520 526 567 866 938 977 1217 1355 1420 
36 45 80 202 495 504 709 717 792 867 894 1197 
96 115 139 166 322 347 579 635 778 805 933 979 1012 1229 1277 1340 1359 1434 
31 135 152 276 452 587 743 871 881 897 1071 1084 1365 
171 201 311 432 452 480 686 785 858 1008 1078 1082 1150 1266 1272 1329 1330 
2 57 259 306 412 436 466 523 686 719 835 865 957 1174 1268 1377 
18 143 163 175 202 378 478 479 680 691 707 800 994 1022 1154 1180 1201 1210 1294 1345 1354 
47 125 142 205 253 610 726 878 989 1021 1103 1256 1425 1443 
90 268 280 340 457 647 655 889 972 1020 1035 1085 1285 
1 29 53 114 387 543 602 794 934 965 1121 1372 
89 172 244 481 553 671 745 833 951 1103 
7 427 510 578 589 831 1079 1348 
730 1041 1167 1187 1226 
592 614 666 837 942 1004 1065 1082 1372 1436 
148 167 234 279 499 690 702 779 1149 1322 1334 
28 42 91 197 252 293 310 735 1003 1085 1282 1419 
26 33 43 153 468 491 528 676 707 736 776 1092 1153 1160 1301 
91 146 165 222 248 274 310 557 693 841 885 911 977 1056 1332 1335 
375 461 525 727 777 826 894 992 1228 1282 
272 356 416 494 673 723 739 750 831 929 1039 1102 1175 1191 1225 1401 
104 130 217 610 646 726 793 794 813 960 996 1061 1211 1279 1388 1401 
285 289 344 578 670 689 755 760 821 1038 1127 1147 1204 1310 1440 1456 
139 232 322 365 581 599 694 737 828 853 923 929 1198 
80 257 264 591 802 853 937 1140 1309 1457 
105 226 414 677 695 773 815 893 944 985 1020 1073 1170 1445 
115 202 240 370 432 447 501 560 567 870 962 1048 1472 
9 134 326 598 901 996 1103 1193 1314 
11 356 525 672 1005 1134 1171 1458 1467 
140 313 499 718 737 842 844 1221 1372 1428 
34 394 429 513 826 871 897 1070 1127 
10 131 267 626 755 1008 1115 1297 
31 279 353 401 562 577 578 678 878 1434 
49 71 192 220 269 435 523 769 792 796 833 874 927 1002 1082 1186 1400 1429 
157 300 533 570 816 847 848 1153 
188 228 263 437 631 743 865 946 1058 1064 1259 1388 
97 702 724 854 862 968 1122 1139 1203 1250 1293 1382 
179 289 395 675 827 897 1156 1412 1462 
18 39 121 281 345 355 444 555 579 634 675 769 929 976 987 1004 1073 1391 1407 
106 145 191 474 786 794 854 925 1104 1163 1176 1223 1473 
319 349 660 893 934 1104 1180 1205 1443 
45 179 191 427 622 633 634 823 869 963 1065 1218 1276 1414 
3 58 157 323 352 450 467 566 816 1158 1409 
31 56 168 174 294 305 390 397 748 803 871 934 955 1031 1272 1322 1417 1425 
13 63 65 278 348 771 867 902 1184 1270 1293 1416 
46 195 292 308 320 349 489 528 554 630 892 912 1367 
167 393 615 1009 1189 1196 1205 1365 
103 357 566 970 1362 1417 
216 246 631 750 944 986 1066 1115 1335 
50 155 178 377 658 680 872 925 1300 1338 1360 1401 
83 124 131 384 461 551 561 583 631 699 830 1111 1265 1419 1462 
107 200 243 486 608 792 889 1072 1084 1268 1359 1379 
110 220 496 766 793 823 920 964 979 1139 1278 1295 
123 313 480 665 817 
250 483 614 928 1030 1031 1051 1055 1135 1146 1161 1215 1374 
211 218 385 526 696 854 998 1075 1143 1218 1322 
94 233 411 446 584 637 708 730 764 966 1008 1161 
68 107 252 256 388 729 768 808 836 844 1042 1148 1157 
72 450 569 663 678 765 886 1029 1034 1078 1197 1275 1423 
86 176 477 600 803 886 977 1337 1343 1370 1374 1400 
6 98 104 393 428 445 737 753 807 809 913 1027 1135 1376 1428 
141 329 494 902 913 977 1059 1116 1160 1327 
139 182 386 393 838 956 1019 1026 1043 1076 1140 1227 
99 323 505 580 597 641 783 1149 1318 1324 
280 335 369 446 494 680 714 770 940 963 998 1113 1258 1349 
114 117 191 197 349 423 735 748 1004 1295 1333 
127 193 588 592 868 956 1137 1206 1370 1422 
36 57 112 127 128 492 759 802 875 877 1015 1263 1296 1355 1421 1463 1464 
50 73 213 284 535 561 584 596 659 790 937 1047 1049 1227 1284 1319 1327 1341 1346 
136 209 217 590 651 793 824 871 957 1004 1167 1327 1362 
112 648 894 1108 1374 
227 436 596 715 749 981 1066 1172 1187 1199 1215 1247 1293 1349 1387 
421 441 588 605 860 872 899 920 1115 1306 
400 405 468 569 652 881 887 892 906 968 1202 1366 1426 1436 
85 215 301 340 735 742 778 859 874 917 1181 1195 1265 1324 
21 409 536 538 540 545 667 735 899 903 973 1108 1114 1290 1302 1439 
100 439 568 748 807 998 1035 1181 1316 1362 
31 97 602 655 692 694 701 884 915 1169 1269 1331 1440 
13 55 248 630 637 664 668 765 1174 
20 158 440 496 561 568 590 670 1007 1118 1146 1184 
113 114 232 303 313 467 595 644 843 869 999 1099 1327 1434 
114 145 684 751 758 859 947 1181 1214 1321 1388 
136 189 321 341 395 460 565 709 859 960 1228 1242 1319 1390 
68 223 339 564 572 629 903 965 995 1104 1395 
78 97 232 247 527 604 701 887 1054 1060 1234 1273 1298 1414 1451 
25 168 285 323 710 839 847 957 965 990 998 999 1075 
336 440 543 681 856 951 986 1036 1302 1347 1438 1452 
74 211 216 244 337 367 429 541 645 964 1178 1454 
51 207 269 294 420 538 824 1060 1270 1424 
116 129 376 591 1033 1137 1203 1346 
151 203 387 520 825 826 858 914 930 941 1221 
47 340 424 517 584 730 1363 
50 70 109 245 506 524 525 545 779 934 1326 1382 1463 
76 175 291 374 381 391 550 724 771 925 
108 225 230 242 343 549 568 606 667 789 876 945 1121 1151 1280 1433 1440 
22 55 220 242 316 342 608 729 884 902 1045 1190 1246 1250 1293 
54 298 401 694 722 834 845 932 1018 1035 1160 1361 
202 235 266 293 570 623 673 751 782 821 989 1118 
8 86 128 160 169 202 222 223 260 372 498 563 567 784 810 1142 
65 421 684 718 975 1058 1130 1138 1195 1236 1319 1397 
9 578 605 1128 1177 1416 1439 
35 62 173 321 329 335 379 416 594 780 782 816 965 1034 1324 
269 271 302 350 356 490 993 1100 1258 1400 
201 288 342 348 529 580 674 804 888 1105 1149 1293 1394 
137 417 421 444 535 758 879 952 1078 1094 1118 1133 1135 1186 1283 
51 383 515 957 973 974 1047 1052 1106 1189 1227 1432 
64 368 655 657 857 924 1145 
277 357 429 850 870 907 1029 1044 1315 
13 96 371 442 548 683 989 
267 302 415 608 751 798 852 881 925 1065 1351 1434 1443 
8 81 89 451 488 588 597 613 710 744 821 853 1027 1163 1167 1285 1290 1321 1331 1431 
126 211 239 265 382 429 464 762 912 954 1154 1166 1275 1431 
186 280 425 598 974 1135 1272 1394 
145 399 446 547 607 757 824 886 1034 1101 1331 
193 319 425 445 542 629 745 898 923 941 1035 1143 1411 1421 
19 270 403 437 474 491 497 553 672 841 876 971 1429 
54 306 434 625 635 641 774 793 824 858 1026 1106 1174 1238 
6 9 266 421 431 732 828 883 1032 1131 1366 
18 65 225 491 690 741 1181 1412 1447 
50 412 670 1019 1044 1288 
62 93 389 488 493 505 649 755 911 1118 1196 1215 1223 1467 
90 132 488 530 619 650 1062 1070 1076 1186 1200 1372 
16 145 328 346 395 528 922 1101 1118 1272 1304 1333 1379 
337 464 500 520 601 678 859 910 950 1129 1210 1251 1254 1299 1309 
52 286 294 451 503 840 1217 1313 
58 396 544 583 638 746 795 912 927 1048 1255 1270 
148 207 617 709 1179 1346 1375 
90 184 626 772 823 846 855 966 1137 1158 1216 1377 
5 46 54 140 176 204 223 433 527 591 1115 1334 1340 1345 1433 1473 
106 175 284 408 486 628 701 947 1207 1208 1238 1391 
26 212 302 505 553 572 606 816 838 1110 1118 1187 1244 
96 302 580 1132 1200 
36 84 88 576 609 730 735 779 862 980 1084 1188 1241 1277 
340 376 441 568 764 1029 1287 1300 1305 1422 
33 294 381 392 705 751 762 798 972 979 1101 1104 1110 1128 1213 1335 1401 1474 
9 109 187 189 241 255 437 563 712 825 936 1348 
21 271 351 544 626 848 930 947 1077 1115 1265 1310 1409 1428 
174 329 756 812 893 1086 1090 1151 1317 1367 
214 291 516 1000 1240 1328 1354 1470 
3 32 159 278 288 292 643 1122 
3 182 350 402 849 924 992 1092 1210 1347 1409 
82 279 513 543 609 831 1014 1036 1184 1465 
129 182 275 496 575 588 647 790 920 931 1016 1327 1336 1368 
359 430 659 729 874 896 928 1059 1083 1181 1290 
86 88 112 308 376 377 395 406 610 648 971 1101 1319 1326 
9 80 259 331 484 509 534 559 1000 1047 1105 
113 161 234 273 340 509 629 1103 1164 1342 1399 1405 
38 203 301 374 408 534 607 740 751 1008 1075 1119 1220 1462 
92 304 631 651 715 945 1375 1422 
379 447 459 539 555 693 817 843 934 963 1056 1096 1234 1311 1319 1362 1370 1393 
63 112 281 387 478 666 744 764 771 826 1006 1151 1250 1330 1332 1397 1441 
199 208 275 506 611 630 750 808 842 899 924 994 
198 221 292 379 702 868 996 1015 1051 1142 1279 1401 1408 
98 304 539 730 860 901 964 1086 1098 1179 1308 1340 1379 
52 150 215 327 338 413 774 1195 1348 1367 1387 1436 
49 54 73 144 145 290 302 370 392 410 489 578 625 659 666 692 748 830 872 950 1012 1066 1349 1409 
137 194 216 413 758 821 867 923 1004 1028 1097 1247 1282 1318 1374 
175 261 346 347 354 654 843 1167 
30 55 335 360 600 634 637 893 962 
263 331 353 371 438 880 1063 1187 1192 1242 1288 1370 1378 1396 
5 135 173 583 618 783 892 921 973 1029 1145 1456 
198 233 328 391 392 449 466 712 740 886 924 1033 1083 1135 1151 1324 1332 1451 1467 
116 319 326 407 432 461 473 576 686 725 890 922 999 1078 1184 1264 1327 1430 
33 385 481 543 633 852 1034 1117 1192 1258 1268 
102 134 158 310 699 720 783 791 795 973 1213 
46 177 266 303 370 377 397 458 682 792 893 944 1086 1259 1295 
1 115 272 304 560 916 1050 1176 1250 1361 1379 
5 185 231 258 298 602 706 917 1119 1156 1324 
26 31 121 201 276 414 555 581 640 998 1364 1394 1424 1438 
95 134 203 343 523 575 833 898 1129 1323 
30 68 116 395 642 646 870 1317 1347 1446 1474 
102 230 250 329 393 509 657 935 1082 
396 486 489 494 656 883 1071 1301 
80 99 142 279 418 478 610 619 639 667 762 828 979 1101 1264 1420 1471 
15 199 502 763 1161 1235 1327 1343 1386 
20 65 145 457 616 720 742 1054 1223 1408 
130 145 175 253 358 446 492 883 1390 1444 
360 378 623 785 803 815 1016 1055 1072 1087 1209 
141 165 294 524 841 885 1079 1233 1395 1416 1437 
3 21 72 406 570 630 633 831 1123 1168 
118 466 564 576 737 787 875 1065 1165 1173 1209 1328 1437 
82 271 370 455 700 788 957 960 1416 1419 
343 550 844 899 1031 1246 1334 
141 218 329 487 558 584 778 825 1213 1318 1464 
214 313 359 491 701 825 827 913 1030 1268 1419 
18 70 127 131 531 632 677 983 1212 1270 1354 
103 208 505 511 571 601 712 779 892 917 1320 
62 193 252 278 301 303 547 626 899 1057 1134 1290 1340 1356 1403 1425 
144 268 517 585 785 902 
339 357 367 721 847 869 
11 299 314 390 475 561 787 966 1058 1355 
351 428 458 467 488 581 627 652 674 730 827 1055 1155 1370 1389 1409 
158 466 498 672 770 811 856 885 995 1091 1228 1310 1313 
13 73 322 469 592 742 934 937 1204 1474 
182 329 479 736 772 856 906 1205 1235 1409 1436 
21 141 142 467 730 924 1393 
98 251 433 445 464 544 1129 
58 134 310 321 343 407 779 883 1308 1379 
139 624 657 847 892 1157 1161 1185 1211 1341 1453 
95 276 354 555 634 847 879 935 1014 1062 
131 280 391 434 681 706 760 842 1056 1250 1278 1311 1474 
65 125 460 691 727 764 806 894 990 1161 1334 1386 
261 575 731 747 858 940 969 1152 1168 1240 1312 
101 218 402 593 671 850 
243 328 405 501 616 671 713 831 877 1113 1144 
10 13 29 63 104 234 446 634 694 796 854 985 1039 1190 1387 
55 223 451 539 669 1112 1310 1411 
30 36 605 671 813 836 842 850 975 1113 1260 
182 452 684 789 804 937 986 1187 1355 1356 1447 
20 104 560 805 899 910 1392 1455 
71 319 357 492 559 921 1212 1340 1346 1443 
46 214 521 663 680 700 751 793 915 1100 
22 53 192 316 370 412 703 751 790 924 1151 1254 1259 1428 
145 316 391 463 729 834 983 1088 1161 1238 1413 
29 204 249 431 929 1049 1255 1359 1473 
318 383 566 721 750 846 934 944 990 
82 206 294 635 706 1026 1119 1173 1215 1221 1431 
71 438 726 818 
158 323 336 552 714 877 1133 1238 1360 
144 164 212 282 333 432 485 497 669 1109 1125 1228 1452 
78 156 329 441 508 574 583 640 643 656 689 856 922 1079 1170 1271 1379 1408 
56 235 506 527 1093 1195 1215 1216 
15 80 135 149 333 401 446 466 557 664 731 804 872 1044 1218 1236 1241 1266 1314 1329 1380 
162 506 519 582 711 996 1241 1407 
9 149 183 228 435 480 581 1070 1340 1381 1424 
67 213 286 360 770 979 1089 1259 1433 
33 193 290 445 652 1312 1410 
65 454 606 626 909 948 949 995 1056 1160 1403 1417 1420 
7 189 198 457 508 599 600 671 1129 1171 1279 1364 1433 1450 1462 
51 215 246 409 461 658 775 781 935 974 1206 
154 386 433 523 679 712 929 1044 1386 1457 
91 186 234 421 651 683 1082 1225 1401 1403 1410 1430 
62 79 188 220 300 313 476 519 832 941 1026 1102 1107 1110 1128 1160 1172 1233 1234 1347 1399 
56 111 159 247 318 379 526 577 629 945 1099 1134 1158 1472 
85 197 659 662 697 800 880 987 991 1036 1052 1113 1130 1276 1282 1465 
15 31 266 358 763 1008 1156 1473 
331 384 495 539 681 708 961 
115 176 286 290 366 514 691 778 1045 1064 1405 1453 
5 69 132 415 440 666 668 859 952 955 999 1119 1152 1222 1282 
171 272 284 429 623 702 766 823 828 999 1170 1439 1474 
426 523 655 882 1104 1268 1472 
150 186 328 679 1055 1089 1359 
34 69 84 318 361 383 418 646 659 771 810 851 1115 
202 273 284 330 355 367 439 543 678 968 1052 1118 1314 
19 140 185 697 930 945 981 1108 1161 1203 
92 186 199 293 481 563 569 638 730 1050 1457 
63 144 292 533 537 575 647 672 896 898 1074 1201 1360 
90 135 171 181 225 263 367 371 846 847 1022 1062 1063 1107 
738 741 777 1052 1090 1399 1418 1430 1466 
425 574 920 922 1319 1380 1417 
20 28 373 446 481 561 779 821 1121 1126 1291 1367 1405 
143 214 371 492 790 799 908 1133 1281 1284 1285 1299 1340 1348 
21 237 547 752 848 991 1041 1105 1135 1239 1318 1422 1435 
81 279 413 569 578 645 779 831 895 924 1260 
121 194 234 343 613 632 705 1285 1429 1473 
149 156 177 178 202 308 319 365 394 435 476 567 688 816 847 848 876 883 937 975 1068 1072 1086 1373 
127 212 234 316 402 427 452 454 528 694 715 1004 1240 1271 1365 1434 
195 200 213 327 429 460 559 638 736 853 897 995 1058 1128 1427 
90 360 889 992 1057 1157 
53 163 385 474 612 650 825 991 1070 1194 1348 1374 1459 
10 340 482 538 731 834 860 902 1035 1048 1248 1292 
92 191 302 600 750 926 976 1165 
13 33 334 344 355 503 569 613 641 764 1137 1297 
63 65 211 244 316 384 400 430 500 740 1027 1294 1330 1392 1440 
52 392 457 570 670 681 763 881 933 972 1002 1091 1128 
607 689 1040 1366 
48 76 100 127 231 279 489 593 884 1193 
24 237 339 451 551 626 640 645 722 766 816 1073 1200 1293 1301 1327 
18 408 416 599 730 879 896 1119 1132 1275 1322 1406 1421 
142 259 260 303 310 731 809 840 895 1269 1319 
9 37 335 339 517 808 926 1012 1026 1058 1074 1145 1369 1418 
262 280 289 521 538 727 752 1108 1169 1207 1214 1446 1453 
87 161 209 257 302 363 461 815 836 1126 
15 30 39 92 401 675 757 762 871 882 1105 1196 1361 1411 1420 1449 
14 43 129 148 244 478 1064 1301 
50 70 240 382 593 1033 1173 1313 1332 1395 1442 
89 110 132 265 469 498 534 629 668 800 926 1023 1074 1097 1273 1327 1333 
43 514 848 856 866 982 1014 1034 1083 
423 469 607 730 766 956 975 988 1227 1257 1375 
35 74 209 824 903 914 985 1103 1173 
201 304 352 514 543 921 1017 1183 1374 1426 
169 208 251 288 351 488 552 618 1083 1134 1207 1346 1394 1432 
108 148 184 218 230 241 267 422 444 616 631 663 944 958 1097 1163 1308 1400 
18 290 354 592 878 939 1052 1095 1207 1313 1419 1435 
192 206 283 439 453 623 639 731 757 918 922 952 1052 1066 1186 1281 
346 525 562 676 749 828 881 1033 1069 1191 1275 1298 1417 
266 269 464 554 775 787 878 962 1207 1335 1429 
309 548 618 625 678 686 744 1073 1314 1335 
111 148 205 317 508 562 563 884 927 965 1298 1319 
21 38 133 265 413 463 750 870 955 966 980 1145 1307 1388 1401 
134 170 357 897 922 1085 1101 1150 1167 1278 1283 1297 
5 201 521 534 765 876 1277 1310 1361 1471 
18 130 236 314 317 342 353 420 457 554 762 796 1007 1154 
9 56 121 138 180 193 307 357 402 552 1209 1407 1454 
129 393 765 847 865 874 903 945 1047 1404 
142 150 339 352 363 457 576 691 956 1088 1471 
9 141 216 229 244 301 496 619 981 1013 1095 1190 1320 1322 1341 
35 69 309 382 401 500 742 875 921 959 1003 1098 1226 1324 
48 85 347 645 670 910 1022 1145 1468 
169 204 332 617 805 876 1067 1070 1111 1399 1447 
50 204 345 368 624 642 656 779 817 878 1022 1032 1246 1461 
29 91 150 886 913 1094 1126 1373 
87 92 112 436 550 577 643 881 887 903 981 1386 
18 149 187 459 575 767 1237 1351 1413 
183 238 328 662 677 738 968 1120 
89 327 342 398 408 433 560 624 748 847 1176 
79 206 339 389 399 683 932 1028 1062 1181 
204 246 330 390 489 526 622 784 884 900 1014 1025 1041 1094 1110 1139 1221 1313 1343 
85 290 309 567 975 1055 1142 1211 
13 67 75 149 413 626 1349 1356 1452 
94 154 236 257 337 340 375 632 743 871 1021 1026 1194 
223 282 428 537 558 823 1226 1445 
190 231 439 496 570 655 807 969 1094 1136 1163 
29 205 224 272 305 570 598 623 745 871 951 1005 1210 1315 1458 
289 468 660 1062 1139 
46 389 439 474 594 652 749 800 1006 1012 1062 1129 1132 1259 1366 1465 
319 342 396 524 554 660 738 749 1064 1117 1172 1222 1315 
25 475 558 724 907 989 1057 1167 1200 1292 
70 302 600 726 732 997 1175 1180 
284 406 467 488 547 617 681 694 735 745 919 
134 236 290 294 445 479 612 768 814 891 892 1220 
24 153 347 561 862 915 926 1160 1186 1222 1241 1292 1454 
111 519 542 688 758 1109 1200 1206 1450 
28 73 202 212 228 259 618 624 630 677 1295 1333 1438 
155 206 294 298 559 610 625 798 815 884 1016 1067 1128 1286 1334 
145 769 789 827 868 954 994 1013 1016 1251 1291 
297 447 524 651 814 830 1140 1201 1204 1248 1259 1333 
140 194 449 506 793 875 915 1290 1305 
66 357 421 475 503 564 565 597 665 825 838 1025 
6 136 180 191 1073 1120 1238 1395 1425 1462 
36 96 191 212 606 636 979 1196 1240 1413 
54 224 418 463 511 687 826 1038 1068 1190 1287 1345 
148 196 199 280 386 807 836 924 996 1006 1142 1261 1394 
476 522 531 699 1004 1156 1218 1415 1441 1458 
9 140 181 507 646 680 701 879 995 1255 1313 
14 158 322 344 512 670 693 862 865 900 914 1072 1127 1134 1381 1427 
18 152 262 289 441 519 561 654 712 728 1011 1041 1077 1082 
28 97 283 310 417 645 723 837 861 1069 1309 1444 
102 210 306 528 575 659 839 902 1166 1171 1172 1186 1205 1264 1352 1406 
109 277 379 699 740 751 846 977 1123 1176 
57 137 197 485 595 614 727 764 913 925 958 976 1327 1365 1471 
104 451 510 622 627 636 770 840 969 986 1067 1073 1245 
167 353 362 647 675 911 938 1104 1113 1131 1316 1424 1449 
90 237 354 405 667 669 680 733 797 1136 1187 1330 1339 
140 208 247 260 423 763 875 997 1179 1199 1332 1463 
181 202 208 311 419 431 481 734 746 979 1022 1172 
93 107 109 218 341 535 762 876 1163 
18 77 302 513 554 578 656 685 846 850 967 1297 1362 
84 129 169 191 217 679 782 870 1019 1285 1309 
172 219 363 493 578 668 711 1108 1309 1320 1333 1399 
90 212 461 487 518 909 914 1233 1362 
352 410 430 501 789 1324 1471 
13 160 353 404 754 912 927 936 1284 1347 1438 
120 310 539 729 828 1038 1132 1274 1305 1343 1351 1432 
9 79 143 269 320 344 453 520 682 787 1102 1114 1183 1221 
187 250 303 340 507 897 901 1231 1448 
32 162 418 513 642 694 697 824 1218 1239 1349 1356 
399 527 535 593 641 721 787 801 966 1093 1279 1460 
120 251 390 535 546 890 976 1027 1044 1303 1363 1394 
191 226 366 447 666 676 696 700 877 887 944 978 1010 1160 1176 1386 
209 244 448 522 647 905 1047 1066 1199 1420 
176 194 315 352 441 622 1144 1225 1375 1419 1429 
122 276 653 672 814 885 973 1003 1012 1045 1103 1144 1274 1402 
48 202 398 441 688 1116 1290 1438 
103 576 608 898 961 
44 53 166 259 437 607 620 644 679 792 823 858 
45 201 203 300 336 356 644 739 777 1148 1173 1230 
72 215 449 454 536 819 1005 1143 1266 1405 
34 156 285 821 827 881 1007 1118 1441 
67 148 315 539 724 834 871 1052 1285 1368 1412 
151 384 425 465 739 751 782 819 990 1094 1146 1249 1331 1361 1417 1443 1462 1472 
220 289 378 403 755 1064 1081 1177 1354 1441 
44 392 434 484 551 759 884 1281 
22 135 339 518 749 775 822 931 1242 1313 1348 
17 48 119 146 151 164 278 375 629 641 1013 1029 1041 1256 1265 1290 1413 1426 1441 
48 329 532 610 787 957 
112 325 391 490 501 567 633 638 663 829 867 887 982 1013 1067 1169 
138 478 925 952 959 1082 1108 1183 1273 1385 
159 161 296 417 459 630 749 854 1201 1230 1319 1403 
287 435 493 641 1240 1366 1380 1396 
59 88 303 465 509 536 564 838 1041 1338 
107 238 358 538 668 708 1144 1399 
77 134 154 158 286 304 708 962 982 1021 1072 1187 1281 
190 310 398 469 558 589 785 809 962 1017 1185 1231 1322 1335 
164 261 392 656 785 835 918 1065 1350 
52 73 209 266 473 475 485 504 598 791 849 857 1055 1188 
5 175 243 277 352 564 796 856 911 1229 1367 
35 163 247 419 488 631 767 971 1270 1367 
80 271 302 426 438 459 486 811 971 981 992 1059 1250 1255 
6 53 118 349 449 703 782 850 1072 1112 1157 1360 1404 1431 
82 162 182 412 494 598 710 796 845 863 982 1169 1204 1274 1351 
206 264 435 456 504 596 935 1180 1381 1446 
29 123 290 331 359 362 508 527 583 717 917 1051 1099 1226 1245 1320 
32 126 133 285 441 627 709 754 845 847 1257 
119 180 267 383 408 410 440 469 561 723 736 980 1150 
155 448 469 486 646 696 817 1006 1121 1127 1197 1390 1424 
475 516 520 526 568 624 835 941 947 1189 1305 
85 151 329 814 1016 1107 1186 1188 1263 1303 
107 161 243 273 367 751 867 909 958 1005 1013 1125 1213 1225 1366 1441 1457 
103 111 160 223 252 269 297 700 734 738 758 827 893 994 1019 1065 1115 1341 1428 
73 196 373 406 602 1216 1329 1451 
407 442 644 937 973 1040 1103 1382 1389 
11 31 208 374 414 436 745 874 1059 1207 1330 1345 1408 
89 105 474 581 759 973 1074 1153 1294 
157 171 253 314 388 455 559 627 683 726 1011 1020 1166 1213 1345 1359 
14 51 52 255 303 490 535 548 571 580 582 965 980 1119 1149 
31 331 401 901 916 983 1037 1111 
22 274 303 414 495 568 1031 1046 1113 1204 1247 1304 
21 228 451 747 1050 1272 1329 1400 
438 519 580 664 799 924 1014 1153 1165 1472 
56 222 275 311 339 342 804 1022 1080 1207 1366 1392 
3 212 238 507 576 617 651 740 872 921 954 1280 1333 1384 1393 
16 196 350 425 435 573 1359 1400 1460 
129 248 304 491 963 1208 1420 1423 1426 
31 42 46 66 97 209 276 319 397 477 568 611 873 1132 1448 
16 699 759 873 1080 1147 1275 1320 1409 
1 45 260 336 378 496 735 905 966 1033 1048 1064 1104 1122 1199 1358 
5 158 170 243 333 509 523 527 679 953 
35 417 427 527 981 1014 1023 1392 1437 1456 
53 208 227 239 269 567 600 646 1114 1141 1153 1171 1267 1402 
89 127 238 242 366 524 546 549 591 876 1003 1056 1313 
18 64 120 361 747 908 913 1041 1339 
240 323 325 430 441 442 564 728 832 1011 1058 1195 1377 
638 792 833 911 980 1202 1234 1332 
666 693 897 908 1012 1263 1285 
655 678 789 819 875 939 1145 1181 
209 432 602 606 694 914 969 1121 1181 1203 1293 1445 
86 162 306 362 450 608 752 828 844 871 1144 1218 
237 364 375 432 443 524 656 670 1038 1147 1185 1316 1372 1432 
279 302 380 583 599 609 773 838 950 999 1212 1232 1238 1341 1354 1395 
106 461 548 566 600 976 1044 1418 1440 
54 197 220 321 424 618 686 711 727 861 872 939 969 995 1205 
1 54 241 367 692 697 779 870 959 1069 1283 1399 1442 
52 100 271 608 782 824 959 983 1025 1265 1365 1390 1463 
58 210 292 297 392 554 656 1095 1122 1198 1216 1304 1400 1425 
307 503 535 561 661 892 952 1010 1077 1102 
101 682 718 992 1185 1328 1363 
192 419 682 777 781 845 873 978 1007 1045 1102 1123 1319 1436 1470 
266 387 432 555 589 711 742 929 985 1054 1093 1133 1200 
98 176 219 435 442 645 702 835 892 905 1055 1265 1269 
230 397 1111 1177 1259 1431 
157 167 168 238 328 366 434 584 757 942 955 958 968 1112 1206 1364 1473 
92 202 219 313 354 561 566 580 591 625 732 754 977 1124 1163 1195 1219 1308 1315 1447 
149 423 452 519 658 917 1092 1132 1143 1259 1446 
64 162 165 231 460 816 1173 1259 1272 1312 1368 1375 1450 
114 223 257 298 584 623 681 713 797 823 911 935 1203 1261 
167 396 426 623 637 692 764 1103 1156 1292 
67 108 111 219 437 560 731 1169 
49 283 454 598 603 752 976 1089 1095 1118 1152 1207 1369 1388 
23 99 126 189 343 359 463 766 1131 1240 1395 
162 266 627 671 799 1119 1289 
145 239 323 773 821 1055 1086 1260 1271 
5 62 76 525 601 608 788 1000 1037 1152 1466 
22 170 310 344 687 1103 1117 1228 1464 
73 251 398 423 777 816 823 845 1011 1226 1326 1355 1394 1423 
221 729 906 907 942 944 1094 1376 1438 
171 309 375 482 545 696 742 867 1070 1082 1196 1248 
19 49 432 438 820 982 1249 1297 
110 167 177 233 597 611 624 801 829 850 853 1180 1220 1249 1268 1277 1327 1370 1392 1457 
139 198 268 270 374 620 649 830 1043 1133 1172 1337 1342 
13 381 402 458 599 690 810 1111 
267 275 335 439 713 722 763 1016 1117 1467 
192 193 218 427 464 792 845 869 986 999 1046 1083 1113 1300 1398 
59 388 716 867 901 1219 
233 378 761 892 1044 1180 1195 
10 382 587 648 701 718 755 848 1260 1440 
77 188 394 403 647 684 723 769 827 922 988 1301 
284 324 327 564 645 746 798 1203 
43 152 534 618 645 710 729 759 896 969 991 1033 1313 1334 
185 443 552 575 654 831 1019 1116 1163 1293 1402 1433 1450 
138 235 317 526 620 662 705 987 1008 1072 1299 
397 420 657 998 1093 1432 
270 279 369 383 456 490 599 610 1226 1429 
48 137 170 401 443 608 699 861 865 922 1108 1266 1332 1437 1440 
40 258 318 338 567 839 876 888 913 1009 1031 1217 1272 1348 1414 
380 407 629 1181 1304 1339 
53 80 216 277 287 464 598 760 782 1022 1065 1112 1168 1229 1262 1291 1294 1396 1422 
139 225 363 373 467 475 581 598 635 746 905 1034 1196 1240 1461 
66 75 139 332 499 808 998 1043 1130 1305 1380 1453 
48 102 280 354 443 517 529 753 1011 1109 1124 1303 1348 1388 1469 
11 131 175 268 404 439 464 465 917 932 1032 1114 1344 
64 92 169 303 385 546 572 634 662 873 912 1075 1365 1389 1392 1419 1469 
150 526 775 807 952 1128 1277 
39 168 546 621 709 811 903 935 1254 1292 
232 380 535 624 682 1010 1038 1171 
422 660 725 869 882 995 1033 1138 1141 1196 1322 1452 
81 293 583 666 735 736 1149 1159 1461 
192 194 323 338 515 682 756 884 1346 1362 1376 1457 
115 151 393 404 405 452 482 531 600 871 1073 1080 1133 1247 1301 1306 1397 
122 414 427 576 617 619 623 722 1017 1025 
293 358 588 775 864 969 1127 1267 
3 122 135 307 318 428 644 731 743 829 864 926 1020 1106 1153 1183 1201 1233 
38 196 200 253 283 400 416 578 911 1043 1053 1263 1362 
122 585 780 791 817 1000 
7 134 573 593 657 661 756 782 1039 1091 1156 
161 369 592 639 781 814 947 1166 1192 1260 
25 57 133 188 210 290 327 755 1042 1184 1223 1235 1279 1331 1474 
172 183 243 618 830 951 1115 1186 1421 1458 
122 139 503 865 951 1011 1172 1328 1448 
405 467 528 530 644 739 1004 1073 1347 1356 1402 1412 
160 234 299 366 579 1019 1094 
155 334 452 477 765 835 920 988 1069 1258 1322 
141 467 715 1033 1054 1117 1333 
23 140 229 349 581 675 771 803 817 830 876 895 1442 
97 314 419 628 728 836 1138 1190 1260 1301 1358 1433 
265 328 340 516 567 625 643 669 802 959 1153 1287 1335 1384 1393 
42 58 162 177 579 625 652 756 911 1033 1240 1302 
15 92 333 339 363 394 481 572 916 971 1001 1112 1168 1265 1396 
4 85 196 215 246 485 639 672 676 904 1007 1254 1299 1334 1354 1460 
717 763 991 1096 1221 1347 1361 1406 
65 269 686 1056 
230 358 364 430 608 681 851 880 1055 1298 1370 1403 
192 257 304 371 451 855 984 1117 1360 1397 1438 
73 213 256 352 494 577 712 874 997 1152 
97 115 126 237 297 368 383 441 482 489 657 662 671 814 1146 1317 1318 1409 
79 332 335 657 914 981 1448 1472 
145 182 292 335 634 655 849 871 878 919 928 1047 1273 1319 
130 227 375 427 433 469 514 1238 1283 1361 
129 375 645 827 852 899 1068 1193 1408 
89 94 262 477 489 581 590 643 724 770 939 1049 1054 1104 1267 
48 73 145 302 355 423 466 521 552 617 631 684 905 946 1039 1177 1348 
123 126 141 180 443 454 461 600 668 674 823 891 953 969 1030 1095 1147 
105 120 292 300 309 599 753 767 808 1273 1413 1471 
81 144 226 311 359 360 654 666 751 820 872 922 1058 1078 1108 1213 1279 1284 1389 1425 
233 452 670 749 821 1042 1123 1142 1241 1364 1382 
130 177 528 554 582 946 1025 1166 1261 1375 1410 
459 541 745 931 978 1105 1112 1145 1239 
267 296 704 796 849 950 1051 1129 1386 
189 216 249 293 350 385 516 608 661 774 809 846 883 956 1061 1104 1183 1304 1361 1368 1462 
179 209 227 342 411 458 536 705 773 794 916 985 1027 1267 1302 
17 79 280 349 560 658 680 909 956 1011 1090 1148 1387 
8 59 69 79 147 202 300 394 396 539 616 1151 1383 1421 
50 85 547 553 1031 1099 1210 
11 110 150 178 452 456 489 674 730 996 1132 1469 
12 70 215 238 271 450 524 550 566 756 813 1023 1074 1077 1378 1383 
270 452 572 657 852 893 920 927 1048 1064 1291 
39 97 172 207 267 439 476 533 642 720 815 1027 1241 1258 1378 1383 1431 
103 115 138 230 488 492 638 823 859 1184 1259 1306 
235 540 665 901 1052 1186 1315 1357 
18 617 720 757 1027 1050 1079 1142 1162 1335 1423 1439 
51 512 839 868 939 1259 1451 1464 
113 119 157 189 537 664 666 684 726 920 1092 1132 1147 1159 1383 
59 430 485 711 887 1032 1108 1190 
116 126 566 601 732 834 909 956 
71 136 175 467 489 611 615 898 1129 1283 1339 
61 113 240 330 542 618 641 721 723 988 1041 1105 1158 1310 1457 
32 250 313 322 404 541 645 762 939 970 1354 
38 148 362 773 902 1271 
127 387 666 735 777 785 817 903 1054 1165 1379 
15 115 118 438 1093 1463 
110 157 375 505 648 715 815 852 1169 1257 1393 1414 
1 74 159 360 432 437 495 523 524 693 744 756 799 960 1092 1382 
70 275 315 476 507 519 569 814 822 875 889 1031 1139 1142 1171 1304 1328 1419 
106 205 275 308 365 466 477 535 568 797 856 929 977 1070 1287 1340 1353 1448 1459 
11 170 233 499 590 623 709 727 764 916 1079 1272 1315 1327 1371 1421 
57 124 214 447 473 721 790 819 956 1064 1164 1223 1349 1443 
495 1174 1298 1339 
131 728 783 854 956 967 1121 1397 
119 147 254 736 755 1221 
141 177 274 377 473 656 690 711 854 895 920 1045 1265 1454 
160 194 312 325 412 646 722 830 1132 1271 
98 142 156 411 474 480 499 520 558 575 658 789 812 879 1200 1225 
179 188 476 614 620 693 843 933 1047 1056 
55 68 191 220 371 422 519 675 692 831 1083 1097 1155 1241 1302 1327 
27 198 461 505 591 829 1045 1248 1389 1407 
306 367 909 936 1109 1140 1162 
157 301 309 630 652 790 853 870 904 941 1091 1106 1258 1302 1319 1347 1380 
61 101 387 609 719 818 1031 1083 1350 1375 
27 93 591 755 759 823 1059 1176 1276 
222 251 329 578 778 798 871 1100 1135 1177 1190 1303 
173 346 366 458 536 567 586 648 681 861 953 985 1099 1132 1135 1271 1306 1403 
207 328 334 370 478 515 544 592 650 848 1193 1353 
168 220 343 536 624 951 965 1011 1171 
412 506 517 609 701 1109 1365 1398 1433 
530 650 671 773 874 989 1163 1177 1200 1203 1224 1248 1327 1376 
38 88 354 388 408 652 750 880 972 1047 1168 1183 1221 1256 1308 1345 
144 224 286 331 360 492 493 536 601 747 750 792 975 1015 1188 1439 1461 
245 347 352 370 443 505 531 619 757 805 966 1090 1108 1187 1199 1302 1346 1425 
163 202 334 371 489 552 553 749 874 1141 1177 1296 
78 174 183 234 274 314 356 710 826 918 970 1085 1384 
238 388 440 451 497 690 816 895 1078 1161 1376 1448 
176 551 712 755 943 1143 1193 1368 1374 1447 
130 161 193 280 323 421 522 716 845 985 1010 1040 1217 
9 92 125 198 226 370 425 613 674 750 752 753 857 904 1137 1211 1337 1470 
82 95 97 195 329 434 567 863 938 1063 1072 1082 1244 1325 
9 232 301 357 670 752 848 1195 1282 1326 
88 210 226 423 682 736 1038 1286 1371 
85 88 205 246 252 528 563 883 1222 1256 1399 
50 163 263 524 698 762 866 870 1069 1314 1442 1464 
3 377 388 767 836 877 1439 
23 103 125 205 493 840 1013 1118 1179 1273 1325 1386 
172 292 304 423 470 584 705 781 903 1440 
1 4 220 331 542 555 983 1104 1171 1446 1468 
31 215 267 314 853 1069 1083 1179 1210 1237 1425 
40 110 163 309 404 421 426 592 743 1020 1054 1064 1279 1307 1404 1405 
217 347 403 583 647 650 740 755 853 906 937 944 1092 
186 267 349 552 566 767 875 1100 1374 1392 
127 412 413 448 538 546 1083 1170 1274 1363 1421 
14 134 300 314 345 384 486 514 515 565 593 865 877 1045 1046 1319 
68 217 289 381 442 466 607 671 698 1081 1132 1225 1243 
7 56 189 293 389 407 513 642 727 770 1093 
21 117 191 512 597 617 735 795 930 1064 1116 1240 1292 1458 
167 506 733 869 915 1099 1154 1274 
168 306 618 621 642 778 827 1048 1099 1118 1264 
116 195 278 373 458 666 829 1188 1293 
20 120 238 273 362 553 613 622 840 1115 1241 1334 
409 813 915 
204 383 516 570 744 869 990 1257 
56 124 153 287 359 472 563 722 1222 1310 1319 
219 267 347 394 431 475 481 606 1107 
153 218 245 518 541 561 562 582 734 871 884 891 1035 1191 1201 1458 
5 96 276 490 577 608 682 683 803 858 925 1059 1193 1202 1259 1286 
32 115 190 202 281 289 385 729 797 858 910 1126 1237 1238 1316 1325 1337 
87 361 363 532 717 888 1020 1119 1146 1194 1368 1428 
35 44 482 541 575 1037 1110 1213 1221 1232 1316 1341 1472 
2 281 351 517 528 561 735 937 978 1113 1454 
21 105 258 329 423 808 1081 1371 1374 1381 
125 269 456 588 668 705 710 742 924 1013 1069 1233 1248 1440 
100 375 585 940 1010 1156 1158 1397 
61 197 202 285 406 471 533 570 588 595 651 886 909 1010 1052 1283 1430 
122 141 220 390 689 719 790 928 1406 
125 285 323 396 428 568 664 792 832 835 1147 1226 1337 1342 1353 
43 253 266 390 552 765 872 1082 1234 1297 1374 
69 126 166 311 345 382 475 571 632 802 807 1038 1063 1347 
58 250 251 254 275 497 561 621 646 735 793 856 957 1042 1053 1205 1403 
75 162 239 293 409 555 702 1019 
67 144 743 862 1023 1284 1406 
150 238 568 580 630 745 764 893 995 1026 1091 1113 1146 1184 1318 1358 1449 
84 85 320 389 550 610 812 831 837 1076 1120 1140 1176 1187 1321 1443 
15 64 332 406 555 691 981 1096 1302 1410 
41 72 232 351 370 918 945 1189 1213 1336 1420 1451 1466 
79 105 170 290 334 472 788 815 835 1117 1212 1262 1366 1421 
277 288 395 412 464 913 1300 1331 1419 1459 
1 54 96 111 258 381 390 577 935 964 1078 1118 1162 1230 1279 1357 
133 247 283 311 366 492 558 617 745 934 1168 1399 
212 401 483 484 531 534 633 658 910 1102 1229 1459 
155 278 353 451 658 730 804 829 925 1018 1055 1212 1378 
128 146 255 513 567 588 935 1105 1355 
394 743 847 1174 1223 1304 1332 1364 
52 53 209 334 478 557 703 803 824 
29 378 500 744 858 898 941 1134 1141 1357 
302 369 410 785 807 1034 1150 1207 1219 1230 1312 1340 1451 
69 267 312 667 700 821 1009 1011 1062 1106 1370 1435 
62 165 507 606 627 710 790 792 921 1049 1097 1235 1388 
54 248 284 342 676 790 805 852 866 1017 1070 
124 202 479 493 610 719 749 834 1011 1054 1075 1245 1355 1436 1473 
65 196 382 471 598 609 796 1187 1245 1359 1447 1473 
70 124 143 252 303 366 403 473 813 933 945 964 
23 72 753 829 866 913 1218 1315 1321 1380 1445 
102 406 442 503 844 880 1144 1161 1336 
281 291 403 479 733 964 1107 1140 
635 646 720 763 994 1091 1280 1433 
97 211 380 386 462 520 830 908 1040 1111 
228 258 406 446 689 705 822 898 966 970 1107 1237 1422 1439 
124 131 176 231 381 512 620 847 891 949 986 1063 1193 1253 1265 1303 1320 1395 1423 1469 
9 62 83 199 286 486 672 711 1132 1365 
259 436 686 863 976 1265 1308 
2 574 749 847 1018 1078 1097 1171 1342 1428 
181 301 517 576 638 664 700 711 755 1112 1123 1240 1353 1446 
214 247 263 758 861 877 1197 1313 1346 
54 64 786 987 1371 1420 1424 
103 283 428 429 742 833 878 1110 1192 1263 1282 1402 
49 129 173 440 530 601 1032 1119 1120 1124 1156 1197 1227 1287 
132 157 437 515 626 664 690 935 1072 
270 396 478 485 589 606 702 705 713 1046 1239 
182 208 233 277 383 560 628 835 1036 1213 1317 
251 492 508 711 718 827 832 1025 1106 1206 
111 265 750 921 1148 1378 1443 
118 195 303 549 597 908 912 916 956 970 1172 1250 1364 1367 1391 
510 629 998 1000 1067 1327 1364 1419 1422 1428 
49 439 556 660 893 911 1228 1331 1394 1462 
76 146 483 512 713 779 849 878 1020 1058 1121 1131 1197 1430 
53 614 667 692 742 862 870 903 993 1004 1031 1069 1157 1312 
1 35 47 211 222 583 586 698 775 836 1001 1117 1176 1180 1252 1266 1462 
28 29 43 236 262 404 592 602 749 878 951 1107 1233 1422 
22 143 314 508 536 607 655 924 977 988 1012 1142 1295 
40 67 384 441 513 592 816 900 1253 1279 
83 140 364 416 566 910 1000 1273 1370 1376 
209 532 803 847 1037 1044 1097 1125 1215 1455 
55 68 264 365 451 588 736 756 888 898 1101 1237 
66 248 318 387 478 601 647 895 937 995 1088 1199 1319 1369 
383 469 551 604 781 816 1036 1174 1315 1323 1385 
104 142 190 260 400 502 515 659 845 851 1086 1096 1348 1373 
60 103 138 179 200 238 242 292 315 325 580 683 747 832 944 1092 1227 
249 269 307 316 331 494 538 1052 1068 1074 1110 1171 1346 1376 1385 1427 
164 365 489 590 806 1043 1242 1452 1453 
46 390 649 697 872 1008 1410 1429 
392 446 657 1016 1108 1126 1160 1163 1182 1229 1398 
7 63 112 121 122 179 366 463 533 595 648 662 671 1069 1151 1213 1362 
64 241 304 441 533 605 633 726 760 1131 1143 1168 1265 
12 70 76 107 227 796 1027 1031 1039 1075 1277 
43 295 351 363 446 753 964 1154 1225 1309 1337 1342 
67 413 417 546 799 841 1014 1042 1291 
30 41 194 208 310 386 458 642 753 816 1117 1122 1127 1181 1463 
41 165 295 1018 1076 
45 121 222 240 344 485 503 664 708 719 815 837 917 1173 1267 1315 1399 1429 
2 51 82 357 538 641 673 685 880 943 1034 1037 1110 1187 
37 157 197 334 598 654 687 814 907 1041 1048 1159 1163 1451 1457 
58 161 360 366 449 573 674 681 999 1009 1085 1455 1459 
172 392 514 524 756 810 878 894 965 1106 1336 
249 455 468 623 730 1149 1189 1223 1248 1413 
90 112 123 202 352 821 1212 
118 332 362 363 420 425 571 625 692 704 721 
67 95 198 262 308 336 622 623 630 714 847 972 980 1037 1198 1202 1207 1213 1219 1236 1369 1374 
128 144 156 181 194 258 259 386 417 445 570 872 1276 1460 
299 318 474 495 630 632 1050 1171 1180 1222 1446 
31 107 526 569 630 695 738 740 910 1327 1364 
399 440 489 831 970 997 1006 1031 1273 1351 
69 78 167 418 512 543 605 615 628 642 705 1068 1084 1198 1248 1284 1310 1337 
184 534 541 553 581 598 726 746 1181 1189 1330 
23 160 320 331 488 586 624 786 845 912 961 1057 1236 1314 1429 
13 128 151 203 369 446 706 829 863 932 1027 1054 1379 
3 114 419 450 462 515 615 840 856 904 1231 1314 
69 247 523 736 810 994 1205 1216 1329 1380 
511 1370 1384 1422 1471 
2 158 181 220 320 339 393 593 635 1006 1351 1468 
221 282 311 391 508 556 698 849 868 1234 1307 1451 
26 30 103 180 197 248 309 387 493 601 674 1041 1305 
105 125 338 341 548 669 874 922 1133 1195 1343 1432 
99 286 314 325 496 778 837 1017 1160 1292 1421 
42 350 434 569 636 643 847 925 997 1088 1295 1335 1370 1444 
46 104 367 772 778 944 1046 1053 1345 1346 1373 1472 
80 85 372 513 915 1016 1165 1344 1465 
38 111 239 272 388 566 647 899 1002 1041 1056 1336 1367 1453 
91 140 197 289 550 1073 1106 1160 1421 
174 241 768 875 888 939 949 965 967 1000 1170 1333 1350 
72 476 498 576 594 621 782 998 1009 1079 1156 1226 1228 1331 
163 201 575 778 973 1092 1311 1366 1392 
276 333 420 529 537 720 782 812 876 1220 1223 
26 64 860 981 1003 1165 
66 295 413 484 501 595 848 889 928 1113 1326 1381 
50 121 230 284 616 650 766 768 774 839 841 901 1026 1135 1162 1248 1327 1329 
62 139 179 233 244 297 300 347 479 718 791 846 1096 1097 1261 
148 540 890 1291 1300 
24 276 484 542 638 728 795 835 851 919 942 1175 1249 1412 1445 1470 
26 144 148 395 417 436 480 523 541 773 775 795 858 1029 1040 1113 1118 1150 1177 
110 207 211 604 974 1054 1072 1109 1150 1210 1421 
29 145 354 
52 224 235 430 431 595 688 851 1283 
45 86 707 757 868 
227 237 333 401 404 422 876 953 1034 1202 1214 1232 
228 499 678 844 1229 1386 
141 255 372 398 472 608 931 1313 1357 1418 
115 189 259 298 602 613 667 690 691 876 917 923 982 1007 
7 211 432 540 779 813 960 973 1022 1072 1165 1391 
43 49 80 98 212 412 470 509 623 668 690 852 873 985 1079 1105 1166 1171 
68 99 116 163 258 374 671 837 854 1058 1139 1191 1266 1394 1403 
57 68 86 576 815 1034 1092 
172 211 648 781 782 820 848 1089 1303 
29 42 80 252 339 433 437 574 693 737 1003 1131 1156 1319 
390 492 600 659 886 1060 1357 1405 1443 
156 181 371 514 616 1056 1133 1163 1178 1220 1238 
38 298 456 497 598 739 844 901 1388 
54 281 323 362 943 1029 1221 1232 1317 1367 
404 505 990 1090 1341 1378 1385 1470 
71 114 552 670 998 1165 1173 1435 
26 42 90 106 224 550 658 686 725 930 1263 1320 1388 
150 255 269 457 683 870 920 952 1086 1317 1381 
50 256 346 624 691 901 950 965 1135 1431 
248 732 950 1238 1267 
107 123 359 379 529 670 688 863 959 1007 1123 1165 1259 1268 1323 1416 1451 
104 198 317 525 569 663 829 871 942 1002 1282 
107 316 430 575 931 1106 1286 1390 1449 1456 
145 289 507 746 760 858 991 1133 1204 1326 
239 435 530 1027 1279 1376 1410 1454 
184 608 675 775 827 905 912 1071 1256 1455 
27 68 254 581 653 694 791 1208 1449 
367 373 409 444 542 561 599 744 821 858 873 1019 1029 1055 1429 
72 224 319 371 583 597 678 742 794 860 953 1177 
25 81 89 148 177 302 314 491 501 627 723 728 740 1053 1178 1467 
100 196 347 442 540 550 595 1211 1430 
6 264 614 1093 1215 1227 1413 
414 417 472 602 871 919 927 1188 1313 
504 570 795 923 977 1009 1080 1142 1168 1225 1238 
10 69 144 157 203 297 415 498 571 689 748 814 867 963 981 1014 1063 1193 1229 1306 
420 599 700 839 983 1096 1202 1331 1438 
88 99 174 286 358 412 492 501 568 584 615 958 978 1043 1260 
116 135 160 163 326 403 480 686 1179 1212 1229 1285 1381 1429 
137 182 230 231 306 375 995 
66 77 137 197 378 626 942 971 1023 1034 1067 1213 1278 1425 
84 231 238 372 415 446 513 565 650 713 812 865 877 913 1289 
4 44 70 164 220 286 332 400 474 927 938 1013 1180 1200 1215 1316 1406 
423 505 538 611 651 683 695 758 808 932 960 1113 1375 
97 202 373 506 544 550 607 699 854 907 1389 
6 59 67 188 226 251 300 516 610 675 754 987 1047 1110 1212 
25 42 279 469 668 713 730 889 
58 80 216 470 708 951 1034 1082 1087 1359 
143 260 307 416 590 692 917 933 1023 1126 1257 
53 431 443 486 548 668 678 712 781 948 954 964 980 1022 1040 1197 1329 1462 
104 254 319 379 551 636 720 1031 1047 1201 1288 1425 1432 
61 384 675 742 766 793 1011 1049 1082 1267 1311 
109 177 375 427 476 893 1087 1443 
132 385 521 587 778 822 974 1011 1070 
171 316 388 637 652 759 1007 1161 1382 
65 162 225 739 778 873 984 1368 1419 1444 
7 76 198 247 254 901 930 940 1000 1013 1100 1174 1279 1338 1380 1423 
26 127 196 204 609 1015 1079 1096 1106 1109 1192 1195 1343 
12 76 104 229 474 696 788 799 866 885 926 985 
15 143 437 440 484 501 509 629 729 757 1315 1465 
174 262 294 386 394 575 779 873 
81 132 236 245 246 294 302 341 352 440 685 701 704 725 750 767 883 916 1192 1194 1238 1278 
36 81 183 299 302 324 512 618 632 777 795 990 1046 1238 1427 
32 187 432 563 574 718 763 1035 1371 
38 154 250 254 394 436 505 874 895 1064 1166 1236 1295 1334 1377 1434 
289 558 729 781 785 1189 1254 
156 210 565 582 597 691 792 991 1310 1393 
40 70 71 157 304 505 613 640 642 882 943 956 1052 1058 1125 1237 1349 1396 
83 86 102 252 425 604 606 793 830 884 931 1177 1221 1278 
47 174 559 1048 1153 1212 1291 1325 1367 1370 
133 239 241 267 324 433 600 671 759 945 954 978 1062 1278 
153 432 630 1074 1151 1181 1293 1304 1365 1380 
52 137 163 249 412 658 659 687 782 810 814 916 1056 1129 1166 1227 1228 
3 121 128 129 170 285 584 861 1015 1054 1290 1294 1330 1368 1438 
119 200 307 776 815 882 883 1371 
45 384 478 520 617 706 859 977 992 1010 1273 1332 1363 
9 24 83 179 368 382 673 719 980 990 1046 1456 
34 437 631 703 758 807 940 1123 1213 1242 1271 
537 538 1119 1177 
53 82 341 382 520 545 645 827 912 962 1162 1279 1304 1382 1459 1462 
48 324 635 691 695 844 1006 1441 1462 
49 91 203 423 445 503 510 821 887 989 1096 1139 1235 
16 19 113 199 372 587 763 786 871 872 884 894 1273 1299 1438 
88 127 236 509 532 649 654 907 916 1042 1325 1326 1375 1464 
73 154 217 336 395 479 613 635 719 804 1046 1061 1223 1281 1403 1421 1445 
13 41 51 77 90 116 320 357 360 416 474 535 563 616 657 808 819 868 948 1045 1065 1105 1119 
96 119 202 269 458 478 570 669 733 751 868 914 1315 
35 461 462 484 528 792 814 841 846 882 901 1001 1015 1185 
80 121 190 341 449 560 621 625 765 850 919 921 996 1106 1312 
114 227 344 374 391 472 599 643 772 931 1049 1093 1143 1194 1395 
141 162 302 338 346 393 467 521 550 775 787 790 945 1104 1422 
114 251 265 406 636 645 706 827 898 1001 1085 1167 1251 1462 
55 79 330 333 347 563 708 718 721 746 1028 1259 1300 
35 151 246 315 381 608 925 1083 1162 1186 1204 1305 
21 206 281 558 622 696 743 1402 
30 51 120 156 311 332 349 415 938 1089 1101 
287 320 532 853 860 873 900 991 1087 1088 1097 1151 1314 
33 164 219 223 244 302 575 634 847 860 1085 1245 
1 124 142 313 335 354 371 419 534 657 854 868 938 1198 1403 
65 225 239 409 844 997 998 1015 1022 1057 1155 1206 1238 
105 106 160 208 348 666 797 1069 1324 1351 1445 
120 131 349 406 423 589 867 972 994 1090 1200 1445 
12 150 521 660 726 772 978 1025 1140 1146 1352 
56 98 305 599 777 832 1061 1166 1288 1414 1423 
209 405 780 954 1101 1276 1347 
367 568 657 701 1221 1366 1374 1448 
37 92 120 207 233 245 367 482 486 511 895 1054 1071 1145 1208 1258 1327 1467 
72 87 184 205 212 446 582 674 717 838 1042 1175 1238 1302 1389 1400 
3 15 49 66 117 248 746 868 958 1374 
300 316 550 606 627 727 850 892 1197 1202 1218 1247 1386 1415 1428 
14 22 190 293 315 515 1013 1293 
51 77 84 304 337 402 471 1072 1130 1338 1430 
161 216 293 411 591 687 700 726 877 920 1013 1034 1042 1341 
119 122 198 229 234 256 565 770 989 1008 1197 1266 1312 1441 
38 43 354 382 723 882 923 943 1006 1022 1058 
74 200 402 453 510 585 778 799 805 842 873 984 1024 1110 1458 
91 108 142 235 307 385 594 1183 1308 1325 1341 1367 1451 1453 1474 
122 130 326 341 349 530 595 638 719 949 993 1015 1189 1212 1247 1386 1440 
555 613 630 759 1007 1155 1202 1270 1334 1359 1464 
407 463 486 524 567 812 915 922 956 1228 1258 1313 
120 241 502 642 1026 1051 1240 1425 
29 154 364 502 744 830 869 964 1456 
298 468 471 699 715 1083 1303 1337 1393 
274 397 445 577 590 612 666 1054 1115 1249 
170 256 345 659 682 724 753 1002 1051 1121 1218 1232 1317 
65 167 389 433 470 492 539 553 717 942 1092 1097 1148 1395 1470 
92 158 172 399 528 715 757 812 865 
10 31 107 108 231 348 387 468 521 679 695 827 
137 326 382 397 473 562 872 1058 1096 1221 1293 1317 
124 258 368 374 649 653 769 905 991 1001 1117 1139 1171 1195 1357 1381 1409 1453 
213 453 554 576 601 715 847 858 869 1025 1156 1227 1270 1344 
121 214 233 439 490 527 742 790 834 925 1282 
331 431 626 677 1301 1469 
366 563 781 819 874 1182 1380 1470 
99 119 189 296 548 582 588 606 804 898 929 939 996 1005 1230 
207 257 327 344 458 690 714 874 987 1118 1282 1296 1301 1361 1393 
169 209 267 296 331 337 513 520 570 765 905 1004 1055 1301 1411 1426 
70 161 203 790 820 900 1449 
153 187 198 208 242 259 300 379 456 664 722 1215 1217 1229 1348 
86 96 140 156 387 424 658 683 767 879 917 992 1126 1141 1169 1219 
308 317 323 368 538 844 977 1079 1099 1132 1176 1179 1180 1212 1225 1313 
30 80 172 335 399 582 819 828 944 1066 1071 1192 1253 1299 1474 
101 190 563 667 777 965 1098 1117 1176 1369 1374 1403 
15 67 70 85 261 277 485 600 920 977 1082 
137 183 291 648 803 842 1112 1120 1247 1423 1469 
189 420 573 789 809 854 875 1029 1415 1435 
143 353 527 758 829 1061 1080 1099 1253 1315 1420 
50 311 609 694 834 1051 1063 1197 1199 1224 1260 1395 
57 87 90 139 196 240 262 681 
26 218 246 276 438 492 530 680 684 710 989 1018 1295 1330 1363 1396 
182 399 612 1224 1408 1410 
71 115 240 255 302 448 642 662 727 1212 
48 389 631 828 881 884 1061 
19 35 330 472 478 566 587 593 772 920 949 1410 1463 
111 249 665 842 863 956 1081 1370 1468 
24 137 161 279 443 613 687 1168 1273 
29 61 488 502 781 808 826 911 1014 1168 1258 1466 
2 10 628 743 800 853 900 977 1260 1369 1396 
72 95 212 262 329 406 502 642 730 768 927 959 1053 1328 1336 1363 1398 1469 
141 195 280 291 341 677 694 856 876 1097 1245 1271 1303 1436 
82 567 572 954 1032 1041 1138 1216 1418 
26 33 128 176 183 443 542 1077 1286 1432 
274 835 871 961 988 1017 1022 1048 1172 1354 1446 1451 1453 
274 701 772 903 939 1127 1202 1441 1460 
170 202 476 574 805 806 1101 1464 1472 
58 133 360 544 545 619 721 833 987 1166 1198 1205 1341 1387 
16 151 285 331 424 482 529 804 1152 1244 1252 1343 
464 568 617 787 815 1128 1371 1398 1474 
3 22 158 372 458 835 856 890 946 1082 1235 
90 285 336 488 1068 1372 
39 109 113 325 342 575 577 590 602 604 715 853 905 940 975 1119 1243 1399 1449 
53 116 132 152 228 422 671 1085 1239 
31 36 329 387 445 488 823 894 1006 1045 1151 1244 1383 1391 
344 424 479 480 552 807 944 1350 1367 1397 1417 
68 129 228 598 791 829 968 1080 1107 1285 1339 
26 283 411 757 948 1012 1013 1200 1344 1465 
73 205 333 429 430 865 1003 1258 1327 1462 
88 111 196 460 821 1079 1128 1417 
99 134 200 680 694 697 738 835 907 969 1030 1041 1067 1121 1254 
57 130 132 148 335 452 619 746 772 805 928 977 1050 1214 1339 1342 1358 
39 103 174 237 336 404 463 624 700 1085 1115 1170 1171 1172 1383 1393 
20 394 604 772 994 1202 1222 1251 1414 
6 83 120 290 351 488 960 1359 1372 1395 
13 249 359 388 473 478 515 537 568 964 1072 1080 1405 
94 593 626 700 715 754 1082 1136 1224 1317 1318 1393 
162 191 434 435 554 826 997 1047 1230 1235 
4 56 181 311 622 750 887 1193 1283 1285 1299 
122 152 207 211 409 448 450 774 791 1004 1182 1451 
152 159 276 783 839 1076 
146 254 302 325 355 623 956 1133 1377 
85 308 387 405 477 495 703 1106 1278 
48 65 106 108 386 489 600 722 820 861 926 929 943 965 1378 1424 1428 
406 484 573 662 823 856 888 1018 1090 1111 1144 1266 1446 
50 99 181 220 272 377 392 992 1077 1117 1130 1171 
179 336 441 452 470 750 835 862 1085 1149 1379 
37 118 291 343 349 435 465 562 676 776 821 1060 1103 1335 1428 1459 
324 423 429 437 504 790 1035 1183 1368 
19 232 260 453 480 639 822 1140 1209 1373 
559 841 901 1022 1065 1149 
72 252 326 485 576 617 629 792 844 1224 1256 1269 1456 
95 133 255 388 509 701 1072 1084 1097 1258 1346 
85 281 517 707 831 921 951 988 1062 1068 1134 1179 1203 1296 1422 1466 
35 325 513 548 592 722 948 987 1005 1017 1055 1247 1377 
47 55 144 155 364 621 867 899 935 1024 1101 1165 1380 1410 
132 248 262 417 654 801 848 862 1158 1187 1221 
4 281 299 306 515 556 810 852 882 915 1010 1101 1116 1118 1246 1343 1418 
66 187 305 435 483 861 925 979 1000 1083 1300 1356 
149 719 903 1030 1188 1231 
25 54 198 372 446 698 760 887 967 1026 1055 1189 1227 1238 1319 1413 1448 
14 130 239 274 304 381 478 532 674 727 825 1122 1156 1219 
68 74 199 270 379 580 874 920 1021 1203 1208 1391 
365 391 560 754 767 885 971 1087 1337 1453 
102 111 123 132 215 518 525 716 773 802 885 1394 1469 
127 132 209 285 286 476 509 745 1098 1193 1296 1454 
185 192 499 540 716 724 772 842 992 1211 
554 720 873 877 915 1329 1446 
31 80 311 770 808 910 1172 1191 1211 1262 1386 1430 
63 344 409 467 776 796 962 1053 1125 1167 1373 
61 85 112 116 203 303 380 546 719 922 973 1123 1328 1357 
17 44 75 360 414 445 920 988 1038 1089 1227 1239 1266 
197 362 379 442 754 762 866 900 958 1080 1155 1226 1366 
126 339 415 484 555 790 807 840 904 1063 1080 1134 1272 1300 
52 78 103 194 282 517 733 899 1046 1242 1285 1322 1435 
13 19 93 521 689 745 773 820 1073 1083 1263 1413 
406 482 531 629 665 666 861 991 1119 1138 1315 
11 383 451 469 501 526 545 577 619 689 692 837 839 1050 1310 1405 1418 
50 202 317 362 409 471 722 961 1050 1051 1061 1291 1327 1371 1399 
343 372 421 423 445 637 664 828 842 896 898 961 1021 1104 1138 1199 1323 
188 246 324 354 456 465 739 821 942 1041 1376 1386 
25 114 199 623 843 859 873 885 903 1235 1348 1384 1390 
189 224 371 372 444 508 734 769 1250 1267 1431 
327 430 536 691 766 948 988 1102 1449 1459 
36 143 683 704 741 935 978 1043 1114 1341 1367 1392 
109 166 395 446 516 547 672 814 1111 1120 1129 1135 
3 10 56 72 451 538 641 660 718 1060 1234 1429 
46 55 357 429 996 1013 1206 1343 
54 294 345 347 392 457 523 791 835 885 900 948 984 1120 1180 1221 1256 1279 1375 1432 
323 465 581 673 826 834 1100 1118 1148 1248 1330 
901 989 1031 1118 1145 1365 
354 375 480 536 572 713 888 916 1028 1115 1180 1235 
41 42 109 163 263 279 317 357 674 778 906 994 1186 1251 1394 
107 157 310 405 576 583 586 737 758 811 1118 1142 1301 1315 1346 
203 353 878 1025 1122 1300 1308 
105 154 180 207 421 782 800 814 931 1189 
25 101 231 568 964 993 1063 1095 1104 1385 1431 1472 
90 101 229 454 521 579 599 614 719 737 754 836 1024 1055 1211 
164 347 527 589 709 946 1097 1124 1149 
46 136 208 322 332 463 515 532 549 553 1068 1102 1286 1292 1378 1420 1427 
13 105 148 160 210 324 524 688 743 787 794 826 833 898 1187 1293 1427 
32 56 123 143 161 307 657 849 982 
133 188 281 712 728 1083 1166 1256 1416 1446 1467 
453 499 661 725 743 750 1387 1421 
69 378 400 475 531 633 670 1005 1124 1414 
15 32 47 67 252 541 567 737 1286 1344 1355 1474 
312 448 629 699 782 835 1051 1150 1214 1349 1431 
60 299 354 383 421 427 468 592 744 764 770 946 964 1014 1074 1137 1236 
104 543 571 671 739 869 893 898 
5 42 109 506 525 539 732 823 1018 1140 1299 
154 166 269 277 405 477 511 725 1301 1377 1454 
22 142 284 409 484 606 611 645 871 958 1168 1180 1272 
454 509 645 711 768 848 862 870 1008 1062 1064 1119 1351 
115 152 192 341 407 563 609 622 831 836 971 1109 1245 1392 
73 172 307 463 582 650 744 855 948 1128 1320 1321 
8 29 115 261 566 690 837 875 1158 1234 1405 1425 
39 213 292 455 586 752 965 1011 1012 1128 1232 1403 1404 
101 199 439 574 906 910 933 1012 1040 1116 1384 1390 1442 
152 281 290 295 330 331 416 585 666 731 853 1096 1135 1204 1318 1348 1432 1436 
31 539 671 768 816 944 1003 1279 1383 
131 222 485 549 566 595 641 692 758 783 859 892 909 1139 1156 1213 1321 1349 
101 224 238 288 355 432 486 498 558 683 814 922 988 994 1031 1239 
65 196 247 274 467 557 609 770 798 858 1268 1414 
234 305 364 757 885 1181 1380 
82 146 237 304 317 469 570 718 793 853 900 914 1230 1242 1366 1421 
7 108 190 435 449 615 658 1115 1251 
31 131 135 797 981 1020 1396 1467 
68 575 870 889 932 938 1012 1134 1279 1359 1396 
168 246 294 353 361 362 689 856 987 1046 1172 1216 1379 1412 
206 294 631 670 701 821 933 1007 1030 1115 1313 
82 284 321 363 418 463 582 602 641 648 850 1046 1157 1313 1440 
61 88 156 227 431 446 523 871 984 1163 1168 1188 1252 1313 1450 
95 118 202 331 407 927 1069 1340 1419 1464 
346 371 388 423 716 826 964 1199 1216 
12 302 378 565 731 755 955 987 1033 1151 1256 
332 384 479 548 635 640 664 719 735 886 1066 1088 
19 36 77 168 271 306 346 503 600 691 839 1094 1130 1190 1249 1346 
51 219 812 892 927 1090 1249 1255 1433 1474 
98 224 302 382 429 436 517 631 710 783 791 897 969 986 1084 1237 1382 1470 
72 85 314 334 376 388 535 546 771 1009 1092 
293 317 323 450 581 731 857 1041 1254 1301 1342 1358 1379 
32 102 132 194 528 692 737 1110 1143 
27 109 168 675 741 974 1157 1227 1299 
183 383 482 581 947 979 
52 105 151 209 570 627 680 704 1206 
59 225 267 586 601 773 792 843 926 963 1375 1377 
457 462 535 820 932 960 969 1006 1007 1219 1470 
2 418 646 663 940 1168 1267 1415 
52 61 80 218 278 383 424 503 631 669 833 837 929 954 970 1091 1249 1353 1447 
190 208 324 328 509 610 614 640 644 879 908 992 1009 1036 1246 1329 1429 
5 11 51 98 179 755 986 1072 1114 1144 1254 1287 1368 1410 
2 56 63 337 626 745 877 883 957 966 980 1134 1321 1412 
184 200 212 302 498 729 804 1134 1227 1302 1336 1409 1438 
224 833 838 882 997 1184 1323 
260 342 727 767 882 1069 1252 1397 1449 
272 288 495 795 881 1005 1154 1272 1357 
19 184 295 577 624 801 887 978 1071 1210 1246 1378 
239 311 541 613 674 698 1082 1114 1180 1474 
64 187 490 588 598 642 730 774 794 911 1073 1438 
20 268 404 485 518 596 647 818 875 1415 
20 151 348 354 359 417 502 547 1070 1250 1286 1332 1408 
330 343 481 495 568 1030 1110 1365 1414 
196 556 676 729 779 822 843 867 914 1052 1140 1217 1224 1233 1247 1338 1346 
15 203 323 329 610 690 704 725 779 882 911 945 986 1032 1185 
200 344 928 999 1299 1365 1374 1404 
127 280 439 579 617 649 650 926 932 1125 1134 1362 
1 149 258 616 643 842 1023 
160 169 181 191 220 337 726 881 890 950 989 991 1231 1334 1353 1382 
67 279 401 482 484 682 1017 1033 1134 1215 1327 1337 1353 1392 1440 
55 58 74 193 326 409 448 493 500 981 
86 87 130 181 287 389 463 566 575 639 876 1013 1030 
9 150 192 299 320 573 592 684 792 871 1174 1368 
19 152 163 538 613 689 713 746 771 809 843 874 976 1167 1203 1230 1334 1351 
31 279 294 444 656 697 700 721 960 1239 1302 
30 117 122 291 318 396 424 520 570 589 624 734 1208 1221 1235 1329 1382 1439 1462 
266 369 526 612 620 783 843 1047 1144 1232 1268 1472 
177 181 279 354 661 708 731 743 831 901 1075 1095 1211 1240 1348 
97 346 453 487 507 699 978 1019 1192 1240 1420 1447 
253 436 488 523 554 573 705 930 1152 1183 1256 1285 1290 1371 1451 
111 251 254 281 389 454 509 662 674 777 782 829 1172 1256 1271 1348 1421 1438 
45 122 401 466 527 1018 1084 1091 1158 1292 1380 1413 
78 95 119 175 183 289 446 544 652 909 966 1025 1059 1063 1282 1356 
108 410 516 648 991 1051 1182 1237 1291 1327 1468 
3 8 210 363 500 508 549 559 678 720 740 915 928 979 1255 
126 144 151 167 169 177 290 415 495 637 650 680 782 921 991 1023 1024 1027 1446 1470 
194 214 263 285 315 452 497 660 709 864 871 956 1010 1046 1342 1419 
351 376 675 709 930 1019 1022 1132 1233 1258 1282 1349 1470 
57 141 297 442 473 604 718 910 964 1267 1333 
83 186 463 481 740 995 1028 1299 
25 226 386 484 571 705 807 863 1004 1290 1470 
489 526 709 1032 1038 1166 1260 
266 445 725 853 1003 1099 
10 41 297 319 348 659 734 834 925 1292 1308 1422 
69 77 382 442 537 740 949 1140 1208 1251 
147 181 279 304 311 371 529 953 963 1048 1050 1156 1189 1319 1364 1402 1432 
9 170 216 243 275 362 574 591 858 1019 1220 1234 1321 1361 1383 1389 1407 1437 
15 146 281 525 897 979 1070 1292 1415 
164 389 496 718 736 796 1286 1327 1420 1430 1473 
10 22 178 315 362 400 461 490 580 588 607 617 646 702 926 1120 1180 
12 28 151 265 298 485 506 535 765 798 810 975 1181 1212 1277 1284 1332 1333 
75 234 280 328 382 687 987 1007 1061 1085 1086 1099 1102 1167 1322 1396 
36 101 107 151 159 208 299 616 617 778 805 1019 1052 1161 1372 1474 
359 390 970 1159 1283 
113 136 174 309 630 1041 1185 1302 
146 532 551 946 1010 1013 1425 
83 99 354 361 599 793 867 915 1054 
71 109 373 612 675 697 888 983 1043 1096 1127 1279 
466 532 625 687 925 1184 1236 1242 1342 1443 
145 199 355 379 571 586 599 722 820 1027 1149 
102 161 414 490 628 736 875 1075 1269 
251 408 409 428 474 696 978 1084 1109 1293 
153 207 317 336 345 472 573 892 1024 1313 1408 1412 
5 38 41 101 126 417 561 660 674 888 1266 1283 1384 1389 
69 462 475 568 588 668 
10 104 413 577 714 911 1023 1345 1462 
47 62 110 150 452 533 747 980 984 1032 1142 1152 1218 1322 1377 
52 337 441 688 782 783 1040 1290 1370 
141 184 197 208 259 578 735 857 882 958 1068 
249 285 495 499 560 952 1112 1149 1285 1324 1468 1473 
64 81 450 456 466 538 552 855 1371 1450 
54 158 339 649 738 1089 1215 1251 1334 1361 1424 1459 
238 610 885 904 1006 1159 1439 1460 
84 214 282 380 493 541 665 709 773 796 916 995 1054 1128 1402 
28 104 245 305 436 719 1064 1076 1226 1348 1359 1460 
38 43 89 174 280 592 665 990 1049 1114 1350 
533 588 744 1136 1155 1338 
64 108 143 274 279 368 406 734 766 771 1194 1315 1470 
101 103 221 245 248 260 291 627 696 840 1135 1200 1402 
586 612 680 778 865 879 1256 1378 1443 
86 157 329 359 393 489 516 621 734 744 798 1065 
13 193 602 1256 1447 
10 227 308 456 595 769 776 791 802 807 989 1381 
24 158 385 451 542 572 792 850 858 889 951 1036 1124 1292 
60 116 157 204 337 364 877 1003 1106 1134 1277 1293 
226 249 523 554 622 681 736 820 941 942 1045 1065 1081 1219 1225 
124 318 423 437 494 597 925 1279 1461 
72 267 286 644 772 966 1181 1355 1386 
14 23 75 275 385 466 531 599 619 639 704 731 752 792 915 966 979 1306 1339 
118 279 363 385 392 506 545 715 948 966 1002 1062 1113 1287 
227 263 322 326 413 491 742 802 1176 1208 1312 
26 53 125 163 603 685 728 842 1105 1422 1452 
67 365 781 893 1184 1200 
43 86 213 352 386 406 615 675 720 926 928 1173 
147 418 487 567 616 621 625 782 815 854 864 
134 798 816 1289 
18 173 200 391 637 640 824 926 987 1401 
54 87 365 438 505 511 720 752 828 926 1022 1025 1045 1091 1132 1183 1217 1264 
121 123 128 165 190 353 472 473 522 740 756 857 1057 1133 1170 1238 1305 1361 
734 919 973 1116 1227 1247 1308 1360 1444 
327 401 424 538 575 622 902 982 1112 1180 1331 1342 1441 
91 126 188 209 543 584 674 1087 1141 1175 1247 1285 
245 430 475 483 873 1097 1137 1234 1415 
80 151 168 331 368 385 444 544 585 879 1026 1223 1469 
60 118 177 206 255 390 429 624 675 693 743 990 1034 1372 1464 
179 432 444 623 651 819 993 1065 1220 1240 1264 1301 1391 
46 93 152 443 677 747 756 851 903 994 1029 1128 1250 
142 252 343 378 551 589 616 1070 1347 
67 332 657 793 1002 1354 
30 206 210 542 708 843 847 927 1111 1318 1363 1395 
74 313 565 618 628 658 701 821 972 999 1430 
306 357 660 847 875 1160 1264 1319 
121 146 201 268 469 489 511 632 765 843 915 
93 167 320 377 503 524 532 1286 1361 
49 105 442 706 709 718 835 895 899 933 
70 481 750 755 884 951 1436 
118 391 407 463 624 727 933 1013 1067 1413 1474 
168 178 314 364 369 485 608 621 828 887 961 1161 1175 1232 1243 1269 1279 1347 
54 293 373 425 538 657 836 1443 
35 37 120 470 658 750 787 822 895 904 949 967 1319 
83 136 291 473 492 514 621 987 996 1106 1271 1401 
69 240 373 437 454 810 879 1052 1211 1328 1359 1397 
87 93 241 385 478 671 760 951 1246 1386 
113 276 369 488 713 885 1021 1078 1321 1324 
17 176 318 328 330 333 449 457 495 688 750 
176 460 813 892 996 1108 1127 1173 1258 1286 1358 
224 227 340 983 1261 1458 
23 54 170 187 360 579 640 783 1090 1341 1351 1383 
39 68 245 355 630 817 1000 1002 1031 1110 1204 1300 
42 232 257 476 678 683 748 824 831 855 903 926 937 1133 1375 
33 181 211 230 445 451 570 661 677 712 735 750 826 863 1054 1269 1301 1401 
128 318 787 965 1040 1270 1473 
101 118 167 263 268 725 818 828 924 1102 1154 
174 268 447 481 760 946 1062 1067 1266 
48 171 521 629 924 1096 1180 
13 88 102 269 380 403 474 695 895 910 1149 
489 510 688 750 925 995 1080 1168 1237 1274 1336 1401 1469 
1 194 367 505 775 798 1129 1188 1231 1300 
76 137 263 354 401 556 605 622 661 800 854 891 914 990 1022 1108 1256 1281 1376 1437 
44 285 363 368 634 655 752 967 1264 1331 
86 167 222 543 602 685 747 775 870 1186 1374 1390 1449 
621 933 936 970 985 1096 1302 1329 1429 
24 67 278 408 445 608 646 738 820 926 1168 
60 344 358 439 501 519 668 773 1006 1157 1239 
109 115 152 325 709 730 818 858 916 994 1005 1076 1086 1182 1238 
66 129 239 266 500 717 773 858 905 1287 1331 1364 
50 433 523 682 734 788 821 824 924 1252 
413 425 680 688 920 971 1058 1106 
402 430 759 993 1101 1220 1429 
476 661 787 800 910 1050 1109 1200 1245 1388 1414 
225 279 397 538 664 721 1096 1120 1244 
19 131 196 279 470 669 763 1020 1049 1129 1185 1270 1404 1407 
221 241 543 690 867 954 971 1015 1025 1108 1249 
13 146 269 750 757 850 1041 1141 
350 640 659 700 726 853 1072 1116 1219 1244 1272 
163 176 260 265 376 476 564 659 798 806 820 847 848 885 893 994 1181 1227 1308 1333 1374 
299 403 573 711 957 1005 1055 1107 1226 1332 1366 
185 249 303 377 426 496 524 553 648 705 906 1110 1111 1188 1250 1458 
179 269 270 368 571 583 610 652 1288 1402 1406 
129 206 420 732 863 1008 1058 1141 1335 
18 646 956 1200 1444 
177 631 952 958 1233 1237 1306 1377 
388 439 692 693 883 945 1047 1232 1261 1345 1422 
142 229 347 991 1083 1090 1205 
118 203 454 535 895 903 930 988 1096 1182 1184 1264 
39 46 307 373 503 611 621 664 747 755 778 1023 1307 
417 504 505 781 909 1070 1071 1082 1235 
32 83 142 197 213 247 435 715 1016 1094 1189 1240 1265 1435 1440 
170 372 877 967 1026 1059 1127 1154 1399 1418 
2 22 720 952 1065 1088 1229 1471 
2 7 701 723 927 932 1375 
38 170 259 530 555 851 964 1074 1084 1314 1362 
35 172 261 381 435 1071 1117 1398 1405 1437 
55 421 622 634 812 985 1022 1036 1068 1112 1113 1162 1164 1221 
15 325 440 597 654 834 1469 
45 111 149 210 548 583 613 892 905 942 962 986 1120 1208 1289 1292 1319 
82 212 259 272 362 373 487 490 491 584 587 658 807 878 1385 
254 300 498 512 542 551 823 933 943 1124 1287 1411 
379 492 572 779 1209 1245 1344 1411 
523 678 1002 
114 444 471 539 708 803 1009 1352 1355 1433 1440 
209 220 385 650 1180 1188 1194 1222 1247 
97 121 183 421 480 486 554 606 701 703 736 1250 1441 
33 52 269 414 520 720 793 899 978 1005 1146 1216 1439 
45 466 537 566 576 742 806 837 1016 1081 1121 1288 1308 1400 1418 
53 98 210 231 287 505 807 1056 1109 
124 316 486 985 1143 1200 1213 
91 135 172 232 434 904 916 1214 1234 
3 27 267 303 498 594 607 617 863 945 1113 1203 
34 52 90 159 169 455 491 521 601 1007 1045 1089 1237 1345 
131 323 424 563 569 637 724 754 861 868 941 1304 1335 1463 
400 409 437 644 649 1219 1277 
37 105 158 315 332 462 1376 
88 281 615 751 890 1474 
43 50 179 338 505 529 737 1133 1167 1274 
20 99 247 337 826 847 854 856 976 
31 68 199 275 404 543 570 641 680 723 811 842 865 1022 1053 1061 1140 1169 1200 1443 
27 141 458 698 
26 298 331 419 429 870 1221 1309 1310 1361 
63 66 203 281 285 632 708 808 917 921 1115 1120 1285 
9 23 47 151 337 479 564 591 666 785 972 1136 1146 1443 1457 
115 298 399 570 673 755 1133 
11 35 56 157 298 301 395 416 471 824 960 972 1008 1112 1152 1184 1282 1291 1463 
371 633 658 809 947 1033 1039 1094 1131 1196 1208 
180 378 552 600 709 1084 1172 1228 1260 
166 206 836 889 1241 1267 
497 827 1178 1258 1301 1346 1362 1415 
122 157 190 234 374 410 421 859 1112 1123 1150 1321 
297 372 523 582 739 780 855 1012 1116 1285 1325 
307 364 368 493 530 648 766 1033 1114 1126 1130 1166 1258 
83 91 118 142 150 314 473 516 651 857 896 914 1034 1144 1167 1407 
54 310 450 523 859 1375 1455 1457 1460 
99 112 212 370 722 767 850 935 1395 1424 1464 
114 625 921 987 999 1456 
2 78 309 337 394 504 669 1384 
131 332 335 558 603 1343 1394 1412 
170 298 517 555 868 927 972 1043 1076 1098 1122 1316 1423 1465 
96 180 509 679 780 878 992 1007 1028 1211 1220 
64 219 314 321 513 535 551 918 921 922 1027 1044 1074 1188 1213 1289 1319 1349 1408 
122 133 553 576 610 613 624 676 893 1086 1107 1137 1224 1365 
6 405 444 526 616 701 795 908 945 1445 
8 169 454 481 522 575 599 685 857 865 1273 1401 
180 374 400 443 525 764 879 1181 
119 535 584 617 821 1171 1244 
336 641 763 1248 1375 
200 244 329 489 622 703 902 1028 1126 1182 1238 1267 1315 1468 
71 170 384 395 396 738 1281 1398 
33 69 183 239 253 338 592 655 755 852 1011 1281 1383 
196 247 774 837 1393 1414 1466 
34 249 273 491 688 719 874 899 1173 
171 239 322 330 354 381 420 467 515 706 789 819 905 926 1063 1064 1065 1145 1366 1384 
74 269 290 334 635 757 759 882 1254 1339 
154 360 363 489 585 601 695 728 742 845 872 932 1010 1027 1160 1308 1332 
123 389 475 659 661 828 1299 1327 1373 1383 1415 1456 
39 184 217 561 712 800 804 910 914 970 1348 
36 110 203 230 299 561 674 970 1052 1192 
115 129 146 191 196 296 316 335 425 484 563 613 645 655 727 796 994 1128 1194 1202 1258 1301 1430 
233 343 396 439 462 701 803 1048 
23 128 157 675 695 1048 1054 1085 1129 1206 1290 1350 1399 
62 90 102 315 343 430 532 548 1008 1134 1149 1327 
216 728 807 1013 1087 1453 
110 121 148 208 214 344 398 886 1152 1206 1472 
631 637 659 855 869 902 1291 
14 21 139 191 501 632 777 810 869 1389 
108 115 116 127 189 209 221 314 323 387 505 601 610 621 716 753 778 892 962 1012 1102 1116 1131 1316 1322 
185 227 483 545 599 944 1004 1204 1425 
52 269 447 455 760 778 835 1001 1083 1108 1224 
18 52 197 310 390 449 756 859 935 1023 1463 
124 157 160 417 543 679 717 773 822 1183 1222 1228 1375 
24 65 197 208 322 391 470 520 685 861 1094 1133 1239 1315 1396 1439 1460 
112 169 323 370 373 396 458 549 772 1121 1133 1238 1466 
62 175 229 248 371 515 555 652 850 904 1101 1106 1154 
29 65 95 181 333 334 430 552 586 767 981 1242 1273 1356 1403 1430 
189 677 696 746 770 944 1086 1219 1451 
106 506 630 659 668 738 755 908 997 1102 1459 
22 34 96 427 842 897 1096 1159 1425 1472 
390 468 522 591 603 960 965 1171 1314 1430 
50 175 200 234 257 271 298 600 688 1066 1433 
1 115 245 343 446 476 661 801 898 902 951 1018 1210 1423 
193 506 668 704 738 965 1074 1119 1141 1183 1366 
106 221 354 400 765 843 952 991 1021 1298 
527 769 916 961 1039 1261 
54 175 378 449 451 622 768 1148 1245 1272 
115 136 173 257 328 534 624 706 731 768 986 1027 1070 1096 1289 1385 1446 
2 133 187 217 279 399 546 556 613 670 890 1190 1200 
59 182 201 298 306 420 521 526 567 729 924 1015 1052 1110 1113 1157 1317 1357 1466 
111 118 202 356 403 602 853 1040 1054 1120 1301 
15 431 614 772 959 1158 1321 
156 350 400 437 754 762 886 1046 1106 1210 1372 1401 
385 888 1263 1426 
22 30 600 618 668 705 1082 1101 1102 1392 1463 
30 54 185 232 418 476 555 593 948 1191 1474 
48 114 237 255 501 684 692 1039 1170 1263 
24 234 255 356 403 546 992 1115 1335 1416 
585 680 687 789 797 915 1004 1089 1348 
33 463 551 674 965 1074 1208 
50 98 261 288 451 459 693 833 904 968 1061 1157 1204 
96 265 293 436 559 1182 
36 143 213 320 338 417 556 564 575 921 1129 1154 1181 1196 1281 1389 
94 116 123 196 394 397 534 539 735 1099 1254 1289 
138 405 483 644 861 935 944 1192 
215 275 488 571 685 715 716 753 1128 1228 1372 1446 
30 51 93 303 387 480 528 620 702 857 1024 1095 1098 1302 1373 
12 23 120 164 312 362 426 445 457 678 774 891 1006 1058 1239 1313 1342 
92 184 201 297 433 434 715 770 800 855 902 959 1018 1433 
189 416 491 575 628 660 841 859 982 1084 1105 
317 495 727 750 928 943 
106 113 196 206 238 505 558 689 724 761 767 855 940 1150 
601 633 663 707 849 860 953 1012 1112 1153 1445 
57 61 76 168 475 955 968 1135 1187 1351 1364 1439 1458 1465 1466 
39 47 302 348 729 768 983 1003 1316 1365 1415 1466 
101 106 117 203 306 327 628 643 663 669 750 891 894 928 1098 1223 1238 
173 195 325 408 491 572 614 829 869 1022 1079 1212 1253 1294 1307 1331 1438 
107 502 534 621 627 724 731 811 1014 1221 1275 
53 174 469 850 975 988 1044 1079 1149 1244 
206 581 583 683 714 801 977 1033 1090 1162 
98 169 200 213 244 267 595 758 980 1062 1074 
269 296 426 525 613 695 760 842 857 919 989 1057 1114 1400 
271 382 438 663 777 804 824 915 1165 
83 139 448 571 598 840 865 1072 1101 1108 1454 
23 578 581 583 588 958 966 1053 1129 1210 1310 1316 
458 552 626 761 1015 1051 1146 1297 1313 1415 1447 
6 37 44 424 728 731 801 1030 1259 1346 
35 221 248 277 349 406 574 637 788 895 903 1002 1014 1170 1205 
118 201 252 577 951 1037 1428 
19 68 82 128 336 495 526 690 799 803 1232 1400 1434 
238 448 528 570 611 830 893 1129 1146 1326 1361 
129 223 442 480 809 1015 1051 1223 
85 176 715 791 958 996 1188 
256 310 457 465 505 528 643 774 1018 1047 1102 1353 
17 196 242 458 552 597 852 908 921 966 970 1311 
150 159 215 328 379 405 501 717 793 998 1026 1298 1408 1411 
130 225 322 376 476 496 701 875 911 933 968 1192 1295 1441 
32 206 426 523 554 853 935 943 1060 1061 1134 1332 1425 
19 146 197 535 559 604 665 959 1088 1204 
14 509 620 734 944 953 1255 1309 1403 1406 1469 
193 279 295 346 396 428 479 634 681 742 956 1012 1251 1321 
80 106 149 329 455 459 481 893 1267 1380 1388 1440 
67 68 96 181 199 278 336 1179 1203 1213 1219 1304 1351 1411 
29 409 466 516 546 708 880 1128 1156 1161 1241 
234 274 278 425 558 617 671 793 870 884 928 1050 1335 1398 
341 436 641 1050 1098 1234 
193 284 297 414 641 797 969 1011 1049 1255 
315 385 556 667 673 828 1241 1398 1414 
85 270 340 611 1129 1234 1293 1463 
199 222 267 449 565 936 1094 1145 1301 1394 
89 183 187 202 238 241 462 561 915 1086 1464 1468 
273 278 572 676 733 811 936 939 989 1084 1455 
161 253 320 922 1260 1261 1394 1401 
84 165 416 546 781 1062 1085 1145 1298 1417 
260 350 377 421 569 747 818 994 1009 1114 1199 
88 131 521 597 889 967 1038 1056 1095 1232 1311 1406 
380 895 931 1081 1093 1130 1185 1289 1316 1373 1384 
91 147 225 228 807 1036 1356 
90 94 274 296 332 417 959 963 1412 1423 1453 
26 295 317 477 789 946 991 1011 1251 1267 1467 
63 97 228 231 330 408 528 599 679 716 841 1066 1119 
45 48 220 274 320 407 460 677 707 932 1033 1111 1131 
114 161 315 544 578 601 644 678 766 771 783 870 1037 1058 1113 
113 180 195 299 523 700 716 721 761 876 987 1126 1174 1245 
105 460 501 586 701 842 889 930 1299 1341 1417 
135 215 271 389 442 707 977 1154 1295 1448 
55 90 234 376 481 570 624 640 826 836 906 1049 1138 1328 1338 1396 
120 327 421 460 922 1352 1466 
43 304 382 731 848 1033 1034 1459 
13 46 76 107 183 259 446 660 704 716 895 977 981 1387 1469 
80 162 301 333 408 519 733 742 757 814 824 1020 1083 1224 1231 1472 
209 278 295 666 718 817 897 1002 1131 1193 1319 1335 1339 1453 
157 158 263 436 487 583 805 1016 1030 1040 
152 328 400 475 518 765 836 947 1022 1052 1128 
141 175 272 275 516 551 620 698 1071 1263 1340 1367 1446 
36 43 50 79 127 156 303 850 1388 
299 330 689 802 931 1008 1250 
8 61 120 201 241 484 692 945 1052 1198 
28 225 227 465 520 1129 1221 1255 
133 215 370 399 410 502 559 822 859 868 1086 1092 1113 1375 1451 
122 147 286 586 623 636 700 1108 1155 1266 1332 1372 1452 
69 124 141 310 477 512 520 638 664 903 1064 1102 1250 1263 1400 
35 197 380 415 418 421 445 866 899 949 1183 1265 1395 
322 479 550 635 1051 
55 87 156 257 417 602 675 714 797 838 1141 1162 1201 1279 1283 
223 384 767 841 1182 1243 1455 
12 72 358 473 695 781 870 886 887 1303 1371 
217 318 438 490 639 705 752 948 978 1001 1036 1118 1346 1364 1433 
165 255 346 489 628 693 1082 1111 1164 1384 1448 
402 461 545 562 600 627 891 994 1424 1447 1470 
320 389 674 809 813 923 956 1017 1088 1223 1466 
275 369 491 516 1065 1153 
42 131 208 447 587 677 688 744 763 807 902 948 973 1112 1336 1438 
31 133 266 356 532 732 1174 1439 1462 
245 284 318 525 732 770 902 915 948 997 1323 1417 1430 
31 134 340 368 606 662 811 999 1044 1382 
256 725 745 812 1294 1410 1444 
69 207 465 809 862 907 985 1296 1316 
71 277 292 445 505 534 592 744 1283 1294 1458 
75 360 380 544 648 657 901 1209 1240 1372 1457 1463 
12 306 600 679 682 745 865 981 1017 1154 1337 1427 
35 404 459 555 751 949 1155 1157 1294 1332 
347 524 533 623 1169 
84 97 194 275 376 417 575 717 720 835 865 866 877 962 1108 1148 1452 
114 139 391 480 596 740 939 1273 1285 1330 1353 1407 1458 
114 230 500 587 635 869 904 950 1066 1187 1295 1409 
188 281 362 769 845 961 1299 1372 
295 499 677 942 987 1311 1333 1348 1372 1373 1426 1449 
75 167 208 508 816 892 1036 1060 1418 
47 345 639 762 940 1116 1152 1308 1409 
526 528 580 701 918 930 944 998 1186 1219 1257 1398 1428 
185 484 630 781 801 911 919 1072 1080 1118 1120 1123 1160 1448 
44 220 338 342 387 398 569 761 1252 
32 73 280 287 417 456 562 661 768 950 1030 1109 1324 1338 1429 
86 175 261 282 301 488 692 693 1131 1152 1214 
181 217 240 247 286 543 902 927 953 1039 1071 1091 1135 1199 1276 1354 
