1467 8532
166 189 217 358 428 531 559 694 1041 1064 1417 
15 192 350 351 379 386 464 472 839 951 1090 1229 
106 394 430 557 703 785 893 996 1336 
108 123 235 362 464 535 682 716 744 846 969 1085 
48 285 337 630 687 870 909 1033 1118 
41 441 450 717 883 925 1431 
150 171 304 399 541 671 686 775 831 1175 1252 1255 1430 
324 376 752 755 860 1025 1111 1176 1283 1411 1430 1446 
33 221 295 326 548 660 727 1013 1160 1352 
70 237 320 824 1109 1127 1134 1224 1304 
20 426 663 834 853 1042 1148 
206 357 375 456 652 982 1019 1030 1154 1253 1286 1351 1381 1425 
160 439 516 627 822 963 1156 1427 
36 52 428 470 493 687 690 716 1059 1060 1302 1374 
2 112 205 316 414 642 651 829 874 968 984 1079 1229 1320 1327 
72 251 559 609 865 921 927 956 1009 1049 1335 
342 474 640 657 1255 1294 1400 
310 482 556 605 956 1151 1203 1210 1383 
40 64 232 234 769 793 797 848 914 1190 1367 
11 34 175 216 222 321 381 390 424 1073 1223 1232 
26 66 251 281 477 524 1067 1079 1228 
356 421 485 492 619 659 682 684 755 834 877 1042 1070 1295 1319 
123 219 629 650 663 688 695 810 1153 
180 229 263 1003 1100 1437 
78 232 578 633 649 876 944 1038 1126 1245 1317 1405 1408 
21 43 80 126 167 173 176 246 501 562 569 655 688 1026 1105 1151 1171 1192 1347 
139 179 404 632 835 883 992 1106 1313 1411 
79 130 200 527 815 1019 1106 1195 1309 1421 
162 285 431 477 663 681 864 933 1426 
172 182 275 430 691 1015 1072 1100 1161 1257 
488 644 763 816 963 1013 1152 1230 1259 1387 
417 563 576 580 593 896 1392 
9 376 432 443 794 894 990 1139 1404 
20 119 301 557 572 583 723 999 1398 
56 77 505 665 977 1058 1063 1072 
14 287 680 802 1021 1052 1121 1153 1250 1298 
181 318 370 964 1024 1091 1110 1461 
109 534 545 1430 
85 945 1142 1382 1385 1419 1440 
19 94 169 173 423 431 577 843 921 1143 1195 
6 445 471 730 747 786 857 886 888 903 1074 1255 
89 357 549 574 646 962 989 1059 1144 
26 106 214 555 683 717 871 1086 1215 
553 721 884 970 1041 1089 1229 1318 
205 425 568 693 697 1378 
291 293 548 635 753 787 910 1089 1104 
48 52 156 230 300 540 674 777 903 921 1243 1408 1445 
5 47 253 640 957 1111 1282 1331 
428 463 864 1030 1194 1426 1466 
223 287 470 614 628 751 845 976 1012 1024 1320 1332 1338 1466 
148 157 226 330 540 575 616 698 800 857 979 1059 1104 1177 1214 1445 
14 47 228 299 333 807 819 873 904 965 1076 1125 1217 1309 1347 
135 156 311 353 430 557 788 825 855 935 953 1048 1300 
391 436 724 881 899 989 1089 1335 
79 390 402 420 729 804 976 1177 1250 1435 
35 108 204 280 340 428 730 809 1209 1306 1383 
180 277 435 526 643 814 944 1062 1338 1378 1424 
170 260 398 644 821 929 940 964 1033 1106 1334 
242 806 961 1059 1210 
91 159 319 436 519 738 814 933 996 1305 
116 157 339 458 562 566 570 616 792 929 1187 
95 926 945 1145 1440 
677 816 882 976 1053 1101 1214 
19 130 172 260 453 480 544 815 861 962 1054 1199 1257 
228 240 715 866 1058 1138 1376 1385 1462 
21 280 646 764 984 1237 1291 1293 1331 
145 265 355 452 453 467 472 569 614 806 836 844 970 1008 1052 1118 1380 
160 307 344 364 807 1018 1057 1408 
179 190 399 489 522 573 620 747 878 1066 1085 1124 1376 
10 113 321 440 514 606 660 919 950 1099 1278 
75 167 332 615 885 952 1089 1150 1422 
16 105 222 345 428 477 651 659 679 682 723 969 970 1113 1290 1372 1412 
100 154 309 408 450 658 844 948 1037 1200 1222 1253 1286 1360 1462 1463 
125 244 287 330 435 570 702 768 1307 
71 219 278 685 689 769 916 1024 1209 1264 1353 
89 141 274 286 460 470 498 519 560 644 804 1052 1296 1423 1464 
35 322 388 600 767 841 868 895 935 940 974 1007 1113 1440 
25 382 525 714 743 944 986 1039 1336 
28 55 91 111 164 235 260 295 396 408 500 504 561 728 769 868 999 1031 1060 1079 1258 1445 1460 
26 396 423 621 766 845 1413 1437 
161 301 398 452 487 501 661 816 1113 1350 1379 
324 480 749 864 1009 1051 1326 1366 1371 
387 483 730 736 926 1055 1200 1221 1428 
159 371 397 421 590 705 894 1070 1123 1235 1295 
39 145 267 285 322 452 484 591 664 846 996 1177 1206 1246 1247 1419 1423 
97 353 406 413 519 569 576 672 700 702 716 768 1085 1111 1289 
127 128 279 310 380 462 570 604 609 840 889 936 964 1023 1068 1086 1093 1252 1385 1413 1467 
282 425 888 928 999 1177 1195 1373 1412 
42 76 189 191 775 817 851 1063 1300 1397 
367 613 644 750 1006 1271 
60 79 154 200 271 498 524 561 593 940 1117 1216 1357 1388 1392 1413 1450 
152 503 687 733 775 847 1042 1046 1283 
259 604 672 772 887 
40 116 186 197 532 561 870 931 976 988 1208 1459 
62 313 342 472 596 683 981 1000 1236 1252 1332 1345 1392 1465 
164 229 250 388 744 884 1206 1209 1239 1297 1306 
86 445 507 532 618 643 653 736 742 817 836 1078 1263 
187 212 497 582 767 996 1088 1165 1208 1224 1423 1438 
147 363 371 589 618 706 1048 1063 1120 1178 1185 1348 
73 122 211 380 404 551 647 689 789 970 999 1135 1311 
248 338 379 400 582 709 884 1349 1408 
133 240 411 501 596 757 888 1009 1041 1047 1234 1437 1448 
106 149 210 227 511 714 880 951 1023 1201 1237 1414 
146 431 527 657 722 744 847 1066 
72 127 144 202 252 289 307 443 513 523 562 673 704 707 716 1012 1288 1297 1334 
3 43 103 224 275 278 303 377 782 833 1038 1076 1106 1296 
439 464 488 542 764 947 1009 1021 1214 1280 1329 
4 56 115 117 120 162 380 459 460 465 534 728 1362 
38 170 325 605 775 822 875 1084 1130 1228 1295 1401 
111 128 129 293 310 317 524 567 843 965 1084 1169 1382 1422 
79 110 143 234 335 360 706 777 1221 1460 
15 233 407 441 577 636 716 775 932 933 944 991 1105 1225 1236 1246 1344 1349 1457 
70 199 436 763 882 902 1320 1343 
286 572 613 688 891 895 1170 
108 140 295 350 378 848 866 1046 1161 1224 1266 1374 1383 1413 
61 94 144 307 409 542 814 825 884 971 1179 1241 1396 1438 
108 162 336 375 470 679 959 993 1024 
366 378 462 474 539 1051 1269 1445 1462 
34 120 183 340 484 609 623 665 687 712 731 753 912 1210 1228 1248 1261 1298 1400 1401 
108 119 173 330 356 529 547 718 1028 1315 
221 237 333 337 401 445 479 567 580 727 1196 1205 1240 
100 597 628 652 685 783 815 887 1367 
4 23 135 151 363 443 462 630 939 1056 1143 1234 
319 370 648 685 746 907 1009 1031 1063 1118 
74 266 469 567 577 837 839 997 1016 1113 1143 1260 
26 143 329 452 487 565 589 628 743 746 1016 1033 1071 1165 1420 
87 105 593 864 1002 1005 1035 1120 1130 
87 110 391 540 744 985 997 1068 1187 
110 257 408 676 791 892 913 1082 1111 1245 1430 
28 64 299 554 638 650 726 835 1050 1076 1182 1204 1382 1413 
574 612 662 744 991 1100 1122 1356 1394 1437 
160 279 311 328 429 484 552 558 559 613 617 675 746 814 847 933 949 1012 1064 1111 1192 1251 1376 1402 1444 
102 197 211 249 330 408 554 924 995 1009 1043 1080 1405 
294 359 371 538 669 681 1067 1168 1261 1312 1397 1463 
53 123 153 211 304 413 446 451 495 693 757 795 918 1048 1050 1231 1237 1274 1334 
150 517 530 582 728 748 799 1043 1047 1055 1199 1221 1317 1363 1441 
187 191 247 562 598 605 638 789 812 1037 1098 1276 
243 396 500 518 541 
27 151 245 246 272 380 395 731 1132 1165 1193 1405 
115 374 895 958 983 1067 1118 1212 1337 1443 
76 155 443 536 598 697 711 947 1130 1233 1265 1298 1412 1413 
307 365 708 787 815 1033 
111 126 545 547 572 785 901 922 960 1017 1040 1196 1288 1291 1341 1400 1423 
105 116 203 244 282 289 366 521 527 696 724 1069 1224 1249 1272 1311 1445 
67 85 196 245 387 449 806 910 969 1011 1146 1359 
104 280 398 604 635 637 800 848 884 931 944 1091 1147 1412 
99 329 421 497 617 677 827 1160 1230 1275 1436 1467 
51 188 224 517 628 694 719 816 859 1058 1327 1414 1424 1434 1458 
103 331 398 443 479 562 566 654 762 866 1095 1126 1223 
7 136 239 459 594 598 637 696 741 793 944 1077 1112 1141 1168 1323 
123 139 155 224 240 336 387 498 565 733 920 922 1111 1343 1359 1380 1430 
92 358 441 579 681 774 975 995 1048 1290 1463 
135 314 392 427 704 710 888 1102 1185 1314 1419 1454 1463 
73 91 225 256 281 428 479 580 787 913 1237 
141 151 186 265 416 420 1044 1136 1162 1400 
47 53 196 198 263 300 358 403 503 639 656 746 815 874 960 1406 
51 61 306 540 672 779 793 837 1238 1294 1341 
353 460 575 683 701 720 725 777 808 829 949 1142 1307 1319 
60 84 277 399 438 712 875 905 993 1262 1423 1454 1462 
13 68 132 214 237 357 522 819 1235 1287 1389 
81 660 780 1000 1130 1291 
29 108 117 242 616 788 796 915 972 986 1056 1073 1121 1200 1259 1357 1458 
326 328 454 651 703 990 997 1142 1371 
79 96 204 259 289 305 463 601 656 727 1034 1148 1423 
172 229 419 523 530 649 1082 1274 
1 561 635 669 761 816 893 962 1025 1048 1055 1087 1116 1277 
26 71 216 446 492 684 840 1009 1028 1132 1160 1171 1255 
238 343 703 768 855 980 1003 1041 1080 1183 1348 1372 1374 1389 1434 
40 358 411 466 570 919 1455 
58 109 192 281 375 384 458 636 707 768 1123 1273 1443 
7 230 397 759 1070 1204 1259 1326 1335 1431 1456 
30 64 165 223 226 702 856 866 871 901 1081 1244 1385 1453 
26 40 120 231 310 749 853 1138 1146 1304 1340 1383 
283 337 338 384 397 609 638 691 718 799 825 831 963 1013 1024 1133 1192 1263 1466 
20 682 885 1378 
26 256 461 475 595 705 889 919 968 1168 1238 
256 320 627 698 715 1078 1168 1243 1281 1331 1337 1384 1440 
561 674 830 1076 1264 1300 1338 
27 69 195 356 424 483 777 821 927 1086 1111 1224 1421 1422 
24 57 364 513 559 811 821 871 1073 1212 1227 1233 1253 1300 
37 202 284 299 435 649 1212 1226 
30 193 303 375 611 704 918 1190 1367 1389 1402 
119 254 581 675 991 1205 1369 1379 
305 335 569 744 1028 1156 1163 1182 1373 
386 409 867 1023 1102 1156 1414 1423 1428 1432 
94 155 322 481 488 612 629 682 904 1245 1298 1348 
98 137 285 320 370 406 471 753 1078 1180 1321 1342 1376 
148 190 385 433 449 662 743 896 959 1133 1190 1282 
1 89 206 216 386 478 502 538 601 648 726 739 886 1102 1214 1306 
69 188 278 320 480 484 605 623 992 1176 1341 1389 
89 137 393 452 577 598 630 716 816 958 1066 1130 1200 1294 1304 1330 1351 1364 1408 
2 170 288 293 516 551 563 606 747 772 894 952 1037 1104 1281 
182 291 297 746 879 944 966 1010 1097 1107 1125 1451 
359 709 733 924 1007 1071 1306 1368 1371 
179 539 553 574 813 974 1143 1148 1172 1203 1349 1450 
145 156 314 364 424 499 670 739 771 851 1122 1466 
94 133 483 500 629 634 714 771 835 982 1233 1320 
156 289 1044 1130 1384 
113 268 288 351 418 535 569 789 805 811 993 1039 1303 
28 91 338 383 403 408 418 459 794 1264 1266 1444 
290 342 782 887 1333 1369 1410 1449 1453 
105 181 248 364 403 406 505 609 746 764 953 1194 1241 
144 282 422 544 575 869 1010 1054 1205 1298 1304 1320 
56 164 560 597 611 651 768 807 904 1046 1083 1320 
15 45 291 306 491 634 661 662 682 811 862 1248 
12 189 288 431 556 770 843 930 934 973 991 1230 1347 1381 
367 379 458 609 670 704 1087 1179 1215 
296 581 586 717 742 870 1345 1348 1374 1381 
385 468 734 787 1041 1244 1353 
103 575 644 854 967 1096 1273 
100 133 135 268 357 457 497 895 998 1067 1087 1108 1361 
98 393 442 675 681 715 722 739 964 1235 1258 1370 
253 272 441 497 551 971 1093 1119 
43 160 255 318 859 901 1075 1095 
284 340 437 452 454 499 712 758 1046 1293 1335 1353 
20 167 189 301 372 419 583 676 789 1178 
1 290 330 403 483 519 788 874 1178 1422 1455 
350 389 556 696 776 848 1045 1067 1103 1293 1345 
23 75 381 384 734 1067 1215 1295 1460 
288 426 429 538 720 786 889 1072 1149 1372 
9 121 345 531 951 
20 72 382 536 694 1011 1017 1047 1088 1154 1290 
50 172 436 912 1003 1057 1113 1258 1408 1412 
106 148 151 330 424 482 518 609 679 712 862 1180 1370 
154 309 434 585 727 780 1147 1463 
51 172 333 595 656 778 857 880 886 1128 
103 375 645 834 981 983 
52 65 283 447 685 947 990 1036 1129 1147 1275 1322 1368 
24 96 165 268 478 573 592 630 644 647 789 865 901 1113 1116 1436 
47 171 318 411 571 873 1080 1098 1462 
173 467 478 480 586 642 671 716 736 758 949 1121 1126 1204 
19 25 314 504 613 814 883 978 1081 1135 1250 
112 374 582 592 726 798 802 842 908 1040 1243 
19 111 243 321 333 335 451 481 554 600 1322 1434 1457 
4 79 246 374 488 635 756 800 1374 1432 
430 568 622 665 735 845 925 980 1101 1182 
10 121 160 316 453 499 543 635 750 870 1048 1079 1287 
168 354 635 655 966 967 1305 1361 
150 263 270 552 607 719 802 834 983 986 1240 1333 1343 1441 
65 102 151 366 383 413 443 582 761 824 929 971 1128 1306 1312 1351 1409 
367 650 792 1196 
59 162 434 709 844 1071 1095 1218 1263 1270 1374 1441 
138 234 265 400 670 672 839 883 1055 1145 1261 1310 
74 144 250 365 667 912 1070 1259 1280 
139 145 275 286 403 421 546 617 702 1298 1323 1398 
26 139 235 514 792 934 1012 1152 1249 1304 1308 1365 
137 442 475 611 684 739 1000 1302 
101 202 569 672 796 856 
133 275 377 544 613 650 1087 1221 
96 244 285 393 592 679 922 1052 1409 1420 1437 
16 21 308 506 782 984 1018 1095 1121 1203 1208 
105 263 274 325 381 1034 1054 1116 1121 1454 
48 213 400 530 615 863 1073 1148 1295 1296 1352 1441 1443 1450 
183 286 508 565 587 589 597 611 617 716 850 1113 1338 1389 
214 299 307 640 674 677 908 912 977 987 1193 
154 176 177 259 366 370 508 530 569 1031 1142 1343 1403 
129 384 590 659 789 1046 1124 1225 1360 1379 
264 347 391 550 637 724 1096 1113 1129 1368 
93 164 256 537 1075 1139 1259 1318 1437 
58 64 79 498 540 588 649 707 716 737 898 961 1009 1169 1222 1421 
279 411 654 748 803 903 958 1129 1138 1223 1272 1295 1297 1403 1441 
333 476 547 844 891 915 968 
24 156 239 252 271 320 437 775 888 1033 1176 
258 307 364 618 1009 1025 1043 1064 1065 1188 
67 155 243 680 1114 
125 355 448 502 520 528 557 630 813 823 889 930 1170 1171 1172 1424 
85 336 437 542 647 737 777 918 1003 1185 1305 1338 1354 1386 1421 
199 211 229 432 541 564 721 816 972 1014 1311 1416 1418 1433 
645 746 831 874 1094 1253 1325 1344 1462 
239 308 318 827 830 1114 1246 1261 1461 
91 263 320 346 362 611 776 833 893 1026 1364 
139 213 355 392 408 464 494 543 547 577 743 821 834 965 1054 1097 1125 1161 1168 1194 1279 1327 1450 
372 390 424 731 740 818 838 955 1061 1143 1381 
76 252 523 613 622 859 886 1008 1369 1383 
30 106 245 249 345 364 524 627 1027 1059 1139 1194 1292 1373 1427 
391 429 534 658 999 1083 1113 1216 1314 
57 159 371 425 476 539 672 700 767 830 842 855 860 1004 1018 1074 1288 1453 
75 106 190 362 397 453 465 476 478 756 883 917 958 970 1090 1144 1289 1316 
87 132 261 476 582 1139 1202 1343 
56 66 146 300 350 719 761 845 1066 1160 1190 1262 1356 
21 154 170 320 341 535 549 718 759 785 814 991 1051 1070 1082 1158 1159 1345 1367 
88 144 203 455 819 1054 1233 1257 1358 1422 
174 228 360 559 666 793 1105 1283 1300 1327 1450 
181 215 427 434 472 533 703 1261 1378 1449 1457 
5 29 85 187 250 562 907 993 994 1022 1127 1166 
76 114 245 254 363 449 547 588 1099 1155 1162 1188 1319 1337 
36 50 74 621 652 880 914 949 1148 1254 1434 
192 199 206 220 323 340 346 397 459 473 482 489 594 654 708 1224 1257 1361 1425 1459 
105 144 164 198 354 635 702 785 935 950 1143 
201 217 506 653 1096 1152 1280 1337 
46 193 205 339 590 692 693 706 717 764 1085 1253 
337 561 563 599 646 726 827 1112 1398 1451 
46 110 192 335 441 540 565 570 589 912 920 952 1090 1243 1420 1423 
134 296 300 382 731 885 909 910 1005 1218 1439 1441 
9 79 115 641 673 678 692 928 995 1352 
208 294 384 491 577 595 1030 1425 1429 
193 402 540 600 795 803 963 1133 1318 1461 
438 500 502 531 537 887 922 1154 1179 1368 
52 130 181 255 472 763 853 856 912 962 973 1068 1228 1331 1428 
47 156 280 294 447 493 569 650 663 675 1090 1114 1194 1226 
34 81 216 393 637 838 1095 1167 1171 1263 1376 
428 573 714 723 917 1229 1238 1325 
106 182 431 601 639 824 858 1181 1216 1268 1304 1307 
7 135 342 580 599 631 633 661 1222 1232 1351 1355 1412 1432 
164 184 323 569 749 760 782 873 968 1087 1155 
157 205 434 547 618 664 737 742 751 809 826 941 957 971 1028 1231 1377 1466 
68 105 116 142 255 264 326 605 735 807 897 932 986 1019 1173 1227 1334 
251 270 343 412 626 745 912 1001 
73 225 335 616 722 734 930 
18 87 110 173 333 427 482 633 696 1030 1042 1122 1128 1150 1180 1182 1243 1246 1315 1329 1335 1399 1427 
53 132 493 556 678 972 1141 1147 1226 1248 1273 
612 627 641 660 789 941 1160 1186 1252 
95 337 352 381 543 728 776 909 943 1106 
153 196 232 349 434 652 655 715 761 779 872 1295 1405 
451 605 825 1006 1214 1258 1267 
15 237 389 452 478 826 997 1060 1104 1350 1353 1412 
110 601 639 652 780 1075 1092 1099 1278 1460 
37 214 230 270 399 527 826 838 1095 1116 1160 1231 1339 1457 
60 124 527 553 567 737 805 1039 1167 1250 1362 1417 
10 177 187 190 263 271 281 436 505 524 592 618 684 729 920 1025 1442 1453 
20 70 234 477 555 591 598 879 1098 1301 1447 1456 
77 85 186 323 462 465 499 867 1084 1165 1204 
288 305 322 441 545 802 820 865 982 1231 1254 1312 1336 
8 82 332 824 1069 1416 
109 252 369 371 514 567 591 617 644 776 780 1047 1065 1113 1120 1154 1360 1376 1418 1441 
9 163 307 454 501 661 681 998 1043 1164 
328 596 708 1004 1243 1253 1301 1342 1347 1355 1396 1418 1429 1436 
132 163 327 344 439 571 624 742 838 862 1016 1440 1441 1443 
126 147 424 735 793 803 870 1417 
51 74 120 133 217 224 372 640 711 747 759 816 1043 1074 1234 1258 1277 1304 1363 
149 357 388 506 753 836 990 1183 1215 1462 
71 324 347 687 901 976 982 1167 1271 1435 
52 121 226 234 262 310 410 461 492 722 904 956 1044 1100 1201 1366 
516 535 929 1158 1196 1288 1372 
111 184 234 293 309 346 683 723 875 898 1070 1082 1097 1109 1304 
117 151 267 593 1458 
5 121 174 292 313 339 385 491 514 630 940 1039 1119 1264 1328 1364 
101 174 200 407 889 1000 1008 1087 1186 1317 1319 1333 1435 
61 291 337 363 438 504 580 669 772 891 1091 1141 1299 1308 1400 
56 119 215 288 374 424 572 594 712 1004 1006 1267 1311 1327 1389 
281 372 674 690 700 1010 
17 95 201 304 1084 1156 1191 1370 1455 
168 308 520 800 860 1035 1083 1280 
68 328 737 796 857 917 1006 1057 1100 1277 1285 1333 1373 1387 
72 221 275 361 861 1030 1168 1267 1362 
271 288 335 360 418 662 813 849 885 943 1022 1047 1137 1382 
258 332 577 593 609 665 676 1124 1271 1371 
396 672 696 967 990 1364 1370 1396 
314 790 934 1057 1240 1342 1346 1385 1443 
2 115 218 280 557 596 612 785 1097 1224 1303 1440 1451 
2 199 450 484 541 780 889 894 1197 1312 
313 471 489 545 699 751 794 804 897 1266 1354 
53 86 158 433 553 735 892 998 1022 1465 
238 289 498 628 657 721 825 972 1004 1031 1063 1230 1315 1345 1412 1414 1425 
67 266 272 362 474 763 1436 
22 120 179 526 640 643 782 820 905 917 1004 1177 1316 1415 
12 42 160 211 331 791 907 1265 
1 152 156 169 475 490 496 610 736 746 769 850 851 1077 1229 
134 194 401 737 765 795 820 1005 1165 1197 1286 1336 1380 
111 283 346 499 577 679 704 818 1258 1379 
345 474 610 825 1036 1203 1211 
4 271 278 355 415 421 682 808 882 957 1312 1448 
99 123 286 339 478 505 581 671 738 794 1111 1222 1342 1348 
68 180 196 202 264 275 391 541 587 733 825 903 1009 1064 1078 1396 
142 244 412 635 650 673 687 975 1061 1132 1239 1340 
118 144 240 256 398 752 829 868 958 1069 
90 207 241 1070 1293 
460 461 543 701 756 951 1088 1246 
325 474 489 585 763 859 967 1064 1175 1265 1267 1318 
37 124 187 256 530 603 665 854 989 1013 1250 1434 
84 99 134 277 325 523 558 903 1067 1221 1314 1325 
216 273 330 341 444 664 748 886 1151 1173 1243 1350 1431 
666 692 750 1217 1406 1408 1465 
140 233 235 340 611 871 967 1015 1083 1111 1116 1151 1275 1320 1412 
12 117 170 182 227 451 471 610 709 830 1143 1185 1215 
8 33 594 714 1120 1169 1213 1255 
106 249 656 933 1097 1220 1231 1293 1462 
115 118 1015 1025 1189 1217 1226 1360 1423 
2 101 207 402 491 877 966 
87 100 108 139 536 594 690 822 1076 1130 1143 1156 1265 
20 219 252 313 476 618 664 715 745 907 917 1166 1233 
78 222 294 790 882 1008 1063 1095 1125 1292 1326 1434 
200 240 466 719 735 742 933 980 986 1291 1364 
170 174 219 257 296 509 653 1349 
188 209 337 462 611 616 697 726 866 
2 185 189 510 594 645 752 849 859 868 931 1181 1366 
83 145 151 421 552 641 691 696 1133 1179 1338 1343 1347 1402 1420 1455 
77 96 331 445 459 492 734 739 751 779 933 1105 1113 1363 1375 
218 316 409 434 465 726 756 853 872 1153 1396 
20 55 273 418 480 581 582 724 794 867 1467 
54 128 258 276 364 536 558 619 632 756 822 898 1035 1057 1076 1158 1182 1196 1280 1321 1359 1394 1414 
153 272 661 677 1102 1264 1287 1368 
191 212 250 301 547 792 999 1157 1185 1308 
3 489 519 643 849 927 1178 1412 
139 676 1137 
79 80 138 348 434 629 732 823 884 965 1292 
84 171 174 278 288 660 950 1004 1235 1239 
58 81 146 149 366 514 647 1100 1172 
7 69 159 318 455 477 520 642 643 686 695 981 1184 1233 
101 243 253 474 556 664 697 780 929 967 1142 1221 1325 1360 
121 359 404 556 605 636 699 769 819 857 866 935 1037 1045 1094 1196 1261 
55 297 379 413 498 770 850 867 960 962 1441 1460 1464 
156 200 202 217 245 522 631 834 973 1214 
27 100 401 587 678 699 1046 1293 1362 
420 786 1049 1094 1332 1378 1465 
86 187 202 462 521 645 716 1080 1213 1239 1249 1435 1467 
112 338 408 421 486 496 511 558 834 1054 1204 1267 1433 
73 79 129 133 200 272 407 667 765 841 897 1126 1181 1354 
116 185 389 507 798 806 894 924 1158 1355 1421 
333 1156 1213 1238 1365 
102 169 230 261 517 581 814 901 979 1214 1330 1391 
308 365 413 452 518 628 694 748 756 766 782 1101 
86 135 240 402 412 1245 1346 
15 595 614 674 778 872 1069 1205 1344 1360 
362 580 600 664 712 755 786 830 875 905 978 1171 1231 1342 1427 
155 448 465 706 771 872 1102 1176 1225 1250 1314 1445 
32 479 835 987 1175 1200 1205 1222 1240 1381 1433 
199 200 346 390 476 587 675 723 752 779 794 795 1089 1104 1366 1423 
165 216 965 1049 1075 1153 1338 
55 155 405 440 547 555 640 860 1119 1222 
22 84 147 245 362 387 407 637 947 1012 1015 1019 1143 1167 1220 1267 
203 424 774 895 963 1098 1140 1415 
40 80 493 552 610 759 785 969 1021 1122 1432 
20 179 196 224 273 329 340 422 480 790 970 1140 1168 1402 
45 88 277 431 1198 
11 220 455 576 937 1175 1177 1234 1241 1316 
153 284 310 481 596 619 717 1003 1153 1407 
1 14 49 56 72 154 302 697 717 826 862 1282 1306 1372 
132 220 276 461 545 589 796 984 1012 1024 1312 1444 
3 30 53 236 561 625 862 882 918 1104 1287 1430 
29 40 104 206 303 425 538 658 760 968 1346 1445 
33 268 544 601 714 766 880 1092 1215 1445 
188 353 437 625 715 916 1187 1360 1429 
225 242 284 306 314 389 396 813 915 955 987 1075 1182 1410 1434 
57 74 181 881 1189 1266 1311 1385 
54 60 113 223 320 492 511 526 558 901 968 1007 1020 1083 1464 
215 263 267 433 473 556 789 940 1097 1101 1384 
159 298 339 458 516 771 791 1322 
13 107 328 479 633 679 1090 1099 1101 1205 1323 1345 
70 420 505 520 557 702 719 737 792 1019 1272 1344 1409 
6 112 152 213 293 323 473 609 731 1309 1323 1324 
212 247 446 678 885 1047 1446 1457 
33 105 123 141 149 240 507 509 608 916 1161 1348 
372 505 623 1039 1122 1133 1138 1180 1255 1417 1421 
41 97 121 388 521 528 568 709 1013 1014 1092 1134 1351 1373 1423 
135 167 442 545 764 767 885 973 1030 1080 1098 1220 1339 1450 
228 300 463 615 669 700 1005 1069 1255 1317 1462 
266 416 511 703 774 911 943 1058 1141 1258 
145 188 286 544 594 781 1079 1288 1400 
6 73 351 728 740 823 1091 1271 1288 1374 1378 
135 234 315 375 523 575 633 801 814 869 899 1277 
67 81 85 126 191 215 316 412 533 745 959 1078 1176 1399 
64 67 237 278 574 728 1019 1039 1051 1102 1186 
163 215 326 471 578 787 877 1118 
282 399 426 627 716 767 872 1146 1364 1403 1410 1443 
12 568 719 755 791 867 1031 
211 587 686 1023 1047 1131 1168 1298 1369 1381 1388 
61 170 207 438 626 638 755 775 1007 1012 1052 1053 1173 1218 1238 1426 
108 150 200 288 388 706 715 835 1131 1195 1236 1373 
76 108 158 368 688 751 890 957 1278 1429 1457 
176 333 368 429 591 652 663 817 858 1365 
87 118 123 322 385 406 724 1027 1060 1106 1322 1388 
49 164 447 715 732 909 991 1011 1186 
2 4 107 272 951 962 1039 1227 1305 
108 278 322 389 416 649 657 858 923 959 1047 1071 1078 1107 1183 1312 1329 1423 
169 383 640 782 864 1110 1317 
67 231 502 519 621 657 765 769 804 1014 1080 1334 1349 
209 523 815 914 1463 
125 727 1418 
14 50 76 117 499 616 627 1095 1191 1201 1455 
41 187 352 375 454 648 1156 1324 
2 67 95 284 299 662 803 833 870 957 959 1136 
288 437 441 790 797 804 987 998 1050 1196 1211 1253 
17 118 355 361 369 400 562 578 620 666 986 1062 1144 1169 
176 247 358 577 630 718 964 969 1263 1361 1433 
262 277 278 279 381 418 509 538 568 576 690 857 919 1077 1178 1384 
21 29 72 321 399 526 642 707 899 998 1388 1413 1421 1433 
189 229 231 278 316 363 678 690 1219 1436 
121 149 154 417 439 622 696 823 1201 1238 1243 1443 
64 82 190 231 390 424 509 944 992 1023 1264 1277 1330 1409 1459 
186 234 427 800 1096 1136 1223 
18 224 288 310 560 733 851 869 920 928 933 1152 1388 1436 
83 179 197 217 602 631 836 940 980 1009 1196 1318 
85 119 132 190 351 606 628 817 1084 1116 1309 1420 
22 691 697 911 916 975 1061 1226 1340 1343 
407 546 701 705 761 784 873 956 1284 1431 1454 
81 126 786 906 933 978 1387 1466 
31 107 186 235 553 608 653 771 920 989 1009 1062 1192 1335 
69 288 352 369 394 671 891 986 1183 1334 1426 1454 
358 748 754 941 1027 1092 1229 1232 1268 
205 296 337 379 502 875 892 901 947 1413 1437 
22 167 333 388 436 553 554 587 812 988 994 1298 1331 
14 300 311 423 560 578 656 
272 516 680 893 990 1221 1274 1323 1385 
135 548 777 782 920 951 1068 1128 
358 407 547 600 601 711 778 878 886 998 1105 1420 1434 
98 147 211 213 567 598 682 779 844 881 987 1009 1216 1254 1258 1449 
76 91 151 260 354 402 567 771 818 1024 1197 1456 
196 215 237 322 360 470 637 761 868 950 970 993 1200 1302 1358 1453 
79 138 197 298 536 572 1344 1442 1464 
26 81 102 326 546 885 899 1138 1166 1284 1421 1431 
189 266 298 467 491 542 735 927 944 1065 1143 1208 1346 1392 1397 
92 156 658 732 757 938 977 1302 1354 
79 232 339 1195 1224 1407 
35 202 320 363 440 444 513 544 637 958 1202 
251 290 331 594 703 991 1128 1143 1214 1365 1404 1423 
97 409 443 710 790 834 890 1085 1092 1122 1373 
254 256 862 1003 1070 
384 443 476 480 530 545 599 687 800 833 917 930 1004 1033 1412 
386 554 570 821 824 1059 1144 1161 
103 407 436 448 590 735 963 1170 1356 
537 684 709 822 958 994 1179 1465 
105 180 505 591 678 746 924 939 1014 1040 1343 
70 246 325 337 398 551 701 769 868 904 1184 1264 1300 1357 1377 
586 908 967 1116 1157 1240 1241 
13 192 334 438 494 646 701 847 893 1116 1154 1339 1390 1392 
136 148 411 599 839 840 924 936 1157 1188 
138 224 412 559 571 689 761 905 931 1045 1147 1291 1363 
60 76 86 217 394 467 532 617 644 750 793 801 855 887 
266 343 399 440 595 896 983 1016 1104 1288 1312 1394 
144 406 445 610 637 751 773 856 1119 1371 1428 
69 160 403 559 660 682 702 805 1355 1422 
105 165 274 371 451 468 564 601 766 783 951 1317 1323 1422 1441 
21 91 110 275 320 606 764 790 868 1057 1210 1248 
78 733 776 829 1179 
57 356 436 477 547 701 740 1169 1188 1324 1447 
28 104 144 318 319 576 577 607 697 744 754 1024 1133 1171 1197 1199 
266 445 540 596 677 691 922 1021 1112 1132 1213 1235 1343 1423 
120 539 643 812 828 844 860 900 1135 1218 1429 
136 165 253 256 370 509 589 708 746 780 870 885 958 1152 1205 1221 1242 1443 
1 221 298 583 704 843 992 
94 97 519 558 618 655 1062 1300 1315 
284 452 1129 
38 108 276 751 896 938 984 1065 1130 1286 1375 1451 
4 199 281 334 589 590 625 708 905 949 950 1154 1172 1433 
141 222 380 391 500 582 725 741 1068 1104 1187 1302 
259 298 512 932 979 1050 1198 1224 1263 
134 189 220 431 476 751 789 1147 1173 1197 1328 1334 1336 1404 
118 195 277 529 652 735 965 1076 1123 1131 1161 1197 1212 1221 1254 
47 51 128 157 260 293 297 528 767 845 947 1231 1398 
7 138 268 351 364 717 813 1120 1155 1230 
107 116 267 502 588 641 689 690 741 755 887 986 993 1075 1107 1148 1170 1203 1360 1388 1429 1458 
237 272 313 368 678 740 989 
64 203 249 432 449 505 735 1046 1310 1347 1439 1466 
38 143 323 352 429 446 509 784 845 847 902 1168 1402 
245 486 501 582 848 1002 1211 
120 143 262 272 286 306 393 420 496 526 617 626 642 643 648 666 896 925 1079 1180 1326 
9 46 495 612 617 662 699 705 707 775 1011 1040 1071 1092 
42 281 606 727 877 987 1129 1183 1261 1335 1404 
258 579 603 733 777 935 975 1014 1179 1241 1248 1451 
100 192 213 514 705 757 776 778 819 862 881 894 926 1125 1174 1247 1387 1390 
132 239 387 423 570 603 814 849 969 989 991 1156 1248 1310 1342 1349 
44 195 319 353 488 492 577 744 778 935 992 1223 1296 1454 1467 
130 133 234 492 510 576 616 796 910 1014 1041 1282 
43 321 420 725 784 1120 
18 206 218 311 400 401 437 564 1023 
3 34 53 266 350 440 586 789 853 1173 1278 
132 371 391 407 436 532 678 711 712 721 796 954 987 1019 1093 1276 1387 1466 
1 16 132 180 283 518 522 596 747 789 845 872 1067 1188 1212 1289 
76 204 482 493 573 629 757 791 983 1066 1134 1414 
79 91 94 166 178 292 430 602 654 1057 1225 1346 1401 1444 
26 61 105 137 149 285 474 611 683 770 1427 
32 192 292 623 693 771 882 964 
268 523 556 631 662 867 1215 1335 1357 1404 
126 151 254 293 626 749 910 1006 1075 1090 1127 1394 1439 
61 149 569 647 659 682 1143 1237 1377 1418 1422 1431 1463 
110 121 125 319 325 497 498 994 
45 236 445 456 476 717 918 1057 1094 1253 1273 1437 
26 67 86 184 199 248 256 300 305 566 571 708 792 800 832 850 1226 1273 1337 
61 74 87 169 293 510 552 575 711 746 927 
230 328 518 569 763 775 807 809 835 905 959 1131 1318 
34 114 143 340 500 611 727 783 808 828 862 925 945 1072 1173 1359 1396 1446 
69 229 302 560 851 939 1185 
42 131 195 453 850 864 1021 1101 1156 1188 1307 1341 
51 158 203 210 451 570 641 732 750 787 1111 1343 1452 
32 86 426 476 527 554 807 833 1065 1074 1197 1208 1290 1350 1355 1365 
40 112 125 191 272 296 347 360 475 527 553 649 772 790 1024 1218 1298 1368 
25 454 474 493 633 706 740 760 977 1026 1042 1095 1244 1304 1318 1368 1459 
152 550 606 619 833 963 1024 1102 1172 1343 
32 121 154 304 339 415 675 1238 
183 208 363 390 411 614 666 732 772 881 1000 1003 1224 1357 1458 
98 101 136 233 240 279 390 536 546 785 850 1041 1117 1149 1336 
34 216 531 585 783 846 870 1025 
632 1000 1106 1171 
225 369 583 632 791 890 930 935 999 1013 1117 1192 
208 231 515 557 806 808 844 861 895 1135 
254 364 404 418 457 492 931 958 998 
260 286 542 681 746 860 1133 1204 1297 
99 126 254 293 429 530 535 1291 1364 1404 1449 
84 257 291 511 535 597 882 912 923 1229 1245 1380 1390 
85 321 325 461 513 915 1370 1431 
229 233 250 320 979 1192 
32 91 127 336 347 686 700 733 795 1079 1199 1308 
150 288 340 376 380 386 449 506 790 858 1128 1163 1257 1300 1357 1360 1463 
176 226 296 414 520 862 881 1169 1174 1195 1229 1410 1458 
95 102 327 350 427 528 559 614 710 875 990 1130 1299 1379 1439 
122 204 254 590 861 864 974 993 1036 1045 1355 1418 
137 141 150 191 321 497 631 824 999 1171 1329 1337 1385 
292 304 509 517 773 891 960 1118 1129 1157 1196 1261 1287 1351 1357 1416 
77 234 297 415 496 829 904 966 1079 1286 1316 1426 
164 189 303 317 432 496 523 611 656 743 830 851 913 1007 1070 1245 1263 1296 1321 1385 1431 1465 
483 561 966 983 
370 550 552 757 760 776 799 883 1036 1050 1234 1288 1420 
87 93 146 680 751 828 835 892 1144 1216 1256 1316 
18 109 137 190 307 315 401 763 1370 
70 192 484 524 549 579 679 744 782 846 965 1085 1112 1315 1418 1421 
239 527 905 1049 1308 1364 
443 488 666 790 842 911 940 941 1173 1175 1292 1461 
16 87 119 174 202 207 224 347 441 691 703 812 935 971 1042 1065 1139 1362 1384 1429 
358 361 375 423 521 705 1105 1123 1133 1224 1225 1237 1264 1273 
182 204 247 254 271 374 385 562 572 601 704 752 796 894 
131 186 312 350 548 668 738 745 851 1193 
90 114 132 232 249 274 701 796 1132 1411 1461 
50 67 414 581 596 632 1271 
71 253 447 717 793 802 1026 1060 1243 1250 1340 1377 1446 
51 61 162 309 385 470 554 640 665 1030 1373 1406 
132 147 245 254 325 519 547 548 858 1000 1139 1337 1372 
97 99 264 306 320 381 532 865 879 886 908 1058 1205 1231 
22 391 427 579 649 743 1120 1265 
69 474 770 784 850 905 993 1388 
80 287 467 635 704 853 1006 1177 1221 1226 1248 1327 
236 274 479 662 735 805 874 954 1145 1150 1302 1306 
119 190 444 563 787 849 953 964 1301 
328 627 736 895 1081 1236 1243 1408 
430 433 535 640 839 936 1061 1090 1255 1354 1369 1376 
308 458 547 565 1051 1145 1188 1408 
13 177 275 312 455 470 624 1156 1162 
50 122 126 148 354 412 484 655 770 790 1016 1088 1255 1283 1362 
23 186 197 396 560 770 813 840 851 907 1182 
5 123 191 229 266 337 475 684 729 900 933 1040 
304 403 483 564 598 713 807 854 1157 1179 1274 
27 391 584 585 614 802 881 907 1245 1286 
25 304 310 439 451 578 1417 
197 205 642 700 903 926 1010 1103 1111 1143 1215 1333 1350 1409 
46 146 166 235 237 238 289 365 621 839 945 1025 1148 1360 1404 
112 170 401 685 750 781 826 887 891 1196 1213 1307 1378 1411 
146 150 258 301 421 499 505 521 904 935 944 965 1080 1203 1389 1395 
130 137 174 458 1110 1401 
156 303 317 723 743 919 938 1138 1168 1199 1229 
17 48 255 330 356 420 466 616 625 660 919 953 983 1055 1095 1260 1295 1309 1456 
295 312 387 542 575 979 1023 1241 
15 231 399 477 547 634 678 770 842 928 976 
57 97 356 394 399 529 547 848 898 915 1136 1152 1206 1273 
31 58 76 90 210 229 325 519 788 801 804 896 1041 1136 1151 1165 1194 1211 1331 
227 269 386 406 702 704 769 926 1063 1224 
42 66 292 516 845 850 928 964 1255 1318 
100 229 267 398 566 730 755 839 863 1013 1083 
124 189 471 547 778 790 1000 
25 165 181 260 465 577 619 756 832 873 1178 1195 1364 1435 
23 130 241 249 300 365 783 804 1013 1347 
15 72 163 204 1073 1187 1271 1442 
12 122 287 314 317 461 539 722 806 1251 1305 1350 1385 
97 290 384 488 683 694 708 869 1011 1383 1407 
149 261 288 561 670 695 789 986 1068 1319 1343 1411 1413 
26 238 314 532 628 695 759 780 917 953 1146 1183 1247 1348 1379 1442 
156 164 226 377 493 601 1024 1138 1266 1356 1397 1447 
17 104 354 465 467 771 1091 1263 1292 
73 276 431 503 715 729 822 868 896 998 1137 1170 1182 1289 1341 1372 
22 72 257 566 749 895 917 920 930 1192 1196 1327 1374 1444 
9 70 161 312 397 522 640 740 905 910 947 959 1041 1270 1296 1388 1402 
81 205 304 326 392 849 942 
131 188 205 346 472 548 564 622 725 739 1034 1045 1099 1427 
11 23 29 300 461 722 774 880 924 975 1005 1069 1121 1297 
85 306 372 381 400 415 677 929 1026 1072 1161 1179 
35 119 236 347 370 616 699 733 884 898 937 990 1170 1241 1293 1299 1365 
283 373 474 547 581 608 1014 1021 1149 1200 1218 1246 1429 
244 408 992 1136 1168 1211 1272 
612 799 1193 1220 1259 1337 1427 
134 166 339 447 815 898 932 1174 1178 1205 1318 
196 207 243 654 673 854 856 959 1235 
7 231 363 489 677 793 1035 1056 1333 
86 93 157 243 248 277 348 1101 1447 
105 295 365 670 765 1019 1061 1213 1429 
47 178 255 341 414 848 857 1002 1119 1140 1166 1453 
132 183 212 300 418 580 692 934 1231 
129 216 347 395 703 743 780 794 990 1130 1184 1404 
63 147 255 392 528 664 671 835 869 1283 1336 1353 1387 
295 311 404 442 478 513 543 558 642 795 810 812 902 918 1189 1292 1464 
72 117 224 250 360 439 606 764 796 960 1024 1303 1418 
36 265 494 604 712 714 818 942 999 1128 1132 1213 1367 1463 
29 134 152 212 326 588 878 931 1163 1254 
4 22 72 175 186 205 362 497 522 566 850 1102 1359 1398 1427 
43 95 158 335 562 653 752 878 963 1219 1267 1389 1459 
22 167 247 320 512 630 713 828 842 897 1170 1261 1305 
75 122 124 228 636 744 1138 1224 1383 1385 
7 399 457 593 710 
5 14 92 119 332 365 509 852 854 912 1005 1038 1060 1107 1160 1194 1258 1320 
23 26 114 460 820 822 957 959 1021 1062 1081 1123 1181 1196 1456 
75 100 518 542 835 852 1033 1125 1243 
14 341 380 476 478 542 891 1014 1156 1282 
30 174 387 485 528 609 716 1441 
291 295 373 675 712 919 960 996 
45 135 291 563 749 750 968 1213 1329 
1 148 222 412 653 1101 1133 
23 399 654 655 712 713 790 828 838 844 874 933 1222 1250 
144 150 218 310 348 387 479 728 754 1035 1053 1119 1134 1271 1297 1454 
45 141 385 400 428 485 527 811 906 1310 1347 
51 177 743 1008 1199 
352 401 404 548 665 738 842 942 948 955 1064 1079 1231 1406 1436 
86 277 341 447 593 634 727 764 869 926 1368 1372 
158 368 486 514 516 526 613 941 968 971 1020 1171 1177 1187 1261 1407 1461 
74 86 172 245 289 440 522 645 833 922 925 1023 1142 1210 1269 1319 
3 163 168 284 448 506 609 676 730 816 1146 1364 1410 
105 153 182 207 360 531 611 621 645 716 742 829 1023 1048 1307 1442 1448 
84 176 486 548 551 610 837 899 942 994 1203 
99 111 291 416 459 578 998 1212 
105 170 260 477 548 765 819 1103 1339 
142 288 327 530 535 569 653 782 864 890 1021 1176 1263 1361 
101 194 242 375 445 512 841 853 886 960 975 984 1026 1090 1356 1463 
153 507 596 686 848 973 1041 1120 1189 1260 1275 1403 
141 330 496 558 570 964 1081 
119 159 215 224 340 415 558 680 692 695 754 878 894 953 966 1046 1081 1241 1427 
631 684 695 965 1117 1171 1200 1248 1269 
78 103 197 302 376 432 680 993 1000 1079 1110 1170 1275 1280 1314 1324 1463 
65 177 212 314 381 433 459 463 658 916 1033 
4 14 86 105 112 191 231 254 260 406 455 691 704 1350 1377 
6 43 208 291 427 428 541 568 615 742 766 819 923 1028 1142 1238 1426 1436 1444 1451 
120 174 281 475 892 1072 1416 
148 239 280 383 440 456 1097 1127 1238 
158 220 740 791 865 936 966 1079 1112 1164 1178 1229 
44 268 354 558 838 988 1024 1333 1389 
104 212 309 333 652 663 801 1066 1084 1265 1292 1373 1453 
34 72 302 335 418 639 841 894 934 1349 
54 144 258 390 462 1009 1057 1150 1462 
158 536 555 662 756 865 1015 1079 1320 
130 189 233 292 385 389 747 875 897 948 1071 1074 1467 
9 121 164 225 469 549 572 700 1191 1406 
79 108 136 313 450 453 696 872 914 1027 1209 1325 
55 320 630 658 813 915 1051 1199 1291 
41 56 83 647 703 1051 1090 1207 
119 139 273 294 441 824 958 988 1019 
396 463 503 575 581 1027 1107 1220 1360 
92 151 194 364 482 525 550 593 665 1019 1091 1161 1333 1366 
209 219 309 388 898 929 1365 1428 
236 307 329 353 383 502 511 539 544 622 830 933 1001 1007 1067 1168 
83 97 231 358 624 745 777 803 1048 1084 1165 1169 1285 
260 267 306 319 344 359 440 851 1132 1287 
60 363 612 699 790 791 1058 1092 1112 1124 1225 1449 
189 196 212 247 388 662 802 806 
273 450 526 543 578 660 720 1129 1171 1424 
150 536 542 783 1272 1331 
97 208 306 328 383 704 717 987 1242 1251 1365 
78 126 188 272 601 619 639 676 698 773 892 922 1242 1373 1457 
4 96 104 128 131 184 527 553 606 685 788 886 1035 1123 1191 1342 
308 381 452 612 736 759 788 960 1035 1093 1169 1205 1303 1332 
124 126 132 156 193 202 269 358 513 530 570 588 865 906 1080 1137 1138 1148 1205 1258 
41 69 192 330 559 726 990 1016 1388 
136 261 372 412 490 1142 1371 
82 173 305 565 659 693 1008 1436 
90 237 373 519 575 636 693 853 935 971 1078 1203 1312 
50 306 352 388 460 521 534 538 604 901 907 1059 1149 1282 1373 
8 366 386 418 611 683 1315 1354 1358 
46 119 187 331 877 936 1132 1150 1206 1307 
490 527 696 712 913 943 999 1168 1238 
8 22 415 456 458 542 647 840 968 1029 1063 1366 1392 1415 1441 
235 278 368 389 391 412 649 725 906 970 1070 1236 
102 135 503 551 560 603 834 917 991 1052 1080 1124 1140 1224 1267 1312 1321 1405 
215 231 878 954 1036 1065 1184 1200 1237 1240 1318 1363 1395 1436 
171 281 330 423 655 745 803 984 995 1010 1075 1183 1309 1333 1337 1348 1406 1448 
305 431 578 603 928 1293 1383 
166 240 280 314 486 499 518 809 1076 1083 1135 1213 
149 854 884 890 987 1179 1350 1355 1464 
31 113 299 355 369 571 605 787 865 917 1130 1146 1284 1321 1327 1411 
66 107 202 291 446 524 679 700 900 933 954 1223 1240 1271 1425 
359 408 467 673 707 773 787 1077 1095 1258 1364 1372 1374 
80 412 432 523 717 848 868 991 1237 
77 98 277 446 455 540 894 1000 1108 1169 1213 1328 
74 86 168 170 204 833 902 997 1096 1102 
19 75 79 358 401 467 514 645 907 910 975 1062 1395 
206 402 562 620 628 629 642 829 1001 1110 1386 1456 1462 
196 197 416 438 488 498 563 657 781 849 1037 1038 1362 
93 192 339 577 581 892 1002 1006 1089 1100 1193 1200 
521 599 743 765 881 901 979 987 1058 1128 1300 1309 
152 422 448 663 851 923 938 1000 1139 1155 1204 1331 1350 1377 
7 89 92 109 112 263 458 548 571 917 1338 1380 
218 271 313 325 525 551 603 856 1008 1013 1072 1092 1271 1444 
47 111 158 179 267 495 550 736 821 830 860 875 975 994 1056 1083 1246 1418 
226 414 496 551 553 648 858 995 
157 314 388 418 497 1030 1072 1103 1145 1284 1343 1370 
161 225 317 325 351 400 530 655 676 1126 1224 
449 636 771 826 833 834 945 1039 1059 1123 1205 1275 1386 
106 201 251 305 356 412 466 495 606 708 883 976 1029 1299 1395 
122 523 572 583 650 741 836 858 922 1132 1149 1204 1276 1320 
486 545 555 620 989 1200 1211 1235 1432 
3 143 281 289 350 423 582 863 1287 1383 
41 220 405 415 487 814 971 1273 1427 
46 142 154 209 454 575 623 763 765 798 825 1050 1083 1112 1173 1209 1229 1436 
53 162 217 644 744 745 1252 1306 1348 1375 1392 
100 137 199 216 229 257 312 437 538 557 559 654 865 1043 1123 
349 382 424 473 507 524 577 594 608 628 648 695 738 798 1002 1018 1170 1356 1421 
129 357 438 456 560 585 720 738 1046 1112 1353 
61 241 246 393 440 569 1118 1396 
19 150 157 283 329 519 615 671 964 1201 1256 1444 
33 200 352 363 390 418 676 799 1053 1386 1429 
135 297 359 418 593 678 914 1094 1151 
162 248 344 429 554 558 611 613 679 992 1082 1152 1187 1304 1322 
19 473 980 1051 1074 1139 1185 1265 1322 1366 
233 409 787 790 1133 1338 
136 174 603 668 794 810 822 1275 1276 1364 1375 
51 146 235 343 481 509 569 808 1070 1156 1292 1374 1424 
451 519 644 722 949 1050 1104 1155 1191 1277 1283 1296 1333 1348 1372 
36 233 239 323 615 632 739 1187 1271 1303 
261 297 329 472 736 759 852 983 997 1139 1144 1185 1223 
55 76 352 467 473 644 650 1049 1142 1396 
199 319 522 622 960 1050 1357 1385 1411 
59 67 145 409 586 652 739 1447 
52 68 204 307 571 576 631 889 915 978 1019 1050 1052 1085 1179 
158 362 572 586 800 810 1253 1260 1316 
56 306 571 761 910 951 1149 1242 
23 678 799 808 934 1064 1274 1283 1371 1408 
180 199 205 697 871 985 1068 1441 
137 492 529 609 678 969 1170 1207 1224 1432 
195 266 346 434 541 629 729 864 969 998 1184 1214 1240 1359 1410 
57 60 116 132 232 281 411 451 552 786 823 915 1068 1179 1180 1409 
28 64 122 142 156 468 669 1161 1208 1268 1374 1384 1406 
31 63 81 148 166 191 268 330 703 865 931 932 1029 1102 1190 1289 
89 97 461 484 907 988 996 1233 
273 360 498 680 826 934 1090 1359 
52 160 282 401 551 707 717 838 888 977 1083 1135 1308 1319 
323 356 359 688 849 879 961 1281 1334 1379 
58 179 180 272 510 777 1196 1391 
13 109 380 391 512 658 688 799 852 853 910 987 1225 
266 396 450 479 814 1044 1167 1300 1425 
10 240 303 324 510 598 731 1063 1120 1440 
53 116 174 315 354 361 364 787 877 901 1135 1247 1271 1279 1450 
306 316 318 428 636 781 818 916 1168 1201 1310 1452 
147 270 292 900 964 978 1194 1286 1330 1418 
529 572 604 684 695 941 1052 1087 1427 
15 158 366 525 600 704 770 892 1092 1166 1245 
178 270 277 375 415 601 735 777 1032 1109 1127 1140 1178 1292 1423 
7 174 269 1086 1109 1307 1311 1401 
569 649 923 972 1076 1278 1283 1321 
106 271 472 509 576 579 702 768 781 870 1230 
11 22 227 239 272 403 407 507 757 781 880 939 983 1130 1276 1340 1433 
27 130 197 417 459 571 604 677 689 1009 1114 1218 1230 
67 97 331 483 783 1341 1432 
125 157 705 963 1042 1077 1086 1194 
273 301 318 328 695 721 819 1021 1090 1228 1233 1313 1383 1443 
2 125 243 517 625 635 647 845 905 918 932 1006 1120 1159 
87 167 517 629 755 997 1100 1170 1189 1254 1282 
77 408 709 723 896 975 1042 1147 1281 1327 
233 277 608 642 684 699 843 869 1068 1088 1095 1193 1206 
40 110 206 531 842 910 916 1188 1369 
67 73 242 262 497 529 586 695 872 914 926 1028 1037 1130 1317 1456 
50 80 236 280 540 545 559 646 839 1003 1266 1395 
4 85 583 606 938 1036 1075 1257 1274 1455 
92 104 132 516 545 864 965 987 1052 1093 1212 1213 1281 1368 1426 
19 115 146 218 546 643 674 710 766 896 1157 1306 1434 
346 386 394 552 623 661 771 820 1085 1129 1443 
254 358 402 569 574 582 620 646 682 910 964 1130 1143 1218 1458 
89 196 358 482 573 601 612 629 737 774 904 923 1257 1450 
687 689 803 822 862 1041 1193 1206 1219 1456 
11 173 299 389 557 621 709 750 822 898 917 1242 1293 1299 1339 
210 370 631 670 687 762 1010 1049 1059 1091 1383 
53 168 277 519 898 1131 1314 1391 
172 248 299 521 670 776 1065 
41 51 226 344 401 476 674 1069 1160 1182 
303 461 465 594 617 778 783 866 902 1048 1091 1292 1345 
148 214 274 369 386 972 1008 1105 1224 1252 1272 1298 1387 
8 277 343 420 529 588 777 988 1160 1285 1294 
64 345 586 597 912 1192 1425 
205 224 328 428 430 508 551 572 595 852 894 1085 
253 647 785 977 1315 1347 1363 
29 49 82 127 466 574 597 708 813 847 911 1053 1443 
16 229 323 618 720 725 746 763 789 816 890 1148 1217 1244 1346 1383 
65 115 149 172 385 401 858 1331 
185 322 390 402 456 564 875 877 920 1038 1078 1082 1444 1447 1451 1457 
77 79 366 386 499 514 524 658 766 982 1005 1008 1251 1412 
203 451 482 653 677 700 842 908 1051 1408 
5 94 208 237 329 472 530 583 833 1227 1258 1259 1303 1447 
43 172 180 374 811 887 951 1066 1083 1301 1320 
314 389 414 416 455 559 728 844 1175 
52 230 305 486 649 884 1041 1087 1111 1262 1301 1328 
15 156 217 269 622 695 1134 1274 1313 
109 159 335 415 491 596 726 777 867 1048 1326 
25 
22 379 454 549 753 825 867 1045 1247 1253 1358 1446 
69 496 681 683 712 758 1155 1176 1392 1420 
193 321 618 820 984 999 1076 1087 1162 1256 1385 1432 
103 226 287 432 663 834 1031 1208 1268 1419 
54 435 497 551 581 595 632 773 887 1083 1245 1276 1293 
63 113 362 382 430 563 590 981 1010 1287 1454 
6 27 232 243 278 603 782 948 1284 
44 96 101 116 146 396 665 762 873 1079 1314 1457 
71 175 294 346 442 446 501 530 978 992 1030 1066 1179 1261 1335 1434 
41 189 226 274 372 496 618 709 744 995 1319 1328 1367 1400 
93 122 201 298 519 542 636 871 881 1151 1224 
41 88 102 153 263 819 1142 1294 
87 176 220 266 338 351 807 923 959 1294 1299 1366 1386 1408 
460 507 585 708 762 865 896 1033 1275 1350 
114 262 339 489 599 636 690 1394 1425 1467 
129 353 491 604 718 743 772 829 1261 1338 1454 
3 166 271 494 516 977 1050 1231 1295 
33 84 192 351 409 551 611 712 723 767 862 931 1210 
77 114 140 211 422 586 624 659 932 1147 1207 1437 
32 188 520 534 547 644 658 841 848 890 1101 1113 1315 
307 352 408 684 726 1124 1345 
260 335 391 643 665 669 734 853 855 1001 1010 1083 1248 1335 1345 1386 
54 451 477 501 705 1043 1068 1130 1233 1245 1448 
529 630 764 827 1092 1287 
143 172 214 229 332 411 436 491 751 773 825 907 1023 
113 545 678 768 858 1171 1184 1408 1445 
41 47 261 364 371 634 960 1099 1354 
52 186 204 333 514 600 637 851 1002 1036 1078 1184 1233 1314 
159 356 415 518 535 571 607 620 660 839 1052 1166 1374 
487 697 746 756 1204 1265 
124 285 357 381 629 632 751 769 817 901 955 1111 1212 1261 1446 
233 255 515 618 869 935 946 976 1263 
5 294 313 463 940 1212 1383 1425 
46 145 294 554 565 660 769 809 822 843 850 925 1058 1100 1253 
448 485 608 864 1072 1151 1303 1326 1385 1387 
119 223 244 255 293 299 308 590 687 861 945 992 1360 
129 154 601 754 1146 1180 1200 1237 1319 1348 1349 1454 
19 287 468 728 795 844 1032 1056 1166 1248 1324 1352 1393 
162 262 434 591 643 729 807 814 1101 1134 1238 1244 1285 1288 1437 
75 433 443 485 715 826 843 938 981 1081 1296 1301 1362 1456 
278 302 344 356 381 509 655 659 757 763 775 853 981 1262 
135 182 267 430 568 678 839 965 1111 
70 169 176 476 639 640 692 954 1307 1346 1449 
151 293 320 482 488 495 659 867 1042 1065 1079 1082 1296 1357 1411 1459 
16 40 47 997 1133 1162 1271 
143 151 250 298 528 702 743 783 1091 1142 1201 1240 1248 1433 1434 1446 
465 590 717 774 832 851 889 1021 
133 194 409 513 517 663 931 979 1056 1181 1240 1345 
6 236 547 572 702 910 1005 1273 1456 
62 83 551 634 645 700 844 1001 1186 1287 1450 
16 179 394 502 570 933 986 1007 1142 1198 1290 
88 295 482 642 646 760 933 958 984 1169 1304 1452 
58 61 240 334 400 664 734 1101 1247 
206 266 309 509 585 659 1180 1257 1352 1358 
94 146 386 518 587 681 816 894 924 1289 1290 1328 
112 307 537 669 816 839 895 943 947 1044 1306 1447 
29 60 112 132 377 383 388 482 487 630 695 735 764 927 928 1098 1146 1184 1206 1225 1348 1463 
206 246 349 675 723 810 818 1017 1164 
53 77 289 401 550 553 585 609 637 750 908 989 1104 1133 
87 517 625 720 753 997 1082 1085 1323 
426 665 1164 1221 1361 1368 
503 534 639 774 846 916 1118 1170 1380 
123 513 573 834 944 1002 1075 1225 1448 
58 77 91 337 437 483 608 909 1110 1166 1202 
306 312 490 608 701 828 1001 1009 1029 1063 1133 1245 1412 
661 680 699 705 988 1040 1074 1233 1290 1415 
313 346 448 754 932 998 1092 1163 
25 57 78 112 146 150 193 480 502 637 939 1068 1120 1156 1386 
39 62 572 635 781 912 1030 1185 
908 980 1026 1169 1452 
107 141 228 421 491 540 660 932 1420 1451 
73 699 726 883 964 1001 1304 1385 
132 158 231 287 535 801 1016 1182 1210 1298 
70 289 397 499 535 1168 1224 1234 1271 
2 103 221 368 464 495 523 809 871 1063 1066 1070 1249 1430 
71 192 293 965 990 1052 1209 1359 1444 
53 202 623 640 655 712 1186 1261 1423 1449 
558 622 758 764 919 1007 1024 1077 1118 1318 1366 1387 1396 
273 434 699 907 1185 
16 18 333 486 1106 1426 1465 
48 306 362 460 472 688 1020 1120 1202 1248 1298 1321 1377 
140 191 261 278 366 505 512 530 587 731 928 1229 1320 
117 188 452 465 472 571 660 670 688 889 1052 1420 
143 156 402 599 679 692 709 745 805 903 1059 1079 1104 1201 1339 1411 
59 260 820 995 1020 1116 1139 1170 1176 1221 1380 
42 64 166 299 402 464 1172 1440 
13 31 174 297 422 511 579 683 837 987 1000 1005 1173 1216 1264 1393 1401 
37 58 87 212 475 563 623 646 711 793 827 850 948 996 1123 1138 1262 1356 
52 110 272 396 419 539 606 637 713 847 918 952 1016 1026 1148 1202 1319 1386 
193 238 379 600 602 712 720 1017 1072 1097 
210 238 348 369 374 400 515 1212 1416 1436 1465 
15 176 262 305 431 436 693 701 755 1382 1442 
4 72 145 423 475 552 812 813 1166 1362 
44 67 72 100 278 424 499 756 1012 1065 1140 1209 1351 1445 
116 213 240 306 609 701 750 786 1127 1181 1365 1389 1405 
162 268 311 354 832 859 1345 1459 
206 299 403 446 710 1029 1210 1376 1436 
77 195 597 1146 1273 1355 1404 1463 
152 365 485 550 663 709 769 777 841 988 1256 1312 1432 
50 55 63 94 332 642 782 908 1022 1072 1086 1215 1318 1428 
35 255 503 578 819 863 893 1126 1143 1226 1305 1355 1384 
232 415 487 807 827 885 1119 1283 1412 1421 
51 411 537 592 641 773 924 1336 
168 236 383 483 797 946 1216 1246 1323 1373 1375 1464 
95 227 399 882 916 917 1007 1202 1327 1392 1435 
12 197 323 332 868 987 1079 1132 1173 1248 
140 227 239 520 560 602 640 803 834 1176 1217 1242 1353 1464 
15 66 251 429 534 709 759 879 928 1106 1116 1228 1261 1337 1354 1395 
128 811 1069 1221 
78 162 239 307 383 474 489 542 654 927 1037 1056 1080 1205 1248 1381 
255 417 434 473 497 549 558 742 762 773 822 847 963 982 1057 1202 1288 
94 492 721 731 817 860 942 975 1101 1106 1265 1346 
42 54 370 488 543 552 784 935 1215 1350 
33 163 228 331 348 494 596 665 676 747 952 1093 1118 1204 1241 1462 
112 131 183 206 281 463 506 552 757 766 1100 1401 
27 190 480 531 553 667 796 885 912 996 1090 1172 1407 
117 159 199 285 499 542 597 620 714 995 1439 
285 492 512 567 705 777 1005 1130 1318 1327 1350 1466 
133 152 295 759 778 886 961 993 1153 1199 1319 1414 
3 60 85 98 692 817 964 992 1173 1216 1331 1360 1394 
125 128 163 316 768 803 840 921 936 1056 1267 
211 326 353 473 477 496 587 658 706 813 943 1023 1191 1223 1271 1365 
34 79 88 100 276 393 585 598 680 754 879 1453 
95 161 247 338 581 584 617 648 714 767 774 963 1152 1373 
308 735 770 898 926 941 948 1350 1369 1410 
127 546 674 772 790 904 939 1034 1120 1124 1212 1240 1251 1309 
24 168 223 267 427 508 581 845 1027 1053 1153 1190 1367 1443 
277 327 340 354 356 397 509 1021 1295 
127 294 359 447 663 687 868 925 963 994 1172 1205 1212 
90 315 340 344 565 621 772 839 1208 1249 1394 1427 
77 194 436 458 601 735 927 954 981 1434 1459 
67 274 338 382 698 749 776 859 868 1035 1059 1172 1174 1243 1341 1439 
16 82 102 107 124 133 167 260 264 364 483 488 497 724 835 941 1125 1445 
193 203 341 634 759 854 882 898 1266 1388 1401 
145 222 463 548 653 1048 1121 1294 
50 105 132 246 421 429 458 970 1253 1259 1340 1378 1401 
9 31 174 370 445 585 647 650 776 1107 1279 1297 1360 
268 445 467 513 550 554 666 690 1194 1339 1344 1394 
30 374 378 421 725 1055 1269 1296 1369 
125 126 328 520 628 747 949 965 1147 1315 
143 222 934 966 1119 1148 1374 
68 251 277 790 1066 1070 1092 1264 1466 
12 28 307 421 440 453 558 673 731 733 807 1189 1250 1416 1427 
436 701 957 961 1119 1349 1429 
36 107 423 528 574 666 688 708 838 923 1004 1302 1359 1412 
285 346 353 976 1340 1377 
87 103 185 457 480 556 641 702 704 901 998 1118 1167 1203 1253 1304 1340 1443 
37 50 75 117 174 429 498 527 577 579 656 679 721 954 1106 1409 
8 166 264 320 378 583 635 1182 1298 1344 
26 271 578 615 664 709 946 965 1097 1103 1215 1341 1363 1438 1467 
275 462 490 728 732 1003 1056 1191 1212 1242 1272 1415 
120 167 184 306 717 844 1061 1153 1312 1373 1418 
755 782 816 941 973 1176 1423 1456 
12 49 296 310 345 446 616 779 885 945 1033 1164 1402 1413 
79 124 256 354 456 880 1086 1187 1190 1308 1393 
830 914 1208 1326 1328 1388 
5 58 126 142 263 509 689 715 890 1030 1073 1090 1294 
164 252 662 1002 1249 1291 1313 
127 343 391 671 696 744 745 1008 1072 1114 
228 361 597 603 758 846 904 1052 1110 1205 1292 1305 1381 1397 1459 
73 137 192 401 771 844 986 1098 1105 1127 1383 
25 106 687 771 867 1044 1161 1313 1326 1353 1434 
78 199 319 337 444 453 464 781 1048 1083 1121 1309 1318 1399 1460 
143 233 513 548 630 942 1276 1312 
1 44 102 168 209 554 582 644 660 710 852 873 1140 1143 1285 1356 
11 22 92 310 578 609 837 841 920 1144 1399 1459 
133 136 264 326 330 789 899 1055 1127 1131 1206 1346 1369 1455 
155 198 333 823 932 1038 1161 1168 1224 
218 401 518 597 662 877 1062 1116 1445 
92 115 204 215 257 404 544 712 791 1113 1118 1293 1318 1327 
102 136 222 325 346 442 457 465 1095 1292 
53 99 135 152 166 237 704 736 858 875 1011 1039 1065 1150 1305 
16 405 419 607 804 854 1069 1120 1145 1227 
130 135 473 537 603 787 801 805 807 893 1094 1138 1139 1149 1181 1237 1329 
82 118 281 453 626 729 730 797 869 1108 1109 1192 1236 1400 
36 67 76 250 458 757 807 828 847 905 952 959 1036 1286 1326 1367 
63 458 696 794 864 1003 1062 1098 1218 1308 1319 1322 
64 203 252 272 282 407 1058 1120 
83 136 166 243 640 1015 1043 1057 1073 1189 1398 
123 162 671 777 914 924 986 997 1027 1196 1310 1388 
68 223 344 349 391 524 561 568 724 987 1055 1133 1204 1257 1277 1279 1331 
35 65 148 448 618 738 773 910 1054 1248 1399 1458 
14 42 51 59 275 510 751 781 854 960 1008 
14 79 316 462 615 687 
273 365 485 625 673 1028 1211 1225 1237 1328 1397 1456 
57 474 488 532 688 769 1045 1053 1389 
35 89 99 124 354 382 645 755 824 941 951 1229 1400 1467 
1 132 264 364 369 699 810 1101 1105 1115 1421 1463 
264 325 502 534 576 609 758 856 920 970 1048 1196 1300 1409 1461 
69 104 191 280 560 722 871 885 951 1018 1245 1264 1372 
21 134 140 211 218 219 371 559 735 1209 1288 1296 1379 
87 128 299 495 536 654 811 814 842 899 944 1284 1325 
144 324 366 414 447 663 857 985 1049 1259 1372 
22 84 171 244 281 335 367 508 601 756 800 951 1018 1152 1354 
126 194 242 465 548 726 1112 1205 1349 
30 35 220 572 664 718 776 779 911 966 976 1035 1104 1144 
20 162 180 253 651 1033 1055 1131 1239 
41 277 330 576 726 797 942 1091 1259 1378 1390 1395 
214 259 317 419 434 542 565 759 846 939 1142 1168 1359 1373 
52 106 130 178 380 391 539 761 832 879 1141 1176 1418 
150 358 476 765 837 954 1312 
97 177 187 364 452 465 750 867 904 1281 1423 
15 21 79 237 449 547 593 600 699 714 720 725 884 920 960 982 1451 
133 168 230 406 446 467 637 746 757 986 1158 1248 1321 1457 
172 232 624 688 711 712 916 1216 1226 
129 165 281 335 796 867 920 936 1131 1235 
204 276 343 374 436 647 761 777 787 819 871 881 898 1039 1287 
109 110 322 342 484 722 736 1185 1370 
4 69 86 291 507 606 807 849 862 936 1197 1211 1287 1392 1437 
43 87 179 831 837 976 1031 1236 1298 
166 207 211 249 305 338 828 873 879 1119 1329 1393 
98 222 368 628 842 1104 1197 1211 1214 
44 46 54 71 418 772 1159 
2 278 293 300 439 565 625 709 730 818 838 992 1033 1308 1316 1403 
37 146 339 450 657 733 854 858 922 1074 1207 1425 
317 432 445 490 507 548 738 776 829 900 943 1018 1294 1302 
87 213 558 745 847 990 1100 1143 1281 1286 1341 
269 401 405 568 795 1050 1122 1151 1187 1267 1408 1454 
149 214 242 251 301 318 382 470 578 640 765 842 1047 1260 1325 1446 
210 258 290 481 768 1164 1190 1214 1267 
193 272 335 350 377 437 719 966 1026 1285 1371 
137 230 321 422 446 933 1037 1053 1141 1400 
70 286 317 439 662 903 1315 1320 1403 1424 
24 30 131 333 344 398 772 840 910 991 1093 1221 1299 
63 236 412 437 439 574 672 694 896 915 929 988 1064 1387 
153 185 189 392 416 453 579 682 768 816 1137 1144 1406 
218 634 707 779 1026 1209 1293 
46 51 192 316 418 430 520 536 801 935 960 1072 1088 1123 1126 1264 
26 112 283 388 496 610 859 1037 1064 1190 1417 1461 
27 28 58 106 313 462 584 956 984 988 1024 1211 1241 1315 1455 1458 
193 465 542 687 732 1013 1112 1189 1269 1432 
211 767 1051 1129 1445 
10 335 830 831 1051 1271 1448 1451 
37 466 638 714 770 940 1036 1201 
8 48 86 129 132 151 179 363 374 575 634 873 907 918 1117 1341 1443 
150 292 528 606 720 738 787 791 1071 1107 1177 1206 1253 1368 1384 
72 77 81 125 223 229 254 258 276 325 388 896 1046 1328 1390 
265 270 300 835 1035 1146 
1064 1224 1297 1326 
166 229 252 318 374 484 515 516 961 984 1045 1368 
91 582 585 713 1111 1163 1195 1221 1254 1261 1344 
5 67 124 140 454 599 792 938 954 990 1023 1046 1132 1285 1288 1350 1364 
213 337 420 521 674 696 978 1017 1020 1087 1363 
99 127 325 376 541 555 619 710 824 839 944 957 1002 1049 1054 1398 1429 
36 162 231 251 252 663 1011 1039 1165 1393 1445 1452 
131 196 310 423 444 507 1094 1173 1181 1203 1316 1322 1368 1412 
84 170 539 610 688 744 781 789 964 1104 1227 1283 1285 1330 1374 1397 1416 1417 1434 
69 257 347 738 757 897 1002 1138 1194 1451 
52 193 272 382 551 689 1009 1139 
25 149 231 408 780 977 1104 
10 285 565 719 830 971 1037 1043 1253 1306 1404 
226 240 310 495 506 594 680 773 1142 1341 1399 1418 1450 
228 258 261 533 549 599 740 849 1108 1165 1224 1286 1293 
109 127 141 161 191 198 380 534 596 676 763 834 844 850 899 994 1279 1380 1456 
457 459 539 571 855 1043 1073 1082 
139 167 365 528 613 680 737 753 783 982 1118 1294 1404 1463 
174 188 297 387 444 527 588 610 694 798 921 935 941 1057 1209 1276 
10 445 560 696 874 915 1196 1226 1357 
100 232 529 586 761 819 825 1192 1199 1317 
155 472 481 643 644 667 1328 1452 
346 395 658 746 1102 1324 1441 
65 173 261 444 501 639 656 685 746 964 1050 1124 1146 1212 
33 259 275 279 609 617 774 797 803 961 1050 1125 1204 1457 
422 424 674 757 830 970 1041 1172 1344 1403 
150 311 339 448 1076 1098 1188 1250 1292 1324 1328 
39 158 163 256 400 702 717 748 804 888 922 927 1075 1128 1388 
40 123 125 195 273 289 375 380 421 502 506 566 634 850 977 1041 1093 1161 1195 1198 1250 1252 1319 1347 
42 278 474 510 604 803 1042 1072 1102 1196 1206 1256 
62 243 622 626 779 1049 1193 1281 1352 1353 1421 
145 173 455 655 703 763 913 933 974 1114 1138 1217 1262 
146 225 228 311 518 538 841 895 1016 1202 1267 1277 1320 
11 164 195 253 287 542 635 746 865 965 1017 1164 1170 1186 1371 1394 1403 
220 582 666 751 783 809 1050 1182 1210 
71 310 622 724 753 1048 1160 1388 
18 26 372 374 644 795 887 911 1094 1220 1230 1268 
31 246 290 482 530 643 796 1000 1070 1202 1211 1240 1336 1354 
23 36 389 419 427 995 1003 1028 1191 1361 
12 222 298 325 516 535 1345 
286 305 541 774 801 878 1200 1206 1230 1324 1370 1430 
13 184 185 342 380 410 471 552 574 627 690 800 944 1442 
393 515 517 599 631 848 1159 1184 
281 334 391 409 1080 1183 
281 839 1089 1157 1196 1234 1250 1303 1451 
9 147 167 280 312 318 687 857 860 1150 1339 1367 
30 115 272 443 510 539 664 733 815 1038 1044 1143 1340 1361 1424 
155 286 627 879 921 1333 1465 
184 594 681 943 1117 1206 
326 720 934 937 1030 1096 1148 1286 1289 1315 
98 126 139 322 359 644 736 1121 1129 1250 1294 1432 
285 381 501 674 829 905 914 940 969 1364 1395 1407 
301 319 332 421 823 1023 1414 
134 150 176 177 272 345 424 457 545 639 667 735 754 826 950 1044 1075 1306 1360 
110 260 376 474 526 595 736 745 767 928 946 1314 1343 
114 266 511 542 658 665 684 714 790 812 840 938 961 1148 1277 1333 
26 167 266 301 415 527 584 598 701 713 740 902 
195 266 398 535 579 962 992 1005 1008 1140 1257 1445 
307 372 458 538 557 572 608 787 963 982 996 1122 1417 
551 595 669 1008 1214 1340 1377 1435 
7 369 417 426 608 872 1250 1328 
8 190 263 416 452 708 878 961 983 1029 1076 1221 1254 
51 55 85 88 356 426 621 701 1112 1457 
99 216 217 394 476 649 669 720 830 1279 1386 
116 207 298 387 512 525 550 631 664 762 807 814 885 1185 1231 1278 1413 1446 
187 224 310 444 547 814 913 930 1385 1411 1429 
303 386 408 688 924 971 1050 1122 1364 
130 184 236 310 391 434 629 658 857 949 1025 1149 1220 1264 1292 1428 
168 331 465 489 549 655 759 1158 1279 1389 1393 1447 1448 
399 514 676 758 813 902 904 933 1157 1188 1343 1378 1429 
99 153 267 375 393 573 797 803 945 955 1084 1179 1191 1290 1302 1421 1445 
312 338 453 463 926 953 1148 1227 1253 1312 
61 128 433 536 651 701 796 802 1031 1094 1193 1218 1264 1292 1311 1328 
264 286 517 526 559 574 626 843 1141 1184 1214 1272 1463 
378 435 678 710 840 1019 1055 1107 1202 1212 1328 1401 
19 182 188 280 816 1003 1031 1096 1105 1292 
342 470 727 744 801 998 1027 1153 1185 1305 1330 1380 1450 
26 132 174 488 585 592 659 861 1051 1135 1266 1273 1314 1465 
139 255 612 668 772 842 852 1145 1187 1263 1279 
49 202 272 275 300 644 687 827 837 1014 1124 1209 
28 40 88 459 504 595 649 1117 1143 1324 
121 143 241 334 391 401 473 483 599 636 659 688 821 1056 1065 1134 1144 1159 1231 1251 1466 
351 359 498 527 538 539 576 1085 1088 
425 537 927 1143 1367 1403 1451 
64 136 527 593 639 698 729 995 1135 1273 1320 
73 83 162 191 417 499 666 713 758 772 784 913 1155 1296 1303 
103 333 470 479 793 826 922 960 1110 1459 
279 505 940 957 965 981 987 1147 1152 1189 1255 1315 1407 1419 
18 195 251 361 542 637 705 750 1023 1122 1236 1254 1293 
130 171 231 322 407 588 774 783 906 990 1057 1139 1216 1277 1383 
121 183 203 414 417 439 530 618 669 745 746 781 986 1005 1036 1071 1456 
85 96 643 753 842 852 933 1043 1112 1144 1155 1163 
730 812 895 1091 1222 1314 1325 1338 1349 1359 1383 1427 1438 
94 98 251 502 576 815 880 1006 1032 1293 1427 
56 75 96 728 787 952 970 1067 1103 1133 1194 1261 1347 
18 59 119 524 702 894 949 973 1149 1279 1305 1307 
361 473 546 644 667 784 1061 1085 1088 1106 1152 1212 
140 180 181 539 559 706 847 907 909 967 1002 1005 1027 1138 1189 1211 
376 406 410 528 636 673 680 693 761 767 847 1219 
51 63 107 189 315 403 411 506 813 1088 1096 1174 1188 1244 1336 1396 
43 207 219 331 375 432 564 634 976 989 1026 1257 1340 1354 
91 276 303 497 604 963 980 996 1081 1204 
52 373 378 865 983 1146 
242 294 458 529 577 666 835 850 1053 1187 1242 1265 1267 
478 683 852 1213 1339 
377 421 446 668 732 1151 1182 1423 1467 
83 111 136 249 371 400 494 530 539 621 937 961 985 1100 1117 1176 1382 
73 260 304 363 417 420 695 1207 
20 149 261 481 553 764 803 998 
10 98 115 144 179 288 350 504 537 581 610 645 685 757 780 812 859 887 950 1044 1115 1129 1272 1353 1357 1411 1448 
112 257 416 561 610 738 822 933 939 1061 1294 1405 
181 300 311 378 485 569 621 977 1081 1134 
180 307 464 870 1049 1123 1186 
21 109 119 299 838 984 1322 
2 15 44 302 358 490 590 595 639 720 787 958 1063 1242 1257 1279 
31 147 206 354 541 833 835 1151 1155 1294 1299 
135 306 318 323 377 415 540 618 675 699 893 1179 1196 1301 
20 304 490 1284 
141 180 197 282 381 399 817 838 899 904 942 1304 1353 
102 123 330 426 603 950 1159 1390 1406 1422 
84 160 212 397 528 670 784 1082 1311 1314 1444 
95 112 459 624 756 1051 1086 1203 1305 1377 1419 
66 103 135 154 566 610 758 766 913 1050 1061 1352 
157 176 302 410 458 479 580 717 719 754 915 1297 1374 
96 365 397 406 1073 1270 1287 1304 
121 239 349 417 515 758 764 813 922 924 1002 1152 1328 1335 
116 202 426 515 550 641 665 712 990 1106 1287 1290 1376 1433 
530 742 743 809 853 983 1027 1218 1229 1256 1441 
47 177 233 293 310 327 372 479 615 624 689 1008 
172 209 578 865 915 1214 
25 129 186 413 590 601 632 829 881 899 941 1066 1302 1316 1400 
85 112 270 310 368 666 777 980 1334 
85 551 655 825 877 929 1340 1402 1456 
119 205 311 524 550 552 621 713 898 914 922 957 982 986 1058 1080 1260 1350 1367 1383 1466 
144 246 406 951 1006 1034 1334 1434 
36 55 232 319 370 416 615 695 1019 1141 1143 1159 1165 1175 1258 1335 
132 652 742 868 1002 1196 1361 
7 87 95 312 788 859 1143 1253 1282 1410 1434 1464 
12 73 180 269 291 327 473 568 808 877 910 1012 1023 1112 1127 1186 1252 1394 
287 323 497 539 681 840 1117 1176 1203 1410 1446 
7 17 41 167 376 444 447 625 628 646 1202 1391 1420 
604 793 879 975 1144 1242 
30 64 282 288 594 846 851 930 1057 1172 1215 1229 1293 1461 
79 212 223 315 330 360 448 497 687 746 765 870 1250 1358 
31 162 171 244 259 668 870 1012 1069 1074 1260 1346 1435 
125 640 710 808 1095 1248 1259 1331 1365 
119 134 243 270 284 401 549 599 684 701 885 892 907 953 984 1117 1209 1458 
159 280 873 917 964 1146 1369 1424 
97 174 242 301 475 537 601 657 708 908 1193 1277 
75 178 200 337 392 480 514 610 963 1018 1066 1104 1182 1187 
141 357 369 380 619 722 797 906 988 1218 1298 
115 200 352 435 656 845 1010 1192 1353 
315 340 345 369 407 421 683 757 997 1094 1096 1147 1218 1413 1461 
303 490 815 880 1151 1428 
118 702 713 1015 1107 1293 1341 
242 660 1239 1287 1324 1390 1430 1434 1455 
90 332 347 450 614 651 696 764 776 802 825 921 950 998 1109 
144 261 440 667 741 859 1027 1188 1224 1317 1449 
170 210 311 568 569 610 643 786 925 974 1192 1199 1424 
135 165 494 631 810 846 874 
147 228 374 710 714 781 799 890 
137 558 783 799 834 881 1040 1133 1375 1397 
166 330 344 451 480 801 1057 1147 1170 1204 1263 1388 1414 
70 317 460 557 832 1179 1397 1415 
272 825 1013 1057 1130 1178 1183 1193 1210 1229 1377 1412 1444 
107 244 290 343 391 714 
177 192 820 841 847 1078 1093 1145 1285 1372 1462 
48 188 428 554 690 751 840 1252 
8 92 283 628 677 801 810 832 978 1123 
486 501 763 779 883 1068 1232 1295 
344 736 860 915 1041 1097 1118 1123 1281 1378 
12 73 359 534 600 632 827 1052 1093 1129 1164 
160 237 392 430 599 737 785 882 900 926 1083 1085 1239 1241 1270 1292 1360 1374 1461 
105 143 277 334 449 450 520 603 915 987 1067 1118 1306 1431 
86 278 559 658 816 931 1164 1399 
72 152 222 576 927 931 942 1185 1241 
66 143 161 383 518 589 729 1034 1311 1352 
275 382 396 608 657 678 722 800 830 858 1036 1047 1141 1182 1187 1190 1287 1327 1374 
66 215 218 367 377 404 665 760 853 881 1046 1103 1129 1203 1208 1257 1269 1380 
17 157 191 860 888 889 1011 1033 1092 1132 1165 1225 1230 1339 1408 1417 
22 84 109 219 253 261 314 640 893 1004 1284 1321 1450 
76 106 253 553 601 660 801 916 920 1015 1067 1200 1324 1339 
96 105 261 588 663 696 1013 1115 1238 1350 
36 119 141 186 203 245 457 492 577 859 949 957 1025 1086 1265 1326 1372 
339 596 665 782 853 889 1100 1230 
53 89 178 180 283 514 532 594 773 823 1065 1390 
321 327 623 871 873 916 1231 
14 247 499 503 536 622 1021 1092 1185 1245 1417 
199 350 679 745 802 870 911 1159 1200 1335 1354 1424 
10 173 191 203 246 303 330 335 578 796 928 948 1023 1233 1239 1332 1376 
60 238 267 464 652 684 977 1036 1048 1191 1210 1236 1329 1438 1442 
56 96 189 194 240 428 622 788 848 932 1127 1168 1288 1399 1409 1426 
74 158 303 574 636 704 753 831 919 1210 1310 1408 1449 
246 339 393 593 607 819 1031 1053 1090 1321 1379 1383 
28 52 441 484 640 759 773 1002 1039 
243 544 552 697 826 1056 1307 1360 1434 
100 144 268 340 435 831 1187 1235 1291 1454 
134 240 323 351 362 429 465 520 750 757 975 1028 1040 1077 1186 1392 
27 838 874 1034 1038 1372 
153 276 371 416 714 855 884 904 1169 1192 1207 1235 1439 
120 310 354 532 606 752 863 896 1016 1099 1106 1164 1202 1396 
278 356 426 600 604 808 1090 1122 1245 1424 1428 
25 136 338 447 466 523 844 1135 1272 1393 1415 
44 259 297 369 483 571 578 646 669 758 954 976 994 1039 1046 
22 158 286 338 654 702 819 886 913 965 995 1053 1143 1359 1433 
15 50 113 197 203 204 374 687 725 783 871 958 1099 1147 1199 1383 
187 391 601 757 763 832 957 1080 1295 1308 1370 1387 
228 234 438 462 796 797 1053 1122 1228 1339 1458 
150 245 439 441 494 523 936 980 
441 471 526 714 914 1137 1141 1155 1195 1270 1296 1372 1388 
269 302 371 400 728 1068 1095 1207 1442 1452 
82 171 382 547 875 911 1032 1038 1052 1115 1298 
15 148 272 283 340 621 659 763 841 981 994 1046 1292 1463 
337 538 767 873 886 931 1032 1061 1113 1136 1141 1175 1187 1189 1240 1380 1413 1437 
107 310 465 598 693 1050 1087 1305 1356 1397 
191 411 480 827 1123 1191 
48 66 177 299 492 644 741 774 866 996 1057 1260 1379 1444 1447 
50 95 405 745 1304 
201 239 338 344 634 671 721 733 759 801 1162 1170 
58 105 135 307 467 489 538 820 1246 1249 1368 
16 54 171 215 310 488 549 564 885 898 1240 1250 1303 1449 
3 78 323 359 538 582 677 979 1152 1214 1355 1436 
140 177 286 290 569 598 617 668 759 984 1365 1417 
50 57 178 254 267 387 419 775 798 892 1207 
318 446 516 707 853 960 1014 1160 1219 1294 1296 1322 1443 
173 365 485 615 834 1012 1022 1023 1161 1174 1215 1247 
143 157 190 574 658 836 1008 1026 1093 1111 1128 1269 1422 
187 327 349 363 415 552 744 1457 
113 151 239 256 279 387 485 513 528 575 579 654 779 1169 1184 
112 269 414 440 500 1014 1025 1117 1140 1448 
95 208 218 281 354 439 858 897 898 924 972 1154 
349 413 431 502 561 865 919 988 1043 1259 
26 52 206 327 387 544 650 697 863 1143 1209 
99 168 186 208 363 443 655 759 788 801 913 933 1451 
101 112 195 384 467 552 723 913 1020 1071 1207 
81 316 372 576 634 652 716 762 774 890 989 994 1001 1118 1248 1297 1373 1421 
12 191 240 304 445 599 970 1377 1381 
9 253 295 914 930 1145 1237 1291 
75 209 215 316 677 791 983 1038 1145 1224 1233 1266 
267 352 408 503 625 752 903 984 1070 1152 1215 1303 1372 
304 327 409 522 576 597 762 974 977 1336 
131 280 511 656 709 790 964 1041 1329 1366 
91 162 514 564 581 594 599 805 920 1134 1224 1415 
282 499 752 877 930 1258 1371 
145 151 391 572 682 813 818 952 1021 1075 1207 1319 1433 1458 
73 257 325 378 400 414 433 542 594 635 732 912 996 1013 1168 1287 1310 1366 1389 1407 1417 1459 
211 238 288 475 708 937 1153 1161 1251 
108 319 345 404 609 628 771 916 969 1441 
136 330 388 518 758 863 1026 1119 1365 
191 271 337 348 383 455 589 607 649 703 765 799 1118 1166 1181 1454 
246 410 461 506 576 665 734 742 971 998 1260 1337 1363 1427 
82 333 386 418 733 755 797 889 954 1356 1360 1456 
19 122 182 281 680 886 1003 1052 1160 1198 1248 1452 
194 228 258 298 392 577 578 700 847 937 1112 1116 1122 1334 1442 
183 201 274 457 625 843 1001 1015 1043 1262 1447 
212 224 342 348 591 605 779 1084 1155 1321 1374 1413 
82 163 194 347 521 748 810 1097 1148 1358 1410 
72 168 220 334 428 617 658 700 765 801 1066 1069 1281 1298 1313 1324 1354 
88 184 275 344 445 459 507 616 722 743 751 980 1000 1028 1075 1350 1381 
14 115 168 208 235 242 450 659 765 800 815 905 1017 1123 1238 1287 1292 1370 
388 534 788 799 980 1276 1383 1394 
65 69 132 187 301 325 625 973 1241 1304 
306 514 566 615 716 774 957 1022 1174 1236 1279 1351 
45 57 175 284 405 450 636 1012 1074 1184 1285 1415 
81 183 257 360 596 655 820 1067 1308 1331 
67 151 359 590 775 938 961 1130 1191 1293 1328 
12 206 208 273 417 457 986 1036 1351 1373 
39 110 130 346 968 1221 
18 56 115 173 274 653 685 760 785 838 854 865 909 1037 1204 1207 1248 1308 1320 1375 1402 1436 
177 198 437 476 609 815 977 1112 1445 
39 65 87 172 349 435 494 598 601 652 685 805 879 911 948 1180 
267 770 781 794 889 898 944 965 1178 1389 
31 344 487 551 558 677 859 911 954 1101 1321 1411 
91 457 462 477 482 542 620 660 747 1010 1032 1056 1142 1150 1277 1324 
160 168 182 190 254 340 637 683 721 971 1062 1183 1360 1386 
516 551 590 1074 1113 1234 1270 1300 1426 1438 1453 
411 821 855 1255 1425 
32 91 95 502 516 755 788 878 981 1085 1312 
914 963 1031 1087 1121 1183 1317 
131 391 520 565 891 996 1006 1014 1148 1253 1375 1428 1464 
637 758 769 782 845 984 1074 1166 
116 327 348 364 389 572 792 804 954 1214 1315 
89 134 502 656 1036 1061 1123 1276 1278 1329 1409 
34 245 292 540 682 1055 1120 
310 452 1039 1042 1058 1128 1289 1306 
17 119 143 155 339 449 886 1051 1063 1098 1245 1446 
109 119 561 638 831 963 991 1010 1012 1189 
132 182 387 424 545 660 1030 1247 1383 
256 261 455 710 1090 1099 1140 1148 1198 
33 506 538 549 564 589 635 676 974 1127 1132 
25 133 139 314 757 971 1225 1422 1447 
156 373 616 699 727 759 815 1102 1234 
427 504 653 701 992 1166 1202 1360 1435 
25 47 68 101 191 223 373 624 626 810 869 889 902 1094 1294 1307 
240 250 440 480 634 814 1024 1065 1306 1397 1414 1439 
201 434 455 595 703 813 1001 1252 1254 1371 1433 1467 
8 27 613 636 654 763 805 920 960 1180 1224 1387 
72 88 141 146 223 304 316 354 374 394 509 868 941 978 1021 1122 1279 
80 87 91 115 130 141 477 491 654 1030 1179 1267 1328 1370 1418 
103 148 185 354 391 560 995 1167 1277 1409 
356 422 755 942 1027 1278 1317 1357 1378 
268 324 599 718 967 1019 1123 
1 319 329 444 633 1105 1123 1173 1294 1302 1337 1360 1445 
268 325 327 469 566 597 606 679 777 827 1028 1076 1128 1413 
39 85 153 880 1202 1236 1447 
126 250 293 387 484 496 603 878 947 959 1255 
28 179 260 267 409 444 477 501 606 790 978 1064 1145 1185 1350 1462 
71 110 179 217 282 522 523 566 1234 1341 1405 1449 
76 85 98 143 159 164 185 293 378 418 445 465 506 528 830 953 1029 1078 1220 
57 148 266 740 800 1099 1161 1262 1273 1303 1316 1451 
12 288 296 354 764 823 861 891 909 1091 1391 
29 49 458 489 600 717 847 956 1306 1390 
13 275 310 415 562 662 668 682 712 786 828 1006 1019 1207 1208 1365 1443 
83 185 299 521 734 976 1182 1268 1316 1394 
296 327 433 460 529 542 609 666 673 794 1020 1120 1180 1184 
7 8 38 129 151 430 951 1155 1270 
6 171 372 486 501 566 591 601 1288 
185 235 304 423 784 812 836 879 975 1107 1165 
268 407 417 475 477 535 834 922 1241 1319 1359 1410 
148 168 234 287 370 382 434 496 848 885 922 1007 1038 1123 1249 1252 1270 1310 
55 332 338 406 649 981 1174 1259 1407 
147 229 327 355 478 482 699 717 749 758 787 967 973 1336 1383 1455 
24 80 102 131 250 259 491 568 895 915 1085 1328 
98 116 1026 1207 1305 1390 1457 
294 544 565 596 993 1008 1314 1409 
39 62 77 177 328 350 824 962 
136 239 242 253 261 294 325 328 402 523 691 755 811 1137 1242 1362 
320 500 651 655 704 968 1156 1305 1325 1368 
140 170 253 328 349 455 479 530 838 849 864 1003 1023 1111 1339 1427 
132 200 429 561 659 717 776 793 867 952 1235 1279 1331 
47 51 79 118 144 416 431 432 902 970 1009 1045 1108 1121 1172 1185 1384 1417 
8 442 572 615 877 907 922 1095 1179 1254 1400 
321 526 656 672 806 867 870 932 1183 1331 1369 1405 1419 
102 362 704 759 899 939 1109 1183 1224 1344 
201 284 497 589 738 919 953 1272 1307 1335 1422 
91 195 253 272 283 446 825 851 926 1128 1191 1295 
193 292 350 534 550 717 867 947 1079 1109 1124 1159 1198 1348 1424 
575 826 928 946 1121 1136 1325 1367 1463 
172 201 277 320 499 674 722 999 1390 1458 
153 159 252 486 489 553 696 882 892 913 1094 1311 1364 
169 217 342 387 470 846 1043 1106 1270 1436 
171 321 498 640 688 770 844 852 916 925 1029 1061 1130 1205 1247 1366 1467 
112 234 284 318 442 460 743 867 884 1080 1139 1177 1342 1438 
148 162 336 542 581 595 850 1058 1106 1261 1322 1359 1453 
94 288 480 578 683 920 972 1007 1036 1042 1201 1360 
79 111 219 317 402 1039 
37 270 297 608 613 701 1065 1105 1257 1267 1287 
65 73 118 159 230 269 331 377 447 724 770 990 1281 1421 
73 134 152 153 225 468 566 594 680 709 714 933 974 1064 1132 1188 1327 1452 
76 402 436 500 678 762 980 983 1252 1394 
95 353 373 405 512 601 956 967 1162 1192 
49 50 174 196 306 487 544 558 994 1018 1196 1248 
87 147 390 406 553 726 891 1026 1063 1220 1410 1456 
