1439 8171
3 210 439 594 669 679 788 895 1017 1096 1108 1154 1220 1384 1402 
105 147 240 329 569 626 718 783 799 878 1004 1042 1143 1151 1154 1215 1324 
1 35 47 166 502 566 614 813 909 
75 132 152 331 612 740 796 885 1088 1098 1103 1138 1177 
36 78 93 195 243 435 443 501 528 559 716 793 833 869 989 1033 1154 1287 1293 1342 
397 581 607 1291 1391 
29 36 324 399 404 537 586 679 705 780 838 923 1049 1089 1186 1199 1307 1326 1334 
106 206 280 373 670 716 1090 1133 1213 1237 
14 220 398 503 525 533 557 585 701 834 
104 350 423 584 993 1246 1251 
28 92 322 447 451 477 494 544 557 693 883 919 1013 1016 1326 
168 296 338 594 668 716 813 851 1274 1386 1398 1407 
217 301 486 491 712 760 833 968 1135 1161 1224 1278 1305 
9 68 124 145 154 320 360 671 724 725 773 961 1105 1180 1265 1376 1416 
160 189 239 332 414 498 842 912 1122 1360 
531 648 673 678 851 962 977 1050 1437 
118 200 407 629 853 886 989 1254 1296 1320 
400 427 730 994 1153 1438 
59 461 525 534 657 714 802 846 892 1188 1236 1381 
100 172 424 684 891 953 1014 1251 1308 1412 
226 359 419 443 533 663 664 758 908 1073 1401 
58 122 385 517 584 808 1183 1412 
54 238 262 349 383 494 533 546 577 581 708 858 883 924 1120 1144 1427 
132 133 177 214 699 724 829 910 1018 1229 
51 266 272 427 508 628 695 858 904 1050 1328 
30 364 502 514 558 566 617 685 730 975 1015 1280 1428 
254 653 834 938 942 945 1021 1169 1177 1259 1284 1345 1349 
11 57 127 128 235 267 730 745 936 1386 
7 218 659 738 1031 1051 1052 1149 1369 1383 1432 
26 76 148 376 508 965 1061 1084 1131 1249 1301 
342 458 669 803 1004 1055 1172 1253 1269 1335 
93 568 822 915 975 992 1248 1257 1277 1389 
116 389 767 951 964 1124 1183 1212 1213 
231 237 251 309 671 846 1341 1420 
3 209 347 409 523 708 809 816 833 859 1086 1091 1228 1343 1363 
5 7 53 93 186 347 366 945 984 1168 1240 1359 1380 
358 731 1098 1100 1215 
142 203 267 366 476 484 572 577 930 1064 1069 1114 1122 1262 1381 1396 
93 182 210 261 582 728 920 1027 1060 1091 1208 
55 133 209 381 425 492 931 953 989 1251 
200 400 517 627 773 835 865 1071 1334 
46 56 113 247 365 417 760 774 801 1275 1409 
277 320 389 509 531 959 1275 1397 
207 375 403 485 890 973 986 1150 
345 362 502 546 547 823 925 1010 1323 1366 
42 174 215 236 651 687 688 760 805 815 1006 1071 1130 1181 1236 1371 
3 293 349 418 536 1016 1073 1140 1253 1333 1413 
160 246 248 289 311 451 453 469 638 660 749 801 871 898 937 939 996 1255 1408 
264 326 663 715 910 929 1029 1131 1264 1379 
83 125 164 588 600 612 637 766 907 962 1016 1039 
25 387 391 414 479 576 647 707 739 1393 
119 287 295 401 408 707 784 867 
36 96 128 171 183 188 372 524 588 704 826 909 999 1148 1324 1380 
23 66 122 160 211 229 279 471 931 967 973 1380 
40 69 313 381 473 529 764 830 1327 
42 110 172 371 397 575 757 801 831 965 1125 1165 
28 61 80 95 151 337 451 495 651 690 766 944 1017 1150 1178 1246 
22 68 151 297 423 631 675 798 820 853 886 910 1140 
19 336 365 388 490 583 593 865 1317 
175 187 248 310 338 419 735 749 856 1093 1249 1414 
57 103 148 183 215 606 654 748 754 808 902 1047 1063 1167 1250 1254 1273 1346 1373 
106 165 254 263 460 822 895 904 1074 1322 
246 282 318 345 432 532 535 665 1263 
122 133 411 632 1149 1230 1339 1425 
95 192 350 518 614 629 704 827 1031 1137 1372 1379 
54 340 353 486 636 879 1023 1087 1102 1222 1350 
113 140 319 540 756 
14 58 491 499 586 588 675 700 859 897 954 1065 1149 1170 1225 1230 1241 1385 1437 
55 111 316 788 888 944 1102 
125 136 152 425 723 888 905 959 1009 1033 1060 1271 
109 166 486 591 658 740 897 1029 1225 1226 1372 1377 
88 107 187 265 332 367 596 652 988 
238 341 392 811 982 1014 1146 1206 1300 
125 298 356 663 847 931 990 1399 
4 155 205 375 425 818 945 1053 1114 1165 1419 
30 142 211 276 344 945 1009 1036 1167 1170 1173 1193 1349 1428 
233 262 323 400 517 625 1275 
5 83 227 591 740 1387 
133 302 384 542 557 604 753 822 918 1071 1078 1340 1353 
57 99 217 650 859 901 974 1162 1287 1346 1419 
127 481 688 826 885 1161 1210 1250 1291 1413 
113 209 313 457 555 654 685 782 814 898 1054 1108 1231 1314 1418 
50 78 106 135 169 287 297 375 411 431 487 608 762 791 872 888 1275 
433 452 514 580 696 789 861 909 1083 1133 1134 1302 1381 
159 258 279 354 404 656 818 873 884 963 1187 1230 1243 
164 373 412 447 451 467 553 763 816 989 1171 1324 
177 318 470 754 932 1165 1274 1317 1336 1398 1421 1434 
72 314 382 416 485 491 673 675 1027 1047 1354 1379 
94 361 1430 
339 453 561 586 611 616 673 714 719 795 1010 1239 1395 
267 279 364 617 855 882 1000 
11 169 532 648 971 1341 
5 32 36 39 329 392 581 627 746 969 1243 1382 
89 325 430 773 791 923 947 977 1029 1120 1291 
57 65 131 326 767 1211 1231 
53 101 443 458 600 622 632 778 802 821 879 990 1068 1123 1298 1348 
99 321 387 474 856 857 1048 1344 
244 251 556 572 663 702 767 814 1129 1158 
80 97 170 735 934 944 1092 1350 1373 1391 
20 278 306 494 728 1053 1130 1145 1298 1354 
96 237 359 446 545 805 828 1016 1081 1206 1262 
105 346 1018 1057 1090 1118 
61 222 228 258 271 532 583 632 640 812 907 1125 1237 1302 1354 1384 
10 434 560 679 881 986 1121 1232 1292 
2 102 257 508 806 823 899 914 990 1121 1128 1330 
8 62 83 122 215 329 342 406 522 759 787 1080 1116 1368 1407 1411 
72 285 361 420 457 727 797 974 1038 1244 
113 157 211 394 451 485 556 788 896 949 1020 1038 1085 1110 1160 
71 161 450 533 685 826 928 1229 1250 1300 1350 
56 117 187 418 421 503 511 633 644 688 727 945 1028 1240 1368 
69 324 328 411 635 646 785 1188 1437 
184 185 398 554 825 849 850 852 1053 1191 
42 67 82 108 225 229 347 395 553 616 697 929 1008 1114 1296 1335 
153 411 614 730 802 1245 1284 
148 258 276 640 982 1169 1194 1253 1286 1351 1394 1425 1431 
33 119 179 262 328 333 514 827 1056 1336 
110 200 247 327 397 730 952 1284 1430 
17 120 216 512 678 695 904 945 1050 1347 1388 1404 1408 
52 116 281 297 389 392 570 936 1310 1366 1372 
118 156 448 534 538 620 800 935 1028 1046 1078 1120 1318 1385 
124 299 461 554 679 765 886 1183 1295 1439 
22 54 64 106 193 400 505 553 659 757 880 1037 1104 1303 1401 
180 433 523 690 714 840 928 1070 1127 1233 
14 121 160 330 449 504 644 748 871 896 1100 1241 
50 70 74 149 369 428 784 808 1380 1425 
161 313 352 353 371 713 811 844 955 1057 
28 81 209 433 456 573 776 913 1267 1295 
28 53 134 156 282 345 461 472 490 597 601 669 670 692 697 729 746 901 1105 1149 1373 
163 200 260 474 506 596 649 710 727 754 1066 
342 347 410 455 933 1427 
95 262 468 502 586 760 820 954 997 1211 1235 1344 
4 24 195 546 690 763 960 962 1186 1241 
24 40 64 79 134 274 337 468 634 679 1020 1247 1307 1375 
128 133 219 280 306 402 622 665 671 675 725 894 1282 1312 1407 
83 432 564 675 962 1195 1278 1374 
70 196 585 596 733 857 1021 1077 1293 1381 
369 481 562 574 708 718 854 859 1079 1122 1153 1341 
145 223 252 256 379 393 450 527 536 629 758 764 976 1376 1435 
349 400 431 440 546 738 913 1108 1115 1345 
67 145 511 710 761 997 1059 1091 1098 1169 1274 1313 1341 
263 278 382 478 1089 1298 1359 
38 76 290 338 639 717 1074 1298 
327 345 360 539 652 713 754 890 
303 489 636 806 842 1009 1240 
14 138 140 154 347 352 395 402 673 852 930 1170 
237 338 374 384 466 468 532 647 697 765 810 958 1267 1354 
2 305 354 372 431 486 544 556 561 674 704 740 763 880 1095 1219 1322 
30 61 115 169 222 422 552 732 740 862 876 900 1284 
125 314 330 352 564 600 711 758 928 1390 
547 616 817 1121 1143 1290 1400 
57 58 452 533 631 643 666 1117 1142 1143 1210 
4 70 457 511 565 648 745 902 1099 1241 1308 1344 1430 
114 255 442 447 470 797 811 841 1103 
14 145 435 818 1001 
75 169 586 644 650 699 885 960 1020 1062 1205 
120 128 175 253 437 664 676 687 697 795 834 894 920 1042 1052 1101 1328 1422 
108 195 260 294 450 522 542 555 578 605 621 783 1221 1304 
290 564 578 615 1027 1063 1259 
85 258 300 578 1024 1029 1118 1222 1320 1328 
15 48 54 124 170 204 401 694 701 899 1164 1208 1226 1246 
109 126 214 278 296 337 488 528 677 684 710 842 884 1016 1101 1124 1310 1334 
261 279 420 706 753 825 974 1149 1187 1409 
129 168 230 361 381 428 494 607 780 1048 1108 1241 1243 1334 
50 86 213 297 344 511 686 709 722 751 824 1009 
62 223 249 436 526 535 1092 1138 1275 1373 
3 71 286 365 534 854 1086 1122 1125 1198 1287 1375 
268 326 510 897 922 999 1042 1161 1177 1237 1282 1415 
12 163 284 329 903 1385 1403 
83 92 148 155 317 627 761 851 1003 1276 1327 
99 160 196 392 580 716 787 913 1158 1256 1343 
53 328 376 409 561 617 658 751 895 966 991 1112 1136 1162 1405 
20 56 193 215 611 953 
294 493 651 1191 1286 
46 190 381 931 1286 1345 1352 
60 156 271 662 706 849 963 1073 1171 1199 1343 
568 912 1154 1200 1295 
24 87 194 514 755 785 1055 1110 
362 586 629 670 704 842 851 967 1118 1122 1190 1266 
116 184 554 581 725 736 807 850 1044 1107 1164 1217 
123 233 565 795 813 900 915 997 1171 1256 1263 1382 1383 
338 413 443 455 565 632 640 657 683 825 1017 1149 
39 233 264 391 826 914 1203 1247 1356 1360 
53 61 619 806 1138 1240 1386 
112 179 272 330 340 499 512 546 592 725 770 806 847 945 1083 1095 1234 1395 
112 191 495 1049 1063 1168 1257 1378 
36 223 233 406 551 555 619 726 822 844 1166 1189 1306 1386 
60 72 110 217 297 331 364 790 930 985 1190 1227 1357 
53 487 492 536 603 617 701 856 878 932 1022 1251 1331 1359 
15 403 490 757 804 889 890 1238 
174 433 503 685 961 1021 1152 1178 1280 1320 1397 
185 261 346 504 761 778 921 1087 1276 1291 
65 318 716 959 1043 1310 1345 
122 172 306 331 472 512 637 827 838 942 1028 1214 1257 1325 
177 196 231 289 339 517 537 572 628 804 1000 1015 1154 1277 
5 132 157 355 375 554 570 584 722 913 934 1118 1126 1177 1198 1230 1261 1265 1415 
136 170 194 245 316 364 423 708 926 944 963 1161 1297 
457 461 525 616 622 833 865 877 974 1126 1215 1247 1372 1392 
294 412 625 663 1303 1325 1354 
201 614 819 1113 1154 
17 41 117 129 284 295 327 472 568 857 1151 1292 1332 
199 251 269 278 319 531 701 830 1026 1176 1430 
286 377 379 383 597 806 930 952 998 1056 
38 211 406 469 533 714 924 986 1065 1198 1244 1282 1407 
160 321 411 423 439 463 484 512 531 692 715 838 869 921 1021 1061 
75 253 496 508 738 885 986 994 1210 1290 
8 210 250 335 336 506 584 1229 
44 333 354 411 568 576 633 738 1103 1147 1260 
319 389 729 806 821 841 1169 1323 1428 
35 40 82 127 300 302 555 617 643 753 762 849 891 1294 
1 39 206 732 759 830 867 954 1266 
54 76 108 203 296 451 673 905 966 1015 1036 1056 1198 1405 
730 814 820 839 930 1109 1289 
164 376 453 525 588 703 739 785 790 1130 1185 
24 161 306 394 646 654 916 919 1085 1149 1299 1356 1373 
46 61 106 172 250 333 704 814 856 918 1165 1277 
118 276 411 428 756 776 895 986 1024 1132 1145 1345 1400 
13 80 187 690 737 797 974 1210 1303 1310 1379 
29 676 709 727 964 977 1001 1038 1095 1122 1161 1175 
134 274 327 365 403 485 701 745 789 852 1043 1147 
9 260 654 809 997 1072 1121 1126 1312 
297 311 521 771 960 1262 1374 1385 
103 148 248 280 359 421 484 501 640 802 906 933 1107 1205 1334 1369 1374 1427 
138 165 186 224 403 453 578 585 760 1004 1030 1177 1180 1210 1218 1340 
223 305 400 439 708 813 973 1086 1178 1203 
113 310 412 525 699 759 816 1067 1247 1345 
21 232 322 385 457 512 628 672 714 957 1112 1142 1216 
78 406 420 875 1017 1026 1304 1346 
103 341 414 459 694 933 959 966 1021 1144 1222 1272 1389 
54 113 325 364 651 870 890 963 1137 1196 
163 563 716 1298 
34 194 410 1123 1139 1143 1414 
226 233 291 307 637 1055 1075 1151 1232 
77 180 182 186 232 303 324 624 952 980 
277 393 403 436 805 841 927 1095 1246 1308 1374 1388 
28 380 440 463 657 659 755 949 953 958 1081 1199 1401 
46 268 322 505 569 678 693 910 1131 1188 1213 
34 101 146 319 362 363 475 697 856 906 986 1024 1027 1147 1170 1327 1386 
23 73 256 263 850 977 990 1079 1284 1417 
15 300 399 604 706 1084 
2 252 277 300 326 346 419 512 559 604 725 745 1082 1084 1138 
333 560 826 860 1055 1118 1188 1312 1385 1387 
267 368 454 734 915 945 1088 1379 
5 411 577 761 912 929 1235 
98 285 291 323 362 415 544 796 1075 1183 1215 1295 1430 
196 254 403 425 454 622 758 803 987 1010 1211 
48 63 247 256 268 681 683 703 990 1177 1203 
42 117 246 389 419 757 1198 1239 
48 60 222 302 663 844 1012 1315 1320 1331 
165 363 365 443 492 569 576 677 766 878 1128 1275 1319 1328 1400 1402 
206 215 370 372 395 500 654 894 973 976 984 1008 1086 1096 1330 
34 98 201 261 309 363 407 423 480 945 955 
138 240 393 458 720 958 973 1023 1044 
156 205 269 425 554 703 714 764 1018 1305 1348 1388 1416 
27 62 245 404 467 538 638 675 690 741 781 1202 1417 1429 
153 413 456 570 653 709 800 993 1127 1224 1320 1414 
138 238 246 318 337 491 520 577 581 661 702 798 832 939 1072 1109 
105 683 697 714 853 1102 1223 1340 
85 103 115 159 449 550 601 729 900 1397 
319 467 740 812 859 962 1213 1238 1269 1285 
129 157 220 328 372 570 774 917 928 1139 1148 
39 162 191 251 374 463 520 671 813 839 974 1206 1390 
23 77 116 131 303 500 541 610 699 766 789 802 821 889 1065 1174 1248 1308 1366 1421 
62 141 238 326 401 612 650 738 815 1009 1021 1044 1194 1238 1274 1276 
49 182 324 355 375 595 599 664 847 885 976 1034 1059 1200 
72 406 528 684 777 818 962 1112 1160 1169 1306 1342 
25 275 314 341 490 651 739 846 877 1002 1004 1069 1087 1425 1429 
28 38 91 242 485 529 566 695 800 883 972 991 1012 1081 1195 1210 1323 
167 236 246 275 525 647 726 901 1255 
201 253 302 365 430 471 632 694 822 877 918 958 1149 1223 1261 
636 974 1012 1203 1399 
103 175 285 301 393 462 596 611 974 986 1185 
25 184 383 487 843 883 942 964 1079 1102 1173 1253 1264 
444 469 704 876 905 1154 1421 
133 219 433 935 1132 1161 1178 1243 1300 
266 268 825 1014 1024 1039 
76 115 216 482 527 534 664 779 912 1038 1141 1242 1404 
43 234 240 419 892 912 1330 1344 
100 141 161 201 664 707 1189 1232 1379 
54 85 91 162 452 685 831 1159 1190 1244 
8 134 222 679 743 800 803 1402 
119 460 768 876 923 939 962 1163 1187 1210 
63 128 553 835 965 1097 1136 1142 1186 1209 1331 
408 417 459 606 655 863 887 1112 
168 200 358 459 473 644 788 1005 1185 1227 1402 
107 244 271 437 509 657 753 897 1122 1155 1232 1317 1388 1414 
166 202 516 538 539 620 724 773 904 1015 1103 1312 
52 83 329 534 585 614 650 676 818 992 1071 1157 1192 1360 
289 365 429 446 488 663 928 1049 
48 194 288 349 364 404 839 929 1012 1016 1099 1299 
142 158 328 756 784 1194 1253 1322 1372 
232 244 322 519 728 928 986 1150 1254 1313 
306 482 769 784 813 891 1052 1093 1104 1138 1144 1310 1405 
47 383 626 879 1079 1260 1281 
157 173 198 325 477 487 495 539 703 818 905 1122 1132 1392 
52 200 567 787 800 1197 1307 
12 161 211 367 384 476 556 626 757 763 778 
58 83 119 164 187 221 466 599 613 669 1015 1034 1287 1397 
74 387 403 501 592 711 774 1289 1346 1439 
121 374 427 502 1184 1261 1436 
159 209 239 240 340 481 540 784 1088 1105 1302 1403 
13 271 330 347 874 937 1018 1124 1234 1323 1397 
79 209 248 269 381 528 715 716 805 1078 1114 1143 
144 233 262 619 705 925 1028 1117 1164 1237 1260 1358 
585 597 703 1245 
147 224 418 508 531 618 633 709 738 1100 1248 
100 134 193 214 292 575 590 927 942 1312 1335 
232 380 472 625 666 773 1096 1227 1270 1305 1325 1346 
348 434 628 650 701 754 812 1027 1160 1255 1291 1384 
34 251 485 547 555 572 620 1050 1244 1284 1300 1313 1376 
60 225 338 632 956 1275 1326 1394 
48 221 440 496 604 672 790 968 1045 1080 1188 1268 1281 1348 
335 536 587 617 759 870 1093 1159 1228 1246 
55 82 126 468 550 839 868 1086 1139 1323 
88 149 266 444 661 820 827 853 1125 1162 1235 1300 1331 1333 
639 791 863 888 1025 1039 1202 
69 196 484 546 807 902 994 1112 1308 1358 1370 
169 330 360 466 853 1129 1140 1360 1412 
63 87 192 256 366 399 824 835 1158 1199 
67 201 208 237 259 338 367 459 489 770 825 851 855 950 981 1048 1313 1319 1349 
14 43 338 394 500 587 592 735 963 1089 1095 1322 
97 204 354 573 895 1238 1391 1398 
11 226 236 291 352 644 1103 1192 1205 1293 1312 1327 1380 1433 1436 
77 244 334 435 468 492 597 602 1062 1383 
7 111 233 264 331 521 594 1068 1128 1159 1162 1304 1399 
94 229 294 573 625 709 1130 1227 1257 1318 
49 95 167 240 263 399 469 483 536 604 764 931 981 1019 1033 1108 1306 
117 143 200 219 481 881 1099 1139 1329 1343 1410 
111 116 171 260 290 399 494 556 607 638 697 740 841 918 935 1113 1161 1198 1256 1398 
2 93 106 168 287 410 453 491 670 761 810 1168 1197 1230 
124 149 184 301 317 366 488 514 685 815 883 965 976 1003 1019 1195 1323 
4 187 193 324 344 358 407 421 424 464 484 701 842 1013 1100 
15 72 339 501 756 784 1057 1077 1100 1372 1384 
116 207 215 241 342 349 489 498 590 750 812 907 909 929 932 940 956 971 1019 1278 1291 1294 
323 435 475 511 583 693 723 757 768 857 1415 
206 312 402 426 1243 1367 
59 206 558 729 849 1318 1325 
57 133 161 256 369 417 681 873 904 959 1078 1324 
12 60 142 146 181 310 319 320 532 543 863 883 1172 1262 1360 
90 194 332 496 681 791 975 1051 1064 1132 1392 
66 184 300 579 760 904 964 1031 
73 228 266 607 680 802 929 945 953 994 1262 
31 106 130 333 546 576 938 1010 1119 1156 1203 1319 1384 
873 881 911 1298 1309 
76 164 331 603 840 845 1105 1328 
45 63 128 143 404 406 425 436 515 566 756 877 916 920 1029 1051 1062 1089 1317 
102 191 240 645 705 764 885 998 1254 1351 1368 1418 
35 36 113 130 145 301 353 408 413 463 479 673 954 990 995 1298 1402 
308 481 584 633 677 716 729 797 825 1141 1199 1438 
23 47 139 289 333 503 527 571 761 809 965 1057 1256 
10 65 479 555 674 701 727 757 836 923 1066 1166 1264 1308 
366 532 547 583 598 667 677 786 798 839 866 1301 1367 
126 145 149 322 387 435 468 498 529 754 897 907 
66 126 347 359 370 408 491 623 656 976 1366 
85 147 207 321 408 415 416 474 510 571 572 678 907 1251 1266 1335 
195 264 660 1078 1138 1183 1196 1369 
74 420 507 511 525 638 668 725 883 997 1073 1249 1269 1301 1365 
617 812 821 990 1193 1239 1366 
37 284 331 373 524 684 690 733 735 796 815 878 895 1113 1141 1195 1277 
21 101 222 353 437 542 676 870 872 907 990 1046 1099 1338 
14 143 317 376 496 862 992 1277 1316 1375 
89 107 163 409 449 535 716 793 1018 1110 1208 1309 
45 178 237 244 400 733 749 769 838 870 889 1436 
237 249 251 443 473 568 809 900 984 1061 1123 1245 1291 1324 1348 1354 
26 91 187 196 229 289 423 424 443 721 942 1065 1199 1200 1278 1414 
42 59 166 219 249 269 288 450 569 959 1022 1062 1148 1236 1420 
36 38 318 330 351 470 503 583 815 866 1023 1031 
72 296 319 404 618 991 1084 1199 1305 1344 
242 446 503 804 867 1213 
125 137 337 520 522 646 650 765 912 1186 1223 
250 353 480 543 616 1428 
56 126 596 604 717 835 855 1132 1150 1170 1232 1369 
53 147 250 260 484 631 651 908 995 1014 1222 1351 1372 
8 86 358 494 704 722 741 831 869 942 975 1109 1166 1258 
146 261 299 471 547 573 597 730 1272 1375 
44 75 83 195 264 862 1041 1058 1149 1354 1400 1403 
30 171 213 360 465 725 728 743 755 1225 1342 1355 
202 420 443 636 1111 1113 1204 1249 1311 1369 
937 994 1004 1047 1177 1216 1288 
138 202 404 568 620 864 1126 1331 
235 307 381 517 939 943 968 1006 1213 1238 
40 55 163 174 302 380 417 699 981 1154 1320 1371 1433 
88 141 745 915 1098 1223 1249 1318 1365 
23 202 272 293 823 1048 1195 1201 1416 1430 
79 146 296 439 639 747 868 966 1012 1049 1142 1223 1271 1396 1433 
22 226 533 653 768 806 887 1120 1395 
477 567 619 652 720 836 1167 1203 
51 97 298 352 453 459 478 521 629 817 1091 1371 
59 448 777 880 
33 43 119 208 247 580 588 957 1055 1183 1434 
838 995 996 1113 
51 182 503 621 716 1032 1117 1277 
73 93 119 170 414 531 653 722 744 863 951 1139 1254 
138 234 252 271 701 794 823 826 985 986 1020 1210 1331 1418 
108 214 320 463 479 753 982 1089 1233 
113 145 250 425 455 679 1066 1242 1323 1386 
727 756 798 1076 1220 
6 56 117 518 875 1302 1334 1355 
9 112 429 642 902 1000 1201 1273 1343 
7 239 318 326 328 473 474 489 650 671 674 1013 1014 1080 1082 1151 1183 1245 1370 1384 1391 
18 41 77 122 139 224 362 437 580 625 637 689 1126 1161 1166 1219 1330 1363 1410 1419 
52 160 263 746 770 809 1170 1365 
134 145 335 902 1106 1216 1379 1423 
44 189 219 223 234 245 298 443 613 688 692 730 864 885 1242 
7 85 254 289 345 367 379 416 484 761 1320 1373 1387 
416 471 543 608 874 949 956 1132 
106 186 203 227 265 345 490 802 
17 251 331 449 623 951 1203 1208 1420 
52 283 347 353 354 576 654 664 802 803 1008 
35 171 361 542 774 811 815 1291 1417 
130 231 329 619 622 628 1382 
64 83 111 114 204 207 216 243 583 882 1065 1297 
86 198 225 461 623 1043 1116 1166 1274 1285 1357 
181 255 347 443 452 472 567 651 681 829 833 837 1031 1144 1207 1379 
15 51 228 392 533 626 724 760 818 986 1205 
244 354 697 735 849 856 1001 1262 1358 
88 354 404 405 466 484 683 932 970 1019 1114 
42 283 337 381 434 514 571 744 1047 1091 1206 
47 110 305 731 891 893 961 964 1029 1072 1138 1192 
21 60 240 247 277 474 570 630 713 825 923 1059 1133 
107 162 227 356 377 442 504 571 613 699 813 847 876 887 889 896 928 1014 1043 
110 222 331 522 811 1096 1123 1135 1152 1177 1209 1223 1243 
148 497 507 680 715 717 813 998 1101 
10 58 196 204 251 364 459 531 793 950 1041 1079 1120 1267 1314 1327 1334 1337 
20 331 364 473 549 659 702 708 834 961 982 1158 1275 
40 70 75 245 253 345 395 502 657 759 969 1025 1053 1392 
335 667 748 780 795 823 1048 1084 1360 1386 
18 25 299 705 797 850 1214 
125 163 216 474 580 633 743 857 907 1141 1159 1184 
288 398 704 755 868 1018 1060 1088 1396 
94 269 438 894 1017 1128 1184 1212 1358 
83 139 147 902 952 1149 
63 135 493 525 745 982 1020 1028 1217 1310 
84 123 127 190 274 447 515 548 1131 1323 1358 1397 1427 
104 308 417 677 696 928 983 1033 1145 1176 1206 1240 1294 
5 154 323 334 352 485 533 537 616 910 1056 1119 1275 1328 1383 
165 234 345 826 847 849 1022 1117 1182 1379 
156 285 359 400 483 526 528 540 655 994 1140 1179 1227 1334 1364 1390 1393 
430 478 1101 1171 1178 1191 
1 204 224 384 495 601 690 1171 1382 1433 
139 235 311 523 536 581 754 1030 1053 1060 1344 1406 
471 510 554 608 695 744 1043 1055 1136 1218 1242 1251 
153 420 461 522 524 682 697 704 720 823 1059 1092 1318 1422 1438 
5 21 96 181 249 363 364 377 403 413 725 743 947 1016 1256 1430 
273 314 498 852 899 908 1015 1173 1276 1294 1400 
659 732 756 781 946 1043 1136 1141 1296 1398 
101 288 368 501 920 936 1101 1298 
11 86 153 433 489 496 761 819 974 1024 
120 388 473 706 733 905 906 987 1019 1321 1412 
124 258 361 407 514 787 984 1064 1066 1135 1148 1261 1337 
109 138 157 365 667 888 909 914 1180 1288 
11 48 57 86 108 211 743 823 1092 1326 
84 151 279 413 584 687 789 834 980 1092 1095 1234 1412 
48 90 213 223 329 387 566 673 777 932 990 1103 1123 1158 1227 1237 1323 
242 245 520 650 687 715 778 
130 181 395 608 733 836 843 880 931 992 1261 1427 
127 255 611 651 717 916 996 1064 1104 1149 1245 1370 
82 107 152 197 226 579 976 1035 1153 1393 1404 
31 96 252 633 832 874 1049 1301 1416 
228 283 284 319 387 423 614 637 776 803 850 1077 1316 1366 
62 281 503 733 906 947 1120 1235 1303 1333 1335 1344 
19 121 128 197 412 442 534 574 589 596 984 1201 1236 1237 1278 1372 
271 482 509 611 665 928 931 1027 
204 235 261 347 394 666 824 914 1014 1086 1203 1270 1330 1334 
331 853 972 992 1004 1101 
376 533 542 623 663 941 1135 1160 
146 297 317 416 519 803 927 1054 1269 1274 
86 254 259 471 608 759 763 952 1412 
131 133 146 313 323 352 690 711 922 1065 1351 
48 203 273 326 494 608 741 821 897 1061 1173 1255 1296 1306 1354 
87 153 366 602 663 817 824 848 971 1005 1050 1363 1370 1390 
54 269 374 405 441 467 847 944 1082 1092 1126 1418 
128 193 200 307 413 602 685 823 861 970 980 1042 1283 
55 284 363 399 424 448 792 916 1239 1277 
97 129 354 399 419 428 580 696 701 749 840 982 1000 1338 1376 1384 1394 
237 334 658 921 1022 1104 1332 
38 296 557 587 640 649 783 797 867 868 1089 1090 1107 1408 1419 1430 
11 294 386 502 605 654 1129 1431 
141 387 438 603 718 827 933 1025 1028 1251 
51 347 350 394 607 774 
251 370 541 857 1021 1134 1144 1172 1373 1380 
81 137 300 327 348 797 1078 1365 
276 292 462 521 547 579 801 885 912 988 1052 1244 1314 
326 437 542 592 616 648 739 931 1034 1068 1103 1279 
38 204 222 316 331 372 404 416 593 737 881 1266 1293 1349 1398 
44 88 108 219 267 309 435 842 925 985 1138 1260 
13 66 71 147 492 896 1034 1043 1074 1199 1219 1322 1373 1384 
83 188 272 294 756 975 1060 1164 1266 1267 
161 288 330 711 755 804 914 952 982 1012 1179 1285 1316 1322 1331 1397 
144 319 333 399 447 718 786 883 953 1006 
59 128 189 266 406 543 1031 1044 1103 1134 
13 68 88 256 329 353 550 596 686 780 930 1018 1124 1367 1397 1405 
40 188 249 323 486 508 652 774 788 1024 1219 
173 432 505 600 631 888 945 958 988 1049 1080 1218 1338 1373 1432 
11 23 100 163 328 373 469 886 938 1019 
57 185 294 439 686 868 972 984 1174 1368 1422 
205 311 339 360 447 560 924 949 1143 1306 1402 
422 541 629 634 666 705 889 893 914 940 967 996 1002 1057 1105 1118 
15 333 352 444 580 615 639 732 900 1135 
68 184 853 895 1019 1287 
250 262 320 613 718 736 1008 1254 1416 
5 222 298 332 446 503 537 610 690 897 1077 1172 
3 26 45 131 299 425 477 607 729 893 1030 
9 110 190 349 366 368 391 460 501 512 866 1249 1258 1282 1431 
124 191 420 591 610 1280 1364 
122 236 493 508 627 811 813 832 849 976 1283 
129 206 507 603 662 794 884 985 1076 1287 
356 422 506 619 740 747 838 884 904 1027 1212 
25 30 105 205 305 492 505 674 1024 1108 1133 1289 1326 
43 285 462 697 758 850 1014 1054 1084 1143 1201 1314 1368 
167 354 441 744 1085 1147 
110 140 152 164 334 356 560 808 1185 1204 1369 1401 
118 184 193 204 226 240 503 741 1439 
796 915 950 1083 1161 1221 
26 84 116 177 330 417 449 605 736 898 1193 1398 
345 433 609 690 703 911 1140 1291 
286 545 710 783 1311 1319 1370 
22 41 77 194 380 596 703 1104 1196 1234 
65 397 615 671 765 768 929 1020 1226 1392 
291 466 584 606 654 898 952 1011 1023 1108 1126 1185 1300 1308 1329 1368 
256 261 369 454 645 1176 1238 1336 1436 
221 324 387 482 597 630 718 818 849 864 931 934 1053 1100 1159 1206 1317 1367 
106 157 369 421 442 644 998 1298 1317 1349 1413 
35 123 440 530 638 728 735 1151 1194 1220 1250 1266 1395 
53 358 442 552 854 1169 1328 
9 19 197 213 225 268 356 432 638 765 822 871 881 942 1107 1280 1391 
165 437 544 609 627 637 731 769 988 1212 1220 1222 1414 
138 276 349 825 905 1352 
5 161 265 302 437 693 719 1026 1100 1161 
55 267 352 686 1001 1058 1152 1165 1256 
523 579 640 946 1031 1222 1266 1314 1366 
16 43 201 204 305 392 423 565 598 607 854 935 958 1124 1153 1220 
63 92 103 146 338 351 554 681 698 1075 1154 1362 
9 21 23 109 151 203 385 414 435 465 596 768 920 933 934 966 1035 1122 1212 
19 120 166 276 287 461 643 814 844 924 1195 1298 1425 
63 165 361 575 725 1124 1426 1428 
47 138 188 312 326 440 555 857 950 988 1015 1369 1401 
7 194 435 501 599 729 872 874 935 1039 1040 1084 1167 1180 1220 1247 
120 254 286 548 661 703 920 1117 1137 1140 1263 1295 1378 
143 286 294 541 561 759 819 864 875 962 993 1171 1439 
67 300 437 720 1151 1219 1396 
262 480 497 539 609 748 894 1098 1103 1108 1306 
79 157 359 409 465 483 574 661 836 913 1090 1165 
338 370 405 490 901 963 1045 1084 1309 1359 1423 
11 147 244 526 555 620 1423 
101 516 606 865 972 1042 1244 1292 1351 1391 1424 
23 45 132 139 184 316 342 628 772 939 991 1033 1059 1079 1165 1268 1414 
45 150 309 351 374 482 830 962 1214 1269 1294 1308 1427 
433 538 640 718 779 938 1044 1181 1240 
424 662 717 788 864 972 1002 1089 1167 1206 
258 313 491 714 742 873 1233 
186 626 678 701 787 867 984 1040 1147 1211 1414 
148 524 762 774 878 924 968 1032 1046 1394 
86 113 122 282 570 701 916 
112 121 179 195 253 441 532 788 831 1388 
82 157 186 209 309 350 536 544 557 627 659 917 1030 1231 1300 1416 
98 108 147 296 328 761 787 792 815 909 1099 1111 1289 1405 1420 
9 11 79 476 555 783 917 949 993 1190 1377 
26 336 655 711 724 885 898 1253 1375 1399 
5 240 1384 
104 241 496 511 600 677 722 756 795 808 945 1035 1040 1122 1244 1254 1372 1408 
90 147 171 539 664 708 860 1107 1315 
137 653 670 704 908 1045 1115 1211 
230 719 750 984 1146 1293 1334 
135 149 158 577 748 1225 
152 180 181 531 697 807 851 1150 1320 
3 26 267 345 453 1202 
295 386 413 700 772 790 802 871 879 978 1006 1300 
32 176 200 207 363 379 616 685 723 789 880 1132 1153 1154 1186 1197 1342 1426 
2 236 249 365 1211 1222 1260 1398 
119 195 255 260 419 553 710 886 1165 1220 1266 1376 
349 354 417 420 666 852 1013 1051 1152 1241 1246 1283 
38 98 194 309 354 638 759 911 940 1129 1134 1355 
127 321 325 374 618 803 887 975 1127 1214 1239 1254 1351 1407 
137 461 542 626 636 650 676 808 960 1214 1257 
56 306 535 628 642 650 832 895 1263 1330 1402 1435 
51 207 249 342 408 798 852 1375 
23 38 243 256 564 629 635 788 1027 1288 
157 158 159 223 952 
340 457 482 530 587 668 862 936 1060 1297 
84 170 389 400 428 474 498 586 753 970 1034 1191 1256 1321 
6 23 93 179 256 440 604 640 859 876 1059 1118 1205 
39 713 
59 103 334 351 366 411 683 782 1079 1140 1204 1390 
10 22 195 206 348 452 519 737 794 814 1079 1127 1216 1405 
9 136 223 287 304 611 723 864 1057 1141 1167 1250 1370 
7 68 90 131 155 178 580 590 591 863 1020 1104 1117 1154 1168 1358 1361 
312 320 476 579 592 645 877 881 929 1141 1215 1327 1395 
50 53 68 213 389 620 661 720 776 910 1071 1110 1130 1368 
461 596 671 961 1071 
306 333 586 693 747 1006 1021 1058 1207 1416 
71 78 504 586 664 677 798 1147 1151 1196 1321 
184 298 320 483 587 652 696 740 898 1198 1300 1312 1417 1437 
59 484 651 671 796 930 933 1056 1251 1362 
1 12 324 978 1359 
264 663 723 848 862 941 1031 1147 1158 1311 1378 
72 129 136 271 371 461 491 517 533 589 681 1226 1248 1342 1435 
128 202 304 323 374 521 656 680 734 753 788 843 868 1035 1130 1163 1168 1204 1220 1274 1392 
351 531 599 682 687 786 1000 1191 
264 297 537 598 621 649 723 748 792 799 801 884 973 1151 
50 96 149 493 560 704 798 956 1056 
128 258 439 657 816 895 1085 1185 1316 1387 
323 470 472 617 822 827 978 1002 1055 1120 1316 1388 
188 344 478 506 840 1161 1328 
79 239 240 311 326 371 581 740 845 945 1054 1196 1198 1259 1298 
157 477 514 692 713 810 977 1011 1014 1066 1125 1169 1214 
61 283 519 545 706 1017 1040 1061 1190 1193 1240 1293 1413 
6 163 328 341 479 502 531 802 1036 1153 1322 1361 
83 405 441 455 467 469 643 651 671 748 756 1007 1226 1241 1271 1321 1332 1352 1413 
515 526 541 614 730 817 930 939 949 970 1028 1235 1322 1323 
262 501 504 685 881 
90 172 271 456 462 585 630 927 953 1098 1139 
4 50 263 693 1028 1305 1364 
297 403 420 500 886 965 1075 1220 1311 1332 1362 
3 65 114 199 287 459 609 621 644 698 779 964 1019 1136 1290 1429 
158 498 518 636 1375 
90 113 150 197 370 435 483 568 860 864 1191 1272 1318 
26 91 171 188 209 312 357 602 653 710 783 849 870 1089 1214 1255 1325 1341 
305 367 573 890 1034 1189 1411 
183 186 303 386 410 507 756 1059 1280 1285 1382 
120 286 309 379 544 588 700 806 890 929 973 994 1323 1400 
157 391 599 614 677 734 1079 1239 1395 1396 
96 134 197 245 410 1072 1108 1244 
353 407 412 465 640 662 821 891 1227 1237 1307 
233 1025 1104 1131 1146 1201 1219 1293 
77 198 307 325 400 740 951 1177 1339 
2 293 296 414 551 574 702 814 1079 1186 1198 1213 1330 
41 93 169 505 526 555 755 910 1037 1048 1325 1343 1439 
25 194 226 308 410 546 575 700 841 920 931 1013 1156 1345 1406 
17 65 138 178 387 497 577 656 755 784 821 908 1046 1186 1381 
419 521 611 650 674 804 813 1064 1108 1276 1381 1390 
58 151 372 493 767 996 1214 1418 1426 
64 96 103 181 269 310 990 1157 1251 1315 
110 207 305 348 428 458 675 689 770 772 830 844 938 1099 1203 1317 
133 497 746 947 1112 1155 1286 
111 577 694 736 739 814 1114 1231 1352 
66 144 270 377 574 615 679 711 1071 1161 1163 1198 
50 193 232 400 459 526 736 827 
48 254 328 356 523 525 572 892 922 1137 
142 315 384 498 713 723 724 772 820 906 908 972 1135 
103 115 181 222 476 530 548 581 623 715 800 833 1103 1186 1191 1318 1323 1398 1414 1435 
696 798 938 1058 1113 1174 
398 575 812 962 983 1081 1175 1202 1239 
151 209 534 608 682 1059 1064 1131 1338 
110 124 155 284 322 522 614 651 679 713 857 952 1236 1294 
346 520 587 788 859 
111 214 369 784 925 1086 1091 
51 146 268 841 1030 1035 1223 1295 
16 92 152 483 825 877 1157 1158 1210 1252 1263 1419 
129 476 599 753 849 952 1039 1155 1178 1400 
80 155 263 287 308 369 399 454 574 575 630 668 803 938 1288 1423 
46 57 173 229 266 372 413 456 593 608 644 664 954 1425 
72 143 386 492 592 707 863 871 937 1071 1153 1172 1259 1361 
27 255 385 392 562 617 708 735 1149 1293 
61 82 214 220 250 408 477 519 799 1151 1285 1400 
283 437 558 680 695 825 947 1102 1136 1150 1237 1355 
85 353 597 629 732 768 788 859 1218 1290 1327 1413 
19 181 235 285 425 601 680 837 843 1304 1436 
71 171 475 893 967 977 994 1129 1170 1288 1354 
29 122 235 424 445 555 719 778 1004 1176 1183 1214 1230 1287 1400 
48 355 796 932 951 1149 1181 
256 314 538 542 588 1082 1138 1215 1270 1411 
175 506 549 623 788 983 1124 1167 1181 1329 1357 1397 
21 49 74 98 198 248 288 465 470 595 775 840 919 953 976 1024 1054 1100 1185 
21 156 264 276 278 408 561 591 651 723 963 1028 1311 1337 1413 
63 134 462 927 1000 1051 1208 1298 1417 1436 
151 307 463 497 571 688 798 926 1011 1021 1097 1162 
351 426 450 706 739 821 946 1025 1097 1137 1185 1366 
12 356 579 650 676 747 866 1039 1046 1157 1243 1297 1364 
1 31 128 297 714 721 872 973 1234 1235 
8 128 178 329 562 788 905 1023 1296 
14 34 134 261 399 518 589 593 608 697 849 906 916 958 1077 1239 1356 1416 
226 311 689 904 1064 1164 1331 1343 1429 
16 88 90 145 211 347 453 734 791 792 841 987 1138 1300 
147 350 399 508 630 693 901 927 1054 1096 1274 
58 68 88 134 135 254 633 686 768 948 1062 1078 1173 1286 1373 
156 218 287 359 574 668 754 810 838 900 1078 1313 1377 1398 1435 
161 249 348 351 434 560 591 621 679 742 942 1029 1332 
16 118 236 354 551 968 1114 1206 1236 1305 1344 1346 1436 
1 7 104 121 133 280 395 636 644 677 755 892 956 1140 1225 1293 1318 1402 
341 422 597 655 657 690 828 859 1176 1338 
246 337 339 413 532 596 877 927 993 1091 1133 1238 
442 598 643 691 764 798 960 1169 1337 
181 246 257 416 583 885 1342 
20 161 265 358 856 872 878 989 1151 1170 1242 1318 1439 
26 82 109 190 279 330 472 568 610 793 843 1009 1109 1145 1168 
164 491 495 529 675 759 772 782 917 1088 1128 1248 1338 1350 1435 
46 156 452 454 598 731 820 859 1088 1412 
46 81 110 403 666 784 810 815 863 1199 1256 1370 1386 
400 633 672 871 967 1093 1353 1380 1414 
57 123 132 217 254 358 439 468 501 515 680 762 1002 1057 1128 1155 1186 
682 858 900 905 1025 1120 1323 1404 
128 204 403 605 789 946 953 1021 1198 1322 
11 236 334 528 590 612 674 768 806 827 905 1185 1225 
160 228 269 635 724 1137 
25 118 267 441 655 805 1025 1087 1102 1361 
84 434 474 592 641 734 774 910 1036 1059 1340 1433 
113 128 146 156 237 257 328 415 442 509 565 671 960 1016 1039 1053 1257 
532 614 1060 1205 1275 1277 
24 155 225 262 381 420 815 865 1139 1141 1194 1311 
68 567 620 628 748 840 877 1172 1223 1230 1273 
9 160 188 201 219 308 331 350 393 474 551 553 906 981 1067 1224 1286 
98 256 424 626 827 834 1028 1032 1041 1072 1127 1148 1176 1381 
213 246 253 294 304 515 517 538 1018 1118 1251 1330 
53 65 147 178 215 273 373 429 442 562 600 757 966 998 1003 1103 1139 1157 1199 1359 
7 303 346 427 497 792 876 978 1045 1096 1150 1234 
162 175 239 448 606 667 748 766 816 819 977 1040 1041 1057 
51 52 278 652 804 908 1016 1066 1091 1187 1257 1272 1432 
23 35 137 196 224 424 561 653 1008 1270 1303 1394 
164 218 255 305 325 772 774 947 1009 1150 1379 
129 140 161 516 570 617 758 838 924 1315 1338 1380 1404 1411 1420 
149 298 468 488 558 636 733 787 874 907 1007 1097 1430 
13 834 846 1205 1418 
126 143 419 582 605 639 644 941 1028 1121 1311 1332 
19 90 123 203 226 253 257 550 669 781 1157 1246 1367 1392 
49 204 302 422 454 640 716 767 1025 1114 1252 1264 1364 
5 8 12 170 192 230 302 348 361 391 715 863 1152 1346 
142 371 422 456 549 1114 1168 1288 1325 
2 137 478 489 500 521 548 755 1146 1433 1438 
90 528 563 659 762 785 1258 1280 
252 386 442 540 588 750 882 1093 1189 
364 669 779 827 985 1086 1095 1191 1194 1205 1206 1275 1302 1313 
164 195 373 392 560 749 886 1224 1249 1286 1352 1358 1426 
70 334 568 585 595 599 639 664 851 998 1061 1093 1108 1152 1165 
14 24 286 414 558 639 694 844 1182 1195 1204 1221 1270 1439 
14 134 179 184 240 356 376 443 535 982 1002 1088 1186 1262 1273 1310 1338 
186 268 1117 1126 1211 
107 110 129 218 350 396 862 935 1017 
39 100 291 376 523 858 1147 1295 
128 208 258 336 348 502 537 764 1246 1273 1438 
18 26 28 114 117 212 374 403 609 786 1030 1362 1393 1435 
37 418 526 687 860 939 1039 1287 1369 1391 1395 1406 
148 210 445 498 656 853 1142 1148 1214 1271 1357 
136 358 362 448 455 460 711 1052 1068 1092 1213 1375 
242 597 621 673 696 864 1019 1148 1311 
60 99 320 358 415 523 653 790 844 905 950 974 1343 
179 500 514 635 637 940 951 1249 1301 1363 
217 484 584 853 988 1026 1049 
29 139 205 207 263 305 796 874 900 906 1211 1265 1305 
51 213 266 483 635 667 781 787 919 938 1269 
4 71 78 147 148 259 328 507 592 604 625 767 776 792 819 978 1096 1097 1120 1228 1234 1269 1297 
254 373 469 512 850 909 1086 1131 1180 1422 
550 677 1026 1176 1210 
280 376 428 443 451 783 784 969 1376 
392 417 441 510 792 1003 1083 1087 1096 1124 
28 152 219 240 382 432 810 815 854 1141 1190 1282 
93 128 401 634 797 872 1091 1188 1253 
384 507 590 668 953 1119 1121 1165 
61 124 426 541 564 599 608 700 706 1120 1136 1139 
48 60 362 474 722 874 992 995 1028 1304 
333 563 720 787 871 956 1125 1129 1166 1173 1321 
164 171 878 1068 1193 1211 1428 
777 791 815 857 935 1104 1198 1234 1240 1347 
79 162 209 285 394 580 597 649 755 1001 1190 1208 1266 
61 87 129 143 308 352 440 676 805 1191 
177 235 376 429 488 627 629 679 718 753 768 786 1016 1111 1291 1377 1435 
67 216 290 332 345 396 445 487 560 608 619 798 821 958 979 1024 1187 1204 1428 
56 122 189 247 296 334 350 704 800 820 1059 1189 1259 
21 138 149 245 509 710 862 1007 1094 1147 1167 1374 
106 210 225 312 425 467 539 572 686 856 881 1008 1052 1077 1221 1350 
13 42 46 131 223 340 414 798 848 1116 1135 1141 1338 
140 169 191 243 329 349 404 447 556 786 788 810 921 1085 
83 209 552 690 719 1048 1082 1228 1421 
86 132 147 296 467 952 1016 1105 1292 1427 
55 138 253 326 346 682 729 859 872 1103 1138 1171 1253 
121 146 369 518 525 906 980 992 1044 1106 1141 1199 1207 
50 57 249 262 706 851 879 900 956 1136 
33 95 98 631 715 740 872 916 1061 1194 1214 1280 1349 1373 
281 334 385 518 533 656 675 693 755 794 859 1035 1149 
292 362 526 778 1134 1145 1345 1417 
184 319 401 633 812 1211 1366 
221 828 960 961 1102 1152 1161 1418 
546 567 633 639 686 709 783 801 1060 1188 1436 
14 41 94 286 307 866 905 1060 1326 1366 1367 
42 260 298 409 479 492 552 696 709 815 859 868 906 1061 1327 
663 1012 1086 1127 1133 1320 
127 216 459 588 740 823 1239 
265 388 453 752 959 1020 
96 191 296 454 659 769 925 1098 
276 548 614 721 834 926 1136 1244 1367 1404 1423 
7 163 426 491 960 1280 1304 
254 445 714 739 1143 1243 1260 1430 
82 583 686 809 851 944 1166 1180 1184 
2 157 476 516 557 617 743 772 800 820 874 1164 1295 1381 
52 125 290 292 300 332 629 646 688 743 998 1097 1301 1308 1406 1412 1421 
111 177 213 719 799 817 838 1032 1079 1181 1214 1319 1340 
351 489 598 730 755 761 803 896 1121 1404 
106 170 295 449 551 556 711 739 750 857 978 1009 1279 1297 1341 
1 69 108 284 492 549 554 577 597 645 656 662 670 761 924 951 1390 1391 1437 
84 219 262 452 568 692 834 1220 1224 1261 1318 1397 
187 213 311 567 735 1153 
83 94 315 339 673 752 865 928 1015 1105 1195 1304 
473 556 599 673 705 740 744 963 1084 1198 1318 1431 
5 361 423 685 982 1021 1035 1117 1169 1345 1438 
393 506 584 768 918 1036 1186 1275 1390 
90 156 180 426 560 804 1046 1171 1357 1360 
4 244 358 513 593 660 738 808 896 953 1133 1205 
107 153 217 348 427 476 481 746 889 924 953 1091 1245 1394 1424 
58 256 351 396 576 591 600 641 666 682 756 760 907 952 964 985 1029 1103 1157 1377 1381 
2 599 654 785 809 892 931 992 1071 1090 1181 1243 1347 
120 255 267 280 295 640 757 783 920 970 1194 1235 
42 48 56 482 599 772 948 967 975 1095 1167 1216 1300 1406 
19 96 114 222 262 341 406 408 567 607 810 1008 1020 1102 
31 245 280 408 459 466 573 650 786 886 918 938 946 1106 1145 1376 
189 194 368 488 630 707 795 872 885 918 1038 1273 1386 
46 101 234 302 695 754 850 945 1043 1160 1271 1333 
105 144 183 184 202 208 385 620 693 1048 1138 1256 1393 
179 316 565 816 1099 1294 
22 61 125 511 560 574 796 973 1033 
35 220 349 363 401 782 799 811 1185 1205 1215 
146 329 605 676 688 745 761 802 1202 1384 
73 126 153 409 421 505 809 922 1046 1061 1238 1335 1356 
103 259 308 333 357 642 770 1280 
3 12 180 224 261 292 420 422 505 630 1077 1235 1257 1271 1285 1294 1424 
82 98 212 215 534 584 626 635 870 897 973 979 1049 1068 1352 
46 263 330 358 366 409 556 688 699 745 752 774 842 1228 1234 1277 
35 86 225 601 706 807 832 985 1172 1241 
150 387 470 609 785 1390 
75 85 154 265 287 294 414 521 877 963 1041 1101 1149 1197 1203 1303 1360 
199 447 539 706 740 930 1176 
58 131 212 314 639 687 757 783 824 830 1385 
96 208 262 357 469 623 629 667 756 906 1112 1137 1138 1218 1375 
32 62 79 186 269 525 602 1036 1128 1348 1419 
45 105 383 393 426 442 451 472 776 840 846 1232 1237 1378 
164 318 463 470 820 850 948 1070 1300 1356 1402 
112 162 181 275 319 348 419 527 648 655 979 1021 1097 1192 1287 1340 1389 
53 81 109 182 241 393 436 827 1079 
65 116 193 314 478 602 637 693 702 721 826 1030 1264 1391 1404 
101 680 771 904 1373 1436 
24 413 846 997 1189 1207 1234 1395 
55 201 210 547 633 820 850 927 988 1218 1416 1420 
56 279 373 554 1060 1094 1310 
256 458 505 575 816 986 1219 1226 1259 1323 1395 1421 
5 13 35 197 413 640 874 1003 1052 1127 1200 1368 1375 1397 1418 
9 27 156 424 452 702 712 779 789 1195 1235 
41 282 318 371 870 1071 1104 1428 
350 386 455 542 918 957 1189 1222 1420 
413 657 928 962 1070 1088 
7 193 204 362 390 507 676 710 785 853 954 1063 1224 1405 1434 
212 261 289 313 351 999 1164 1227 
123 344 474 603 663 700 823 1334 
153 208 234 328 628 647 673 893 981 988 1179 1188 1190 1347 
15 144 161 178 331 485 815 884 941 1263 1396 1429 
272 455 597 657 685 1134 1210 1271 1374 1436 
126 186 248 534 633 724 735 1097 1388 
344 604 855 1072 1298 1328 1352 
19 34 266 712 823 829 997 1036 1039 1160 1242 1252 1283 1284 1291 
74 184 264 420 436 471 877 950 1042 1419 
470 595 760 908 925 964 968 1056 1117 1154 1328 1351 
112 175 209 336 415 436 505 521 617 649 671 956 1041 1070 1222 1243 1305 1411 
112 179 238 427 459 509 741 805 824 830 864 973 974 1113 1326 1421 
12 16 169 178 319 565 723 766 782 906 974 1184 1187 1214 
112 145 219 444 571 576 869 1083 1152 1263 1289 1377 1418 
17 58 257 314 317 464 499 732 737 838 1284 1362 1364 
137 166 524 531 745 890 904 1215 1348 1409 1418 
91 319 371 845 917 969 1046 1097 1324 
60 97 188 215 237 415 684 759 1015 1036 1064 1126 1260 1307 1417 
97 136 200 334 428 480 536 644 752 787 1025 1090 1133 
23 25 691 728 1055 1077 1220 1224 1385 1396 
35 68 80 137 259 581 645 656 680 687 764 768 774 1003 1282 1333 
241 561 616 731 1014 1021 1111 1116 1316 
84 472 945 984 1280 1425 
148 360 375 579 595 727 758 998 1008 1012 1098 1359 1432 
283 315 338 392 586 652 688 716 972 1422 
379 403 521 539 549 585 616 734 850 885 1041 1082 1175 1266 
41 59 197 545 699 791 910 915 1425 1426 
351 366 503 668 773 1239 1261 1368 1421 1431 
52 210 368 476 551 986 
313 384 429 476 495 597 774 885 954 1035 1207 
5 204 373 852 884 1044 1084 1177 1216 1241 1286 1288 1379 
229 312 359 362 617 814 835 
48 124 525 567 652 689 750 967 1034 1120 1128 1314 1320 
83 359 537 669 684 746 764 767 804 905 1026 1313 1377 
85 337 343 550 1004 1006 1058 
301 405 458 537 711 738 749 783 833 975 1081 1124 1176 1222 1355 
227 397 539 939 971 979 
148 273 281 420 581 705 1019 1072 1121 1323 
197 266 269 345 587 648 681 700 818 847 1025 1223 1254 1341 
2 188 249 358 552 684 751 1045 1396 1439 
66 96 293 567 766 1080 1369 
122 147 388 455 568 946 
104 327 343 484 525 587 610 759 941 1007 1106 1110 1306 1364 1383 1425 
91 411 720 939 1150 1405 
11 23 267 272 330 338 356 489 894 1397 1404 
85 161 506 507 599 842 869 1083 
4 81 155 205 264 346 403 482 558 683 804 864 868 910 1058 1294 1301 
17 58 121 494 570 613 722 803 1030 1033 1189 1309 
283 385 420 573 1290 
69 70 83 315 450 493 1021 1029 1137 1183 1254 1304 1332 
189 262 362 420 497 797 984 987 1166 1198 1224 1249 1251 1425 1427 
44 143 189 229 618 620 854 968 1054 1294 1328 1337 
20 209 292 418 623 1002 1016 
19 277 638 679 799 919 920 966 967 1023 1035 1045 1114 1165 1178 1180 1350 1375 1384 1394 
418 497 502 658 841 964 978 1265 
134 156 250 430 541 883 988 1099 1169 1239 1329 1373 1421 
1 62 171 216 321 358 499 575 601 1096 1152 1195 1267 1368 
108 124 420 486 786 796 
68 71 167 285 352 469 501 814 1162 1202 1315 1317 1426 
48 82 514 519 558 592 1217 1325 1339 1395 1407 1419 
105 160 444 953 964 1100 1198 1210 1327 1329 1384 
148 180 258 363 498 676 691 738 766 1014 1115 1132 1242 1350 
80 128 268 543 674 1128 1190 1201 1217 1256 1276 1348 1407 1437 
61 152 316 398 402 431 985 1227 1238 1415 
168 938 1019 1043 1079 1119 1323 1418 
25 62 118 286 337 340 507 672 828 854 946 1026 1027 1236 
70 211 273 294 448 527 670 691 693 735 773 872 985 1333 1339 
222 237 448 460 639 671 701 738 765 774 821 851 930 1038 1083 
50 103 333 352 354 359 428 711 798 935 1089 1315 
21 372 444 562 629 639 707 848 968 1000 1102 1321 
3 53 84 333 450 556 741 979 992 1099 1129 1133 1317 
24 49 58 236 435 588 627 696 865 885 1242 1351 
343 515 572 914 1051 1130 1141 1275 
15 176 243 276 277 369 482 1232 1359 1375 
127 139 170 195 542 949 1411 
105 182 450 463 488 497 911 1024 1294 1373 1404 
32 180 242 382 513 865 1143 1271 1299 
214 345 456 473 553 671 767 983 1041 1060 
260 555 557 686 855 1429 
79 215 269 328 794 803 804 836 1110 1303 
11 214 663 739 892 1011 1046 1113 1252 1290 1305 1345 1389 
39 156 345 446 533 538 628 800 892 975 1241 1365 1417 
191 204 475 761 1045 1151 1378 
167 468 638 811 926 1186 1198 1237 1272 1400 1417 1430 
7 94 281 350 419 1166 1280 1361 1391 1405 
23 203 496 534 552 710 788 797 1357 1361 
45 303 485 646 778 848 1214 1244 1312 
196 666 779 922 973 994 1013 1049 1060 1170 
234 306 466 611 665 674 681 830 1042 
109 123 149 260 288 291 420 434 462 791 837 939 1310 1389 1425 
49 113 243 289 333 341 518 587 620 1172 1227 1303 1357 
38 145 187 202 212 491 593 609 819 906 1061 1095 1434 
40 54 74 174 326 455 462 483 521 628 799 998 1198 1215 1233 1295 1400 1407 
87 188 333 416 453 660 984 991 1117 1135 1138 1189 1252 
130 222 228 478 533 593 982 1185 1234 1262 1367 
99 195 521 533 1083 1240 1288 1351 
120 274 328 531 537 727 752 907 1052 1228 1264 1351 
28 119 446 579 1152 1210 1263 
48 301 378 652 961 1005 1099 1101 1318 
27 342 494 548 633 641 650 739 803 903 1141 1174 1262 1354 1375 
48 256 281 380 546 609 731 875 882 928 953 989 1018 1031 1099 1133 1287 1337 
333 497 572 736 964 1005 1029 1032 1057 1302 1321 1373 1419 
465 595 713 842 881 950 1057 1301 1345 1385 
27 193 272 306 364 373 525 677 1222 1280 1349 1405 
380 1024 1134 1256 1323 
57 69 99 196 471 782 962 1064 1160 1280 1427 
27 36 75 76 110 118 184 242 251 341 493 560 604 805 861 1172 1180 1350 1403 
445 530 667 692 803 880 904 
94 443 460 634 655 709 955 1004 1024 1077 1249 1276 
675 801 824 1070 1222 1285 1294 1354 
108 235 405 496 557 609 913 965 1061 1078 1207 
319 423 513 536 735 847 941 1010 1295 1379 1397 
33 392 407 625 660 736 788 1164 1218 1234 1236 1353 
117 202 233 431 467 488 519 578 644 649 763 798 1053 1195 1216 
20 40 172 235 341 489 611 663 692 747 796 797 899 939 961 972 1395 
68 131 210 347 651 838 868 1034 1085 1157 1178 1235 1318 1332 1338 
126 251 947 978 980 1022 1052 1087 1092 1326 
310 333 405 600 679 750 766 849 1075 1076 
226 389 836 1036 1061 1083 1092 1204 
146 235 252 269 493 531 671 756 1044 1075 1132 1218 1370 
43 70 192 228 337 365 777 1116 1280 1313 
132 155 221 574 682 697 771 780 1117 1366 1390 1391 
14 190 418 424 589 771 937 953 1230 1334 1418 
16 50 132 135 259 265 281 539 547 642 837 944 1053 1204 1229 1275 1402 
85 175 196 229 320 543 664 792 818 1183 1190 1340 1372 
33 218 272 340 418 614 798 848 893 899 940 969 993 994 1014 1064 1084 1094 1124 1142 1252 1253 1335 
30 56 282 330 349 613 949 982 1105 1193 1311 1357 
171 211 228 384 533 704 892 1189 1247 1298 1342 
54 178 497 658 689 801 871 892 1081 1161 1196 
13 311 380 552 678 848 890 908 1006 1102 1103 1179 1420 
93 425 743 855 964 1168 1375 
416 472 580 609 800 1183 1229 1282 
92 333 470 875 993 1202 1256 1385 1407 
267 464 495 545 549 639 863 953 989 1005 1133 
44 54 224 250 252 599 620 669 808 814 850 926 997 1175 1354 1372 1415 
80 107 162 197 217 261 270 271 447 735 850 851 1188 
26 32 339 373 487 573 801 874 920 1118 1144 
138 250 264 330 353 457 505 663 1104 1190 1249 1416 1421 
16 94 218 238 605 658 706 1041 1118 1321 1354 1430 1433 
567 594 602 705 740 787 893 955 1118 1212 1403 1412 
756 814 825 875 909 1398 1431 
233 452 472 765 955 1145 1161 
319 326 381 701 841 1065 1087 
73 115 394 424 432 474 488 725 793 933 965 1420 
434 642 662 916 1092 1125 1203 1308 1420 
36 250 363 449 461 495 551 563 861 889 932 1212 1218 1361 
187 393 485 506 721 798 816 902 905 991 1198 1379 
44 104 203 205 216 237 271 291 393 414 832 867 1151 1268 
245 448 673 889 1067 1087 
72 482 493 526 536 737 830 841 894 1029 1197 1216 1220 
5 17 40 86 684 939 972 1326 
74 96 105 238 246 347 357 359 453 632 1037 1063 1315 1438 
171 267 367 546 932 985 1265 1353 
32 287 360 455 464 749 765 799 909 1276 1306 1325 1357 1382 
10 255 539 557 681 964 971 1227 1290 1359 
18 205 316 341 378 437 620 658 926 964 1034 1128 1172 1194 1210 1370 1417 
347 372 390 749 
48 390 456 497 631 1124 
131 140 180 220 356 829 846 973 1334 1416 
202 346 422 522 704 723 784 862 931 1003 1270 1301 
53 167 839 1138 1228 1301 1373 
91 194 398 474 598 665 908 1047 1089 1142 1214 1245 
154 218 415 529 753 1004 1238 
266 497 549 602 690 725 891 1048 1049 1091 1356 1392 
169 330 704 744 833 859 998 1029 1089 1258 1294 1360 
2 31 223 266 378 464 659 873 947 1001 1014 1038 1366 1382 1398 
284 470 937 940 972 1316 1354 1406 
46 380 489 567 590 873 968 1325 1375 1376 
608 711 758 881 1024 1052 1106 1240 1253 1369 
113 250 408 500 708 759 802 862 1037 1042 1046 1250 1301 1325 1332 1369 1428 
70 76 144 164 263 685 709 787 
45 90 245 342 950 1098 1108 1248 1370 
519 605 666 919 1021 1032 1076 1152 1223 1227 1233 1313 1405 
248 267 270 289 384 488 775 862 1014 1075 1230 1296 1357 
11 331 399 571 628 926 1094 1100 1258 1285 1329 1357 
20 73 275 372 399 420 463 509 605 860 900 964 1004 1012 1256 1321 
26 194 211 286 297 444 536 791 856 1273 1302 1317 1323 1394 1401 
11 47 50 101 161 289 443 697 707 755 763 891 1106 1141 1171 1188 
1 57 181 227 430 606 727 1019 1110 1146 1228 1349 
24 102 253 301 361 429 491 703 939 1094 1123 1298 1437 
326 330 333 416 448 494 499 614 734 876 903 1017 1022 1257 1327 1354 
108 133 155 393 432 518 586 777 802 1068 1112 1276 1328 1390 
27 136 190 204 228 263 480 590 666 692 793 825 860 888 1011 1052 1397 
188 365 436 475 955 1019 1410 
66 252 366 519 670 892 
159 216 237 275 447 492 508 663 756 914 943 947 1007 1358 
315 425 478 624 667 691 695 715 857 877 1030 1326 1354 
201 227 528 737 742 872 904 1138 1152 1167 1263 1420 
39 88 158 237 308 462 507 577 904 1031 1243 1302 
110 120 193 303 432 478 609 612 664 702 713 749 1166 1304 1395 
49 71 94 159 345 418 677 798 888 940 988 1003 1051 
223 440 502 555 647 730 827 886 1025 1044 1094 
29 65 340 366 413 490 530 595 939 1027 1100 1220 1259 1264 
391 552 702 785 940 1011 1094 1206 1317 1329 1353 1436 
5 70 326 434 546 808 886 1205 1238 1243 1244 1413 
264 297 483 486 580 618 871 954 994 1255 1328 1380 
457 533 560 597 647 768 793 868 892 1049 1298 1313 1405 
76 211 607 696 794 822 846 856 957 1194 1352 1353 
122 627 990 1008 1136 1190 1274 1437 
107 108 218 276 804 906 1004 1113 
50 275 315 537 649 668 697 731 846 1085 1235 1349 1415 
537 551 560 606 706 1161 1367 
375 423 702 706 818 849 864 916 977 1066 1099 1157 1246 1301 1324 1366 1404 1427 
2 156 167 472 545 847 927 1008 1126 
192 219 412 420 441 445 486 805 903 1271 1295 1303 1331 1403 
179 252 263 490 548 765 869 958 1030 1152 1187 1234 
311 543 562 705 878 892 921 1099 
120 359 552 629 668 795 811 855 919 1008 1052 
61 88 378 417 1000 1205 1436 
97 163 319 383 426 627 762 806 1002 1082 1140 1265 1297 1334 1356 1374 
7 185 288 384 458 493 737 814 926 1002 1035 1050 
16 25 118 309 470 1049 1136 1194 1313 
29 339 345 571 665 911 1029 1071 1273 1305 
29 156 292 482 733 759 833 935 955 1007 1021 1046 1106 1157 1308 1359 1423 
75 100 112 425 440 521 697 952 962 1379 1409 
82 466 509 604 663 674 890 1162 1283 1369 1380 
31 177 232 241 389 441 602 858 1097 1210 
116 202 211 435 593 600 848 1239 1265 
102 126 332 349 497 585 690 706 940 941 1153 1364 
375 529 590 641 873 885 1343 1376 
140 264 419 442 546 581 619 643 696 757 1113 1178 1179 1266 
39 70 429 440 487 579 698 772 773 831 916 926 1163 1248 1300 1363 
30 204 363 469 606 723 767 774 811 930 949 957 1105 1188 1352 1385 
155 323 345 365 675 1153 
61 158 185 838 990 1077 1147 
38 339 449 456 630 643 672 856 944 964 1342 1384 
68 203 262 364 411 468 981 1179 1228 1366 
129 350 395 449 605 707 1041 1134 1329 
225 701 987 1154 1178 1180 1213 1418 
96 324 483 733 751 814 1020 1104 1200 1245 1384 
38 266 1163 1328 1419 
123 824 837 849 948 1101 1194 
41 46 79 287 588 589 636 652 799 835 1051 1364 1385 
220 256 418 622 702 845 876 1174 1175 1193 
21 47 175 356 1315 1339 1411 
62 142 486 1183 1324 1410 
232 244 532 613 956 958 1012 1138 1256 1356 1388 
396 506 956 1011 1094 1419 
136 332 459 501 671 759 813 858 947 1063 
79 120 302 337 355 481 675 676 949 1182 1387 1411 
137 238 272 293 423 546 583 584 621 626 785 826 903 1289 1328 1433 
106 311 399 493 879 1249 1268 1283 
101 235 267 642 874 967 1178 1225 1308 1353 1426 
240 399 471 661 762 864 1048 1158 1267 1416 
84 184 513 744 852 884 906 934 957 1134 1264 1396 
30 239 240 367 426 509 537 543 792 869 964 1248 1295 
108 214 510 601 761 954 1039 1115 1248 
35 166 224 250 313 463 646 721 741 775 1432 
66 191 266 695 744 955 981 987 1113 1275 1431 
4 242 300 429 686 687 725 837 1096 1127 1156 1204 1278 1346 1373 
7 141 320 345 394 476 549 617 907 1000 1003 1098 1117 1137 1151 1172 1188 
8 102 476 542 799 857 1143 1170 1234 1275 1313 1400 
35 39 140 387 417 646 681 707 746 797 1002 1157 1161 1178 1281 1320 1351 
99 165 442 451 452 471 733 955 957 983 1291 
60 292 312 689 720 723 1102 1303 1383 1423 
758 831 964 1013 1018 1030 1032 1076 1346 1363 
147 184 218 234 320 452 721 801 930 1161 
1 250 307 421 674 705 740 744 895 1088 1185 1345 
282 666 667 711 740 784 825 844 855 1055 1126 1175 1342 1429 
4 37 140 382 541 611 778 862 1010 1089 1318 1341 1383 
152 289 327 359 556 633 807 894 909 937 939 1041 1045 1112 1117 1151 1234 
37 124 305 331 332 521 528 663 899 1013 1031 1101 1177 1229 1358 
156 161 422 438 446 464 818 937 1070 1100 1120 1201 1221 1281 1282 
66 69 257 272 655 695 771 802 908 968 1093 1243 1363 
4 153 207 286 322 453 483 490 541 640 704 764 798 968 1179 1228 1417 1423 
122 292 456 475 517 586 624 752 835 976 1068 1149 1171 1180 1184 1404 1435 
14 128 300 344 497 763 791 965 1061 1107 1122 
402 765 803 881 1007 1016 1052 1383 
179 222 476 525 561 1105 1168 1217 1336 1383 
1 82 139 163 326 508 519 541 622 630 723 1010 
212 256 373 685 1136 1195 1216 1332 1420 
108 177 361 588 881 918 1017 1222 1256 
377 556 755 860 1185 1228 1344 
171 226 265 283 316 634 821 1020 1099 1175 1243 1257 1303 1307 
199 328 358 377 390 641 850 919 1038 1059 1087 1151 1197 1262 1428 
38 75 113 302 416 635 678 715 717 892 1194 1314 1344 
139 562 900 1085 1253 1268 1354 1395 
106 412 760 860 959 1180 1312 
151 303 391 436 538 586 726 793 848 932 960 1089 1099 1313 1327 1434 
102 159 178 195 241 497 581 703 975 977 978 1250 1369 
342 435 747 903 1189 1251 1314 1353 1356 
23 94 120 385 423 460 602 691 740 748 871 1101 1315 1412 
104 105 150 220 713 747 786 876 1188 1266 1354 
15 38 137 166 178 218 285 294 533 560 1105 1359 1404 
96 231 363 421 453 1018 1170 1193 1309 1321 
33 161 301 491 531 535 662 744 874 964 996 1258 1368 
56 103 166 314 605 750 983 1343 1406 
195 197 220 379 400 471 519 726 856 1042 1097 1362 
123 255 573 584 702 775 833 1088 1211 1361 
105 249 324 430 686 690 822 871 901 994 1151 1362 
98 317 477 572 658 750 909 1141 1161 1411 
46 100 213 325 588 597 911 
30 49 236 433 624 643 741 1261 1282 1285 1307 
216 274 294 339 371 405 568 900 958 1183 1299 1391 
8 84 419 508 681 775 796 857 909 939 972 1220 1257 1278 1341 
84 480 490 572 769 843 943 1066 1083 1142 1318 1351 
13 421 449 465 498 639 760 932 1251 1327 1329 
171 282 441 445 614 655 748 766 779 1037 1050 1109 
65 229 538 638 667 694 821 888 1089 1185 1286 1363 1410 
4 165 183 240 292 355 418 485 661 673 764 806 821 932 999 1026 1075 1390 
231 260 313 327 392 611 699 704 748 1211 1235 
47 58 317 437 515 538 583 679 1048 1149 1282 1290 
276 348 358 428 445 585 587 699 745 760 765 911 938 1016 1129 1168 1220 1262 
151 226 282 384 732 964 1000 1134 
2 150 151 231 302 496 509 781 915 1090 1153 1200 1264 1317 
23 228 292 413 480 975 1279 1344 1349 1350 1378 1383 1422 
100 216 434 685 769 803 980 1200 1266 1431 
73 563 624 718 1017 1229 1289 1363 1364 1376 
207 219 237 510 551 591 595 728 758 1063 1177 1321 1326 1375 
53 260 365 449 702 732 734 
29 64 68 128 162 181 214 269 375 431 456 653 660 768 818 1104 1140 1248 
44 57 291 371 565 655 705 709 882 
2 200 232 399 523 540 591 599 654 684 921 986 1089 1099 1113 1128 1166 1395 1427 
190 421 529 571 716 723 771 852 895 936 1011 1026 1044 1360 1381 
18 137 457 531 568 607 652 790 1057 1062 1143 1259 1300 1406 
1 2 5 176 194 199 273 381 532 568 586 848 1067 1169 
285 634 649 690 1429 
342 628 1088 1319 1371 1377 
287 632 648 668 704 714 798 954 1041 1052 1091 1235 1346 
98 170 318 424 453 595 648 1082 1173 1190 1218 
279 312 324 428 521 1331 
108 265 308 465 805 846 944 
13 81 167 196 218 274 328 400 513 528 603 636 771 967 980 1040 1091 1095 1129 1202 1277 1289 
80 171 314 324 666 897 1054 1302 1387 
281 597 636 1060 1069 1246 1421 1429 1433 
160 179 303 487 672 783 839 951 1196 1291 1382 
56 75 87 215 529 542 546 570 723 747 892 1298 1315 1374 
186 350 373 400 412 750 782 889 923 1028 1151 1235 1255 
61 76 386 537 549 585 662 758 801 1026 
36 185 329 586 597 685 717 969 1107 1141 1277 1325 1431 
27 115 140 208 265 524 605 682 793 894 1154 1375 
68 76 145 237 371 401 658 684 926 1090 1123 1256 
86 175 180 438 439 539 764 795 1016 1104 1277 1358 
31 338 480 501 652 700 816 929 945 994 1089 1389 
76 272 444 469 675 750 1158 
262 495 641 938 1072 
218 642 864 973 1072 1097 1112 1223 
201 434 520 659 680 702 742 819 874 1179 1260 1271 
4 27 167 195 223 246 378 421 625 869 1100 1147 1223 1378 
57 190 224 274 438 649 892 954 1059 1067 1081 1091 1281 1402 
437 488 841 968 1059 1065 1103 1176 1187 1265 
14 223 450 537 741 782 892 945 1067 1104 1116 1284 1295 1374 1426 
46 548 660 662 785 799 1225 1346 
436 724 1078 
22 33 121 244 355 389 399 659 888 963 970 1074 1132 1185 1290 
299 428 430 782 851 1104 1233 1281 
213 271 284 511 519 601 663 667 693 809 933 1096 1111 1137 1183 
7 132 282 369 568 626 629 640 690 725 794 922 1411 
85 162 281 707 756 851 1044 1179 1396 
19 111 236 241 311 746 772 841 974 1016 1061 1089 1121 1217 1388 1389 
186 278 618 720 757 829 836 886 932 966 1119 1270 1287 1358 1363 1380 
178 187 279 557 606 745 753 841 901 963 976 1037 1158 
112 173 438 580 598 616 640 721 754 
287 322 418 825 1225 1307 1308 
76 357 514 606 751 965 1072 1123 1427 
115 263 290 523 699 721 767 800 994 1036 1050 1070 1114 1421 1428 
135 267 330 358 383 534 724 791 834 895 952 1109 1312 1374 1431 
229 355 517 591 604 967 1164 1220 1298 
295 329 568 818 988 1113 1250 1439 
166 195 203 211 247 328 592 604 626 636 692 752 792 889 899 922 931 985 
7 175 235 318 348 364 367 486 688 704 765 
176 264 364 833 1068 1143 1145 1357 1408 1436 
383 398 461 509 624 901 1101 1290 1357 
254 315 566 642 810 897 971 1161 1267 
182 224 246 270 342 386 407 463 633 818 983 1271 1317 1405 
377 511 583 597 724 756 957 962 1088 
155 222 322 414 581 698 712 721 796 809 1033 1047 1426 1430 
73 101 261 417 434 521 549 678 721 1032 
413 590 765 829 868 949 
39 160 361 407 665 753 1253 1314 1334 1422 
282 421 
81 151 205 217 223 267 281 393 648 742 843 899 936 994 1055 1241 1346 
95 131 245 551 562 569 726 738 751 770 1127 1139 
33 430 507 526 533 978 984 1349 1368 
8 33 236 259 368 380 626 733 1067 1221 1257 1289 1399 
193 427 547 573 574 605 617 631 659 732 767 785 851 925 1000 1405 1416 
2 37 197 244 587 661 809 854 931 1246 
226 378 402 584 801 869 952 988 1109 1225 1256 1290 
179 432 898 901 1107 1188 1321 1372 
223 441 493 656 821 830 951 958 984 1158 1313 1355 
147 400 486 492 540 624 832 1300 1367 
1 396 523 526 531 537 570 597 613 789 858 988 1031 1133 1141 1196 1251 1409 
157 513 724 759 1101 1213 
66 159 228 372 526 530 569 836 849 874 942 948 1110 1385 
257 269 369 382 384 421 647 700 877 1011 1175 1177 1341 
13 255 701 722 789 838 858 889 1272 
68 71 376 564 679 693 1081 1181 1192 1216 1267 1273 1323 1364 
71 160 518 596 608 832 1251 1379 
187 284 307 325 437 453 623 839 902 929 993 1011 1269 
35 312 740 762 815 935 999 1017 1065 1103 1111 1248 1331 
24 109 206 962 970 1100 1146 1293 1360 
64 68 85 195 329 659 700 961 1012 1381 
82 95 555 635 1406 
104 232 278 285 371 823 912 1293 1303 1334 
123 394 550 931 1011 1184 1399 1433 
184 301 452 517 669 705 740 752 815 829 933 951 1044 1090 1099 1399 1428 
131 243 314 460 609 669 800 813 834 954 1039 1139 1157 1166 1387 
19 46 365 461 644 678 904 951 1260 
8 103 167 303 453 461 623 655 823 922 1355 
189 259 263 321 380 520 681 811 902 1001 1033 1278 1371 1378 1425 
90 247 357 473 573 621 642 671 776 866 894 1056 1268 1276 1337 1361 1410 
36 110 144 183 434 548 606 752 934 1007 1432 
68 124 132 152 163 571 608 816 869 920 1210 1344 1405 
276 395 403 441 684 846 900 910 
85 93 163 274 335 421 668 781 799 849 1027 1033 1102 1112 1338 1353 1398 
107 203 279 309 482 545 560 622 779 925 1033 1298 1377 
114 304 363 399 456 797 1000 1068 1257 1286 1293 
10 57 160 234 312 571 714 729 1041 1163 1215 1328 1342 1407 
133 182 197 225 537 966 1361 1435 
32 262 305 596 686 1010 1060 1084 1085 1149 1228 1274 
30 60 356 377 382 503 722 736 889 947 976 1080 
61 81 109 523 585 1008 1118 1197 1381 
10 20 40 188 354 441 478 593 632 703 889 1119 1135 1220 1226 1310 1422 
648 715 846 919 932 964 1300 1312 
31 47 115 272 290 558 746 764 964 1007 1115 1208 1318 
17 61 291 346 392 500 560 573 877 888 
48 268 308 469 617 1034 1166 1309 1390 1419 
170 180 328 349 443 529 580 688 806 901 943 971 1014 1075 1110 1170 1216 1418 
32 185 193 325 574 697 707 813 1019 1112 1133 1213 1245 
373 503 719 1003 1013 1124 1324 
27 158 604 652 757 832 1031 1153 1380 1426 1433 
207 293 303 485 569 781 856 1176 1236 
195 269 299 449 455 789 866 1131 
38 101 221 338 341 415 725 933 938 1113 1141 1299 1357 
63 180 538 575 648 842 852 936 1026 1310 1317 
49 272 350 715 827 935 1031 1083 1143 
14 195 738 893 991 1048 1056 1179 1384 1389 
178 210 354 484 487 523 530 570 753 864 1059 1121 1145 1306 1366 1380 
127 146 423 487 895 1082 1202 1225 1347 
311 546 986 1080 1115 1239 
31 259 356 466 547 739 740 1227 1303 1343 1356 1402 1425 
307 463 661 708 724 998 1189 
70 384 608 732 805 813 843 915 1043 1176 1203 1335 
228 374 616 707 922 1224 
61 398 700 725 729 804 1015 1051 1225 1278 
12 87 140 263 412 466 597 674 1037 1248 1276 1352 1432 
42 43 77 83 165 249 310 424 435 698 721 794 911 962 1087 1090 1346 1366 1367 
169 191 263 444 630 901 947 992 1020 1239 1274 
32 194 215 358 360 391 473 698 815 1161 1168 1171 1330 
13 135 333 364 461 1088 1133 1238 1273 1384 
483 787 1144 
26 190 504 525 619 719 767 780 812 861 923 942 944 959 
293 311 1091 1101 1178 1184 
134 167 203 503 745 859 970 1101 1131 1140 1285 1402 
472 505 571 846 1054 1080 1318 
27 114 117 148 238 309 846 853 1180 1420 
259 412 488 619 654 813 948 1013 1131 1282 1332 1378 
115 173 174 634 675 701 722 869 1137 1245 1315 1319 1426 
5 80 166 297 499 506 659 731 825 939 1189 
378 450 577 650 658 717 869 934 1323 1328 
212 298 508 556 852 1079 1146 1161 1213 1360 1422 
150 205 614 656 887 919 993 1140 1183 1201 1216 1423 
6 81 94 191 308 333 363 409 515 755 846 1092 1164 1332 
104 200 545 763 1337 
5 136 322 484 563 606 624 653 679 1229 1232 1245 
209 333 434 444 547 644 807 813 885 890 914 948 1003 1349 
121 127 176 244 538 647 728 783 931 950 1043 1084 1180 
17 113 445 469 670 1012 
196 411 579 668 740 787 1048 
96 100 141 142 230 343 347 446 522 534 604 665 845 966 1018 1035 1165 1196 1244 1323 
214 289 915 1132 1262 
73 109 274 309 314 519 555 567 592 673 801 824 1060 1153 1219 1252 1370 
30 351 356 458 736 784 885 941 998 999 1008 1041 1401 
84 103 300 397 721 940 1015 1027 1162 1379 1399 
122 198 217 460 708 818 918 929 1043 1093 1112 1232 1269 1337 
157 227 324 657 749 780 791 888 1028 1425 1437 
13 253 307 367 612 678 738 849 919 1051 
186 265 326 469 496 541 881 992 1266 1419 
7 133 295 623 856 1112 1131 1192 1392 
20 152 234 262 316 350 519 547 784 983 1052 1081 1192 
343 361 543 886 1123 1255 1331 1338 
119 161 192 217 292 432 725 831 928 1251 1263 1363 1389 
377 516 595 613 664 699 713 734 965 1314 
134 220 241 286 306 322 592 925 1116 1195 1252 1338 
140 291 309 319 676 721 872 959 1011 1035 1050 1090 1117 1218 1385 
82 423 482 509 530 871 1114 1119 1208 1311 1330 
248 561 632 710 897 907 990 1073 1120 1165 1286 
360 459 488 601 602 860 1005 1384 
59 87 285 345 521 522 633 897 909 1015 1032 1143 1203 1263 1337 
120 325 336 382 442 616 640 679 684 789 792 937 954 1098 1134 1253 1283 1429 
249 319 342 516 785 1156 1286 1385 
17 159 190 248 255 381 404 565 775 871 1091 1435 
448 580 591 608 750 908 940 977 1014 1123 1147 1217 1364 
62 147 290 320 486 488 607 609 692 
45 208 267 301 313 330 395 433 453 609 620 640 691 832 876 903 943 1015 1225 1288 1298 1350 
2 53 86 337 363 855 1041 1074 1258 1404 
193 198 307 336 617 627 717 898 992 1006 1008 1168 
7 11 310 451 508 773 850 955 989 1025 1147 1431 
55 169 237 322 423 587 656 774 899 1019 1117 1135 1372 
25 156 159 249 344 435 524 603 845 848 890 1020 1034 1069 1079 1246 1288 
327 519 662 894 899 1013 1032 1066 1135 1385 
105 250 277 400 463 575 626 703 1277 1314 
188 248 282 314 379 393 488 672 1043 1159 1228 1309 1373 1405 
200 475 608 613 677 713 888 954 1008 1109 1285 1291 1403 1433 
47 314 460 805 859 905 
7 41 161 163 222 397 423 437 463 563 840 961 997 1048 1208 1232 
31 113 306 354 460 811 964 1271 1358 
87 116 520 1107 
423 449 664 682 890 939 1239 1292 1303 1317 
359 474 493 643 680 686 710 725 760 954 1243 1309 1312 
64 625 898 905 1073 1356 
79 223 257 696 785 825 963 
34 92 137 140 617 787 877 1098 1133 1223 
5 265 376 568 596 683 966 1064 1097 1246 
35 170 175 327 398 627 672 735 1058 1125 1269 1387 
97 131 152 277 367 440 460 678 1111 1114 1144 1241 1439 
27 139 174 192 216 225 628 769 793 919 941 1096 1366 1404 
61 80 227 298 307 678 716 1088 1094 1157 1181 1210 1275 
118 752 799 841 1267 
96 253 311 363 822 854 901 1399 
27 76 319 484 522 767 942 1017 1039 1144 1212 1294 1417 
66 99 109 686 759 892 900 945 1144 1323 
115 346 372 468 545 573 848 910 934 935 1091 1134 
174 527 608 635 722 814 845 1036 1061 1274 1397 
79 689 951 991 1032 1036 1081 1119 1243 1426 
88 100 103 146 198 363 375 469 658 938 948 973 977 1005 1019 1025 1115 1121 
376 397 572 655 874 1218 1237 
182 214 671 811 824 1002 1048 1075 1119 1269 1339 1378 
187 412 662 732 795 924 929 965 992 1012 1013 1200 1201 1262 1398 1403 
303 316 415 430 433 586 722 1024 1100 1171 1189 1335 1396 
36 141 188 543 594 704 862 912 993 1052 1122 
15 182 287 317 338 426 795 818 1003 1152 1229 1289 1407 
586 607 652 695 923 924 984 1127 1239 1247 1415 
532 593 613 730 853 1126 1128 
35 400 470 736 1060 1094 1102 1137 1146 1189 1310 1431 
437 504 612 668 715 853 881 1057 1071 1146 1225 1321 1400 
356 382 401 481 920 1433 
45 119 262 353 357 459 530 667 770 773 960 1004 1041 1065 1266 1275 1345 1432 
335 351 491 521 714 773 779 933 1040 1219 1275 1381 1401 
106 110 346 495 509 519 588 833 866 895 1124 1212 
29 222 355 371 377 511 536 731 879 1007 1008 1054 1118 
316 399 456 470 516 585 688 958 994 1010 1300 
46 381 387 1156 1238 
65 71 119 197 290 332 372 461 560 963 973 1217 1327 1422 
61 99 128 165 214 404 480 486 493 675 767 828 894 914 940 999 1088 1331 
135 221 222 234 758 843 1048 1165 1180 1195 
133 166 360 374 558 576 615 733 821 833 892 912 938 969 1006 1147 1169 1394 
14 138 309 474 570 743 803 1006 1058 1146 
71 557 676 755 798 852 872 1156 1244 
185 538 595 823 921 1144 1177 1238 1285 1356 
49 65 88 217 242 278 402 413 436 709 869 950 985 1053 1226 1302 
36 53 54 125 322 480 689 710 1034 1054 1189 1259 1266 1434 
19 38 84 136 629 630 702 783 798 1152 1230 1250 1367 
93 180 410 439 619 992 1004 1164 
29 180 323 435 881 1093 1098 1106 1107 1144 
1 103 308 332 342 399 474 486 559 810 892 899 1064 1068 1265 1278 1316 1422 1433 
68 120 168 221 241 820 858 941 971 1061 1071 1222 1313 1319 1329 
12 28 183 186 237 395 426 688 804 
78 241 404 601 1078 1162 1235 1343 
118 234 253 285 554 602 844 1075 1188 
32 228 825 919 928 1172 1188 1265 1310 
149 261 437 470 583 630 788 794 817 960 1020 1138 1255 
6 99 321 399 525 545 731 788 827 923 960 1132 
197 294 339 425 518 597 714 1002 1307 1408 
51 437 457 730 806 1394 
115 310 474 552 708 797 892 1015 1375 1393 1435 
90 184 385 523 587 621 731 829 832 898 953 1028 1115 1151 
38 384 429 540 621 842 858 878 1083 1187 1358 
43 190 258 297 301 433 488 491 662 789 833 883 950 1021 1352 
12 87 321 328 445 484 514 569 640 676 979 1004 1243 1357 
74 270 324 558 1213 1233 1234 1302 1348 
150 216 249 375 444 620 649 654 659 922 931 1090 1364 
21 122 235 511 536 1015 1301 1367 
1 249 280 284 347 496 575 679 824 962 1178 1269 1282 1407 
168 300 375 945 978 1043 1332 1357 
118 276 457 691 710 779 786 827 883 914 1041 1104 1122 1324 1345 
171 211 292 491 556 584 838 882 923 942 1011 1035 1203 1214 1241 1331 
440 628 731 784 801 1005 1125 1153 1231 
12 106 134 203 573 898 901 931 971 1246 1360 1402 
48 118 476 560 1200 1392 
42 162 854 1053 1220 
327 400 1022 1074 1137 1239 
106 618 661 710 849 913 1073 1078 1129 1186 
20 22 317 448 452 467 687 784 978 1120 
47 81 522 606 608 656 664 1033 
60 231 255 285 364 526 546 551 640 689 
167 195 334 902 973 1039 1361 
14 253 383 458 500 555 590 671 830 976 997 1082 1214 
238 254 409 592 665 769 856 920 922 994 1103 1349 
82 346 393 471 631 712 771 833 852 854 903 961 1067 1256 1429 
75 80 400 476 648 822 847 898 940 1069 1076 1255 1306 
34 365 407 556 710 830 836 968 982 983 1026 1109 1284 
87 262 273 762 784 832 850 866 894 976 1163 1194 
156 442 495 741 863 1144 1208 1251 1289 1372 1384 
402 543 544 650 779 1052 1093 1103 1290 
545 797 813 
64 115 125 266 534 651 861 865 881 889 928 1238 1269 1304 
535 568 631 722 865 897 1081 1180 1205 1259 1286 1353 
23 130 222 433 455 547 763 889 944 1041 1151 1193 
26 76 208 370 535 751 756 835 1008 1113 1194 1234 1436 
254 266 614 672 842 917 1097 1155 1163 1318 1418 
89 117 152 201 244 383 443 476 711 781 922 977 1205 
115 477 503 792 866 979 1087 1145 1168 1195 1326 1363 
29 493 707 862 1086 1240 1274 1366 1433 
322 381 384 439 696 718 977 1079 1163 1233 1259 1332 1365 1384 1432 
87 389 838 930 1117 1380 
138 575 596 640 676 686 730 755 1104 1247 1320 1394 
299 322 362 520 657 665 678 772 828 843 1032 1047 1200 1428 
16 68 111 592 788 901 1018 1037 1304 
18 348 442 718 729 793 990 
121 298 512 539 627 684 724 878 1197 1344 
