1451 8423
144 438 626 634 693 757 790 964 988 1040 1097 1199 1202 1335 1353 1383 
64 126 199 265 479 500 619 691 706 772 1006 1082 1163 1245 
274 366 367 737 841 1043 1111 1212 1226 
82 85 112 155 224 496 633 841 926 1004 1227 1235 1243 1299 1381 
30 53 172 562 591 740 824 835 1083 1237 1377 
218 256 351 448 609 640 779 795 831 972 994 1112 1133 1160 1179 1184 1206 1345 
17 277 622 785 1306 1337 1418 
13 232 701 729 730 856 864 1050 1083 1344 1377 1390 
37 93 116 190 748 977 1174 1389 1433 
63 87 431 547 724 774 793 931 977 1127 1173 1240 1375 
158 434 447 513 769 1015 1159 1250 1269 1333 
18 105 271 466 496 597 789 895 1153 1162 1303 1314 1342 1436 
8 98 194 373 398 728 746 763 778 958 984 1029 1080 1181 1191 1395 1422 
73 119 215 417 535 560 597 800 1105 1262 1383 1401 
106 136 176 178 305 324 333 453 475 496 575 670 736 884 985 1209 1214 1277 1392 1402 
175 398 567 773 785 853 1014 1021 1216 1385 
7 76 183 294 297 343 712 828 836 878 904 992 1031 
12 192 299 339 431 483 518 563 782 791 893 913 1033 1161 1214 
190 200 231 275 276 300 385 402 613 844 935 953 1022 1043 1101 1144 1158 1187 1272 1280 1284 1298 1336 
49 170 200 210 410 424 658 673 974 1218 1254 1265 
37 129 186 223 298 530 562 670 775 831 913 962 1163 1325 1339 1424 
231 294 314 593 663 833 1110 1114 1365 1366 1378 1403 1406 
28 512 544 576 619 637 775 948 1314 
250 301 404 632 999 1215 1262 
89 142 314 431 478 479 606 649 746 836 859 896 1255 
81 192 433 696 846 849 995 1213 1310 1380 
122 193 260 277 349 536 622 691 717 864 1010 1069 1082 1110 1111 1128 1153 1257 
23 34 63 240 628 770 800 876 1013 1045 1181 1224 1343 1387 
30 203 208 252 287 333 463 570 893 971 
5 29 147 382 386 764 808 1288 1368 
50 452 569 966 1068 1198 
55 148 192 298 398 496 578 694 841 922 938 1290 1356 
387 395 453 468 580 756 763 1247 1370 1427 
28 37 121 185 234 238 429 629 664 842 858 975 1098 
248 360 464 533 639 1082 1211 
183 235 245 311 393 664 673 743 813 911 1024 1232 1274 1318 
9 21 34 170 243 466 851 1035 1082 1239 1315 
342 418 706 788 1093 
147 246 303 370 558 627 657 1075 1096 1124 1198 1358 
84 362 421 473 579 714 989 1023 1423 
65 214 455 506 553 570 885 983 1220 
252 638 653 749 763 838 982 1335 
143 183 373 588 649 772 880 1051 1095 1274 1374 1391 
169 171 344 374 716 854 965 1217 1344 
362 363 384 427 500 842 1186 
108 286 333 630 816 882 1327 
175 330 333 341 437 677 764 1101 1238 1241 1443 
109 408 439 448 557 929 1042 1305 1381 1414 
20 62 169 218 308 503 518 587 621 666 1137 1171 1209 1217 1287 
31 97 197 301 371 552 601 611 697 784 1051 1101 1164 1333 1373 1394 
232 271 335 369 452 646 879 961 1196 1300 
192 214 229 472 523 566 760 851 970 1066 1103 1358 1415 
5 94 185 266 326 333 444 478 532 740 794 882 925 955 1004 1213 1439 
147 324 406 576 626 668 684 718 764 1121 1188 1207 1388 
32 223 627 1371 
110 191 193 397 447 541 610 899 952 967 1209 1293 1295 
146 508 664 744 760 951 1114 1162 1302 1362 1451 
175 212 375 450 724 757 1308 1379 1400 1421 1427 
104 149 517 653 978 1132 1140 1387 1407 
208 211 430 779 1177 1310 1421 
249 264 643 671 722 814 984 1065 1200 
49 109 125 401 512 599 694 876 878 941 1096 1440 
10 28 73 160 210 211 260 267 278 471 518 548 603 690 820 927 1045 1068 1278 
2 303 369 490 731 971 1037 1049 1106 1147 1179 1196 1202 1256 1397 1444 
41 170 190 297 337 426 439 568 617 664 883 958 1083 1141 1159 1225 1247 
81 127 305 480 581 662 783 795 915 928 986 1089 1121 1322 1396 1445 
148 857 918 940 1243 1264 1283 
207 307 308 514 619 664 1071 1239 1247 1289 1316 
176 266 274 394 468 490 644 723 748 807 907 1286 
93 373 390 459 627 645 721 831 957 1082 1252 
82 191 280 644 870 890 
425 429 671 801 933 964 971 1117 1122 1259 1337 1382 
14 63 74 236 356 418 631 677 764 810 873 919 1149 1227 1256 1316 1445 
73 97 231 276 486 570 969 1012 1318 1377 1425 
92 386 388 445 469 615 809 864 1021 1297 1431 
17 93 175 342 425 482 543 572 612 768 771 849 1078 1104 1214 
84 118 131 187 195 252 668 948 1081 1119 1140 1244 1257 
96 177 219 667 690 725 868 1140 1325 1349 
294 336 570 844 1132 1199 1201 1321 
276 310 349 658 820 858 1040 1121 1270 1311 1345 
26 66 171 239 250 703 789 936 1019 1059 1155 1359 1391 1429 
4 71 143 422 479 674 915 929 1013 1165 1295 1403 
136 142 264 417 724 740 854 937 956 1117 1276 1333 1411 1426 1446 
40 77 115 150 187 289 383 599 713 963 
4 412 524 674 817 1051 1060 1078 1137 1142 1437 
204 251 640 797 912 921 1044 1442 
10 195 276 493 551 654 660 1057 1065 1259 1336 
132 232 295 300 401 458 553 571 577 875 912 1033 1135 1303 
25 153 160 596 605 705 707 805 957 1426 1447 
338 531 539 544 631 692 698 1023 1169 
263 319 400 515 558 679 692 788 808 1106 1301 1322 1418 
75 152 295 296 310 602 822 848 871 877 1089 1190 
9 70 76 301 333 340 357 394 422 423 551 1055 1104 1212 1256 1410 1426 
53 122 138 174 408 690 914 918 1192 1345 
122 306 334 417 462 534 692 708 723 865 1107 1226 1262 1311 
78 312 546 675 685 770 1317 1335 
50 74 147 161 252 278 304 368 524 573 964 984 1070 1081 1167 1267 1417 
13 241 265 298 304 402 418 586 1211 1255 
106 156 386 535 860 1269 1316 
136 298 638 672 749 830 1183 1232 
496 527 575 657 754 890 934 1012 1013 1040 1047 1174 1226 1415 
288 843 859 1006 1061 1197 1236 1376 
247 271 277 784 897 945 1075 1144 1158 1316 1422 
59 559 816 819 914 915 980 1110 1242 1380 1413 
12 134 355 477 493 600 635 718 791 864 991 1067 1209 1234 1275 1391 
15 99 161 208 213 216 230 284 346 491 648 679 705 812 843 963 1051 1191 1235 1294 
115 126 248 266 387 1228 1239 1242 1426 
46 182 278 279 381 663 1075 1112 1228 1276 
48 62 256 464 485 796 800 967 1299 1300 
56 167 455 484 517 628 718 962 1018 1030 1076 1275 1339 
116 180 219 388 403 673 701 957 1030 1237 1291 1317 
4 345 376 408 417 511 536 584 591 660 1015 1021 1080 1165 1296 1370 1427 
128 392 693 721 727 760 1031 1059 1082 1192 1205 1348 
298 662 684 895 1111 
84 107 174 462 546 562 740 815 846 859 951 971 1008 1136 1172 1291 1308 1449 
9 111 378 492 723 746 785 896 959 997 1007 1061 1118 1175 1249 1280 
168 273 412 543 887 1229 1274 1354 1451 
77 248 285 390 432 514 542 595 664 801 844 862 899 1195 1316 1379 
14 173 233 339 372 477 600 742 902 936 1085 1121 1266 
235 495 557 573 628 660 1204 1208 1288 1406 
34 227 288 411 764 1142 1340 
27 94 95 288 342 595 914 961 983 986 1227 1432 
234 291 652 686 690 852 918 944 1010 1144 1185 1410 
134 153 209 255 435 612 707 713 781 991 1088 1115 1428 
62 358 789 893 1173 1370 1431 
2 107 158 326 418 446 515 538 566 782 927 954 961 1083 1113 1139 1237 
66 324 356 482 764 816 850 1066 1430 
113 203 232 327 534 558 860 1112 1175 
21 147 292 409 416 1012 1174 1188 1189 1250 1325 1366 
373 551 709 752 775 868 925 940 954 1019 1043 1176 
77 306 406 584 613 706 982 1242 1287 
88 306 597 639 722 902 1030 1403 
243 267 282 719 1056 1275 1360 
105 124 338 372 384 427 636 662 691 822 833 1373 
205 338 493 536 681 1095 1185 1265 1443 
15 83 100 259 280 685 712 808 880 911 959 960 1111 1150 1217 1302 
149 249 457 684 753 1076 1264 1407 
94 230 521 617 667 845 938 977 1217 
155 178 361 515 569 596 751 800 821 887 891 916 1017 1195 1227 1248 1267 1333 1334 1395 
190 579 611 875 907 1080 1264 1293 
231 232 235 259 559 717 798 889 937 979 1086 1134 1189 1237 1266 1270 1443 
25 83 286 494 1055 1176 1203 1275 1284 1335 
43 82 283 435 646 655 811 948 1095 1122 1345 1349 
1 181 341 496 596 621 660 679 836 1148 
238 307 314 549 629 732 815 963 1067 1119 1187 1430 
57 166 314 316 416 593 740 819 1036 1083 1107 1163 1168 1310 1334 1416 
30 39 54 97 129 250 268 394 600 613 749 863 973 1067 1196 1432 
32 67 242 273 393 519 940 965 1028 
59 137 386 557 655 706 742 1210 1442 
84 311 396 541 554 668 674 679 873 1049 1128 1133 1167 1181 1371 
1116 1154 1427 
92 163 283 397 543 686 743 816 943 951 964 1090 1341 
89 124 173 269 292 344 377 385 423 817 846 920 964 1172 1285 1372 
163 354 458 460 481 618 797 889 894 950 1023 1033 1102 1181 1375 1402 1436 
4 139 187 210 220 310 319 563 652 877 917 1005 1064 1212 1225 1331 1339 1341 1406 
99 189 224 282 365 520 806 898 1168 1237 1270 1392 
239 246 262 575 838 862 995 1013 1038 1248 1435 
11 126 239 505 511 807 952 966 1106 1288 
222 437 603 1072 1174 1378 1417 1450 
63 89 165 255 381 441 442 712 757 864 957 1192 1249 1256 1275 1444 
97 106 280 287 507 518 533 544 636 684 688 876 946 1038 1129 
202 233 337 494 524 567 584 729 851 1152 1218 1236 
152 154 194 285 316 410 779 852 855 898 994 1036 1427 
247 436 496 549 649 662 777 845 1107 1390 1408 
160 293 353 389 464 542 570 584 599 664 684 1073 1097 1246 1437 
146 454 910 1134 1176 1236 1307 1324 
110 169 211 288 298 588 716 885 1010 1292 
117 198 362 368 490 530 547 603 858 919 995 1164 1205 1278 1329 1413 1448 
44 49 167 316 433 697 797 831 939 1021 1143 1237 1392 
20 37 65 263 311 423 560 602 909 969 1115 1157 1202 
44 81 274 295 320 358 372 557 879 1067 1071 1078 1297 1422 
5 175 247 644 674 757 827 881 898 1097 1348 1408 1428 
119 153 265 279 559 592 652 789 906 923 964 979 980 1176 1369 1420 
94 115 307 620 676 946 963 1118 1224 
16 47 58 76 172 560 603 662 733 739 764 883 896 1221 1449 
15 69 484 649 687 774 852 853 1009 1012 1045 1135 1198 1212 1241 
78 436 612 619 633 1047 1052 
15 139 392 453 911 919 992 1001 1179 1229 1242 1388 
191 517 531 660 921 1003 1098 1363 1383 
111 289 322 403 441 467 664 726 758 798 809 895 1069 1093 
144 350 390 393 404 629 684 1045 1202 1398 
108 378 401 596 739 790 874 1127 1224 1297 
17 36 43 272 445 506 745 915 999 1167 
219 445 491 578 692 706 999 1024 1323 1348 
34 53 434 526 650 718 1071 1125 1313 1426 1445 
21 190 191 201 214 389 427 840 
77 84 155 214 1317 1340 1361 
460 490 558 710 739 744 880 1064 1116 1233 1379 
156 289 495 507 585 590 606 763 855 1026 1043 
9 19 65 140 186 231 293 431 538 753 966 1091 
56 71 179 186 201 212 255 351 500 564 703 950 975 1217 1313 1372 
18 26 32 52 301 351 427 513 697 753 766 871 1232 1272 1293 1325 1329 1389 1400 
27 56 318 525 541 582 745 819 902 1054 1103 1276 1295 1436 
13 163 260 330 373 436 586 779 788 846 933 1052 1093 1140 1257 1308 1350 1351 
77 87 247 311 370 536 538 599 676 711 712 
511 542 650 680 821 827 1189 1326 1369 
50 214 267 375 387 434 551 811 993 1080 1192 1306 1449 
168 850 908 965 1179 1289 
2 420 435 516 518 1121 1228 1344 
19 20 268 394 556 758 860 1245 1376 
186 191 294 354 374 429 634 702 943 945 1167 
162 216 369 430 787 792 1052 1108 1133 1188 1417 
29 128 250 341 916 1068 1097 1322 
86 336 747 930 980 1066 1083 1369 
135 332 365 488 631 713 766 779 936 1329 
281 341 344 419 470 616 623 934 1373 1438 
68 285 732 768 833 897 919 1036 1077 1194 1255 1257 1314 1359 1441 
29 60 106 475 539 686 774 815 832 1117 1172 1185 1298 1304 1318 1415 1420 
124 300 324 401 428 573 602 741 750 866 932 1008 1082 1129 1145 1293 1310 1345 1347 1372 
20 63 155 747 804 855 1036 1178 1379 1389 
60 63 167 409 425 595 822 948 961 1067 1293 
58 191 591 670 678 840 1130 1411 
106 231 258 264 267 271 316 529 563 639 720 749 1022 1029 1045 1126 1187 1227 1342 1375 1416 1427 
41 52 186 187 197 408 488 632 670 678 776 818 885 1080 1097 1249 1257 1342 
14 253 416 772 938 983 1236 1356 1420 
106 202 345 351 362 625 700 1032 1095 1198 1315 1353 1374 
591 1045 1068 1171 
6 49 560 604 729 737 762 809 821 950 1119 1130 1242 
78 111 184 347 379 466 474 834 918 946 1093 1157 1188 
155 256 395 415 450 562 699 748 888 930 1015 1149 1296 1312 1379 
310 394 406 502 543 770 790 1190 
159 283 363 366 391 597 663 721 805 867 870 945 964 1202 1351 1383 
21 55 393 399 400 485 830 864 1275 1296 1451 
4 156 332 477 535 632 785 942 1123 
553 653 679 693 841 1109 1117 1168 
402 510 532 904 1358 
121 262 565 676 888 1012 1078 1214 1284 1322 1339 
398 423 533 589 743 852 1061 1134 1233 1247 
52 247 286 295 333 338 479 578 921 977 1019 1133 1163 1232 1336 1348 1398 1407 1451 
106 138 231 232 247 264 303 745 873 924 926 1010 1057 1354 1379 
19 22 74 141 190 213 230 453 542 775 789 865 979 1038 1124 1280 
8 51 88 128 141 230 476 646 797 853 1094 
119 162 257 719 730 913 1205 
34 123 394 486 641 824 850 851 1024 
36 120 141 341 402 607 614 637 773 990 1313 1320 
73 267 301 457 551 629 697 719 748 831 848 1141 1171 1385 1405 1443 
344 438 445 558 624 632 634 754 810 848 1110 1156 1220 
34 145 245 316 341 342 388 492 580 741 779 870 930 968 990 1085 1094 1186 1248 1254 
81 157 158 527 570 632 686 732 800 853 991 1187 
28 453 544 691 913 1003 1194 
98 524 563 773 829 874 899 
148 248 254 296 523 576 600 940 1080 1264 
37 133 272 355 378 435 504 620 624 654 764 820 1003 1174 1190 1202 1304 
273 275 301 341 424 569 606 1035 1296 1301 1396 1411 
36 238 378 404 504 609 898 1101 1178 1391 1403 1409 
39 157 290 401 540 570 609 618 678 722 792 838 1135 1149 1234 
103 164 172 195 229 230 262 413 495 511 626 840 903 916 1129 1208 1237 1426 
35 107 118 242 296 336 451 609 641 1001 1031 1122 1198 1347 1397 
61 137 313 337 388 412 525 575 820 1391 1413 1423 
24 81 147 203 1192 1257 1328 1374 
86 382 491 665 824 1086 1201 1246 1287 1402 1415 
29 42 77 97 347 420 455 796 807 915 1012 1084 1097 1101 1262 1302 1352 1364 1425 1430 
215 378 556 586 657 835 875 1147 1322 
242 273 450 489 738 854 1124 1200 1244 1249 1252 
124 160 191 279 336 619 890 916 1107 1266 1361 1368 1421 
6 109 220 291 335 474 510 583 824 926 939 976 1155 
233 276 301 497 556 592 674 751 797 808 816 1056 1350 
213 265 487 549 851 925 1146 
136 141 356 394 416 533 734 1032 1244 1305 1404 
27 63 194 310 515 528 573 775 785 844 1297 
309 310 340 551 634 779 785 842 941 979 1023 1107 1200 1290 1426 
157 227 247 286 368 416 899 1333 1354 1372 1438 
91 170 355 388 392 534 543 759 898 1184 1340 
61 83 213 230 285 471 473 533 550 610 675 864 
2 98 173 258 396 425 430 652 662 744 836 943 964 1001 1437 
53 69 107 366 373 475 479 1132 1306 1350 
63 133 197 213 236 315 696 974 1025 1039 1078 1286 1377 
147 200 344 406 758 759 846 1019 1098 1100 1137 1162 1361 1365 1390 
153 507 521 705 893 925 1079 1250 1284 
588 617 624 997 1062 1104 1118 1281 1369 
12 51 103 213 306 725 850 960 998 1072 1265 1384 1447 
183 243 356 470 678 777 970 1031 1051 1069 1269 1355 1444 
117 148 244 254 311 419 533 550 591 824 923 1026 1036 1145 1233 1255 1309 1373 1422 
3 69 171 558 637 804 1011 1178 1260 1422 
19 244 324 494 702 773 885 939 1015 1044 1058 1101 1283 1284 1288 1313 1387 
19 74 80 87 257 535 575 587 590 649 828 1107 
7 27 103 278 299 404 567 648 736 743 829 1140 1327 1340 1344 
63 97 108 277 496 510 699 786 1008 1016 1209 1236 
108 173 255 285 296 313 374 436 563 689 702 704 745 766 1012 1174 1231 1241 1285 1288 1381 
71 136 161 362 458 629 706 778 1225 1320 1368 
206 456 623 669 917 1102 1105 1372 1424 
133 156 577 585 637 723 791 809 
143 152 222 316 396 445 598 641 651 751 944 1265 1367 1428 
106 361 445 502 506 575 576 716 749 763 1057 1332 
118 163 207 264 279 383 405 736 824 913 981 1016 1083 1380 1448 
46 142 229 262 391 758 801 1025 1074 1154 1175 1199 1219 1409 
29 161 398 979 1112 1229 1239 
102 121 122 167 548 626 659 727 818 1085 1098 1111 
84 180 189 674 820 880 1082 1089 1392 1449 
246 408 419 512 755 1039 1395 
123 256 462 534 725 827 854 963 1026 1050 1160 
129 153 391 781 805 938 1118 1283 
165 190 313 479 1072 1152 1196 1325 1376 
17 22 79 201 566 743 941 1026 1240 1370 
88 92 171 229 540 596 654 856 1167 1168 1354 
92 242 248 279 339 375 418 460 541 596 729 830 1133 1311 
17 65 423 494 560 850 901 1073 1151 1387 1423 
21 32 98 100 114 167 368 563 700 777 858 982 996 1101 1327 
18 277 333 519 544 691 820 1092 1184 1186 
19 88 209 428 589 682 693 723 830 858 929 995 1134 1163 1227 1316 
24 50 93 192 236 244 257 378 379 421 472 517 552 901 1174 1350 
462 530 584 636 642 645 793 969 971 1181 1402 
39 64 230 381 424 533 691 854 867 974 976 995 1007 1151 
97 98 328 355 551 1060 1112 1365 
15 66 371 617 1155 1203 1226 1276 1312 1377 
95 131 132 271 360 418 851 876 1055 1213 1328 1350 
68 145 174 315 331 378 564 572 724 944 1054 1213 1343 
49 68 406 616 637 843 855 1147 
261 314 403 469 626 641 681 849 966 1045 1067 1085 1133 1342 1402 
80 92 155 221 260 261 337 380 834 865 999 1101 1141 1193 1248 
36 150 170 195 273 493 522 781 836 1151 1245 1329 1440 
96 733 925 1009 1076 1087 1116 1286 1301 1383 1407 1434 
249 279 293 539 565 608 638 1089 1371 
22 25 145 146 309 374 521 610 757 783 947 1331 1348 
267 307 445 454 559 633 1394 1416 
146 163 169 213 238 283 362 547 687 695 785 1033 1147 1163 1183 1376 1384 
336 511 555 559 567 663 733 830 899 1021 1047 1078 1188 1231 1328 
193 359 368 402 417 615 762 852 925 953 981 1127 1134 1444 
91 155 385 397 513 957 991 1110 1250 1274 1389 
171 697 831 1032 1047 1228 1378 
396 444 787 804 949 1235 1299 
180 542 566 696 859 916 937 1159 1301 1319 
328 332 483 683 741 805 877 1128 1162 1202 1285 1392 
15 54 127 209 275 487 521 955 1001 1094 1321 
356 520 670 795 843 846 913 933 1038 
53 126 603 902 1068 1177 1236 
128 474 586 678 795 965 1044 1107 1116 1361 1388 
304 323 329 338 512 564 585 641 677 756 765 925 937 968 1025 1189 
328 377 481 684 714 747 816 935 1091 1204 1240 
47 194 359 412 479 562 1167 1374 1390 1404 1429 
307 382 931 1155 1199 1426 
205 224 323 336 394 795 870 983 1209 1265 1410 
15 29 46 47 53 93 229 299 511 676 1002 1159 1395 
95 418 456 649 761 804 809 820 863 873 1035 1080 1258 1287 1293 1319 1336 1412 
51 256 434 503 572 740 755 855 930 979 1007 1435 
79 204 248 255 317 332 391 922 1062 1160 1300 1339 1368 1382 
65 162 249 310 627 667 694 749 777 831 894 934 1018 1020 
90 134 135 229 328 405 838 926 931 938 1208 
18 119 296 355 489 721 1133 1227 1310 1319 1377 
93 261 363 398 428 469 587 620 853 941 946 1289 
47 144 203 206 235 238 244 354 425 718 746 1078 1130 1222 1251 1316 1428 
38 76 122 238 389 418 463 491 595 692 951 1071 1298 1360 
17 380 401 467 734 787 1020 1123 1209 1288 1316 1360 
44 153 206 237 268 417 424 443 597 1014 1051 1076 1151 1428 
112 216 353 393 418 445 450 541 1001 1357 1413 1435 1442 
106 352 367 383 388 561 675 767 798 1238 1248 1356 1429 
219 252 634 1271 1427 
925 971 1005 1097 1188 1397 
27 80 367 790 817 986 1183 1308 
181 358 439 527 793 850 912 1049 1131 1151 1154 1230 1298 1385 1429 
6 191 192 216 532 945 1130 1263 1407 
346 704 866 1189 1202 1207 
165 345 392 532 660 669 1020 1022 1408 
154 201 341 536 816 970 
105 243 263 304 339 470 510 551 871 1009 1026 1036 1313 1344 1395 
73 127 259 272 325 358 417 452 473 510 541 566 593 679 763 1029 1034 1091 1309 1310 
93 472 614 668 899 965 1042 1111 1254 1275 1315 1322 1353 
125 171 350 356 727 1055 1284 
318 330 573 893 982 1222 1251 1304 1328 
35 306 527 739 749 947 958 1055 
139 284 433 534 685 770 806 818 971 1029 1125 1179 1225 1262 1306 
40 45 168 216 280 316 382 404 481 529 536 692 818 915 1023 1281 1342 1359 1383 1386 1429 
45 222 340 433 497 576 597 841 869 
479 488 634 701 705 752 811 876 921 1315 1368 1396 
156 205 931 1080 1090 1134 1255 
3 222 266 552 563 697 723 955 1044 1218 1445 
3 346 349 377 379 424 551 636 731 967 1010 1082 1116 1133 1168 1190 
97 168 262 298 318 469 481 617 859 867 941 1098 1188 1244 1253 1270 1433 
51 64 202 405 478 491 602 613 701 723 892 1005 1032 1052 
39 195 399 505 589 596 787 791 807 821 934 1041 1106 1114 1137 1147 1156 1188 1294 
50 305 515 805 813 831 832 994 1028 1146 1341 
119 134 171 415 468 550 582 696 763 824 923 1040 1389 
13 43 70 130 194 266 597 1096 1130 1169 
44 201 279 314 482 661 838 1004 1322 1416 1436 
58 197 296 541 966 1105 1167 1300 1419 
112 552 679 930 955 1130 1159 1239 1274 
153 329 367 456 843 990 1268 1286 
116 182 243 245 253 301 307 424 563 644 927 1254 1386 1400 
219 301 367 566 600 603 715 865 1137 
310 343 396 439 446 548 619 991 1005 1148 1377 
108 160 303 528 575 889 902 911 1071 1078 1183 1362 1375 
30 251 331 362 494 820 872 895 964 1150 1164 
84 285 346 408 629 640 733 802 821 829 948 963 1395 
45 134 447 460 515 530 709 773 780 922 1017 1095 1109 1210 1218 1288 1370 1433 
19 153 319 448 508 651 736 1075 1141 1233 1324 1359 
30 75 99 149 503 544 657 756 926 1021 1052 1139 1201 1379 1415 
33 107 197 399 538 619 643 778 804 833 861 1012 1037 1282 1309 1356 1411 
75 111 238 249 263 346 393 737 844 870 1019 1196 1214 1270 1318 1341 1398 
165 186 342 406 992 1160 
70 118 181 410 438 485 500 598 603 953 1272 1388 
222 286 292 336 445 459 525 682 1232 1240 1366 1368 
113 178 263 353 855 934 1045 1064 1122 
36 148 181 223 345 388 410 619 714 1170 1329 
69 93 147 200 221 234 259 332 533 650 705 838 871 885 956 1016 1051 1063 1176 
33 220 522 577 737 753 875 901 924 1014 1198 1211 1257 1330 1334 1395 
150 265 283 321 380 401 403 467 477 593 717 770 774 962 1097 1159 1362 
56 152 319 790 1141 1274 1333 1340 
13 16 32 228 287 340 514 526 736 1029 1181 1202 1207 1335 1350 1364 1407 
223 370 387 436 486 603 739 837 906 936 972 1101 1272 1373 
91 223 596 728 925 978 1238 1247 1324 1342 1415 
62 88 182 209 246 343 396 566 683 772 888 1093 
19 98 226 235 318 463 510 606 612 628 671 781 1050 1117 1300 1388 1445 
111 180 309 396 470 676 736 749 1025 1068 1203 1269 
24 181 245 277 362 627 722 809 908 961 965 1122 1224 1297 1314 1367 1428 
285 338 369 466 527 530 659 747 1020 1023 1203 1224 1435 
54 131 221 268 308 389 490 606 635 795 854 861 1077 1206 1316 1332 1366 
718 1014 1029 1197 1259 1268 
48 94 112 214 290 383 487 604 799 888 1039 1091 1297 1418 
129 211 475 668 964 1091 1365 
20 163 390 393 428 572 616 634 677 810 818 914 929 956 1156 1190 1205 1371 
121 557 564 581 604 671 950 
85 117 249 330 489 518 550 582 834 1003 1133 1285 1447 
247 546 686 754 759 1380 
437 563 703 775 830 1164 1293 1423 
220 372 427 553 797 932 947 1246 1294 1307 1448 
129 146 215 259 262 567 667 835 883 933 1265 1270 1304 1393 
14 83 95 112 318 344 356 615 686 1195 
38 73 98 126 296 306 334 342 345 447 451 488 624 848 876 897 1009 1266 
206 273 290 550 688 786 1170 1234 
199 252 455 682 694 839 1091 1113 1132 1161 1222 1267 1277 1406 
40 301 651 1151 1271 
82 93 684 716 912 
93 153 170 228 297 509 831 1064 1320 
20 244 303 344 367 378 641 686 751 934 1099 1149 1155 1300 1309 
72 76 211 265 341 628 639 846 906 1101 1267 1331 1342 1384 1431 
65 437 692 726 822 840 950 1033 1036 1130 1314 1337 1413 
45 134 186 192 415 522 632 665 691 806 989 1122 
209 300 340 410 476 485 567 932 971 1248 1307 
34 72 201 509 634 762 1001 1074 1146 1229 
60 202 265 456 562 773 815 879 921 1080 1194 1229 1299 1314 1407 
10 18 25 190 451 579 587 894 1083 1271 1334 1374 
118 638 959 1061 1065 1084 1311 1395 1446 
26 169 361 363 665 753 856 915 924 984 1002 1077 1269 
11 185 197 335 616 656 944 1257 1276 1323 1370 1448 
124 143 199 243 1309 
164 177 194 279 399 544 856 863 864 899 1097 
47 159 414 426 489 531 666 839 897 1197 1203 1229 1242 1286 
1 237 390 504 879 1009 1039 1281 1299 
48 65 350 380 725 802 981 987 1012 1182 1353 1411 
694 779 848 905 1015 1099 1304 1356 1405 
160 180 558 871 944 957 1137 1141 1152 1259 1301 
160 672 684 756 871 1115 1302 1414 
344 1146 1225 
53 321 468 551 628 788 880 1280 
75 183 184 237 283 284 315 345 391 476 682 712 871 902 
126 380 588 811 1022 1081 1212 1293 1346 1425 
11 56 384 418 455 549 573 611 769 853 1015 1441 
6 48 385 533 537 624 716 717 955 1229 1234 1357 1421 
718 782 979 1085 1094 1107 1357 
58 220 254 345 921 1048 1099 1153 1193 1348 1380 1402 
248 418 431 844 1037 1064 1146 1172 1203 1265 1349 1442 
31 51 356 498 589 712 846 1166 1193 1271 1419 1446 
15 33 178 231 240 555 648 723 1029 1117 1173 1275 
166 315 638 683 826 876 991 998 
41 110 252 420 447 552 617 887 1087 1126 1193 
281 334 377 430 466 647 763 849 984 1011 1099 1129 1151 1189 
137 236 484 495 661 697 970 973 1010 1027 1148 1331 1345 
88 154 280 1068 1072 1191 1431 
70 391 491 579 616 655 743 928 937 1195 
154 188 296 384 551 602 615 687 754 1104 1171 1253 1433 
567 794 902 999 1030 1138 1255 
95 115 291 302 581 626 640 776 852 1065 1075 1256 1271 1404 
29 342 402 668 760 850 1046 1050 1356 1432 
35 109 165 545 631 727 771 1032 1036 1096 1269 1275 1280 1325 1393 
610 732 876 877 973 1080 1122 1143 1166 1238 1323 1399 
12 37 219 405 456 484 845 
180 343 396 583 789 955 1134 
33 69 372 444 471 493 665 708 1164 1184 1187 1298 1342 1373 
75 309 340 368 555 780 807 911 1026 1057 1188 
206 272 355 403 669 1112 1315 1340 1418 1424 
63 264 468 501 609 664 737 758 836 867 1013 1401 
52 301 357 612 728 888 1036 1039 1250 1385 
40 264 356 725 800 836 963 1104 1216 1233 
219 256 327 478 555 589 774 1063 1077 1246 1336 
15 208 266 409 501 607 698 701 742 957 979 989 1002 1079 1171 
232 428 445 533 605 629 652 820 942 1213 1318 
105 119 224 396 642 776 904 1155 1229 1257 1399 
25 53 369 474 601 648 715 757 935 991 1055 1077 1136 1328 
2 25 82 229 266 293 330 364 491 535 1334 1393 
66 558 653 843 881 1044 1149 1166 1379 
154 329 362 368 487 1168 
76 127 374 538 703 732 1208 
18 323 537 614 832 959 1183 1218 1229 1345 1428 1438 
110 176 457 466 596 639 643 720 848 858 1049 1155 1196 
109 223 390 428 502 825 916 953 964 1225 1371 1438 
74 234 399 631 1088 1141 1232 1350 
258 324 408 481 658 677 681 866 1133 1284 1311 1317 1447 
205 214 364 418 756 1049 1386 
254 339 412 437 624 633 685 862 934 974 1032 1056 1145 1188 1314 1417 
64 69 168 188 406 501 512 538 738 883 909 1447 
106 184 251 342 369 459 479 608 968 1069 1131 1283 1380 
116 238 577 623 672 803 834 1019 1391 
87 105 135 311 468 636 647 726 735 848 855 862 927 1124 1140 
142 162 275 297 382 511 550 1137 1331 1388 1405 
120 189 247 457 608 933 953 1026 1358 
4 12 15 32 101 144 164 278 622 652 659 775 1017 1165 1235 
257 363 645 881 1006 1199 1303 1391 1400 
452 551 567 723 750 931 1220 
630 905 1307 
2 45 191 390 1079 1194 1299 
471 475 490 535 675 804 872 921 1027 1125 1261 1392 
221 284 485 703 884 1168 1198 1211 1257 
49 335 386 519 577 673 689 979 1169 1378 
243 245 438 727 1020 1151 1184 1441 
158 370 603 781 897 906 1038 1140 1254 1428 1441 
41 183 284 737 774 863 1034 1118 1142 1358 1436 
161 189 269 680 759 835 847 887 892 922 945 1033 1338 
57 385 584 819 1115 1238 1258 1263 1300 1334 
423 429 535 650 671 696 807 808 961 975 1001 1292 1383 
226 256 278 355 356 402 521 836 892 902 974 1164 1236 1297 1350 
112 158 196 247 317 333 494 517 523 597 636 839 1034 1201 1222 1266 1337 
23 62 290 328 490 743 835 843 915 1095 1169 1179 1335 1373 
11 192 319 1053 1179 1187 1292 1310 
68 118 398 724 820 939 1066 1073 1425 
91 126 139 260 371 384 817 831 914 1118 1211 1305 1340 
199 537 608 680 692 902 1001 1379 1447 1450 
59 110 179 301 511 541 547 732 799 1061 1135 1419 
18 49 63 161 199 412 558 631 879 917 1046 1432 
148 299 503 614 628 664 777 824 889 1449 1450 
156 325 810 888 1065 1335 1341 1447 
138 269 314 324 510 581 680 726 768 839 1136 1218 
311 395 427 588 605 680 819 1116 1218 1272 1444 
52 242 511 776 1070 1095 1096 1110 
85 97 162 241 688 690 800 1160 1396 
193 249 391 655 688 724 830 972 1076 1152 1177 1210 1423 
185 398 565 726 911 1187 1212 1407 1429 
101 239 350 360 405 621 673 720 1086 1237 1246 1438 1440 
260 381 609 617 832 867 896 944 1207 1237 1304 1312 
213 362 597 617 703 729 791 974 992 1062 1125 1207 1225 1278 1351 1377 
21 168 302 384 405 660 696 704 813 843 924 949 1004 1114 1230 1399 
90 179 437 666 704 1002 1042 1120 1391 
53 226 351 353 563 658 761 875 1092 1143 1228 1358 1417 1434 
35 161 228 259 264 273 303 394 448 476 742 1031 1302 
95 128 263 291 361 674 709 973 1031 1079 1161 1195 1241 1262 1317 1345 1443 
14 99 224 276 479 501 509 658 701 761 830 858 884 1063 1069 1087 1109 1443 
27 112 135 195 354 362 548 588 593 786 832 957 959 1295 1357 
448 483 516 755 829 1044 1065 1197 1413 
126 190 195 387 482 490 556 744 755 971 1366 1393 
90 208 313 580 627 648 917 923 928 971 979 1170 1272 1331 
246 295 858 957 1048 1083 1192 1203 1330 1362 1363 1397 
56 150 193 296 345 356 375 517 597 663 673 836 966 1320 1438 
118 165 196 231 322 554 585 618 863 935 1073 1375 1388 
76 117 152 221 263 623 682 761 866 1046 1437 
23 90 161 240 299 386 436 668 680 1343 1417 
464 620 668 673 841 1197 1260 1332 1366 1372 
96 115 413 578 642 848 999 1086 1165 1183 1345 
10 168 316 517 754 1247 1276 1295 1316 
63 288 380 536 566 931 1211 1255 
145 164 258 447 615 716 1032 1249 1304 1334 
264 273 372 412 419 494 954 1074 1183 1259 1335 1445 
87 93 130 197 236 261 304 355 367 444 460 498 553 655 672 707 711 750 967 1071 1101 1184 1296 1316 1375 
50 301 366 376 455 641 669 763 823 985 1056 1108 1152 1163 
41 88 225 415 551 580 768 778 850 949 1081 1096 1325 1362 
150 542 571 605 664 669 914 919 970 1045 1181 1291 1381 
317 453 469 474 591 1356 1404 
200 253 257 538 866 928 1030 1110 1434 
48 120 149 171 411 888 1019 1172 1192 
39 91 128 188 237 274 441 480 518 573 868 1169 1346 1404 
104 141 173 315 317 584 613 694 772 845 890 909 1285 1288 1367 
14 170 175 218 297 616 805 814 1047 1086 1437 
346 575 708 745 778 801 984 1024 1085 1148 1315 1413 1432 
5 21 115 220 330 430 597 645 1012 1050 1105 1413 
18 155 213 241 279 298 366 378 414 532 1017 1020 1278 1374 1423 
191 307 328 411 883 
227 313 526 639 870 1130 1182 1368 
52 126 294 322 356 379 401 548 644 747 894 910 1068 1171 1312 1348 
16 162 277 317 416 428 461 498 819 890 915 1157 1259 1310 
65 574 672 737 889 1229 1301 
31 139 244 620 727 799 967 1257 1281 1356 
29 41 74 79 165 239 246 588 684 788 1146 1314 
88 554 620 630 1038 1247 1285 1343 
76 307 335 410 904 905 1091 1274 1345 
97 120 209 260 359 447 558 587 652 864 1021 1037 1438 
568 1367 1422 
15 101 157 249 276 284 381 561 864 974 1230 1448 
23 54 242 284 363 778 914 1028 1130 1134 1363 1385 
88 282 395 492 503 646 813 814 1136 1147 1155 1179 1289 
32 184 229 546 607 703 1136 1364 
40 140 431 459 626 935 996 1012 1156 1197 1199 1377 
33 238 539 553 587 608 829 1036 1059 1129 1247 1339 1349 1364 1376 1394 
66 411 462 521 639 707 710 816 826 1046 1434 
193 372 412 583 842 852 1101 1299 1422 
256 467 582 650 893 1001 1026 1268 
112 131 162 165 302 508 559 962 1052 1106 1195 1389 
189 282 328 542 595 730 754 805 835 1153 1238 1311 
98 194 253 327 1090 1164 1266 1344 
49 276 340 431 573 580 687 737 810 831 834 837 950 1000 1195 1315 1321 1367 1417 
43 167 270 446 522 536 570 655 819 1198 1268 1269 
228 300 370 452 474 682 772 960 1053 1226 1259 1304 1344 1345 
189 276 1028 1163 1294 1376 
5 112 212 217 273 555 627 679 745 987 1009 1387 1428 
173 257 612 635 750 
22 146 356 396 536 773 853 888 1039 1074 1249 1283 1285 1307 1384 
605 747 844 1150 1311 1335 
118 122 211 342 585 756 860 1196 1224 1331 1374 
89 139 144 182 295 296 370 400 484 693 971 1079 1224 1249 1269 1419 
12 14 132 222 344 363 373 511 529 541 562 661 798 814 946 975 1022 1029 1165 
283 390 839 993 1010 1039 1099 1204 1309 1378 
62 84 165 195 786 883 1068 1312 
105 119 147 242 379 607 650 651 731 766 932 1042 1277 1366 1432 
50 478 645 717 842 888 1049 1138 1141 1220 
92 170 209 369 460 684 732 763 770 782 811 987 1140 1255 1308 
63 159 168 175 326 379 390 399 505 904 954 1114 1168 1214 1275 1347 1364 
218 408 411 687 704 778 1016 1065 1093 1330 
89 476 522 554 594 869 969 998 1385 1429 
25 189 244 402 406 648 842 1018 1088 1127 1193 1202 1300 1369 
235 475 578 600 704 887 933 1099 1171 1209 1291 1442 
313 491 495 516 580 640 695 777 800 1449 
6 245 246 248 471 528 723 812 907 1016 1100 1127 1209 1439 
56 264 314 465 753 808 940 958 1270 
50 140 447 870 951 963 1231 1360 
76 124 177 402 472 592 890 896 950 996 
19 131 147 369 559 651 964 1033 1386 1442 
235 357 483 519 694 902 938 1007 1014 1221 1224 
75 318 417 460 549 923 925 1115 1161 1264 1280 1308 1401 
206 308 410 434 459 560 713 834 870 1119 1374 1384 
65 138 270 305 368 455 528 529 783 820 843 1027 1174 1241 1268 1276 
154 246 542 678 850 1224 1287 1342 1427 
2 23 68 177 255 380 387 393 758 827 928 990 1087 1149 1224 1249 1266 
174 243 340 545 569 571 674 808 949 1011 1042 1125 1208 1359 1418 
49 144 527 636 779 848 934 967 1299 1430 
7 27 496 656 884 
206 281 492 543 1222 1229 
237 243 270 418 448 489 636 969 979 1045 1171 1230 1268 1278 
216 788 901 939 1214 1282 1293 
1 54 247 288 309 462 579 728 840 1121 1181 1430 
39 55 70 337 404 539 591 743 762 866 993 1073 1074 1258 1428 
28 110 120 402 425 444 519 728 734 967 1015 1028 1112 1229 1238 1299 1311 1340 
34 145 181 236 280 383 476 708 1252 
46 499 571 647 656 713 760 851 1147 1312 
73 90 205 464 486 518 647 695 871 1012 1074 1091 1368 1409 
24 214 224 237 239 427 687 861 888 916 1362 1363 1391 1430 
4 177 315 489 682 696 797 808 1042 1397 
1 201 237 261 347 364 410 429 717 819 1127 1352 
105 406 592 868 992 1052 1072 1114 1145 1189 1422 
134 161 302 367 493 511 621 624 687 752 1022 1150 1249 
23 235 274 282 308 918 1010 1104 1151 1233 1298 1314 
42 100 313 432 454 795 843 850 949 1253 1255 
35 132 213 425 484 565 581 683 724 876 959 1037 1086 1123 1267 1317 1415 
6 86 383 462 608 742 1076 1198 1241 1288 1359 
234 248 283 309 328 424 552 681 687 708 1213 1241 1281 1402 1417 
302 477 546 778 807 829 986 1116 1176 1247 1415 1451 
61 387 484 675 689 1095 1132 
69 71 172 378 566 674 812 1024 1061 1164 1195 1237 1409 1421 
70 302 497 562 601 847 867 977 1083 1178 1279 
51 143 232 577 714 1017 1075 1208 1295 
456 493 630 631 680 891 1025 1061 1142 1261 1357 1410 
106 277 453 478 539 606 659 775 1001 1036 1122 1226 
25 43 164 176 276 334 820 880 904 1083 1108 1320 1432 
185 196 394 509 583 600 998 1114 
283 385 421 600 613 670 733 736 806 864 878 900 1007 1253 
123 155 173 265 476 496 573 716 717 730 760 802 824 843 1020 1144 1368 1373 1408 1412 
42 59 225 480 700 756 808 986 1011 1034 1087 1154 1246 1276 1433 
87 243 295 933 990 1050 1108 1130 1191 1237 1327 
143 149 459 525 551 588 768 822 1046 1249 1356 1427 
434 622 630 803 1037 1124 1179 
39 101 253 386 698 1177 1253 
20 80 487 532 535 815 979 1125 1175 
288 405 496 648 715 802 890 996 1438 
87 112 120 144 179 353 530 707 1151 1318 
374 457 597 699 1063 1121 1131 1286 1410 1412 
66 114 134 164 175 265 891 920 953 1047 1066 1396 
22 108 222 317 541 858 909 1318 1354 1363 
34 36 57 65 68 118 165 180 471 519 554 667 681 735 772 808 1289 1326 1358 1366 
251 427 433 468 834 865 927 932 1061 1084 1378 1397 
49 437 531 684 761 812 887 997 1150 1257 1261 1326 1360 
78 138 337 416 664 684 890 904 995 1150 1172 1338 
54 77 150 357 409 463 544 545 754 1007 
281 353 470 552 554 890 1102 1244 
15 21 212 214 325 651 805 832 854 923 1040 1134 1176 1194 1237 1330 
61 72 402 411 509 720 938 972 
100 442 492 551 568 675 735 925 926 1040 1251 
20 36 111 503 527 541 545 762 765 829 847 1026 1451 
82 85 150 172 257 289 534 620 644 689 786 1048 1068 1129 1133 1145 1206 1286 
96 264 346 501 643 672 757 762 985 1171 1220 1275 1395 
174 195 227 333 403 750 860 1060 1061 1106 1322 1423 
47 73 328 410 487 894 936 998 1000 1068 1162 
212 214 246 272 327 618 727 854 929 1015 1025 1416 1418 1440 
91 106 144 150 225 356 376 591 691 754 1089 1138 
196 507 516 521 522 544 647 688 690 1024 1039 1364 1366 
135 309 487 641 664 700 773 1094 
300 391 420 445 543 589 633 789 869 937 1069 1279 1347 
323 401 454 639 685 704 708 901 1032 1319 1380 
54 114 137 161 165 181 329 422 442 570 602 666 667 685 689 896 912 913 965 1156 1206 1213 
96 136 361 489 683 684 798 863 
123 152 208 239 413 417 424 726 800 837 981 1083 1183 1220 1310 
176 316 460 587 604 632 636 641 706 847 1109 1112 1248 1429 
161 419 524 525 680 711 714 941 958 985 1158 1216 1242 1426 
279 503 643 674 684 869 1080 1090 1134 1438 
63 78 94 123 524 680 832 858 975 1232 1237 1285 1375 1437 
2 27 134 240 299 303 427 679 697 768 826 839 896 962 1146 1291 1350 1364 
90 91 95 184 342 362 426 516 760 1100 1307 1334 
1 113 225 300 596 712 731 957 
32 62 337 420 440 559 614 702 867 878 886 990 1010 1057 1249 1266 1446 
316 608 631 737 1122 1211 1224 1394 1438 
26 267 322 372 509 530 633 784 823 912 1172 1347 1364 1408 
50 169 192 236 320 366 457 691 775 871 932 1054 1106 1306 
90 475 657 770 801 1186 
220 278 661 891 903 918 1169 1253 1354 
216 298 653 681 713 993 1090 1167 1168 
8 111 364 369 475 535 767 781 856 903 939 1071 1240 1328 1427 1441 
201 275 279 694 884 937 990 1347 1384 
81 191 414 482 502 529 578 815 842 882 1078 1111 
279 352 530 531 604 607 683 753 797 845 953 995 1136 1161 1251 1285 
89 106 269 364 394 788 908 1027 1041 1054 1073 1094 1140 
2 38 131 149 184 280 687 859 861 892 908 1127 1435 
89 124 551 581 660 882 998 1158 1209 1269 1298 
95 468 561 629 641 683 982 1179 1242 1243 
130 384 534 983 1071 1078 1109 1149 1190 
188 581 859 1067 1153 1283 1410 
195 551 688 839 1004 1187 1192 1386 
17 136 160 195 445 452 693 785 1155 1343 
84 124 205 616 630 700 738 831 951 1151 1330 1341 
40 329 393 646 688 839 887 923 933 1180 1195 1298 1302 
379 478 659 1082 1088 1162 1255 1272 
44 167 284 422 448 549 652 903 913 1017 1024 1160 1217 1254 1258 1282 1354 1430 
27 141 396 448 601 634 652 927 1025 1034 1133 1393 1402 1426 
54 105 110 185 341 407 449 873 919 1262 1326 
133 233 236 726 747 823 879 898 1028 1116 
213 484 527 671 735 757 1101 1146 1148 1187 1303 1449 
70 113 222 339 827 1061 1199 1388 
61 132 246 404 750 884 1006 1113 1416 1442 
69 95 116 282 300 366 369 453 498 609 1076 1179 1180 1228 1230 1331 
10 58 83 307 514 525 639 800 843 862 1019 1178 1366 
78 271 291 439 473 934 1107 1333 
180 426 493 521 526 686 719 1051 1080 1269 1301 1347 1390 
113 288 358 464 504 569 678 814 1098 
13 400 472 626 628 776 839 965 995 1036 1146 1356 
8 162 218 296 529 737 810 872 887 1069 1113 1183 1188 1353 1360 1449 
8 233 585 652 746 778 865 1139 1417 1439 
64 367 600 693 793 850 1014 1289 
145 207 239 465 482 517 602 771 899 903 959 965 1142 1212 1447 
175 312 317 383 651 799 1123 1394 1422 
259 343 628 1382 1399 1404 1413 
493 664 672 720 738 881 927 1235 1277 1382 
15 277 285 385 398 403 651 843 877 996 
3 218 388 395 471 506 568 587 695 729 776 845 1366 
254 490 713 735 788 868 1012 1184 
175 182 188 360 399 769 807 901 940 970 1005 1013 1030 1165 1400 
5 53 83 115 146 335 845 852 1019 1023 1063 1103 1113 1147 1417 
209 238 323 850 921 978 983 1041 1065 1187 1278 1381 1412 
119 149 475 533 640 757 996 1260 1299 
36 152 228 277 294 459 512 627 798 907 1064 1200 1216 1282 1302 
57 188 265 538 857 885 899 1097 1231 1398 
183 193 230 279 561 591 790 876 1016 1115 1120 
13 25 116 341 730 748 760 917 951 1195 
204 210 329 405 566 594 719 820 855 873 1104 1218 1381 
9 69 220 236 746 875 1036 1101 1152 1305 1380 
42 100 147 213 284 337 360 403 779 1008 1329 
209 498 551 592 676 722 1422 
139 257 283 424 857 1348 
130 364 636 841 1067 1150 1336 
137 190 192 395 433 610 704 785 849 1276 1283 1337 1342 1382 
101 237 413 460 547 585 668 679 876 950 986 1125 1350 1374 
290 335 537 538 827 877 882 1191 1314 1351 1358 1416 
33 328 386 442 488 595 653 818 1009 1034 1322 1420 
1 58 160 172 314 478 675 720 742 1133 1207 1257 1369 1447 
180 200 268 286 471 619 1213 1276 1326 1333 1445 
263 268 413 507 813 829 965 1097 1150 1184 1229 1342 
52 57 113 463 630 652 692 746 789 1007 1124 1140 1356 
334 532 535 543 666 886 1037 1173 1257 1409 
218 318 429 627 673 675 1053 1261 1352 1387 
13 33 42 189 284 356 372 456 552 602 1094 1166 1184 1310 1405 1423 
30 47 54 73 121 127 175 243 1050 1196 1409 
328 673 927 1034 1035 1283 1377 
192 205 279 600 1077 1173 
346 701 856 870 970 1020 1097 1118 1250 1275 1284 1432 
76 207 521 553 655 691 805 861 1156 1367 
11 447 739 799 868 1084 1157 1162 1370 
28 96 221 361 396 602 698 833 992 1303 
76 464 732 877 960 986 1113 1240 
2 43 215 401 559 589 664 891 1190 1282 
16 235 241 275 384 430 593 681 1028 1037 1065 1157 1211 1250 1382 1417 
10 176 208 396 474 506 1022 1390 1441 
21 23 130 231 260 414 496 648 697 835 1099 1372 
214 462 477 523 728 737 817 870 886 1146 1231 1337 
164 272 298 337 519 608 958 1021 1113 1169 1423 
13 280 387 553 561 576 604 642 730 821 937 1021 
6 60 163 194 205 238 261 440 621 749 993 1058 1169 
384 469 922 983 1169 1293 1327 1363 
124 292 311 402 505 701 844 1004 1105 1161 1211 
18 126 449 602 800 1094 1140 1353 
66 314 617 811 934 991 1199 1318 1327 
50 103 696 915 959 1036 1082 1137 1276 
7 16 116 224 260 261 316 712 753 884 1094 1262 
278 419 536 599 674 853 1041 1065 1141 1233 
202 321 343 370 901 1106 
38 91 194 444 570 625 705 738 791 902 913 1053 1178 1188 1367 
12 81 125 173 231 467 682 760 928 980 983 1146 1183 1399 
1 182 221 349 397 745 1075 1161 1176 1361 1374 1400 1416 1443 
18 105 282 370 529 788 838 956 1026 1366 1408 
202 246 812 908 953 1227 1400 
10 302 350 731 840 880 924 978 1123 1226 1273 1312 
53 461 813 829 1069 1233 
6 66 325 327 332 406 638 1044 1162 1187 1319 1365 
109 252 958 1018 1416 
86 154 169 232 257 415 633 704 966 1153 1262 
141 180 346 597 685 743 845 878 938 1154 1193 1329 
408 517 569 733 769 808 875 904 1197 1239 1261 1291 1327 1424 
14 28 109 139 239 473 524 608 686 724 782 992 1005 1064 1258 
72 118 286 561 698 937 970 1007 1070 1102 1135 1320 
383 439 652 659 902 943 1030 1122 1214 1225 1393 
492 656 916 1092 1216 1225 1232 1282 1424 
210 274 321 334 387 501 926 1037 1066 1137 1199 1451 
89 222 292 323 371 560 585 670 768 841 952 1017 
156 361 427 651 839 993 1002 1030 1069 1276 1283 
69 158 252 370 469 509 642 739 931 937 979 1108 1354 1418 1431 
30 91 136 257 509 610 620 633 653 664 799 1000 1005 1028 1242 
75 180 218 282 334 404 856 891 1032 1049 1100 1145 1315 1444 
73 237 410 520 587 729 913 959 1050 1110 1115 
143 197 364 446 602 783 851 1014 1060 1090 1308 
106 609 644 666 792 913 929 1014 1316 1346 1426 1430 
36 371 530 577 759 794 1240 1253 
61 560 577 597 727 849 1004 1153 
115 145 208 430 658 703 839 909 915 920 930 1229 1340 1407 1409 1451 
46 104 127 152 257 329 354 581 910 1437 
85 153 349 515 776 842 949 951 1151 1163 
214 288 361 362 410 756 844 889 999 1165 1335 
104 146 193 508 522 567 588 634 1026 1101 1316 
63 80 243 249 289 299 334 382 476 514 617 649 747 849 1023 1191 1432 
139 196 218 370 383 778 963 1084 1097 1148 1312 1360 1368 1369 
92 134 211 426 655 894 905 1116 1341 
552 696 719 836 1139 1282 1390 
5 234 251 256 273 285 372 519 652 828 958 1099 1361 
485 911 1332 1429 
454 581 691 942 991 1106 1138 1315 
172 196 291 619 721 755 949 1022 1032 1096 1356 1433 
17 276 824 1221 
241 277 383 537 580 642 673 759 794 906 945 1070 1137 1223 1275 1350 
100 223 296 300 317 414 525 535 961 1015 1303 
6 21 70 169 236 320 337 371 423 515 587 713 892 1046 1109 1183 1237 
208 371 483 528 536 670 690 942 1411 
22 134 207 387 770 978 1050 1115 1193 
219 310 412 492 587 616 665 889 1222 1366 1425 
5 253 416 507 512 585 775 922 1077 
17 25 144 265 311 471 473 510 541 823 976 1118 1149 1319 1344 1403 1428 1434 1437 1439 
399 587 686 1105 1108 1351 1354 1373 
42 157 246 338 374 394 791 1022 
420 437 511 521 598 691 711 714 728 806 815 984 995 1220 1282 1394 1421 
186 212 247 426 626 793 987 1062 1113 1172 1404 
3 4 32 225 363 545 752 805 912 988 1142 
34 45 261 582 601 606 703 817 869 889 912 1072 1161 1227 1248 1356 
102 106 308 325 377 480 512 530 617 638 652 724 736 917 1080 1121 1178 1215 1224 1351 
19 79 118 260 388 451 594 781 818 1104 1240 1304 
138 164 466 559 704 737 740 798 1397 1403 1429 
26 115 153 194 268 325 425 452 1172 1317 1388 
507 645 673 687 959 1400 1442 
92 236 237 418 440 484 493 546 621 1047 1134 1217 
26 76 309 456 753 814 820 1030 1450 
127 198 234 271 297 350 463 553 618 638 731 741 911 1024 1061 1070 1092 1177 1371 
37 52 162 234 258 306 630 811 933 1084 1291 1321 1377 1389 
123 163 176 228 318 462 582 740 978 1104 1125 1223 1230 1303 1362 
16 176 232 239 340 447 593 786 951 997 1212 1350 1371 
44 83 254 291 303 406 670 678 1001 1029 1197 1415 
163 189 210 308 335 392 493 747 1316 1436 
8 295 433 436 701 767 809 882 886 964 973 1316 
67 744 751 1052 1068 1136 1409 1425 
34 80 168 298 300 484 535 540 663 690 994 1121 1176 1262 1312 1341 1355 1366 
25 102 115 322 368 706 710 1111 1213 1227 1357 1404 
99 128 200 595 676 1277 
387 406 632 706 768 924 967 1062 1087 1284 
118 157 489 493 724 875 903 962 1005 1400 
147 334 436 506 542 685 996 1222 1390 
8 27 75 105 160 223 264 436 573 575 651 922 975 1007 1251 1280 1382 
95 231 310 379 665 730 937 1039 1045 1101 1106 1112 1169 1247 1316 1369 
209 352 487 543 556 627 966 1149 1163 1326 1404 1422 1423 
222 303 368 471 528 645 694 996 1003 1028 1044 1119 1179 1285 1353 
78 130 558 635 738 769 1159 1336 1434 
363 605 682 689 842 926 
71 222 238 332 388 565 611 616 767 776 880 921 1000 1060 1164 
92 192 355 394 441 442 445 631 697 957 1060 1245 1288 1315 1335 1387 1402 
382 501 729 908 1200 1259 1431 1434 
73 150 230 334 718 747 877 948 1299 1315 
182 241 951 961 1091 1176 1192 1245 1338 
88 140 253 395 532 748 799 862 
28 62 161 306 364 418 454 465 639 745 754 1066 
92 155 323 465 736 755 771 873 933 1065 
17 62 651 694 798 994 1035 1201 1299 1385 1412 
51 171 430 438 518 719 955 1066 1170 1345 
43 136 188 289 444 649 793 870 919 936 951 999 1171 1233 1345 1382 
172 480 497 735 936 1149 1188 1254 
46 53 703 707 755 856 971 1033 1223 1381 
65 175 416 490 564 599 931 1157 1229 
15 502 535 622 702 722 785 953 981 1027 1208 1224 1340 1438 
41 167 214 275 394 744 1102 1150 1242 1280 1329 1381 
694 761 776 856 1010 1022 1050 1083 1264 1353 
117 139 455 507 607 666 714 729 1115 1241 1334 
220 227 401 408 472 520 557 593 601 632 1060 1110 1195 1322 1347 1383 1404 
141 154 381 519 568 818 834 842 892 894 1062 1205 1237 
71 101 255 559 567 612 659 667 669 974 1288 
139 647 662 699 772 809 941 947 1091 1102 1130 1270 
369 507 510 706 831 889 1009 1015 1147 
18 29 125 269 359 583 1170 1226 1240 
154 337 431 566 677 822 889 896 904 1048 1053 1082 1132 1236 1321 1329 1420 
12 114 180 382 990 1109 1120 1237 1263 1402 
25 116 175 528 612 684 691 894 924 1135 1284 
103 207 418 437 505 902 997 1057 1084 1162 1180 1193 
156 163 172 245 263 719 964 1098 1124 1260 1288 
56 118 241 262 317 357 436 732 744 955 1050 1059 1073 1125 1179 1245 1366 1414 
651 1209 1438 
297 301 395 625 683 739 787 939 1045 1136 1222 1330 
119 132 193 326 381 445 461 510 516 614 788 802 897 1156 1238 1329 1384 
247 699 701 716 732 862 1020 1107 1174 1244 1276 1286 1326 1354 
17 226 477 572 603 649 667 799 894 941 1028 1152 1273 1311 
440 499 572 822 920 949 983 1185 1326 
173 399 425 505 829 984 1167 1302 1411 1417 
69 140 609 743 1024 1055 1162 1409 
198 404 705 706 792 872 1169 1191 1218 
170 490 559 663 815 978 1064 1092 1129 1138 
166 566 816 1260 1324 
36 136 178 381 469 526 825 850 1182 1230 1270 1333 
86 88 350 422 684 696 841 842 
18 21 233 240 285 325 684 716 788 810 812 990 1391 
94 104 122 410 515 554 576 1421 
66 82 104 183 252 362 433 512 567 784 815 1070 1092 1143 1206 1388 1415 
139 203 247 255 322 485 632 803 1030 1034 1065 1088 1123 1175 1201 1334 1388 
155 281 518 539 746 843 932 1088 1170 1249 1366 
67 94 123 219 637 699 1044 1086 1118 1340 1415 
73 168 178 207 554 718 880 1103 1132 1135 1144 1259 1390 1410 
153 662 815 905 963 1127 1135 1328 1359 1421 
86 179 229 364 430 450 501 741 870 1011 1024 1045 1058 1105 1376 1415 
32 336 384 507 780 835 864 956 1034 1370 1389 1392 
173 273 372 539 615 670 714 1080 1171 1370 
230 395 433 530 793 861 896 947 988 1014 1066 1200 1240 1302 1402 
53 130 258 269 312 318 328 348 400 615 672 1033 1113 1156 1335 1422 
4 230 256 338 386 672 804 869 1204 1314 1385 1394 
63 126 378 493 665 717 735 765 950 1057 1101 1390 
66 459 539 556 619 789 973 1034 1044 1052 1137 1156 1243 1255 
48 82 300 410 678 812 982 1367 
204 220 238 335 376 815 943 1023 1042 1068 1168 
10 331 338 365 498 548 807 883 948 1096 1207 
209 415 428 600 665 697 917 1243 1257 1266 1334 1446 
72 194 325 416 495 607 654 714 851 877 1242 1264 1372 
101 206 337 370 392 424 489 621 725 783 944 1075 1081 1372 1383 
19 329 478 542 579 989 1098 
81 119 205 399 677 880 881 1065 1152 1198 1220 1310 1315 
83 141 322 328 459 682 702 778 801 807 865 1100 1211 1313 
32 138 215 292 338 614 671 798 
169 256 275 514 625 701 901 1154 1158 1247 
67 130 148 242 610 739 955 1065 1192 1213 1290 
62 261 294 340 368 688 891 904 1205 1318 
224 476 826 832 995 1058 1196 1362 
152 201 265 802 930 1061 1425 
123 283 307 434 441 528 934 981 1075 1084 1104 1165 1167 
103 201 222 351 507 829 
161 174 219 340 597 950 1095 
314 360 415 891 924 1110 1291 
23 77 143 211 383 873 931 1008 1024 1182 1188 1350 
321 530 553 620 638 817 827 905 1290 1329 1382 
154 191 218 411 426 587 612 754 927 946 960 1073 1223 
57 115 152 342 611 713 746 817 853 874 880 977 987 1042 1236 1310 1430 
56 158 805 1072 1140 1171 1258 1313 1351 1427 
19 318 390 485 495 662 704 792 884 1000 1010 1300 1317 1424 
126 130 550 603 970 1083 1086 1107 1312 
53 324 366 376 448 467 879 899 940 987 1056 1173 1253 1262 1444 
83 394 410 791 922 1176 
70 89 111 160 319 441 475 536 540 693 871 970 1012 1215 
13 65 360 610 688 777 796 824 1249 1371 1421 
116 136 432 483 536 639 732 784 810 847 1066 1193 1203 1324 1428 
136 271 589 771 950 1145 1186 1261 
51 122 126 211 404 509 830 874 1092 1102 1289 1376 1378 
21 110 396 584 691 862 1044 1109 1120 1144 1180 1371 1418 
84 106 145 174 291 383 473 611 821 920 965 1082 1126 1131 1136 1425 
1 72 97 152 153 173 222 265 382 409 485 613 856 898 996 1002 1045 1147 1331 1354 
44 148 198 327 357 404 684 728 732 759 963 1017 1256 
31 158 190 309 375 541 797 866 1058 1112 1155 
56 109 367 551 569 621 628 861 993 1143 1389 
238 328 491 1105 1138 1222 1227 1255 
74 170 302 605 624 1082 1185 1261 
52 272 354 457 554 739 767 801 954 957 998 1010 1246 1268 
29 64 72 115 302 348 361 428 538 539 596 882 1001 1023 1047 1345 1436 
6 399 525 671 975 977 1358 1400 
147 457 465 534 856 928 1212 1249 1376 
20 267 303 489 510 529 575 890 1273 1325 1422 
34 191 509 597 690 864 972 1005 1116 1135 1301 
256 303 836 1070 1105 1194 
9 10 138 229 645 951 972 1090 1168 1187 1317 1371 1387 
59 400 741 793 833 852 909 1121 1157 1291 
141 173 231 261 287 335 449 475 503 539 624 658 807 1220 1231 1270 1295 1401 
104 173 204 789 984 1189 
285 318 439 686 884 944 1008 1188 1246 
42 131 298 359 708 929 999 1242 
41 122 215 332 709 741 780 789 905 1124 1140 1210 1264 1351 
13 61 97 433 456 561 839 906 980 1236 1289 
15 552 675 688 995 1182 1429 
66 122 349 642 653 754 771 1130 1174 1422 
439 591 602 840 951 955 1009 1044 1055 1126 1319 
1 841 924 1100 1387 1398 
40 427 475 935 1118 1429 
235 238 377 619 654 694 702 895 913 1027 1047 1402 1416 1438 
105 124 239 319 380 454 478 783 826 1107 1149 1313 
17 178 389 529 635 770 800 1030 1045 1066 1075 1271 1283 1418 1437 
197 598 627 700 779 806 967 1058 1226 1352 
6 163 371 858 878 1043 1297 
26 157 168 300 303 667 704 728 839 942 985 1256 1353 
298 579 612 659 736 742 863 867 964 1081 1245 1390 
116 270 666 853 897 1050 
271 454 605 650 677 707 970 1024 1118 1196 1263 1398 1442 
24 183 184 310 461 546 818 880 982 1290 1430 
587 677 808 870 953 1127 
178 248 265 324 345 429 509 516 583 648 854 971 1072 1149 1197 1283 1377 
333 433 475 531 806 964 1180 1385 
179 240 243 412 867 1050 1294 1360 1388 1447 
4 53 374 530 711 781 814 1014 1195 1218 1299 
155 348 369 380 739 800 808 862 975 1174 1289 
2 102 497 722 1030 1230 
116 303 335 614 651 668 760 801 864 
115 209 278 749 948 981 1415 
176 312 355 418 438 591 756 892 987 1095 1106 1138 1211 1222 1385 1395 1437 
27 123 167 230 367 457 598 637 694 886 953 970 1060 1075 1166 1344 1430 
274 456 620 653 921 1072 1099 1315 1425 
74 101 129 176 227 252 279 387 439 562 579 631 738 957 1033 1083 1179 1202 1280 1360 1413 1420 
28 82 101 157 471 739 1072 1142 1148 1269 1291 1370 
16 344 395 407 614 731 811 812 924 1004 1391 
11 112 220 275 440 447 628 678 830 892 1022 1045 1236 
278 285 394 604 609 745 1056 1146 1148 1192 1270 1327 
139 384 496 563 646 716 805 965 1026 1252 
110 337 606 796 1023 1027 1163 1422 
81 130 229 268 388 492 557 724 740 1043 1110 
337 343 353 405 504 563 652 767 903 1048 1125 1325 
16 75 112 169 317 386 573 777 778 1348 1419 
19 213 353 446 597 636 774 827 838 886 1015 1331 1376 
40 90 154 261 362 405 740 820 930 971 1018 1107 1115 1382 1436 
36 184 234 561 644 680 716 850 907 921 948 998 1042 1143 1254 
267 286 328 403 647 678 717 1163 1207 1440 
189 273 291 294 355 469 495 583 673 791 819 1017 1179 1311 
457 501 617 705 884 990 1018 1038 1225 
148 371 576 590 628 719 773 808 867 904 1159 1284 
13 213 356 361 398 407 453 597 854 1187 1205 1402 
110 111 132 461 556 739 802 806 849 916 992 1006 1105 1152 1199 1333 
17 113 248 272 533 534 
216 259 320 369 464 489 549 683 809 827 1302 
18 88 154 316 426 507 613 882 925 1012 1226 1273 1280 1329 
356 506 511 653 717 756 765 916 922 928 1390 
37 244 334 765 878 1074 1147 1164 1333 
146 163 207 210 273 355 426 464 472 580 648 728 748 784 1130 1288 1314 1446 
64 387 451 573 639 656 761 773 804 1319 1419 
157 161 231 325 505 571 1027 1053 1063 1248 1430 
267 290 408 438 472 593 598 680 865 1067 1197 
1 80 101 372 670 672 1075 1289 
370 705 741 786 1112 1144 1255 
48 357 531 600 620 633 930 951 1024 1076 1079 1132 1381 
3 19 130 189 994 1019 1388 1422 
86 275 327 366 480 537 795 867 918 928 962 987 1110 1370 
28 63 176 181 213 217 309 392 554 624 865 901 921 964 992 1015 1091 1099 1206 1346 
463 518 543 581 655 831 1076 1151 1206 1233 1367 
101 177 317 320 560 662 848 971 990 1089 1211 1301 1378 
450 540 674 894 1020 1097 1104 1158 1184 1231 1343 1440 
64 150 350 484 488 601 809 1050 1257 1309 
8 291 402 463 562 654 764 810 833 886 899 997 1003 1049 1097 1169 1196 1289 
43 50 85 106 272 344 394 726 1288 1415 1442 
177 194 202 369 386 584 635 857 928 1054 
513 589 762 788 894 1038 1153 
193 307 697 705 1052 1084 1114 1129 1370 1374 1380 1388 1401 1403 
93 142 306 358 360 478 907 987 1200 1296 
133 257 489 552 955 1016 1071 1352 1405 1408 1411 
87 230 284 469 694 897 927 1133 1139 1191 1344 
275 779 921 942 966 993 1263 
81 113 580 899 1416 1439 
85 304 676 811 870 871 888 1010 1102 1123 
102 116 228 432 517 644 647 665 676 721 850 943 1065 1234 1260 1313 
270 336 529 840 861 889 1212 1230 1244 1395 1416 
394 474 535 661 740 1038 1129 1157 1261 1270 
155 188 392 423 451 743 800 909 1335 1337 
61 87 432 462 520 537 604 741 773 786 877 916 936 940 1061 
52 127 204 514 662 804 876 879 924 959 992 1188 1244 1298 1306 1384 
105 145 147 171 211 309 710 752 1039 1093 1104 1175 1216 1246 
31 63 203 217 326 403 458 566 599 674 677 857 930 1214 1250 
27 180 272 491 535 682 729 794 806 1102 1242 
97 523 801 829 850 915 976 1083 1268 
68 171 185 342 381 551 701 709 1056 1353 
159 271 293 458 635 842 952 1001 1011 1013 1334 1364 
165 297 514 542 627 705 899 950 1171 
286 429 550 593 627 631 1035 1214 1315 
39 103 108 385 462 646 790 934 944 992 1010 1040 1226 1232 1427 
110 137 312 344 525 640 723 1042 1046 1105 1398 1402 
207 406 433 474 478 766 835 1085 1148 1188 
76 85 171 227 267 317 341 381 703 709 1183 
269 475 500 534 596 1042 1094 1106 1128 1135 1156 1257 1442 
13 112 140 197 214 242 334 365 430 465 689 726 843 923 1153 1231 1249 1335 
77 97 446 553 934 996 1235 1308 1400 1433 
2 27 35 37 70 113 209 289 367 715 784 894 963 969 1220 1272 1334 1367 
5 8 65 126 146 204 285 431 540 645 649 686 886 954 1012 1070 1169 1223 1285 
252 432 665 769 821 851 897 944 1054 1189 1247 1383 1415 1451 
119 238 288 309 449 561 1077 1134 1404 
141 251 527 546 560 639 918 954 1411 1424 
312 455 535 619 653 861 1109 1174 1182 
124 486 606 715 916 917 1177 1324 1421 
66 92 289 313 679 1047 1296 1405 
152 365 586 689 700 811 977 1094 1147 1277 1299 1351 1374 1385 1434 
190 329 356 408 409 420 572 631 874 891 1045 1098 1271 1303 
299 532 803 850 909 915 961 1277 1324 1404 1433 
38 180 194 219 401 604 1067 1384 1409 1440 
232 238 324 449 681 705 763 782 785 1079 1090 1259 1285 1287 1348 1423 1450 
43 135 143 216 384 512 523 643 946 1009 1280 
39 62 373 464 523 553 827 931 1130 
1 165 172 203 214 252 348 396 436 744 759 767 821 1048 1050 1138 
34 179 268 288 368 727 898 935 1091 1235 1323 1425 
424 440 450 456 598 607 775 824 1011 1045 1171 1221 1326 
268 609 692 809 937 988 1305 
19 47 50 245 252 275 298 310 399 425 551 582 720 748 819 865 927 1151 1237 1278 1438 
154 281 669 801 885 891 961 1060 1069 1115 1126 
52 193 740 919 1277 1403 1407 
76 93 270 460 473 637 747 844 852 944 1048 1067 1112 1204 1231 1348 
14 281 375 562 781 837 921 968 976 1030 1076 1123 1176 1182 1203 1284 
64 91 158 370 584 676 697 787 826 865 1009 1079 1328 1392 
95 146 164 255 261 276 327 449 725 903 954 991 1023 1196 1291 1332 1426 
202 552 649 654 807 837 1450 
225 384 535 687 709 831 895 962 1087 1156 
22 27 104 237 319 523 556 810 888 947 1019 1044 
3 27 114 136 288 357 703 859 1167 1218 1230 1268 
6 108 128 287 304 470 628 687 865 966 1041 1104 1250 1323 1325 1350 
126 420 722 729 740 771 777 840 925 1364 
22 57 370 530 603 635 650 1054 1143 1310 1404 
124 170 442 508 615 745 810 833 887 1023 1102 1224 1278 1444 
151 188 312 327 367 522 642 719 822 975 1232 
72 83 208 225 402 453 1152 1288 1390 1429 
116 174 270 292 506 515 767 836 918 989 998 1402 
77 145 218 616 867 
531 745 895 962 1300 
54 66 80 119 199 626 661 843 858 978 1160 1408 
72 143 248 392 404 427 465 648 695 802 1284 
224 343 639 733 793 916 1060 1105 1143 1271 1295 1370 1446 
39 231 254 493 656 760 898 983 1172 1401 
185 361 501 529 620 658 754 852 899 1020 1154 1249 1294 
213 455 963 987 1102 1245 1295 1316 1389 
10 182 318 606 609 634 706 920 1000 1212 1240 1283 1316 
27 150 323 1079 1222 1237 1238 1280 
161 209 247 456 580 674 909 1054 1063 
212 218 341 351 373 376 426 565 576 654 891 986 1036 1096 
350 491 661 963 1163 1164 1218 1292 1418 
59 79 266 420 643 894 919 1042 1178 1187 1216 1257 
6 150 202 229 296 309 339 367 412 487 674 717 757 1057 1281 1312 
141 166 228 300 318 365 467 576 670 689 848 1085 1156 1204 1346 
88 176 246 517 801 896 919 920 975 1079 1202 1444 
115 478 521 577 578 704 857 901 963 
49 85 268 370 379 441 494 784 804 829 928 1146 1352 
461 601 679 826 909 968 1009 1097 1252 1253 1339 
126 386 730 823 1057 1272 1360 
59 77 78 194 277 493 505 602 705 760 782 952 983 1255 1314 
65 236 310 385 397 441 486 601 786 1167 1299 1437 
85 121 506 647 732 841 1013 1180 1199 1268 
169 465 532 915 967 1024 1114 1123 1375 
19 103 123 652 919 962 1041 1148 1216 1374 
209 273 489 635 674 809 960 1293 1369 
258 371 429 443 451 570 691 720 728 776 789 1016 1137 1162 1266 1352 1404 1418 
64 253 308 316 370 577 630 740 892 964 1035 1090 
144 380 457 561 720 821 1013 1016 1077 1144 1300 1314 1325 
73 220 246 424 480 619 709 836 866 881 991 1001 1329 1386 
136 382 594 636 666 667 752 759 885 1272 1365 
297 303 311 344 350 421 456 504 637 660 713 817 1046 1101 
162 293 441 525 552 748 904 936 1030 1117 1238 1276 1348 1355 
12 27 450 585 710 797 814 1053 1080 1276 1294 1295 
151 286 350 653 798 939 1125 1278 1360 1447 
81 256 305 331 424 477 484 577 712 966 1184 1401 
237 370 410 579 684 768 902 925 928 1079 1109 1134 1270 1292 1294 1371 1406 
170 219 567 769 773 883 978 1063 1329 1344 1345 
19 103 688 707 939 1048 1264 
11 65 322 333 376 396 868 1028 1231 1281 
6 291 336 389 524 716 1121 1293 1328 
18 420 534 615 704 781 790 842 1229 1292 
12 57 268 323 677 715 769 795 897 907 1146 1185 1372 
2 21 146 229 300 316 552 590 817 866 1018 1025 1131 1397 
50 168 382 414 468 510 586 644 870 1035 1131 
82 112 496 546 597 739 818 944 1169 
452 465 480 763 1010 
97 150 183 201 295 330 375 700 906 944 1111 1141 1219 1292 
146 156 225 295 367 481 502 603 700 930 977 1386 
90 373 503 512 558 699 777 779 780 865 908 1050 1083 1165 1207 1315 1334 
393 419 539 879 893 917 
49 217 236 460 475 566 607 624 675 880 923 952 1073 1099 1276 
115 153 208 451 557 667 696 840 846 1124 1345 1434 
10 125 453 761 766 955 
9 101 129 159 243 279 301 617 903 986 1005 1087 1360 1361 1377 
116 128 286 658 916 1067 1388 
130 142 166 173 394 642 670 790 858 874 956 1105 1291 
60 326 525 657 850 1088 1187 1350 1386 1411 
210 245 274 645 724 788 843 1132 1411 
6 64 178 198 361 512 513 577 656 708 723 867 899 1012 1026 1201 1306 1425 
714 723 897 962 1002 1142 1191 1247 1297 1413 
13 28 150 154 302 398 554 626 1243 
439 565 911 948 985 1087 1105 1195 
100 316 349 381 483 546 550 686 729 789 831 1078 1265 1373 
6 263 299 468 504 551 738 759 763 1048 1155 1389 1440 
123 135 208 905 969 1162 1335 1384 
45 238 299 698 960 1220 1381 1439 1440 
19 145 213 239 468 513 526 711 720 741 795 977 1029 1132 1177 1246 1410 
54 129 202 219 317 348 368 370 469 489 729 788 881 948 981 1066 1077 1215 1282 1295 1426 1443 1444 
129 141 196 328 352 456 635 980 1084 1315 1379 
92 221 243 367 410 709 772 1264 
13 106 458 654 755 820 908 1057 1180 1267 
94 113 160 197 250 540 557 711 874 940 1016 1308 1372 1409 
310 450 452 455 606 798 833 897 959 1240 1349 1358 1373 
207 240 430 500 670 976 
118 139 417 459 534 584 587 644 714 746 888 1004 1182 1266 1395 1406 1409 1442 
51 64 147 293 388 484 595 764 942 998 1050 1107 
102 407 437 537 545 579 799 854 1001 1039 1370 
31 39 176 216 248 395 502 588 640 936 1293 1436 
1 79 286 331 497 579 721 783 804 1030 1142 1317 1389 
61 254 261 743 872 924 1055 
79 251 386 511 878 916 1179 1277 1383 1450 
1 64 170 181 222 243 323 352 398 606 1012 1135 1251 1264 1280 
142 305 403 405 437 451 540 959 1105 1308 1320 
120 329 598 926 1104 1134 1310 
113 168 233 410 889 941 1029 1351 1397 
6 406 674 684 915 1045 1046 1212 1221 1292 1306 1374 
54 352 398 528 529 757 931 1025 1169 1251 1450 
120 247 338 482 620 646 884 1294 1352 
15 49 56 105 278 332 343 607 609 707 900 1267 1383 1400 
149 384 525 983 1411 1418 
35 98 395 502 515 548 695 773 781 937 1009 1047 1245 1277 1442 
3 93 155 176 446 526 732 853 973 1062 1127 1206 
26 53 306 307 476 641 684 758 859 940 1272 1441 
15 18 76 227 388 603 625 802 1068 1074 1222 1235 1247 1254 1288 1292 1326 1405 1409 
24 843 957 1188 1254 
16 473 688 743 803 1067 1132 1144 1435 
44 49 136 138 191 716 848 
20 162 366 384 483 521 522 747 908 1004 1111 1131 1357 1361 
286 1167 1305 1390 
41 237 498 601 675 686 839 936 979 1082 1186 1240 1345 
175 614 828 1099 1206 1224 1281 1301 
341 359 420 511 623 834 863 901 968 1009 1128 1214 1355 1442 
829 852 882 950 1083 1247 1249 1293 1411 
28 174 182 404 405 595 596 614 618 619 695 843 884 1115 1221 1269 1396 1415 
65 155 280 361 443 485 529 802 803 1027 1384 
3 95 101 305 589 648 793 893 993 1033 1075 1234 1273 1277 
4 73 122 139 213 300 339 792 842 859 968 1404 
107 108 199 320 532 723 1242 1277 1329 
117 178 287 429 430 437 448 477 483 568 623 628 759 815 883 1161 1424 
350 530 575 624 723 852 911 1006 1062 1111 
279 317 611 744 776 979 1048 1080 1104 1159 1245 1356 
36 100 192 229 391 486 690 803 1075 1116 
188 228 273 385 473 637 786 794 880 1046 1430 
105 246 419 448 1061 1226 1263 1302 
4 106 321 496 735 1081 1098 1214 1351 
102 162 166 215 278 326 510 894 951 984 1015 
5 111 126 141 156 169 247 527 528 644 654 670 690 831 889 895 1101 1128 1243 
47 346 400 465 508 585 628 902 1128 1152 1287 1369 1423 
37 68 107 287 376 799 1349 1437 
10 294 329 391 701 771 813 844 893 924 1127 1193 1220 
47 176 279 534 617 640 641 887 1280 1358 
104 107 131 178 218 437 688 708 808 885 933 982 1069 1228 
4 67 708 928 932 1181 1237 1244 1262 1326 1349 1374 
77 254 259 368 669 903 1062 1066 1243 1353 1394 1407 1424 
2 200 311 871 874 899 996 1126 1211 1231 1444 
165 251 415 474 527 653 970 981 1067 1187 1367 1405 
33 65 68 228 400 547 571 580 642 865 939 1084 1180 1214 1223 
139 157 238 310 346 428 687 842 1038 1251 1345 
116 160 214 254 549 593 596 619 636 655 694 917 958 973 1080 1125 1223 1342 1356 
11 129 269 319 472 767 773 1068 1112 1356 1366 1445 1446 
341 359 672 704 864 1202 1207 1248 1287 1392 
70 254 629 1017 1138 
368 460 638 651 657 699 813 955 1138 
20 238 357 378 505 716 881 1024 1214 1215 1348 
25 98 207 273 365 461 548 602 638 715 928 968 1041 1140 1260 1264 
64 73 93 160 462 965 995 1329 1381 1412 
27 77 194 207 214 250 395 434 477 502 569 666 757 761 932 1049 1079 1132 1259 
334 508 627 716 800 952 1270 1413 1437 
72 87 407 441 550 567 589 872 919 1094 1257 1271 1448 
274 545 742 898 910 1061 1255 1369 
501 647 666 762 799 960 969 1063 
14 24 95 252 361 534 718 785 797 858 955 1243 
351 508 895 998 1058 1234 1307 1323 1392 1407 
67 137 140 242 615 886 933 983 1158 1190 1202 1255 1397 1414 
20 135 271 283 332 416 451 1183 
119 141 255 418 511 586 619 694 932 1146 1195 
97 139 420 425 639 1191 1209 
377 407 583 588 617 624 970 1070 1111 1142 1411 1448 
11 99 272 403 433 464 588 596 707 726 1013 1224 1298 1309 
80 141 156 368 388 416 610 891 911 979 1016 1063 1156 1258 
347 421 431 452 462 992 1091 1123 1259 
19 192 390 399 522 539 715 1082 1139 1150 1213 1361 
793 904 974 1033 1226 1328 1337 
36 43 117 319 376 397 572 
105 110 133 142 160 223 357 453 464 603 675 767 829 1294 1340 
83 108 193 305 434 547 617 653 753 758 784 806 903 1152 1153 1171 1408 1447 
15 420 600 735 860 1090 1092 1103 1201 1211 1226 1228 
63 168 529 563 624 741 1101 1115 1154 1384 
645 682 
19 116 231 444 464 615 864 885 1012 1033 1095 1128 1202 1241 1386 
270 362 438 569 641 1133 1159 1221 1337 1370 
387 625 716 743 772 803 823 839 1188 1347 1351 1356 1438 
67 275 292 491 593 710 753 765 806 992 1001 1127 
19 142 227 269 275 358 487 767 861 896 1028 1105 1122 1397 
153 279 323 412 559 571 593 690 704 867 1083 1094 
69 267 312 377 437 661 674 903 
49 131 251 334 618 1094 1238 1251 1308 
30 120 158 275 279 343 384 559 640 871 890 898 1036 1051 1117 1214 1320 
68 198 340 577 664 731 961 984 1005 1040 1050 1296 1298 1304 1407 1435 
32 261 940 949 999 1291 1301 1315 
111 115 554 607 691 799 851 947 978 1013 1107 1176 1290 
167 509 513 1131 1156 1161 1167 1206 1214 1296 1324 1406 1432 1433 
56 140 192 209 211 334 414 446 625 780 1145 1160 1198 1223 1297 
106 370 415 590 1003 1125 1153 1156 1208 1275 1348 
56 82 193 536 547 646 979 1123 1126 1153 1188 1346 
112 220 223 244 551 1055 1089 1289 1292 1364 1416 
75 171 182 260 404 408 510 994 1180 1293 
19 208 342 350 468 637 707 714 1066 1269 1289 1429 1433 
4 109 321 430 438 500 582 621 628 742 873 878 1004 1090 1141 1420 
51 109 336 375 402 424 508 606 953 1120 1148 1386 1428 
91 244 312 322 441 568 726 975 1047 1221 1290 1398 1426 1431 
57 136 252 442 533 714 743 906 924 1032 1234 1434 
12 88 497 720 770 830 852 1091 1386 
208 243 359 416 440 528 549 589 844 1289 1352 1393 
48 259 515 748 1100 1219 
7 197 266 361 697 1066 1179 1206 1346 
166 415 428 499 593 692 1263 
58 115 194 349 602 615 811 1081 1192 1203 1287 1379 
273 356 387 424 435 598 1049 1269 1353 
26 60 146 209 339 356 513 567 686 763 936 951 1114 1204 1408 
80 95 296 432 487 585 594 628 904 1026 1398 1442 
220 305 528 566 599 630 793 821 858 954 1133 1341 1372 1395 
185 191 235 275 355 937 952 991 1061 1364 1416 1427 1428 
12 23 207 404 426 430 489 570 637 755 926 1036 1140 1148 1396 1418 
37 216 357 364 470 561 587 809 826 871 873 936 1011 1074 1169 1189 1290 
68 73 99 103 118 300 341 343 406 547 551 812 819 855 856 865 1126 1127 1414 
96 111 187 487 534 639 846 953 977 1199 1441 
36 74 208 388 476 660 663 783 941 
322 334 339 683 795 836 987 1037 
235 280 423 541 649 801 1203 1288 1346 1407 
79 324 587 851 894 1331 
66 91 203 227 253 357 374 676 756 888 
184 434 465 1098 1112 1263 1396 
166 385 400 910 959 1088 1092 1292 1346 
21 78 129 192 293 464 553 974 1020 1112 1148 
196 664 666 718 758 866 903 905 1099 1214 1243 
46 277 298 654 780 783 799 1016 1419 1420 
250 306 317 359 478 701 920 1106 1160 1273 
168 192 205 311 393 749 798 885 894 902 949 1033 1149 1157 1228 1256 1343 1370 1443 
395 540 604 670 713 901 
155 314 425 457 494 539 595 723 964 1022 1321 1348 
284 406 545 825 1107 
11 50 83 139 262 397 725 758 911 1030 1035 1350 1417 
139 146 395 431 479 508 549 692 887 916 932 1072 1082 1169 
1 42 96 142 398 512 520 550 594 818 871 925 1064 1080 1185 
19 87 229 334 474 752 868 1380 1433 
7 72 426 511 753 776 1064 1273 1281 1373 1395 
507 667 874 1437 
21 110 155 227 336 580 1138 1389 
121 187 263 277 397 470 515 628 815 884 918 1275 1391 
152 155 371 388 520 713 822 858 1312 1439 
12 213 214 309 362 400 425 468 618 753 759 1249 1380 
28 307 544 571 712 1048 1329 1430 
8 44 199 277 355 586 589 836 1010 1057 1157 1359 
6 80 94 143 209 457 483 534 546 572 589 879 880 971 1157 1172 1220 1248 1360 1406 
446 558 812 1045 1134 1295 1306 1320 1324 1389 
209 248 603 682 696 702 726 888 1282 1451 
113 172 184 229 314 450 566 751 1021 1094 1104 1152 1254 1294 1331 
78 143 451 580 1193 1239 1243 
194 257 266 301 306 398 486 510 691 754 829 853 948 1112 1177 1333 1358 1375 1412 
194 222 529 755 837 843 952 983 1090 1205 1235 1282 1375 1426 
252 634 762 993 1056 1137 1146 1208 1304 1391 1436 
1 216 357 439 729 782 867 886 995 1071 1244 1309 1430 1449 
117 230 262 295 663 699 716 807 837 903 964 
272 858 1152 1222 
32 215 346 387 440 463 555 569 655 728 760 827 842 1231 1249 1250 1282 1357 1365 
345 448 449 536 647 859 1218 1356 1427 
39 52 226 495 506 532 664 755 972 1193 1241 1350 1413 1417 
81 207 362 385 620 640 920 1344 
133 342 343 611 666 729 821 1003 1012 1139 1154 1174 1345 
187 255 268 327 790 824 1174 1218 1272 1392 
57 381 396 540 553 632 852 942 
179 540 576 632 663 780 
252 398 578 580 603 680 691 696 1072 1113 1296 1313 
22 268 304 409 795 1150 1356 
22 129 391 406 538 545 600 664 680 724 737 791 834 858 899 917 1250 1394 1410 
283 404 559 574 587 768 788 929 1046 1082 1246 
30 255 280 336 364 391 565 631 652 821 1378 1392 
173 196 204 270 606 757 821 865 1145 1238 1260 1385 1451 
33 112 125 294 384 434 769 922 923 1013 1044 1054 1123 1197 1281 1329 1422 
55 150 313 410 485 850 853 958 962 977 1156 
153 191 209 262 281 545 775 933 934 1162 1192 1312 1405 
50 134 206 273 399 468 512 652 837 1183 1193 1337 
43 216 250 330 431 563 595 616 754 790 1054 1090 1144 1206 1243 1418 
10 154 213 381 542 551 690 1143 1350 1351 1416 
102 200 293 316 580 590 921 961 973 1022 
5 8 74 267 305 339 380 529 579 765 851 1001 1174 1436 
22 159 320 503 598 665 961 1047 1368 
58 118 188 210 220 230 386 480 516 1189 1308 1419 
26 104 285 413 450 491 683 748 1054 1336 1342 1445 
4 48 279 554 741 747 882 885 1042 1186 1256 1427 
72 336 734 735 753 773 864 880 949 1023 1447 
1 14 179 222 312 362 509 888 934 1084 1201 1209 
271 316 425 593 616 702 902 1066 1093 1185 1225 1278 1414 
16 236 350 472 576 605 878 926 1002 1009 1090 1369 
362 378 488 613 711 1149 1168 1177 1280 1300 1303 1434 
28 59 275 297 591 762 871 977 988 1423 
54 178 327 390 402 494 542 721 846 915 916 1003 1043 1054 1175 1419 
9 192 210 319 372 584 851 922 967 1126 1184 1199 1339 1346 
8 164 268 330 726 774 823 863 919 927 996 1034 1117 1219 1433 
43 81 105 245 249 492 497 531 632 913 1014 1340 1352 
15 156 169 289 323 501 922 1106 1251 1263 1361 1368 
416 464 479 538 717 802 1304 
50 315 580 695 733 839 926 1244 1366 
13 139 290 333 355 383 395 432 675 1009 1062 1195 1312 1337 1420 
66 244 364 524 662 1224 1314 1323 
64 248 348 540 633 665 845 1163 1205 1264 1284 
181 229 388 744 988 998 1076 1301 1311 
465 477 530 734 789 1421 
58 192 378 497 739 790 792 847 862 972 1081 1209 
14 471 615 979 1054 1124 1155 1442 
15 154 251 302 309 450 641 717 871 895 924 990 1029 1076 1118 
22 82 132 245 836 845 1054 1103 
259 330 462 555 558 734 840 859 866 888 1085 1092 1114 1146 1227 
236 440 494 763 1056 1089 1214 1246 1372 
22 120 155 420 1156 1195 1292 1345 
59 137 229 312 351 398 430 526 815 1103 1244 1263 1289 1320 
164 172 353 652 696 791 1056 1121 1276 1310 
245 286 631 644 761 764 815 857 907 1093 1192 1195 1214 
93 123 332 647 661 710 919 1187 1366 
83 212 244 387 439 832 906 1056 1086 1177 1178 1210 1223 1268 
334 652 661 741 878 1256 1350 
104 168 249 345 426 537 561 562 734 1012 1180 1258 1358 
48 442 899 1264 1316 1384 
52 101 208 251 386 400 639 642 854 915 918 921 1008 1051 1084 1224 
146 213 315 374 678 722 755 790 796 990 1059 1062 1296 1313 1375 
97 159 202 489 532 544 587 641 730 740 773 906 1333 1358 
7 91 408 470 620 678 807 962 992 1131 1146 1210 1314 1374 
375 452 517 596 1021 1037 1327 1379 1388 
173 208 215 756 894 1012 1299 1327 1395 
58 60 255 448 644 839 914 920 958 1088 1399 
13 103 171 273 274 574 582 635 733 750 866 925 974 986 1018 1043 1370 
40 249 297 414 525 563 676 763 777 866 1094 1238 1387 
21 281 470 799 803 953 1086 1229 1244 
74 252 446 514 834 857 943 963 1011 1098 1179 
83 89 93 107 185 247 261 331 688 717 812 1107 1188 1301 1351 
33 58 112 151 163 213 347 618 655 701 952 1075 1313 1357 1381 1450 
124 172 283 341 344 404 483 505 591 627 836 959 1300 1313 
81 330 346 350 362 526 605 687 825 845 985 989 1117 1298 
127 145 252 621 626 632 716 812 951 999 1010 1038 1233 1343 1353 1433 1440 
75 125 425 458 807 872 1301 
122 147 463 518 561 600 649 767 820 1292 1437 1450 
9 368 384 460 653 827 1081 1092 1292 1298 1336 1390 1430 
312 532 556 581 836 868 872 1090 1172 1302 1386 1450 
157 335 345 405 706 1216 1289 
12 154 193 374 506 855 971 1023 1198 1352 1377 1448 
85 165 265 543 560 690 816 836 992 1009 1141 1239 1258 1338 1432 
206 262 483 485 527 541 573 659 689 695 884 900 990 1101 1282 
53 609 730 836 1059 1186 1341 
62 311 527 678 1025 1048 1093 1184 1186 1430 1447 
207 447 504 505 701 774 1213 1317 
86 149 345 451 607 613 722 847 998 1051 1079 1195 1211 1222 1311 1401 
47 135 141 236 534 535 790 1188 1329 
64 160 272 318 522 809 955 1115 1135 1188 1245 
66 73 185 366 402 550 758 1250 1380 
83 432 452 694 932 1036 1123 1250 
89 271 412 487 490 516 520 732 757 1003 1154 1276 1382 1440 
168 285 415 434 575 1259 1268 1436 
115 175 197 289 519 608 720 729 1353 
159 516 519 849 1094 1108 1201 1207 1427 1432 1434 
57 117 223 229 642 673 804 815 1084 1347 1369 
