1497 9023
105 146 163 238 310 434 455 842 1075 1275 
130 176 219 461 505 680 919 963 1032 1045 1061 1072 1119 1143 1334 
151 167 199 482 566 858 994 1099 1461 
128 175 212 344 363 494 695 732 851 950 956 1061 1228 1359 
39 40 45 381 406 483 578 596 716 869 1083 1125 1139 1220 1374 
255 512 565 726 743 992 999 1005 1038 1202 1229 1270 1274 
77 384 472 508 549 581 650 832 902 957 1468 
149 229 388 444 828 884 896 923 1016 1374 1482 
283 373 839 901 1080 1175 1246 1262 1377 
39 93 223 233 415 704 717 790 860 993 1005 1334 1363 1397 1413 
13 85 298 303 484 588 772 779 864 1140 1278 1346 1398 
121 351 450 825 921 937 1112 1279 1340 
11 231 274 934 996 1047 1073 1353 1435 
56 109 191 570 925 982 1193 1413 
107 198 251 296 384 510 550 616 769 816 1121 1339 1467 
223 1112 1209 1420 
99 247 387 479 661 727 1117 1144 1240 1336 1432 
541 654 667 677 797 965 1096 1224 1417 1462 
21 133 286 340 393 449 554 568 574 689 809 1123 1151 1289 
227 441 656 834 892 1132 1451 1491 
19 27 394 496 690 701 807 1082 1439 
124 327 428 497 509 547 673 713 1103 1319 
47 120 263 303 309 323 327 431 445 808 914 917 972 1228 1294 1303 1333 
302 304 390 558 677 730 870 1373 1486 
76 80 90 361 441 486 513 561 627 696 853 1055 1200 1344 1439 
183 427 447 614 651 727 867 906 963 1156 1200 1472 
21 29 73 285 408 650 699 701 826 886 1125 1445 1452 1471 
81 392 415 1053 1140 1154 1224 1381 1405 
27 88 111 257 383 459 659 782 1087 1106 1231 1255 1467 
163 169 273 413 999 1049 1211 1224 1238 1433 1495 
113 259 319 593 935 942 1125 1158 1230 1231 
60 234 294 453 637 661 756 789 823 838 844 1162 1226 
256 298 413 548 721 808 864 921 1059 1198 1208 1265 
109 217 610 803 822 835 1242 1252 1274 
115 225 237 356 391 544 945 1068 1322 1447 1455 
227 256 428 446 858 909 1083 1490 
117 535 806 887 948 1404 1497 
191 241 493 620 624 849 986 1048 1201 1297 1335 
5 10 123 185 300 747 812 985 1028 1079 1300 
5 68 322 377 435 693 786 793 1184 1379 1417 
54 85 86 157 482 512 588 981 1283 1292 1328 
73 93 270 276 301 320 627 744 777 806 1023 1088 1289 1310 1356 
100 287 294 502 581 651 734 771 799 1056 1084 1128 1139 1268 1465 
306 556 608 651 671 679 781 1318 1319 1412 1493 
5 113 366 483 528 587 653 758 907 1030 1170 1197 1326 
317 378 709 833 845 973 1202 1246 1461 
23 117 194 207 363 408 951 953 1266 1373 
82 101 135 213 370 544 784 851 930 1021 1047 1125 1248 1292 1444 
137 148 319 503 533 632 693 790 870 888 951 1053 1131 1232 1292 
207 312 387 430 561 562 806 902 1030 1144 1448 
114 150 206 251 268 480 584 645 741 775 1022 1058 1138 1185 1423 
86 127 153 336 356 654 738 789 1042 1113 1172 1228 1318 1321 1457 1458 
180 773 852 1085 1184 1383 
41 166 184 227 270 393 394 395 788 889 892 1117 1192 1259 1352 
268 560 740 830 1004 1170 1242 1289 
14 60 156 264 760 895 911 943 1121 1124 1389 
193 309 379 472 635 681 714 1007 1047 1054 1152 1236 1364 1424 
92 233 238 367 407 434 440 526 836 860 1114 1384 
268 313 501 535 571 654 725 784 805 1044 1087 1210 
32 56 77 157 205 211 466 582 598 642 740 965 1074 1234 1291 1303 1436 
90 96 178 228 409 479 527 696 873 888 1416 1459 
103 183 218 275 365 574 592 704 907 1216 1251 1420 
279 298 523 642 695 746 807 943 975 999 1041 1043 1122 1135 1230 1300 
136 348 381 747 905 1049 1155 1304 1305 1440 
143 240 459 471 627 666 678 724 874 903 1383 
227 616 642 726 1348 
69 108 451 512 615 640 695 717 897 1157 1195 1239 1265 1455 
40 192 214 216 327 458 466 550 621 696 711 734 744 1476 
67 471 484 893 1120 1348 1443 1490 
273 369 450 656 733 817 826 1113 1292 1470 
73 210 357 443 548 633 673 674 842 953 968 1007 1057 1063 1158 1228 1457 1480 
206 259 414 735 770 912 942 1197 1479 
27 42 71 264 296 731 747 1155 
187 208 273 287 309 318 397 481 577 640 995 1234 1481 
190 442 510 847 986 1001 1005 1024 1139 1414 1448 
25 160 317 436 789 816 900 943 1268 1410 1463 
7 60 257 474 495 569 853 871 983 
620 627 681 733 766 785 911 939 1024 1177 
127 339 440 979 1019 1089 1184 1275 1366 
25 147 154 172 223 411 475 490 742 1198 1361 1425 
28 134 683 799 1032 1064 1092 1101 
48 167 761 905 1109 1138 1208 1277 1295 1327 1429 1467 1486 
175 263 735 838 976 1020 1063 1125 1322 1358 1413 1431 
253 408 428 432 721 727 735 801 803 1159 1168 1192 1285 
11 41 119 468 539 638 777 933 972 1207 1310 1359 
41 52 121 205 235 317 647 694 827 836 978 1034 1040 1240 1245 1295 
150 184 238 350 400 408 433 512 573 676 779 877 960 1071 1103 1191 1226 1342 1374 1404 
29 121 125 254 623 897 952 1197 1216 1250 
228 494 537 650 874 988 1067 1271 1312 1432 
25 61 127 230 242 316 456 724 1403 
251 448 514 614 709 809 1043 1066 1269 1275 1315 1355 
58 112 318 325 499 555 820 1043 1061 1111 1153 1174 1185 1208 1304 1384 
10 42 202 557 592 760 997 1059 1084 1118 1179 1317 1320 1373 1398 
139 214 272 471 751 775 808 887 997 1065 1372 
157 357 501 686 866 878 925 951 1375 1401 
61 134 156 238 303 327 528 567 1045 1406 1474 
214 312 336 340 707 735 1141 1174 1271 1314 1331 1379 
178 218 436 438 751 985 1129 1263 1267 1407 
17 276 390 505 523 747 769 1000 1302 
43 289 816 906 922 941 948 1184 1266 1368 1423 
48 203 425 577 637 705 1182 1420 
136 149 206 235 525 560 591 885 910 912 1141 1315 1426 
62 302 349 368 543 604 624 805 874 1006 1080 1384 
219 272 434 476 664 686 871 1026 1182 1215 1240 1260 1410 1454 
1 169 326 336 384 563 826 1095 1098 1157 1258 1273 1291 1301 1310 
136 230 353 373 444 502 571 1032 1039 1158 1160 1235 1315 
15 154 302 405 451 729 822 1403 
67 274 441 469 612 734 1220 
14 34 118 310 348 391 403 581 691 868 883 900 1219 1247 1352 
173 388 690 723 1004 1005 1067 1239 
29 279 512 666 823 843 849 1011 1014 1049 1273 1329 1484 
92 151 289 419 484 628 802 863 1005 1179 1190 1368 1458 
31 45 407 486 536 584 635 721 901 1063 1083 1296 
51 196 246 455 565 588 636 827 861 927 1079 1149 1229 1291 
35 400 503 592 724 873 1020 1134 1220 1274 1278 1352 1450 
128 162 193 386 419 483 602 641 663 898 931 1046 1047 1303 1418 
37 47 193 203 229 313 328 383 460 464 555 587 678 828 1252 1347 
109 237 270 309 349 371 525 683 775 823 839 1006 1042 1331 1377 1411 
85 134 170 204 219 405 772 844 896 1005 1301 
23 188 230 238 384 453 470 499 569 667 692 800 959 1123 1131 1142 1253 1477 
12 86 88 383 724 741 781 939 1103 1108 1151 1376 1389 
329 362 497 503 568 611 659 838 884 1170 1211 1266 
39 411 414 498 693 801 821 895 1102 1122 1271 1293 1367 1447 1481 
22 129 446 778 809 1456 
88 455 586 827 924 928 1029 1210 1212 1232 1297 
155 176 396 545 623 862 1335 1443 
52 79 90 193 526 619 671 1087 1220 1477 
4 116 226 284 293 415 614 823 883 1387 1497 
124 132 156 446 492 503 515 547 1020 1050 1074 1174 1389 
2 148 271 350 359 422 525 1126 1132 1158 1193 1301 1310 
190 286 375 484 743 747 753 936 1096 1169 1277 1302 1385 
129 264 318 607 718 740 949 1018 1057 1174 
19 154 366 503 576 888 1070 1265 1374 1406 1415 
81 96 119 191 526 617 824 906 923 955 968 1036 1332 1347 1469 
48 231 682 723 748 820 914 1222 1481 
64 102 106 151 527 628 834 995 1136 1271 1305 1402 
49 221 347 530 748 875 934 980 995 1138 1288 1346 1379 1410 
263 307 360 368 543 601 607 1007 1033 1303 1363 1469 
94 347 374 382 586 805 1070 1083 1153 1293 1459 
170 272 308 322 327 453 487 691 752 974 1034 1045 1108 1150 1232 1329 
227 441 452 479 776 874 984 1091 1165 1175 1217 1414 1493 
184 376 381 494 540 563 758 933 1065 
65 206 886 898 1086 1178 1387 1474 
433 640 773 806 924 1044 1128 1134 1223 1227 
192 207 225 334 350 508 800 940 978 1037 1125 1223 1235 1297 1475 
1 199 493 606 747 918 958 1151 1312 1442 1455 1481 
80 228 374 533 593 633 817 861 873 1263 1346 
49 130 179 274 539 552 1367 1377 1397 
8 102 664 943 945 1180 1199 1339 
51 87 176 284 444 587 625 628 1100 1140 1146 1244 1390 
3 112 136 162 354 414 451 466 530 651 765 1303 1326 1389 
217 223 312 331 333 341 379 580 1252 1315 
52 279 291 374 440 459 511 616 779 1162 1172 1253 1302 1432 
80 107 133 356 426 444 487 529 700 1084 1218 1227 
126 205 365 505 521 681 724 756 877 1051 1259 1494 
56 96 129 400 468 704 769 873 949 996 1215 1418 
41 60 95 287 353 420 456 652 867 1158 1193 1219 1425 
256 263 360 430 483 581 603 613 635 1091 1392 1481 
181 242 260 570 589 704 814 881 1265 1421 1423 1468 1479 
76 276 321 351 398 515 584 648 694 804 818 1068 
263 314 337 747 826 
116 151 222 335 414 546 885 1058 1244 1408 
1 30 245 439 676 834 888 950 1173 1431 
202 663 870 902 905 991 1246 1296 1321 
227 476 588 649 743 880 985 1111 1345 
54 429 506 586 590 785 818 1033 
3 82 271 287 317 482 555 603 612 1106 1158 1360 1419 1456 
272 287 298 631 697 719 1305 1319 
30 105 394 396 731 797 1331 1364 1379 1423 
119 140 243 384 402 1038 1159 1160 1175 
326 336 357 421 631 850 869 959 1047 1126 1186 1334 
80 188 490 498 499 661 797 935 1072 1118 1272 1305 1369 1382 
110 188 234 431 434 496 1087 1106 1296 1457 
504 520 640 649 888 1230 1369 
4 83 225 313 400 468 530 698 826 1402 
2 126 150 282 357 646 670 720 857 899 1034 1042 1268 1415 1476 1485 
238 267 319 568 646 669 928 959 961 1123 1186 1199 1221 1384 1431 
61 98 275 349 370 570 834 937 941 1105 1331 1343 1394 1399 
148 248 815 943 966 1041 1301 1447 
53 246 276 309 598 613 853 1137 1171 1328 
159 356 371 374 503 614 615 673 717 844 1173 1448 
194 216 224 260 585 683 708 736 973 992 1278 1299 1394 
26 62 203 500 667 673 724 868 875 1169 1271 1286 1287 1346 1407 1466 1488 
54 87 142 309 413 823 919 1311 1349 1388 
39 339 601 644 740 750 810 975 992 993 1046 1306 1375 1442 
432 462 720 889 1020 1082 1158 1228 1410 
74 241 281 418 536 760 881 883 1070 1280 1353 1420 
120 172 173 227 267 274 321 367 422 471 499 561 590 806 912 1254 1257 1363 1466 
208 366 494 900 976 988 1363 1401 1492 
75 131 235 238 292 413 468 614 994 1104 1142 1200 1369 1425 
14 38 134 752 872 949 980 1274 1369 1383 
68 145 227 237 770 781 914 1416 1445 
57 116 117 127 279 399 414 526 735 751 1006 1020 1140 1265 
47 182 270 289 463 602 870 918 989 1009 1048 1243 1343 1396 
593 637 667 844 914 993 1041 1144 1420 
114 226 530 636 710 935 1106 1153 1170 1181 1413 
323 811 881 1082 1155 1301 1394 1399 
15 318 583 781 948 1311 1354 1358 1478 
3 146 288 461 585 590 776 942 1008 1069 1331 1353 1386 
204 227 279 495 606 1115 1219 
457 769 909 983 987 1043 1196 1321 1324 
93 164 844 861 920 986 
101 117 183 384 528 658 863 894 1144 1203 1220 1275 1326 1357 1430 
119 200 543 582 838 901 1035 1066 1323 1324 1482 
60 86 155 380 900 952 971 1015 1424 1428 
51 72 102 143 404 465 639 729 812 940 1135 1256 1440 1484 1485 
47 50 145 245 271 887 1058 1131 1168 1244 1255 
74 189 731 778 790 982 1047 1188 1445 1457 
295 325 395 473 552 720 791 964 982 1103 1447 1482 
71 350 390 444 470 576 690 911 962 1013 1095 1242 1264 1267 1295 1315 1380 
60 386 395 396 440 578 810 938 1065 1212 1392 
4 290 345 361 369 481 613 692 1015 1125 1236 1252 1319 1337 
48 222 233 271 341 401 469 674 730 772 818 846 864 912 943 1007 1066 1437 1441 
68 94 97 346 430 1031 1126 1224 1271 
339 460 466 513 555 640 656 764 1025 1223 
68 182 225 347 397 424 440 532 636 697 795 860 1019 1049 1093 1399 1423 
34 152 424 444 701 865 1117 
62 98 303 712 751 840 904 919 953 1327 1402 
2 104 119 509 555 592 741 777 779 921 995 1005 1039 1067 1262 1292 1339 
235 306 368 426 444 602 766 829 1075 1149 1189 1214 
137 223 286 507 763 765 890 909 944 959 1277 1329 1390 1398 1479 
162 213 276 293 307 520 530 598 779 1121 1248 1314 1468 
10 16 80 152 221 263 500 593 644 646 723 793 917 926 1027 1273 1324 1392 1461 1493 
182 341 390 603 632 814 826 918 945 1084 1206 1475 
35 145 175 216 243 548 651 766 1009 1220 1350 1372 1466 
128 196 407 531 603 617 807 810 819 900 
20 36 54 66 141 165 188 192 200 259 326 402 410 452 605 644 664 726 905 1011 1049 1129 1158 1225 1464 
61 89 147 390 445 612 692 835 1200 1202 1212 1291 1346 1359 1382 1397 1454 
8 117 324 333 415 549 831 1119 1139 
90 106 120 288 305 537 575 652 698 786 1041 1312 1435 1474 
13 135 314 452 464 562 635 655 875 1030 1041 1134 
312 863 889 962 1025 1067 1114 1211 1323 1444 
10 58 213 293 439 904 1045 1095 1140 1199 
32 173 282 394 650 664 666 792 818 852 1009 1043 1136 1240 
86 102 190 220 238 644 833 858 1044 1069 1172 1274 1480 1495 
247 255 376 719 1153 1418 
35 118 192 331 495 568 598 664 846 881 
1 58 87 96 120 177 190 235 460 696 883 901 1013 1287 1315 1388 1463 
352 389 562 637 822 942 972 1084 1096 1358 
65 281 318 372 433 453 635 741 781 793 830 1353 1383 
38 187 290 347 411 442 597 766 808 818 920 935 1056 1142 1246 
90 159 389 430 487 529 620 696 698 777 800 1062 1197 1199 
170 225 544 557 590 636 749 999 1022 1117 1382 
375 388 391 494 558 679 1073 1225 1298 1435 1478 
163 207 300 309 402 606 803 896 1249 1268 1284 
114 180 420 533 614 1323 
17 236 507 632 655 675 1006 1123 1162 1285 1291 1393 
179 460 522 632 715 814 841 985 1130 1268 1336 1371 1412 1492 1495 
557 672 966 969 1082 1251 1260 1287 
482 714 717 782 828 859 890 1128 1145 1167 
15 51 91 310 651 709 1142 1227 1377 1472 
714 724 1040 1166 1326 1405 1421 1438 1450 
84 421 654 751 822 1170 1229 1281 
88 272 310 367 476 485 758 864 943 1206 1355 1377 1431 
6 236 282 380 382 505 621 698 861 891 935 987 1106 1141 1310 1323 1464 1469 
33 36 158 523 625 661 857 1380 1387 1462 1487 
29 77 456 459 481 565 673 674 1045 1168 1198 1232 1370 
359 733 818 1277 1325 1377 1388 
31 72 227 354 372 373 840 854 890 964 1031 1187 
159 182 302 644 1130 1310 
289 513 925 971 1063 1313 1345 1484 
298 551 686 899 1065 1481 
23 83 138 158 161 223 458 514 771 946 947 962 1048 1120 1250 
56 73 132 333 640 661 802 903 997 1082 1438 
343 415 416 499 531 574 712 971 1253 1337 
411 416 622 704 712 763 788 952 1037 1173 1195 1284 1425 
177 188 307 385 397 489 779 879 986 1180 1407 1423 1487 
51 55 59 568 645 694 737 764 932 951 1107 1330 
379 572 633 638 1022 1437 
42 54 118 194 337 581 643 674 716 802 1047 1089 1152 1161 1422 
130 167 207 213 315 471 581 657 664 783 1040 1142 1189 1199 1356 1488 
94 104 140 168 254 333 364 717 814 909 916 1064 1102 1176 1245 1315 1387 1454 
30 70 74 308 406 527 797 991 1012 1171 
13 108 148 188 342 351 480 605 617 721 725 928 931 964 1043 1206 1384 1396 
62 178 326 416 417 637 738 791 876 986 1402 1447 
42 99 160 180 222 417 421 485 612 622 917 1023 1048 1075 1244 
421 610 640 845 915 1142 1224 1301 1353 
568 622 712 890 1079 1126 1127 1172 1186 1240 
63 111 153 193 200 760 1424 
946 981 1000 1076 1198 1337 1373 1405 1438 
187 240 387 494 510 563 673 764 1034 1162 1274 1293 
176 234 255 394 767 820 903 923 1124 1134 1244 1255 1327 1488 1496 
9 311 542 627 894 1028 1136 1159 1454 
128 150 743 987 1187 1333 1413 1425 1467 
27 325 521 595 1455 1470 
19 131 221 536 660 831 943 1147 1240 1421 1477 
43 74 157 167 168 470 675 747 757 909 1307 1367 1396 
199 230 368 435 467 505 555 637 723 747 780 781 885 916 1180 1189 1333 1482 
100 112 194 261 379 539 734 922 932 1072 1131 1162 1467 
212 241 604 808 816 856 857 898 1129 1159 1376 1419 
153 295 506 664 674 811 1018 1187 
190 362 389 409 804 1049 1304 1318 1351 1383 1389 
128 222 233 569 573 1483 
32 43 312 425 581 649 669 688 691 907 948 1066 1114 1150 1459 
209 291 542 960 1134 1227 1266 1383 
15 73 330 456 772 796 1105 1265 1330 
335 608 891 938 944 953 1006 1084 1171 
11 33 63 168 262 373 378 450 468 571 713 810 944 1219 1417 1491 
302 399 415 446 481 583 718 750 761 864 900 1215 1273 1426 
39 245 337 414 477 685 726 783 809 948 1261 
42 475 595 659 1152 
24 103 107 260 299 789 975 1031 1232 1249 1278 
11 23 96 218 404 597 658 676 689 792 948 1052 
24 407 502 530 544 616 715 1035 1117 1141 1239 1356 1396 1400 
230 490 617 704 709 961 1027 1131 1230 1315 1316 
44 220 753 754 818 930 986 998 1248 1403 1436 
138 222 267 370 802 862 954 1215 
140 273 344 370 418 603 872 1052 1086 1120 
23 57 74 118 180 184 245 554 597 623 659 862 1147 1161 1206 1234 1355 
1 109 251 254 388 397 831 1082 1135 
283 426 493 624 804 876 901 1006 1125 1133 1140 1170 1373 1492 
50 97 152 232 294 330 470 506 606 646 648 769 895 996 1148 1274 1352 1417 
59 117 175 346 368 457 922 1008 1282 1480 
161 231 696 796 943 989 998 1188 1214 1365 
271 473 595 809 938 948 1011 1208 1384 
90 390 420 656 668 768 787 964 1074 1232 1398 1405 1432 
46 76 86 167 443 457 518 536 643 854 934 1302 1367 
74 92 132 198 240 421 511 561 565 646 985 1055 1107 1180 1229 1429 
31 49 177 532 631 674 797 907 1007 1060 1113 1189 1311 
42 546 646 763 776 987 1026 1136 1489 
160 188 744 770 915 1090 1198 1290 1304 1459 
40 140 685 689 728 735 746 772 897 992 1159 1404 1443 1494 
23 197 342 455 468 496 793 802 805 878 1000 1052 1058 1071 
229 556 644 796 990 1308 1366 1436 
92 209 285 335 510 546 558 562 579 649 651 781 998 1373 
105 171 227 275 342 761 944 956 1222 1294 1309 
22 23 68 96 140 449 754 755 864 883 978 991 1490 
117 332 348 625 955 1295 1427 1470 
122 471 552 599 728 798 1025 1250 1283 1450 
296 312 332 357 452 775 840 844 1042 1050 1208 1325 1484 
152 237 371 540 690 691 820 882 889 953 1017 1035 1059 1216 1240 
328 330 383 1043 1111 1118 1255 1275 1332 1443 
152 229 264 272 622 664 831 835 887 1142 1339 1438 1446 
145 383 618 742 953 967 1138 1359 1456 
162 297 325 415 425 488 539 747 762 1092 
52 97 105 171 378 407 541 804 838 875 931 981 1195 1281 1288 1333 1367 
161 270 300 491 497 501 702 759 831 978 1299 1433 
432 469 627 681 839 887 946 959 1382 1462 
79 185 215 396 426 467 493 713 927 928 1132 1368 1398 
19 97 431 551 769 805 818 860 972 988 1021 1081 1177 1204 1272 1396 1409 
152 213 224 379 426 564 588 666 733 736 836 1088 1108 1185 1320 
274 323 326 400 447 477 588 618 664 691 707 743 800 996 1259 1311 
265 372 740 749 986 1049 1325 1488 
4 308 419 595 635 664 754 793 1306 1470 
212 376 398 552 680 723 920 1006 1035 1304 1377 
214 313 511 664 858 
137 139 216 241 380 447 483 586 653 731 754 861 872 922 927 950 1141 1395 
64 109 328 449 715 827 943 972 1098 1181 1209 
103 118 178 434 496 565 660 861 968 991 1177 1308 1345 1457 
87 130 145 210 368 445 483 496 863 950 1001 1090 1174 1319 1330 1344 1432 1440 
12 160 274 649 670 702 753 858 903 981 1317 1331 1361 1471 1478 
239 436 558 715 829 989 1033 1098 1204 1350 1405 1432 
106 157 406 431 657 699 725 791 1252 1424 1494 1495 
151 259 431 482 519 631 1001 1070 1477 1497 
409 902 1016 1071 1381 1426 
35 52 154 181 414 419 456 541 727 943 955 1062 1182 
71 95 171 176 330 477 568 834 1016 1095 1176 1437 
384 452 501 528 713 1053 1059 1260 1318 1330 
130 258 414 747 798 800 1215 1420 
138 158 469 514 955 1142 1236 1247 1257 1483 
25 212 410 581 741 809 840 1196 1219 
122 292 492 535 729 756 808 1245 1450 
4 47 400 405 436 561 569 644 679 816 1037 1105 1138 1154 1319 1445 1461 1488 
272 523 613 642 801 967 1227 1261 1464 1477 
62 155 638 887 1130 1213 1304 1406 
45 133 189 396 408 550 619 710 852 906 1015 1145 
58 188 254 545 683 717 798 861 960 1034 1055 1295 1357 
103 138 220 288 313 350 432 570 665 764 886 913 948 952 1107 1390 
70 212 425 455 518 556 695 834 968 979 1007 1049 1312 1319 
48 178 307 308 412 478 492 496 529 667 792 920 1066 1176 1310 1312 1321 1341 1349 1384 
118 181 331 422 482 898 917 1004 1090 1354 1367 
240 259 343 504 1073 1129 1160 1370 
9 106 259 298 459 691 775 852 1003 1111 1243 
139 147 153 181 380 406 506 513 535 704 768 843 1183 1204 1238 1328 1392 
131 244 490 790 891 930 997 1024 1030 1238 1298 1324 1490 
142 236 345 627 680 793 862 881 1052 1072 
40 472 793 877 1066 1070 1087 1124 1135 1181 1224 1232 
46 298 336 622 661 680 706 836 896 967 1030 1044 1266 1363 1493 
57 152 269 289 341 429 469 655 715 726 757 985 1219 1235 1496 
205 255 347 374 567 709 1117 1301 1310 
5 64 142 405 407 417 726 790 888 918 985 1351 
139 255 408 455 499 593 594 608 609 648 668 819 987 1094 1146 1188 1228 1333 1382 
29 117 121 332 334 539 782 1261 1324 1434 1496 
7 15 105 120 170 203 358 526 644 705 768 1213 1291 
267 449 450 500 601 608 794 887 1015 1129 1296 
116 211 522 545 917 937 1056 
17 50 281 483 512 616 680 722 746 759 996 1158 1173 1223 1303 1330 
8 110 244 310 413 552 556 626 829 863 1081 1276 1303 1324 1350 1370 
239 242 292 445 548 602 736 1046 1092 1284 1295 1347 1379 
24 99 210 224 228 316 484 494 545 567 671 685 840 858 916 975 1321 1432 
35 109 244 397 455 461 488 540 716 781 828 1244 
28 490 496 601 659 867 1093 
19 54 467 700 824 830 845 970 1495 
21 54 169 234 282 415 477 494 518 542 622 652 718 898 1122 1153 1336 1404 
54 209 211 415 485 486 618 647 848 884 915 975 1075 1154 1358 1460 
126 169 211 339 366 451 735 972 983 1290 1330 1331 1493 
74 216 267 310 391 451 492 742 850 1049 1098 1166 1185 1259 1292 1337 1484 
160 345 404 422 564 622 854 1169 1381 1424 
193 299 448 893 901 982 1061 1166 1346 1405 1428 1442 
87 115 156 175 342 363 487 618 802 820 854 936 994 1140 1307 
213 408 568 697 718 774 952 970 974 
170 227 245 421 884 1086 1131 1308 1342 1380 
109 524 616 969 1093 1160 
206 303 398 642 658 865 1010 1105 1497 
107 119 363 381 414 452 593 596 636 703 976 1016 1142 1308 1442 
5 273 353 374 588 717 848 983 1003 1100 1262 1309 
58 113 226 304 336 381 410 517 809 1235 1303 1403 1472 
27 47 84 87 366 382 401 414 440 577 893 1127 1173 
61 292 355 414 704 746 836 1022 1369 1394 
227 361 407 709 854 921 942 1151 1159 1172 1422 1461 
80 123 241 266 457 680 682 752 774 850 931 971 1099 1110 1248 1470 
370 425 470 519 905 1146 1159 1362 1374 
30 33 184 190 388 643 932 999 1120 1185 1328 1359 
72 123 151 162 193 300 356 359 405 408 409 815 861 1086 1268 
10 28 128 229 265 299 335 394 395 572 608 733 753 856 888 1118 1457 
265 266 275 509 822 870 939 995 1081 1118 1125 1268 1383 1389 1470 1487 
275 276 381 429 568 632 639 926 1124 1169 1420 
187 308 458 581 789 811 821 870 902 1072 1177 1231 1240 1268 1426 1448 
112 116 344 356 564 683 801 846 1002 1063 1139 1223 1271 1436 
157 246 316 428 569 795 832 1168 1221 1319 
171 253 276 277 318 402 501 516 630 777 791 860 872 979 1068 1083 1285 1305 1394 
130 188 371 398 801 1103 1106 1188 1285 1310 1320 
502 562 716 1003 1059 1172 1185 
216 217 428 474 476 619 676 836 859 903 1296 1336 1364 1458 
101 294 335 369 412 555 601 613 961 1012 1036 1280 
154 220 311 339 341 1011 1069 1083 1127 1240 1347 1371 
26 518 617 632 661 740 850 992 1289 1319 1353 
22 36 84 420 424 562 975 1031 1060 1130 1358 
166 379 417 470 663 740 787 1137 1309 
50 158 214 242 460 518 650 690 760 1045 1150 1297 
23 173 340 353 354 453 814 837 913 1005 1072 1429 
84 186 338 368 530 572 577 596 713 801 1213 1317 1343 
87 144 240 550 564 648 1018 1099 1253 1311 1405 1415 1442 1497 
1 58 104 173 349 490 586 663 664 796 952 1040 1120 1188 1297 1302 1376 1400 
40 288 685 793 1008 1011 1029 1039 1055 1137 1151 1158 1177 1236 1265 1321 1361 1399 
76 98 352 363 519 632 650 712 1219 1291 1319 
611 619 621 930 1097 1132 1150 1384 1459 1472 
98 476 615 694 901 943 980 997 1014 1061 1352 
163 233 648 749 797 898 1073 1167 1464 
58 79 153 211 216 408 685 694 754 784 973 1014 1101 1145 1335 1344 1355 1432 
20 25 108 141 455 467 665 877 1115 1204 1242 1285 
75 241 507 739 1018 1089 1225 
71 317 733 1141 1305 1331 1423 1469 
8 106 150 154 210 217 220 452 456 620 711 848 
23 228 350 389 578 590 850 974 1047 1158 1298 
36 124 129 299 456 469 733 874 978 1036 1089 1096 1224 1248 1262 1269 1405 1428 1442 
26 342 347 574 636 657 742 878 1011 1106 1186 1187 1446 1471 
91 399 455 592 610 775 831 1060 1191 1197 
19 327 348 385 633 681 845 957 1220 1367 1415 1479 
12 70 298 385 473 568 577 765 908 1000 1065 1433 1444 
67 107 151 396 397 810 928 977 1023 1029 1075 1163 1465 
141 227 231 330 358 405 444 567 698 802 841 860 1089 1110 1118 1218 1287 
32 120 140 240 431 524 720 821 902 980 1044 1096 1101 1269 1474 
592 607 876 1260 1392 1443 
1 114 125 323 369 382 391 441 448 461 536 537 565 647 724 906 928 1023 1181 1243 1267 
90 157 257 296 356 444 446 626 1078 1087 1135 
201 313 317 411 503 883 900 982 984 1016 1087 1098 1121 1188 1451 1457 
68 263 418 733 987 
29 65 153 257 373 508 510 661 775 843 906 921 965 1013 1157 1270 1296 1364 1434 
117 215 238 248 430 561 937 988 1077 1312 1431 1478 
2 199 391 455 496 787 813 854 868 884 976 1102 1121 1240 1288 1301 1310 
186 556 765 766 823 953 959 973 1452 1482 
194 543 693 713 776 800 887 930 1054 1085 1179 1247 1314 1321 1417 1431 
117 231 554 1388 1451 
206 540 550 665 801 907 1030 1264 1293 1338 1345 1387 1441 
60 68 151 215 760 796 850 893 906 960 1112 1142 1148 1357 1412 1433 1484 
288 339 393 441 513 521 658 735 790 832 925 1139 1230 1259 1309 
85 156 175 190 298 323 536 769 831 1055 1356 1492 
108 213 338 360 379 446 486 499 705 1256 1462 
120 210 287 312 412 429 497 565 608 686 860 895 919 1019 1066 1121 1330 1496 
65 69 94 188 271 329 619 770 800 860 863 922 985 1040 1436 
7 57 377 774 840 912 1068 1095 1131 1151 1184 1185 1205 1226 1266 1298 1389 
209 315 450 646 853 1053 1174 1277 1360 1433 
77 424 611 838 973 983 992 1077 1092 1150 1385 1402 1419 
80 301 476 763 769 771 839 1043 1108 1178 1223 1373 
104 165 254 424 438 475 568 652 786 805 806 884 1176 1375 1452 
300 342 357 394 617 706 781 1171 1289 1292 1458 
370 572 911 1181 1315 1352 1368 1383 1384 
17 61 141 568 638 645 766 878 886 895 997 1032 1141 1166 1443 
51 274 639 710 739 841 875 1280 1431 
74 212 257 299 774 938 1063 1372 1458 
3 41 167 250 354 371 589 610 812 904 1118 1260 1416 1463 
5 45 116 158 347 350 387 726 1158 1254 1324 
11 69 112 131 390 901 932 1097 1444 
254 276 395 696 706 707 946 1111 1128 1371 1372 
25 113 395 469 582 781 865 907 1190 1208 1350 1454 
140 154 242 400 873 912 933 1004 1220 1234 1280 1417 1492 
335 391 547 566 709 805 817 932 1214 1268 1422 
267 612 629 725 748 920 1209 1236 1305 1312 1361 1450 
80 172 305 375 392 434 666 713 750 848 884 901 987 1077 1340 1412 1416 1474 
337 517 681 1041 1191 1317 1333 
129 362 370 397 677 694 729 747 788 827 967 1040 1230 1382 1462 1486 
38 146 311 339 674 910 923 934 1087 1148 1175 
4 89 142 189 244 281 390 394 802 822 839 890 1174 1189 1461 
77 200 237 500 509 672 698 816 887 918 1219 1369 1457 
21 173 323 349 350 370 392 461 615 873 946 997 1036 1119 1150 1181 1351 1403 1476 
22 122 337 470 567 734 766 788 865 869 890 981 1137 1169 1410 1432 
123 172 590 725 731 885 
92 120 172 188 265 382 469 634 800 854 865 909 972 1069 1232 1344 1441 
183 223 385 495 585 748 840 1082 1287 1426 
59 95 337 358 421 514 561 579 606 740 894 1310 1362 1363 1466 
43 106 304 423 567 631 790 800 847 990 1243 1267 1436 
49 115 122 129 133 181 457 523 591 685 875 962 1159 1310 
174 372 541 590 628 690 802 897 1099 1327 
2 99 155 255 288 552 667 706 833 984 1140 1375 1405 1463 
166 291 312 374 644 737 777 867 1024 1146 1189 1469 
221 247 442 635 852 941 1041 1147 1168 
7 145 459 575 588 613 1023 1118 1444 
22 219 416 495 605 610 671 748 789 1114 1346 1414 
15 75 281 325 459 646 807 947 1054 1273 1329 1392 
153 318 346 554 650 687 728 765 941 1098 1147 1321 1329 1415 1474 
6 41 67 87 111 387 630 660 666 830 897 
25 215 261 374 467 702 778 795 1284 1368 1381 
91 263 360 501 901 951 1137 1235 1349 1381 1458 
129 160 531 616 619 948 1107 1238 1363 1425 
421 567 604 613 628 860 928 1105 1212 1282 1397 1421 1463 
407 491 582 767 1019 1136 1332 1344 1368 1455 
317 369 394 427 430 805 874 1133 1151 1309 
354 412 436 731 781 785 936 1154 1287 1385 1390 
174 222 791 858 879 962 1005 1133 1224 1248 1450 
155 285 467 561 615 687 907 1185 1194 1197 1230 1248 1350 1425 
248 386 738 896 899 1083 1115 1202 1210 1297 1417 1435 
63 99 256 364 503 620 893 917 1217 
403 453 556 574 597 708 757 879 936 954 1178 
102 118 130 536 593 611 651 689 1200 1203 1257 1336 1343 1423 1438 
58 127 134 193 384 612 632 742 848 980 1170 1195 
61 136 273 583 706 1267 1285 1391 1395 
45 96 203 358 652 713 853 1121 1345 1355 1477 
154 242 370 550 642 656 740 1035 1113 1224 1345 
137 151 175 196 222 304 432 600 883 1147 1290 1297 
226 265 515 649 848 898 1020 1068 1388 
216 319 546 559 712 714 815 1020 1024 1329 
49 147 246 540 661 827 878 964 993 1181 1186 1431 
692 706 736 902 917 
37 59 362 374 586 783 796 806 859 880 911 966 989 1059 1198 
113 187 286 317 455 468 525 665 745 763 1179 1187 1343 1464 1488 
89 230 455 647 724 950 966 1251 1292 1403 1411 1454 1491 
545 577 
85 148 289 335 383 622 629 631 782 1137 1304 1337 1396 1444 
142 331 391 465 533 557 654 822 881 920 1386 1488 
18 336 356 504 667 673 684 716 723 1145 1171 1388 
283 295 394 561 803 943 1010 1107 1274 1312 
103 138 204 463 656 689 971 1163 1171 
35 48 243 304 815 969 1022 1056 1226 
126 367 386 390 538 558 733 770 1104 1379 1453 
162 320 325 532 581 607 690 743 758 871 883 957 1082 1274 1367 
22 129 488 606 640 727 745 917 1189 1334 1346 1352 1489 1490 
33 71 225 389 605 673 814 955 967 1054 1062 1158 1214 1324 1380 1402 1489 
7 229 704 855 960 1229 
15 68 366 433 465 529 876 891 993 1015 1016 1053 1058 
262 340 697 822 1027 1131 1461 1485 
148 209 329 345 388 505 556 699 975 1108 1255 1262 1418 1446 
596 667 897 915 983 1058 1306 1337 1437 1496 
19 309 464 511 701 709 782 801 941 1359 
92 117 167 215 219 288 425 965 1002 1155 
44 324 369 388 462 524 552 572 577 599 668 886 1058 1330 1339 1418 
93 243 249 540 872 938 1062 1081 1197 1228 1422 
24 244 325 352 545 586 662 913 967 1028 1118 1345 1497 
532 570 597 627 649 986 1006 1106 1384 1397 
55 102 706 739 751 778 864 925 935 1058 1157 1217 1240 1276 1368 1386 
25 50 188 318 363 460 501 521 542 592 968 1297 1327 1397 1493 
50 231 239 325 423 428 972 994 1130 1238 1248 1283 1292 
105 142 281 857 898 981 1000 1102 1167 1229 1282 1395 1435 
341 398 419 433 1028 1077 1156 1271 1388 1468 1490 1492 1494 
6 114 257 318 349 455 470 678 981 1121 1137 1270 1398 1458 1482 
3 488 736 957 1147 1272 1281 1369 1453 
96 380 390 452 497 502 516 761 812 940 969 1177 1269 1443 1489 
19 122 177 237 268 278 357 401 417 450 476 479 569 574 657 683 779 1189 1393 
77 120 293 363 420 568 735 792 828 893 1144 1462 
14 159 178 368 559 582 642 707 728 854 904 1017 1276 1431 
59 106 298 669 769 1217 
269 415 432 478 556 602 611 685 732 804 818 1048 1158 1186 1294 1313 
87 293 822 892 1201 1203 1449 
19 62 265 447 524 568 728 856 1082 1144 1308 
230 508 591 632 860 868 1302 1311 1360 1421 1431 
133 210 899 1383 
74 101 408 432 450 538 556 607 931 1337 
5 211 445 1329 1403 1491 
325 501 671 791 805 814 968 1171 1272 1322 1336 
152 649 839 962 1191 1268 1277 1295 1393 
7 43 109 158 270 271 294 361 418 546 591 627 764 810 864 975 1074 1273 1341 1435 1495 
60 204 486 517 570 741 927 1071 1280 1406 
198 299 527 827 842 845 885 1033 1141 1307 1458 1472 1483 
51 113 160 651 894 915 944 964 969 1113 1158 1478 
182 199 500 636 643 696 788 915 933 963 984 991 1225 1307 1366 1439 
125 139 166 347 434 535 558 984 1140 1287 1392 
45 117 150 614 691 1339 1490 
11 41 114 165 341 342 406 508 608 727 771 851 944 1070 1201 1206 1305 1365 1420 1421 
159 482 768 830 1081 1124 1173 1285 1306 
166 188 199 243 445 498 504 656 661 968 1037 1357 1439 
102 503 575 581 606 648 783 1264 1464 
62 93 115 219 448 454 561 597 653 684 757 1016 1046 1083 1209 1213 1492 
31 147 195 223 382 405 525 624 716 872 1062 1100 1407 
382 649 732 762 908 938 1223 1237 1335 1400 1475 
285 301 315 344 742 799 810 834 848 907 973 1322 1438 
5 405 432 553 815 1202 1312 1378 
241 303 309 524 559 592 954 988 1250 1411 1436 1462 
60 180 222 237 708 713 756 1103 1185 1423 
329 556 736 888 969 1015 1101 1447 
530 637 788 1064 1297 1419 1486 
138 185 385 392 425 698 720 738 844 928 1216 1449 1465 
116 194 220 389 572 832 1195 1244 1256 1320 1367 
158 167 224 226 308 619 652 682 729 860 867 954 962 1362 1393 1440 
103 290 516 804 848 963 1208 1264 1271 1279 1409 1485 
227 274 509 548 858 872 1006 1038 1381 
146 200 245 312 501 547 591 635 645 671 874 930 944 1478 1493 
132 138 454 546 577 627 771 989 1215 1355 
44 297 382 385 415 470 588 627 640 808 873 887 898 918 966 999 1060 1106 1241 1418 1460 
382 698 766 1161 1305 1379 1383 1427 1443 
34 277 448 482 509 650 757 828 937 984 1372 1399 
122 437 474 525 572 679 772 1012 1060 1112 1204 1215 1319 1424 1464 
108 167 228 276 489 526 659 788 1108 1422 
158 180 212 364 425 508 516 623 768 835 861 951 1020 1315 1430 1490 
26 91 128 181 190 246 587 915 942 987 993 1011 1041 1322 1343 
67 181 438 496 521 621 826 831 1059 1142 1212 1371 1487 
15 66 153 304 387 403 515 753 853 879 880 931 1096 1300 1464 
134 226 274 305 427 477 703 951 1026 1100 1233 1244 1255 1409 
334 342 395 400 774 904 908 1040 
127 366 424 437 471 515 603 890 1210 1234 
38 78 242 444 523 653 768 791 895 903 1043 1081 1298 1410 1453 
68 255 437 615 678 973 1024 1084 1252 1395 
266 276 278 333 378 394 398 539 655 1117 
88 126 309 613 638 698 832 1049 1097 1104 1168 1193 1279 1418 
38 103 311 593 926 1011 1091 1216 1340 
150 256 328 775 1167 1196 
388 456 791 820 959 1158 1246 
25 42 65 78 283 338 376 559 581 607 608 723 826 878 954 1108 1296 
112 136 150 504 516 790 869 931 1169 1260 
489 539 775 843 856 910 1231 1301 1360 
421 512 643 843 1067 1264 1380 1480 
168 171 319 354 502 539 970 1060 1153 1269 1369 
49 224 247 248 417 427 436 526 575 677 689 736 949 986 1002 1048 1124 1154 1482 
71 147 269 449 672 688 735 793 921 1068 1309 
499 707 756 818 886 1001 1213 1246 1486 
57 113 158 231 240 344 507 606 1026 1035 1053 1139 
114 196 216 243 405 447 585 644 705 854 869 925 1158 
32 101 195 239 275 288 600 721 974 1136 1367 
85 269 365 479 623 645 651 684 750 803 1201 1238 1367 1436 
206 417 480 667 738 744 763 813 1002 1098 1110 1332 1341 1386 1463 
67 74 144 174 215 264 277 547 608 651 663 743 843 874 945 1283 1317 
116 758 916 929 1131 1420 
60 63 66 364 404 529 570 667 694 809 1009 1011 1015 1059 1063 1399 
270 317 413 585 630 754 817 865 988 1156 1202 1268 1320 
185 223 227 235 260 324 363 384 506 636 947 974 1050 1171 1414 
51 268 479 606 638 734 736 837 880 1007 1146 1195 1224 1308 1434 1480 
176 177 223 312 318 320 473 510 834 1138 1157 1215 1256 1402 
86 395 455 537 734 893 968 1039 1115 1156 1390 
160 312 382 433 439 591 679 1218 1356 1379 1411 
165 174 294 325 351 531 559 580 594 1266 1284 1377 1411 1434 
7 27 89 234 430 436 511 610 658 774 929 1077 1090 1391 
26 43 44 151 225 251 325 525 584 638 640 730 988 1030 1121 1319 1487 
157 230 394 476 528 603 728 731 836 1010 1044 1173 1239 1259 
45 347 592 620 848 903 915 1014 1232 
18 52 59 253 540 678 796 879 958 974 1026 1122 1170 1209 1304 1336 1365 1442 1446 
231 247 379 622 727 747 887 956 1063 1112 1308 1361 1396 
20 70 215 316 529 543 590 793 840 1163 1366 
271 353 447 568 719 1031 
203 303 404 467 650 685 967 1006 1227 1237 1299 1328 1417 
29 122 301 309 392 612 931 1006 1054 1059 1175 1381 
286 349 512 854 966 1075 1113 1237 1301 1361 1376 
17 32 172 256 264 378 427 459 533 590 739 932 1242 
558 858 1303 1312 1432 
116 164 429 434 640 981 993 
104 149 227 234 237 271 291 333 342 344 346 434 913 1211 1221 1464 
368 441 465 536 813 1203 1204 1346 
65 111 234 341 490 512 950 1093 1226 1229 1248 1353 1373 1496 
18 120 183 195 370 505 541 553 639 642 744 846 852 886 1080 1098 1130 1291 1440 1449 
316 382 556 890 963 1030 1118 1156 1165 1196 1446 
177 294 571 761 763 1101 1335 1382 1483 
176 351 707 723 750 771 820 825 911 937 956 1135 1196 
44 127 390 509 579 606 707 862 882 1037 1159 1189 1209 
249 495 633 681 909 928 1063 1451 
22 71 181 183 257 281 541 548 677 959 1043 1288 1358 
71 213 257 270 291 319 493 711 937 986 1007 1106 1139 1226 
247 287 689 989 1143 1291 
87 163 303 424 705 768 788 846 901 1046 1086 1121 1165 1239 1322 1462 
18 24 492 632 673 853 868 1168 1195 1399 
65 117 565 621 654 791 827 1033 1416 1460 
44 244 363 611 648 760 962 975 1227 1233 1277 1444 1492 
2 345 376 378 387 411 719 1265 1359 
57 78 155 338 449 491 672 692 736 842 1012 1097 1249 1401 1436 
135 411 603 749 1258 1272 1476 
81 118 182 367 419 568 1123 1151 1312 1382 
541 592 638 698 802 833 856 937 954 1021 1059 1125 1400 1423 
300 322 390 435 440 503 572 658 692 791 821 
95 104 262 470 825 958 1390 
511 521 721 792 845 1200 1286 1334 1419 1461 
294 633 950 1191 1362 1460 1467 
19 303 322 525 543 632 675 690 782 786 860 932 1246 1306 1314 1325 
21 110 210 331 430 504 546 689 881 1256 1397 
109 140 294 331 342 373 587 804 993 1048 1056 1272 1393 1427 1436 
120 212 228 534 681 685 871 878 996 1007 1075 1153 1198 1301 
40 49 123 463 891 954 1014 1054 1260 
86 160 268 438 440 492 642 829 1278 1306 1389 1442 1453 1482 
4 63 67 369 752 835 873 963 996 1169 1373 1383 
25 61 68 238 242 314 485 585 760 791 859 969 993 1055 1120 1279 1282 1364 1424 
168 216 401 551 835 868 870 1012 1096 1137 1378 
175 230 242 255 452 495 601 609 623 684 861 1137 1145 1159 1195 1239 1286 
27 353 552 723 826 859 862 971 1057 1265 
154 393 796 836 983 1027 1036 1040 1263 1333 
21 27 217 554 857 1246 
337 351 513 758 819 826 873 912 1028 1103 1126 1167 1292 1343 
405 617 875 1263 1316 1487 
10 62 156 159 266 305 374 409 549 773 1061 1222 1264 1299 
101 384 469 636 676 1092 1131 1144 1216 1232 1254 1270 1300 1459 1486 
378 477 485 505 527 534 560 764 853 964 986 1004 1113 1166 
97 342 485 570 634 670 671 874 1026 1046 1228 1377 1386 1420 1439 
182 524 598 965 997 1034 1270 1383 1495 
46 91 251 305 380 410 488 554 804 910 1171 
196 366 480 778 1093 1095 1149 
68 444 674 797 958 983 1168 1226 1307 1311 1422 1473 
218 265 266 278 436 532 785 834 916 1201 1241 1394 
22 298 339 358 432 463 490 528 598 1122 1147 1183 1196 
57 250 252 532 753 888 897 959 1016 1032 
248 304 348 352 379 744 962 1143 1427 
5 270 391 423 541 593 727 768 796 810 927 943 1123 1135 
10 67 181 250 272 367 406 733 746 752 844 893 903 1018 1168 1186 1309 1312 1487 
132 299 394 401 888 951 988 1131 1196 1235 1267 1304 1322 1345 1392 1393 1394 1415 
168 236 657 680 916 985 1010 1070 1090 1206 1253 
176 186 209 453 601 1064 1150 1258 1289 1422 1486 
33 84 113 274 637 687 858 912 955 1097 1246 1371 1410 
387 850 1099 1143 1292 1300 
110 135 223 288 345 541 627 670 699 730 734 815 853 932 1237 1345 1425 
65 90 115 121 155 183 252 455 537 840 895 1094 1218 1329 1465 1488 1489 
59 274 353 489 498 781 843 885 1109 1232 1262 1377 
6 66 227 300 379 381 483 825 852 1419 1480 
17 26 84 356 547 588 655 716 839 1348 
322 329 511 570 574 652 766 888 935 947 1008 1024 1040 1179 1209 1354 1389 1470 
107 206 362 492 603 933 1021 1163 1362 1391 1406 
24 213 651 723 802 1044 1243 1331 1437 1475 
73 169 208 347 498 519 652 804 830 856 1054 1158 1171 1219 1232 1298 1319 
4 572 594 768 874 897 942 998 1186 1223 1451 1486 
70 78 258 341 415 443 446 458 545 717 962 989 1053 1124 1128 1214 
43 68 108 289 497 645 647 723 769 785 959 1027 1193 
72 83 84 97 193 322 396 467 569 633 752 834 
182 341 389 534 566 599 632 645 681 789 809 928 1009 1035 1051 1274 1405 1417 
268 506 1229 1349 1472 
52 275 522 601 639 802 891 928 1107 1395 1424 
442 480 560 661 1003 1099 
55 60 132 185 343 427 429 501 529 826 859 988 1010 1110 1180 1223 1284 1450 
51 121 219 240 361 582 1028 1146 1322 1327 1335 1376 
80 334 397 447 526 595 860 1145 1244 
6 131 165 284 342 546 640 857 1110 1167 
42 68 321 639 667 715 767 768 832 858 965 1093 1144 1199 1241 
536 547 767 933 1007 1069 
63 322 387 409 717 898 915 922 1106 1215 1336 1419 
39 64 73 99 131 146 161 287 288 335 359 492 655 1114 1433 
135 137 489 500 509 759 914 937 946 1006 1401 1449 1460 1467 
243 343 439 682 817 857 911 915 979 1400 1439 
185 299 490 638 670 800 854 880 890 992 1227 1257 
94 98 193 218 253 560 880 1089 1111 
140 191 411 695 717 735 913 941 1057 1138 1210 1324 1435 1453 1477 
131 306 351 415 616 714 809 872 956 1145 
306 327 344 347 440 643 783 861 885 900 997 1053 1156 1287 1353 1366 1472 
327 1047 1102 1155 1426 
32 155 362 598 634 859 1017 1081 1124 1142 1211 1226 1239 1289 1426 1497 
287 379 524 592 610 913 914 964 968 1057 1059 1116 1138 1281 1438 
45 142 254 546 641 702 856 902 978 1240 1315 1468 
337 387 748 891 988 1146 1259 1318 
56 93 187 279 430 466 679 696 799 897 1234 1239 
82 299 326 567 669 826 1140 1228 1239 1335 
335 594 813 922 932 1005 1160 1298 1394 1413 1487 
221 266 320 475 536 639 669 822 953 1137 1294 1351 1403 
215 268 281 368 581 706 965 1035 1038 1050 1149 1228 1417 1439 
151 221 450 462 511 954 1230 1251 1316 
78 220 225 241 462 479 497 609 728 865 947 1071 1162 1413 1444 1455 1456 1466 1481 
282 517 744 745 819 1014 
316 374 384 589 613 620 676 716 732 744 857 941 999 1203 1228 1373 1471 
15 99 156 201 312 340 468 475 571 734 792 1186 1195 1474 
72 192 321 471 545 1048 1098 1214 1268 
43 263 475 588 607 670 820 887 921 937 
11 119 213 296 322 611 860 877 909 953 960 1226 1263 1431 
53 144 704 802 973 1007 1127 1145 1354 1445 1491 
401 411 472 481 618 650 810 817 1004 1053 1189 1377 1446 
51 94 118 330 373 448 459 625 629 787 907 923 1063 1097 1125 1174 1345 
141 199 320 463 800 889 986 1184 1273 1406 1492 
42 85 219 242 421 506 818 995 998 1020 1171 1356 1377 1466 
124 208 513 560 710 1174 1435 1448 1473 
11 87 153 219 222 267 568 1034 1102 1243 
288 990 1070 1233 1354 
44 121 192 198 240 288 325 391 477 486 519 725 927 1006 1074 1154 1167 1185 1391 1406 1409 
29 250 383 539 554 689 913 930 966 1079 1258 1312 1325 1331 1380 1396 
271 300 535 591 754 1476 1482 
48 59 440 1096 1183 1468 
78 166 519 712 734 786 809 813 838 1066 1183 1267 1488 
40 230 476 689 785 816 1063 1188 1191 1255 
316 429 461 775 834 858 863 907 1035 1303 1328 1379 
54 266 492 497 585 600 612 676 810 852 1060 1349 1356 
32 52 76 302 418 509 736 816 1009 1058 1229 1462 
10 49 208 375 381 467 502 628 811 945 1064 1115 1358 1372 
209 275 353 421 520 579 620 626 678 685 696 1173 1301 1395 
234 303 370 569 687 769 869 1070 1224 1472 
40 223 240 323 344 376 377 435 633 656 1198 1200 1351 1394 1441 
385 852 919 1000 1243 1463 
216 420 513 859 
296 314 324 434 466 535 654 700 716 932 971 1019 1093 1239 1248 1397 1409 
18 169 172 273 319 439 711 894 982 1032 1063 1076 1150 1209 1277 1370 
329 359 367 857 1059 1091 1128 1163 
43 81 595 760 897 1310 
120 145 242 342 359 463 471 499 502 750 776 828 956 1012 1116 1411 1446 
84 123 364 419 422 432 465 554 810 866 933 976 1325 
112 264 270 307 323 400 452 494 504 684 730 738 773 826 1009 1144 1285 1308 1339 
34 84 245 542 638 986 1349 
160 292 311 336 572 604 691 709 731 814 854 896 1102 1257 1301 1359 1369 
59 103 139 323 340 476 488 518 579 1248 1290 1346 1347 1398 
37 42 50 144 188 476 535 862 880 884 989 1223 1442 
21 63 226 510 874 1004 1213 1254 1268 1367 
23 33 94 241 290 362 608 937 1073 1081 1102 1114 1269 1287 1388 
19 91 124 300 315 361 407 642 736 753 785 932 1036 1181 
185 211 226 298 451 581 595 716 774 788 801 1027 1106 1395 
197 291 418 790 854 867 1138 
39 206 482 567 826 940 1146 1239 1329 
461 639 665 762 785 856 1161 1266 1373 
159 224 248 272 431 548 579 804 837 1036 1116 1145 1179 1302 1316 
179 414 532 544 596 723 1031 1423 
15 76 100 290 363 495 786 789 826 981 1014 1243 
70 147 488 643 749 774 900 1041 1049 1274 1384 
160 166 213 234 241 258 306 340 572 634 777 866 872 884 953 977 1001 1116 
226 382 702 767 927 1067 1158 1404 
92 135 282 331 400 626 670 771 821 850 950 954 968 1054 1252 1354 1470 
123 418 453 685 820 1208 1215 1469 
34 107 239 253 416 494 540 551 573 763 877 1027 1085 1317 1375 
32 111 118 128 184 462 847 901 1189 
134 393 826 845 913 960 1147 1172 1211 1261 1321 1384 1448 
12 670 686 726 843 859 1431 1445 1465 
27 70 105 161 175 224 615 627 699 702 740 761 802 812 816 824 906 1049 1147 1166 1264 1373 1383 1428 
86 114 125 348 492 533 583 678 965 1110 1261 1276 1293 
8 117 250 391 569 610 800 872 965 1065 1109 1136 1261 1383 
220 352 388 694 1116 1333 1337 1360 1386 
55 240 393 512 589 731 1024 1057 1220 1307 1333 
229 286 310 333 337 448 468 615 900 1030 1101 1116 1270 1357 1433 1454 
7 420 467 602 623 744 887 1094 1134 1168 1431 
46 235 505 684 1059 1134 1151 1180 1441 
20 136 163 178 357 369 595 646 712 735 787 894 995 1015 1056 1101 1109 1151 
34 228 333 613 695 697 912 1077 1123 1131 1313 1445 
58 86 341 378 409 424 652 700 869 1011 1114 1132 1173 1313 1353 1451 
431 645 814 939 1124 1272 1288 1332 1474 
32 83 122 204 336 474 785 844 945 965 991 1026 1036 1068 1071 1142 1250 1262 1346 1367 
9 118 338 475 494 580 727 878 890 1015 1227 
218 259 330 361 390 472 500 656 724 849 993 1245 1289 1374 
248 452 480 873 885 1001 1330 1389 1412 1457 
1 71 583 681 908 940 1178 
111 374 459 629 630 640 725 825 936 955 1043 1161 1216 1351 
32 119 181 195 202 330 601 717 838 1022 1071 1122 1323 1399 1459 
46 277 393 449 583 687 824 978 1367 1482 
213 237 419 667 676 1178 1229 1368 1453 1457 1473 
75 502 823 1176 1312 1343 1467 
395 406 444 490 526 531 595 604 653 1130 1166 1369 1376 1473 
38 111 840 1028 1481 
171 397 411 427 445 466 722 820 1118 1269 1344 1444 
4 48 588 941 1005 1434 
53 234 366 373 507 667 726 788 794 883 950 1092 1109 1194 1398 
25 77 180 473 528 616 677 706 723 1007 1129 1238 1329 1359 1386 1415 
259 317 398 400 410 461 499 570 636 660 750 804 811 903 1101 1324 
549 862 887 937 1245 
290 415 574 629 684 731 758 813 1051 1100 1150 1194 1223 1469 
176 256 290 563 701 743 749 768 798 874 881 924 938 1173 1305 
3 36 235 346 351 390 520 605 662 721 744 787 947 973 1143 
250 424 535 696 699 740 756 795 825 967 974 1058 1372 1406 1441 
10 58 216 340 421 452 470 471 516 575 603 689 742 772 929 977 985 1077 1224 1244 1340 1373 1426 1452 1453 1476 
114 147 202 255 347 349 367 414 613 698 754 975 1048 1204 1262 1354 1376 1388 
126 307 309 376 671 699 806 855 1362 1369 
112 203 232 350 388 471 787 1008 1015 1021 1028 1081 1240 1380 1412 1487 
11 33 213 254 299 327 560 581 978 1199 1205 1222 
217 404 486 497 499 643 766 899 922 969 1092 1260 1368 
95 801 818 977 981 1127 1269 1325 1445 
26 157 392 506 603 811 995 1167 1184 1251 1263 1356 1360 
109 183 461 575 677 697 971 1009 1413 1422 1432 
5 171 497 628 636 792 836 1042 1293 1455 
24 49 164 194 416 418 697 1230 1261 
77 104 546 692 949 1147 1289 1371 
191 308 347 421 557 593 605 753 818 828 903 1006 1183 1259 1362 1448 
61 115 147 156 487 496 608 695 702 841 901 1381 
65 89 103 141 446 518 606 640 707 732 807 857 941 1229 1303 1355 1451 1459 
137 183 231 336 480 503 703 960 1074 1313 1323 
275 311 454 550 1081 
87 155 377 441 772 822 935 1058 1187 1249 1271 
95 323 447 479 533 627 692 839 905 1099 1190 1347 1436 
267 520 524 616 654 895 1116 1201 1263 1271 1298 
165 535 616 645 750 751 806 1002 1227 1436 
159 187 197 237 376 540 690 857 1223 1304 
331 671 884 976 
109 128 187 238 327 457 530 546 852 888 917 1048 1068 1106 1173 1246 1413 1447 
8 122 395 402 461 476 490 806 818 882 956 968 1085 1183 1349 1395 
102 162 288 498 583 725 754 841 977 1075 1127 1236 1327 1367 1469 
27 143 368 479 556 634 667 888 1128 1423 
37 94 207 333 338 365 385 463 495 608 655 771 832 855 906 937 1080 1238 1319 1391 
49 61 133 163 174 381 415 599 714 718 728 883 886 994 996 1017 1046 1179 1428 
54 186 232 331 776 922 973 984 1193 
221 250 259 278 494 497 619 668 750 839 912 950 971 1404 
255 297 375 550 693 738 759 950 964 1265 1335 
20 54 573 1056 1221 1447 
69 399 408 466 523 569 647 717 920 952 998 1052 1264 1321 1343 1358 
203 283 501 584 797 834 1050 1153 1230 1489 
56 123 312 470 479 620 724 879 924 944 1084 1149 1379 1433 
8 119 245 378 522 804 986 1056 1078 1103 1361 1471 
67 88 322 504 512 553 714 732 760 799 933 1008 1041 1190 1314 
116 143 290 371 394 439 531 563 608 746 913 1034 1039 1250 
176 262 522 576 865 967 1033 1382 
76 109 189 205 226 299 457 754 817 831 935 945 986 1024 1428 1460 
9 113 204 238 311 399 438 484 490 514 676 823 873 978 1020 1040 1078 1172 1173 1213 1243 1316 1319 1334 1392 1472 
7 50 164 355 418 453 534 758 903 920 1059 1194 1198 1216 
65 264 282 351 424 620 653 717 854 872 902 911 1143 1371 1412 
218 233 482 570 618 969 1007 1052 1207 1235 1365 1384 1476 
64 82 164 227 412 878 934 1223 1234 1394 
26 100 134 366 455 459 466 826 887 914 1006 1115 1360 1424 1426 1487 
45 62 294 319 465 486 521 595 775 787 914 937 1044 1056 1183 1191 1300 1352 1419 
450 594 618 842 950 1140 1374 1440 
36 201 221 272 287 499 672 772 1000 1118 1271 1434 
102 493 629 709 1059 1455 
56 78 210 478 535 670 749 903 1100 
72 102 188 213 472 487 702 721 835 890 981 1320 1409 
368 431 558 664 752 757 782 824 898 1019 1113 1175 1247 1331 1342 
23 135 192 195 748 757 906 907 1010 1016 1062 1088 1097 1140 1198 1412 1413 1419 1450 
277 321 395 553 584 585 614 653 746 749 1213 1469 
272 288 390 641 712 719 933 1072 1272 
23 223 276 371 386 523 534 547 883 983 1003 1171 1201 1233 1250 1338 1339 1357 
146 194 224 381 495 608 950 965 1118 1259 1434 
2 184 218 470 794 1100 1138 1180 1222 1384 1428 
202 241 345 370 489 540 893 902 1027 1124 1474 1486 
12 33 219 410 459 633 771 992 1018 1062 1130 1161 1361 
100 289 313 347 471 746 762 865 889 923 1055 1064 1272 1283 1284 
8 134 282 493 775 922 1436 
125 144 857 895 998 1049 1052 1112 1179 1382 1485 
14 95 261 467 560 636 968 1027 1077 1214 1348 1369 1389 1400 
223 417 624 966 998 1004 1044 1071 1122 1162 1398 1413 1421 1468 
114 339 347 582 716 781 819 960 1057 1109 1110 1187 1237 
125 177 274 339 451 455 516 601 672 736 738 1276 1366 
641 650 860 1027 1220 1289 
48 306 375 437 463 606 782 
116 274 336 411 577 616 628 659 935 1257 1354 1383 1424 1470 
268 289 413 484 488 661 689 723 762 796 809 934 1032 1056 1159 1167 1197 1204 1429 
85 142 487 585 729 745 801 897 916 1039 1122 1271 1404 
13 137 317 493 905 932 1061 1239 1298 1367 
31 172 196 241 255 560 728 877 900 931 956 958 971 1132 1190 1257 1293 1302 1345 
131 400 519 524 843 938 963 1006 1070 1122 1127 1139 1208 1277 
12 178 386 460 610 670 674 684 748 771 808 855 887 907 1012 1104 1132 1160 1389 
211 297 315 481 557 594 857 936 1116 1169 1371 
78 121 416 837 1189 1448 
145 206 567 812 842 1071 1074 1164 1177 1327 
100 178 507 511 554 752 768 851 874 1242 
31 72 199 239 410 614 732 1309 1356 1405 
56 63 76 149 179 213 254 286 314 348 356 438 542 716 1084 1275 
221 297 298 326 584 588 606 895 1118 1200 1294 1497 
35 149 224 640 790 838 900 1240 1320 1354 1358 
263 280 338 485 496 748 1193 
263 510 644 728 766 858 1060 1338 1388 1410 1465 1480 
37 100 198 294 300 303 315 368 515 1025 1105 1124 1217 1497 
132 156 191 632 871 974 1091 1167 1310 1352 
4 163 347 350 537 666 688 820 852 890 891 908 918 969 997 1066 1093 1101 1179 1215 1229 1304 1366 1396 1459 
47 49 95 268 514 613 617 718 1095 1166 1300 1442 
88 205 266 368 401 434 893 969 1143 1293 1343 
47 71 218 297 331 334 462 763 772 818 1092 1143 1145 1284 1320 1345 1405 
307 524 597 603 627 684 693 765 820 1385 
134 328 356 360 548 721 843 1003 1036 1104 1150 1247 1341 1384 1455 1496 
4 326 655 670 753 800 884 935 1048 1371 
7 449 546 566 1072 1074 1096 1115 1407 
146 654 686 711 935 960 1030 1116 1161 1201 1301 1353 1464 
120 171 177 221 338 462 626 673 714 734 1065 1100 1107 1346 1352 1409 1418 1430 
87 295 367 466 549 772 824 875 927 958 998 1160 1420 
177 305 425 1199 1280 1409 
210 232 263 503 520 580 603 679 715 733 1014 1358 
2 26 585 604 668 695 936 1025 1141 1166 1238 1393 1473 
209 259 274 316 533 584 706 757 891 1001 1004 1034 1085 1419 
18 60 459 555 708 744 764 827 828 838 918 989 1006 1084 1187 1262 1333 1469 
179 249 535 537 608 660 782 926 
334 364 378 492 548 558 658 859 899 1230 
71 134 349 369 561 579 590 647 757 820 884 925 1009 1041 1087 1151 1403 
249 403 544 567 584 599 696 865 904 950 952 1126 1257 1356 1381 1467 
393 401 631 982 986 1087 1159 1328 
205 261 265 411 543 699 796 868 890 935 986 1099 1235 1249 
23 85 239 340 348 396 499 562 1027 1129 1157 1158 1171 1263 1264 1323 1371 
46 182 440 462 474 595 621 773 858 889 1110 1147 1329 1389 
140 401 445 637 644 654 859 949 1019 1130 1343 
63 185 302 390 395 428 552 581 679 861 1462 1495 
83 189 405 461 801 882 1092 1220 1221 1323 1464 
451 818 860 866 885 1300 1355 1368 1425 1454 
86 145 327 337 446 758 845 864 901 1060 1331 
79 369 421 749 1108 1307 1490 
137 191 438 453 526 996 1075 1130 1224 1287 1352 1467 
41 280 336 351 497 563 565 663 816 866 912 1067 1125 1180 1361 
14 208 209 399 457 797 970 1115 1168 
77 201 396 406 474 553 700 711 917 1030 1141 1179 1467 
141 457 505 585 586 610 889 1102 1108 1131 1132 1182 1424 
39 98 165 248 318 379 381 471 719 860 1034 1150 1195 1382 1450 
38 75 202 267 275 306 343 559 632 674 706 776 803 896 900 970 971 1111 1276 1301 1317 1400 1414 
201 255 284 320 382 458 490 614 1101 1125 
89 189 340 460 597 643 651 718 740 759 1099 1150 1219 
194 314 352 535 607 675 733 806 965 1171 1430 1465 1491 
324 502 780 992 1114 1210 1213 1361 
164 273 327 349 585 838 1126 1226 1337 1342 
6 182 185 322 427 474 750 921 990 1019 1086 1153 1154 1155 1445 
10 185 195 533 550 614 663 691 696 840 1121 1305 1339 1347 1494 
3 190 400 562 888 1036 1042 1246 1381 
74 136 137 219 416 777 834 867 1056 1286 1312 1396 
13 156 312 342 387 692 695 888 980 1394 1449 
93 94 264 375 438 479 496 708 754 950 1029 1172 1297 1430 
306 314 325 732 777 893 924 926 960 1040 1247 1452 
6 30 63 243 413 608 768 1095 1113 1307 
99 280 323 450 563 794 909 1078 1119 1121 1369 1370 1426 
75 350 354 634 818 841 964 1318 1338 1435 
419 555 632 639 880 1273 1364 
373 406 423 739 917 955 1165 1409 
55 110 371 487 706 774 807 926 964 1207 1441 
6 10 75 110 112 119 219 431 520 762 851 1025 1268 1328 1393 1469 
103 118 193 247 297 311 345 559 605 658 659 748 781 872 906 936 965 1209 1220 1436 
57 71 138 213 319 369 645 674 692 745 773 853 904 1461 
199 313 435 728 863 897 1038 1177 1229 1319 
194 225 234 642 736 789 802 868 968 1038 1424 
404 542 652 719 740 914 1163 1226 1243 1410 
111 227 315 426 435 447 614 624 642 836 1462 
273 425 611 681 697 800 937 1109 1212 1403 1445 1468 1471 
210 238 459 1161 1208 1482 
111 438 440 653 693 767 816 962 1130 1193 1212 1217 1236 1288 
205 212 366 385 550 599 642 834 839 863 1092 1130 1237 1369 1480 
8 355 357 405 457 550 592 714 914 1159 1181 1234 1254 1397 
331 570 756 888 1120 1280 
132 291 433 442 717 921 1045 1136 1161 1244 1266 1311 1333 1489 
79 216 470 517 796 913 974 992 1118 1280 1410 1432 1483 
83 115 129 186 193 531 532 613 777 901 1300 1327 
48 340 684 729 863 1287 1371 1433 
51 243 269 409 544 844 1070 1161 1412 
42 276 451 455 508 1139 1140 1243 1347 1497 
75 78 375 506 532 621 728 830 900 1201 1246 1302 
215 232 329 948 963 1005 1064 1160 1210 1355 
104 320 617 635 654 707 838 1100 1235 
223 305 551 700 734 810 822 920 925 929 972 1085 1093 1133 1159 1466 1467 
39 283 558 564 702 741 849 863 1185 1280 
125 435 451 997 1144 1392 
45 50 231 375 378 465 651 668 831 958 983 1154 1420 
214 259 302 428 657 815 1291 1321 
2 81 106 479 714 797 932 1234 1342 1371 1387 
138 166 352 583 678 899 1401 
86 140 176 281 367 708 779 898 964 985 1137 1275 1305 
204 304 331 345 529 635 736 764 787 1066 1241 1262 1457 
134 425 446 496 700 809 814 838 955 994 1123 1193 1233 1393 1402 1409 
145 266 363 590 671 1095 1382 1428 
6 170 605 764 1008 1009 1067 1227 1244 1352 1406 
106 219 435 647 898 933 1142 1155 1340 1405 1410 
86 252 271 434 471 492 618 700 728 901 998 1152 1169 1268 1382 
63 179 195 230 231 491 507 614 817 897 968 1047 1439 1448 
52 118 176 330 869 994 1261 1346 1394 
63 91 92 201 234 274 332 475 620 673 843 1233 
59 144 235 378 453 652 730 907 926 1199 1467 1488 
2 96 140 233 257 430 1018 1053 1161 1346 
116 185 389 592 676 707 888 1096 1219 1269 1348 1417 
13 48 57 116 171 208 270 445 755 1041 1174 1221 1308 1442 
38 194 263 276 572 632 691 770 861 883 956 1052 1459 
30 64 111 216 227 292 343 369 397 623 817 826 924 1445 
129 330 644 764 894 1104 1271 1336 
155 736 856 1255 1445 
303 308 323 376 893 904 924 1048 1066 1140 1203 1304 1354 1423 1431 1457 
28 49 358 473 550 635 733 754 774 1045 1246 1260 1263 
57 463 510 548 659 693 731 820 1244 1266 1452 1471 
25 318 367 435 468 696 922 1176 1200 1261 1290 1386 1465 1486 
43 241 386 544 691 834 892 896 907 932 995 1164 1176 1368 
71 132 699 752 757 830 927 1302 1350 1415 
51 162 207 323 550 553 556 560 789 859 877 1118 1158 1262 1328 1336 1416 
33 93 331 358 423 535 615 642 659 684 757 798 833 902 910 1086 1382 1442 
319 428 448 608 611 631 788 947 978 1148 
2 4 92 399 438 704 934 1154 1326 
242 356 548 557 593 914 921 1232 1282 1295 1359 1449 
71 83 113 261 419 481 642 655 672 775 786 797 1089 1145 1174 1496 
81 272 600 720 790 922 1025 1116 1222 1321 1466 
94 142 211 262 450 828 959 1233 1286 1363 1461 
91 204 213 294 370 377 470 785 950 1035 1052 1140 1242 1389 1442 
89 110 219 232 630 819 981 1038 1479 
35 160 421 472 531 633 838 883 1245 1333 
199 235 426 499 745 1449 1484 
133 139 187 354 377 588 719 780 792 936 1022 1119 1186 1299 1323 
87 323 355 582 766 838 844 926 940 1237 1326 
2 172 289 376 418 431 916 957 1224 1299 1410 1448 
13 244 372 439 808 1082 1204 
60 129 316 581 781 875 940 957 1172 1180 1290 1380 1454 1458 
1 220 276 395 451 660 692 885 980 1093 1128 1163 1278 1301 1457 
280 797 1192 1418 1424 
460 474 490 564 650 835 860 925 1341 1398 1412 1420 
456 896 901 1000 1310 1346 1392 1426 
39 114 278 782 1153 1227 1356 1409 1413 
9 103 667 887 1101 1442 1490 
340 388 416 557 589 620 756 808 863 876 1082 1093 1097 1382 1484 1488 
21 186 197 249 264 310 500 546 574 1073 1081 1234 1304 1333 1410 1448 
5 36 113 139 421 426 522 592 1118 1317 
43 93 154 224 239 297 621 895 943 965 1183 1310 1479 
53 463 822 884 964 1027 1198 1332 
143 308 402 414 676 992 1059 1139 1204 1316 1428 
29 59 127 173 377 456 457 493 968 970 1407 1454 
42 341 914 1212 1239 1263 1362 
79 270 442 446 452 751 1063 1099 
321 350 371 650 719 1124 1389 1438 
141 158 624 798 949 1179 1227 1244 1317 
81 335 389 474 705 852 865 953 976 1015 1122 1198 1249 1333 1335 
216 392 403 666 710 744 796 950 1027 1075 1081 1279 1486 
382 724 832 1241 1393 1474 
105 210 233 357 472 710 951 999 1037 1229 1271 1318 1426 1467 1494 
18 131 239 446 453 616 697 784 957 1046 1156 1177 
437 484 623 681 721 775 914 1081 1098 1203 1225 1282 
105 348 352 397 457 511 639 667 770 1097 1139 
3 411 433 504 722 739 878 971 988 1089 1186 1371 
150 406 593 617 856 911 919 959 1026 1123 1180 1216 1229 1481 
81 440 453 599 669 831 834 854 950 987 1080 1269 1283 
123 272 461 563 755 779 804 808 984 1146 1419 
22 87 121 209 422 598 702 896 1303 1486 1491 
190 545 623 937 955 1050 1200 1260 1307 1317 1359 1393 1399 
178 296 363 404 516 948 1325 1363 1395 
29 167 173 196 255 422 447 559 608 674 746 810 883 1164 
268 318 368 515 542 738 959 1148 1240 1279 1474 
121 140 341 475 552 612 627 979 984 1384 1386 1462 1478 
82 725 828 834 852 927 1012 1155 1298 1394 1487 
411 452 639 740 743 827 927 973 1472 
92 165 332 373 485 751 986 1223 
12 16 466 611 655 924 1319 1451 
52 70 319 529 584 660 706 913 999 
58 232 294 509 747 808 836 990 1211 1230 1262 1409 1421 
200 441 522 647 790 906 957 982 1139 1234 1489 
757 800 814 818 829 831 879 938 958 1064 1205 1217 1417 1469 
17 54 217 243 304 380 622 1126 1144 1177 1213 1247 
93 172 332 415 416 452 482 508 558 668 850 909 918 944 1019 1058 1083 1450 1475 
2 229 496 1000 1070 1243 1325 
69 263 308 413 434 696 1017 1200 1347 1351 1492 
15 56 222 457 461 470 528 565 651 676 993 1000 1224 1334 
63 123 394 654 713 844 926 933 936 1092 1130 1167 1173 1207 1248 1282 1350 1395 1425 
19 120 177 247 683 716 835 1036 1100 1427 1466 
56 282 377 417 589 632 733 756 837 920 948 1090 1218 1357 1391 
5 27 31 48 83 145 212 311 416 684 775 981 987 1239 1476 
130 171 214 278 702 969 991 1117 1310 
278 408 426 773 866 885 936 1131 1316 1395 1468 
43 144 250 485 733 798 886 1075 1185 1361 1400 1411 
98 227 290 372 385 853 972 1208 1231 1259 1345 
248 260 365 428 562 667 848 921 974 980 1014 1015 1122 1450 
49 120 207 289 305 402 472 551 641 705 718 835 984 1127 1197 1392 
20 130 339 437 836 935 937 984 1154 1337 
311 518 520 1027 1175 1181 1274 1322 
115 144 231 282 295 832 833 1259 1428 
63 206 310 377 456 670 716 1156 1341 1411 
136 234 283 320 517 637 828 1018 1262 1374 1435 
180 429 435 497 514 539 565 697 698 763 1034 1180 1250 1277 1484 
51 82 137 334 363 646 752 757 811 919 1190 1245 1250 1363 1368 1409 
5 43 75 229 419 467 635 674 936 1023 1086 1098 1115 1229 1284 1352 1394 1411 
11 28 150 193 233 311 400 505 586 761 908 914 1023 1052 1066 1370 1388 
97 102 255 304 347 443 479 583 963 983 1151 1190 
120 190 241 251 271 277 333 360 405 466 615 756 838 1039 1192 1216 1413 1423 1465 1480 
2 675 715 722 858 903 952 953 1254 1301 1349 1375 1408 
17 50 195 203 569 574 705 744 802 1029 1117 1243 1259 1382 1495 
250 366 440 541 698 742 753 773 814 953 1063 1221 
150 382 412 506 645 741 759 812 1102 1191 1221 1331 1344 1453 
286 309 507 511 530 566 713 824 826 871 973 1235 1407 1459 
312 466 493 1060 1107 
114 220 710 764 895 1169 1204 1288 1364 
140 294 430 437 474 496 720 797 856 955 985 988 1252 1432 
19 121 146 410 435 472 518 683 833 834 968 1141 1171 1356 
57 270 301 1040 1183 1222 1225 1275 1308 1415 1459 
92 139 196 236 394 631 692 894 992 1079 1212 1482 
28 363 395 519 632 781 992 1030 1061 1132 1210 1308 
64 73 197 555 755 992 1039 1109 1277 1281 1377 
26 564 643 647 668 754 1096 1135 1221 1231 1288 1451 
67 105 459 560 646 972 1325 1397 
31 71 106 130 157 167 186 227 387 435 445 483 548 572 584 626 636 731 819 972 1058 1175 1230 1251 1302 1328 1483 
84 170 283 290 322 410 412 503 671 698 932 970 1016 1027 1161 1451 1497 
106 170 372 403 762 937 960 1025 1243 1276 1288 1380 1492 
270 309 609 813 843 921 958 1013 1018 1022 1045 1159 1398 
32 153 247 281 289 766 926 1269 1274 1352 1429 
451 543 656 729 798 1010 1075 1416 1431 
940 1056 1106 1181 
141 668 676 1003 
252 397 399 479 706 826 848 951 963 1306 1399 
250 439 563 625 702 743 781 867 932 949 1122 1297 1321 1368 1457 
84 207 257 420 507 623 677 711 717 832 982 1183 
131 183 398 417 497 628 695 938 1040 1149 1196 1273 1356 1359 
45 55 122 196 253 311 526 654 1396 1404 
180 273 297 477 541 543 579 644 709 731 777 917 972 989 1151 1173 1201 1369 1495 
52 153 235 278 410 423 824 901 997 1074 1231 1252 
163 181 266 387 408 589 652 791 836 857 883 901 1122 1171 1249 1270 1278 1468 
92 97 129 132 350 473 494 775 778 1047 1063 1305 
9 141 170 493 659 913 1133 1158 1236 1370 1408 1437 1463 
272 357 370 476 847 1055 1056 1318 1418 1492 
78 340 349 418 435 567 940 1008 1096 1117 1245 1462 
143 475 524 842 846 1442 
93 112 463 536 728 814 888 924 950 983 1091 1180 1361 1431 1460 
149 267 288 318 740 833 919 981 1074 1100 1137 1179 1330 1443 1463 1490 1493 
196 348 377 455 478 496 533 809 1016 1133 1164 1214 1317 1385 1447 1455 1467 
101 104 356 984 1235 1252 1358 1394 
374 713 784 785 872 884 907 1084 1152 1168 1457 
40 53 79 100 472 776 867 1389 1441 1457 1468 1492 
51 92 341 397 413 423 472 521 598 781 1028 1128 1188 1447 
171 177 278 447 533 572 717 732 769 1070 1099 1282 1343 1411 
259 284 291 447 536 877 927 965 1206 1288 
208 314 382 422 434 457 786 1185 
220 271 288 319 494 506 547 568 671 774 823 939 1200 1206 1209 1233 1405 1482 
112 486 878 897 935 1138 1141 1388 1442 1453 
87 448 491 580 688 786 907 1146 1424 
54 84 1076 1142 1340 1422 1475 
14 130 157 623 734 889 946 1014 1036 1239 1399 
521 852 856 902 1322 1377 1473 
67 266 336 526 602 645 677 698 769 985 1239 1383 
201 361 625 668 670 713 718 1169 1209 1472 
45 72 88 242 448 521 557 932 1131 1260 1326 1373 1434 
33 80 257 280 321 535 692 793 902 914 1085 1092 1249 1269 1296 1472 
149 177 233 242 271 744 864 961 1044 1218 1465 
25 26 190 228 525 687 793 944 1055 1104 1120 1189 1430 1474 
38 573 588 638 712 879 917 958 1024 1171 
6 46 228 522 596 643 1401 
203 525 573 665 768 1052 1097 1272 1298 1464 
340 352 374 441 611 665 861 932 1073 1086 1149 1356 
472 864 1116 1278 
224 254 274 309 588 719 1187 1189 1293 1361 1413 
85 904 1004 1122 1384 1405 1456 1466 1482 
33 82 92 315 330 486 604 821 936 1013 1129 1210 1238 1295 1316 1457 
16 348 489 592 654 671 728 797 1006 1189 1196 1271 
59 125 522 619 752 990 1025 1154 1208 1231 1389 1494 
30 122 232 664 756 824 1114 1214 1255 1424 
125 211 228 516 615 1012 1014 1088 1153 1225 1326 1423 
365 384 432 592 634 807 901 915 990 1117 1261 1291 
220 314 488 548 733 770 925 1181 1211 1373 1482 1497 
104 156 299 307 359 607 611 646 746 821 950 1232 
62 88 331 601 624 705 843 902 1100 1142 1479 
141 523 560 571 948 1014 1116 1219 1301 1364 1371 1396 
154 452 648 724 1124 1199 1337 
109 157 200 298 361 379 436 495 731 988 1046 1217 1495 
5 108 115 127 203 225 449 487 830 929 976 1006 1234 1398 1432 1496 
177 420 664 892 976 1047 1145 1146 1156 1330 1487 
135 326 704 864 919 1064 1152 1251 1307 1330 1398 
144 145 215 387 419 475 594 732 740 806 856 881 905 1111 1344 1487 
18 28 30 214 277 377 446 520 529 645 792 860 980 1072 1121 1266 1271 1316 1357 
227 244 442 585 1097 1152 1212 1275 1301 1347 
32 87 472 544 666 674 711 756 772 991 1010 1294 1317 1376 1421 1455 1458 
144 154 251 295 364 658 679 750 839 880 1038 1079 1091 1308 1414 1487 
4 23 52 71 186 382 557 707 761 764 768 1300 1349 1353 
6 114 253 318 549 563 666 737 789 846 874 950 1008 1095 1100 1139 1248 1335 
31 63 174 305 467 492 521 765 870 894 967 1114 1158 1290 1292 
29 31 418 629 1129 1156 1172 1210 1358 1396 1496 
49 125 140 257 302 316 377 499 653 705 725 731 1062 1215 1283 1301 1412 
617 679 780 917 1036 1043 1065 1189 1435 1496 
60 74 309 487 619 760 905 1016 1032 1082 1115 1220 1238 1382 1440 
106 145 379 407 514 718 904 971 1026 1147 1182 1360 1395 
57 212 360 435 489 885 1014 1175 1366 1421 1427 1493 
594 658 660 723 927 1015 1071 1322 1338 
30 374 375 515 562 638 853 887 963 1208 1234 1349 1376 1460 
67 110 304 652 676 698 756 760 761 796 812 934 1088 1125 1193 1195 1308 1435 
17 86 104 234 278 286 331 418 426 461 560 758 863 945 1107 1277 1370 
608 712 744 1035 1094 1337 1413 1475 
34 55 210 441 661 941 1066 
194 373 455 502 730 779 794 816 901 1010 1023 1119 1144 1160 1363 
150 162 207 276 282 391 602 617 742 860 1018 1038 1054 1091 
86 272 362 840 855 1068 1138 1177 1248 1249 1319 1347 1372 1410 1420 
9 46 164 241 626 634 689 701 721 883 994 1024 1053 
109 360 463 913 955 998 1117 1473 
48 222 306 411 446 520 521 562 666 796 805 1122 1229 1245 1272 1328 
245 302 681 877 971 1092 1173 1198 1245 1270 1412 1423 
88 263 329 597 838 898 917 1137 1138 1261 1441 1462 
62 249 537 765 867 1158 1222 1333 1341 1364 1420 1444 
34 117 152 212 353 621 820 1150 1172 1182 1448 
120 153 265 433 719 1416 
188 483 705 807 1016 1143 1369 
29 207 282 332 552 617 786 1051 1211 1365 1474 
206 469 602 646 690 1274 1431 1486 1487 
188 360 525 750 804 931 935 969 1329 1436 
105 682 720 782 1289 1312 1348 1412 1423 
54 155 342 397 467 652 759 872 918 1129 1134 1144 1368 1400 
104 249 358 454 482 628 693 865 1053 1104 1197 1270 1284 1366 
300 364 383 824 827 828 870 1042 1055 1213 1250 
9 219 406 446 552 725 838 861 965 1035 1058 1114 1136 1319 1428 1491 
98 147 700 703 772 867 879 972 1053 1088 
210 465 591 604 630 704 826 893 972 1278 1375 1443 
33 67 133 159 193 296 435 680 699 891 1383 
47 100 122 295 378 472 649 813 1018 1054 1224 
98 210 455 502 527 718 785 1438 
43 76 176 245 248 414 416 418 488 580 643 770 807 1005 1040 1376 1433 
91 446 453 567 631 808 850 866 1046 1101 1162 1198 1318 1405 
6 459 565 705 708 831 1173 1249 1260 1286 1439 1457 1474 
89 97 123 136 183 214 419 564 604 877 879 909 933 1050 1095 1209 1224 1283 
172 340 566 579 682 691 837 916 922 1203 1248 1372 1492 
105 111 223 299 510 581 776 1002 1169 
6 34 115 191 235 281 312 542 546 736 817 1133 1162 1256 1362 1486 
1 79 91 203 332 943 1034 1152 1225 1291 
388 560 570 827 928 986 1160 1311 1375 1400 1411 1475 1481 
82 131 221 258 473 580 679 797 936 1137 1155 1240 1425 
11 115 182 302 694 1075 1173 1205 1264 1291 1329 
12 604 623 696 1093 1107 1296 1458 
187 425 480 487 582 961 1017 1019 1028 1283 1284 1323 1483 
253 336 566 757 1155 1296 1362 
313 516 563 696 1062 1097 1122 1186 1480 
41 329 562 640 922 1101 1232 1271 1280 1296 
245 266 389 513 649 740 922 953 1139 1260 1280 1358 1481 
84 247 421 422 441 527 589 802 1371 1459 
183 687 698 995 1065 1270 1317 1356 
183 238 249 452 500 519 586 754 808 980 1021 
137 336 461 673 837 1014 1149 1156 1160 1187 1323 
19 42 55 427 477 720 756 840 871 929 1258 1470 
321 396 530 805 1055 1074 1230 1297 1365 1368 1443 
60 105 114 228 247 384 436 667 675 1031 1213 1275 1278 1363 1386 
41 48 49 70 219 397 477 537 562 702 722 1230 1469 
123 139 281 465 827 869 935 952 1206 1314 1393 1395 1421 
23 326 572 763 944 1226 1326 1329 
82 86 210 328 367 389 580 1062 1208 
113 164 173 385 424 459 627 1198 1279 1281 1283 1329 
38 125 145 430 434 522 530 561 600 997 1167 1290 1452 
244 375 445 472 620 731 762 879 934 1109 1203 
182 337 658 704 1070 1072 1311 1331 1396 
39 63 616 705 722 907 951 977 1020 1228 1304 1435 
105 119 130 179 197 277 380 461 629 660 692 791 804 958 986 1075 1143 1217 1225 1232 1403 1405 1458 
99 131 153 317 434 575 814 935 1024 1057 1158 1352 1435 
23 60 116 138 151 387 388 407 662 787 874 1103 1320 1440 
64 92 292 321 345 365 539 654 718 881 950 1052 1082 1300 1381 1401 
64 136 168 172 421 443 489 588 609 857 993 1034 1174 
185 344 553 589 689 694 1166 1389 1397 
287 400 583 585 711 830 979 999 1104 1222 1360 1455 
324 349 402 405 574 645 655 802 1047 1152 1154 1227 1239 1334 
326 406 429 467 518 633 717 942 1347 1468 1474 
42 85 105 130 255 260 370 380 422 461 501 503 799 949 1078 1084 1126 1347 1352 1410 1417 
184 198 319 342 433 575 711 1018 1276 1299 1319 1405 
89 146 230 369 370 460 489 542 596 662 683 717 782 847 995 1258 1315 
261 572 835 836 875 1344 1379 1383 1491 
97 222 463 689 897 1293 1412 
91 102 106 152 210 238 272 305 478 613 758 1312 1381 1404 1483 
305 703 765 814 901 1086 1127 1208 1224 1410 1418 
93 351 432 491 640 822 986 1083 1091 1104 1181 1226 1286 
44 52 292 358 759 1001 1095 1176 1269 1339 1468 
22 44 168 212 350 363 369 420 427 436 611 651 731 887 901 1008 1112 1245 1262 1311 1427 1496 
93 341 422 602 643 912 945 953 1303 1323 1475 
52 164 201 370 390 435 463 511 824 893 1031 1064 1167 1338 
35 83 579 595 614 676 718 741 1133 1194 1237 1393 1480 
204 232 246 255 844 875 972 976 1070 1280 1288 1320 
201 204 223 375 383 388 483 548 752 854 1327 1468 
258 330 343 689 782 801 866 1105 1119 1157 
45 151 203 252 1061 1071 1197 1212 1294 
82 218 282 504 561 741 885 940 1020 1324 1412 1470 1476 
41 180 374 413 658 787 970 1005 1058 1158 1248 
111 140 221 510 511 532 578 724 812 853 973 1257 1278 1294 1296 1354 
268 296 350 358 387 396 470 556 841 1180 1221 1222 1335 
97 118 169 178 199 351 396 443 730 782 913 978 1146 1299 1490 
134 332 517 639 837 1085 1336 
23 284 288 336 382 491 700 829 830 965 1018 1068 1082 1092 1251 
2 10 171 547 687 901 1121 1308 
38 126 440 594 669 741 761 891 1092 1229 1330 
17 248 394 424 525 579 654 746 1050 1058 1332 1397 1442 1497 
212 265 280 397 539 553 577 829 991 1132 1218 1241 1396 
465 917 947 1001 1237 1321 1346 
15 149 219 333 556 587 802 917 993 1318 
12 490 624 860 1039 1192 
370 581 639 955 1077 1135 1251 
87 402 913 991 1032 1483 
178 194 432 525 536 614 702 847 893 952 974 1186 1492 
25 350 440 499 517 850 1146 1223 1313 1400 
165 261 349 465 528 529 558 718 723 775 935 953 1129 
11 137 147 183 228 399 509 547 665 805 838 959 1042 1045 1078 1338 
117 134 389 426 805 878 993 1023 1120 1225 1245 1309 1310 1361 
66 69 727 925 1046 1258 1367 1387 
184 370 514 737 788 803 884 1143 1228 1238 1407 1416 
225 352 388 486 521 1057 1122 
292 381 496 763 793 843 1120 
54 109 115 312 438 478 547 907 949 959 980 1038 1139 1162 1302 1310 1354 1385 
13 187 199 240 277 427 666 754 836 958 1228 1403 
198 371 728 773 780 820 861 931 945 1052 1329 1352 1368 
91 254 309 440 528 607 874 977 1025 
42 271 304 468 648 777 788 867 942 969 1079 1151 1169 1204 1286 1359 
203 367 466 590 831 917 1124 1224 
83 198 239 395 428 673 790 893 945 962 1182 1231 1284 1381 
4 85 228 334 413 554 680 804 853 1062 1104 1169 1356 
167 473 575 629 829 867 906 1235 1307 
80 351 435 489 655 660 896 921 981 990 1128 1179 1206 1347 
412 501 603 688 729 862 872 1088 1274 1281 1417 1466 
10 138 188 189 378 501 515 1065 1105 1138 1243 1291 1364 1440 
57 169 424 459 696 1002 1149 1217 1251 1363 1403 
314 588 654 904 1255 1290 1370 1381 1438 
79 324 585 656 754 928 950 1236 1260 1388 
123 148 287 317 336 371 449 546 602 637 638 807 838 845 885 934 1348 1370 1455 
100 112 339 478 513 517 560 846 865 977 1056 1138 1167 1259 1290 1354 1384 1456 
172 174 190 191 409 495 566 631 804 848 862 925 1000 1015 1171 1254 1377 1406 1449 1461 1494 
257 372 388 797 1000 1140 1175 1240 1365 1367 1434 1466 
248 426 485 615 721 871 903 938 956 972 1021 1032 1099 1217 1285 
94 225 481 485 610 790 859 1245 1272 1383 1401 1454 
24 47 93 280 311 325 475 666 695 768 813 826 860 1197 1214 1450 
5 8 87 133 412 840 908 1136 
95 185 476 505 822 1143 1264 1276 1428 1451 
121 290 434 660 741 848 861 1226 1238 1268 
9 118 148 251 254 258 345 649 707 725 774 777 1155 1194 1369 1408 1429 
596 697 
40 97 137 169 389 545 609 648 787 895 1313 1460 
210 256 402 548 630 782 863 1074 1160 1429 1443 
28 355 398 513 514 605 659 873 969 994 1304 1315 1358 1365 
172 228 243 338 382 492 669 683 899 924 985 1037 1040 1059 1081 1144 1234 1423 1426 
53 65 191 240 292 295 416 478 576 609 695 708 826 828 931 1195 1265 1313 1372 
58 92 103 177 274 315 370 437 478 559 817 824 904 919 955 1108 1207 1368 
131 474 519 954 1181 1352 
199 540 560 639 707 829 853 1055 1108 1291 1401 1442 1493 
128 143 256 272 465 1032 1348 1392 1485 
184 238 258 464 531 541 564 808 861 947 1140 1190 1366 
56 121 129 151 292 416 472 694 728 841 925 937 973 1066 1090 1184 1210 1306 1448 1468 
150 221 368 519 647 686 1496 
527 650 729 781 887 1124 
158 211 223 374 454 510 586 718 901 1029 1078 1131 1387 1448 1451 1485 
247 568 580 603 691 718 963 1005 1036 1094 1104 1293 1322 1407 
178 182 197 409 421 712 718 762 793 905 996 1042 1109 1139 1182 1397 
347 527 563 621 738 791 810 884 1105 1122 1127 1235 1293 1409 
194 274 287 304 340 539 655 782 950 995 1170 1217 1231 1299 1337 1462 1466 
10 148 228 516 559 561 690 796 1016 1157 1306 1336 1394 1402 1432 
11 93 221 316 339 565 805 852 926 1077 1161 1220 1222 1437 1478 
178 197 216 435 610 642 677 844 1104 1166 1193 
304 434 594 684 749 925 986 1128 1259 1276 1344 
95 189 681 748 1033 1202 1304 1372 1386 
136 175 218 275 474 548 646 1036 1397 1487 
90 107 306 407 496 537 578 763 968 1012 1301 1353 1364 1428 1438 
37 87 322 394 819 890 933 1170 1315 1452 1463 1493 
28 252 280 316 352 399 433 446 505 736 942 953 1039 1189 1207 1269 1301 1311 1442 
96 133 365 582 729 776 781 859 1038 1369 
98 183 267 593 957 1087 1147 1349 1393 1468 1484 
162 1143 1175 1377 
340 604 617 781 796 912 959 961 1003 1036 1079 1114 1138 1395 1464 
76 104 137 186 497 620 721 947 1010 1019 1039 1072 1082 1245 1310 1316 
118 537 597 648 649 800 1128 1135 1139 1186 1276 1443 1485 
44 248 466 490 841 863 903 914 1022 1077 1232 1249 1258 1314 1327 1451 
10 14 83 196 284 762 766 868 883 914 926 1079 1142 1206 1241 1482 
75 141 509 644 986 1227 1496 
133 176 433 449 511 718 853 1057 1152 1444 
61 192 482 490 678 1058 1163 1253 1349 
18 40 298 312 463 487 522 658 736 764 1046 1116 1310 1362 
116 156 236 552 556 608 623 959 1076 1176 1316 1431 
167 290 474 600 687 726 746 907 914 964 1102 1496 
16 62 101 187 195 359 417 588 641 707 960 1030 1077 1245 1251 1471 
159 252 286 516 575 588 926 1114 1226 1236 1293 
270 410 488 557 612 711 720 868 1192 1472 
51 100 159 169 216 267 443 525 598 684 815 886 1052 1142 1212 1249 1258 1382 1455 
57 205 279 353 398 611 696 738 906 931 984 1009 1076 1191 1211 
80 157 190 266 284 515 521 723 977 1122 1277 1468 
102 299 355 418 500 755 756 860 906 1000 1078 1095 1382 1477 1480 1481 
328 609 691 715 1123 1236 1319 
205 399 446 826 888 900 919 1037 1086 1134 1262 1375 1403 1461 
82 318 431 932 1162 1377 1380 
203 613 959 989 997 1200 1431 
83 163 177 254 460 463 480 533 570 575 772 825 832 1052 1163 1179 1256 1418 1430 
17 89 153 316 350 352 390 440 497 662 868 1019 1150 1220 1397 
30 337 450 466 473 747 831 895 1021 1268 
383 459 645 649 851 909 918 1197 1370 
13 230 244 522 563 581 752 778 1001 1136 1233 1239 1300 1302 1466 1478 
60 306 324 419 471 502 597 638 681 691 878 880 923 1006 1257 1479 
213 269 357 553 730 1175 1398 
252 264 280 333 525 595 757 1090 1267 1365 1403 1476 
21 25 585 590 707 749 764 1041 1270 1440 
64 206 350 603 667 908 1234 1303 1363 1439 
213 465 499 793 833 859 1004 1184 1250 
146 185 399 405 433 446 654 694 806 951 1047 1059 1066 1080 1178 1190 1336 1386 1405 
69 126 322 332 454 479 567 609 1180 1264 1290 1380 1411 
48 232 450 484 508 539 679 766 850 1251 1415 
27 192 208 363 773 825 835 866 992 1012 1049 1051 
333 447 552 654 668 774 800 1485 
35 123 179 209 275 599 883 892 1181 1185 
50 75 181 418 778 824 872 939 1041 1072 1082 1252 1389 1392 1494 
573 601 667 748 996 1062 1069 1369 1479 
115 252 329 362 489 520 740 914 985 1118 1130 1373 
20 457 464 672 732 836 874 1112 1156 1159 1375 1392 1412 
27 462 476 860 998 1054 1297 1404 
545 566 620 694 752 846 860 1146 1190 
104 228 272 283 486 537 831 977 1074 1087 1372 1496 
35 67 146 285 517 766 869 910 955 1181 1226 1307 1367 1423 1495 
124 167 334 766 1207 1368 
52 71 173 208 349 415 457 495 841 846 1035 1052 1075 1167 1183 1184 1208 1270 
52 112 424 477 481 514 565 583 1074 1226 1279 1301 
61 139 294 321 437 705 844 874 950 1048 1147 1152 1285 
395 608 678 688 748 900 1179 1238 1379 
3 46 223 363 410 494 551 687 1007 1065 1369 1428 
18 256 338 469 492 569 597 676 789 975 1011 1108 1177 1250 1396 
76 238 482 505 516 639 794 1175 1180 1404 
227 255 364 439 536 591 611 616 664 958 976 1203 1409 
43 451 601 724 825 947 989 1055 1142 1199 
183 188 225 501 766 777 1027 1064 1123 1207 1362 1370 1396 1435 1484 
15 29 82 284 289 688 748 847 969 980 983 1027 1044 1095 1181 
7 159 222 564 758 784 926 1012 1127 1173 1184 1309 1318 1324 1389 1407 1425 
134 138 255 443 506 821 856 885 915 965 1005 1116 1292 
70 285 328 344 411 416 728 820 931 1289 1327 
27 351 447 768 896 1012 1054 1420 
26 251 407 437 583 737 754 792 901 1110 1196 1198 1422 
711 778 846 848 963 1194 1247 
96 143 230 453 490 511 769 837 920 1094 1107 1200 1255 1270 1309 
145 224 594 730 1118 1192 1241 1276 1320 
68 176 496 682 783 860 904 1125 1327 1438 
120 127 286 354 364 528 752 1426 
198 244 351 460 584 606 1108 1398 1435 
72 159 221 449 1067 1084 1216 1436 1449 1493 
71 235 313 630 645 726 947 1015 1142 1282 1322 1426 
74 123 135 146 158 262 766 849 1100 1276 1284 1426 
8 204 209 288 462 565 632 694 783 845 1013 1153 1189 1207 1214 1413 1489 
293 360 583 669 1019 1158 1280 1315 1342 
111 206 261 330 397 466 1069 1081 1137 1407 1466 
176 206 551 604 924 1387 1392 1411 1446 
24 82 492 600 634 705 720 732 920 1055 1093 1103 1256 1274 
256 267 416 615 651 703 717 762 863 906 1109 1221 1223 1227 1256 1402 
183 271 282 343 363 536 540 724 785 1044 1081 
320 547 548 567 724 894 1018 1115 1482 
36 69 327 375 547 564 587 613 979 1080 1180 1331 
20 298 537 578 773 989 1103 1262 1313 1497 
189 248 311 468 487 564 592 679 776 1120 1160 1176 1184 1272 1343 
44 141 223 378 396 561 606 1180 1236 1386 1404 1479 
155 322 353 564 993 1095 1210 1369 1448 
30 235 248 353 393 581 708 975 1144 1171 1219 1455 
282 379 383 470 553 666 955 1063 1220 1231 1233 1319 1390 1414 1419 1454 
37 128 354 404 433 558 756 944 948 1023 1159 1214 1336 1491 
