1445 8545
229 301 793 834 846 871 886 1254 1255 1300 
32 47 180 198 216 472 479 587 747 751 953 1131 
90 102 110 151 379 789 849 1188 1267 1315 
62 64 76 283 417 495 589 659 671 693 1006 1161 1188 1198 1225 1292 1445 
33 44 96 121 157 332 373 434 578 721 734 873 897 903 958 1139 1185 1204 
101 202 358 836 1025 1116 1301 
8 68 157 254 317 564 570 845 860 877 1002 1064 1179 1245 1294 1305 1352 1406 
7 126 185 242 250 429 510 561 810 900 1030 1139 
14 178 451 685 813 990 1144 1212 1263 1293 1315 1316 1388 
137 395 420 469 496 526 768 797 829 1008 1284 1327 1400 
73 294 343 369 462 566 691 734 744 823 965 1318 
166 181 188 490 579 671 772 846 991 1247 1323 
18 109 147 419 507 600 646 844 1070 1322 
9 116 505 680 768 838 843 856 857 1122 1282 1319 
386 422 606 668 680 693 750 804 1234 1242 1299 1318 1407 
410 428 470 477 519 527 702 918 1010 1067 1270 1282 1368 
587 670 990 1118 1241 1282 1328 1348 
13 162 310 804 1170 1195 1391 
27 183 204 214 227 395 418 452 470 627 708 723 784 809 904 1066 1132 1184 1197 1383 1391 
117 184 261 333 392 507 567 847 926 1056 1129 1190 1438 
179 480 612 760 782 846 885 937 1042 1066 1178 1255 
186 258 457 502 779 884 936 1174 1252 
69 178 290 341 427 582 635 679 945 1023 1157 1180 
138 275 306 400 691 701 946 1106 1120 1136 1168 1204 1236 1264 1384 1437 
96 271 520 544 932 970 1088 1114 1118 1187 1194 1340 1388 
330 389 576 660 729 986 1087 1094 1136 1351 1380 1432 
19 35 40 59 83 113 119 362 424 432 446 579 604 837 847 1077 1138 1274 1391 1425 
140 160 541 566 674 788 1006 1166 1218 1226 1303 1375 
114 152 216 226 266 354 406 450 522 676 752 1175 1275 
82 305 306 510 634 1162 1324 
83 235 274 404 422 440 525 702 752 774 976 1299 1353 1369 
2 468 471 858 1094 1295 1299 1357 
5 114 465 543 563 570 652 661 881 940 1025 1134 1158 1432 
342 343 347 422 552 652 964 1085 1132 1223 1242 
27 65 121 153 184 237 539 618 634 1334 1354 
242 327 715 1050 1167 1172 1295 
148 294 732 842 874 955 1313 1353 
316 382 432 456 529 567 770 815 885 888 889 960 974 1192 1357 1403 1440 
411 429 721 737 821 900 918 970 1070 1267 
27 297 809 952 1017 1061 1133 1197 1317 1408 1412 
127 433 460 997 1082 
262 330 489 596 650 677 825 897 944 1010 1220 1248 1362 1414 
123 180 457 747 817 1185 
5 78 91 105 235 307 329 375 467 559 729 800 847 899 969 985 1346 1349 1386 
482 606 669 742 927 1047 1240 
258 463 570 630 691 875 904 1057 1160 1228 1307 1407 
2 97 178 183 265 339 492 583 592 669 731 839 845 982 
248 310 508 686 791 924 1277 1359 1368 
105 302 854 922 1191 1348 
75 104 463 522 754 834 876 1138 1307 1314 
56 60 330 345 410 468 496 564 785 1019 1048 1118 
122 140 234 436 472 1150 1193 
89 99 258 287 466 567 648 669 811 882 1194 1254 
65 393 898 1313 
255 365 507 532 668 696 725 738 754 1412 
51 294 295 339 446 463 685 761 876 911 1038 1243 1246 1395 1431 
105 369 372 374 526 606 715 882 1184 1444 
249 375 528 548 549 569 582 736 892 1005 1091 1105 1273 1313 
27 211 288 382 812 898 956 989 1082 1301 1414 
51 133 639 673 1071 1281 
70 145 185 277 363 541 693 842 851 933 1156 1177 1275 
4 294 506 511 604 612 635 813 901 1413 
100 117 445 507 543 622 640 749 989 1031 1117 1328 
4 79 176 344 414 611 621 992 1074 1271 1317 1403 
35 54 337 1033 1083 
67 121 260 303 602 696 853 1045 1098 1215 1332 
66 205 277 303 412 626 815 834 1086 1240 1317 1387 
7 116 193 260 379 469 519 612 708 747 821 903 1045 1304 1345 1384 1392 1416 
23 201 411 687 743 769 869 1087 1093 1153 1180 
61 72 104 140 194 199 314 470 484 554 645 727 838 
378 403 454 519 664 670 749 1114 1176 1222 1304 1333 1346 1441 
70 79 90 187 189 218 384 470 653 684 980 1004 
11 102 290 483 504 584 590 1190 1292 1337 1369 1436 
93 471 598 691 738 779 787 891 1027 1086 1089 1273 
50 150 154 225 490 690 1010 1011 1036 1372 1404 
4 77 85 282 290 379 386 426 632 758 904 914 943 1111 1258 1293 1388 
76 116 202 331 580 674 701 727 746 966 
44 311 581 610 718 861 870 941 958 994 1023 1215 1266 1271 1380 1407 
64 72 112 1015 1153 1371 
172 391 441 797 866 920 1053 1330 
116 200 449 468 516 553 646 671 759 876 1153 1326 1431 
30 271 296 486 513 703 734 772 845 872 1000 1140 1145 1203 1212 1317 
27 31 171 234 272 365 408 582 599 687 972 1038 1117 1180 
353 389 608 688 866 1190 1296 1309 1430 
76 246 273 426 695 789 1162 
159 435 734 782 796 962 1210 1396 
278 350 422 475 505 659 920 1197 1260 
546 571 918 1369 
53 217 426 646 705 751 777 945 998 1068 
3 72 184 191 385 500 648 810 833 901 1068 1186 1188 
44 160 180 248 249 407 457 476 489 497 511 567 625 766 773 810 821 1018 1022 1107 1133 1183 1298 1321 1418 
268 662 668 752 755 843 1213 
74 261 324 676 781 800 914 1097 1103 1136 1317 1431 1437 
172 576 596 808 861 923 1005 1426 
188 320 323 526 542 727 774 905 918 927 941 1031 1270 
5 25 158 178 277 434 464 529 543 557 579 873 922 1176 1183 1238 1245 1325 
47 259 317 413 443 497 507 614 742 889 915 1049 1076 1195 
369 654 683 760 822 1013 
53 165 211 489 559 682 702 788 852 899 1044 1185 1349 1390 
63 115 233 377 542 570 611 716 739 764 933 988 1021 1076 1344 1354 
6 238 289 335 337 385 671 791 843 893 981 1072 1173 1182 1243 1274 1282 
3 73 159 240 286 326 355 472 476 508 594 884 1122 1228 
120 178 273 277 278 282 465 471 482 634 697 741 799 860 872 908 941 1204 1253 1339 1395 
50 70 143 304 308 343 551 554 810 876 956 978 1049 1058 1083 1098 1120 1237 1297 
44 49 57 251 317 371 483 531 539 777 826 877 
263 504 643 721 986 990 1011 1079 1161 1198 1405 
362 507 653 695 740 758 849 869 888 914 932 1110 1126 1289 
145 161 171 273 301 360 382 461 652 998 1267 1381 
13 197 317 454 630 653 688 955 1021 1343 1344 
3 189 265 359 478 746 775 907 930 1015 1067 1421 
114 117 355 557 588 640 750 870 1297 1325 
79 161 207 215 331 513 533 716 931 965 1010 1017 1193 1366 
27 374 419 507 745 947 1009 1041 1072 1335 
29 33 111 297 302 308 481 643 819 868 971 1024 1133 1364 1436 
100 137 238 279 310 341 492 587 787 828 847 906 938 1161 1192 1214 1228 1280 1325 1333 1346 1387 
14 68 77 81 239 293 302 460 569 662 815 888 912 972 979 1019 1097 
20 63 111 155 443 473 527 567 571 582 1036 1147 1226 1440 
131 199 290 402 573 706 710 713 733 815 849 875 929 932 1305 1317 1430 
27 170 287 603 780 984 1139 1302 1317 
103 306 331 659 704 716 746 755 768 778 1065 1148 1174 1216 1356 
5 35 66 420 565 629 673 815 1082 1272 
52 176 285 326 332 582 903 967 1161 1229 1300 1363 
43 129 144 231 276 345 578 602 811 908 1225 1288 1401 
158 159 349 529 532 603 719 720 752 773 976 992 1082 1145 
442 653 778 824 985 1091 1142 1425 
8 145 178 179 274 319 658 756 800 808 969 1120 1218 
41 161 270 467 590 608 627 652 698 725 882 1071 1162 1179 
496 637 642 859 882 922 1240 1272 
123 241 266 274 331 507 688 690 993 
331 593 730 821 822 840 967 1052 1057 1250 1336 
118 237 424 462 488 611 622 631 752 1025 1103 1296 1412 
249 333 474 574 707 805 839 1147 1411 
60 187 545 578 590 618 745 752 792 795 800 1069 
186 187 290 424 454 501 645 822 1021 1205 
209 364 457 585 587 857 1062 1203 1208 
266 322 445 459 490 499 595 643 682 869 1063 1203 
10 115 851 1037 1039 1244 1383 
24 265 292 359 383 548 
282 494 691 917 934 1038 1121 1369 1377 1410 
28 52 70 142 167 401 657 681 804 964 1246 1302 1429 
253 284 407 562 580 623 770 967 1108 1155 1192 1212 1304 1340 1420 
140 160 183 206 333 486 567 615 739 747 937 1419 
104 171 500 524 566 570 926 1126 1279 1418 
123 183 572 726 753 807 970 1066 1108 1133 1284 1341 
61 108 126 209 304 401 507 570 644 746 749 812 1312 1334 1351 
305 313 366 432 659 922 1172 1223 
13 271 334 414 507 642 817 850 1116 1184 1364 
37 209 393 472 561 605 631 1024 1029 1101 1122 1217 1297 1318 1364 1414 1436 
307 510 539 549 654 888 943 956 982 1108 1206 1233 1235 1352 
75 162 440 699 972 990 1031 1241 1282 1392 
3 154 340 347 407 483 678 745 799 808 839 916 1054 1108 1219 
29 164 329 445 653 680 800 832 860 901 921 952 1095 1161 1280 1313 1333 1424 1428 
35 279 433 496 618 1228 
75 151 311 346 523 668 1138 1228 
117 166 270 637 702 875 917 1040 1041 
225 651 682 847 939 962 1090 1194 1243 1366 1371 1385 
5 7 474 500 514 772 889 1022 1347 1362 1394 
96 124 323 559 651 662 783 832 1167 1211 1363 
86 102 124 404 547 700 878 1077 1313 
28 91 142 172 465 546 554 560 622 818 855 910 918 1100 1128 1226 1296 1432 
108 112 127 207 283 367 495 725 859 871 1007 1010 1018 1183 1304 
18 150 279 359 727 781 845 892 924 928 991 1037 1110 
239 298 465 664 665 727 777 909 945 967 1077 1423 
152 246 373 608 815 857 898 1105 1190 1257 1323 1357 
99 204 298 316 351 624 736 800 841 931 933 958 960 971 1116 1133 1301 1325 1346 1356 
12 155 210 400 488 532 722 1066 1261 1341 
140 170 213 220 652 749 907 1010 1115 1311 1365 1435 
223 232 483 740 907 1225 
209 307 444 446 623 756 787 877 930 952 1008 1081 1107 1171 1193 1354 1393 
119 167 240 435 477 605 610 616 842 1068 1353 1398 1444 1445 
83 108 143 371 508 676 781 853 924 931 964 
80 94 160 281 610 783 1201 1332 1432 
200 270 317 326 473 515 594 874 1234 
493 677 701 928 937 1030 1049 1218 
200 219 347 606 744 759 787 902 936 951 985 1145 1386 
64 122 220 261 291 333 364 376 394 688 702 1055 1347 1383 
746 752 832 865 945 953 999 1109 1129 1209 1343 1438 
9 23 47 96 103 126 342 455 488 878 900 970 1235 1252 1345 1363 
21 126 411 1125 1183 1209 1262 
2 43 91 304 614 728 744 813 1107 1111 1113 1198 1245 1313 1342 
12 190 617 705 709 833 1000 1096 1176 1367 1368 1374 
211 459 492 563 796 1076 1103 1200 1361 1443 
19 47 142 144 204 355 427 441 501 517 731 737 741 870 908 1122 1231 1445 
20 35 90 412 804 908 916 992 1015 1027 1031 1055 1061 1128 1239 1283 1379 
8 61 187 237 303 468 951 1185 1189 1221 1286 
22 134 428 447 463 656 730 856 1145 1227 1316 
72 133 134 185 234 319 373 412 500 510 518 666 1065 1118 1272 1405 
12 95 220 501 531 533 550 633 638 1090 1315 1332 1392 1417 
72 110 270 354 467 482 542 579 719 891 900 924 936 946 988 1032 
181 557 600 746 932 1215 1290 1324 1357 
90 207 217 266 337 390 649 686 847 1319 1350 1363 1421 
301 362 597 769 886 1319 1341 1371 1430 
68 377 612 717 1199 
70 384 562 741 801 869 1367 
563 600 613 692 1033 1106 1138 1175 1298 1324 1371 1411 1426 
318 462 466 1164 1301 1323 1368 1374 1376 
109 207 330 433 664 753 784 889 956 974 1122 1377 
2 217 324 736 843 1077 1123 1171 1342 
70 118 253 256 335 548 643 760 828 852 958 1024 1188 1229 1262 1346 
81 173 175 222 253 366 367 537 710 802 991 1095 1209 1378 
69 345 349 520 676 856 1067 1131 1358 1369 1383 
6 77 204 217 239 671 686 884 900 1020 1118 1281 1380 
575 747 752 1084 1253 
19 165 183 202 250 675 766 833 858 1243 
67 249 263 369 522 566 600 812 945 1066 1122 1127 1221 
142 356 417 497 583 591 634 855 911 913 1045 1077 1086 1159 1185 
112 161 191 197 415 612 746 804 813 967 1086 1119 1139 1394 
266 326 402 431 458 711 794 992 1036 1104 1161 1241 1276 1304 1350 1357 1404 
135 145 148 169 210 371 549 755 798 813 913 1037 1066 1072 1199 1200 1201 1363 1417 
166 209 365 608 643 771 788 902 1252 1384 1433 1440 
59 99 182 321 432 513 715 797 816 828 1123 1236 1317 1339 1371 
296 352 360 500 856 883 934 993 1034 1070 1112 1130 1261 
167 381 391 501 578 610 852 961 1017 1051 1398 1422 
19 401 448 990 1264 1378 1441 
112 245 271 473 574 582 845 1063 1132 1322 
2 29 430 475 575 976 1074 1098 
89 191 198 202 399 575 745 755 768 1052 1199 1203 1304 
72 434 461 501 537 660 689 795 866 949 1128 1140 1177 1198 1318 
175 261 328 358 497 514 691 696 856 887 888 1089 1353 
167 176 188 256 280 335 452 495 588 624 637 762 970 997 1109 1356 1384 
304 370 556 568 769 876 1091 1206 1267 1422 
200 230 235 260 288 499 587 954 1139 1245 
168 374 403 440 598 829 891 942 1155 1227 1323 1394 1399 
321 379 424 473 601 730 741 888 1325 1381 1409 
75 156 230 264 415 710 902 1155 1170 
29 439 469 563 711 766 889 1050 1065 1204 
19 343 348 443 669 772 961 1187 1359 1419 
293 777 1044 1076 1138 1169 1269 1401 
1 254 446 470 477 523 602 854 863 906 974 1069 1123 1127 1195 1270 1367 1378 
222 225 265 445 446 448 501 601 726 766 1375 1401 1418 1432 
123 671 703 762 993 1106 1132 1246 
168 341 493 758 1031 1095 1260 1262 1300 1310 1355 
100 296 376 770 847 885 
52 83 187 242 303 333 337 454 496 876 1313 
31 44 222 341 740 772 872 1184 1354 1436 
239 276 474 580 759 871 874 1014 1127 1411 
35 131 185 238 239 405 621 662 684 968 1110 1166 1435 
101 115 237 1202 1291 1335 
116 163 202 236 237 300 396 441 572 722 902 904 979 1019 1064 1121 1147 1158 1223 1250 1255 
102 170 264 321 325 430 523 804 994 1100 1250 1253 1329 1334 1393 
129 335 683 771 980 1001 1147 1181 1198 1360 1429 
8 36 234 350 447 460 534 545 549 730 842 843 875 918 937 1128 1131 1148 1174 
312 429 435 472 812 1096 1227 1235 1236 1258 1273 1383 
1184 1196 1345 1369 1405 
215 414 541 968 1050 1221 1375 
85 164 304 320 848 1059 1105 1156 1224 1307 1408 
473 572 586 673 685 1063 1072 1162 1254 
48 91 676 701 707 853 967 1012 1077 1193 1196 1261 
58 91 132 205 409 701 719 863 883 1165 1174 
8 204 364 777 1010 1136 1154 1280 
105 291 306 415 435 443 448 464 542 785 1087 1152 1186 1240 1271 1334 1355 1383 
538 823 984 1179 1227 1330 1358 
141 199 200 269 289 529 533 675 691 784 828 946 1090 1218 1404 1429 
7 229 562 595 768 967 1252 1330 1413 
55 279 302 320 358 470 499 500 654 687 794 798 861 880 1021 1316 1342 1345 1430 
199 220 303 384 534 660 706 708 898 903 1106 1321 1328 1334 1348 
275 358 549 558 570 580 643 665 801 878 954 1238 1319 1320 
22 46 53 515 649 1147 1183 1261 1359 
97 608 698 812 890 980 1283 
66 68 222 358 584 653 681 687 1017 1055 
20 93 176 219 295 313 462 728 1210 1310 
42 269 393 593 640 797 836 1387 1435 
106 205 350 471 713 725 897 911 954 965 
225 240 299 374 388 401 432 436 447 473 587 605 643 1222 1330 1420 
47 110 138 230 303 448 562 564 585 694 726 808 838 875 1161 1354 1417 
29 129 136 191 208 280 299 406 509 785 1163 1209 
340 631 845 1128 1257 1258 1349 1364 
92 389 431 463 558 577 714 772 780 1227 1297 
253 262 438 584 663 665 709 875 1167 1219 1220 1276 1333 1400 
127 155 173 189 743 1053 1131 1176 1185 1416 
25 82 147 215 356 399 474 607 663 680 682 882 950 997 1161 1334 1385 1411 
83 277 361 768 780 834 985 1100 1279 1333 1340 1357 
85 103 108 276 457 506 570 709 729 906 1073 1128 1254 1281 1296 1318 1358 
31 126 129 466 557 595 642 654 758 1038 1058 1224 1380 1386 
24 257 395 400 425 490 678 734 800 1026 1076 1095 1362 1387 1390 
123 236 273 343 373 717 1357 1365 1383 1401 
61 67 96 103 272 344 407 420 652 792 797 999 1272 1276 
87 103 388 468 542 546 1000 1049 1167 
115 153 162 255 763 770 902 962 1113 1115 1329 1426 
220 266 678 755 973 1137 1303 1355 1428 
172 358 503 550 665 724 847 875 1073 1131 1302 1331 1400 
76 103 139 451 477 530 559 609 680 776 791 899 951 962 1273 1308 
4 161 440 607 668 899 1069 1086 1154 1254 1262 1286 1307 1427 
141 415 457 489 509 526 799 1076 1137 1155 
122 317 370 433 439 495 515 529 536 555 792 932 961 973 1248 1322 
102 356 375 560 600 725 744 1010 1206 1291 1361 1396 
53 119 463 668 747 1105 1182 1298 1302 
59 222 330 618 667 730 732 993 1037 1167 1383 1431 
101 253 303 317 674 899 
23 73 76 118 134 306 484 615 636 876 911 965 991 1007 1081 1109 1199 1311 
176 251 401 700 744 946 1057 1127 
138 499 502 698 807 1123 1141 1300 1387 
116 228 395 548 583 610 875 903 1054 1419 
11 37 56 62 384 439 516 561 591 804 838 935 945 1068 1127 1158 1167 1282 
56 261 776 820 835 1138 1190 1373 1405 
82 212 233 386 791 1037 1048 1213 1285 1342 
40 114 353 423 464 788 1016 1040 1107 1148 1189 1220 1315 1432 
163 165 388 483 1072 1373 
264 266 310 368 415 460 701 852 1030 1437 
239 563 578 627 668 698 831 1135 1415 
1 108 192 364 455 526 582 599 830 928 954 1151 1290 1297 1371 1443 
49 114 116 255 314 333 347 365 436 441 486 687 765 829 882 914 950 1026 1117 1216 1274 
66 67 185 234 256 265 289 379 466 513 529 584 640 704 919 1305 1377 1424 
104 145 180 221 246 454 487 535 560 671 827 926 1177 1215 
30 146 497 648 893 1138 1263 1333 1427 1428 
24 30 120 251 290 336 401 726 766 
44 149 169 748 813 835 1022 1026 1071 1181 1346 1426 1444 
104 114 354 537 538 614 789 811 876 882 914 1107 1179 1195 1337 1353 1355 1391 
475 529 572 573 581 803 831 924 1050 1098 1134 1308 1396 
18 48 115 299 425 469 718 744 881 1054 1300 1301 1361 1363 1395 
78 154 353 394 413 447 450 619 712 926 1014 1360 
243 318 552 617 659 769 827 847 1322 1386 1444 
146 261 360 458 739 817 865 935 1103 1167 1322 
70 302 376 429 439 634 902 930 1136 1398 
388 539 680 749 766 1018 1064 1267 1271 1415 
38 165 458 541 600 769 823 922 989 1177 
7 97 105 109 173 285 289 365 430 507 574 776 1013 1191 1353 1385 
196 312 327 337 351 511 611 701 721 817 989 1074 1178 1286 1294 1298 
126 187 359 416 627 805 866 1368 1376 
95 246 255 346 351 431 626 699 804 830 994 1112 1278 1282 
211 224 240 499 661 738 992 997 1124 1193 1362 
136 440 534 740 800 803 984 1011 1035 1373 1391 
95 158 393 404 482 724 860 864 1094 1315 
93 198 327 442 494 505 537 675 708 746 763 790 888 903 909 1149 1187 1317 
240 572 701 1009 1051 1061 1243 1245 1246 1278 1363 1387 
102 122 173 208 584 604 691 752 1075 1255 1261 
36 318 324 393 551 649 796 883 1091 1308 1319 1380 
219 383 709 746 1340 1346 1434 1438 
44 152 922 958 1042 1152 1281 1343 
26 42 51 197 288 450 546 604 784 890 893 917 965 1087 1183 1260 1284 
77 112 120 129 130 541 783 1020 1181 1323 1351 1415 
5 122 554 566 672 687 704 808 836 1394 
20 132 142 176 234 302 369 442 463 621 779 945 1180 1232 1254 1344 
147 367 566 572 770 840 905 993 1128 
101 199 220 241 368 412 468 580 624 902 1027 1165 1280 1292 
306 338 357 394 409 534 535 611 642 644 699 745 783 1037 1088 1119 1404 
65 101 191 234 318 400 493 501 532 607 1004 1119 1343 
336 411 437 612 662 985 1065 1377 
47 56 401 517 569 624 671 677 796 810 842 860 1005 1159 1288 
151 267 358 546 742 773 896 939 1032 1195 1234 1327 1403 
23 115 232 235 653 669 687 812 930 936 1018 1104 1365 1382 1417 
34 178 439 469 624 633 696 846 1098 
11 34 104 227 276 382 469 751 824 861 944 969 1039 1070 1077 1136 1184 1219 1292 
64 277 364 383 512 668 949 1011 1031 1137 1213 1246 
51 123 201 451 497 598 624 773 880 976 1004 1076 1078 1091 1263 1292 1300 
154 320 395 514 565 877 887 928 1032 1257 1329 1414 
34 151 175 302 422 762 855 875 929 1173 1445 
227 820 995 1003 1106 1159 1163 1191 1235 1294 
124 201 356 662 1052 1063 1131 1215 1257 
87 242 263 352 394 433 699 741 1104 1231 
165 318 320 491 649 668 920 976 1049 1083 1094 1166 1367 1439 
212 350 407 452 525 565 705 748 886 1048 1194 
84 297 311 411 718 724 747 905 986 1204 
29 189 308 358 641 723 781 1010 1071 1223 1370 
102 111 183 357 372 682 741 769 778 1164 1277 1329 1407 
206 271 286 349 383 503 768 827 970 1184 1238 1265 
336 355 427 552 752 1022 1083 1396 
6 219 255 257 260 281 340 354 373 437 768 814 892 1079 1092 1136 1230 
110 138 162 319 489 593 929 945 984 1263 1335 1352 1393 
108 212 313 376 477 508 573 645 650 794 943 960 973 1180 1189 1316 
272 514 549 1318 1344 1405 1408 
27 107 192 499 744 747 801 1012 1133 1179 1324 1429 
61 449 479 762 895 989 1162 1178 1189 1230 1248 1314 1365 1376 1390 1432 
135 176 250 301 344 383 398 722 889 989 1024 1075 1319 
55 83 210 302 317 609 632 681 821 836 937 1155 1190 
146 200 405 509 553 575 583 605 789 884 912 981 1138 1256 
161 200 334 510 777 847 868 986 987 1028 1273 1308 
299 335 548 747 839 1149 1281 1404 1425 
11 57 98 205 333 420 480 600 792 1025 1218 1280 
221 285 642 712 718 729 772 999 
105 171 209 407 558 605 643 719 1108 1125 1129 1131 1153 1331 
57 355 637 758 865 1078 1423 
5 164 187 276 358 391 508 641 741 921 1228 
57 113 223 264 389 408 417 529 615 995 1167 1218 1368 1445 
44 58 286 484 556 619 676 709 755 1140 1169 
176 233 314 360 454 642 865 1216 1245 1330 
100 193 644 715 900 1016 1258 
71 570 671 760 917 958 1182 1236 
3 68 76 224 303 758 854 921 1027 1038 1039 1050 1094 
500 566 980 1318 1350 
213 504 644 933 981 1022 1174 
38 59 108 343 423 435 492 522 550 663 1155 1220 1389 1411 
138 328 344 356 364 714 773 813 815 1064 1357 
72 194 256 294 454 466 541 564 585 647 679 751 864 
90 101 507 575 633 752 835 839 892 906 1367 
15 76 296 421 472 544 613 654 724 749 895 1411 
482 743 798 850 932 1300 1338 1429 
264 278 298 315 405 585 646 875 896 1131 1429 
26 84 268 374 624 795 840 923 1021 1078 1171 1424 
191 531 815 849 974 1196 1199 
80 213 373 454 500 535 747 770 826 856 949 1046 1088 1156 1180 1401 
20 430 476 729 826 915 1218 1239 1252 1320 1421 
54 148 262 323 327 453 502 692 798 1173 1257 1349 
176 311 336 350 726 841 1331 1385 
10 19 275 293 346 745 1031 1043 1061 1161 1191 1337 
239 528 664 692 717 843 902 1351 
507 519 650 704 723 727 942 1054 1154 1196 1248 1315 
364 629 655 732 984 1025 1201 1346 1380 
217 271 457 1221 
24 166 275 337 439 517 539 603 710 717 732 782 810 881 1002 1019 1034 1050 1424 
140 145 214 264 291 306 339 589 679 684 894 1030 1200 1248 1433 
118 208 406 415 456 468 515 654 770 936 940 974 1047 1085 1126 1141 1298 1334 
71 223 449 540 844 1023 1093 1402 
31 159 323 454 460 1262 
237 366 388 480 485 514 1041 1382 1417 
29 266 402 412 423 445 514 662 685 697 770 793 794 847 864 888 1075 1212 1354 1421 
91 141 151 277 352 371 472 543 972 1065 1126 1214 1380 1390 
83 374 671 891 1048 1069 1095 1149 1187 1307 
249 336 435 528 699 815 900 912 1027 
16 51 727 840 982 1153 1233 1320 
39 69 179 338 353 553 588 622 842 843 893 959 992 1173 1232 1266 
67 184 187 335 406 481 545 746 795 847 1014 1390 
97 311 424 753 783 857 1187 1209 
64 147 245 650 834 1253 1357 
207 225 251 284 299 402 580 582 777 827 1022 1101 1179 1381 1385 
319 589 621 996 1043 1046 1100 1333 
4 206 374 507 526 556 797 923 950 1085 1103 1105 1243 1258 1439 
19 531 927 1089 1102 1323 
13 113 573 589 686 863 866 891 944 1136 1372 
10 121 277 369 978 1240 1263 1299 1315 1354 
386 447 483 739 833 837 856 870 879 1019 1229 1281 1303 1421 
15 31 34 87 347 493 692 745 1064 1225 1245 1393 1430 
297 382 406 885 956 996 1039 1070 1090 
27 131 134 224 413 509 535 591 614 806 818 876 931 1069 1183 1362 
275 310 588 718 734 763 862 1020 1195 1255 1362 
76 85 89 589 731 769 859 885 927 969 1096 1215 1293 
23 183 357 802 810 961 1023 
16 186 573 586 695 780 828 945 1091 1324 1333 
8 39 243 314 647 827 867 989 1017 1036 1191 1298 1327 
216 240 317 392 510 784 825 868 987 1036 1072 1216 1231 1291 1382 1412 
208 268 320 893 1273 1368 
27 38 146 211 264 465 544 974 1086 1153 1271 1280 1294 
41 153 197 285 350 483 607 790 1018 1030 
5 96 218 507 544 659 841 863 893 950 1197 1207 1246 
86 170 243 251 382 409 464 477 839 921 924 947 949 969 1184 1338 1395 
52 264 302 1161 1288 1326 
338 358 629 653 827 1085 1298 
269 485 532 535 572 760 785 858 859 911 924 1031 1127 1145 1226 1371 
226 285 294 314 342 400 540 689 831 943 965 1233 
31 150 223 283 322 530 545 552 596 617 702 979 1012 1052 1059 1111 1114 
80 183 239 302 649 710 803 833 907 1380 1437 
125 324 333 639 723 724 727 813 931 1155 1197 1319 1381 
97 117 227 251 658 687 736 831 922 1222 1271 1297 1399 1417 
169 474 481 574 621 732 816 992 1110 1173 1189 1231 1374 1381 
63 136 152 230 406 458 503 542 625 669 742 773 794 918 974 1089 1334 1423 
27 56 169 229 230 471 501 562 566 888 1042 1175 
186 242 264 311 421 590 704 720 887 963 1012 1023 1031 1270 1402 1404 1414 1435 
214 230 251 265 813 1130 1173 1187 
81 363 403 575 584 595 657 675 789 834 904 905 1091 1167 1205 1233 1402 
29 311 330 707 891 976 1122 1166 1295 1392 1436 
9 282 345 569 955 999 1124 1396 
19 220 352 462 803 1230 1305 
393 545 556 719 869 1010 1112 1133 1166 1216 1255 1286 
71 109 134 234 304 376 384 391 404 765 815 829 1012 1038 1148 1245 1296 
178 301 568 600 609 728 810 866 892 1078 1131 1402 
38 402 460 652 676 697 705 802 1031 1255 
22 43 91 135 273 284 399 702 837 977 1205 1244 1425 
208 313 316 445 460 482 748 960 1095 1285 1301 
136 182 623 719 725 1326 
41 116 242 299 404 456 458 625 645 713 1040 1086 1093 1131 1194 1283 
108 218 612 624 816 1050 1086 1114 1270 
11 131 196 261 452 475 494 604 748 988 1100 1235 1344 
46 50 56 186 268 287 333 568 599 755 959 1197 1236 1366 1435 
96 251 297 435 1170 1230 
33 103 160 163 432 497 505 525 529 579 677 804 993 1008 1171 1375 
53 196 274 303 384 497 992 995 1017 1141 1152 1233 1306 1382 1403 
44 127 189 507 535 549 726 961 1321 1367 
32 51 81 185 278 335 402 474 653 710 820 978 1074 1128 1221 1288 1342 1356 
10 68 226 310 342 343 1324 
16 19 70 72 229 255 553 583 737 944 1033 1217 1398 1436 
32 74 103 263 446 585 710 1136 1198 
2 52 102 148 243 386 407 629 871 1120 1135 
117 173 215 224 247 264 672 711 741 827 965 1067 1121 1162 1194 1327 
132 157 236 271 444 468 592 677 747 748 793 801 1090 1105 1130 
87 216 309 462 837 992 1343 1361 
91 102 392 697 703 902 903 1262 
16 170 229 282 360 435 504 635 690 799 1032 1062 1166 1169 1202 1256 1330 1373 
110 618 658 696 788 951 1149 1313 
2 363 520 527 700 809 1045 1396 
21 369 405 687 792 827 840 1105 1255 
114 412 444 503 563 566 674 729 748 805 823 882 912 1118 1166 1188 1226 1339 1385 1423 
45 103 189 323 387 458 532 636 790 896 1093 1313 1317 1363 1428 
73 105 151 168 298 421 433 485 578 665 681 770 788 852 941 961 1000 1083 1133 1333 
70 290 375 511 580 637 721 744 898 944 959 1083 1174 1184 1311 1362 
405 438 483 493 735 754 924 1143 1173 1177 1201 1235 1236 1356 1396 
82 142 302 513 972 1073 
304 665 1314 1409 
131 166 178 532 536 962 1277 
42 91 99 284 359 509 563 565 645 677 961 984 1026 1048 1051 1223 1262 1367 
12 75 136 275 742 808 835 864 1041 1093 1201 1305 1342 
351 510 543 572 1180 1313 
47 115 182 382 656 818 939 1110 1237 1263 1273 
174 232 337 422 485 756 915 1226 1343 
139 324 462 716 761 895 947 1038 1137 1239 1283 1426 
4 161 220 285 594 630 774 779 783 856 891 944 976 1085 1200 1229 1240 
10 51 128 153 234 520 646 733 741 756 1372 1422 
91 97 206 219 305 345 465 466 621 843 852 858 913 977 1294 1303 1418 
610 621 1024 1149 1162 1235 1270 1281 
136 222 255 292 321 362 560 685 978 1031 1163 1405 
90 143 157 187 212 255 380 391 547 581 1116 1174 
134 183 188 213 218 230 337 446 539 647 821 908 1072 1080 1145 1250 1260 1277 1376 
22 292 393 653 944 1083 1105 1151 1219 1236 
281 356 445 481 705 915 1118 1222 1279 
73 106 381 477 507 726 757 899 1231 
14 87 324 465 523 854 891 1088 1169 1213 1362 
62 273 570 600 601 679 831 844 876 1389 1429 
13 20 55 63 97 107 113 129 145 147 317 385 397 417 434 467 504 513 515 545 606 678 698 794 820 841 843 1133 1226 
48 102 171 360 373 563 586 772 931 1008 1112 1184 1246 1290 1375 1389 
266 284 366 424 489 679 706 769 803 1208 1370 
8 30 149 187 367 430 491 511 637 650 768 1210 1380 1392 1418 
62 91 318 484 510 557 607 712 742 1013 1156 1256 
344 938 940 1098 1153 1339 
82 112 211 303 486 507 842 906 962 974 1063 1175 1359 
157 219 346 361 405 406 539 565 648 770 1289 
173 258 285 402 507 555 624 630 738 845 878 938 977 1001 1113 1171 1404 
81 294 641 784 902 1346 1349 1414 
183 339 400 631 649 655 710 735 945 1042 1074 1117 1203 1229 1292 1312 1357 1398 1406 
187 588 899 923 1048 1134 1264 1349 
16 68 71 397 545 572 683 732 757 775 1078 1127 1186 1190 1220 1239 
25 201 479 496 707 808 854 884 1060 1155 1190 1234 1261 
634 677 986 1067 1086 1183 
29 50 205 382 743 1013 1031 1210 1287 1420 
154 229 240 505 593 854 1383 
143 757 873 1131 1144 
31 352 465 694 987 1046 1152 1223 1385 1396 1410 
10 57 95 284 301 417 586 698 950 1031 1259 1296 1330 1371 1380 
16 117 479 539 654 907 1084 1085 1103 1254 1327 1359 
58 396 409 590 616 617 738 781 973 1035 1051 1369 
38 96 124 253 285 303 309 374 465 723 744 1027 1118 
282 440 678 691 896 968 1354 
105 188 390 418 591 851 901 979 989 1177 1282 1286 1293 1419 
55 124 166 337 438 482 488 576 621 796 851 902 1067 1113 1221 1300 
112 188 253 601 672 813 1003 1022 1247 1346 
242 256 322 336 737 742 779 794 854 894 1040 1282 1289 1298 1369 
304 336 391 424 438 467 630 686 790 861 895 942 1083 
285 488 1034 1407 
200 218 308 324 565 650 676 796 808 833 1064 1079 1130 1317 
252 308 599 632 677 1034 1153 1168 1204 1339 
35 105 149 315 400 501 514 527 621 686 794 870 1310 
403 439 892 894 1019 1060 1150 1357 
28 61 245 316 331 384 694 709 764 770 785 837 858 944 1023 1074 1117 1130 1132 1302 1323 1395 
95 100 189 251 278 445 711 798 
33 63 96 407 491 738 818 873 912 959 1012 1253 
25 386 432 434 584 761 813 1444 
133 242 412 440 453 507 519 675 743 818 886 1077 1113 1124 1180 1260 1313 
88 160 278 330 340 765 866 966 973 989 1287 
159 500 548 785 795 959 997 1022 1075 1123 1205 
58 138 199 293 368 547 552 565 584 623 679 810 847 977 1073 1083 1148 1232 1364 1370 1379 
58 149 209 242 257 361 467 685 890 1050 1052 1116 
188 281 382 747 1012 1026 1080 1222 1372 
104 327 663 749 764 779 864 893 944 960 999 1006 1229 
34 312 357 440 548 556 591 667 735 802 855 957 963 991 
81 366 411 470 611 732 845 1058 1117 1167 1184 1250 
70 104 160 332 719 754 1248 1327 1369 
285 515 716 731 819 855 1141 1212 1262 
221 375 417 453 552 651 829 
96 111 190 274 511 603 648 990 1267 1352 1354 1358 1415 1443 
257 268 371 599 652 744 944 1076 1158 1313 1354 1395 
44 99 158 282 880 887 958 1015 
160 286 304 499 570 758 772 790 862 944 1211 1262 1321 1322 1420 1426 
8 148 294 861 878 882 887 916 1019 
141 194 254 265 446 589 676 691 903 945 1041 1332 1441 
33 182 195 226 300 481 489 508 642 666 695 784 807 1109 1318 
7 51 265 384 831 947 982 1298 1376 
121 346 352 489 514 537 548 580 909 922 932 971 1140 1240 1259 
11 28 143 205 332 334 380 446 481 610 858 1137 1236 1265 1331 
20 38 53 91 117 142 583 719 928 1022 1080 1116 1199 
221 455 463 579 1023 1063 1233 1256 1365 1388 1439 
58 116 339 451 628 723 843 895 918 934 1260 1309 1310 
7 33 46 100 143 145 257 273 378 506 560 836 909 1293 1390 
88 117 668 1023 1032 1081 1098 1149 1340 1360 1428 
144 239 247 309 325 334 438 491 519 619 757 803 852 861 1065 1137 1264 1287 
118 309 360 419 428 745 947 1104 1204 1244 1376 1416 
132 215 317 444 661 666 933 989 1073 
203 216 217 366 385 449 600 616 644 651 725 896 1227 1237 1250 1279 1412 
26 94 532 626 1073 1129 1261 
268 806 888 964 1115 1118 1150 1164 1231 1239 1304 1423 
5 123 133 213 300 483 801 1078 1179 1300 1418 
12 27 96 189 465 568 1062 1351 1380 1417 
77 141 236 257 335 415 484 565 977 1131 1308 1404 1442 
78 309 500 614 783 857 936 1262 1366 
23 58 83 117 122 215 301 415 723 732 846 959 1007 1234 1277 1303 1335 
47 206 293 366 470 567 659 663 754 860 871 879 1094 1343 1351 1408 
73 260 269 303 326 449 544 548 808 850 906 928 959 968 1226 1343 
135 265 384 388 471 699 851 955 1099 1125 1134 1292 
247 428 508 526 638 1096 1188 1402 1405 
2 17 115 135 222 264 613 705 973 1013 1052 1081 1092 1121 1162 1164 1178 1244 1378 
111 220 411 425 518 778 847 956 1213 
4 401 416 419 426 562 625 696 748 792 800 815 983 1042 1102 1134 1154 1363 
73 127 133 447 528 625 804 831 994 1254 1279 1298 1410 
206 294 424 531 552 595 624 759 839 1407 
47 474 770 837 867 1165 1340 1421 
130 262 359 523 710 1338 1346 1379 
102 173 495 708 1077 1164 1181 1196 1220 1233 1243 1369 1440 
136 254 274 449 591 927 951 977 982 1103 1435 
42 94 440 689 690 775 1041 1062 1174 1211 1334 1404 
192 791 805 987 1049 1129 
74 223 345 889 1238 
83 301 463 538 558 681 833 887 1058 1064 
13 190 195 205 286 316 369 455 506 575 906 
224 230 506 533 1167 1307 1352 
66 123 229 835 898 1181 1268 1359 1361 1427 
119 124 400 557 686 736 1009 1014 1235 
27 62 326 330 462 679 767 852 926 1154 1163 
148 170 264 366 371 717 728 861 
15 45 57 175 507 754 781 802 830 877 
271 283 337 433 511 690 743 783 886 890 904 954 985 1050 1212 1304 
84 127 164 210 259 658 1410 
282 365 455 685 692 715 770 823 880 972 989 1309 1329 
78 170 172 213 293 498 566 1046 1197 1279 
64 100 131 318 336 553 632 650 714 837 995 1180 
21 62 68 193 207 338 461 691 739 875 884 1043 1082 1160 1316 1388 
195 386 587 635 645 750 1084 1110 1130 1251 1416 
97 180 308 424 581 622 742 1058 1095 1108 1143 
142 290 374 713 864 1130 1207 1231 1406 
170 528 575 770 790 842 987 1072 1288 
181 312 440 528 658 701 865 872 967 1152 
35 133 153 288 478 720 834 871 1087 1099 1249 1348 1369 1371 
311 375 572 648 719 877 968 1129 1270 1433 
729 852 895 1018 1049 1122 1283 
64 237 333 416 444 497 498 532 539 687 722 1026 1132 1254 1259 1306 1334 1379 
63 131 160 411 614 637 676 846 1099 1144 1158 1162 1322 
141 169 459 548 756 955 1030 1107 1152 1438 
165 220 335 339 342 345 389 461 515 591 646 769 819 979 987 1088 1323 
91 445 460 589 590 679 1339 1350 1360 1437 
67 320 576 718 918 1011 1114 1269 
19 127 300 319 1086 1191 1373 
569 640 655 933 1056 1102 1289 1421 
121 398 437 472 657 871 1164 1189 
46 109 495 515 535 656 672 757 1004 1303 1307 1318 1353 1411 
131 148 267 517 978 1205 1207 1302 
76 365 538 611 755 1140 1205 1320 
188 342 385 745 766 866 891 1114 1127 1158 
30 35 103 206 314 521 804 829 870 903 1121 1172 1276 1414 
23 62 477 613 668 872 1217 
290 482 735 753 771 853 922 1142 1191 1363 
128 155 220 372 484 510 622 647 698 798 1075 1114 1265 1306 1392 1401 
188 586 655 1084 1109 1231 1285 1417 
60 442 652 689 709 1020 1157 1186 1386 1408 
63 111 262 303 628 773 968 1079 
354 373 516 673 718 775 837 1036 1043 1053 1106 1219 
128 147 274 336 370 376 563 776 882 984 1003 1128 1227 1436 
106 114 136 199 210 257 264 371 652 924 1075 1081 1133 1200 1315 
145 336 377 381 575 673 880 905 1000 1165 1310 1359 1377 
70 134 360 460 489 613 742 834 1264 1387 
13 81 89 388 496 624 749 755 1072 1124 1131 1437 
384 429 501 637 725 821 1057 1118 1309 
53 90 305 514 557 619 1231 1249 1401 
191 258 327 351 441 517 720 846 906 998 1051 1083 1135 1232 1409 1442 
42 360 397 414 510 537 611 723 1200 1287 1369 
156 158 556 575 782 871 1218 1438 
33 34 108 127 167 277 456 558 639 643 783 1027 1031 1235 1423 
72 107 109 125 152 260 341 437 468 502 894 979 1097 1343 
98 149 255 274 386 402 527 660 823 1102 1306 1336 1366 1378 
398 517 628 638 722 773 822 889 921 990 1118 1153 1313 1379 
186 492 630 667 1086 1094 1212 1245 1311 
140 449 629 804 843 879 949 1101 1135 1194 1249 
126 443 478 608 617 887 1386 
4 87 120 146 312 434 583 747 764 885 1272 1341 1359 
26 218 256 654 690 895 899 929 1414 
33 321 574 826 851 854 1009 1099 1199 1426 
92 116 158 237 338 349 406 688 734 799 858 950 965 1003 1075 1111 1115 1329 
269 271 382 551 583 750 760 936 1019 1416 
71 163 197 396 807 822 1332 
163 257 269 281 483 487 
187 563 574 875 1098 1121 1248 1269 
288 552 656 737 1083 1162 
15 55 92 154 283 287 300 344 351 571 635 781 794 978 1169 1188 1390 
45 47 53 227 341 445 699 1110 1276 1304 1392 1422 
17 71 964 1246 
4 12 81 101 202 231 304 339 378 408 807 842 906 999 1376 1399 1434 
332 473 533 630 878 918 995 1250 1290 1346 
60 121 247 641 644 883 912 966 1039 1195 1246 
28 77 289 481 1031 1274 1375 
204 253 324 449 545 698 858 1367 1395 1406 
29 93 171 201 248 375 456 537 562 622 778 807 858 976 1029 1402 
42 174 339 465 474 489 521 538 794 821 971 1051 1056 1186 1219 1226 1293 1325 1380 1423 
151 275 280 507 530 858 987 1053 1138 1206 1235 1397 1410 1421 
23 384 401 506 509 548 604 625 1114 1148 1229 1302 1425 
14 15 152 271 282 315 703 723 734 798 1007 1064 1223 1272 1445 
140 260 365 483 599 682 716 787 800 820 904 923 937 943 1119 1149 1158 1229 1237 
99 136 156 271 355 681 935 956 1086 1208 1274 1328 
98 241 519 732 737 848 853 1153 1416 
72 237 401 693 706 777 1000 1006 1062 1137 1173 1223 1359 1438 
9 56 247 406 499 549 609 923 932 951 1051 1068 1105 
48 191 202 419 535 539 603 723 844 976 987 1319 1397 
69 83 255 260 302 332 341 443 480 621 1127 1227 1423 
84 109 129 176 662 737 831 908 1009 1202 1222 1362 1396 
218 439 596 639 780 1039 1048 1156 1259 
75 129 477 596 607 660 815 987 1050 1084 1241 
11 24 46 74 139 219 253 326 530 562 612 736 887 1010 
195 393 396 422 609 744 874 916 1084 1102 1111 1299 
4 15 61 684 732 825 1131 1214 1292 
265 525 541 714 747 763 810 879 940 965 1130 
85 107 428 563 752 783 892 1241 1346 1367 1416 
55 66 219 342 478 589 712 740 756 887 971 1173 1174 1221 1226 1228 
103 406 456 476 814 922 1068 1094 1124 1174 1377 
127 259 292 300 507 526 637 675 778 793 932 1101 
150 320 336 350 409 585 669 847 1070 1147 1278 1350 1371 1428 
159 291 479 1057 1210 1225 1248 
24 77 174 248 249 299 318 325 617 719 737 749 759 927 1248 1385 
16 31 99 155 176 440 457 722 905 946 983 1128 1186 1234 1304 
82 231 476 680 783 875 1024 1061 1143 1395 
120 303 332 397 447 745 793 875 949 1131 1167 1208 1224 1272 1284 1375 1390 1414 
89 181 352 456 503 587 803 989 997 1004 1012 1070 1186 1195 1253 1276 1342 
118 256 509 684 752 832 929 1151 1366 
132 248 450 520 877 1412 
19 68 256 324 594 720 747 753 982 999 1047 1296 
181 269 273 328 375 541 639 903 924 1101 
118 200 225 400 441 468 471 517 593 740 790 1120 1148 1202 1226 1326 
208 226 473 542 785 887 946 1007 1009 1012 1091 1181 1189 1196 1210 1248 
311 370 511 696 725 1243 1244 1299 1350 1353 
118 263 460 615 736 1052 1124 1147 1178 1202 1234 1260 
268 383 611 694 767 
36 57 211 377 609 
100 112 120 494 555 681 836 895 1092 
193 276 396 400 605 721 814 927 1028 1062 1168 1224 1374 1433 
78 310 353 370 425 626 641 967 976 987 1195 1230 1260 
124 189 249 371 453 459 554 567 619 701 791 882 929 979 1023 1085 1148 1268 1361 
124 447 618 649 708 728 851 881 967 1006 1121 1208 
5 39 106 318 484 717 766 952 978 981 1033 1116 1178 1258 
166 239 364 621 655 702 838 847 1114 1196 1201 1202 
19 354 397 442 529 569 582 650 680 686 732 956 1074 1154 1243 1247 1315 
281 323 353 386 442 844 871 876 880 928 1053 1084 1200 1265 1270 1299 
55 127 161 263 286 459 575 647 712 938 1181 1417 
144 230 265 306 394 467 504 729 790 960 1138 1149 1269 1334 1428 
70 77 95 162 163 397 410 442 804 825 962 1145 1181 1197 1236 1245 1418 
180 261 455 605 720 1059 1135 1148 1333 
26 44 273 370 392 481 620 726 745 764 767 770 785 810 1274 1310 1412 
130 186 224 242 288 738 771 772 1336 
47 183 426 555 785 970 1121 1143 1198 
37 288 398 400 444 519 553 582 683 693 723 753 806 895 1035 1060 1266 1380 
118 496 752 952 1210 1272 1389 
5 11 82 86 275 425 662 680 799 876 1294 1359 
485 517 552 636 883 903 954 1026 1344 1397 
58 165 198 443 603 691 713 798 811 980 1115 1355 1360 1367 1385 
39 183 470 534 667 683 688 701 800 897 908 1052 1175 1198 1290 1291 1426 1440 
55 74 321 515 528 543 730 753 895 902 1032 1123 1197 1310 1337 1433 
100 142 313 421 612 769 868 981 1198 1286 1343 
107 168 235 322 696 710 928 1026 1059 1347 
103 183 194 224 350 355 373 473 496 889 894 935 1018 1044 1119 1250 1394 
45 97 340 445 490 511 534 614 645 1303 
69 270 387 522 545 607 854 898 1180 1343 
11 175 180 286 291 310 362 484 529 558 692 804 952 968 1017 1023 1189 1416 
113 133 151 217 336 395 422 573 633 704 729 766 982 1053 1063 1224 1244 1271 1371 
77 110 120 145 177 190 207 324 328 412 786 802 1292 1388 
2 43 68 142 203 287 353 362 368 391 474 550 659 694 708 824 864 916 934 996 1266 
307 352 458 462 474 481 589 823 861 1104 1170 1301 1346 1362 
63 71 145 167 315 386 551 646 701 763 864 876 1288 1300 1310 1384 
15 111 613 663 999 1055 1114 1132 1191 1372 
2 89 343 384 788 838 924 1305 1442 
29 31 92 124 131 133 177 203 326 357 385 695 706 733 935 954 1031 1275 1349 1377 
144 197 413 636 708 732 738 754 793 831 984 1216 1230 
50 55 485 554 583 606 753 778 829 918 943 958 1019 1263 
92 120 209 217 280 375 463 632 646 765 777 1287 
126 169 493 496 623 696 987 1002 1132 1294 1342 1357 
504 519 524 572 630 
76 107 232 274 372 379 560 916 1051 1127 1158 1335 
81 175 236 591 701 955 986 1033 1097 1241 1423 
21 98 199 378 438 663 799 831 959 989 999 1020 1329 1424 
56 494 544 784 786 862 871 931 987 994 1074 1107 1354 
220 231 347 363 785 805 887 895 1050 1102 1252 1324 1394 
279 324 425 694 749 971 1009 1052 1075 1179 1266 1427 
100 541 551 659 729 1045 1077 
302 454 546 755 876 1040 1250 1297 
91 204 226 230 306 315 633 721 745 903 1054 1075 
604 714 729 832 894 901 1022 1059 1081 1137 
10 14 120 217 254 272 356 358 510 978 1058 1106 1188 1314 1342 1351 1358 1363 1400 
69 192 221 312 316 355 426 509 624 739 919 996 1036 1125 1212 1341 
38 141 233 279 334 391 402 406 483 514 541 592 609 616 729 800 883 953 981 995 1083 1184 1256 1310 1363 
210 241 636 730 868 1421 
12 82 157 227 235 268 370 508 560 730 968 977 1152 1257 1371 
91 124 340 345 383 445 640 655 1099 1272 1377 1423 
31 95 495 924 951 1038 1104 1193 
110 519 596 641 850 885 896 1331 1333 1352 
282 295 317 642 842 891 909 939 1050 1147 1159 1182 1326 1429 
89 105 163 228 250 367 415 684 755 860 1143 1247 1259 1347 
120 125 355 588 676 698 754 1064 1338 
22 74 333 495 534 551 790 879 1240 1251 1299 1307 1377 
119 268 272 428 689 929 1077 1307 
93 162 171 354 528 606 668 976 996 1066 1204 1246 1373 1375 
21 86 400 651 933 1112 1320 
158 172 331 336 413 495 581 607 652 695 703 1404 
19 197 253 330 430 516 563 761 806 861 934 1069 1132 1184 
51 251 266 438 541 547 711 729 731 762 787 826 906 1007 1143 
746 761 846 854 1003 1085 1144 1189 
74 115 169 175 681 785 1324 
28 99 210 297 478 483 751 1117 1142 1179 1316 1363 
3 85 308 366 449 804 983 1215 1218 1315 1423 
324 433 482 535 560 616 710 726 779 1095 1173 
48 101 282 296 597 719 875 913 1238 1306 1385 1427 
133 277 285 369 480 589 894 948 1362 
1 406 474 698 704 753 876 917 1031 1068 1179 
208 255 360 406 445 507 534 539 668 677 1069 1084 1183 1260 
133 218 389 412 547 940 1404 
86 182 327 339 532 537 825 893 965 1114 1255 1281 
10 80 211 262 277 417 1099 1156 1207 1208 1222 1238 
209 255 387 393 542 637 680 736 1209 
103 151 284 477 662 734 760 1076 
44 93 126 133 152 165 275 322 589 681 737 770 918 1081 1336 1367 
194 257 362 474 578 845 885 891 1101 1201 1257 1278 1312 1321 1416 
200 427 456 552 606 746 839 926 934 1276 1443 
309 322 441 452 509 572 705 807 828 976 986 991 1102 1142 1194 1267 1403 1425 
15 18 140 184 207 240 294 320 465 590 634 657 727 744 789 910 1034 1273 1333 
132 319 481 597 762 874 1012 1094 1331 
424 577 732 784 1000 1058 1142 1230 1406 
144 292 563 664 671 676 803 809 811 867 888 1368 
94 126 151 265 332 490 520 537 584 820 837 1145 1217 1246 1412 
19 40 479 807 1101 1160 1202 1358 
8 90 91 104 339 400 427 455 548 694 729 929 1244 1307 1317 1379 
53 123 308 736 807 853 915 1020 1084 1143 1199 1200 1244 
59 145 205 243 259 341 1162 1296 
9 62 180 207 209 307 383 442 448 533 544 846 885 961 1176 1178 1270 1289 1302 1370 1400 
358 697 717 1144 1175 1300 1336 
38 67 116 118 121 164 383 390 409 454 589 690 837 949 1051 1219 1310 1352 
211 444 461 1232 1245 1277 
43 147 313 318 860 1067 1222 1224 1252 1402 1404 1420 1439 
160 424 492 543 545 911 963 1326 1356 
114 555 624 971 999 1129 1319 1365 1377 1430 
295 348 468 507 681 808 833 898 1006 1042 1167 1215 1238 1258 
39 68 91 130 365 501 647 677 895 1013 1093 
98 130 134 655 664 1085 1302 
11 252 316 481 609 654 748 977 1045 1386 1406 
125 343 747 1127 1167 1279 1304 1425 
42 430 693 727 796 967 1071 1125 1183 1389 
105 391 392 661 785 1185 1424 1432 
304 312 356 415 429 437 473 480 853 1041 1100 1421 
115 199 211 253 428 803 937 981 992 1063 1114 1164 1276 
10 223 302 454 556 634 754 867 902 1132 1161 1243 1427 1432 
301 320 606 833 949 950 955 1102 1117 1219 1223 1233 1235 1405 
300 309 439 443 506 564 590 688 753 760 1014 1098 1167 1183 1184 1224 1235 
152 158 177 706 767 922 923 1317 1387 1430 
90 181 204 421 441 537 599 820 830 1085 1087 
1 50 67 272 414 449 618 645 1083 1113 1224 1354 
295 307 385 490 602 1018 1042 1099 1201 1211 1224 1409 
6 262 332 365 570 716 855 1226 1325 1340 1393 
27 421 457 475 541 592 611 641 808 815 936 962 1143 1191 
14 70 265 294 722 751 873 879 998 1000 1028 1071 1137 
47 132 151 368 385 435 591 802 871 963 1052 1417 1435 
130 334 389 410 480 
165 394 434 507 938 943 987 1124 1295 1347 1386 
37 61 170 242 339 411 513 616 671 776 854 1018 1113 1348 
14 92 101 198 242 396 411 497 507 569 657 903 1227 1358 
13 403 506 686 724 915 1015 1024 1113 1199 1242 1332 1370 1410 
7 47 82 162 215 267 515 553 801 1011 1106 1189 1437 
1 12 21 342 582 622 649 786 813 949 1104 1209 1333 1350 
20 27 44 115 156 191 233 281 312 367 406 412 548 588 699 722 942 1111 1123 1357 1405 1415 
246 683 866 1164 1195 1286 1293 
3 107 118 390 966 1096 1118 1205 1212 1419 1439 
147 387 584 775 1016 1133 1296 1370 1374 
61 137 531 532 585 661 720 1109 1217 1390 
99 199 213 299 483 497 572 604 620 1097 1187 1333 1405 
66 171 248 636 683 811 827 1034 
49 229 379 505 520 523 534 661 743 786 842 892 1262 1291 
160 206 347 552 555 836 983 
14 186 201 212 219 391 421 495 995 1225 
14 135 164 413 581 1020 1107 1259 
32 204 438 497 541 566 662 675 676 678 878 891 922 1072 1078 1413 
128 161 426 438 1109 1138 1220 1262 1362 
7 103 152 323 339 583 777 817 867 889 958 976 1148 1438 
78 94 255 343 535 561 572 605 748 784 1062 1087 1106 1312 1408 
425 560 761 1397 1444 
229 249 419 434 921 1007 1045 1205 1343 
323 384 406 490 551 615 747 749 950 1296 1435 
177 313 372 376 617 896 925 1334 1355 
80 84 218 319 419 455 546 633 848 947 1023 1057 1067 1075 1111 1113 1272 1375 1439 
429 592 807 829 860 907 947 1169 1338 1420 
114 367 430 739 771 901 976 1051 1273 1383 1432 
69 107 136 194 453 1057 1075 1083 1121 1155 1309 1310 1363 
78 111 183 421 539 634 889 975 988 1042 1119 1147 
1 161 236 472 583 618 629 651 724 761 839 897 915 924 950 1140 1198 1298 1301 
82 103 235 617 635 
5 96 524 543 838 965 1134 1190 
37 173 236 692 805 1146 1166 1172 
46 118 155 242 265 269 281 293 347 388 612 666 703 704 791 980 985 1128 1273 1288 1421 1433 
50 56 81 104 221 234 290 308 424 506 724 734 749 765 793 920 1136 1196 1220 1224 1318 1415 
7 105 169 346 606 619 707 1147 
159 178 257 515 561 672 858 929 
421 583 657 694 779 838 890 969 1093 
255 345 559 609 644 724 931 1052 1347 1425 
33 310 400 720 965 1050 1069 1173 1257 
53 57 127 128 271 302 308 481 561 642 719 968 997 999 1024 1309 1437 
212 249 327 673 735 770 901 916 1240 1242 
22 102 202 366 520 612 899 939 1223 
21 38 233 423 426 659 775 801 813 1017 1265 1317 1422 
1 192 352 545 607 894 974 1177 
219 346 447 559 561 599 658 691 696 711 762 946 984 1071 1092 1243 
38 107 116 149 219 224 324 406 446 577 807 901 1117 1428 
38 97 157 197 226 364 598 655 741 860 870 1049 1207 1250 1287 1423 
259 330 549 607 879 917 959 986 1082 1151 1170 1225 1260 1285 
74 189 223 408 419 450 495 505 633 776 801 858 1117 1179 1338 1416 
58 162 358 385 455 540 695 854 1142 1241 1289 1405 
101 305 330 411 431 434 551 796 918 952 1159 1275 
401 534 540 653 741 767 792 886 931 1060 1113 1121 1123 
363 386 494 535 569 620 660 716 732 738 762 821 1101 1331 
340 388 482 530 575 775 865 948 1210 1221 1296 
5 42 263 737 871 1284 1395 
54 59 164 256 484 602 743 820 1003 1019 
44 99 282 283 289 504 518 660 884 1180 1260 
8 39 178 189 202 377 409 924 934 1024 
62 90 152 531 767 868 883 888 1308 1372 1381 1408 
175 210 225 239 279 314 335 396 476 516 532 738 829 1011 1157 1197 1251 1262 1386 
5 68 122 256 293 324 476 562 634 709 735 766 843 1090 1144 1355 
19 46 76 239 449 607 681 991 1088 1199 1246 1351 
95 334 353 449 644 702 944 1113 1184 1202 
115 229 273 385 513 584 600 649 671 785 950 1077 1158 1407 
110 167 168 441 527 867 1044 1087 1215 1217 1331 1404 
103 123 183 184 501 688 737 1135 1248 1255 1354 1383 
163 324 565 570 776 959 1027 1031 1136 1206 
160 804 1043 1212 
56 206 263 290 438 818 1203 1424 
116 366 409 481 543 673 998 1312 
206 209 497 791 936 966 1053 1091 1140 1215 1245 1434 
76 93 107 302 308 981 1000 1308 1330 
97 392 493 503 811 844 871 969 1135 1297 1347 
151 184 561 692 747 758 883 951 1107 1209 1270 1415 1427 
139 155 330 378 793 890 937 1010 1016 1184 1312 1394 1445 
16 39 88 95 160 242 445 569 626 672 754 800 893 1223 1250 1260 1326 1380 1436 
303 769 922 953 1000 1020 1151 1188 1324 1403 
80 87 351 876 976 1047 1059 1145 1205 1345 1351 1360 
152 373 379 435 655 863 939 1031 1207 1364 
49 96 128 146 316 329 443 565 636 697 832 858 919 973 983 1016 1106 1235 1271 1314 
94 389 417 518 681 685 832 951 975 1127 1292 
48 162 171 189 309 435 438 485 643 709 751 774 871 900 1280 1338 1363 
865 1183 1221 1389 1414 
20 143 304 311 604 802 1069 1089 1108 1149 1246 1386 
45 95 418 426 595 701 717 1185 1264 1411 
162 174 301 346 567 584 724 740 1004 1012 1157 1254 1255 
118 347 359 660 706 719 780 810 878 941 1066 1437 
110 169 314 341 1040 1057 1076 1140 1198 1236 1428 
112 165 171 424 442 508 761 880 894 990 1148 1377 
25 107 118 190 285 387 565 685 698 942 1001 1140 1219 1238 1321 
61 100 165 381 574 628 782 1163 1187 1362 
139 212 569 747 784 802 900 966 979 1079 1292 
294 313 682 741 752 991 1252 1288 1338 1363 1427 
22 175 189 341 402 581 663 837 913 1105 1174 1211 1299 1356 1409 
21 142 174 242 365 681 828 917 1005 1188 1307 1388 1419 
115 512 515 725 841 1018 1036 1072 1089 1248 1267 1395 
156 340 492 776 884 921 955 1049 
33 402 512 694 795 947 1082 
78 95 103 483 929 966 1176 1428 
223 397 535 847 932 994 1036 1182 
76 149 360 439 681 754 841 944 957 1057 1126 1232 1339 1342 1438 
42 343 419 470 484 495 502 541 551 558 560 905 943 958 964 1169 1331 1373 
23 89 163 177 205 294 333 359 428 517 562 956 1283 1309 
24 189 253 291 702 711 887 1003 1289 1433 1436 
113 435 494 564 573 866 867 940 1117 1127 
792 896 991 1035 1171 1249 1278 1407 1443 
218 344 391 435 657 704 815 830 846 1049 1053 1322 
271 302 417 434 526 662 830 864 871 906 1058 1329 
175 185 282 478 595 685 774 916 923 974 1241 1333 1376 
40 152 169 721 733 744 893 959 1147 1203 1364 1410 
2 177 770 919 1014 1331 
222 257 263 301 607 735 752 962 
37 109 451 585 623 759 830 939 958 1090 1280 1403 
59 104 149 197 423 588 682 723 945 1197 1307 1319 1350 
552 943 1060 1068 1380 1412 
5 78 165 199 329 378 559 754 860 944 955 985 1172 1404 
411 463 484 543 547 582 584 760 890 909 952 978 1158 1401 
38 165 360 458 551 726 1359 1369 1392 
213 227 285 427 467 483 489 813 1009 1130 1192 1247 1371 1434 
86 156 279 282 488 513 727 837 954 1025 1054 
447 552 818 839 1094 1206 1277 
34 140 171 577 670 944 992 1001 1016 1047 1060 1194 1214 
11 112 263 290 330 439 473 662 694 796 873 881 1039 1192 1218 
77 546 673 849 913 934 941 1016 1058 1187 1216 1274 1294 1360 
122 130 141 163 207 248 254 617 718 720 825 1200 
237 245 530 584 619 640 744 772 882 1109 1240 1277 1366 
44 126 343 426 435 879 915 1079 1132 1193 1204 
25 39 144 178 220 356 731 1046 1064 1252 1309 1369 1388 1435 
114 165 565 677 696 763 819 1175 1421 
83 116 150 407 486 609 996 1130 1200 1305 
280 285 360 528 546 587 922 1030 1134 1267 1402 
38 197 229 390 402 432 445 513 886 951 1070 1321 
870 923 1093 1146 
31 124 216 345 351 450 495 676 686 718 781 803 860 868 920 1398 
457 497 515 548 580 595 772 823 1131 1184 1208 1278 
104 420 468 499 631 668 721 768 959 1098 1367 1427 
116 239 440 531 624 653 719 934 1028 1033 1053 1062 1169 1344 1387 1412 
72 241 259 380 736 875 985 1046 1089 1234 1278 1418 
101 366 381 721 739 770 828 914 1011 1020 1293 1410 
47 149 410 564 595 708 745 1172 1252 1275 1290 1350 
589 702 789 855 922 1049 1244 1305 1347 
119 252 322 359 398 489 642 753 887 991 1111 1211 1368 1407 1409 
44 125 175 272 338 607 875 958 980 1011 1243 
26 106 353 367 521 759 803 890 996 1332 
367 430 525 597 616 624 678 686 690 718 756 761 841 1005 1161 1253 1407 1439 
100 189 462 870 1028 1385 
59 63 316 318 363 364 429 531 546 574 609 705 760 1005 1016 1031 1233 1289 
9 17 106 150 214 557 655 931 1017 1101 1394 1425 
12 162 200 290 552 803 904 935 948 984 1002 1068 1255 1346 
64 124 184 208 321 411 444 466 475 828 964 1346 1412 
129 212 231 288 334 465 1119 1438 
78 240 320 590 761 942 997 1040 1193 1195 1337 1439 
348 374 466 611 672 770 856 1041 1285 
416 423 747 769 781 972 986 1014 1016 1115 1146 1189 1197 1219 1249 1257 1336 
41 220 271 321 547 705 882 994 1076 1143 1326 1367 
89 108 649 838 912 1017 1046 1079 1119 1315 1366 1393 1406 
177 277 370 451 551 671 708 750 760 819 882 1246 1437 
82 181 278 483 644 684 806 838 914 919 1213 1249 
241 515 932 964 1158 1435 
7 400 756 991 1014 1201 
348 533 642 662 786 898 946 1022 1028 1208 1253 1279 1361 1412 1417 
72 337 345 630 705 928 1190 1372 1373 1379 
58 94 339 937 987 989 1367 
4 28 551 684 720 820 1023 1241 1381 1409 
161 290 582 680 711 785 863 1040 
10 169 465 508 1022 1198 1253 1267 1281 1434 
113 325 603 661 688 711 763 961 1109 1206 1281 1333 
16 42 75 112 161 167 250 286 354 453 691 917 1171 1368 1374 
75 106 322 344 626 845 902 981 985 1017 1036 1086 1087 1127 1235 
248 362 440 447 454 543 550 705 711 805 928 1056 1063 1308 1319 1402 1445 
98 317 511 522 587 821 
236 311 412 603 831 953 996 1002 1426 
79 110 184 559 844 1084 1122 1153 1298 1400 
297 377 850 917 922 964 966 989 996 
40 112 213 260 429 466 744 885 990 998 1011 1430 
91 161 315 341 433 620 741 835 842 938 1093 1111 1330 1355 1417 1425 
51 116 239 400 421 540 561 663 754 898 1055 1080 1099 1373 
202 331 425 639 760 811 857 919 981 1299 1360 1398 
100 109 134 255 389 
91 157 307 357 381 415 533 547 567 767 1003 1008 1220 1338 1411 
23 78 403 427 447 541 568 571 719 744 866 1006 1048 1124 1369 
114 148 199 364 498 703 844 882 900 1214 1350 
6 33 131 369 398 962 1037 1075 1253 1316 
275 302 307 489 550 621 735 740 1424 
74 184 335 379 409 529 652 909 1336 1390 1397 1435 
367 717 838 979 988 1003 1057 1243 1401 
148 676 1058 1102 1119 1154 1230 1349 1371 
8 174 299 401 433 623 973 1142 1156 1423 
63 95 150 184 232 344 395 438 447 456 499 522 526 652 674 752 793 909 921 989 1240 1361 
189 340 346 477 571 738 1230 1363 
65 195 470 721 759 979 1058 1063 1079 1149 1240 1322 
212 400 536 538 804 853 1074 1171 1177 1201 1216 1342 1359 
322 528 732 948 1100 1377 
75 117 208 429 430 641 769 938 942 1011 1080 1084 1088 
137 162 209 288 296 336 1025 1054 1063 1066 1067 1270 1283 
56 83 139 274 379 454 494 774 1069 1372 
137 343 379 423 673 689 965 1095 1129 1387 
155 297 460 534 765 930 994 1007 1324 1397 
113 155 405 490 562 596 827 995 1291 1400 
21 329 446 517 589 820 835 870 1123 1408 1422 
395 416 612 641 910 1091 1100 1147 1154 1168 1218 1261 
99 228 741 907 1048 1146 1403 1445 
66 68 206 479 764 823 863 1252 
391 416 525 610 970 980 998 1135 
45 402 708 920 964 1146 1282 1412 
51 296 352 408 489 518 689 1023 1044 1125 1149 1303 1308 1375 
97 104 174 278 351 597 620 889 939 949 983 1111 1273 1297 1322 
36 226 245 309 379 400 461 549 607 690 762 776 881 1061 
213 325 489 528 649 677 685 758 815 868 1074 1152 1169 
130 217 349 440 549 587 713 737 763 839 880 1445 
80 270 641 678 724 745 913 949 979 1066 1133 1186 1390 1408 
151 293 310 397 766 962 1037 1058 1280 1352 
176 184 260 750 1019 1141 1221 1231 1323 1379 1417 
20 628 677 1012 1103 1434 
46 130 291 647 700 866 869 930 943 1028 1145 1167 1218 
104 274 553 599 614 768 806 950 966 1029 1033 1054 1323 1406 
246 440 728 740 767 920 1101 1242 1273 1376 1379 1408 
520 540 732 894 957 964 1120 1126 1183 1216 1274 1402 
40 184 325 395 703 1050 1218 1283 1294 
135 477 579 596 684 717 861 979 1191 1367 1373 
136 215 247 349 513 568 745 828 1012 1033 1037 1107 1160 1429 
7 239 315 383 422 537 599 680 778 970 1297 1441 
120 187 226 338 407 572 1203 1289 1323 
19 21 144 166 205 209 781 929 1037 1053 1125 1268 1441 
16 110 201 473 521 532 817 866 1037 1198 
89 90 170 294 685 697 793 957 991 1216 1229 1359 
133 229 283 408 424 784 794 881 926 1038 1150 1185 1271 1415 1435 
13 39 212 343 423 699 705 974 1099 1174 1193 1382 1383 1428 1435 
60 127 307 354 825 838 887 1079 1135 1171 1289 1361 
101 113 209 247 298 430 501 616 646 858 938 1223 
273 281 486 548 574 576 1100 1122 1286 1353 1383 
64 216 318 468 517 541 723 761 1034 1051 1153 1390 
326 364 406 547 637 643 662 763 766 866 869 1025 1080 1280 1342 1445 
97 100 182 228 275 284 345 558 799 930 997 1138 1168 1328 
27 159 163 198 206 248 343 545 594 764 780 906 1172 1321 
345 372 389 455 519 578 858 1131 1264 1382 
106 358 537 640 934 969 998 1033 1071 1102 1121 1146 1231 1378 
501 550 567 1019 1036 1075 1084 1151 1287 
169 290 571 587 643 767 800 1260 1311 
41 59 121 124 612 890 940 1146 1179 1358 1363 1367 1436 
65 104 351 357 483 484 502 535 548 649 667 770 834 869 
203 527 613 638 690 692 724 794 811 1015 1036 1080 1155 1328 1376 
34 402 417 437 495 527 719 786 822 833 1114 1184 1190 1229 1247 1262 
67 74 206 207 283 432 460 461 521 627 656 682 1011 1217 1276 
26 69 251 330 618 833 861 907 1011 1217 1407 
25 336 391 505 624 904 1036 1382 1383 1445 
74 219 418 445 926 938 980 1243 1288 
156 188 253 423 474 903 955 1121 1251 1362 1424 
58 125 221 327 345 428 449 711 913 1043 1350 1401 
358 587 716 887 1243 1244 1346 1421 
69 403 460 482 490 821 879 975 1018 1133 1234 1297 1355 
26 32 323 351 379 583 656 697 805 963 1112 1393 
152 200 232 275 408 458 614 790 1039 1205 1256 1366 
181 243 426 586 849 1252 1285 1346 1417 
93 116 653 759 852 1256 
66 104 216 309 342 512 571 666 831 978 1123 1133 1340 1342 1363 
585 618 622 661 773 797 835 1019 1070 1207 1296 1307 1409 
160 240 272 416 462 827 1035 1043 1073 1154 1351 
148 415 657 698 709 801 809 895 990 1059 1208 1231 
418 589 628 654 692 762 803 830 1029 1079 1114 1117 1283 
93 131 182 313 417 527 595 1056 1387 1408 1444 
208 341 350 573 748 774 846 1318 1402 
58 164 246 287 417 474 480 502 685 936 1126 1168 1349 1440 
24 195 231 256 348 641 768 845 861 922 1202 1312 
91 169 180 297 308 623 761 857 916 1063 1160 
141 144 149 151 371 614 926 1134 1151 1259 1383 1397 1419 
177 220 290 563 638 851 859 968 1009 1120 1161 1247 1325 1385 1403 
107 162 237 444 492 613 669 1145 1189 1253 
76 180 440 662 692 847 866 984 1018 1049 
212 320 453 508 782 1094 1132 
180 279 515 532 545 834 842 844 866 894 905 1387 1408 1437 
25 71 440 461 626 633 637 679 722 750 796 828 1085 1102 1182 
167 279 577 662 736 996 1124 1165 1258 
6 147 165 500 549 567 721 1163 1177 1251 1412 1418 
63 83 302 517 541 553 788 830 888 891 947 1102 1226 1232 1314 1404 
17 25 51 187 202 481 503 529 577 647 655 849 1165 1365 
207 336 337 681 741 870 993 998 1029 1167 1207 1252 1342 1380 1413 
24 104 126 472 710 1060 1109 1404 
139 239 473 587 634 666 720 731 869 894 1079 1090 1330 1357 
14 102 148 183 197 205 450 620 1015 1073 1296 
198 211 229 292 547 738 847 894 1042 1098 1153 1154 1270 1375 1383 1400 
321 451 545 646 697 713 841 1023 1115 1146 1337 1347 
179 371 585 769 825 1048 1066 
107 143 402 407 943 1060 1105 1177 1374 
205 229 236 291 294 438 519 633 687 758 824 923 947 1011 1129 1292 1300 1419 
160 184 218 242 267 273 334 468 642 702 875 1137 1149 1279 1415 
20 177 371 576 597 619 819 1039 1127 1220 1282 
212 448 474 537 541 613 615 694 961 972 1224 1254 1325 
2 201 242 270 281 349 371 388 455 460 524 580 646 693 704 977 1078 1297 1316 1397 
19 34 215 231 541 621 750 756 784 829 969 1112 1318 1391 
40 91 114 144 165 362 453 483 507 643 850 1053 1093 1098 1369 1376 1412 
33 309 518 585 589 873 973 1108 1276 1348 1410 
300 472 649 657 728 908 915 1046 1071 1178 1345 
24 26 93 250 314 343 358 419 471 876 909 1300 
280 284 344 494 566 572 684 767 838 1128 1394 
27 50 154 195 228 295 305 366 678 726 859 1076 1286 
5 8 119 207 222 1152 1260 1309 
82 218 375 565 632 871 913 930 932 1170 1208 1285 1419 1443 
292 402 466 555 1055 1271 
125 636 788 803 806 892 1030 1166 1197 1276 
485 614 703 731 777 785 811 837 997 1255 
9 524 622 786 814 903 
82 124 175 186 438 501 727 808 920 1057 1110 1254 1262 1432 
874 975 996 1044 1047 1079 1082 1124 1282 1299 1302 1331 
117 132 239 241 258 699 713 776 870 877 952 1043 1424 
120 242 297 454 548 679 710 719 728 860 931 1158 1234 1264 1274 
324 368 408 478 498 571 681 726 926 1033 1048 1128 1203 1359 1411 
52 540 577 1069 1276 
301 502 706 890 919 1080 1108 1211 1440 
251 329 466 525 617 623 772 1051 1139 1203 1335 1437 1438 
69 79 81 371 410 432 512 538 655 683 1015 1074 1123 1368 
250 283 397 589 604 723 1029 1043 1100 1123 1186 1286 1331 
141 223 225 284 365 382 442 520 869 1084 1314 
61 246 391 511 689 797 1030 1261 
23 639 902 928 1219 1349 1419 
33 239 294 558 622 633 681 758 906 959 1001 1148 1282 1360 
206 339 348 776 893 1280 1323 1380 
46 612 809 1063 1107 1163 
4 106 115 122 152 208 265 271 395 436 829 987 1109 1238 1311 1326 
30 85 127 247 363 473 498 587 622 667 812 1255 1420 
266 348 499 604 933 1116 1160 1207 1353 1433 
196 355 577 587 594 629 828 848 1168 1179 1228 1231 1250 1433 
249 335 592 644 1115 1118 1267 
28 237 351 450 453 477 481 874 1142 1333 1384 1389 
36 158 269 278 288 294 313 374 449 553 601 704 820 824 831 1057 1119 1169 1369 
24 538 717 1043 1076 1105 1164 1170 1205 1368 
228 375 477 505 668 867 944 979 1051 1167 1403 
18 225 464 748 890 1140 1168 1301 
169 198 389 465 515 948 1010 1034 1071 1187 1437 
36 146 634 874 958 982 1077 1184 1220 1314 
101 347 393 411 444 448 485 684 696 790 881 1214 1317 
22 120 242 249 381 484 500 596 696 697 936 1070 1427 
29 195 446 513 737 814 971 1214 1245 1258 1288 1313 1329 1331 
71 96 181 270 813 941 1402 
61 218 304 316 485 531 886 1034 1116 1126 1207 1217 1300 1369 
21 318 363 587 713 721 813 1135 1273 
7 127 252 308 362 415 578 763 788 793 891 1082 1164 1211 
23 69 83 333 360 391 491 545 611 743 899 1200 1318 
241 307 331 594 602 711 725 727 1294 1329 
101 287 378 776 942 1114 1368 1409 
91 96 161 179 258 330 424 521 794 825 831 925 1060 1301 
19 57 147 235 244 343 356 435 484 508 553 770 784 831 905 917 977 1085 1172 
5 43 99 185 206 270 826 927 1069 1287 
90 251 519 639 677 702 705 1053 1154 1214 1377 1436 
25 227 324 408 413 448 852 933 966 1171 1217 1237 1341 
3 4 90 199 481 586 668 768 919 937 1217 1308 1392 1403 1442 
185 297 360 363 444 629 711 744 786 845 996 1110 1306 
20 73 84 164 295 365 519 520 873 1004 1085 1313 1381 1398 1410 
49 317 348 395 429 627 636 750 837 1062 1320 1361 1379 1414 
38 115 141 961 965 1195 1211 1236 
52 112 169 248 321 774 969 994 1070 1211 1253 1256 1314 1354 
25 53 156 352 460 473 657 803 964 1344 1354 
18 97 229 308 340 425 673 705 718 848 994 1192 1259 1276 1382 
244 248 390 397 594 711 722 876 
19 40 87 434 442 463 610 727 738 902 956 996 1142 1326 1335 
4 106 180 218 241 471 731 737 739 871 930 1008 1067 1202 1234 1428 
193 209 217 290 390 567 661 811 844 904 1251 1264 1347 
182 209 401 495 643 650 724 811 967 972 1180 1364 1438 
172 209 398 485 490 722 801 835 1002 1034 
238 477 688 710 713 722 809 905 1106 1198 1317 1405 1440 
82 135 136 217 517 911 952 1065 1149 1152 1310 
5 24 103 226 353 538 573 781 969 1322 
134 449 457 547 631 632 849 863 920 1095 1168 
149 221 286 678 909 963 1009 1397 1436 
434 615 631 797 889 921 1099 1119 1163 1177 1221 1283 1416 
135 509 682 704 720 797 977 1003 1101 1140 1238 1247 1296 1355 1407 
177 179 200 266 413 798 846 916 
86 261 510 522 700 711 733 896 1255 1310 1406 
158 560 596 835 936 984 1151 1179 1192 1193 1241 1245 1268 
9 82 141 406 555 607 656 769 849 910 1355 1366 
92 296 344 505 588 1000 1277 1278 1370 1381 
115 407 693 964 1024 1173 1175 1186 1272 1357 1423 
66 78 190 304 349 426 789 820 907 913 
120 302 376 430 453 753 966 1034 1060 1068 1299 1373 1427 
148 470 635 808 851 907 1086 1087 1177 1187 1188 1226 1321 1391 
28 126 174 253 369 374 392 651 789 965 1043 1057 1061 1234 1321 1366 
151 269 343 502 641 677 815 830 932 996 1157 1331 
42 269 297 382 519 594 859 876 1022 1129 1172 
185 205 245 399 468 532 696 896 925 1055 1207 1398 
71 264 443 503 550 688 797 817 1248 1364 
34 146 239 354 489 525 680 684 830 884 918 1072 1320 1396 
246 274 704 717 745 817 831 834 835 876 1130 1340 
4 123 168 422 700 856 890 
28 117 160 438 481 493 507 584 677 696 710 836 1117 1217 1295 
186 223 243 252 268 575 642 687 843 1356 1404 
46 102 115 153 154 373 696 1164 1253 
122 199 421 495 517 551 679 681 1068 1085 1230 1243 
358 363 452 464 718 753 806 1029 1032 1229 1416 1444 
183 350 430 444 504 577 615 638 648 1055 1079 1101 1164 1310 1320 1377 
333 411 548 649 816 943 1117 1344 1360 1376 
149 410 439 449 466 568 594 830 989 1249 
15 173 340 520 582 702 713 980 1093 1148 1198 1218 1372 
149 178 243 348 462 485 498 603 652 678 830 831 922 1011 1363 1391 
24 211 243 378 463 485 502 566 727 930 1192 1358 
104 492 575 681 1187 
96 257 356 598 791 797 820 932 1161 1208 1340 1373 
184 392 494 519 577 1291 1328 1335 1444 
45 67 128 251 420 495 565 779 883 968 1031 1033 1282 
17 150 208 690 695 759 892 951 1006 1211 1295 1390 
15 34 844 883 1059 1407 
56 101 156 204 325 417 594 712 723 829 887 985 1028 1089 1092 1229 1310 1375 1395 
137 457 573 587 712 745 810 811 983 1092 1264 1271 1401 1428 
7 96 180 222 325 376 422 454 656 727 816 913 1175 1211 
56 140 231 325 344 434 508 670 673 781 808 904 926 999 1349 1352 1435 
12 533 723 777 961 1085 1109 1208 1362 
42 285 363 397 401 554 666 700 701 711 908 938 1222 
618 648 657 948 996 1000 1233 
130 239 240 501 553 575 672 741 765 889 918 1164 1311 
613 779 902 1090 1116 1199 
22 178 210 254 392 762 817 935 970 982 1045 1096 1119 1339 1411 1425 
103 203 240 414 543 705 987 1003 1008 1025 1110 1193 1228 1326 
1 53 247 273 283 333 527 590 621 928 1130 1145 1335 
1 21 239 326 425 453 456 480 796 908 928 991 1143 1162 1210 1302 1423 
366 477 511 568 770 1095 1097 1193 1347 
164 267 346 349 393 772 801 881 996 1283 1310 1312 1394 
76 243 267 377 417 721 820 1115 1175 
526 565 621 689 777 857 1108 1195 
87 232 330 501 545 569 713 718 794 890 899 918 1081 1139 1288 1381 
166 212 248 258 326 520 576 1043 1156 
179 199 232 283 404 476 489 555 560 581 854 859 902 1085 1145 1356 
9 305 345 359 420 492 754 1312 1366 1437 
24 214 518 572 645 927 1078 1148 1199 1244 
356 566 637 724 885 1437 
78 411 732 747 763 1348 1381 
3 39 108 221 315 557 803 938 973 1008 1165 
602 719 1066 1211 1291 1303 1321 
228 626 666 726 
16 95 229 447 461 498 619 724 813 916 1037 1123 1337 1363 
64 78 251 315 432 443 745 922 1069 1141 1244 1294 1408 
121 128 187 277 659 680 704 733 773 866 1214 
58 74 243 282 367 431 492 804 868 875 1049 1059 1178 1315 1416 1417 
27 101 302 674 682 729 966 1060 1148 1302 1431 
29 61 752 893 982 1445 
208 269 277 634 669 705 802 828 1086 1134 1142 1150 1195 
48 355 488 501 582 816 963 968 1213 
320 325 699 801 948 977 980 1213 1412 
143 272 503 575 590 610 824 1003 1128 
115 152 250 335 369 432 924 955 1054 1075 1159 
60 202 273 329 368 421 498 796 1008 1009 1326 
14 16 17 101 150 294 320 531 534 1047 1129 1146 1158 1240 
184 259 460 494 620 945 1037 1061 1102 1207 1257 1290 1310 1341 
10 144 330 704 897 1408 1431 
296 458 638 890 995 1096 1140 1346 1349 1352 1407 
185 283 318 453 531 739 848 1073 1138 1154 1356 1378 
522 546 572 650 755 889 1080 1185 1392 1400 
123 339 436 468 616 749 875 935 1089 1175 1260 1323 1330 
107 514 534 628 813 892 946 989 1065 1071 1347 
190 301 508 672 737 982 1283 1312 1412 
238 286 430 737 854 1041 1239 1268 1292 
4 73 335 343 345 517 585 693 746 923 934 1127 1291 1429 
9 76 426 531 570 677 848 981 1404 
7 318 348 432 497 734 756 966 1061 1181 1271 1400 
32 36 450 841 1226 1241 
84 131 160 273 454 526 708 812 850 864 896 1099 1122 1208 1364 1440 1444 
104 111 148 268 301 443 765 915 1049 1064 1093 1131 1369 
91 195 287 318 402 429 437 534 564 590 871 1015 1309 
15 31 32 420 692 712 724 779 936 1020 1146 1216 1304 
1 122 232 292 310 345 387 532 578 749 814 1127 1136 1177 
6 59 165 196 310 458 748 871 1170 1183 1380 1416 
119 140 281 287 541 631 679 813 822 1146 1255 1274 
28 280 421 497 582 630 742 1048 1268 1349 
68 71 141 161 208 217 577 607 669 702 824 1299 1320 
7 118 303 452 490 751 972 983 
466 621 637 654 791 1189 
46 50 246 283 408 601 630 779 780 810 937 956 1099 
282 309 327 367 580 901 914 1012 1048 1188 
84 569 609 647 869 882 945 970 1139 1298 1347 1415 
232 261 539 569 644 729 738 749 770 815 869 1203 1210 1231 1243 1257 1283 1356 1394 
167 290 484 656 1081 1161 1250 1394 
145 517 801 861 912 917 1106 1257 1263 1290 1442 
37 54 58 152 159 180 234 478 482 491 545 558 655 1175 1190 1338 1402 
50 363 487 768 922 1117 1155 1172 1193 1352 1413 1445 
3 9 188 297 323 397 420 643 723 789 998 1273 1336 1397 
9 186 255 360 612 788 1025 1131 
40 64 67 82 93 118 119 211 324 482 537 810 832 885 1173 1202 1366 1370 
11 15 148 218 273 361 380 563 630 876 1104 1132 1180 1329 1395 
14 191 192 257 327 364 442 686 819 956 1012 
257 392 410 632 782 1191 1223 1231 1304 1341 1394 1417 
91 256 467 560 801 932 974 1077 1217 1218 1268 
13 215 285 312 313 560 622 949 1033 1049 1204 1387 1421 
12 164 196 223 331 418 541 624 1055 1058 1065 1159 1288 
30 190 195 362 428 469 762 787 919 1040 
96 111 115 165 224 677 836 1109 1130 1362 1379 
81 436 459 710 776 818 918 997 1161 1197 1253 1281 1386 
10 340 429 473 527 554 
17 63 256 682 1076 1084 1239 1425 1442 
240 279 346 355 609 662 760 950 1175 1181 1318 1416 1426 1427 1445 
80 252 254 264 376 477 526 914 1018 1121 1288 
281 371 394 566 775 805 895 907 944 953 1146 1154 1175 1219 1439 
66 172 188 562 664 844 986 
71 115 152 269 272 305 416 428 483 728 775 804 846 852 951 1009 1166 1426 
35 145 240 251 256 271 402 445 596 621 726 865 1362 
113 238 359 582 758 1152 1197 1239 1254 1425 
130 654 730 800 814 996 1027 1315 
73 308 395 738 994 1124 1270 1347 1415 
387 435 593 778 867 891 924 935 1022 1313 
103 211 481 512 538 625 943 1252 1358 1437 
25 141 272 328 571 592 836 1098 1224 1238 
144 166 192 659 769 1187 1283 1320 1393 1435 
180 198 255 296 468 490 705 756 768 943 1034 1075 1098 1119 
109 177 329 337 475 493 583 584 653 739 743 863 
100 109 333 361 462 735 979 1194 1232 
68 178 244 255 920 1135 
44 71 115 165 199 307 328 398 516 533 593 672 695 748 991 992 1092 1096 1285 
157 176 740 777 841 880 915 983 1124 1199 1256 1289 1309 1337 
17 49 256 618 842 1134 1266 
44 99 267 393 516 518 752 1029 1105 1157 1246 1285 1303 1390 
191 208 380 625 699 712 846 956 982 1024 1091 
26 145 331 396 579 583 768 904 920 1100 
7 149 359 557 601 775 815 1054 1246 1285 1314 
31 37 170 219 308 317 630 712 1073 1163 1430 
35 100 169 235 265 406 420 530 557 558 761 834 908 1193 1194 1376 
232 251 280 308 736 865 903 1018 1093 1208 1212 
120 165 220 468 485 818 936 1227 1262 1286 1310 1402 
32 38 164 190 208 272 276 383 414 517 540 756 847 1121 1214 1437 
201 252 273 557 768 809 843 1082 1236 1339 1435 
48 227 258 513 527 602 644 659 684 734 960 1034 1068 1149 1386 
241 311 571 625 736 920 966 1020 1158 1232 1383 1420 
182 286 310 475 602 719 1003 1031 1071 1191 
42 157 275 321 424 425 484 505 688 748 792 859 933 1090 1247 1325 1334 1388 
122 158 178 191 209 310 325 482 589 636 768 770 788 869 924 935 1032 1082 1098 1235 1270 1407 
114 147 148 267 548 921 952 1200 1222 1296 1441 
167 276 341 363 568 819 1118 1387 
112 156 463 581 654 706 968 998 1095 1212 1218 1263 1317 
181 194 229 351 385 467 489 675 695 736 800 978 997 1005 1062 1082 1394 
16 48 181 196 319 374 431 807 984 1010 1153 1168 1182 1396 
31 73 88 139 201 244 528 534 554 594 618 650 960 970 1023 1133 1167 1177 1297 1421 
354 509 548 813 844 850 1213 1317 1445 
79 156 192 195 211 301 438 526 618 699 745 772 961 1029 1435 
75 419 496 550 750 901 1004 1038 1234 
295 298 322 477 627 781 944 1004 1019 1062 1216 1238 
181 196 444 717 850 1010 1126 
28 230 245 465 508 674 704 781 866 1048 1123 1243 
196 319 363 501 564 573 671 951 1059 1084 1133 1232 1354 
139 197 303 338 644 697 752 773 779 819 931 1035 1186 1231 
200 214 229 587 654 1079 1286 1395 
184 548 593 621 655 810 1004 1055 1059 1191 1325 1440 
26 78 202 274 327 398 407 441 510 526 579 677 732 918 957 1119 1159 1301 
108 224 415 442 444 901 1006 1190 1213 1260 1266 
341 405 430 466 1070 1078 1088 1195 
19 137 176 201 243 251 276 288 523 868 908 1070 1073 1088 1108 1123 1360 
24 68 210 220 749 1166 
156 271 317 394 415 481 525 701 736 791 988 1109 1433 1445 
44 175 274 312 639 658 823 841 902 926 1326 1359 
67 115 262 275 292 325 645 832 979 1039 1103 1113 1322 1365 
9 25 76 568 612 746 937 970 1362 
382 506 508 733 825 925 1166 
99 275 363 407 412 570 668 704 851 1027 1053 1074 1241 1349 
18 19 27 308 322 1132 1217 1235 1426 
68 150 188 450 510 637 669 960 1188 1287 1427 
169 240 359 422 836 998 1094 1341 
157 207 223 332 741 762 917 990 1137 1257 1310 1311 1320 1367 
56 103 310 435 541 558 675 703 897 938 1243 1318 1378 
86 286 309 357 451 479 485 525 688 1223 1368 
678 686 735 862 1027 1040 1108 1131 1206 1315 
170 213 314 470 517 976 1020 1190 1221 
223 443 671 
10 269 281 768 813 1015 1041 1123 1287 1294 1442 
123 228 230 276 391 637 648 959 1028 1091 1244 
403 447 449 455 586 676 817 973 1012 1060 1104 1176 1313 1356 1403 
38 64 340 466 803 919 955 1044 1109 1169 1188 1402 
75 208 253 336 368 447 515 580 596 783 795 817 907 958 1117 1120 1227 1293 
106 187 244 295 361 499 586 830 847 852 892 1202 1428 
7 517 615 675 806 823 998 1058 1210 
15 46 78 355 536 591 906 948 984 987 1087 1208 1242 1285 1363 
40 246 361 583 639 861 901 1042 1053 1059 1103 1113 1271 1284 
224 487 649 835 936 984 1006 1099 1182 
139 525 590 608 678 844 952 981 1134 1190 
132 195 236 271 382 386 630 927 1022 1149 1252 1436 
40 55 131 430 575 707 729 808 957 979 992 1003 1047 1116 1133 1278 1290 
62 254 858 1119 1314 
42 59 148 346 447 516 634 660 704 925 1191 
300 315 331 557 847 876 916 1069 1128 1309 1337 1440 
68 270 573 613 663 683 695 744 801 891 1207 1230 1273 1301 1329 
188 209 265 341 405 443 579 638 725 839 1003 1018 1055 1096 1273 1320 1444 
91 143 230 497 510 578 727 980 1116 
142 227 293 531 849 937 1108 1127 1140 1157 
141 264 522 560 817 867 1162 1360 
110 191 392 406 421 592 628 678 771 827 875 971 1092 1322 1369 
213 221 496 669 885 1042 
163 372 445 481 577 652 677 687 759 773 789 889 1030 1214 1255 
152 303 389 400 760 826 911 1026 1090 1147 
27 125 368 457 679 803 824 880 990 1018 1252 1328 1335 
94 195 279 307 494 560 661 737 1014 1329 1333 1391 
283 305 602 763 791 829 916 935 978 1174 1216 1329 1392 
152 280 305 482 571 699 726 888 930 941 1070 1198 1244 1405 
140 241 253 362 387 388 506 776 1063 1292 1445 
84 118 192 255 422 819 832 1017 1353 
56 81 93 288 1274 1284 
26 33 160 172 230 297 363 826 829 868 1145 
210 401 619 717 738 875 946 1163 1164 1385 
328 671 913 961 1008 1056 
167 237 262 447 463 595 839 864 970 1001 1027 1069 1070 1246 1341 1358 1371 
73 114 148 235 450 470 642 918 946 1082 1186 1206 1411 
24 93 299 441 625 646 845 882 929 999 1113 1152 1171 1263 1265 1339 1357 
20 177 328 623 651 684 860 943 993 1152 1200 
351 417 568 817 849 866 987 994 1331 
38 117 210 594 737 1105 1151 1202 1296 1379 1415 
71 214 562 1064 1066 1364 1444 
580 649 751 1188 1312 1328 1400 
182 301 557 802 948 1140 
57 170 307 312 544 862 1103 1230 1239 1296 1417 1441 
4 170 183 347 374 680 917 1012 1044 1052 1075 1088 1275 1314 1329 1370 1385 1429 
