1492 8820
99 144 260 692 981 1028 1246 1256 1280 1366 
71 131 564 639 926 930 990 1095 1169 1186 1215 
29 219 233 472 631 635 1080 1128 1208 1284 1335 1439 1453 
376 429 530 582 861 960 1071 1147 1332 1400 
123 170 458 1071 1175 1367 1383 1480 
96 355 364 464 771 780 789 1109 1177 1253 
176 604 750 840 847 866 893 1108 1191 1293 1409 
167 206 212 231 269 307 504 1067 1081 1162 1344 
43 105 131 325 416 501 884 1004 1208 1485 
82 85 324 372 621 640 645 647 1222 1277 1301 1319 1360 1417 
231 239 340 403 468 480 627 634 1094 1227 1262 
238 344 573 710 1026 1283 1350 1398 1429 
105 131 177 320 597 728 731 738 745 748 816 861 1112 1281 1366 1371 1390 
66 151 301 420 499 757 817 904 1115 1196 1245 1286 
59 68 83 265 313 323 589 680 818 1045 1049 
132 337 512 564 662 706 747 876 898 906 1005 1229 1268 1364 1367 
91 95 105 257 348 397 523 668 739 907 981 1025 1059 1159 1179 1487 
169 355 517 865 1006 1150 1161 1189 1305 1347 1436 
194 369 384 387 512 533 757 843 1180 1238 1275 1339 1447 
272 339 471 1358 1437 
383 704 721 833 875 1234 1438 1441 1476 
162 182 439 467 493 544 573 766 837 1259 1316 1326 1414 
25 69 70 138 239 702 838 1132 1148 1232 1261 1274 1325 
26 50 364 422 431 784 968 1079 1211 1388 1421 
23 33 326 700 724 778 1127 1156 1186 
24 187 232 251 294 592 609 851 1121 1127 1190 1256 1375 
343 405 409 603 626 776 947 1025 1190 1208 1243 1301 1377 
170 193 226 307 315 342 350 386 412 587 599 790 975 1310 1389 
3 58 337 390 602 639 771 782 794 962 1031 1102 1212 1235 1340 
92 136 272 385 593 774 1466 1477 1491 
80 168 211 459 501 602 1319 1371 1422 1471 
77 78 207 306 340 404 485 499 532 562 707 712 786 809 865 949 993 1155 1351 1356 1440 1465 1482 
25 176 752 866 891 915 1058 1337 1385 1475 
83 127 310 387 478 578 746 918 935 1013 1267 1392 
695 791 814 1012 1043 1139 1156 1324 1417 1433 1479 
391 418 467 639 643 705 737 915 932 941 1041 1104 1321 1436 
410 423 551 689 932 983 1015 1121 1169 1333 1350 1445 
72 164 183 354 548 555 559 642 674 1070 1082 1112 1172 1396 1465 
96 165 172 229 317 382 535 543 625 663 738 775 844 911 1189 1315 1337 1340 1463 1471 
74 214 453 636 637 671 726 759 803 886 979 980 989 1275 1400 
65 208 517 687 693 869 1010 1242 1358 1453 
99 253 342 435 761 864 1275 
9 338 523 903 962 1282 1439 
211 485 515 523 602 623 684 730 793 865 1143 
77 214 224 294 356 412 420 532 955 1139 1157 1309 
269 431 448 611 755 929 1178 1192 1203 1353 
220 335 364 382 449 454 501 571 586 603 663 712 737 880 887 966 1004 1065 1180 1266 
128 484 754 851 918 929 984 1346 1442 
74 213 407 410 524 535 542 685 720 1068 1195 1380 
24 73 192 212 541 616 619 915 973 1004 1016 1300 1313 1326 1385 
54 188 575 812 1098 1167 1178 1200 1230 1269 1429 
53 198 275 319 441 466 547 677 876 881 938 964 1032 
52 123 154 232 236 243 252 500 696 873 1097 1105 1247 1347 1408 1464 
51 395 407 521 527 530 604 641 707 925 1201 1308 1475 
78 81 82 97 151 166 480 790 1152 1460 1490 
93 145 470 634 638 933 1009 1021 1131 1153 1189 1297 1351 
103 111 126 212 500 605 626 649 800 819 894 921 990 1336 1452 
29 135 239 347 465 880 1016 1095 1142 1320 1392 
15 63 144 231 372 387 409 474 590 678 803 995 1188 1197 1223 1319 1420 
149 180 259 305 363 371 527 562 700 718 751 879 917 1116 1148 1202 1401 
93 97 434 481 646 757 1013 1058 1113 1207 1212 
108 110 138 347 365 375 586 600 605 681 706 726 933 1066 1205 1366 
59 336 437 559 579 897 932 1094 1217 1466 1471 
205 320 368 440 891 1293 1441 
41 141 149 791 809 895 1019 1025 1046 1409 
14 83 112 161 762 772 854 862 1134 1223 1231 1333 1428 
98 142 210 216 324 397 414 475 529 818 819 946 984 1082 1128 
15 99 182 221 281 405 473 511 584 807 920 957 1078 1113 1274 
23 206 232 351 472 862 1284 1293 1343 
23 102 208 488 644 650 777 911 945 978 1075 1100 1193 1228 1338 1421 1450 
2 113 429 565 616 641 794 815 917 975 1067 1195 1236 1376 1421 
38 360 397 424 546 558 918 956 1103 1294 
50 121 615 923 1012 1041 1120 1168 1486 
40 49 313 401 546 795 836 878 1005 1188 
176 239 303 322 719 743 892 953 1013 1091 1098 1143 1207 1328 
265 319 632 660 774 856 878 968 974 1326 
32 45 387 487 500 506 540 639 660 882 1227 1312 1408 
32 55 270 587 672 773 1123 1314 1354 
138 295 307 316 402 483 637 668 780 993 1005 1282 1326 1372 1418 
31 108 143 245 262 320 360 531 756 827 939 1180 1395 1461 
55 150 267 366 371 396 744 879 948 1080 1247 1486 
10 55 139 153 158 205 804 805 824 1040 1217 1243 1391 1402 1468 
15 34 66 209 248 347 386 486 751 1020 1357 1416 1481 
417 512 529 604 628 775 824 1036 1060 1188 1389 1420 
10 127 139 192 367 645 724 866 884 917 1142 1234 
325 655 669 710 950 1216 1261 1316 1329 1394 1427 
158 214 321 363 598 685 686 864 906 999 1015 1054 1229 1238 1416 
462 605 857 1118 1172 1366 1441 
746 920 1008 1067 1183 1219 
340 467 657 845 915 1244 1354 1426 1462 
17 111 556 762 984 1096 1104 1106 1255 1288 1300 1334 
30 109 214 318 525 725 747 758 819 935 1024 1068 1232 1327 1474 
56 61 97 113 173 476 618 621 734 1280 1294 1347 
498 547 807 1280 
17 124 522 688 697 734 760 
6 39 247 383 470 482 507 657 1098 1257 1294 1320 1349 
55 61 93 156 267 673 742 1126 1307 1394 
67 192 205 276 370 513 521 886 925 1001 1394 1431 
1 42 68 271 363 554 602 779 859 906 937 1070 1096 1130 1248 1250 1280 
281 282 438 538 572 578 652 679 945 1115 1220 1263 1490 
348 618 679 859 1045 1161 1323 1389 1454 1455 
70 135 160 283 294 659 746 898 902 1025 1229 1243 1428 
57 129 132 149 169 219 232 856 946 1036 1126 1134 1288 1296 1331 1432 
164 237 268 354 392 677 782 811 997 1270 1333 
9 13 17 307 509 550 812 828 1043 1064 1117 1242 1269 1487 
187 425 490 509 610 1143 1147 1279 1346 1409 
190 409 423 437 566 688 934 944 1450 
62 80 179 241 265 308 356 608 671 888 1085 1206 1246 1262 1347 1383 1447 
92 432 632 869 1260 1376 
62 178 469 661 758 772 779 856 883 912 1282 1325 
57 91 232 347 399 548 571 577 681 688 696 728 800 1014 1097 1222 1389 1397 1405 
66 119 183 369 458 979 1193 1229 1454 1458 1490 
71 93 190 405 883 966 1194 
129 568 705 1365 1492 
170 289 337 492 793 797 894 987 1015 1048 1111 1224 1228 
123 431 448 613 687 715 739 873 879 1156 1270 1401 1409 
129 364 398 556 674 707 1000 1125 1353 1465 
388 706 863 1183 1225 1396 
112 406 491 653 690 782 870 949 1040 1409 
428 552 851 951 1138 1168 1187 1194 1213 1358 1481 
73 125 129 187 257 322 438 531 1020 1027 1045 1202 1238 1356 1442 
150 212 450 523 552 584 613 627 644 695 902 946 1055 1124 1130 
5 53 116 623 1078 1108 1117 1293 1345 1488 
95 448 927 1053 1306 1336 1361 1489 
121 209 297 361 406 420 532 681 797 867 878 1014 1063 1301 1332 1463 
57 1090 1129 1143 1415 
34 85 359 451 713 723 918 969 1232 1317 1421 
48 180 512 857 866 943 1134 1137 1240 1329 1428 1459 
103 114 117 121 153 160 192 329 376 413 507 741 772 779 860 915 999 1311 1395 
531 634 747 817 837 1208 1444 
2 9 13 242 330 350 700 816 948 1036 1079 1450 
16 103 344 467 487 992 1009 1097 1121 1164 1205 1287 1356 1408 1490 
344 402 436 552 669 1151 1300 1319 
156 235 464 506 535 581 685 748 805 846 975 1020 1120 1140 1276 
58 102 308 427 751 770 989 1014 1211 1219 1403 1430 
30 322 393 427 665 691 762 916 952 1014 1179 1274 1292 1425 
466 742 750 755 1091 1115 1318 1355 1368 1405 
23 62 79 152 309 365 489 719 922 1000 1305 1456 
82 85 166 303 404 540 628 807 812 1139 1187 1402 1454 1492 
166 186 224 313 613 698 909 1106 1403 
65 152 257 655 763 1086 1229 1455 
67 192 209 291 437 475 538 557 784 895 1250 
80 164 327 587 677 699 707 743 807 827 936 952 1125 1149 1168 1217 1240 
1 59 279 305 405 707 864 923 931 1321 1341 1489 
56 180 504 614 667 703 1036 1245 1250 1255 1273 1274 1357 1379 1400 1424 
171 379 418 455 749 1101 1191 1330 1430 1436 
233 436 472 663 818 1200 1303 1331 1341 1399 1415 
227 527 534 631 705 926 1189 1246 1400 1408 1450 
60 65 103 320 450 503 765 903 962 1152 1178 1331 1375 
81 122 167 258 534 641 887 1006 1012 1106 1282 1311 
14 55 456 608 752 1176 
138 141 254 777 925 1042 1169 1212 1231 1250 1290 
82 129 235 471 500 737 1029 1088 1098 1237 1437 
53 352 439 657 874 922 1016 1030 1158 1389 1390 
202 251 289 445 513 633 755 892 927 1350 1429 
97 134 179 249 314 319 320 413 470 498 546 572 766 1004 1014 1093 1188 1464 1482 
305 316 347 368 373 442 520 617 638 924 960 1080 1122 1129 1178 1201 1250 1299 1357 1443 
82 87 249 313 431 896 949 1098 1386 1472 
287 293 321 373 696 844 1053 1199 1230 1297 1438 
102 129 275 368 498 658 668 669 745 843 988 1086 1167 1187 1199 1261 
66 174 190 215 281 358 468 613 892 948 1007 
22 207 343 377 525 569 578 591 735 812 818 891 931 1146 1371 1372 1467 
190 521 551 725 796 917 1004 1045 1123 1156 1258 1387 
38 104 143 410 423 483 540 541 1160 1210 1431 
39 291 304 478 560 742 762 832 1082 1309 
55 139 140 207 596 662 665 920 932 1077 1155 1203 1346 1419 1455 
8 150 171 406 475 580 765 956 992 1162 1428 1440 1483 
31 507 588 657 741 914 945 1066 1232 1295 1400 
18 103 463 515 553 648 853 869 960 1135 1315 1327 1486 
5 28 115 292 727 880 942 949 994 1049 1200 1262 1364 
146 167 442 541 684 850 959 1163 1286 1305 
39 176 229 341 418 431 440 631 717 750 859 866 918 932 1044 
93 361 437 438 772 984 1081 1096 1255 1297 1367 1404 
161 481 614 1054 1143 1391 
221 378 532 854 1012 
7 33 75 172 202 336 363 539 599 759 797 805 903 923 937 945 1029 1128 1161 1177 1462 1488 
13 178 252 332 463 503 577 705 836 890 1089 1123 1200 1241 
110 177 409 448 766 810 829 860 1063 1135 1228 1262 1301 
108 156 253 453 540 607 692 709 853 982 1051 1089 1278 1368 
60 128 145 309 348 431 442 637 1017 1227 1429 1457 
259 481 511 616 640 765 784 800 1003 1043 1386 1398 1414 1474 
22 68 597 669 706 816 845 977 1402 1426 
38 112 305 630 674 709 710 725 781 817 1105 1271 1298 1404 
403 487 638 738 948 1011 1050 1156 1272 1445 
352 595 803 1017 1133 1242 1313 1372 
140 239 291 329 352 594 627 853 873 897 980 1048 1102 1205 1311 1343 1372 
26 106 121 290 509 568 600 620 693 798 1033 1395 1402 
51 214 235 288 794 824 1132 1403 1488 
230 398 496 669 691 784 832 975 1191 
107 113 161 163 338 404 426 515 721 737 773 781 890 1167 1295 
224 304 365 381 595 840 1018 1124 1136 1232 1248 
50 85 98 129 142 268 413 646 792 1158 1400 1407 
28 320 332 402 524 663 770 807 987 1006 1297 1399 
19 195 231 234 440 450 497 656 911 1199 1236 
194 249 427 464 733 791 906 1383 1425 
555 731 836 1070 1115 1324 1328 1476 
509 629 730 892 935 1007 1126 1243 1294 1355 1414 1437 1449 1483 
52 452 466 493 682 875 903 942 1002 1335 1408 
253 497 556 764 904 908 1054 1130 1157 1335 1367 
248 289 507 557 924 1107 
266 494 529 785 870 907 1011 1093 1415 
155 176 206 243 341 368 520 659 777 786 913 919 982 1063 1308 1315 1316 1438 1449 
814 1033 1047 1126 1230 1436 
255 415 537 698 752 768 797 812 866 905 1121 1137 1256 1351 1478 
64 82 98 354 455 526 546 650 762 818 847 1086 1260 1313 1461 
8 69 202 226 306 417 1148 1327 1348 1459 
32 162 166 313 549 576 645 1022 1077 1152 1200 
41 70 214 249 307 371 463 500 541 601 619 1137 1150 1264 1406 1410 
83 125 142 341 344 773 894 925 1006 1041 1105 1283 
67 255 387 437 474 501 624 716 1047 1097 1291 1389 
31 44 276 321 400 537 726 792 1063 1240 1310 1326 1338 1476 
8 50 57 122 225 753 992 1021 1032 1045 1059 1406 
49 409 601 721 768 792 815 1127 1259 
40 45 87 92 188 208 323 331 501 518 520 535 841 938 963 1027 1060 1285 1359 
161 247 263 326 625 764 836 920 940 1072 1124 1138 1286 
67 469 494 631 654 672 1357 1368 1450 
257 577 593 885 910 1353 
513 803 1072 1091 1113 1174 1228 1305 1460 1465 
3 103 268 766 973 1106 1161 1250 1329 1331 1464 
47 277 321 329 909 941 1047 1115 1350 
68 175 661 664 754 768 1254 1461 
267 350 395 408 614 773 836 1049 1190 1192 
323 348 467 484 502 642 662 685 768 797 859 1174 1206 1243 1255 
45 140 191 476 542 648 905 917 972 
212 262 387 464 481 585 628 767 829 859 874 1262 1355 
28 206 366 744 822 932 1122 1429 1445 1458 
148 296 335 476 698 711 728 746 939 970 1264 1372 
435 503 512 753 795 1043 1217 1383 1413 
39 172 509 700 723 844 875 1103 1237 1299 
189 270 303 383 529 602 616 629 726 830 847 954 1046 1355 1487 
8 11 59 194 287 463 555 588 797 816 1050 1163 1300 1341 1472 
26 53 69 103 111 580 744 761 763 964 966 1026 1044 1106 1203 1301 
3 147 553 852 874 949 999 1037 1249 1276 1289 1372 
194 242 269 298 455 481 619 837 879 1013 1057 1162 1251 1405 
134 153 188 244 276 323 552 647 682 731 770 1205 1314 1370 1427 
53 722 760 769 1295 1351 1491 
104 246 278 312 472 612 622 776 845 1273 1420 1468 
12 355 443 530 778 877 924 940 959 1341 1368 1415 
11 23 58 75 186 581 592 651 655 684 701 1133 1190 1209 1229 1252 
257 265 297 469 487 498 629 709 1001 1073 1163 1248 1418 1465 1473 
108 343 619 737 797 932 934 1142 1341 1474 
131 234 295 427 636 874 949 951 1086 1159 1194 1437 1450 
53 202 510 648 710 834 1166 1204 1365 1386 1485 
235 376 571 732 758 867 1051 1296 1359 1410 1450 
80 334 499 503 571 596 754 849 964 1042 1201 1284 1438 
237 247 536 580 655 669 734 813 814 989 1189 
96 215 246 419 554 776 1013 1037 1109 1211 1385 1401 1423 1445 
83 200 513 523 682 764 780 882 891 993 996 1076 1137 1154 
156 158 195 208 333 518 545 699 873 970 1061 1385 1483 
313 550 636 671 1099 1134 1173 1243 1356 
26 155 358 556 693 949 1083 1121 1237 1408 
53 177 259 269 447 506 802 895 1242 1481 
42 179 199 285 527 553 634 724 749 754 872 1007 1171 1375 1475 
152 414 485 658 697 875 958 1275 1296 1489 
204 210 371 484 683 989 990 1123 1388 
326 448 958 1343 
17 121 141 217 240 297 509 600 1032 1321 1385 
150 347 700 705 792 841 844 930 1404 1455 
60 181 252 280 565 752 793 810 920 935 1026 1066 1131 1134 1219 1278 
1 403 479 516 540 656 734 829 912 1056 1152 1167 
326 528 644 769 778 896 982 1036 1117 1277 1395 1463 1470 
80 225 469 470 565 575 588 624 832 981 1077 1486 
215 326 524 698 855 1169 1360 1390 1400 1467 
418 491 586 587 753 822 921 1010 1066 1073 1137 1166 1196 1284 1289 1299 
15 76 108 240 318 732 1046 1136 1401 
201 307 317 600 740 812 877 971 1181 1414 1490 
81 97 222 292 321 594 804 889 933 1074 1273 1384 
104 192 219 362 391 392 477 662 704 812 1026 1027 1082 1414 1431 1445 1457 
8 46 234 252 351 364 429 472 611 636 909 1099 1250 1253 1352 1388 
78 230 616 626 800 1038 1273 1452 1472 
99 297 492 501 542 677 730 769 893 1014 1302 1325 1389 1401 1409 
20 30 322 357 459 628 722 876 925 1083 
540 578 579 820 938 1185 1225 1415 1426 
399 643 849 1214 1372 
52 160 350 482 582 601 879 965 1045 1067 1087 
98 211 235 344 376 426 441 463 564 572 641 824 994 1000 1086 1152 1482 
220 319 570 964 1113 1222 1287 1321 1334 1449 1477 
237 457 474 557 1371 1402 1406 
144 292 413 516 755 815 819 824 880 1060 1198 1302 1333 1359 1424 
259 339 350 513 779 782 1086 
68 100 161 291 529 640 838 1294 
100 328 633 666 692 862 912 1003 1197 1223 1284 
102 314 508 603 1128 1147 1284 1356 1373 1407 
563 586 618 672 945 1012 1455 
253 420 516 861 995 1076 1098 1241 1267 1351 
506 631 804 903 906 1009 1027 1289 1319 1442 
159 231 433 640 666 713 742 751 756 923 1043 1433 
188 328 905 994 1313 1323 1431 
115 155 200 359 387 458 481 613 617 677 773 902 988 1056 1228 1245 1353 1398 1414 
187 585 672 683 740 862 909 977 1089 1121 
142 165 186 281 498 578 777 787 989 1098 1141 1150 1432 
170 267 279 387 388 457 533 695 709 770 828 1058 1096 1349 1422 1465 
159 310 315 449 590 732 754 785 858 1021 1217 1234 1346 1440 
26 45 102 296 327 338 525 604 619 647 669 801 871 907 1045 1207 1443 
79 242 350 840 912 921 1046 1204 1312 1356 1358 1470 
227 294 383 675 730 845 955 964 978 1055 1137 1173 1263 1319 1333 1423 
125 240 257 271 575 588 597 650 999 1040 1219 1310 1385 1389 1401 1477 
234 566 600 958 996 1147 
329 459 534 570 780 941 1028 1175 1189 1423 1443 
308 422 559 633 806 940 984 1102 
14 331 356 473 481 738 808 993 1088 1146 1158 1301 
315 365 431 959 1161 1313 1343 1370 
75 139 230 391 434 636 994 1192 1227 1334 
165 191 512 550 739 1039 1057 1134 1166 1167 1307 1390 
60 144 157 183 470 860 1005 1169 1219 1266 1478 
32 206 340 713 721 990 1107 1338 
8 28 79 105 208 266 523 797 891 917 935 1164 1303 1438 
108 135 300 535 673 1040 1116 1333 1378 1385 
138 180 414 455 598 1044 1090 1345 
34 293 316 334 407 419 575 600 858 1010 1019 1071 1255 1281 1398 1406 
390 397 525 592 1029 1240 1268 1425 
237 478 504 560 733 1243 1372 1448 
15 74 140 158 207 250 530 747 916 1267 
156 283 596 630 666 946 1053 1121 1407 
28 293 302 342 441 892 1050 1129 1149 1198 1371 1432 
79 157 310 338 461 603 652 774 782 986 1123 1320 1429 
39 266 322 334 460 722 821 922 1059 1192 1335 1433 
92 265 400 499 659 843 915 989 1157 1321 1398 
52 76 156 277 382 435 452 981 1194 1247 
13 64 80 149 156 193 367 378 386 514 1113 1237 1352 1485 
87 159 211 220 267 681 782 908 946 1317 1394 1440 1491 
75 121 136 272 317 482 663 1372 
15 214 223 235 468 707 1184 1259 1275 1356 1436 
10 67 747 838 866 1110 1184 1255 1267 1486 
9 86 609 747 761 792 858 871 991 1055 1153 1262 1281 1315 
25 215 256 261 263 400 581 712 816 1112 1185 1322 1448 
143 294 552 557 619 812 822 907 953 1013 1339 1416 1464 
282 288 948 1147 1187 1358 
129 186 220 299 560 561 629 686 795 798 849 1122 1139 1219 1482 
131 331 373 500 711 732 901 1067 1280 1371 1374 1430 
214 301 330 391 590 619 848 865 1127 1218 1243 1398 1407 
177 193 405 630 672 684 715 819 839 885 905 931 1057 1106 
249 604 630 1041 1051 1072 1077 1247 1290 1315 1373 1450 
245 310 317 673 721 908 1181 1216 1390 
47 227 465 502 962 989 1040 1377 
63 176 475 611 658 786 923 1028 1073 1087 1324 
16 29 115 498 652 940 1359 
43 190 294 316 407 555 728 893 929 1036 1266 1296 1363 1444 
20 280 624 662 733 938 1010 1095 1115 1135 1148 1336 1357 
11 32 90 306 478 607 614 754 996 1051 1075 1121 1122 1207 1216 
172 202 209 385 415 474 539 865 
28 42 315 392 411 472 681 710 725 
27 162 241 480 488 535 562 831 883 970 1043 1048 1141 1159 1176 1332 1465 
12 132 133 209 276 367 469 544 596 601 699 828 1006 1170 1214 1227 1294 1300 1382 1480 
411 440 580 698 868 941 1018 1054 1195 1363 1420 
400 429 492 632 804 1033 1034 1036 1041 
58 62 83 111 157 258 890 1142 1192 1363 1410 1470 
17 101 180 223 479 839 853 963 989 1208 1277 
375 664 848 864 928 958 1013 1188 1242 1321 1338 
28 131 222 275 280 295 408 442 540 845 1002 1240 
69 269 370 422 442 454 709 1006 1114 1152 1268 1352 1396 1480 
154 185 186 393 426 464 565 627 640 794 967 991 1039 1137 1382 
383 449 502 638 732 858 863 982 1354 1371 
38 104 205 473 562 624 733 985 998 1401 1476 
6 18 238 410 442 566 674 689 708 1074 1080 1209 1231 1372 
45 108 301 358 376 487 497 714 895 1013 1143 1199 1212 1416 1455 
272 732 767 781 1103 1241 
161 251 356 430 483 525 588 654 662 923 976 986 1073 1366 
127 289 647 791 815 1032 1206 1309 1417 1447 
72 80 370 435 493 724 776 958 997 1062 
125 173 638 665 725 775 1091 1120 1121 1244 1246 1415 1477 
268 375 489 499 628 667 787 1023 1354 
60 87 99 176 433 434 498 602 649 760 1174 1224 
6 24 47 117 269 585 652 678 720 737 1200 1231 1344 
62 138 191 302 488 549 622 629 638 696 740 792 1159 1184 1391 1407 
81 226 596 754 898 923 1079 1262 1266 1305 
85 320 344 650 742 786 814 1305 
64 157 160 202 404 620 666 764 863 918 1003 1048 1062 1332 1352 1357 1429 1430 1469 1473 1483 
19 112 395 523 658 847 865 998 1148 1319 1374 
98 351 360 479 518 608 617 733 735 758 878 895 1108 1119 1150 1194 1212 1245 1271 1391 1486 
60 81 208 255 587 642 643 765 1133 1173 1178 1435 1451 
10 59 389 496 599 843 856 948 1020 1389 1411 1463 
157 159 330 447 557 763 864 1299 
446 530 550 574 730 745 760 900 1101 1220 1283 1399 1473 
62 349 362 566 940 1008 1244 1305 1421 1444 
4 129 244 276 356 616 685 803 1256 1274 1319 1332 1399 1404 
162 402 403 422 523 637 775 792 1064 1078 1122 1337 
175 320 545 1113 1178 1405 1472 
146 446 851 1006 1243 1340 
456 803 920 1111 1286 1356 
191 489 515 752 973 
39 47 319 410 474 522 705 954 1080 1095 1206 
21 96 230 296 353 408 426 726 796 802 838 1126 1139 1284 1442 1480 1488 
19 557 582 801 1052 1069 1168 1300 
30 341 554 646 770 816 848 853 882 1038 1306 1442 
28 83 320 596 639 883 896 1032 1475 1483 
19 34 59 77 210 225 289 292 463 739 817 929 966 1121 1126 1489 
118 292 443 518 674 1006 1026 
372 477 613 721 748 847 887 942 1045 1137 1139 1262 1317 1372 1390 1469 
29 311 633 1291 
36 268 303 331 643 968 1105 1119 1277 1368 
104 268 342 440 461 548 675 795 847 870 958 1035 1065 
136 352 394 743 885 891 892 1055 1115 1273 1376 1380 1470 
393 596 619 668 778 927 983 1255 1258 
54 222 369 492 562 791 881 960 1170 1267 1338 1414 1463 
81 726 889 1155 1172 
17 67 72 311 538 600 1222 1284 1327 1442 
117 189 413 498 565 629 651 1111 1342 1361 1414 1417 
111 274 599 708 734 819 909 1022 1023 1127 1253 1288 1416 
211 318 326 346 532 552 581 723 916 1042 1373 
74 731 882 1084 1121 1136 1206 1287 
79 133 193 377 496 574 746 933 958 1430 
11 184 260 377 542 654 672 788 816 865 1030 1313 1455 
32 139 190 368 556 599 624 627 764 773 1162 1392 1393 
27 68 113 144 332 471 567 580 595 639 950 951 1052 1131 1209 1316 1352 
119 125 167 443 446 525 533 665 808 899 1099 1210 1292 1318 1444 1471 
49 54 310 338 624 677 717 731 831 833 916 1002 1325 1417 
222 350 383 575 582 649 883 896 955 980 1054 1056 1439 1441 1455 1486 
27 59 107 178 213 465 594 626 683 711 796 842 929 971 989 1096 
37 49 164 355 382 580 739 
342 345 733 734 864 902 953 1017 1199 1213 1217 1222 1280 
28 45 545 574 725 847 1405 1461 
129 156 192 279 398 730 836 1019 1029 1066 1140 1362 
67 254 309 439 511 523 601 855 990 1042 1072 1175 1202 1491 
204 341 466 660 684 854 963 969 1086 1305 1352 1430 
9 470 601 793 840 943 1089 1132 1277 
84 206 424 473 483 526 581 636 815 1390 1392 
36 146 172 264 508 827 890 1063 1331 1483 
247 310 881 1147 1216 
14 45 125 285 668 739 1049 1211 1314 1353 1455 
617 914 1154 1265 1450 
24 300 351 377 468 660 731 782 815 979 1055 1127 1149 1261 1290 1375 1452 
37 107 164 957 1161 1264 1285 1335 
72 417 736 871 875 1186 1194 1319 
106 426 538 932 1024 1120 1264 1286 1346 1371 1414 
190 276 352 383 425 527 784 847 999 1104 1200 1324 1362 
135 136 195 242 926 975 977 1012 1169 1181 1191 1201 1322 1350 1379 1441 1481 
120 545 547 799 804 844 900 1082 1300 
4 71 269 346 608 657 675 1139 1167 1437 1452 
358 446 838 898 1138 1240 1353 
24 46 116 158 172 180 302 594 677 730 821 904 949 1234 1366 
109 493 504 561 966 1065 1370 1400 
287 363 633 707 792 797 854 916 1096 1138 1238 1240 1441 
61 303 363 500 564 614 725 841 874 925 949 1180 1284 1383 1465 
42 228 319 360 645 662 805 826 1104 1126 1212 
133 147 460 1008 1073 1186 1254 
63 107 142 173 210 638 835 989 1299 
100 121 173 538 548 1039 1091 1228 1375 1399 1440 1480 
22 154 414 504 899 930 1022 1071 1380 1400 1405 1468 1485 
64 172 194 345 392 472 487 548 583 888 891 1155 1351 
52 276 315 611 776 1095 1122 1311 1460 
157 171 180 350 351 355 1374 1491 
238 388 406 476 604 747 892 956 1081 1175 1308 1321 1469 
637 749 1042 
155 471 506 601 771 820 837 1060 1470 
374 379 406 430 522 693 799 830 1329 1413 1481 
252 373 611 667 759 766 838 871 877 889 946 1053 1197 1244 1425 
46 116 124 178 256 698 758 857 1079 1139 1206 1368 1476 
47 293 353 579 738 876 890 946 978 1097 1219 1221 1252 1324 1435 
122 149 194 650 655 686 827 1003 1037 1050 1109 1255 1304 
127 752 934 1186 1252 1423 1454 
198 319 493 577 590 858 1177 1180 1241 1279 1358 1437 1488 
40 179 557 709 786 845 972 994 1053 1167 1247 1333 
47 351 496 636 659 824 986 1049 1079 1402 1426 1435 1445 
146 205 234 309 519 544 680 699 717 889 1002 1069 1406 
151 380 472 482 539 686 1296 1355 1449 
278 292 681 979 1065 1358 
5 112 289 591 713 735 786 828 970 1059 1233 1481 
31 272 299 464 644 672 774 878 1101 1188 1274 1455 1463 1481 
317 436 538 612 737 1121 1133 1158 1325 
316 392 567 620 695 719 746 880 944 1048 1114 1129 1316 
88 466 500 653 720 728 789 880 1328 1438 
169 177 208 231 276 387 737 775 787 947 1012 1047 1433 1476 
6 134 195 225 352 459 534 1084 1157 1298 1467 
58 335 409 908 929 1006 1066 1171 1288 1407 1459 
52 137 198 415 462 548 635 760 916 941 1015 1196 1292 1420 1438 1479 
22 36 90 132 223 840 1042 1076 1131 1155 1187 1353 1448 
11 161 323 422 509 577 867 889 991 1050 1264 1351 
110 216 240 262 344 629 826 887 917 985 1085 1092 
56 96 156 262 305 416 521 1094 1153 1187 1431 
20 153 405 445 510 799 818 831 1210 1277 1325 1383 
3 69 147 237 269 342 440 456 553 715 743 763 1024 1103 1201 1236 1317 1381 
68 301 354 417 763 838 935 947 1028 1083 1292 1327 1394 
59 210 278 341 382 654 1003 1118 1307 1312 1354 1413 
67 142 167 336 660 713 758 887 920 1137 1231 1340 1439 
93 224 227 443 813 904 1028 1047 1453 
268 389 498 543 565 759 825 1053 1187 1250 1474 
34 165 312 340 987 1181 1272 
260 348 370 509 540 592 724 864 1137 1325 
11 55 343 506 541 592 711 747 766 823 1060 1100 1154 1297 1326 
61 174 181 225 234 289 301 702 778 930 1088 1162 1273 1348 1403 
96 275 322 456 585 942 1077 1163 1183 
79 164 358 417 579 701 799 1107 1119 1237 
48 223 255 607 835 900 1197 1393 1466 
32 44 254 543 659 751 771 841 853 979 1046 1175 1213 1309 
83 488 571 704 843 953 972 980 1012 1016 1034 1052 1055 1389 
77 132 184 240 356 440 651 677 692 772 806 961 1327 
70 343 365 486 500 568 1034 1075 1122 1205 1272 
138 362 381 579 762 1022 1032 1106 1396 
106 607 628 664 668 888 895 942 1000 1001 1166 1211 1241 
119 264 521 694 770 787 900 983 1063 
115 271 346 395 629 836 890 1105 1217 
22 198 360 432 452 848 1047 1055 1268 1278 1379 1396 1450 
201 216 576 611 622 664 790 983 1187 
630 959 999 1166 1179 1212 1264 1276 
189 372 402 454 787 898 944 955 988 1067 1124 1149 
194 199 356 561 602 874 1174 1301 
94 156 160 240 291 337 363 398 477 560 622 631 640 641 719 1029 1231 1284 1335 
14 32 245 318 362 715 733 734 846 856 970 1368 1379 1411 1454 
53 57 77 153 208 330 434 462 488 696 705 1074 1111 1195 1248 1257 1274 1489 
9 31 47 210 214 271 533 576 647 727 818 971 992 1437 1481 
223 335 353 512 597 614 659 909 957 1073 1365 1452 
149 177 228 245 601 616 815 1003 1125 1355 1422 1476 
8 145 312 432 439 630 718 786 951 1170 1249 1275 
584 852 877 1074 1100 1123 1171 1233 1292 
77 134 252 286 445 480 695 807 866 1037 1107 1128 1189 1441 
96 129 168 200 807 979 1074 1160 1225 
283 418 751 1016 1119 1413 
105 106 187 197 229 257 468 479 603 635 771 931 985 986 1112 1406 1457 
243 471 784 874 893 976 1064 1210 1254 1301 1372 1414 1465 1471 
68 181 414 543 589 701 702 985 997 1002 1005 1045 1102 1108 1193 1324 1375 1413 1462 
16 19 84 128 228 304 502 600 864 896 903 1064 1201 1275 1432 
98 155 218 248 280 626 732 895 972 1014 1102 1492 
320 849 874 1018 1041 1049 1233 1255 1327 1386 1458 
44 169 190 381 768 775 828 844 908 1011 1112 1171 1272 1308 1413 
260 279 285 639 710 972 1052 1194 1197 1330 1332 1467 1483 
18 41 540 666 741 763 808 1134 1181 1439 
214 249 370 388 527 612 630 656 731 812 1014 1239 1273 1318 
455 699 806 835 926 994 1196 1286 1378 
157 202 214 568 824 891 1192 1313 
54 98 163 470 491 654 799 1296 1331 
95 382 446 579 763 774 926 948 1163 1177 1352 1364 1393 1491 
17 43 44 122 248 307 369 377 414 674 737 890 911 1000 1031 1053 1059 1134 1375 1441 
49 193 263 596 662 1018 1050 1098 1259 1314 1347 1378 1415 1451 
92 162 294 311 358 406 542 592 636 645 662 685 772 822 913 1183 1483 
205 417 612 642 675 677 718 792 812 974 1208 1295 1362 1384 1422 1490 
54 60 148 253 426 518 538 567 584 631 650 697 707 785 874 1071 1142 1158 1427 
261 848 910 915 1225 1370 
67 84 201 230 281 554 718 1062 1356 1359 1420 1441 1482 
4 54 238 313 374 705 756 1009 1021 1396 1401 
80 121 130 829 1008 1040 1476 
32 45 125 175 400 620 664 682 751 754 896 978 1102 1186 1199 1211 1288 1378 
19 292 406 501 634 835 888 1079 1218 1252 1306 
148 150 299 464 1000 
39 49 134 214 308 343 673 680 752 1039 1121 1123 
246 820 919 1154 1401 1439 
204 211 684 886 1076 1348 
100 142 397 425 438 460 527 821 938 998 1271 1279 1489 
176 341 456 565 613 623 802 942 1395 1448 
77 139 164 179 260 273 350 479 517 730 744 750 804 895 952 1136 1140 1350 1403 
50 164 171 208 480 621 664 672 808 950 1130 1213 
49 224 271 403 525 708 1289 1336 1440 
39 477 485 511 843 1034 1105 1240 1301 1406 1460 
22 344 455 705 857 910 923 1007 1132 1146 1225 1264 1282 1426 
249 378 412 428 594 657 672 907 1049 1092 1097 1232 
72 74 156 205 569 594 710 766 972 1119 1145 1210 1473 
52 94 428 670 691 722 1250 1318 1338 
38 111 392 438 440 466 685 792 862 866 1319 1333 
207 365 578 615 759 841 878 1032 1198 1285 
105 250 304 374 786 804 821 1121 1298 1442 
37 163 598 980 1082 1178 1287 
120 122 133 235 327 400 582 812 826 919 967 1141 1479 1485 
169 233 253 472 735 916 983 1159 1264 1310 
99 247 385 529 663 792 888 938 1016 1042 1067 1092 1262 1478 
38 196 231 338 746 819 827 884 926 957 1193 1391 
91 117 199 251 404 767 801 853 895 1029 1091 1231 1456 
142 200 278 327 373 384 453 767 811 885 978 1000 1021 1079 1161 1167 1225 1237 1257 1344 
72 560 910 1034 1048 1071 1077 1086 1094 1223 1245 1353 1392 1483 1487 
38 63 300 651 692 724 735 806 825 1150 1241 
165 312 329 498 558 751 796 847 867 892 946 1204 1278 1355 
329 432 497 605 723 746 827 834 855 945 1001 1003 1087 1164 1329 1430 1454 
32 60 343 354 395 658 867 883 1055 1151 1160 1451 
284 683 730 833 889 1038 1258 1332 
2 16 276 434 656 919 943 1045 1117 
71 259 262 352 398 477 539 707 713 758 1023 1211 1219 1368 1380 1394 1396 1413 
107 298 355 375 773 1375 1473 
405 461 527 620 633 687 791 831 850 966 1028 1140 1427 
114 187 488 520 657 1066 1107 1209 1230 1359 1436 
162 546 756 1279 1323 1376 
277 299 607 817 855 969 997 1074 1302 1368 
47 111 244 245 486 779 863 1108 1137 1256 1348 1387 
100 156 276 574 927 1014 1224 1260 
12 22 612 734 874 880 1124 1160 1172 
374 402 412 572 646 801 932 989 1057 1161 1331 1463 1484 
51 262 297 310 408 589 1008 1010 1031 1037 1048 1054 1250 1297 1462 
207 494 501 579 634 824 940 943 1255 1454 
111 177 217 452 468 584 656 681 887 1073 1166 1368 
34 100 162 273 291 549 1113 1205 1323 1450 
63 273 449 483 489 522 576 665 846 1154 
167 232 246 345 405 410 605 720 850 1152 1403 1423 
134 239 326 400 417 693 739 751 899 1057 1125 1222 1224 1450 
4 275 384 408 552 669 785 799 821 926 1024 1106 1387 
440 769 788 1017 1094 1102 1126 1428 
68 122 505 527 577 625 727 768 1195 1245 1253 1274 1277 1325 1329 1450 
225 290 364 482 593 632 675 783 1046 1075 1135 1219 1352 1436 1469 
47 62 264 284 890 1036 1109 1119 1240 
28 78 143 264 371 607 610 611 631 742 763 1054 1203 1237 1311 1332 1336 1386 1490 
168 231 262 297 358 678 694 718 728 747 785 807 1240 1257 1264 1350 
15 511 575 753 1205 1279 1487 
59 293 331 452 718 776 792 1207 1305 1315 1349 
162 458 603 709 836 966 1080 1387 
26 239 311 479 480 525 624 665 698 721 752 838 888 926 998 1279 1340 1485 
30 217 585 595 647 1104 1148 1173 1370 
186 267 409 431 545 546 707 1066 1300 
185 191 405 593 721 742 776 890 913 978 1029 1036 1094 1143 1232 1308 1311 1333 1372 
166 245 314 344 366 386 394 524 704 884 1077 1185 1206 1352 1355 1403 
13 182 297 502 602 680 888 
87 309 551 864 951 1075 1206 1220 1235 1242 1272 1438 
28 176 372 399 404 630 635 685 814 865 1010 1203 1303 
62 187 257 266 298 310 397 512 620 694 695 831 934 964 1126 1223 1244 1359 1450 1464 1479 
208 213 275 344 414 416 445 503 788 819 
29 31 44 99 230 363 497 597 879 1131 1184 1365 1468 
27 47 283 316 509 591 808 1040 1169 1292 1483 
7 54 84 294 333 443 684 865 880 941 956 958 963 1204 1265 1379 
57 62 88 561 580 621 637 757 773 825 988 1020 1337 1435 1466 
809 812 960 979 994 1009 1451 
179 340 484 490 570 587 622 668 691 692 821 900 941 1014 1075 1135 1249 1263 1397 
108 151 370 429 717 813 838 1018 1087 1160 1297 1394 
26 325 709 970 1167 1222 
106 587 952 1122 1156 1289 1291 1316 
46 269 336 441 447 494 587 874 888 1080 
237 460 518 526 573 801 960 1206 
116 122 140 161 289 389 539 1013 1054 1099 1161 
145 174 222 340 434 502 744 1105 1473 
73 549 677 952 1002 1090 1139 1278 1392 1394 1422 1487 
50 71 181 230 270 376 503 671 674 732 853 894 1316 
157 289 370 421 684 965 981 1164 
93 101 284 994 1023 1026 1052 1136 1283 1373 
50 208 234 241 294 327 331 394 649 659 910 1076 1083 1119 1241 1330 1340 
187 368 461 532 567 600 756 854 1010 1132 1163 1176 1220 
10 93 541 605 665 719 844 1208 1319 1326 
237 365 494 498 607 660 665 871 971 972 1148 1421 
44 123 539 634 789 828 871 1003 1167 1225 
210 262 339 354 404 407 592 643 722 951 984 1428 1491 
39 215 584 794 824 938 1237 1319 
27 57 270 409 513 692 786 857 908 1027 1029 1049 1192 1228 1344 
11 122 186 352 404 628 757 831 868 932 1448 
84 139 225 272 362 490 627 722 848 905 912 1126 1163 1237 1382 1414 
197 230 240 329 365 398 469 492 834 1229 1315 1317 1378 1395 1425 
183 314 332 333 495 504 518 599 979 1152 1453 1481 
3 148 172 216 286 498 527 587 744 935 947 1054 1162 1270 1308 1483 
76 109 346 585 757 788 942 1077 1100 1103 1237 
155 282 300 390 433 567 668 805 1148 1233 1427 
11 56 130 253 533 576 623 690 705 731 759 840 842 1355 1377 
3 466 509 599 751 1053 1100 1176 1228 1394 
40 242 250 269 303 417 454 525 661 736 775 781 853 991 993 994 1187 1205 1258 1284 1380 
40 79 180 377 444 605 652 932 1025 1274 1337 1345 
56 157 184 353 361 365 437 645 890 1177 1180 1260 1266 1327 1420 1441 
2 29 36 77 386 405 516 832 907 1164 1242 1336 1366 1408 1464 1467 1484 
10 181 281 287 352 498 1016 1062 1122 1176 
54 71 150 276 498 666 814 926 1031 1154 1212 1217 1293 1347 1467 
38 223 371 526 930 958 986 1018 1044 1221 1243 1291 1325 1424 
36 274 371 391 624 808 1005 1147 1151 1407 
70 122 261 459 751 770 1064 1066 1112 1156 1179 1221 1405 
10 85 207 435 525 638 904 998 1034 1100 1138 1186 1198 1203 1316 1371 
61 192 385 574 710 895 990 1275 1341 1395 
10 235 294 359 501 593 723 785 823 951 1111 1118 1135 1176 1202 1234 1488 
169 224 243 868 939 1049 1215 1216 
57 363 408 619 813 906 1091 1103 1195 1307 1370 1373 1467 
70 205 297 367 450 527 766 866 941 1063 1083 1415 1490 
239 398 487 559 747 968 1042 1227 
100 316 337 364 637 656 1371 
119 462 677 695 916 1047 1058 1079 1229 1282 1364 
216 358 403 474 521 836 998 1081 1164 1285 1323 
86 141 239 246 450 775 914 994 1090 1241 
194 260 518 564 577 652 754 934 1062 1157 1241 1292 1332 1367 1483 
90 96 154 168 429 545 568 1029 1061 1126 1320 1463 
160 254 336 369 562 693 805 950 962 1198 1402 1453 
102 202 318 454 485 502 619 929 960 962 1017 1166 1445 
76 77 415 422 475 622 718 843 928 949 1465 1473 1488 
110 221 636 1001 1008 1127 1198 1433 
16 166 223 268 339 358 435 524 525 683 836 918 
39 47 147 193 322 554 842 1052 1312 
221 349 490 494 532 541 673 755 815 823 1146 1412 
136 166 361 406 579 592 621 622 868 986 1202 
282 287 314 368 517 641 710 733 743 831 1211 1250 1486 
145 362 447 1234 1321 
17 79 160 394 420 490 607 633 735 769 833 835 1057 1123 1470 
86 133 160 182 189 246 294 582 756 1107 1311 1329 1453 
547 913 942 1159 1368 1424 
40 108 250 616 687 1058 1107 1134 1159 1188 1210 
78 216 284 290 332 403 459 541 545 815 850 1001 1028 1058 1070 1076 1168 1206 1217 1256 1310 
97 308 334 535 664 697 827 828 981 1107 1226 1322 1381 1434 1443 
38 117 183 355 388 523 616 739 886 902 1075 1115 1120 1415 
296 392 429 526 585 694 741 749 1062 1079 1095 1191 1348 
755 784 826 834 853 871 1010 1015 1307 
52 104 143 271 289 407 431 487 526 615 653 751 931 944 1375 1385 
59 364 588 732 738 874 922 
100 101 695 1033 1169 1273 1433 1492 
15 455 535 597 738 756 775 793 899 
62 111 125 321 342 457 577 684 883 887 950 
198 235 248 532 786 861 967 974 1008 1052 1161 1229 1238 1446 
255 290 409 563 662 718 
44 171 239 332 415 537 604 617 681 779 798 844 931 987 1485 
49 87 134 223 376 525 548 599 775 786 953 1190 1263 1301 1345 
87 329 450 456 863 887 891 1136 1489 
41 116 567 671 1103 1203 1363 
95 107 111 743 917 1114 1190 1235 1267 1294 1295 1373 1412 
37 355 704 751 1176 1239 1298 
119 634 716 1015 1105 1151 1357 
136 189 547 607 756 934 1062 1369 
1 179 282 487 559 607 626 698 858 1340 1480 
41 187 251 446 581 658 702 813 999 1032 1167 1390 1443 
491 588 600 675 849 1051 1125 
35 122 292 461 506 600 653 679 696 1135 1274 1287 1371 
53 111 159 365 500 695 717 802 1043 1054 1096 1143 
95 254 527 673 788 829 863 905 1135 1246 1260 
140 204 227 263 345 448 592 692 711 715 811 877 1018 1288 
143 249 344 455 519 714 726 868 976 1030 1121 1286 1336 1472 
25 60 131 229 258 860 1030 1105 1114 1126 
239 483 511 752 805 1070 1140 
23 481 511 693 708 710 778 926 1079 1135 1151 1269 
145 732 866 891 974 1093 1143 1185 1234 
21 268 486 596 689 1007 
36 114 148 177 258 382 500 530 544 634 890 904 928 949 1104 1134 1140 1146 1156 1315 
16 62 118 182 975 1000 1131 1342 1350 1380 1383 
32 54 117 143 144 323 433 527 565 594 715 858 1158 1236 1414 
355 399 542 702 748 820 837 904 1123 1161 1376 1472 
179 183 240 292 351 453 591 609 776 778 825 1122 1205 1251 1324 
12 86 183 243 342 516 546 646 666 702 803 884 979 1061 1123 1207 1394 
227 330 409 480 698 748 794 874 1049 1118 1333 
32 47 326 864 1043 1045 1211 1286 1409 
127 287 306 458 475 565 905 1047 1130 1316 1392 
356 699 796 908 997 1115 1341 
116 332 472 499 698 707 724 812 960 1260 
210 690 944 1085 
172 407 455 608 696 764 1408 
60 504 526 529 588 590 660 683 793 916 1003 1015 1182 1245 
75 138 461 498 621 761 766 796 855 938 948 965 1012 1056 1147 1216 1260 1423 
49 364 462 580 747 897 1177 1197 1234 1368 1388 1455 
21 190 213 306 334 389 592 595 960 1017 1136 1177 1364 1485 
236 272 317 547 624 628 871 1043 1078 1133 1207 1244 1274 1323 1339 1456 1460 
127 229 400 561 647 740 749 781 859 1104 1106 1138 1215 1279 1437 1468 
25 85 253 360 479 559 715 754 818 918 992 1141 1204 1324 1356 1449 
92 163 183 342 361 412 434 795 1067 1315 1322 1387 1394 1459 1478 
40 62 211 230 383 396 699 828 953 1202 1478 
170 501 584 760 815 1014 1044 1076 1208 1213 
13 111 227 338 462 588 1078 1320 1365 1413 
844 922 966 1218 1489 
44 197 271 296 374 413 431 540 563 835 1243 
13 196 235 401 407 422 518 634 775 868 929 1087 1089 1401 
244 265 293 330 353 357 513 616 678 703 863 1159 1170 1258 1330 
195 312 339 354 370 411 499 666 814 858 873 891 898 975 1061 1275 1287 1288 1324 1356 
93 95 246 260 399 411 499 573 826 846 917 1031 1346 
162 370 458 553 559 668 952 1146 1194 1205 1331 1339 
424 636 781 840 884 928 1068 1318 1330 
36 47 153 190 241 364 460 463 523 809 888 937 1084 1124 1158 1217 1249 1267 1439 
13 39 184 301 449 678 680 879 960 1029 1316 1345 
17 116 304 387 410 420 581 674 802 861 1133 1350 1353 1488 
266 290 365 723 747 788 1137 1138 1173 1433 
129 168 517 675 833 1189 1449 
97 137 165 287 367 587 595 891 918 985 1188 1410 1442 1464 
75 143 393 472 666 688 863 948 965 
81 226 232 540 614 631 805 1313 1470 
13 160 374 793 832 977 1141 1448 1477 
34 89 102 227 402 461 555 561 838 1086 1238 1268 1335 1462 
16 92 130 313 324 325 443 480 588 651 720 740 803 870 995 997 1017 1113 1118 
13 134 389 708 711 888 1094 1213 1240 1283 1303 1338 1408 1414 
146 253 444 675 723 764 868 1040 1073 1190 1294 
7 137 172 540 788 1038 1067 1135 1292 1385 
60 83 135 287 485 508 532 560 581 635 644 677 689 872 1230 1274 1396 1399 
33 151 204 259 381 451 535 592 701 760 885 996 1255 1292 1368 1460 
212 228 264 589 864 1369 1414 1467 1482 
48 221 245 253 293 340 366 532 656 724 944 1018 1030 1069 1209 1393 
46 137 155 279 664 676 880 936 993 1073 1128 1161 1399 1477 
80 287 530 569 620 669 680 691 829 1199 1218 1432 
14 19 61 605 627 632 845 936 942 1019 1026 1052 1144 1169 1329 1455 1461 
92 110 244 370 448 475 565 935 1302 1331 1414 1434 1461 
40 176 447 477 549 634 1092 1382 
95 236 363 374 466 727 752 802 911 989 1000 1078 1121 1351 1463 1471 
42 232 325 719 769 785 886 1170 1203 1229 1252 1305 1443 
66 91 136 165 205 489 855 883 929 1150 1335 
141 232 373 472 473 517 522 587 803 848 870 1119 1207 1228 1409 1466 
199 215 248 368 404 717 749 1098 1121 1214 
149 167 181 371 901 988 1004 1204 1420 
22 156 178 219 447 480 546 650 719 808 902 1062 1227 1286 1447 
225 357 556 557 960 1075 1113 1161 
204 213 221 223 515 584 927 1002 1079 1151 1227 1288 1303 1310 1323 1484 
236 261 271 583 668 761 808 833 1175 1257 1301 
135 193 235 292 385 491 644 895 950 1031 1075 1123 1213 1217 1243 1381 1442 
6 29 445 485 509 879 1172 1296 1356 1381 1423 
66 110 129 173 487 525 788 1001 1162 1167 
78 190 209 222 289 404 566 605 896 1047 1113 1176 1214 1255 1306 1386 
30 76 316 459 522 1069 1117 1396 1491 
39 84 361 377 463 515 636 655 680 685 731 794 892 1202 1387 1427 
27 237 247 360 441 590 595 709 818 825 1084 1098 1373 1466 1482 
70 152 202 291 822 993 1084 1214 1279 
25 238 261 394 481 702 709 935 994 1191 1338 1375 
99 110 129 280 571 684 884 887 917 969 1133 1229 1323 1478 
6 79 248 299 832 982 983 1145 1225 1254 1332 1395 
183 190 357 636 723 736 871 879 955 989 1069 1167 1369 
29 104 119 280 316 321 422 898 911 912 990 1043 1266 1408 1481 
585 803 876 897 1007 1390 
24 142 181 189 426 510 676 849 1019 1145 1377 1479 
201 293 527 582 588 647 761 887 938 1033 1139 1195 1432 1483 
32 202 336 367 453 458 504 550 626 682 685 813 907 1003 1100 1237 1255 1464 
291 362 463 491 496 801 896 983 989 1196 1213 1219 1225 1232 1346 1357 1475 
403 583 601 632 697 740 750 772 790 811 1047 1120 1271 
6 462 623 833 853 979 1375 
28 55 494 788 825 864 969 979 1143 1205 1284 1339 1422 
35 65 195 359 395 567 806 1067 1127 1241 1242 1278 1474 
192 211 213 258 325 365 377 433 526 548 554 590 1015 1023 1083 1470 
44 115 259 416 680 718 745 828 1169 
29 71 188 352 625 711 775 847 923 954 963 997 1490 
74 228 329 392 725 844 854 900 962 976 1013 1019 1032 1047 1359 
163 383 409 560 714 719 881 1131 1230 1309 1490 
115 125 176 204 223 231 241 307 433 859 938 1038 1260 
187 329 684 938 988 1003 1045 1053 1092 1193 1321 
428 446 471 483 521 582 996 1032 1214 1361 1443 
57 111 181 270 823 1114 1201 1465 1489 
294 384 556 574 612 787 806 889 1013 1030 1045 1132 1265 1461 
252 383 539 696 739 760 825 832 940 954 968 1014 1126 1152 
40 59 185 218 376 380 710 747 763 783 878 900 994 1005 1217 1433 1484 
82 267 286 346 428 540 550 818 828 894 1029 1273 1334 
82 134 176 435 633 658 701 744 919 923 1186 1255 1439 1468 
300 487 519 559 791 801 1159 1247 1304 1332 1488 
68 94 139 143 193 506 507 588 874 1233 1354 1367 1411 1480 
301 406 517 541 603 643 766 769 822 886 1004 1123 1247 1443 
32 65 606 737 1009 1245 1327 1455 
178 259 930 961 1031 1258 1377 1380 
104 557 698 788 863 911 1107 1117 1170 1231 1267 1322 1332 
51 105 139 162 204 266 268 327 518 526 552 606 715 817 902 1021 1069 1111 1212 
246 476 608 649 693 786 890 1029 1073 1381 
35 203 246 367 599 641 733 891 1014 1417 
71 213 279 359 417 422 503 664 672 727 996 998 1043 
13 131 182 231 326 385 403 933 1176 1189 1315 
14 130 183 387 570 812 832 1281 1325 
15 67 147 162 205 471 501 724 776 804 1028 1077 1345 1394 
57 67 92 279 332 399 555 601 1023 1165 1231 1326 1353 1370 1462 
273 445 536 708 855 1079 1111 1149 1375 1418 
317 431 538 550 582 607 897 900 1090 1262 1317 1462 
226 264 327 525 777 808 852 937 1011 1021 1266 1289 1360 1448 
480 647 664 800 881 944 1049 1197 1233 1249 1370 1398 1411 1440 1466 
82 84 188 276 279 454 520 576 625 847 1007 1040 1152 1289 
477 559 605 709 776 790 802 949 973 1126 1128 1153 1312 1318 
435 469 552 676 734 1111 1324 
80 143 418 450 555 561 673 917 1032 1090 1394 1426 
105 292 344 458 515 623 673 726 793 804 895 936 1393 1438 
178 225 260 531 697 756 1019 1062 1085 1092 1141 1350 1459 
230 446 935 1182 1292 1317 1379 
343 407 471 567 600 627 666 950 1088 1407 
165 189 262 639 745 780 802 817 846 942 952 1037 1053 1123 1389 
21 407 563 668 741 769 789 1033 1188 
243 561 629 676 1125 1288 
437 484 519 533 668 730 997 1178 1180 1200 1377 1436 
74 177 196 215 222 413 492 591 654 662 1272 1325 1380 1441 1443 1487 
22 130 234 445 708 858 950 1366 1447 1468 
23 281 324 383 430 447 473 592 608 746 1045 1094 1193 1204 1350 
332 348 1003 1079 1122 1149 1301 
7 191 295 416 467 634 736 1074 1429 
214 258 434 485 549 961 1010 1085 1107 1151 1202 
409 634 663 886 964 1279 1379 1384 
19 160 318 372 486 543 660 987 993 1055 1298 
39 159 229 258 428 515 621 684 729 795 1024 1047 1111 1143 1357 1465 
90 182 237 296 350 453 757 1122 1421 1478 
134 499 579 734 832 1162 1207 1427 
7 205 230 369 389 392 412 426 560 794 824 936 1052 1151 1228 1379 1389 
331 349 385 493 528 628 763 1210 1285 1306 1341 1372 1398 
245 274 329 514 694 784 1112 1238 1263 1311 1358 
171 567 580 672 1083 1089 1174 1308 
26 48 120 379 865 1025 1172 1405 1408 
233 505 822 958 992 1052 1133 1210 1221 1365 
169 179 186 348 385 485 556 616 636 676 789 1003 1147 1161 1174 
66 175 415 433 620 795 1008 1427 1453 
263 414 561 570 719 762 820 898 
76 103 110 372 499 1138 1209 1282 
88 128 448 544 626 1026 1062 1207 1274 1288 1321 1389 1410 
293 310 325 353 452 692 707 733 837 1025 1057 1083 1150 1222 1456 
99 101 172 223 225 723 797 889 1305 1393 1472 1479 
129 178 305 700 861 951 1284 1408 
4 13 285 682 739 860 907 951 1004 1281 1409 
66 69 282 290 548 1055 1095 1145 1348 1363 
118 353 368 571 686 697 732 743 811 915 1030 1047 1102 1125 1239 1357 1487 
42 87 144 349 373 411 479 512 598 712 753 790 876 878 916 920 935 1044 1061 1175 1338 1344 1436 1477 
18 32 44 331 341 369 403 599 604 851 962 1120 1260 
7 33 85 128 172 204 324 506 548 650 703 881 896 1069 1072 1228 1353 
125 244 468 560 562 891 
345 627 648 665 699 731 749 1223 
41 109 169 1190 1223 1453 
119 201 392 747 763 888 1076 1226 1349 1394 1476 
294 325 424 447 622 623 676 722 781 948 1135 1266 1337 
253 751 957 1008 1067 1074 1457 
53 116 186 249 733 995 1188 1272 1289 
154 225 233 242 434 497 510 514 527 573 611 678 711 807 1235 1322 
21 198 229 254 424 905 908 928 1084 1130 1264 
16 52 272 449 783 864 1006 1415 1481 
238 266 447 505 698 1261 1283 
74 76 125 370 459 549 803 864 1224 1357 1363 1483 
60 81 116 234 275 602 738 771 781 881 884 949 1410 1470 
47 58 170 279 461 462 573 604 755 882 906 1238 1420 1443 
52 395 419 796 823 866 879 891 931 1338 1346 
77 248 385 401 880 922 927 1028 1188 1271 
110 113 343 386 408 562 681 762 1001 1096 1167 1420 1463 1491 
9 85 555 596 710 736 779 879 912 1202 1373 1443 
217 332 393 557 752 986 1170 1203 1257 1400 
40 98 537 674 761 808 842 1018 1163 1177 1343 1397 1406 
47 150 389 469 475 577 681 686 779 785 904 1203 1229 1387 
108 440 490 533 554 592 597 611 737 748 870 1088 1098 1102 1147 1300 1348 1370 1441 
267 396 447 455 468 563 801 859 957 1174 1380 
177 190 347 418 449 492 523 586 595 638 705 813 1041 1058 1087 1102 1157 1393 
33 64 162 248 307 393 440 520 686 703 733 742 814 867 881 1317 1357 1402 
75 155 161 197 315 393 443 560 775 1008 1154 1174 1181 1468 1480 
7 271 338 510 1025 1165 
57 115 209 616 804 920 932 1190 1371 
65 142 252 356 370 490 513 540 556 646 770 828 924 956 1010 1250 1365 1399 1403 
158 261 386 408 512 532 773 787 866 936 962 1049 1265 1302 1335 
63 186 720 783 821 903 922 984 1018 1096 1125 1433 1488 
16 102 366 430 496 733 782 855 937 1082 1311 1326 1384 1429 
406 439 581 680 1147 1434 
374 428 484 491 607 795 803 821 1105 
330 765 941 1069 
102 122 289 411 674 766 812 1076 1098 1154 1483 
43 149 176 198 286 512 897 1419 
14 199 431 476 645 705 708 887 978 1248 1285 1302 1354 
204 224 288 332 628 697 713 875 912 925 948 1026 1159 1199 
16 87 99 195 286 649 880 911 986 1050 1173 
17 201 294 327 545 639 786 861 1160 1209 1291 1326 1400 
199 321 334 465 515 626 714 875 1022 1190 1207 1289 1316 1373 
140 220 269 290 399 502 1223 1252 1292 
217 528 544 558 619 1198 
39 70 194 523 760 782 811 906 978 1011 1189 
110 260 282 295 628 782 884 905 1122 1245 1277 1413 
202 525 595 670 1046 1265 1336 1387 
168 421 655 1261 1361 1407 
33 36 50 90 129 318 528 863 1012 1299 
136 313 400 407 433 466 553 653 718 864 1066 1343 1400 
60 71 85 163 224 307 469 688 734 779 827 1200 1225 1436 
34 48 72 127 172 368 662 724 742 938 1062 1073 1119 1255 1265 1299 1397 
202 536 552 564 805 963 1105 1115 1311 
68 89 166 215 259 380 475 864 894 933 991 1052 1125 1419 
57 264 295 1071 1228 
138 154 317 678 729 882 897 1033 1134 1225 1291 1305 1355 
73 144 176 287 336 358 366 544 794 805 965 1263 1325 
157 200 238 895 1120 1219 1282 1292 1293 1334 1476 
54 98 152 209 272 434 905 1124 1263 1353 1393 
2 148 427 519 522 555 582 592 641 702 974 1309 
124 155 394 572 768 882 1152 1240 1351 1394 
349 660 705 736 875 1031 1114 1204 1246 1265 1424 
46 48 338 387 409 465 659 731 762 1226 1325 1435 
2 258 439 481 642 810 952 988 989 1204 1238 1348 
144 162 332 509 677 684 881 982 1043 1111 1248 1326 1363 1374 
36 37 63 166 172 226 241 425 574 627 637 894 1017 1046 1463 
56 62 267 402 816 920 1250 1404 
107 241 451 600 656 691 942 987 1018 1087 1152 1174 1238 1265 1358 1417 
34 92 197 259 307 473 631 758 778 830 864 1027 1061 1412 1483 
143 755 757 828 847 896 967 1194 1207 1327 1393 
99 176 737 822 898 940 1296 
52 214 273 339 538 554 625 719 785 797 798 918 968 1002 1033 1086 1180 1259 1280 1281 1332 1336 
80 227 648 1161 1221 1255 1487 
215 238 300 337 375 576 802 937 1458 
36 220 299 345 466 604 607 650 901 1016 1096 1152 1359 
170 198 389 482 490 539 632 670 757 832 934 1001 1220 1318 
128 416 564 576 1021 1042 1065 1155 1440 
107 461 496 677 716 754 823 1018 1219 1370 1432 
70 100 168 176 284 561 984 1192 1309 1393 
67 103 122 314 321 447 449 560 992 1288 1361 1448 
27 463 473 631 986 1051 1478 
81 131 161 184 328 372 522 719 743 871 905 1058 1156 
32 119 158 170 233 242 251 431 434 660 705 825 879 1312 1347 1352 1468 
86 405 541 658 681 770 831 837 1360 1400 
120 242 405 504 598 624 647 860 861 1131 1199 
136 143 540 610 615 735 832 930 965 1418 1492 
75 327 411 486 685 726 1393 1454 
230 382 794 802 1165 1181 1239 1313 
45 296 408 496 781 1184 1371 1385 1421 
72 167 443 604 895 964 1113 1293 1461 
68 423 502 555 872 889 1237 1288 1379 1398 1406 1481 
254 256 298 349 360 392 402 604 642 852 1385 1484 
171 238 302 495 1106 1189 1194 
4 157 169 395 606 612 659 715 721 738 767 1005 1086 1095 1358 
487 810 841 1001 1003 1431 
29 43 149 335 658 659 795 865 896 1004 1071 1090 1119 1141 1322 1472 
214 348 415 604 794 919 1299 
52 232 245 277 296 600 842 956 1138 1317 
275 617 719 743 923 952 1157 1210 
47 113 232 387 432 567 591 729 1020 1243 1470 1476 1481 
352 552 682 936 1005 1120 1472 
24 76 391 651 802 938 1017 1078 1337 
127 415 570 779 790 1032 1043 1160 1209 1464 
227 249 343 458 499 609 978 1079 1140 1197 
266 409 501 622 998 1170 1252 1254 
224 453 486 513 516 546 622 1003 1048 1167 1186 1202 1282 1320 1454 
50 219 381 825 1103 1475 
76 526 682 703 926 1064 1074 1234 1439 
28 71 134 189 427 706 733 1089 1106 1160 1170 1352 1412 1429 
358 510 699 795 1006 1039 1280 1430 
182 290 427 745 1053 1126 1213 1313 1351 1391 1487 
70 296 449 532 557 595 904 911 970 1012 1166 1275 
40 112 422 457 485 507 606 630 710 789 790 1020 1239 1435 1450 
40 186 408 486 551 991 1013 1053 1157 1404 
1 17 262 319 617 673 1147 
179 202 261 353 780 931 1219 1315 
37 394 491 494 553 780 787 1078 1144 1163 1254 1264 1388 1429 
48 67 91 173 300 624 897 945 992 1051 1075 1424 1469 
354 469 509 511 742 1025 1038 1052 1074 1156 1181 1187 1343 
316 358 454 509 642 665 885 906 947 1013 1026 1043 1070 
115 193 478 684 843 934 1239 1357 1480 
160 289 496 605 765 798 930 1179 1231 1308 1333 1424 
40 135 246 255 291 318 335 348 409 437 574 760 781 787 930 1030 1061 1165 1225 1438 
2 57 255 306 414 646 782 1069 1149 1360 1425 
325 352 468 636 920 980 1280 1391 
132 167 212 501 724 852 946 984 1041 1169 1336 1412 1477 
32 79 248 301 636 755 777 843 1212 1267 
170 276 288 303 453 519 606 618 636 655 778 803 1004 1050 1183 1314 
59 285 747 873 1189 1191 1313 
248 298 340 752 799 815 1226 1365 1390 
104 360 511 570 714 747 794 835 1060 1129 1155 1273 1302 1433 1469 
354 369 538 592 645 654 815 971 1156 1167 1200 1306 1359 
87 129 233 297 426 495 693 1062 1239 1250 1266 1419 
117 138 276 490 523 534 557 706 760 1264 1275 1331 1486 
98 240 490 561 661 672 772 883 942 961 1015 1092 1195 1200 1316 
198 350 407 455 511 615 768 938 1061 1136 1308 1392 
181 282 368 450 474 503 561 623 718 786 798 839 853 961 972 1026 1080 1115 1176 1427 1448 
9 47 50 156 163 765 808 861 962 994 1094 1194 1241 1267 1295 1426 1429 
16 74 79 305 511 643 803 960 967 1152 1198 1215 1297 1308 1379 1396 
18 150 193 209 344 351 379 388 465 876 976 1039 1459 
161 197 253 544 704 783 824 1035 1041 1066 1407 
89 375 436 531 575 661 682 854 872 892 1192 
56 132 286 530 606 809 1047 1168 1281 1306 
41 264 310 339 575 599 620 676 841 895 1097 1122 1224 1394 
184 201 515 822 911 1079 1090 1118 1126 1258 1260 1323 1346 1427 
35 73 150 175 284 427 463 486 719 915 978 1135 1244 1309 1370 1488 
34 61 75 234 247 327 349 356 613 795 801 980 986 1105 
111 125 135 136 156 271 513 518 572 607 727 802 814 1023 1325 1401 
37 87 115 466 676 690 718 792 1001 1100 1129 1192 1238 1291 1309 1375 1402 
50 58 154 486 508 554 640 941 1034 1174 1184 1208 1209 1303 
180 185 411 583 659 721 747 932 968 1206 1289 1306 1365 
191 345 514 524 608 642 698 754 886 897 934 944 1418 
65 310 413 757 784 795 829 1377 
83 121 134 372 605 966 979 1178 
56 212 293 530 557 812 822 943 1290 1307 1366 1395 
207 399 439 489 908 1184 1247 1285 1356 1364 1420 
362 399 565 618 792 819 1014 
92 425 472 582 844 1052 1147 1282 1296 1319 1354 
17 27 65 102 637 851 858 893 985 1173 1347 1370 1397 1416 1436 1478 
12 232 259 268 388 618 757 857 905 986 1003 1034 1066 1245 1318 
121 214 268 286 626 935 1219 1224 1253 
1 299 336 473 476 567 672 818 882 1082 1143 1284 1311 1330 1339 
153 176 311 413 498 556 595 626 657 738 804 813 1143 1420 
154 403 699 700 754 801 863 989 1115 1196 1208 1291 1345 1424 
29 523 575 641 734 770 810 928 1147 1310 
52 212 257 359 386 489 549 693 795 799 827 969 1092 1190 1330 1467 1471 
187 203 346 679 785 833 922 938 1196 1315 1462 
346 486 488 543 558 645 1016 1026 1039 1285 1455 
392 1007 1185 1412 
84 103 131 145 261 338 346 586 595 1099 1133 1146 1385 1473 
233 247 450 506 575 832 1181 1253 1470 
270 385 563 750 797 985 1068 1104 1154 1258 1298 1379 
304 352 438 535 976 1006 1034 1041 1076 1180 1394 1404 
82 119 297 308 335 531 603 749 824 1048 1321 
36 73 209 333 346 514 890 992 1007 1039 1088 
152 245 400 414 444 467 554 651 943 1243 1373 1430 
35 105 181 228 287 343 696 712 722 782 815 931 969 986 1074 1407 
172 232 309 642 727 864 1054 1195 1225 1309 1471 
15 101 121 163 212 275 294 389 511 564 712 798 801 838 1449 
65 230 265 295 485 585 913 932 1056 1133 1371 
203 210 220 463 476 493 653 713 773 788 795 844 863 1009 1130 1477 
115 186 343 368 461 558 575 972 1040 1183 1460 
15 170 222 420 454 514 545 626 648 711 823 896 1162 1376 1414 
184 231 315 450 468 524 906 994 1340 1468 
179 244 333 340 694 947 984 
384 405 486 516 618 663 682 757 847 852 920 985 1024 1105 1329 1354 1373 1466 
124 159 314 447 453 477 523 635 798 832 977 980 1146 1357 1391 1473 
87 174 199 345 408 575 587 613 631 696 1044 1205 1412 
122 296 325 393 422 486 493 562 843 862 1123 1286 1372 
260 289 408 719 1046 1291 1297 1302 1375 1389 1432 1484 
234 304 332 574 581 668 858 1237 
33 61 292 653 671 672 890 948 1091 1141 
17 212 317 458 523 
84 214 279 445 480 997 1196 1290 1387 1463 
249 657 710 733 864 935 989 1002 1086 1165 
360 368 529 640 656 675 691 766 829 857 918 999 1064 1170 1177 1276 1427 
125 178 202 211 418 491 650 1244 1417 
105 377 510 512 644 974 1062 1091 1187 1399 1443 
47 392 432 457 943 1311 1334 1370 1488 
62 168 259 264 413 465 568 594 644 916 1007 1026 1100 1163 1171 1259 1380 1396 1472 1474 
8 71 89 275 330 496 554 725 750 791 872 1128 1199 1200 1272 1290 
49 92 736 1038 1346 
384 455 754 774 781 812 866 901 990 1211 1404 
38 99 196 672 701 986 1136 1220 1354 
4 5 310 439 527 558 921 962 1123 1154 1314 1377 1468 
215 218 333 414 866 1219 1436 
240 264 336 358 436 502 577 749 755 813 918 1121 1468 
267 355 500 505 507 570 840 872 974 985 1043 1297 
70 340 488 585 598 607 674 767 770 984 1087 1223 1304 1466 
248 285 467 537 619 672 727 870 902 1039 1091 1119 1283 1484 
166 207 262 333 482 558 596 632 818 1118 1121 1170 1298 1346 1397 1484 
68 123 377 722 728 760 968 983 1284 1360 1463 
24 131 366 448 454 533 557 653 675 702 768 820 839 970 1011 1097 1327 1469 1475 
3 81 157 355 382 591 611 1003 
8 173 443 654 1266 1406 
38 67 165 268 428 551 898 1028 1176 1466 
251 272 473 619 650 792 850 858 1189 1204 1328 
401 464 737 776 777 875 1160 1295 1308 1436 
108 469 716 829 841 1202 1338 1384 1457 
141 160 205 242 276 280 415 558 746 938 960 1061 1143 1365 
275 336 561 608 731 890 934 1075 1199 1464 
153 301 481 831 888 1041 1104 1259 1297 1355 
177 179 290 416 731 850 975 1309 1320 
126 309 615 655 821 827 962 1011 1331 1332 1449 
75 137 218 361 438 556 649 1058 1064 1076 1170 1374 1434 
469 545 554 759 798 829 1001 1032 1398 
156 201 703 1157 1268 
11 63 470 558 583 595 748 838 1004 1326 1394 1475 
2 58 339 382 441 675 862 960 1162 1192 1310 1311 1367 1377 
91 99 173 292 409 433 696 883 897 941 1144 1156 1157 1299 1375 1422 
53 111 132 210 449 545 1010 1079 1108 1130 1386 1403 1444 
51 75 96 153 158 285 291 524 764 776 888 902 
250 269 406 613 1036 1223 1281 1422 1491 
70 480 505 632 635 645 786 1015 1066 1153 1208 
146 374 459 1175 1479 1480 
29 186 300 511 513 532 583 863 888 890 1205 1249 1314 1486 
72 229 357 472 632 649 687 973 1149 1341 1466 
36 91 426 435 593 705 723 1038 1088 1113 1142 1251 1294 1422 1476 
53 183 209 391 492 543 614 690 700 900 919 1013 1052 1163 1290 1345 1390 1418 1445 
91 140 150 219 232 332 489 582 723 959 975 1143 1321 1334 
200 306 483 506 568 669 671 673 811 841 1155 1215 1217 1387 1409 
7 123 370 511 571 1097 1396 1478 1482 
6 247 450 586 1188 1330 1413 1422 1423 
324 1182 1242 1303 1368 1437 1443 1468 1479 
115 380 398 500 647 812 820 826 844 931 1199 1329 1434 1465 
13 38 326 509 515 644 849 1298 
61 68 218 277 320 378 578 747 767 773 956 1104 1265 1373 1394 1413 1438 1491 
351 461 688 700 800 928 1480 1482 
14 100 137 196 220 339 393 674 714 919 1003 1030 1134 1149 1199 1337 
60 308 1270 1329 1330 
105 123 261 564 774 811 1262 1382 
88 474 647 711 747 1011 1077 1271 
370 391 483 508 546 586 619 763 918 962 1076 1345 
73 134 361 425 674 788 865 924 967 1137 1187 1245 1308 1356 1480 
26 37 132 204 251 290 314 340 361 387 401 460 535 550 699 760 764 1073 1077 1265 1446 
157 226 329 340 377 441 488 610 640 709 839 845 912 1010 1361 1460 
78 163 177 255 316 505 535 668 708 710 770 808 832 1055 1071 1246 1308 
122 191 215 496 573 737 925 1309 1425 
117 143 503 581 694 834 863 897 920 1127 1242 1477 
97 103 197 203 383 387 435 583 600 628 657 700 802 825 977 1011 1146 1213 1228 1278 1314 1359 
25 26 213 331 399 422 661 791 1125 
3 67 176 283 506 755 825 1067 1186 1229 1374 1395 
126 157 315 461 997 1015 1332 
99 122 199 541 713 875 1047 1097 1206 
56 259 405 467 602 706 796 951 1291 1313 1391 
23 188 416 544 620 801 1136 1300 1447 1453 1467 1474 
185 239 371 460 722 739 779 852 1036 1046 1195 1298 1333 1449 
66 103 128 250 259 304 517 523 671 705 922 1115 1434 
169 178 339 585 607 647 695 697 702 750 871 1012 1217 1415 
191 265 401 540 618 686 721 1002 1070 1132 1186 
128 204 208 248 264 296 352 389 475 479 571 740 1120 1268 1354 1440 
120 215 430 433 645 723 740 856 964 1427 
35 45 139 329 383 389 429 448 615 785 1156 1172 1185 1258 1347 1387 
134 413 540 567 701 705 970 1283 1461 
291 343 552 724 745 829 962 1058 1285 1318 1383 1490 
58 85 241 347 527 1104 1179 1461 
44 75 106 126 174 356 595 696 703 790 844 1028 1029 1086 1106 1359 
757 983 1096 1245 1280 1391 1430 1465 
546 780 784 862 1226 
162 301 544 664 705 735 1036 1053 1126 1393 
4 106 283 298 328 419 643 719 853 888 899 981 1024 1031 1201 1299 
23 60 206 339 369 593 622 633 1248 
143 315 422 496 820 839 990 1103 1115 1398 
18 208 291 370 559 762 858 
133 562 643 690 702 768 841 847 1174 1219 1375 1482 
55 149 207 260 276 351 580 630 802 824 927 934 941 1005 1381 
56 325 470 825 1100 1237 1240 
248 421 480 536 579 641 892 902 1038 1071 1226 1479 
32 166 396 440 467 943 997 1107 1182 1212 1336 1372 
25 35 116 163 184 610 644 705 948 985 998 1096 1139 
45 199 318 464 656 890 965 980 1093 1096 1202 1438 
154 192 301 460 527 707 737 1270 
17 242 343 365 553 670 671 732 806 905 1268 1396 1397 1474 
164 507 562 573 608 907 969 975 1084 1430 
18 101 176 219 302 423 557 574 613 682 708 755 767 853 939 1217 1351 
8 167 234 404 481 631 772 846 1049 1095 1235 1259 1297 1383 
171 231 240 482 522 620 628 886 983 1066 1105 1281 1319 
132 307 561 617 639 654 1259 1303 1342 1459 
819 893 954 989 1061 1275 1344 1359 
243 264 304 490 495 577 659 978 1179 1232 1476 
51 160 190 260 304 429 453 557 609 623 693 772 781 883 972 998 1221 1334 1339 1342 1361 
73 120 143 384 672 1009 1441 1462 
2 37 152 263 305 427 603 679 757 793 992 1253 1263 1448 
344 395 504 732 761 811 885 971 975 1062 1077 1091 1287 1332 
253 465 505 515 1066 1349 1374 1390 
38 88 396 573 771 851 1139 1294 
250 296 371 593 740 906 1025 1203 1328 1468 
218 223 363 497 850 853 889 892 934 1016 1151 1194 1329 1473 
5 299 414 443 485 769 864 1101 1273 1474 1480 
151 343 620 635 640 647 689 773 816 1003 1082 1443 
6 176 452 522 638 720 721 886 1062 1345 1352 
46 51 149 157 371 378 551 835 1020 1241 1271 1453 
17 136 495 644 988 1142 1166 1295 
19 47 80 434 452 638 835 938 1039 1196 
266 334 427 478 517 892 954 985 1037 1406 
718 830 1110 1155 1417 
89 118 482 525 994 1048 
323 324 365 602 955 1016 1022 1198 1422 
273 326 596 703 1035 1139 1213 
2 25 424 436 451 532 645 805 972 1128 1136 1470 1486 
120 139 160 328 467 470 477 494 636 985 1064 1120 1209 1305 1399 
59 74 84 156 349 459 671 742 833 873 882 1109 1263 1302 1472 
18 39 56 148 246 299 506 741 816 911 959 995 1083 1366 1376 
26 27 222 239 685 688 749 869 894 908 1032 1196 1238 1284 1363 
7 146 189 427 675 778 995 
46 222 303 317 347 520 626 945 1008 1015 1095 1298 1411 
70 112 511 555 798 838 1272 
113 120 242 319 370 424 516 735 936 959 1004 1174 1199 1230 1333 1369 
49 71 345 500 584 649 785 1001 1044 1133 1349 1407 
14 264 466 519 787 1030 1033 1060 1180 1190 1306 1328 1348 1397 1455 
59 282 447 484 516 720 823 970 1380 1408 1422 1430 
279 315 549 645 658 661 910 1005 1184 1244 1246 
159 160 194 356 411 532 756 905 951 1067 1087 1111 1115 1194 1334 1352 1358 1422 
51 147 170 177 207 364 426 835 917 998 1001 1067 1393 
54 157 245 427 472 512 800 1147 1383 1481 1488 
60 121 414 647 665 726 775 841 884 972 1085 1157 
46 166 232 587 599 645 687 761 885 887 1173 1239 1381 
243 295 560 604 724 765 838 928 930 1083 1342 1369 1423 
62 132 186 235 488 578 589 636 709 735 790 1054 1102 1363 1386 1482 
108 223 359 382 401 448 596 598 612 672 1017 1130 1297 1299 1384 1417 1447 1474 
61 75 294 340 590 710 722 763 846 857 908 936 1293 1353 
3 9 27 130 348 526 621 727 1016 1030 1100 1238 1334 1415 
239 355 405 568 754 856 907 969 1016 1187 1246 
164 406 471 510 546 671 848 852 965 1237 1265 1378 1447 
24 135 247 420 490 532 565 666 712 1069 1319 1359 
29 61 152 356 370 435 495 641 812 993 1155 
120 411 485 541 727 748 770 787 977 1126 1185 1314 1429 
274 344 764 773 777 799 1234 1296 1394 1418 
2 648 723 1005 1107 1467 
86 334 340 419 648 719 
63 82 143 228 293 411 492 641 672 737 770 803 1107 1135 1161 1267 1419 
331 533 729 756 1273 1339 
89 135 259 297 305 329 449 565 585 787 924 944 982 1027 1072 1151 1264 1292 
100 374 598 620 942 1070 1315 
449 642 644 852 939 1167 1398 1407 1427 
10 111 277 397 411 581 609 858 
59 66 282 558 600 868 869 909 1075 1099 1356 
115 363 572 581 878 1010 1027 1317 
118 273 507 528 544 557 623 780 787 917 922 989 1044 1255 1389 
673 870 929 996 1145 1154 1297 1432 1447 1488 
11 77 180 303 344 651 766 768 1484 
70 115 178 218 289 438 626 635 763 847 866 921 1126 1238 1265 1345 
16 87 102 112 141 239 629 653 682 761 779 887 1128 1423 
51 159 203 568 751 796 1194 1349 1447 
66 152 355 364 475 498 556 811 819 988 1240 1250 1336 1431 
23 92 127 168 191 545 595 787 1166 1290 1340 1367 1444 
458 505 514 633 807 823 1358 
21 85 293 431 647 667 703 720 974 1214 1285 1292 1296 1373 1410 1459 
29 598 688 874 1162 1373 1474 
71 194 472 707 1309 1455 1467 
153 229 251 320 483 557 587 625 628 632 786 957 1057 1153 1210 1243 1385 
19 87 121 433 682 746 849 880 930 934 1015 1190 1208 1228 1311 1404 1416 1479 
518 689 863 954 979 987 999 1203 1247 1295 1406 
128 143 211 311 350 430 433 543 586 588 748 927 1153 1231 1274 1340 1364 1474 
177 285 357 452 490 559 619 655 656 791 1004 1178 1378 1435 
41 105 185 252 349 598 639 791 1110 1125 1249 1451 
27 82 102 197 223 250 312 331 379 642 730 770 966 1042 1237 1485 
90 361 375 447 600 722 1012 1063 1198 1457 1475 
14 145 289 370 558 584 718 809 912 1026 1120 1144 1315 1363 1446 1485 
1 108 148 361 697 928 1123 1198 1209 
53 81 319 333 453 806 808 1022 1239 1255 1295 1319 
99 191 240 500 904 931 1148 1335 1431 
233 504 607 737 823 1102 1242 1333 
99 142 145 152 157 219 269 477 547 575 666 895 933 999 1231 1356 
234 709 1104 1284 1303 
239 449 451 533 761 909 971 
6 269 399 584 1027 1037 1169 1424 1466 
221 436 510 780 971 983 1331 
91 145 173 223 310 324 394 450 514 576 752 773 786 805 918 939 1225 1247 1324 
1 26 204 376 571 672 
96 500 557 588 769 885 1262 1377 
163 394 563 636 732 810 1011 1038 1139 1286 1291 
22 213 323 524 938 1066 1088 1162 1164 1278 1309 1449 
109 205 572 638 697 715 719 797 865 1011 1433 
23 86 160 422 877 914 1334 1375 1406 1453 
11 108 170 178 225 325 366 389 554 821 1117 1257 1436 
100 296 607 685 849 923 925 1169 1188 1349 1417 
208 227 423 425 468 495 544 553 588 875 983 1000 1219 1307 
421 604 801 896 913 918 928 934 1113 1121 1210 1228 
47 305 338 366 638 782 822 871 999 1081 1277 
34 285 313 324 395 688 737 811 993 1004 1217 1347 
16 311 351 493 746 1093 1137 1159 1407 
51 105 702 1413 
104 116 631 1116 1158 1327 1381 1448 
183 370 538 788 882 1118 1178 1373 1456 
184 478 488 515 598 836 873 1067 1193 1348 1369 1491 
145 237 267 270 393 481 518 679 804 997 1175 1218 1290 
23 68 136 145 376 459 500 584 637 695 722 751 857 1240 
19 40 42 254 323 504 512 646 733 978 1000 1165 1296 
134 233 495 1062 
10 261 348 391 416 471 584 912 1266 1309 1421 1450 
179 259 493 560 615 791 1126 1259 1355 
106 452 538 569 589 592 723 777 842 1433 
1 93 94 99 330 411 938 976 991 1144 1315 1382 1459 1473 
13 310 325 817 861 938 1009 1099 1163 1367 1376 1420 
43 79 110 150 544 653 856 924 972 1024 1462 
12 209 374 618 748 877 1076 1140 
3 69 245 264 282 283 383 397 434 498 636 790 860 1028 1078 1190 1251 1354 1362 
214 423 549 654 848 904 1022 1034 1141 1234 1322 
14 171 215 380 425 519 699 712 766 1055 1258 
132 277 401 551 695 733 1170 1325 1332 
91 103 399 465 532 698 733 768 834 857 946 957 1349 
233 264 286 542 610 822 824 873 908 1017 1342 1435 
152 333 422 1021 1060 1067 1105 1232 1273 1331 
210 390 610 642 907 922 1015 1030 1056 1131 1258 1394 
136 406 466 473 505 603 656 750 752 830 909 924 1219 1234 1390 
7 64 69 123 641 924 956 1207 1346 1379 1414 1433 
72 93 96 197 281 344 688 749 1104 1172 1357 1376 
168 190 236 526 688 1004 1084 1179 1239 1247 1364 1417 1476 
103 244 254 338 456 521 771 937 1024 1214 1234 1275 1304 1385 
56 159 173 193 480 575 608 1005 1056 1074 1088 1162 1206 1226 
183 464 550 689 843 1038 1077 1112 1133 1192 1314 1333 1412 
157 229 264 373 437 915 918 963 1096 1147 1206 
50 91 133 231 344 384 428 594 888 1132 1327 1407 
10 27 125 178 232 301 497 510 543 685 769 839 1315 1319 1425 
271 279 570 758 896 904 997 1056 1188 1371 
147 307 599 748 768 1016 1110 1164 1251 1321 1363 1366 1488 
450 806 1075 1296 1431 
18 138 171 218 366 367 375 415 590 761 859 922 1187 1328 1393 1444 1449 
124 385 533 773 848 998 1009 1017 1196 1469 
97 304 474 649 676 1021 1264 1374 
54 202 443 515 595 631 850 988 1002 1005 1084 1120 1123 1317 1472 
45 165 359 485 796 926 945 1012 1015 1044 1089 1124 1236 1259 1277 
28 211 297 553 672 768 1031 1095 1386 1410 
129 150 186 441 587 595 669 849 898 919 1028 1065 1095 1238 1343 1357 1388 1426 
77 295 474 663 825 949 1341 
50 185 205 288 302 403 520 744 954 977 995 1131 
78 235 420 524 994 1071 1102 1126 1213 1298 
39 169 202 325 333 590 629 705 725 816 982 1033 1220 1245 1280 1301 1329 1475 
22 86 202 405 461 610 616 645 713 738 908 1001 1489 1490 
127 321 389 472 629 821 830 891 964 1224 1308 1380 1437 
137 406 518 547 736 825 942 1026 1141 1392 1418 1446 1460 
10 31 59 133 286 296 369 376 424 548 621 625 1024 1163 1211 1247 1301 
58 96 316 657 728 972 1089 1379 1472 1487 
36 144 257 277 318 349 443 667 798 857 1040 1106 1303 1470 
326 427 673 725 811 874 962 1285 
101 288 569 578 654 722 768 779 1011 1328 
35 196 336 426 449 511 709 724 733 826 1255 1441 
23 110 271 407 460 471 479 584 642 817 836 923 929 1014 1287 1409 
22 50 76 79 211 480 621 819 898 907 931 1094 
92 169 206 397 473 487 514 638 809 936 1079 1270 1300 1331 1359 
75 196 462 1083 1173 1196 1305 1323 1363 
86 128 219 446 561 584 669 757 1052 1111 1116 1174 1315 
146 516 619 732 736 1028 1032 1109 1116 
103 147 149 219 418 521 574 735 758 1000 1090 1254 1290 1327 
4 125 343 368 376 516 563 587 656 780 806 811 938 1090 1129 1170 1287 1361 
37 66 104 279 296 308 453 548 595 711 988 1133 1194 1249 1298 1361 
91 277 303 804 924 1065 1106 1167 1199 1208 1261 
3 198 199 317 423 498 746 762 896 1248 1336 1367 1472 
57 124 339 542 587 639 699 913 938 992 1155 1231 1335 1365 1417 
33 39 377 605 637 871 968 1115 
70 211 306 349 395 547 748 778 864 881 1085 1362 1370 
19 327 722 735 790 1028 1167 1218 1362 1386 
29 39 379 475 592 619 692 1050 1232 1240 1416 1468 1477 
144 147 231 238 241 646 714 848 1103 1312 1428 1470 
398 706 1164 1167 1204 1289 1343 
69 186 256 302 886 916 985 1311 1342 1368 1395 1414 
8 364 557 626 864 1165 
123 309 637 685 738 818 1030 1105 1119 1177 1228 1448 
48 106 166 293 425 734 787 881 1011 1068 1077 1293 
18 53 93 108 524 641 949 1025 1139 1267 1371 1392 
206 481 537 571 675 862 888 930 1196 1272 1376 1452 
96 292 590 870 1171 1195 1230 1263 1288 1464 
12 37 155 220 427 540 588 706 739 829 838 1367 1415 
32 56 204 236 285 440 468 760 927 977 1161 1360 1405 
269 320 351 368 405 415 522 585 596 949 975 1177 1199 1358 
46 117 217 289 420 430 467 558 739 819 866 925 1207 
78 90 353 362 474 807 904 1024 1052 1070 1137 1284 1414 1452 1471 1485 
137 197 225 230 456 503 560 596 634 922 1088 1278 1371 1398 
32 121 132 250 283 295 323 380 529 724 733 771 1022 1120 1223 1250 1364 
83 145 157 216 339 368 690 787 844 863 878 891 987 1053 1294 1311 1394 1454 
20 41 120 295 328 452 457 849 934 960 1199 1233 1352 1372 1393 1478 
214 244 279 337 529 568 600 795 941 998 1126 1143 1165 1211 1327 1361 
10 263 822 950 990 1078 1351 1381 
124 398 799 914 946 1122 1167 1332 1333 1359 1444 
413 426 526 1284 1338 1339 1384 
338 345 347 687 862 878 931 1190 1205 1245 1303 1328 1420 1434 
16 170 522 653 721 1022 1240 1295 1356 
114 243 502 602 728 852 895 996 1017 1086 1336 1387 
1 13 62 88 358 431 639 837 1021 1189 1303 
5 16 173 199 656 807 1095 1232 1281 1335 1350 1447 
137 179 216 238 391 448 499 565 570 577 670 720 752 1110 1343 1435 
691 753 781 1194 1204 1272 1392 1456 1458 
235 302 432 528 593 649 819 823 888 944 1012 1025 1065 1338 
13 31 162 278 315 330 353 425 645 652 695 894 955 1046 1302 1347 1355 1437 1488 
79 162 185 186 227 233 274 312 322 355 389 510 595 848 1055 1155 1358 
283 333 400 618 649 688 776 884 908 1042 1052 1113 1234 1235 1271 1469 
330 369 442 931 1091 1128 1171 1307 
26 149 253 422 438 511 523 566 677 778 789 820 1015 1056 1096 1151 1261 
71 109 393 569 708 1049 1189 1281 1294 1348 
27 335 634 784 810 835 1019 1071 1095 1257 
308 519 524 532 629 1210 1241 
145 427 493 499 604 830 842 847 957 1005 1038 1293 1320 
49 393 439 565 636 706 810 836 889 1066 1197 1317 
472 673 770 771 813 1152 1203 1270 1360 1407 
344 352 628 759 1117 1280 
5 108 195 228 434 471 706 1141 1162 1201 1410 
267 526 842 898 1085 1206 1362 1402 1414 
33 50 247 249 257 297 308 677 750 955 958 1036 1237 1296 1418 
158 181 243 514 587 773 1097 1205 1310 1339 1420 
163 571 582 591 725 775 887 913 1060 1107 1139 1365 1395 1472 1489 
24 255 269 720 983 1311 
28 84 101 111 154 210 271 297 372 486 832 847 857 1056 1225 1403 1443 
13 154 263 304 334 389 417 693 783 996 1105 1171 1292 
82 174 365 370 555 977 991 1053 1131 1144 
34 58 404 417 558 615 713 1002 1318 1347 1369 1421 1479 
404 484 522 754 828 859 890 925 936 945 953 1146 1200 1305 1358 
86 97 98 321 473 565 608 615 635 710 725 818 827 870 927 1010 1039 1094 1113 1214 1291 1357 
80 129 187 261 539 629 646 780 1021 1128 1343 1387 
38 118 351 489 493 530 565 751 774 1005 1066 1108 1159 
111 607 886 918 1025 1077 1159 1196 1402 1474 
12 181 289 310 318 331 823 848 957 1092 1149 1221 1355 1418 1471 1473 1482 
147 193 374 376 438 751 755 895 1064 1187 
4 40 145 148 168 192 263 432 439 885 907 916 950 1430 1431 1460 
60 116 247 265 271 297 354 530 536 731 1014 1404 1418 
82 139 182 187 278 454 658 891 1015 1384 1397 1483 
135 140 188 481 540 580 596 895 1097 1389 
173 183 258 376 933 980 1039 1069 1238 1401 1466 1484 
111 137 234 378 412 439 644 851 1351 1420 
208 212 278 310 455 509 543 886 957 1081 1181 1239 1261 1437 1474 
192 283 314 331 365 465 643 831 914 1007 1043 1195 1221 1268 1300 1381 
53 77 132 148 198 251 639 717 748 782 851 860 1197 1452 
7 65 106 116 119 271 712 763 861 1107 1325 1432 1440 1454 
208 244 347 742 857 879 1234 1310 1383 
372 499 807 823 1192 
664 688 935 975 992 1035 1054 1298 
228 446 474 508 511 515 565 728 912 1109 1113 1269 1492 
22 181 197 266 268 289 395 398 425 510 628 707 748 753 758 1049 1293 1343 1354 1384 1456 1464 
126 147 201 238 273 361 524 650 674 876 1135 1208 1350 1491 
83 87 327 356 399 1025 1238 1340 
10 35 359 398 407 814 934 1063 1182 1206 1263 1295 1336 
79 240 820 952 1018 1105 1214 1318 1385 1398 1401 
166 903 920 999 1217 
59 84 237 345 466 529 638 765 880 883 1022 1029 1281 1363 1386 1405 
24 70 71 127 375 622 845 955 1277 1392 
31 292 503 526 615 790 1096 1099 1104 1109 1184 1197 1199 
247 296 299 451 580 719 771 1109 1204 1229 1440 
145 279 642 670 928 984 988 1030 1253 
136 195 311 447 629 990 1124 1301 1436 1437 
90 182 273 454 544 827 1004 1311 
86 235 527 567 633 775 846 854 1003 1011 1062 1138 1221 
66 102 128 167 583 624 1341 
12 51 155 180 226 316 368 840 898 975 983 1004 1213 
135 146 330 368 402 415 561 976 1042 1144 1160 1197 1400 
98 164 268 288 470 961 1231 1248 1304 1400 
103 291 315 512 756 785 944 1056 1226 1409 
35 287 317 463 661 679 740 803 897 997 1260 1279 1293 
673 758 899 1091 1111 1134 1363 
371 449 454 605 929 979 1241 1289 1368 
18 36 146 203 323 568 585 835 864 917 1025 1072 1084 1262 1425 
20 153 197 242 429 452 501 723 1110 1317 1371 1406 1425 1482 
21 159 202 245 307 462 466 598 828 989 1113 1157 
3 43 408 475 517 536 737 805 974 1456 
32 167 293 321 438 542 823 943 1137 1409 1423 
21 64 88 408 427 433 506 523 529 638 836 888 1168 1324 1470 
48 121 286 383 385 397 550 742 770 1457 
157 294 299 673 693 761 799 808 836 880 884 1064 1110 1176 1389 1469 
130 338 375 406 1097 1232 1305 1361 
37 184 226 247 268 454 659 1105 1475 1478 
682 1121 1245 1318 
19 108 359 766 837 1132 1206 1210 1226 1230 1367 
312 326 467 539 627 745 822 946 1003 1169 1270 1345 
197 202 277 456 724 741 1045 1090 1133 1259 1305 
70 107 131 148 216 242 244 333 421 493 578 581 584 600 979 1277 1473 
371 524 562 606 1242 
57 270 422 429 502 1348 1354 1408 
3 41 476 630 658 669 854 869 1132 1178 1261 
101 112 139 451 499 561 576 953 972 1357 1409 
101 141 166 258 284 356 403 408 420 459 720 757 809 1034 1196 1236 
138 556 722 858 1271 1369 1414 1439 
180 268 509 872 1085 1244 1442 
112 226 514 940 1369 
128 206 465 725 829 1006 1164 1234 1280 
55 218 441 543 722 752 1048 1122 1318 1400 
80 205 221 412 757 758 801 956 1140 1142 
90 176 511 575 746 819 821 1033 1168 1282 
39 125 261 372 395 459 574 657 760 883 932 1060 1078 
53 156 219 327 600 639 742 786 969 1087 1349 1414 1476 
32 38 117 218 240 292 343 434 510 660 800 844 1111 1144 
30 63 484 605 763 776 823 1052 1075 1082 1103 1253 1404 
162 263 464 516 639 641 649 753 1032 1132 1215 1236 
82 237 439 602 723 805 837 892 949 1050 1071 1073 1110 1173 1340 
368 389 443 585 984 997 1079 1306 1373 1443 
261 295 347 393 445 668 744 792 879 966 1037 1186 1321 1341 1441 
31 39 63 406 510 760 1032 1044 1354 1398 1490 
158 231 270 378 699 708 859 962 967 1066 1188 1308 1320 1335 1387 
240 368 374 546 566 614 660 1036 1053 1174 1280 1398 1450 
92 181 241 477 791 1066 1132 1159 1175 1206 1235 1240 1397 1406 
33 54 253 386 787 973 1079 1094 1244 1315 1445 1485 
21 196 211 354 448 463 503 531 870 924 966 1104 1166 1295 1464 
30 277 297 361 745 755 864 992 1047 1125 1340 1480 1485 
204 305 554 725 726 779 845 947 1025 1108 1358 1445 
35 466 552 600 784 859 1101 1110 1154 1238 1392 
5 344 351 383 438 692 807 892 987 1101 1114 1120 1175 1477 
83 120 252 427 446 458 459 501 630 782 876 957 966 1201 
32 156 276 329 529 753 776 1108 1114 1151 1205 1398 1437 
167 197 249 368 386 418 516 525 558 603 631 656 785 878 902 935 1402 
574 639 768 803 958 1056 1076 1077 1227 1404 
9 243 320 439 552 592 684 721 1243 1245 1354 1475 1477 
73 81 169 262 324 370 408 666 1000 1102 1186 
17 105 230 558 589 615 836 863 939 977 1320 
123 176 188 383 452 647 660 739 806 897 1012 1065 1201 1226 1303 1371 
124 144 254 387 500 538 686 729 800 1316 1387 
55 100 112 132 266 526 587 650 794 796 1141 1316 1471 
30 236 321 414 442 522 624 774 883 1099 1113 1272 1415 
114 139 513 679 952 1413 
