1413 7948
109 255 648 899 1003 1010 1033 1043 1313 1117 
248 312 320 366 370 501 572 602 801 904 1074 
18 80 199 244 307 459 541 640 641 694 850 946 1033 1051 1145 1193 
37 128 166 225 392 534 641 759 788 825 895 940 1049 1104 1157 
58 78 342 579 632 849 954 1009 1168 1207 1220 1268 1271 1412 
7 166 421 560 675 755 1226 1280 1317 
6 44 72 442 637 726 753 807 817 1211 1224 1242 1345 
78 203 212 221 443 612 889 1047 1076 1290 
65 353 492 781 817 974 1257 1371 1409 1413 
80 148 228 282 411 503 665 702 749 1055 1130 1140 1274 1369 
16 170 236 265 281 378 485 542 636 651 867 
118 174 178 205 248 368 469 643 656 796 829 1289 1338 1371 1403 
331 459 516 920 986 1080 1221 1413 
112 202 389 449 486 631 672 738 739 808 961 1038 1312 
67 170 333 378 575 609 769 789 954 1215 1239 1296 1363 
11 27 96 101 191 219 330 467 723 791 931 939 1141 1174 1257 1380 1391 
219 367 390 515 578 589 634 669 766 811 965 995 
3 86 100 383 660 661 829 852 889 895 980 1130 1345 
126 244 256 383 484 639 655 1149 1183 1223 
112 412 529 590 616 670 762 794 874 915 986 1144 1200 
82 210 226 268 312 445 512 1283 1373 1410 
147 224 257 272 296 336 503 556 709 726 987 998 1175 1381 
60 357 377 453 487 682 780 990 1024 1283 1370 
32 101 278 326 369 713 898 980 1130 1178 1237 
49 85 103 217 312 327 420 425 502 553 563 606 607 745 973 1118 1300 
598 682 731 795 884 993 1013 1071 1086 1215 
16 34 81 168 480 777 907 1043 1242 1269 1287 1353 1372 
45 117 556 573 621 995 1037 1192 1250 1260 
292 295 298 398 568 754 760 765 1151 1262 
156 318 564 571 602 692 763 1000 1193 1202 1270 1382 
37 122 127 145 337 459 470 499 525 601 614 633 660 1064 1084 1297 
24 68 217 340 385 388 790 914 1043 1098 1295 1362 
53 80 430 504 674 754 773 777 902 1033 1078 1226 1249 1318 1323 
27 144 223 245 272 354 380 627 681 738 838 840 
47 216 564 833 964 993 1195 1258 1335 1389 
49 73 88 108 189 202 543 711 801 803 813 969 1037 1274 1327 1382 
4 31 745 835 1035 1082 1097 1121 1262 
73 700 742 1057 1084 1178 1229 
80 129 132 152 432 523 592 672 749 1097 1336 1399 1400 
94 330 592 847 976 989 1065 1108 1326 
263 269 411 412 448 481 659 763 903 971 1304 1358 1412 
198 413 550 588 788 845 1031 1177 1375 
291 318 384 390 556 678 714 787 896 917 1046 1049 1050 1318 
7 197 332 459 518 726 802 997 1030 1164 1375 1398 
28 74 395 780 816 894 897 964 1109 
50 140 232 243 265 502 538 626 790 889 1026 1096 1305 
35 250 317 353 362 385 396 839 935 1020 1105 1152 
76 126 303 345 548 572 811 916 975 1027 1060 
25 36 148 303 537 585 595 749 759 842 890 1165 1166 1178 1296 1329 
46 557 764 1098 
146 177 197 312 325 393 403 583 645 868 1058 1280 1383 
92 157 273 279 294 361 514 535 600 682 703 1163 1195 1276 
33 128 600 724 796 946 969 999 1083 1100 1269 1278 
67 267 308 318 332 340 532 553 708 771 985 1169 1246 1270 1281 
106 236 317 328 429 535 611 843 864 955 1395 
133 160 576 654 895 1006 1071 1362 1396 
87 168 198 204 352 433 600 684 915 1112 1199 1205 1377 1388 
5 112 186 239 389 683 721 1030 1091 1311 
69 145 191 216 1011 1089 1198 1242 1264 1282 1330 
23 158 246 756 892 1310 
267 279 343 667 733 793 801 860 908 961 1016 1084 1241 1321 
64 126 464 506 701 775 928 1151 1181 1227 1245 
156 225 438 628 801 1018 1087 1123 1222 1374 
62 105 251 419 481 505 647 815 858 867 1215 1287 
9 143 252 274 676 734 779 866 873 908 974 1043 1114 1138 1192 1261 1274 
422 467 564 600 641 677 981 986 1059 1128 1134 1187 1210 1212 1274 1288 1318 1333 
15 54 183 198 290 359 623 698 736 952 970 1089 1122 1150 
32 111 123 155 369 526 535 565 659 949 993 1377 
59 88 98 184 276 393 469 494 561 582 610 912 947 948 1251 1299 
95 104 164 247 421 627 681 1194 1400 
252 781 868 902 905 972 1228 1349 
7 187 833 1098 1282 
36 38 86 211 294 394 401 464 532 883 884 904 1165 1335 1356 1369 
45 202 221 272 329 781 805 859 918 998 1009 1128 1391 1406 
137 317 400 448 1030 1046 1225 1314 1338 1388 
48 213 279 341 486 722 914 972 1019 1037 1098 1178 1185 1315 1337 1378 1397 
127 129 306 315 316 504 602 648 654 671 692 725 856 1087 1241 1247 
5 8 197 222 229 430 437 450 480 691 718 824 914 1045 1052 1362 
137 323 443 524 930 990 992 993 1361 
3 10 33 39 183 317 430 569 794 927 936 1111 1205 1283 1315 
27 177 429 746 756 1192 
21 167 522 568 664 760 862 1132 1203 1229 1298 
245 389 630 658 720 790 856 884 1140 1150 1224 1313 
151 280 296 443 560 922 966 1165 1222 
25 135 153 265 307 322 382 514 515 539 580 832 865 877 952 953 1169 1196 1346 
18 73 179 240 251 287 385 553 555 760 1036 1037 1064 1172 
57 97 132 341 350 362 390 402 407 588 934 1003 1043 1066 1132 1315 
36 69 347 348 358 508 532 745 780 962 985 1320 
346 678 712 730 742 754 779 1234 1257 1319 
178 425 441 451 654 690 732 840 949 1197 1406 
100 263 312 325 363 446 569 625 807 1039 1148 1232 1321 
52 558 808 820 1035 1337 1343 
198 595 765 784 845 1039 1270 1281 
40 129 554 952 1056 
70 132 148 195 313 323 414 465 775 798 801 821 933 953 1116 1166 1235 
16 145 548 817 856 893 905 1097 1216 
87 176 215 353 454 488 581 660 774 1406 
69 129 329 853 905 1239 1352 1358 1367 
173 279 342 588 917 1032 1120 1305 
18 91 113 259 358 360 531 538 619 1030 1118 1342 1349 
16 24 300 663 755 947 990 1104 1105 
144 297 812 929 981 1120 1160 
25 106 161 474 611 924 1001 1033 1220 1282 
70 180 250 334 443 584 752 812 830 938 1320 
64 183 193 289 330 543 629 667 676 967 1262 
55 103 274 497 635 882 1046 1206 1258 1312 
142 562 588 867 1213 1308 
36 137 316 398 426 460 491 582 736 758 790 833 1334 1385 
1 257 398 614 797 834 908 1139 1255 1298 1353 1401 
267 293 503 518 586 810 822 923 1016 1220 1243 1256 
68 158 342 509 549 834 861 902 915 1333 1376 
14 20 58 132 446 634 750 893 995 1000 1049 1180 1372 
100 299 465 528 601 642 724 745 812 904 962 1024 1061 1111 1303 
152 207 215 232 338 352 529 732 852 924 926 
123 238 402 433 460 509 745 982 1016 1335 
237 301 530 586 615 618 646 701 813 1041 1187 1203 1261 1378 
28 184 222 630 707 843 926 932 1112 1139 1191 1331 
12 368 666 809 989 1130 1259 1288 
127 429 561 791 835 899 1197 1410 
249 313 402 476 583 610 640 728 823 832 1288 
164 268 326 442 492 756 771 998 1091 1103 1246 1335 1370 
31 162 270 271 376 471 855 866 935 1185 
68 115 264 373 922 1044 
295 464 511 543 635 817 889 1013 1023 1118 1189 
461 1186 1320 1324 1371 
19 48 62 253 487 544 620 754 971 1089 1226 1326 
31 77 119 140 144 150 159 446 611 820 965 1079 1084 1305 
4 53 195 274 333 478 696 982 997 1142 1277 1364 
39 77 94 98 258 1012 1046 1096 1237 1297 1399 
149 162 520 564 607 971 1046 1132 1311 
170 230 250 286 397 553 596 776 796 802 836 910 1057 
39 87 95 112 138 507 510 615 782 835 1163 1232 1307 
56 247 259 287 331 540 661 944 978 985 1183 1205 1238 1253 
172 182 398 605 611 778 829 852 875 1004 1023 1053 1231 
85 211 336 372 387 405 497 792 927 
451 503 555 616 658 692 856 889 995 1008 1055 1065 1259 1390 
75 79 108 220 231 249 770 778 817 836 949 955 1038 1279 1412 
132 297 487 548 623 771 843 922 1042 1170 1185 1357 
172 259 507 568 578 787 957 975 1183 1282 1360 1362 1392 
46 127 305 529 571 694 710 835 972 1158 1320 
164 181 416 453 794 829 950 1003 1229 1372 
107 172 193 345 433 607 678 844 1358 
65 322 500 549 1026 1185 
34 102 127 420 599 705 861 946 951 954 1257 
31 59 96 239 344 350 356 416 421 472 538 627 751 900 1143 1266 
51 204 339 437 595 887 1024 1064 
22 379 691 697 970 1032 1092 1303 1380 
10 49 95 194 534 1186 
130 366 686 741 1019 1036 1267 1269 
127 274 427 465 476 746 845 991 1110 1218 
84 194 466 588 626 849 922 1270 1398 
39 114 366 377 387 554 598 781 1075 1087 1377 
85 511 752 965 1093 1107 1376 
163 420 458 473 487 688 1049 1385 
68 212 308 392 447 474 491 501 621 695 755 880 891 902 915 1043 1239 1298 1313 
30 63 200 491 505 582 797 835 944 988 1174 
52 314 435 577 583 650 821 834 1157 1345 1412 
60 111 433 583 620 745 1127 
127 219 577 609 634 839 843 910 921 968 976 1341 1355 1364 
56 366 418 444 531 706 744 1182 
103 392 491 544 946 1160 1258 1280 1298 
122 130 298 369 456 529 678 886 914 1185 
154 191 277 382 467 577 588 977 1052 1286 1410 
70 121 141 355 698 786 823 893 939 998 1033 1091 1269 
173 202 218 329 394 431 665 731 894 1051 1092 1188 1216 1235 1264 1292 1329 
4 6 320 579 595 678 744 873 886 976 983 985 1183 1284 1381 
82 376 390 409 443 450 610 814 894 983 1114 1311 1386 
27 57 244 564 674 827 936 1011 1034 1045 1120 1181 
227 246 247 283 292 487 615 838 931 1106 1227 1288 
11 15 131 524 648 724 731 751 828 1015 1167 1193 1244 
240 449 605 762 1120 1146 1263 
134 139 142 213 416 476 652 763 1041 1068 1225 1397 1408 
99 165 202 211 337 379 435 529 865 920 1107 1138 1152 1304 
12 312 337 494 749 886 1026 1211 1404 
232 235 306 578 654 772 884 969 1055 1118 1255 1280 1334 
97 367 564 737 811 891 998 1036 1220 1246 1287 1367 1397 
51 81 329 449 496 563 845 897 1035 1312 1330 1372 
12 90 316 435 448 624 911 917 983 1007 1086 1125 1156 1268 
86 418 770 846 851 936 937 946 1187 1214 
104 450 533 639 675 917 1058 1100 1397 
141 592 735 787 905 946 957 966 1314 1328 1355 1372 
134 251 308 799 846 1274 
67 80 105 356 454 669 693 840 854 922 937 974 980 1002 1130 1140 1145 1185 1233 1234 1239 1241 1259 1328 
69 117 236 284 293 326 532 985 1001 1180 1301 1404 
260 284 354 752 762 778 815 842 963 1048 1058 1273 1324 1342 
58 232 417 476 901 1154 1240 1357 
72 213 324 403 459 523 621 653 655 1001 1159 1293 1317 
393 454 518 851 859 936 1111 1252 1290 1330 
36 257 263 270 271 837 943 1166 1200 1222 1351 
314 412 418 463 932 976 1050 1157 1195 1295 
16 59 163 245 262 332 353 519 665 715 949 1055 1198 
372 473 535 820 1240 1370 
105 142 259 624 630 657 666 726 883 930 1001 1279 
148 151 556 632 653 785 1071 1208 1231 1274 1382 
95 128 217 442 522 702 1179 1181 1222 
345 363 510 527 534 663 848 965 1032 1297 
44 51 78 357 389 521 745 845 855 886 911 1128 1359 1384 1402 
42 57 67 93 487 799 825 1110 1120 1147 
3 239 249 336 491 518 527 644 892 966 1166 1232 1309 1407 
156 253 270 378 412 660 710 833 859 1278 1366 
217 297 438 482 720 864 889 916 918 944 
14 36 74 165 173 383 489 518 743 796 1147 1195 1341 
8 511 582 808 909 946 1047 1175 1195 1236 1372 
57 146 383 722 817 1105 1142 1334 1409 
12 245 350 712 813 1059 1181 1299 1363 
422 436 546 626 958 1040 1277 
114 304 341 447 479 491 513 652 663 815 818 940 1089 1297 
277 409 410 440 500 630 966 1163 1205 
257 315 728 998 1242 1263 1295 1368 
21 290 672 785 834 847 1281 1363 
73 135 173 494 608 673 706 1087 1253 1264 1336 
8 155 306 399 414 577 698 810 1027 1152 1211 1218 1401 
76 172 187 471 530 627 658 718 
326 394 441 583 605 1320 
97 114 349 391 405 427 518 544 640 725 894 1022 1082 1187 1352 1370 1381 
35 59 290 332 770 1342 
25 32 195 201 237 326 424 491 651 690 747 781 877 961 1007 1044 1048 1057 1189 1196 1295 1407 
165 444 514 517 630 800 1020 1204 1235 1334 1380 1396 
16 17 159 386 625 722 737 818 1004 1033 1143 1174 1250 1276 1338 1349 1375 
137 275 407 511 1034 1053 1241 1292 1307 1350 1410 
8 74 306 343 532 986 1036 1074 1174 1231 1254 1265 
78 117 528 618 669 743 1032 1048 1056 1086 1254 1303 1392 
34 541 560 1248 1263 
22 346 398 436 501 634 710 895 901 981 1152 
4 63 268 396 509 555 600 726 792 991 1231 1371 
21 389 398 486 701 735 930 954 1006 1029 1049 1239 1311 1330 1350 1364 
169 381 441 609 666 745 918 1012 1302 1311 
10 339 417 515 615 644 838 938 941 970 1038 1116 1151 1302 1310 
78 273 460 628 993 
131 249 329 434 467 555 679 715 829 832 967 1304 1307 1374 1402 
137 266 435 520 539 547 713 790 1033 1148 1299 
46 114 175 186 313 347 563 609 707 738 1299 1318 
485 843 1088 1149 1210 1288 1401 
553 565 678 771 785 1257 1357 1372 1407 
175 269 356 501 635 667 820 857 1003 1014 1133 1143 1383 
11 55 184 421 679 687 697 1062 1131 
116 217 458 1357 
115 247 253 321 365 429 448 651 670 964 1246 1334 
58 145 199 278 459 639 900 937 943 1076 1125 1236 1268 1321 
86 171 262 424 693 718 747 886 943 1054 1177 1337 
356 484 643 728 735 757 856 873 914 1075 1320 1329 
287 306 435 514 672 1025 1351 
46 310 499 544 778 925 936 
3 19 168 905 953 1219 1396 1397 
34 83 191 205 254 279 409 433 492 592 594 680 1058 1092 
60 169 255 471 492 974 1080 1125 1199 
70 133 169 238 451 558 730 879 1003 1011 1149 1346 
2 12 345 589 600 818 1005 1040 1110 1122 1171 1270 1334 
120 137 199 230 436 702 749 864 870 941 988 1066 1071 1104 1108 1121 
47 104 131 279 291 663 927 933 1100 1226 1295 
64 86 182 348 350 488 612 675 724 887 1002 1042 1087 1284 1408 
65 71 438 546 603 813 859 971 973 1186 
126 200 238 288 631 746 811 915 1133 1155 1182 1209 1245 
245 645 718 959 1362 
1 246 274 473 568 648 983 1020 1089 1165 1201 1308 
19 323 381 423 470 718 822 896 927 973 1067 1103 1156 1227 
22 109 189 209 282 397 540 583 917 923 1004 1385 
129 404 419 490 521 577 597 639 701 1005 1047 1245 1344 1413 
100 133 139 193 438 882 986 996 1086 1143 1372 1398 1410 
185 455 879 924 1138 1226 1310 
285 399 450 646 775 788 845 1014 1102 1259 
191 240 535 763 785 975 1025 1054 1087 1091 1145 1193 1315 1333 1377 1383 
41 91 189 396 549 572 612 914 1077 1198 1228 1336 1363 
123 416 481 727 937 1185 1255 1270 1336 
11 46 85 410 749 805 972 1114 1165 1237 1264 1321 1328 1377 
231 304 371 375 478 479 581 646 694 849 912 980 1055 1080 1086 1113 1392 
54 61 110 272 407 423 438 448 554 632 732 1032 1228 1265 1277 
21 121 225 294 308 478 923 1050 1079 1093 1142 1177 1218 1384 
41 235 313 811 946 968 978 980 998 1063 1124 1149 
122 189 200 308 328 650 757 852 938 1040 1062 1069 1172 1333 
122 189 414 525 618 646 653 811 905 980 1018 1321 1377 
22 34 74 267 316 365 502 510 601 848 907 937 1013 1158 1171 
52 229 475 514 643 831 875 980 1082 1105 1144 1210 1238 1305 1329 
65 106 128 150 255 675 793 902 1043 1156 1246 1331 1363 
220 385 451 453 465 480 496 625 639 759 863 1006 1062 1064 1149 1161 1183 1327 
69 468 699 707 726 751 842 948 1056 1070 1215 
163 208 290 309 508 581 711 806 978 1244 1272 1353 
24 239 464 783 1048 1150 1204 1209 1273 1274 
52 61 76 99 245 250 312 385 534 537 549 772 917 1046 1103 1108 1111 1160 1367 1413 
84 452 753 960 1061 1062 1267 1407 
11 332 359 685 712 976 981 1038 1194 
10 257 305 321 322 1016 1164 1179 1221 1258 
169 381 465 812 869 990 1119 1303 1350 
184 185 383 405 466 642 805 837 889 901 916 938 
261 425 502 511 612 810 1238 
131 657 675 676 1056 1088 1321 
86 133 242 364 564 876 1042 1276 1377 
253 303 493 536 607 887 991 1124 1241 1244 1372 
105 464 514 559 711 1073 1178 1275 1386 1409 
67 210 216 277 385 462 511 644 717 1021 1243 1387 
43 250 324 325 364 562 723 877 1056 1097 
29 169 417 545 624 656 679 749 809 849 1015 1019 1233 1301 1332 1340 
110 184 480 530 566 614 777 
52 73 268 390 441 757 891 892 933 958 1049 
29 124 391 497 557 1058 1148 
22 84 404 437 468 764 843 965 978 1019 1190 1223 1266 1357 
102 138 201 298 670 685 740 801 980 998 1020 1055 1077 1268 1327 1390 
29 162 297 451 508 882 1024 
113 374 504 932 968 1233 1273 1309 
101 479 561 603 606 1047 1295 1335 1340 
116 466 515 591 787 849 920 1008 1080 1154 1242 1360 
352 420 507 763 879 944 1006 1140 
48 49 288 327 375 437 790 918 
207 266 340 396 533 976 1049 1165 1182 1346 
140 282 381 417 572 622 623 961 1051 1098 1157 1191 1199 1248 1278 1346 1381 
77 175 212 221 242 615 652 792 793 1180 1225 1299 1395 
3 85 312 459 608 625 814 935 1375 
54 155 182 268 270 367 390 394 415 594 606 773 837 862 888 911 1136 1300 1333 
277 492 593 715 739 899 903 921 986 994 1156 1163 
243 364 393 560 751 968 981 1285 
512 937 1014 1053 1147 
2 21 25 51 91 174 279 307 475 661 721 780 819 865 990 1081 1150 1205 1253 1355 1377 
95 120 232 269 345 449 516 576 652 808 891 1030 1213 1386 
157 190 329 338 394 458 533 647 812 905 968 1065 1389 
77 209 349 352 447 550 556 588 709 789 1085 1207 1331 
77 108 178 272 347 366 961 963 1025 1113 1283 1343 
47 55 75 80 395 466 689 899 910 917 985 1063 1064 1284 1338 
30 43 54 428 469 631 656 673 685 765 849 1209 1222 
506 583 620 812 895 939 1070 1144 1207 1236 1244 1280 
2 166 542 743 804 920 975 1039 1226 1319 1376 
238 282 430 660 854 999 1320 1378 
85 143 282 337 594 628 656 706 880 901 1005 1026 1060 1097 1178 
79 95 256 340 486 699 894 1121 1168 1200 1294 1319 1364 
187 291 353 367 398 436 630 656 697 779 817 861 1204 
51 91 291 381 543 618 629 867 896 910 988 1003 1118 1231 
24 121 184 214 217 373 400 482 514 880 959 1133 1191 1271 1349 1377 
25 303 346 404 434 441 704 927 1278 1288 1328 1335 
55 270 494 758 824 912 1218 1339 1397 1413 
74 98 165 177 230 314 374 449 586 709 751 778 992 1009 1103 1137 
16 40 105 472 518 911 1085 1299 1308 1342 
13 133 710 773 794 923 1124 1173 1405 
44 54 191 216 281 557 746 854 1087 1162 1167 1250 1307 1398 
15 128 366 388 454 459 698 997 1054 1060 1129 1271 1295 
104 392 441 615 688 725 733 815 825 986 1198 1265 1267 1377 
393 400 716 762 1380 
22 135 199 633 733 1045 1194 1313 1357 
31 173 174 322 407 500 519 734 1101 
114 314 416 561 623 635 670 698 827 885 897 1022 1194 1204 
146 228 413 1044 1220 
32 54 304 323 387 469 480 481 484 1112 1359 
76 87 207 406 439 674 755 1159 1272 1372 
5 99 111 401 452 488 650 905 1060 1067 1124 1378 
61 221 496 593 798 1125 1286 1302 
145 418 444 526 596 635 684 968 969 
48 142 196 248 313 713 775 871 1118 1132 1324 1403 
89 224 327 396 432 734 1170 1178 1233 1301 1310 
88 232 316 379 428 620 1019 1021 1050 1144 1239 
88 251 493 505 647 948 1092 1099 1115 1216 1297 1300 1323 1393 
215 315 422 433 528 690 766 1092 1130 1244 
87 145 205 251 440 653 757 942 943 976 1106 1151 1194 
384 428 651 690 720 834 1150 1157 1340 1355 1362 
57 114 302 315 424 504 562 610 647 695 918 990 1395 
9 47 97 191 324 384 639 803 857 1205 
34 185 369 480 562 655 735 886 903 
164 483 635 852 886 1155 1202 
145 183 235 241 577 715 791 893 1001 1163 
23 197 793 1132 1304 1373 1394 
88 100 482 697 777 963 1109 1158 1278 
67 281 413 422 574 674 686 824 871 905 1176 1214 1307 
100 377 472 480 640 815 1130 1168 1256 1291 1354 1403 
52 392 439 542 1229 1377 
47 87 445 510 585 657 667 899 991 1024 1121 1128 1314 1327 1409 
91 196 365 494 516 644 779 947 982 1114 
287 291 310 451 615 715 736 1402 
238 272 363 369 406 663 704 810 987 1020 1217 1389 
2 149 152 160 316 333 510 744 804 1021 1030 1106 1128 1296 
17 176 308 324 612 782 976 1047 1077 1157 1163 1197 1214 1219 
12 118 396 427 700 841 911 1009 1063 1185 1301 1362 
24 68 162 354 365 612 827 1035 1043 1155 
2 508 550 817 1033 1085 1251 
266 430 435 615 700 810 913 976 1025 1130 1144 1173 1227 
135 192 499 657 700 913 1040 1087 1110 1248 
123 326 384 439 480 841 995 1282 1328 1407 
299 329 382 707 729 1125 1130 1159 1246 1364 
266 303 660 703 725 741 785 1215 1334 1350 
122 167 494 757 830 1075 1107 1294 
23 152 360 399 522 702 781 851 1213 1295 
11 15 200 580 607 709 792 821 886 932 942 971 1180 1227 
147 173 347 388 423 535 601 671 955 986 1107 1257 1405 
34 836 887 997 1003 1047 1355 1361 
227 256 283 305 325 455 466 559 566 769 822 1385 
85 163 374 503 896 942 1026 1040 1198 1235 1286 1368 1369 1373 
18 19 202 204 284 444 582 683 713 775 811 850 870 1036 1341 
43 351 353 373 470 526 618 687 907 939 1044 1124 1208 
32 47 86 275 279 290 463 467 687 790 830 944 1207 1275 1382 
219 538 608 803 814 881 884 1062 1077 1119 
135 152 340 432 476 784 982 1037 1042 1170 1312 
32 333 379 584 654 688 713 744 771 1236 
14 58 83 197 226 428 435 452 530 577 710 733 904 1005 1054 1374 
17 43 87 167 294 308 845 892 958 1144 1267 1306 
215 295 460 532 540 612 677 874 929 993 1198 1252 
4 155 161 334 361 886 901 947 960 973 1176 1277 
51 69 188 310 335 407 532 721 787 883 1133 1202 1312 
73 165 214 308 314 506 574 692 771 852 909 1118 
45 317 585 659 961 1184 1236 1298 
47 225 263 304 346 368 452 518 730 935 1013 1063 1202 1319 1356 
131 257 679 827 925 1259 1411 
29 108 109 134 224 226 324 481 568 609 756 763 765 996 1223 
212 261 377 537 542 561 791 977 1049 1146 
75 326 335 587 592 833 988 996 1381 1390 
73 342 439 623 675 728 921 924 1247 1276 1388 
87 115 120 433 442 525 625 673 747 848 959 968 1273 1296 
51 187 542 625 722 750 789 828 1172 1254 1263 
258 296 327 496 593 840 1022 1109 1136 1152 1221 1242 1264 1287 1350 
135 215 284 433 467 564 623 626 723 783 794 910 1046 1301 1329 
341 365 520 553 672 813 906 966 1015 1026 1384 1390 
87 220 267 337 393 497 565 572 593 657 712 743 875 881 1048 1064 1065 1142 1189 1405 
1002 1090 1143 1285 
167 208 245 411 569 684 694 698 774 812 1030 1208 1320 1323 
208 265 558 1252 
10 41 409 620 626 728 1161 
20 41 190 200 465 569 593 662 682 696 709 1036 1148 1197 1319 1383 
42 339 359 441 446 602 1048 1183 1354 
95 212 271 517 541 574 583 830 1093 1277 1369 
308 437 449 462 583 716 925 1090 1130 1194 1323 
141 145 172 264 338 489 499 646 809 822 828 829 1110 1165 1211 
186 228 292 305 457 605 645 793 860 973 994 1188 1364 
160 179 190 344 490 550 651 715 740 768 1171 
64 258 461 502 1059 1063 1144 1214 1228 1381 
25 144 154 302 516 577 842 930 1141 1352 
6 70 145 236 445 488 490 502 554 561 779 799 912 1010 1215 
66 206 349 359 506 554 1210 1268 1293 1332 1372 
256 267 379 478 627 995 1073 1078 1360 
217 240 352 618 649 889 933 1133 1343 1376 
25 90 285 608 800 846 992 1027 1052 1114 1187 
108 435 612 658 676 813 1121 1152 1156 1180 1186 1257 1381 
150 215 368 617 706 731 893 1261 1267 
318 347 351 389 481 626 646 654 722 743 758 953 1328 
55 81 119 238 469 528 778 844 847 1412 
33 78 80 321 371 512 650 1034 1288 1310 1359 
165 726 822 861 950 959 1089 1143 
39 346 387 437 889 944 1175 1205 1384 
57 115 142 158 245 349 402 405 503 554 642 843 861 871 917 954 984 1271 1286 1295 
230 327 443 459 511 649 650 743 757 875 1081 1345 
157 173 178 231 242 371 389 426 574 584 819 835 907 933 1066 1121 1275 1359 
206 224 249 324 729 757 921 965 1020 1188 
78 146 296 303 415 432 657 708 797 814 1409 
63 201 252 259 267 623 634 763 1079 1197 1369 1378 
341 361 373 401 486 539 585 916 1141 1255 
208 350 474 476 552 835 1146 1226 1251 
90 214 227 294 327 334 413 807 839 970 976 1028 1078 1096 1223 
7 121 195 402 443 734 745 1055 1078 1331 
8 79 84 104 167 434 442 521 738 786 795 841 1003 1227 
160 218 344 383 1099 1141 1220 
21 362 421 717 906 965 1231 1232 1294 
91 112 127 413 587 710 941 1139 1247 1387 
155 207 315 519 570 579 656 688 723 726 746 1002 1030 1184 1281 
41 75 178 238 267 579 666 737 744 763 802 900 936 1038 1122 1312 
14 171 177 313 329 415 504 601 1053 1210 1275 
78 167 180 261 502 824 925 1035 1126 1215 1228 
90 136 247 275 298 364 549 903 906 939 1044 1047 1119 1333 
280 342 389 396 643 834 917 964 1068 1082 1127 1186 1213 
23 141 275 472 592 618 696 706 799 931 970 1007 1015 1026 1078 1275 1328 
97 183 188 333 502 603 612 643 654 1095 1107 1114 1151 1331 
260 381 544 553 559 758 932 1022 1057 1330 1399 
162 711 890 1078 1144 1170 1281 1292 
417 575 615 762 865 895 946 947 
154 237 314 469 540 588 607 663 672 738 831 920 1061 1203 1221 1266 1308 
3 13 31 44 187 239 307 333 434 581 967 1076 1091 1275 1306 
108 115 229 391 498 658 753 846 1105 1144 1154 1156 1370 1403 
125 419 660 790 887 1078 1100 
290 415 537 583 957 984 1068 1122 
190 385 592 618 665 841 914 971 1169 1223 
62 73 124 278 289 485 511 600 692 746 811 1205 1242 1328 1413 
95 113 150 275 283 412 1069 1174 1243 1309 
151 284 301 317 381 501 956 1108 1223 
16 66 163 230 385 405 574 719 766 851 962 1005 1009 1157 1161 1322 
276 296 1007 1095 1120 1143 1176 1260 1391 
12 69 318 340 429 458 574 660 968 1035 1105 1112 1150 1165 1197 1341 
31 256 384 513 750 1352 
122 213 246 550 567 673 756 828 839 970 1061 1112 1368 1384 1397 
145 330 360 453 911 973 1042 1155 1226 
154 192 255 678 879 963 1356 
103 155 440 619 668 713 757 878 1248 1255 1328 
273 312 838 1180 1183 1359 1378 1380 
120 150 172 186 387 440 647 763 795 930 969 1028 1411 
648 855 955 969 972 1080 1095 1287 
128 266 268 423 576 745 940 961 1024 1189 1211 1306 1337 
207 266 300 642 835 869 943 1163 1280 1313 
27 78 275 293 340 354 360 373 492 539 561 632 670 743 907 940 1103 1237 1301 1332 
41 64 264 340 398 428 637 668 792 806 836 910 1266 1369 1380 
201 326 358 587 705 1027 1089 1181 1288 
355 551 914 1130 
19 241 340 603 683 985 1174 1342 
11 233 464 519 937 961 1174 
14 76 226 323 439 529 562 611 931 1267 1368 
23 126 138 154 169 198 983 1012 1028 
97 251 342 421 1244 1260 
202 416 626 701 727 745 982 996 1088 1172 1174 1202 1212 1386 
258 418 421 635 810 932 977 1201 1339 1343 
108 155 156 161 199 207 217 556 617 880 986 1096 1121 1138 1354 1381 
9 121 245 246 309 480 677 916 1119 1148 1318 
288 348 697 867 1081 1100 1281 
69 174 211 328 363 376 560 672 997 1095 1106 1142 
721 793 818 982 1006 1155 1231 1232 
177 275 343 404 522 582 658 856 875 978 1003 1132 1161 1214 1255 
106 135 295 407 882 902 982 1165 1265 1354 
460 875 934 970 1003 1041 1062 1357 
31 243 372 416 762 915 950 958 989 1122 1175 1196 1323 1342 1366 
143 208 337 542 892 1077 1192 1229 1258 1278 
2 155 224 235 466 561 674 1065 1275 1305 1329 1399 
25 46 272 285 419 421 450 454 639 690 981 1037 1043 1356 
10 22 110 136 382 433 504 538 606 660 669 675 712 899 1248 
33 77 299 352 449 503 628 650 1022 1120 1186 1296 1395 
64 156 348 509 535 690 709 746 813 1124 1151 1156 1206 1352 
62 319 394 422 612 838 1044 1128 1162 
132 139 302 566 676 855 912 1050 1178 1221 1229 1253 
88 277 298 370 944 946 977 1032 1169 1209 1259 1360 1407 
111 115 225 505 551 579 585 830 890 947 
132 196 272 362 366 725 
124 153 203 220 285 290 434 464 581 586 627 660 694 818 1054 1060 1147 1408 
21 311 430 558 788 826 829 860 926 948 993 1092 1107 1411 
207 470 532 539 726 807 964 1008 1025 1063 1085 1280 1373 
52 85 218 242 273 289 326 545 570 1393 1410 
17 85 228 301 516 716 1180 1310 1313 1324 1355 
13 313 363 420 515 619 654 771 969 1261 1279 
218 414 823 987 1064 1085 1170 1332 
44 110 188 199 202 215 330 396 645 726 775 781 1007 1008 1231 1278 1391 
191 337 447 485 707 790 813 919 1019 
130 231 406 653 673 751 852 907 944 960 1064 1156 1202 1218 1249 1343 
197 258 443 747 813 838 876 1144 
82 195 377 496 670 804 984 1010 1361 
39 187 589 613 653 901 1028 1049 1306 
79 170 527 782 880 881 1292 
31 271 402 526 676 815 859 1123 1236 
68 344 384 525 609 666 900 1073 1112 1319 1411 
196 199 524 572 837 957 1003 1146 1258 1287 1314 
113 222 349 429 529 718 728 798 810 891 1143 
20 114 140 162 173 486 528 670 751 900 1174 1211 
116 213 293 389 608 628 793 964 1195 1323 1403 
100 160 537 793 987 1015 1022 1071 1172 1358 
54 73 88 184 221 391 393 513 678 832 1244 1297 1382 1391 
180 304 314 648 789 924 964 1043 1112 1139 
4 148 196 279 576 657 701 1019 1170 1312 1368 1374 1401 
52 55 68 192 262 379 505 590 624 708 732 859 956 1047 1136 
288 571 810 985 1203 1222 1265 1337 1412 
49 279 399 462 531 591 627 726 752 1057 1192 1232 
46 100 145 386 503 880 1094 1240 1378 
85 231 439 480 513 681 957 983 993 1010 1052 1120 1328 
133 257 391 458 779 788 965 1002 1036 1054 1073 1127 1187 1388 
3 223 414 705 743 899 1000 1092 1170 1354 
11 320 361 399 403 500 599 787 928 941 1102 1132 1165 1356 
36 105 124 325 840 850 1175 
126 161 215 243 455 551 1050 1152 1194 1318 1343 1353 
292 514 729 767 794 1239 
206 252 738 806 1016 1049 1128 1369 
231 582 619 832 894 1207 
48 96 138 617 806 930 1053 1076 1131 1299 
111 143 263 279 451 699 978 1105 
42 315 370 418 471 599 646 690 807 875 946 1110 1212 
483 509 544 579 967 1170 1234 1393 
440 602 642 759 973 1030 1056 1241 1289 
25 54 86 131 234 406 455 603 727 791 845 874 1005 1083 1124 
94 152 267 421 422 433 703 739 756 964 1038 1384 
86 136 225 230 619 970 1196 1214 
22 28 43 194 315 491 1076 1077 1147 1321 1402 
50 295 332 567 648 760 823 951 1101 1250 1259 
92 247 410 512 660 745 962 1070 1243 1321 
289 381 455 693 871 1160 1221 1225 1338 1400 
6 84 223 310 494 1254 
69 119 300 338 399 421 480 501 563 591 666 688 984 1025 1291 1307 1308 1315 1408 
107 291 352 354 486 794 804 873 931 1088 
25 177 232 561 633 770 782 925 962 1393 
30 35 66 130 168 176 287 405 570 613 720 806 865 924 1077 1105 1139 1149 1365 1401 
68 234 407 697 924 973 1073 1126 1168 1200 1276 1360 
293 381 507 580 797 799 1244 1296 1338 
471 557 968 1278 1383 
29 82 139 255 398 589 859 1196 1200 1235 1395 1398 
80 91 409 412 636 709 873 989 1268 1302 1332 
447 514 564 739 773 831 1133 1168 1186 1305 
30 140 536 742 806 917 927 932 1235 1370 1373 
2 48 263 305 407 527 736 1021 1149 1273 
28 708 786 843 981 1004 1033 1045 1101 1220 
359 394 414 435 467 469 827 832 874 1074 1184 1200 1227 1397 
15 457 584 601 783 792 850 926 1009 1079 1187 1222 1252 
56 313 478 534 595 763 887 1047 1105 1121 1283 1405 
157 159 163 212 258 356 389 420 792 859 891 928 933 974 1057 
17 139 175 679 1007 1224 1307 1374 
5 166 447 448 509 551 1022 1052 1153 1278 
85 378 566 604 670 762 897 1201 1331 
97 266 277 459 511 695 817 827 978 1154 
69 108 156 203 383 496 547 642 1073 1090 1177 1240 1336 1339 1367 
51 120 157 158 214 257 319 414 415 462 679 874 884 1031 1151 1204 
104 388 435 575 818 824 839 885 891 933 1034 1192 1233 1388 
49 362 395 439 509 657 675 735 798 927 974 1054 1093 1099 1132 1265 
110 116 329 511 756 782 1031 1083 
400 446 482 781 864 898 1103 1138 1324 1387 
42 87 99 107 151 163 315 458 623 630 658 692 743 769 816 937 1214 1254 1390 1403 
17 248 523 568 761 1013 1091 1226 1248 1255 1367 
20 535 611 864 876 899 963 1380 
301 537 561 637 732 843 1090 1240 
39 40 181 245 400 453 463 794 845 959 980 1021 1215 1413 
309 343 404 407 412 679 698 778 806 886 888 1237 1321 
245 308 322 951 1022 1083 1350 
49 93 146 166 576 671 1083 1204 1213 
131 344 610 643 681 697 914 1152 1189 1255 1343 1380 
258 1023 1097 1290 
26 152 839 1180 
144 542 550 674 678 1106 1140 1363 
52 53 57 66 225 248 464 777 804 1099 1105 1155 1285 1354 
31 113 272 379 449 575 870 893 1389 
2 30 77 413 552 708 734 802 840 884 944 1045 1129 1199 1318 1396 
252 300 454 484 553 734 878 1013 1057 1120 1262 1274 
580 715 801 840 900 1058 1297 1319 
134 171 214 417 736 835 948 953 1344 1375 
25 300 308 503 838 1176 1205 1211 1362 
25 130 142 288 378 458 664 689 1034 1101 1127 
211 307 386 425 530 789 1136 1228 
15 159 227 232 398 526 893 899 1002 1012 1284 
69 120 167 352 596 792 847 1262 
55 103 127 134 486 590 699 717 927 1224 1328 1412 
8 251 263 285 367 369 391 426 454 506 793 924 1076 
523 564 1069 1359 1410 
31 109 293 713 780 810 894 1024 1074 
116 132 169 228 306 334 364 371 457 769 858 891 1071 1073 1089 1165 1171 1221 1361 
20 136 629 665 869 1166 1277 1357 1392 1408 
427 491 548 1220 1259 1290 
116 222 271 325 384 424 453 463 855 1019 1069 1134 1177 1309 
100 474 516 547 555 753 779 870 984 1074 1109 1172 1182 1200 1282 1343 1384 1399 1411 
126 158 319 347 411 622 856 903 1074 1094 1236 
28 155 187 715 767 1335 
305 620 1087 1135 1149 1289 
67 138 305 338 401 405 438 588 677 751 863 938 1227 1229 1234 1298 1336 
178 193 292 535 741 745 801 1083 1252 1358 1363 
91 219 275 307 402 403 655 898 1012 1203 
46 151 206 405 411 428 489 716 855 873 1269 
34 70 145 213 423 511 537 697 857 897 1078 1093 1219 1258 
63 229 322 504 530 785 1078 1081 1266 1362 1408 
105 325 616 655 659 673 803 834 855 915 916 1080 1223 1266 1350 1388 
83 117 193 208 218 324 588 637 641 658 1050 1242 1411 
14 253 318 638 777 916 1055 1072 1197 1212 1294 
5 194 267 480 792 1308 1403 
31 336 563 688 715 853 926 1366 
17 112 159 224 438 1042 1065 1257 1318 1323 1383 1393 
106 124 235 338 344 355 490 916 977 1027 1186 1189 1235 1385 
11 569 769 785 791 838 879 940 1111 1167 1196 1240 1315 
7 481 591 630 697 849 985 1403 
631 647 864 1082 1285 1320 1362 
19 180 239 258 275 353 502 1190 
3 120 215 360 685 903 1327 
3 4 66 630 1019 1032 
113 284 433 479 552 582 678 722 783 801 1018 1095 1331 
12 241 273 452 454 596 682 749 943 1074 1122 1146 
199 228 290 363 737 1176 1195 1256 1384 
51 254 417 518 671 696 762 812 1061 1218 1238 1268 1295 1376 
116 261 266 271 416 428 550 736 900 1041 1076 1120 1139 1322 
64 314 348 352 476 638 673 795 989 1027 1030 1032 1087 1090 1167 1232 1238 
1 77 170 255 477 533 557 687 747 917 995 1023 1158 1413 
424 434 1303 1334 1358 
157 270 342 430 434 504 863 1015 1019 1066 1201 1219 1235 
11 217 238 351 418 714 989 1049 1143 1243 1281 1302 
172 207 306 313 1119 
187 194 271 350 520 523 977 1053 1161 1212 1328 1359 1388 
56 77 90 175 388 428 454 516 745 756 787 858 1147 1171 1322 1360 
19 187 354 625 629 766 785 954 1122 1240 1340 
12 292 318 322 324 447 669 681 749 892 981 996 1252 1284 1344 
193 286 362 372 407 437 534 585 840 873 913 1090 1298 
83 136 213 426 460 496 588 630 734 920 1179 1268 
41 68 395 629 692 869 874 1001 1044 1124 1336 
18 31 97 200 321 375 461 469 503 511 558 678 866 878 1326 1367 
18 133 312 712 831 850 863 934 1232 
412 676 744 915 942 1231 1255 1283 
101 196 207 250 365 458 685 784 976 
82 607 1028 1279 1367 
10 165 191 463 616 1149 1150 
118 193 227 448 526 561 735 768 882 886 1048 1129 1348 
61 105 235 362 832 
474 481 676 712 804 1277 1366 1372 
17 183 222 503 656 778 796 904 908 975 1114 1151 1232 1260 1307 1408 
20 238 297 338 480 522 529 580 686 742 788 890 1010 1240 1260 1269 1286 
77 379 595 645 749 862 1049 1182 1276 1386 
14 39 210 242 406 458 494 693 697 860 1045 1113 1184 1223 
211 318 402 471 520 629 647 744 1107 1112 1175 1310 
33 168 341 359 501 599 783 1080 1167 1169 1174 1333 
6 180 251 274 286 401 503 585 1000 1091 1134 1253 
65 105 286 426 507 525 662 668 834 923 1078 1410 
66 391 492 623 679 734 772 800 830 836 1004 1020 1056 1067 1193 1368 
43 89 142 162 166 234 473 532 599 642 660 903 927 1361 
230 236 292 397 578 583 593 677 798 815 839 950 1156 1288 1404 
245 723 917 1038 1268 1296 1360 1385 
34 70 539 596 656 706 788 789 965 976 1107 1118 1158 1184 1343 1398 
23 26 52 412 643 851 853 962 1078 1147 1251 1307 
58 383 484 776 784 801 823 1020 1112 
57 344 409 912 1098 1380 
281 297 318 640 663 686 953 1151 1261 1299 1385 1408 
149 359 670 685 688 938 1226 1228 
236 384 385 648 755 814 831 1004 1010 1113 1216 
154 334 388 447 561 633 686 707 768 1181 1322 1360 1411 
317 607 915 1058 
90 217 349 351 502 505 550 725 750 830 974 998 1188 1373 
78 147 778 911 925 1350 
30 77 136 394 464 588 659 869 1009 1082 
183 240 559 672 700 928 955 977 1009 1049 1073 1101 
3 140 266 409 511 1144 1202 1243 
155 352 581 1277 1279 1383 1385 
128 412 453 645 741 875 896 937 1074 1227 
147 236 324 358 493 565 596 627 637 672 698 835 1203 1261 1315 
67 164 212 333 338 409 593 697 806 844 883 920 984 1209 1305 
276 323 549 611 841 845 893 1046 1201 1267 1288 
38 368 371 372 693 722 975 1066 1266 1333 
62 116 226 258 489 534 762 879 925 1011 1077 1131 1185 1318 
10 195 249 377 793 833 1050 1064 1128 1401 1406 
52 375 554 718 916 948 1234 1286 1350 
327 365 757 922 1082 1084 1101 1195 
144 482 541 790 814 927 1164 
160 211 322 427 453 681 885 887 1013 1070 1087 1376 
117 232 276 374 519 688 798 924 1105 1159 1222 1339 
54 437 535 573 602 768 840 1156 
22 315 329 378 412 505 569 954 963 1317 
140 200 224 331 389 446 714 757 846 960 1134 1155 
36 277 289 456 778 1190 1198 1242 1341 1372 
89 205 281 407 503 661 668 921 954 1016 1034 1399 
24 231 345 383 388 474 614 911 1029 1106 1253 1332 
43 651 710 740 875 1295 1355 
191 230 309 356 364 418 604 621 633 807 1200 1262 
335 415 515 626 779 856 900 1024 1049 1090 1309 
290 445 611 778 873 915 1030 1334 1371 1391 
78 213 240 254 256 528 703 922 1027 1377 
467 960 1178 1200 1243 1264 1300 1370 
83 201 351 564 731 915 938 1071 1141 1202 1219 1278 
58 312 393 495 796 814 818 892 1061 1084 1123 
76 204 219 403 428 642 700 833 1026 1331 
16 291 405 447 680 770 899 1020 1066 1116 1250 1298 1327 
53 113 170 251 727 780 822 943 987 1067 1240 1412 
77 215 334 375 510 690 771 928 1068 1126 1174 1191 1245 1344 
7 22 44 193 225 276 431 447 513 518 537 749 852 959 1038 1095 1194 
264 489 553 724 988 1074 1381 
120 209 241 401 411 528 942 1145 1392 
374 436 545 948 959 1007 1262 1277 
89 247 396 767 931 996 1008 1273 1366 1371 1373 
26 165 170 427 720 1003 1116 
90 114 267 535 591 735 778 908 1028 1150 1288 1292 1322 1324 
61 334 336 389 823 930 991 1046 1126 
65 337 346 442 602 603 658 677 1176 
181 226 241 354 585 666 732 842 1108 1133 1200 
67 108 364 572 605 646 833 955 1003 1027 1082 1222 1374 
176 219 448 644 935 1000 1003 1185 1366 1400 
14 34 232 443 458 546 936 1097 1104 1171 1182 1363 
14 309 554 570 840 972 1168 1377 
297 418 714 859 886 903 919 968 1057 1070 
149 375 624 696 897 917 940 984 1076 1086 1409 
38 89 571 670 894 1041 1224 1382 
202 222 320 407 428 434 480 541 588 900 903 1394 
160 166 366 388 448 662 673 756 761 906 977 1019 1093 1138 1197 1204 1294 1375 
25 37 88 113 115 158 197 227 442 478 489 558 624 654 862 978 1047 1051 1148 1282 1311 
81 150 253 332 447 464 505 767 875 932 935 1163 1183 1196 1338 
217 240 402 521 648 795 796 1076 1115 1187 
781 1025 1065 1087 
10 39 49 174 249 265 292 643 656 671 726 780 909 1074 1080 1135 1137 1393 
112 403 470 690 921 940 1053 1160 1335 
145 170 276 310 329 520 529 623 761 780 848 
104 153 185 537 1149 1264 1278 1293 
7 280 460 619 865 897 952 1000 1096 1181 1312 1369 
29 33 89 126 759 790 955 1220 1224 1252 1323 1405 
6 101 155 341 687 884 1114 1197 1388 
60 81 121 398 471 554 586 654 744 771 902 1018 1142 
241 270 294 350 376 434 436 474 704 710 782 787 1285 
108 328 428 455 852 1014 1061 1244 1309 
4 49 275 552 754 760 808 887 889 942 1077 1120 1144 1226 1387 1390 
29 82 86 557 759 790 873 956 979 1163 1194 1393 
589 744 751 878 1107 1360 1387 
20 171 185 335 457 499 580 645 701 824 872 909 1034 1204 1218 
30 41 172 262 302 398 438 448 476 576 776 920 932 1221 
50 296 770 781 803 894 937 983 1090 1124 1263 1344 1411 
29 93 318 398 912 1228 1229 1317 1348 
17 349 467 655 857 1011 1094 1302 1327 1360 1377 1395 
545 621 730 746 1043 
418 666 688 708 843 851 1311 1391 
15 381 588 615 636 773 783 1019 1100 1131 1197 1287 1393 1397 
137 179 216 563 723 764 1010 1057 1077 1095 1254 1255 1310 
54 121 138 234 388 394 516 725 756 841 892 996 1090 1168 
175 279 677 799 984 1011 1198 1307 
33 308 331 570 769 837 1008 1318 1413 
97 409 948 1100 1317 1375 
62 95 261 345 383 518 873 901 955 980 1289 
131 683 763 1227 
27 33 293 358 600 631 813 967 1038 1040 1066 1076 
134 137 185 243 329 429 593 669 691 711 717 732 845 916 1135 1337 1341 1407 
65 89 324 363 421 540 619 716 831 954 1406 1408 
23 45 88 312 614 724 749 751 817 894 1016 1085 1312 
9 71 74 152 217 377 518 587 748 764 832 
132 367 524 563 586 757 860 896 948 1181 
278 405 575 642 674 769 880 1211 1249 1298 1329 1394 
93 387 663 683 798 925 972 1132 1395 
194 210 234 262 375 628 636 655 913 950 1141 1184 1246 
164 443 573 
43 139 181 301 393 542 654 757 863 909 923 948 
4 42 261 512 540 670 681 789 904 1108 1125 1209 1249 
15 315 403 533 608 681 788 821 973 982 1063 1154 1351 1382 
32 46 83 108 231 303 385 461 519 705 754 760 940 1054 1351 1364 1409 
16 119 356 399 553 636 881 1082 1138 1389 
135 225 306 378 481 575 577 610 632 831 844 1101 1122 1166 
61 274 306 357 417 495 530 531 612 702 949 
20 80 141 331 405 545 562 592 1272 1361 
26 443 476 647 747 993 1052 1225 1348 
12 53 131 202 669 721 747 995 1138 1376 1407 
109 156 437 566 815 826 916 1237 1378 
95 343 528 585 679 707 784 907 922 1093 1179 1197 1205 
182 198 421 453 566 772 965 1030 1211 1242 1276 1331 
218 425 677 824 954 1144 1356 1384 
2 36 61 63 95 297 604 624 642 683 859 898 1121 1152 1219 
44 131 448 602 961 1096 1107 1113 1228 1326 
36 353 386 629 764 915 1016 1283 
320 366 522 562 600 668 918 982 1022 1111 1374 
74 265 284 860 994 1059 1077 1091 
277 481 546 548 564 571 593 698 935 966 1019 1167 1323 
7 91 441 513 550 715 856 902 1176 1263 1294 
14 92 203 313 759 891 1094 1158 1224 1232 1354 1397 
118 292 416 843 880 924 989 1319 1360 
110 212 285 365 371 490 528 536 614 882 1262 1383 
17 48 176 253 269 271 383 464 933 1080 1212 1366 1388 1397 
102 104 113 283 314 319 409 645 825 887 969 975 1413 
36 116 205 252 406 426 505 519 521 777 1008 1019 1075 1131 1207 1231 
167 307 386 437 687 705 721 1048 1071 1152 1335 
64 185 207 334 360 525 679 797 841 995 1098 1165 
45 588 825 915 926 1075 1241 1272 1397 
7 9 96 124 137 204 324 370 581 780 987 1030 1119 1356 
207 219 248 495 511 584 721 1010 1410 
312 435 983 1264 1279 
92 127 192 235 854 988 1015 1115 1128 1262 1356 
95 157 378 789 836 914 947 
110 256 381 416 431 724 1019 1202 1224 1372 
120 164 517 557 683 733 1004 1078 1261 
78 328 359 450 584 762 800 998 1164 1319 1329 
4 198 334 812 816 877 895 984 1029 1198 1230 1281 1310 1325 1339 1359 1379 
512 797 896 1079 1315 
168 338 369 397 574 581 897 1064 1280 1358 1404 1407 
170 403 416 471 878 920 955 1051 1256 1337 1362 
12 18 134 141 230 416 512 851 922 973 989 1135 1361 1382 
104 376 385 414 509 677 690 901 928 975 1081 1087 1197 1317 1355 
273 458 570 661 687 779 792 914 1000 1099 1173 1395 
85 120 230 532 547 574 667 781 956 1004 1073 1293 
35 72 108 200 400 702 722 736 1018 1055 1145 1360 
109 111 157 210 351 452 629 676 850 1114 1140 1319 
37 119 132 140 156 435 440 479 605 697 991 994 1060 1410 
131 137 380 481 677 821 926 982 1041 
189 284 308 527 773 893 1272 
34 169 228 475 506 521 606 636 910 944 966 1210 1242 
47 159 441 471 584 598 679 879 882 1060 1111 1184 1389 
34 90 183 404 543 602 604 657 708 739 842 1193 1295 1316 
368 373 443 463 699 771 815 979 981 1134 1165 1348 1403 
49 185 276 420 735 840 906 910 1097 1343 
55 117 138 159 233 296 433 573 591 768 809 879 888 1249 1301 
142 429 698 792 846 891 1071 1262 
42 93 150 177 197 261 390 553 592 699 778 921 923 1159 1234 1323 1367 1412 
179 182 425 460 710 844 878 917 934 1241 1382 
40 210 429 610 860 903 1001 1133 1235 1269 
196 272 402 751 1312 
5 151 266 292 301 318 637 1042 1125 1224 1255 1276 1323 1340 
3 383 543 575 661 834 1020 1107 1155 1222 1257 
179 188 377 467 682 768 829 996 1044 1347 1377 
18 114 134 270 355 394 520 726 758 995 1089 1222 
98 633 682 1111 1195 1242 1284 
183 321 332 820 1048 1176 1203 1213 
122 197 477 507 618 626 629 1007 1021 1053 1285 
77 83 96 136 241 496 620 716 807 975 1135 1187 1276 1386 
235 353 627 766 980 1038 1113 1154 1202 1216 1272 1330 
64 615 654 870 1006 1038 1058 1092 1198 
74 188 200 252 525 535 568 577 740 801 868 936 1119 1128 1193 1381 1384 
61 417 512 672 782 805 847 941 944 1128 1131 1347 
111 144 324 431 433 885 920 976 1088 1139 1203 1296 1411 
82 308 671 745 1095 1174 1247 
275 623 650 661 787 905 1005 1162 
55 201 249 587 590 638 865 879 1207 1294 1320 1388 
85 173 312 457 564 753 864 992 1202 
65 122 660 1111 
11 64 107 325 493 1141 1271 1394 
51 71 859 925 972 1040 1312 1327 1366 
283 479 616 659 692 1001 1325 1384 
249 383 601 619 858 957 977 1400 
345 359 433 559 999 1131 1145 1308 
762 885 1063 1316 1369 
65 166 241 562 569 626 657 717 760 775 907 1129 1138 
20 391 553 574 583 659 1017 1059 1068 1114 1138 1394 
134 273 407 434 496 498 550 696 714 746 966 1015 1096 1104 1152 1327 1344 1356 
287 521 590 954 997 1087 1285 1300 
85 217 291 825 1062 1171 1198 1362 1404 
474 603 660 761 828 846 1043 1150 1183 
247 260 302 473 636 701 839 843 864 1173 
155 322 326 491 524 538 783 809 1041 
386 407 524 791 994 1073 1079 
106 259 298 497 666 810 839 919 1012 
73 193 393 698 940 1002 1083 1208 1348 
26 73 83 175 386 583 602 755 901 1153 
338 584 706 861 872 926 1355 
162 166 174 197 240 354 355 378 392 593 666 740 925 976 1104 1171 1298 1366 
146 251 288 380 461 576 706 759 812 1186 1360 1370 1385 
308 593 843 1125 1165 1181 1183 1287 
8 18 46 124 136 201 284 424 432 759 907 1048 1072 1078 1082 
49 456 509 670 924 1074 1106 1210 
155 176 294 313 528 577 584 615 808 844 1075 1259 1334 1382 1410 
60 199 294 390 500 656 721 771 
96 112 164 356 427 601 609 699 837 942 1032 1062 1101 
45 165 167 215 323 547 614 742 764 780 1092 1122 1231 
4 18 56 224 319 457 825 1129 1353 
43 256 325 382 696 782 826 997 1397 
45 177 338 580 627 741 753 827 1103 1126 1136 1362 
24 587 625 801 1175 1194 1273 1305 
1 119 309 317 362 503 541 590 609 723 
145 239 448 526 529 604 646 716 743 1135 1164 1227 1272 
186 224 284 322 392 523 775 830 884 1019 1104 1228 1248 1281 1305 
33 71 111 155 274 497 756 807 1086 
41 309 354 451 620 640 678 740 743 847 925 
2 73 113 389 669 788 950 1065 1141 1240 
71 96 98 181 244 271 314 342 359 863 931 1060 1182 1240 
406 445 451 744 842 1165 1168 
27 272 384 435 480 520 798 873 889 944 1186 1187 1305 
61 65 109 669 732 1013 1024 1366 1403 
203 394 749 762 787 922 1159 1211 1353 
131 159 317 325 405 481 838 842 956 975 1081 1124 1243 1245 1262 
178 197 308 330 368 472 691 713 1195 1382 
69 266 328 421 507 684 765 1009 1074 1094 1196 1202 1203 1236 1318 1355 
371 372 657 785 1065 1066 1078 1140 1150 1387 
32 76 78 162 241 263 463 483 596 821 831 995 999 1075 1273 
20 57 111 155 253 499 629 662 689 717 720 803 816 944 1017 1337 1389 
48 201 284 439 492 629 631 635 703 778 797 1103 1155 1395 
43 99 178 180 257 279 317 433 452 571 648 680 741 846 1218 1321 1332 
74 201 227 303 352 804 1082 1268 1395 
519 740 882 1155 1175 1248 1272 
13 173 301 320 458 658 698 763 828 861 1064 1180 1273 1401 
159 309 401 436 712 750 845 942 965 1001 1237 1258 
84 123 138 151 183 704 718 798 829 909 1169 1245 1325 1344 
110 257 268 331 676 787 845 936 1093 1105 
103 114 260 401 533 564 565 612 707 809 890 1010 1135 1174 1284 
243 397 415 450 563 691 701 784 868 886 903 1026 1227 1408 
114 117 512 575 633 816 836 885 1060 1252 1289 
80 135 250 256 327 571 585 611 678 705 1025 1107 1205 1218 1269 1306 1319 
62 542 577 693 725 830 971 1015 1265 1400 
102 391 1147 
79 193 226 420 476 548 733 1031 1053 1246 
16 169 453 486 562 730 905 1065 1348 
117 190 299 378 455 490 571 746 763 1000 1174 1239 1269 
95 250 294 424 435 577 584 811 968 982 991 1317 
87 498 661 846 987 1043 1301 1371 
47 122 307 396 737 746 806 984 1218 1243 1247 1302 1354 1372 1382 
80 168 179 188 243 448 738 859 923 945 1035 1056 1176 1225 1251 1352 
179 183 239 264 272 311 485 588 696 764 1184 
104 228 270 284 623 686 720 1038 1183 1340 1346 1364 
16 164 319 384 451 953 1095 1207 1225 1277 1388 
4 207 478 480 636 741 750 790 883 949 964 1067 1397 
228 249 446 542 860 953 1052 1096 
350 378 382 662 728 759 893 921 1012 1082 1169 1346 
189 239 240 350 479 643 724 1307 
133 156 201 302 385 432 508 520 602 838 860 907 915 1081 1245 1253 
936 1001 1184 1302 
3 53 144 161 179 181 203 269 457 508 550 982 1043 1106 1144 1279 1391 
69 101 363 392 457 509 821 1310 1391 
69 276 348 512 605 703 729 774 782 787 958 
68 90 137 191 793 940 953 1213 1315 1383 
141 431 499 679 785 904 1026 1146 
144 557 594 1345 1351 
67 85 94 753 1037 1183 
85 95 244 428 605 685 939 941 949 1237 1314 
5 15 144 226 433 655 709 712 779 800 876 1071 1120 1134 1186 1229 1267 
55 137 379 477 693 736 754 775 828 1004 1084 1204 1246 
466 535 760 832 910 981 1083 1374 1380 
139 181 462 527 539 870 1091 1118 1380 
206 294 390 499 948 1145 1192 1325 
254 326 402 431 592 726 729 964 
280 392 520 710 719 1088 1188 1379 
14 61 217 305 316 395 478 485 802 1263 
88 113 467 558 563 682 
185 316 358 473 590 709 1078 1199 1244 1281 
35 45 238 452 513 530 533 554 940 959 1158 1264 1410 
17 127 153 196 296 436 445 540 681 799 921 983 995 1040 1139 1146 1225 1227 1292 
84 181 199 208 406 806 838 875 1230 1389 
105 230 459 551 777 1392 
159 269 299 310 314 344 402 469 567 740 933 1090 1162 1210 1412 
36 53 175 344 476 477 516 812 1076 1204 1272 1291 
67 147 228 441 453 471 498 555 983 1030 
41 126 130 252 378 463 928 1017 1118 
71 76 140 265 477 739 784 868 1064 1070 1138 1211 
25 252 256 392 417 472 552 565 789 829 1041 1100 1332 1408 
9 65 183 246 577 585 690 989 1384 
48 139 262 320 669 700 812 830 856 910 1037 1077 1395 
40 159 166 190 281 304 350 367 371 441 663 681 861 886 1110 1206 1313 
163 399 490 508 635 653 693 744 870 993 1001 1122 1267 
133 269 277 296 496 549 581 745 1005 1169 1206 1216 1251 
760 841 1027 1178 1267 1282 1408 
18 24 183 266 269 271 273 297 592 775 857 996 1078 1339 
66 102 224 281 310 502 573 656 841 956 1113 1285 
115 128 363 387 489 495 497 789 804 836 933 946 1045 1222 1257 
166 167 178 255 487 539 764 819 965 970 1021 1034 1038 
433 462 522 561 619 698 741 772 825 935 1307 1340 
54 88 133 166 184 317 484 536 637 1049 1333 
13 20 66 221 259 309 334 379 491 1180 1310 1408 1411 
22 365 517 531 724 817 934 1155 1191 1255 1322 
156 249 325 400 727 820 
40 118 499 569 647 651 809 829 974 1187 1274 1368 
23 79 101 283 312 352 995 1067 1166 
150 225 288 362 733 835 933 1020 
79 329 425 865 1187 1201 
26 35 68 79 229 391 512 539 795 977 1045 1271 
309 417 805 835 881 1109 1284 
17 28 112 136 373 423 648 796 815 852 914 965 990 1094 
259 398 400 489 656 730 771 851 980 1174 
44 128 333 380 494 876 896 1021 1126 1196 1208 1242 1247 1267 
22 74 121 164 176 209 269 297 690 824 1020 1132 1240 1294 1331 1342 
53 321 871 914 1093 1229 1253 
30 112 541 675 737 753 831 932 1232 1399 
103 184 187 193 356 659 847 869 921 945 977 1060 
183 251 408 447 540 609 883 1262 1318 
1 87 141 235 247 325 380 443 496 498 527 731 736 737 1077 1195 
134 219 257 573 677 687 823 832 955 1016 1017 1110 
248 258 322 389 467 553 863 978 1065 1121 1122 1155 1313 1323 1370 
56 226 275 302 495 858 1147 1209 1269 1376 
178 217 453 468 518 578 729 855 1102 1291 1381 
136 301 513 518 730 773 813 1165 1207 
5 74 329 368 467 575 692 693 912 1239 1356 
1 421 522 539 670 687 770 818 924 1078 1228 1283 1286 1370 1383 1408 
59 168 247 701 766 772 1173 
129 227 487 609 625 882 942 1062 1241 1253 1370 
26 124 272 396 589 603 706 908 1085 
235 261 311 758 1282 1371 
170 292 406 453 531 650 820 875 928 1396 1404 
61 110 115 282 546 712 780 803 1004 1233 
874 915 971 1004 1142 1151 1236 1286 
63 271 642 756 833 1157 1199 1208 
76 149 292 296 347 519 534 618 641 650 744 769 806 813 822 901 1041 1074 1125 1291 
47 218 255 297 365 436 677 683 723 850 991 998 1047 
290 347 366 572 592 855 983 997 1233 1361 
215 338 404 455 504 531 579 594 804 1409 
124 134 597 648 
23 113 146 298 362 478 614 716 908 1218 
242 262 316 371 513 561 748 927 1254 1260 1289 1412 
46 143 174 322 382 406 453 722 925 950 1213 1268 
48 212 425 482 635 647 718 736 979 1114 1300 
441 476 487 523 664 732 1046 1123 1319 
226 713 825 1099 1269 
44 58 75 100 313 366 409 447 552 647 717 799 817 970 1045 1052 1160 1176 1282 1384 
42 583 586 930 1052 1394 
99 147 196 222 267 508 641 647 893 1106 1167 1203 1263 1380 1395 1400 
1 3 33 103 164 219 231 370 573 1044 1120 1127 1139 1194 1305 
168 220 430 584 607 712 762 983 1083 1095 1159 1183 1302 1324 
37 92 177 369 450 469 936 1037 1121 1192 1288 
86 149 176 221 383 412 540 1048 1081 1388 
28 36 76 86 387 502 952 975 1035 1045 1205 1296 1368 
14 137 228 281 448 554 680 726 777 857 858 938 983 1065 1138 1146 1311 
91 93 320 1155 1156 1189 1245 1267 1290 1360 
206 248 270 372 382 777 868 965 1041 1195 1198 1221 1249 1281 1333 
116 172 498 646 742 836 880 973 1019 1040 1054 1058 1286 
138 251 287 387 472 634 849 1197 1213 1389 
1 27 32 65 87 155 274 369 502 533 767 878 934 946 1071 1388 
123 217 339 384 451 506 659 851 1033 1079 1125 1293 1349 1379 1404 
78 168 336 573 602 672 982 993 1030 1037 1082 1113 1274 1303 1304 1326 
43 75 106 129 130 279 405 699 733 1028 1184 1258 1340 1345 1363 
8 203 258 300 367 380 451 535 576 745 1020 1139 1222 1256 1307 1350 
185 217 222 278 407 413 666 814 854 889 1036 1307 1344 
4 43 112 154 226 294 304 399 523 546 651 671 693 716 985 1322 1329 
43 190 268 347 507 544 630 702 1335 
3 165 305 745 828 1300 
78 163 425 539 579 795 941 1030 1031 1067 1090 1192 1397 1398 
134 220 311 449 548 653 750 855 930 1159 1397 
240 262 333 389 511 540 585 790 1041 1111 1131 1195 1207 
10 136 175 191 266 297 442 631 833 1056 1098 1181 1222 1314 1324 1326 
94 222 276 286 291 552 677 936 1055 1236 1326 
38 131 217 455 537 577 603 740 770 1385 1390 1395 
51 180 185 245 295 604 689 858 1041 1239 1332 
66 205 419 805 874 1176 1177 1197 1257 1262 
48 322 333 342 511 835 839 905 926 1001 1385 
113 280 458 471 645 721 758 1141 
236 270 275 280 386 498 877 893 1012 1121 1279 1331 
269 317 368 396 419 513 789 872 1081 1179 1265 1374 
31 86 146 275 317 407 517 520 702 827 920 972 1209 1221 
40 136 314 407 501 634 748 904 913 931 1005 1038 1128 1320 1338 
87 249 435 650 700 723 777 913 1412 
256 342 677 724 940 990 1052 1121 1132 
172 452 462 725 874 1161 1239 
270 465 613 618 1238 1260 1293 1321 1352 1368 
276 319 558 706 740 972 1094 1106 1302 
26 56 194 249 531 615 720 814 844 954 1043 1147 1151 1285 1300 1373 1398 1413 
631 889 1144 
289 423 526 540 565 582 615 693 832 881 1144 1202 1242 1251 1256 
2 221 574 614 619 620 643 696 727 749 890 912 1019 1311 
152 241 376 813 816 891 914 1096 1141 1142 1174 1227 1307 1328 
8 239 459 548 556 612 646 741 747 777 969 1139 
263 297 367 386 500 556 564 701 759 770 805 975 1003 1101 1181 1208 1230 1284 
33 423 441 442 453 456 461 627 628 676 682 823 889 913 963 980 1010 
127 268 438 575 826 881 1044 1162 
13 246 266 301 477 629 674 749 811 1209 1244 1265 1321 
312 434 493 628 830 910 944 1036 1063 1144 
37 215 273 452 638 692 704 736 791 889 918 942 1045 1093 1187 1291 1324 
53 553 586 594 595 624 883 956 1034 1298 
31 38 61 127 704 721 955 1085 1314 1338 1395 
315 330 370 513 517 780 1013 1084 1292 1367 
26 178 222 259 266 741 902 1151 1161 1167 1242 1399 
63 77 152 211 251 262 332 372 622 647 706 748 830 876 1146 
233 286 489 562 861 960 1206 1261 
59 67 126 207 255 431 482 615 852 1218 1259 1297 1350 1373 
408 415 582 591 647 657 716 764 771 968 1052 1118 
58 121 164 262 459 589 675 805 957 1291 1325 
147 165 245 348 349 512 541 858 894 1154 1245 
153 268 414 585 627 744 798 923 999 1082 1128 1278 1295 1408 
538 620 766 808 912 995 1070 1186 
454 468 477 494 642 726 770 862 939 1034 1142 1235 1350 
46 129 441 491 753 802 875 941 1075 1197 1213 1214 1341 1363 
37 39 96 291 322 597 738 842 1272 1288 
32 50 72 76 305 684 815 1055 1203 1206 1262 
348 444 585 600 831 1029 1119 1241 1406 
53 180 250 461 493 769 774 973 1235 1266 1296 
337 557 573 607 693 704 792 893 1077 
261 542 1007 1167 1384 1390 
121 256 279 329 480 587 897 916 1104 1361 
4 101 249 738 875 886 901 1103 1114 1390 
47 101 204 273 460 469 549 564 576 600 707 923 1233 1412 
169 350 366 494 599 713 890 946 1032 1070 1156 1245 1394 
153 173 376 379 454 512 673 681 761 802 850 927 1131 1152 1309 
40 249 279 466 735 788 1130 1260 1267 1381 1403 
45 358 404 619 994 1242 1289 1290 1390 
150 198 248 372 416 550 976 1004 
80 113 188 279 636 804 839 853 866 1054 1163 1176 1251 1323 
57 117 340 469 471 526 533 673 683 1149 1177 1210 
266 316 672 687 802 857 981 1045 1278 1345 
65 167 265 363 425 454 669 755 834 874 1027 1104 1364 1391 
348 747 820 1121 1264 1349 1375 
95 228 723 731 
1 
25 100 124 175 325 345 394 681 957 971 1090 1243 
283 386 451 492 652 817 859 1099 1135 1185 1189 1214 
99 102 168 171 198 468 504 539 603 646 759 954 1033 1133 1150 1207 1403 
37 249 323 362 426 435 491 576 801 1005 1035 1062 1067 1115 1257 1369 
67 248 448 462 499 643 655 792 894 977 1005 1235 1319 1399 
63 525 721 1028 1182 1209 1274 1316 1377 
269 288 331 342 384 505 553 659 764 910 1164 1380 
178 239 246 343 374 788 849 888 1019 1044 1176 
450 565 725 733 897 997 
158 452 540 607 1033 1356 1391 
66 74 197 362 366 506 546 702 820 859 860 1065 1093 1143 1219 
333 602 666 873 895 1173 1294 
10 18 24 118 183 349 360 371 374 415 483 1108 1218 
236 548 701 769 813 860 871 1054 1107 1277 1292 1318 1344 1358 
82 87 130 345 357 496 542 585 784 998 1067 
235 253 326 393 424 570 735 847 1120 1144 
66 618 675 710 841 954 1215 1221 1256 
622 749 778 829 856 900 924 1119 1241 1381 
308 404 535 608 897 
329 749 
65 173 260 491 587 744 791 796 873 874 972 1038 1242 1331 
109 117 446 533 564 646 861 965 1033 1047 1076 1156 1184 1271 1371 
10 83 183 302 599 834 913 1349 1389 
16 420 439 444 720 785 867 904 1061 1075 1175 1192 1237 1318 
128 204 268 407 494 756 1017 1075 1095 1299 
145 219 235 259 408 431 468 528 651 1128 1286 1369 1371 1411 
20 273 319 347 371 390 419 456 460 521 694 759 800 946 1072 1073 1081 1133 1322 
3 183 262 728 833 871 958 
171 399 440 527 643 950 965 1038 1087 1185 1348 
198 202 311 511 556 654 682 929 1006 1071 1271 
91 231 295 412 492 745 1346 
19 233 247 269 275 564 572 622 665 752 1112 1241 1367 
67 83 278 312 351 469 665 732 878 913 1120 1238 
29 62 228 350 454 505 583 669 685 1017 1071 1086 1179 1234 1409 
47 173 212 224 404 426 544 596 801 814 875 1107 1193 1200 1345 
579 884 1198 
186 301 460 581 789 857 1092 1163 1181 1397 
253 355 369 472 495 600 710 850 916 919 987 1005 1039 1205 1345 1379 1407 
178 256 274 309 426 460 505 520 679 708 1039 1106 1139 
4 157 190 305 351 367 467 1018 1235 1267 
140 272 358 648 681 808 964 
187 341 374 707 845 909 1034 1053 1212 1309 1404 
102 161 279 559 750 1030 1224 1335 
275 411 467 496 653 1068 1086 1197 1232 1245 1292 1379 
332 506 863 968 1079 1187 1306 1313 1333 1384 
52 132 208 309 356 367 479 746 760 1111 1154 
44 282 705 824 900 1124 1188 
49 73 84 255 265 304 416 469 497 542 615 815 841 888 906 1008 1172 1384 
49 95 189 199 616 792 990 1342 
170 332 636 647 674 806 1032 1086 1102 1241 1259 1304 1311 
5 323 360 565 570 739 771 906 1201 
54 85 463 508 674 922 942 978 
138 346 387 456 517 534 541 551 1180 1237 
248 272 418 615 654 738 877 886 1285 
86 270 403 489 531 619 1165 1254 1358 1364 
331 371 831 879 1011 1129 1186 
16 156 219 221 465 484 485 489 529 674 725 862 924 932 996 1075 1228 
22 203 432 499 543 673 898 919 1141 1195 1381 
359 392 468 606 644 734 807 854 936 1030 1059 1111 1125 1277 1400 
42 240 268 582 618 1059 1112 1241 1281 1296 
24 38 49 76 289 322 346 507 719 979 1243 1394 
195 282 658 798 1063 1151 1199 1256 1409 
112 184 306 378 426 475 515 598 920 986 1170 1403 
62 168 195 205 482 688 753 782 888 1055 1077 1154 1292 1311 1401 1405 
160 253 304 619 671 738 905 1123 1199 1292 1313 1331 1358 
19 133 139 166 275 413 475 746 878 888 938 952 1034 1190 
395 447 574 672 681 785 839 937 945 1046 1139 1309 1389 
76 122 138 143 162 183 264 368 701 737 1119 1146 
125 148 252 426 452 504 570 635 887 907 954 1094 1173 1306 1405 1408 
66 116 179 215 425 540 575 747 856 907 989 992 1082 1162 1195 
165 417 436 690 960 1164 1242 1292 
124 217 407 478 596 635 1039 1119 1197 1353 
296 639 711 1183 1328 1357 
117 305 326 725 987 1255 1267 
28 65 81 500 537 584 958 1035 1052 1141 1202 1299 1344 1361 
3 30 170 262 677 840 859 1152 1353 1388 1390 1399 
70 281 336 338 350 415 544 726 760 898 1033 1199 1200 1400 
35 52 190 202 203 530 644 704 853 911 1003 1040 1054 1175 1187 1411 
85 217 499 555 568 636 746 912 997 1204 1266 1370 
90 119 367 412 438 469 631 744 755 769 798 830 1042 1059 1096 1161 1189 1264 
59 191 263 334 382 391 711 772 825 858 877 1040 1153 
57 246 305 602 963 1018 1179 1182 1194 1277 1291 1391 
20 189 323 565 568 574 619 715 719 735 1152 1194 1295 1327 
255 490 580 650 699 992 1168 1307 1379 
30 355 393 396 489 520 694 720 822 857 865 912 1073 1192 1286 
82 116 458 536 625 697 854 861 912 1032 1098 
218 278 324 338 583 595 744 762 955 969 1196 1283 1402 
57 80 133 208 312 353 432 464 606 798 927 1037 1155 1251 1331 
106 505 976 978 1088 1098 1265 1273 
5 315 319 385 547 813 864 939 1008 1054 1120 1246 1377 
194 384 409 883 997 1018 1077 1363 1387 
253 278 318 508 698 788 1006 1064 1080 1123 1237 
66 233 273 422 449 838 890 968 1112 1242 1327 
7 174 212 416 478 529 606 783 799 909 972 1309 
66 489 550 631 653 811 1159 1393 
107 313 377 452 595 854 949 1026 1042 1096 1412 
179 359 367 419 496 555 588 1096 1119 1379 1381 
15 26 64 276 375 421 450 592 1134 1344 1356 
96 165 348 687 857 978 1325 1398 
365 
150 212 268 328 520 645 762 917 927 935 1024 1089 1130 1282 
244 367 627 650 720 801 1128 1364 
5 103 110 176 339 444 573 617 754 
13 282 404 458 507 559 615 763 1040 1064 1134 1288 
63 84 189 195 318 536 575 707 736 850 852 982 1047 1055 1249 1253 1352 1357 
19 296 398 441 463 466 629 672 1227 
7 83 578 611 742 754 808 822 849 1160 1304 
75 172 306 559 795 936 939 965 
6 33 126 250 260 320 440 472 589 686 759 
62 169 256 371 378 443 574 623 696 776 900 925 965 1075 1223 
71 263 267 419 450 608 686 765 802 901 1010 1174 1281 
38 82 141 361 500 507 623 765 954 999 1291 1296 1329 1336 
825 966 1077 
134 194 221 225 325 445 495 518 662 813 894 
91 132 199 445 495 537 647 661 669 808 1000 1161 
183 292 299 346 584 1016 1021 1105 1322 
89 183 551 623 703 845 1151 1304 
95 165 218 382 568 571 635 650 847 1095 1100 1122 1157 1400 
203 239 319 388 395 525 620 912 1017 1056 1276 1290 1334 
24 129 265 480 593 797 921 953 1141 1170 1209 
133 273 285 645 647 1069 1150 1354 
15 98 155 183 226 347 545 932 1009 1058 1068 
186 192 538 582 591 636 655 670 724 904 905 998 
61 77 183 220 288 552 816 846 1012 1099 1135 1149 1167 1177 1245 1382 
7 27 59 209 301 404 464 630 711 799 838 853 997 1073 1086 1109 1138 1188 1210 1357 1403 
110 290 465 558 651 694 719 910 935 1118 1178 1244 1292 1363 
170 277 288 319 349 488 532 566 758 963 1080 1243 
62 253 258 725 910 922 944 1039 1092 1106 1161 1241 
54 121 176 238 274 374 785 930 955 1207 1300 1394 
77 401 446 862 935 997 1304 1374 
223 305 372 474 503 589 901 919 1260 1265 1295 
33 520 783 788 843 1040 1222 
28 219 332 557 723 1264 1337 1350 
69 370 440 682 936 978 1073 1111 1205 1306 1381 
188 391 410 575 624 656 754 926 1267 1369 
133 211 312 507 675 713 944 999 1012 1222 
221 222 403 560 588 770 1025 1172 1256 1301 
109 175 264 439 474 496 589 596 662 770 849 987 1191 1263 1347 
110 360 644 828 1047 1073 1134 1179 1254 1287 
9 16 89 144 234 379 426 634 850 982 1059 1121 
35 106 161 282 500 527 627 921 1046 1271 1353 1371 1402 
118 136 183 261 397 508 557 617 891 1089 1167 
28 468 488 669 670 1025 1069 1108 1248 1366 
65 116 427 516 685 697 823 1088 1308 1368 1383 
29 37 105 603 610 715 729 810 820 844 910 1002 1059 1098 
171 209 223 403 764 807 961 1032 1255 
59 165 211 265 404 719 752 819 964 1115 1197 1250 1350 
221 267 334 497 536 585 928 1063 1080 1206 1248 
145 296 458 481 628 629 700 1100 1196 1392 
149 280 334 390 427 486 699 954 977 979 997 1039 1108 1157 1191 1252 1293 1311 
5 178 239 297 422 569 645 658 680 918 1026 1293 
27 53 149 164 626 670 847 927 932 1006 1029 1299 1388 
30 54 93 151 248 264 1315 1376 
5 326 333 433 867 993 1139 1147 1258 1290 
277 341 794 816 837 857 900 919 969 1097 
185 278 299 402 572 730 898 914 920 1206 1297 
10 36 65 66 182 194 278 603 989 1045 1123 1345 
289 385 435 449 453 459 501 1314 1340 
52 219 287 401 565 671 799 849 856 1236 1378 
128 206 267 392 414 616 668 695 729 939 1131 1176 1199 
53 200 305 327 358 500 518 567 579 720 752 1093 1113 
137 193 516 664 695 819 946 1062 
6 51 161 175 319 479 513 827 1410 
54 93 210 447 456 493 651 825 901 963 1040 1177 1228 1298 1307 
59 72 103 139 373 619 745 979 1014 1030 1218 1411 
21 23 80 316 576 662 803 1010 1204 
166 251 317 609 656 853 924 994 1077 
310 408 600 638 757 855 876 981 1071 1171 
163 343 382 433 670 703 1010 1017 1041 1143 1202 1383 
27 64 176 404 477 527 769 888 1256 1304 1317 1338 
66 118 120 169 233 327 430 482 679 699 732 1035 1097 1221 
12 552 622 775 926 1025 1109 
8 188 597 617 1039 1109 1236 1271 1319 1336 1398 
360 561 969 1007 1019 1082 1091 1199 1229 
165 220 456 524 732 965 1085 1131 1161 1181 1182 1188 1243 1351 
187 422 752 832 1044 1069 1267 1268 
323 376 445 631 744 807 864 998 1129 1336 1390 
32 190 209 217 250 300 333 377 433 645 714 840 1093 1200 1248 1413 
15 49 366 402 504 566 680 861 1037 1100 1177 1229 1351 
31 129 196 207 348 532 604 1089 1273 
82 109 155 161 395 623 657 723 783 886 1083 1281 
69 205 231 232 306 330 548 685 1142 1192 1269 1377 
25 308 348 719 876 1027 1051 1071 1246 1365 1383 
184 292 346 368 405 480 843 934 1254 
227 228 343 569 651 766 935 945 1034 1070 1312 
113 147 222 283 649 1045 
41 173 230 357 1045 1167 1224 1234 1247 1287 1410 
46 99 127 273 501 570 698 898 901 907 1033 1378 1402 
390 459 478 523 927 1162 1186 1251 1308 
132 220 230 332 359 561 578 669 682 772 943 984 1047 1048 1075 1201 1281 
107 255 330 458 561 632 871 1261 1306 1356 
199 299 465 618 716 758 1107 1159 1184 1211 1401 
60 228 260 346 430 515 673 770 825 947 986 
58 130 167 226 227 745 768 1038 1074 1167 1181 1267 
14 106 177 387 393 448 534 753 780 848 868 1302 1353 1378 
1 83 155 336 479 515 976 1005 1162 1182 1390 
75 181 362 527 953 1055 1084 1275 
76 80 87 262 561 636 697 826 949 1270 1325 1337 
840 872 1123 
6 187 709 765 774 830 933 1287 1355 
33 43 66 232 492 544 602 634 701 773 912 1002 1131 1141 1353 1386 
89 320 323 396 412 526 604 809 824 834 927 1028 1122 1290 1346 1379 
88 104 125 140 214 241 321 409 638 864 1065 
61 91 239 265 271 286 556 558 593 917 1069 1080 1332 1363 1410 
467 646 654 688 732 987 1049 1144 1233 1327 
33 348 409 415 499 530 634 754 806 845 849 1005 1111 
125 185 345 515 587 732 1034 1055 1082 1403 
825 869 922 958 1091 1216 1315 1367 1410 
40 126 660 802 1045 1055 1056 1328 
36 275 297 362 640 723 766 868 875 1200 1210 1322 1383 
181 183 265 327 373 428 453 464 474 539 611 653 1075 1190 1326 
49 165 241 273 405 501 783 824 1049 1229 
59 177 188 226 455 857 1333 
117 274 315 442 454 580 642 722 799 998 1062 1138 1182 1205 
292 422 480 517 569 713 917 973 1058 1321 
66 111 262 270 308 451 674 700 985 1040 1162 1330 1391 
108 175 204 218 238 248 375 649 717 891 1236 
35 73 115 121 300 327 621 750 814 1050 1160 
39 211 263 264 582 623 659 1229 1290 1294 1411 
76 92 240 478 536 778 828 915 1250 1315 1346 
12 75 219 317 559 566 746 1065 1084 1287 1369 1382 
328 490 582 707 825 980 1390 
292 300 351 655 849 938 984 1046 1275 1352 
159 202 383 469 711 778 1096 
100 185 216 330 484 499 998 1166 
92 316 424 490 520 544 596 619 681 842 
258 605 656 725 764 875 922 1048 1131 1192 1215 1352 1399 
7 18 157 434 951 1046 1113 1152 1155 1274 
85 247 304 305 938 942 1148 1319 1337 
851 860 1255 1356 
666 765 795 841 883 931 1146 
71 100 219 326 1044 1115 1140 
220 226 283 375 404 594 629 691 703 1047 1089 1095 1250 1264 1380 1409 
189 242 789 790 951 1292 1296 1387 
98 215 420 470 505 936 1069 1222 1340 1344 1404 
27 109 277 544 895 909 1189 1193 1258 1312 1318 1398 
360 413 491 497 541 600 808 935 1238 
159 181 312 351 380 515 714 830 885 912 1317 
73 396 473 502 542 800 817 820 875 1009 1127 1215 1308 1347 
138 186 234 237 296 336 498 616 1190 1222 1242 
41 98 142 531 624 649 827 1131 1172 1182 1408 
197 340 430 435 475 613 653 825 
139 301 423 508 565 654 680 688 761 766 809 833 887 1039 1377 
79 380 522 615 678 794 829 1021 1103 1192 
32 56 78 139 254 351 368 606 628 638 828 877 897 
15 205 210 263 274 599 624 738 1046 1096 1208 1243 1321 
128 159 226 323 374 417 790 938 1114 1172 1219 1404 
564 1300 1402 
200 499 633 668 730 737 811 868 886 908 1260 
98 176 279 582 589 660 664 845 1085 1149 1325 
209 382 471 486 534 677 989 1037 1069 1261 
10 73 382 414 438 481 546 753 872 1121 1143 1252 1338 
23 121 192 215 460 571 719 887 1005 1010 1012 1196 
9 12 125 225 717 730 934 1014 1139 1143 1258 
27 112 141 177 181 203 234 259 288 341 422 668 711 822 935 
21 357 382 513 571 690 730 1071 1089 
63 230 389 534 578 736 804 956 1063 1247 
42 44 219 307 605 744 774 1115 
111 153 320 424 645 706 796 1006 1270 
57 68 152 262 265 271 287 312 326 334 361 718 739 766 851 1123 1207 1299 1360 1407 
76 116 321 342 438 475 538 797 1276 1305 1312 
825 960 1044 1155 1161 1201 1214 1319 
16 147 218 335 475 481 590 596 684 956 957 1032 1124 1350 1389 
22 166 215 305 400 419 426 491 727 859 1007 1108 1135 1175 1214 1251 1395 
30 36 194 385 532 742 789 829 846 891 911 935 1241 1338 1396 
51 235 262 412 567 634 695 810 949 1010 1261 1286 1300 1327 
197 268 406 432 471 554 619 644 800 859 869 974 1030 1102 1162 1165 
108 154 257 381 635 680 685 695 887 1057 1060 
167 289 313 489 671 856 1318 
290 446 587 759 761 913 1208 1351 
57 75 401 540 584 629 653 755 811 864 939 1036 1043 1193 1269 
35 314 365 601 791 839 915 966 1042 1140 1184 1380 1391 
136 297 400 406 588 759 1057 1102 1104 1109 1193 1294 1313 1339 
16 74 468 518 532 717 768 946 947 1114 1127 1199 1333 1389 
139 222 266 616 728 967 1266 
348 514 551 563 634 749 760 769 1212 
357 743 783 867 874 1031 1106 1178 1246 
55 306 352 504 568 766 784 831 916 918 975 1032 1057 1084 1381 
56 218 244 602 1015 1382 
76 172 176 180 244 328 471 574 769 808 811 816 896 940 1052 1053 1154 1411 
44 151 259 332 568 681 1052 1071 1216 1290 1353 
39 129 455 501 619 712 1000 1086 1122 1193 1344 
39 70 559 737 870 928 1032 1176 1194 1235 
109 212 233 534 564 702 920 1181 1309 
197 230 364 556 1204 1258 1305 1365 
12 345 360 460 530 588 632 637 841 908 1108 1120 1180 1242 1324 
174 184 679 827 877 1015 1044 1159 1352 1364 
331 379 407 576 754 1181 1186 
74 90 97 702 779 1099 
199 217 234 280 373 508 778 796 827 1155 1377 
172 251 511 561 616 628 669 685 779 925 973 979 986 1010 1093 1186 1358 
9 204 289 362 437 741 790 1022 1151 1179 1350 
21 119 163 220 259 514 613 676 818 835 891 964 1280 1304 1321 1325 
397 476 512 526 619 630 688 764 861 986 1143 1195 1282 1336 1397 
5 41 137 157 429 536 611 724 845 968 1025 1066 1105 1213 
9 13 258 279 328 464 592 648 773 812 1071 1295 
