1406 7799
107 119 125 162 277 484 697 840 1170 
41 173 287 333 371 657 700 752 992 1206 1306 1368 
34 100 137 269 336 416 445 489 769 823 908 981 1213 1258 1292 1398 
46 130 249 336 349 840 841 961 1261 
69 213 217 458 856 885 970 1402 
170 199 261 426 533 615 654 770 810 929 1038 1092 
23 145 168 424 555 698 1033 1081 1199 1274 1279 
116 493 579 670 790 808 827 840 1219 1222 
309 1128 1234 1397 
97 183 276 320 466 650 651 1042 1305 
81 106 167 327 859 877 1129 1208 1395 
357 508 514 624 879 
34 50 138 406 416 439 462 833 1069 1147 1159 1386 
56 300 380 520 562 564 668 855 941 943 1193 1252 1390 
126 310 336 385 398 718 1092 1204 1233 1316 1320 
180 727 808 831 897 994 1058 1075 1100 1397 
45 127 182 484 827 832 892 1067 1142 1154 1157 
121 167 239 456 522 557 565 838 1246 
284 325 480 562 611 699 764 774 799 944 960 976 1140 1289 
123 127 209 266 459 495 935 
71 90 684 750 877 1098 1356 1361 1387 
236 441 524 586 604 739 1036 1130 1158 1198 1232 1306 1311 1372 1397 
7 166 238 269 331 407 632 676 702 749 876 1067 1118 1167 1307 
64 511 544 551 582 656 933 983 1000 1158 1212 
246 308 515 571 858 969 1122 1124 1163 1206 1295 1355 1381 
60 164 200 247 377 467 533 620 727 851 932 1000 1064 1121 1375 
66 87 179 199 262 338 339 463 
466 546 622 967 1104 1157 1238 1381 1393 
50 142 244 245 344 382 543 568 607 861 908 1386 
231 338 749 796 960 1269 
312 475 573 591 687 720 824 1081 1152 1198 
95 106 304 338 415 498 574 578 752 1142 1166 
100 257 654 710 813 888 1024 1057 1190 1221 1350 
3 13 177 237 344 487 552 703 902 957 994 1027 1183 1383 
147 191 239 257 270 482 865 923 1076 1104 1128 1151 1325 
69 332 373 402 412 427 1061 1093 
167 611 929 947 976 
118 181 325 350 412 586 607 653 660 907 1223 1343 1366 
198 477 618 800 937 1075 1124 1174 
61 93 305 340 358 375 465 540 682 773 982 997 1091 1205 1215 1242 1309 
2 166 177 232 451 460 639 960 994 1106 1225 1227 1307 
187 242 315 375 396 409 544 554 562 598 632 644 662 747 758 858 886 1073 1347 1384 
104 197 395 499 936 950 1109 1323 1346 
133 170 1357 
17 114 209 252 345 871 899 1043 1048 1080 1094 1110 1257 
4 148 160 203 231 566 816 852 906 925 1049 1091 1191 1232 1323 1364 
84 147 207 259 534 541 700 718 949 1018 1244 1318 
190 284 435 727 793 821 886 926 1302 1380 
60 211 615 928 960 1060 1214 1218 1378 
13 29 284 301 325 466 480 536 618 722 739 949 1016 
171 323 357 376 537 555 601 729 855 1292 1318 1320 1404 
78 184 373 445 542 848 959 1025 1160 1285 1310 
68 285 644 776 818 851 944 1061 1186 1299 
134 282 947 1224 1309 
64 188 342 485 495 508 638 726 771 906 953 1130 1262 1266 1304 
14 261 818 904 1297 
216 251 377 438 1097 1163 1376 1405 
150 476 580 589 747 893 1026 1151 1314 
156 234 561 764 1095 
26 49 137 196 232 574 933 1017 
40 122 381 536 585 615 649 759 904 939 977 1204 
503 759 958 967 1114 1361 
321 553 563 895 896 1193 1316 1345 
24 55 163 187 453 475 623 660 853 885 928 1260 
97 98 118 138 172 251 645 790 861 1086 1091 1294 
27 128 327 377 651 676 841 852 929 1166 1201 1209 1282 1348 
131 834 913 937 943 958 
53 245 277 419 421 571 667 872 1060 1284 1351 
5 36 172 268 299 570 730 885 920 1100 
98 118 209 314 400 488 627 803 866 915 1083 1153 1156 1259 1364 
21 88 93 290 468 534 679 728 930 1388 
299 368 430 503 570 613 643 763 927 
242 559 743 971 1003 1007 1024 1067 
86 87 234 406 693 985 1190 1388 
173 240 277 482 663 719 804 1143 1148 1367 
92 229 314 414 669 766 786 971 1084 1224 
79 85 95 479 629 834 1224 1269 
52 229 276 360 480 666 974 1122 
77 134 452 538 630 729 750 784 881 1037 1076 1159 1235 1317 
89 134 321 340 351 449 819 874 1263 
11 103 107 143 363 636 726 771 848 1266 
107 239 253 533 543 800 913 1283 1293 
194 342 516 541 612 651 839 856 973 1039 1075 1141 
47 179 338 516 610 938 992 1348 
77 296 406 597 672 812 841 880 1269 1336 
74 179 325 430 452 734 980 1015 1089 
27 74 274 314 503 508 695 783 806 813 890 1069 1113 1299 1341 
71 132 613 636 845 955 1348 
80 128 275 364 531 964 1068 
21 563 983 1078 1187 1246 1277 1334 1355 
577 621 682 769 1133 1161 1170 1187 1231 1314 1383 1399 
76 162 179 230 309 526 561 747 833 959 991 1294 
40 71 109 240 355 416 441 479 877 889 903 929 976 985 1303 1323 1354 1384 
102 345 399 408 483 537 654 667 914 1012 1190 1298 1372 1398 
32 77 133 185 282 769 929 1061 1394 1406 
157 289 389 483 919 975 987 1091 1212 
10 65 282 285 644 788 870 888 1051 1112 1124 1152 1195 1370 
65 70 101 149 206 335 371 372 400 741 842 1130 1207 1244 1300 1320 1385 1404 
100 242 255 425 654 740 828 885 1083 
3 33 99 159 214 623 643 685 809 851 1054 1098 1244 1294 
98 228 467 490 571 769 945 1107 1274 
94 214 219 250 409 476 706 920 1026 1093 1172 1179 1270 
81 279 422 591 989 1006 1327 
43 303 897 920 1016 1248 1321 1398 1400 
152 990 
11 32 120 811 846 889 908 
1 81 82 284 304 315 498 534 621 962 972 1018 1073 1174 
152 186 349 467 530 632 691 699 796 797 816 836 852 862 1150 1167 
93 122 264 295 307 381 439 689 734 781 791 995 1144 1353 
123 702 843 1060 1096 1111 1125 1257 
138 143 319 423 456 457 769 799 977 1060 1168 1225 1376 
178 259 299 619 702 703 865 1119 1282 
135 198 201 519 580 583 605 647 962 1035 1102 1145 1154 1193 1253 
45 314 340 432 495 496 564 580 611 761 775 958 1065 1177 
232 234 246 262 375 506 535 661 692 705 733 799 905 1005 1080 1192 1255 1293 1362 1398 1405 
8 217 298 516 655 832 870 988 1100 1309 
501 510 606 724 924 972 1065 1125 1151 1176 1337 1406 
38 65 70 134 166 304 472 532 733 774 921 1139 1380 
1 434 506 579 589 690 766 825 1000 1178 1212 1238 1404 
106 153 225 247 302 320 617 759 1002 1193 1201 1227 1280 1360 1361 
18 219 296 738 880 921 1013 1016 1237 1348 
61 109 271 276 318 448 493 689 705 734 890 1294 
20 110 335 337 433 480 761 1143 1242 1246 1287 1321 
228 467 531 1055 1135 1223 1363 1376 
1 145 373 529 542 811 889 1069 1102 1138 1210 
15 290 380 422 714 984 1006 1058 1272 1404 
17 20 164 203 740 748 845 889 914 933 935 1066 1125 1136 1185 1268 1277 
66 89 231 249 253 327 587 720 745 753 1083 1239 1313 1387 1388 
293 528 773 1076 
4 336 418 566 799 832 1063 1070 1076 1081 1215 
67 342 524 547 738 782 878 890 1129 1234 1330 1349 
88 141 199 289 378 390 408 801 803 1039 1130 1152 1254 
44 95 167 246 339 616 639 682 891 1043 1245 
54 79 80 118 231 388 423 424 452 706 714 895 932 1067 1178 1220 
113 335 484 640 986 
143 163 225 286 400 582 669 1285 1323 1371 
3 60 170 173 349 419 499 579 663 677 714 759 857 872 900 1201 1259 1261 1293 1310 1394 
13 65 111 249 699 899 1241 1274 1281 1344 1354 1397 
151 230 282 495 731 934 1120 1153 1334 1341 
171 231 358 436 531 644 688 887 892 997 1341 
132 173 349 461 900 939 995 1101 1243 1327 1355 1385 
29 502 635 646 648 830 1289 
81 111 136 288 348 677 773 778 928 959 1119 
325 348 386 565 582 601 627 769 919 985 1004 
7 125 302 413 451 506 749 1238 
233 257 402 471 556 580 722 803 1058 1334 
35 47 238 341 359 442 452 486 494 528 746 823 838 1052 1055 1154 
46 341 428 634 842 1136 1285 1289 1299 
98 174 177 186 366 519 521 533 666 788 914 937 949 1296 1376 
58 153 329 359 490 755 809 973 984 1039 1075 1203 
139 270 277 316 369 405 515 663 734 979 1002 1192 1390 
105 108 430 470 505 750 
120 150 444 460 595 799 915 972 1269 1398 
205 266 316 993 1274 1342 1363 
217 291 448 459 461 647 680 820 1010 1083 
59 360 425 772 791 955 964 1208 1321 1326 
96 242 271 318 336 522 584 606 614 783 883 1118 1161 1169 1216 1395 
361 565 599 643 742 791 870 986 1201 1368 1381 
100 185 399 546 965 1004 1114 1239 1389 
46 162 352 577 585 703 805 806 953 963 1186 1225 
206 364 442 466 531 678 765 961 1195 1273 1369 
1 92 160 445 460 497 632 692 847 901 952 1371 
64 136 218 223 254 260 297 399 568 910 1253 
26 127 257 329 339 392 394 456 497 583 695 769 1098 1149 1256 
166 214 358 412 501 585 590 1128 1269 1364 
23 41 118 165 576 722 748 768 841 922 926 1006 1085 1352 
11 18 37 133 319 547 766 870 1014 1091 1154 
7 332 449 570 875 931 942 1138 1297 
412 643 779 884 1163 1381 
6 44 137 213 267 384 627 644 710 722 936 1050 1181 1256 1290 1335 1353 
51 140 174 244 257 480 740 779 875 1081 1118 1121 1171 
65 69 178 221 228 490 547 562 598 684 771 795 917 1031 1220 1236 1297 1300 
2 75 137 141 282 461 477 587 656 1079 1103 1190 
149 171 320 462 469 516 615 637 640 702 846 1082 1262 1334 
209 480 617 671 803 807 823 1075 1184 1245 1289 1319 
203 233 374 443 519 705 722 732 802 806 1064 1137 1259 1379 
34 41 149 180 288 295 301 392 545 698 796 820 836 1109 1161 
112 172 252 388 408 532 536 567 579 669 1255 1404 
27 84 86 92 234 445 484 696 857 866 1097 1102 1212 1237 1274 
16 177 204 225 228 269 303 427 541 956 1117 1140 1244 1387 
38 190 204 311 370 438 604 616 643 742 755 1251 1343 1375 
17 273 283 397 426 464 540 611 615 800 1005 1024 1286 1394 
10 219 268 562 675 871 1149 
52 261 387 502 834 1050 1342 1374 1396 
95 159 355 415 538 1115 1230 1290 1397 
108 149 413 628 727 888 1117 
42 64 298 428 733 753 836 962 963 1048 
55 393 456 596 829 1155 1171 1189 1213 1310 1368 
451 452 456 495 613 689 918 1348 1358 
48 181 217 324 333 671 746 867 932 966 1252 1272 1280 1351 
35 203 368 373 482 534 764 883 947 1048 1129 1383 
202 859 959 1045 1078 1092 1106 1158 1202 1333 
421 455 494 518 822 834 938 1135 1182 1278 1353 
83 244 449 696 802 823 833 892 982 1016 1154 1237 1238 
227 344 717 747 765 794 855 926 1042 1101 1274 
60 236 299 320 462 586 992 1144 1185 1190 1342 1353 1363 
43 275 294 555 630 1102 1248 1333 
39 113 250 284 307 395 396 454 461 465 682 743 887 1132 1148 1233 1289 1345 
6 27 132 211 231 276 291 535 635 746 787 820 959 998 1144 1195 1243 
26 223 465 511 563 640 654 710 
113 323 356 520 912 1037 
192 278 299 480 587 660 807 865 906 939 947 1106 1216 1230 1252 
46 127 176 191 243 546 578 620 828 872 903 908 911 949 1133 
180 181 248 268 679 810 844 881 1042 1054 1345 1398 
154 256 340 381 600 642 880 938 968 1187 1213 
98 161 369 544 557 895 981 1110 1176 1225 1306 1405 
47 284 311 403 418 420 517 532 533 714 741 748 1004 1011 1135 1200 1333 1390 
423 478 696 891 897 1056 1285 
20 45 70 175 227 349 498 578 607 742 816 983 1096 1200 1332 
342 639 766 866 926 1036 
49 199 255 675 891 996 1024 1149 1164 1187 1229 1331 1358 
347 444 741 792 1001 1014 1070 1373 
5 170 410 528 529 568 650 992 1017 1142 1181 1191 1227 1255 1259 1273 1285 1291 1311 
100 102 165 299 332 589 789 807 947 1165 1281 1394 
226 329 920 948 1031 1135 1205 1317 1357 
57 238 638 695 713 718 888 966 984 1004 1093 1099 1206 1375 
5 116 155 190 256 269 332 467 550 621 739 974 1000 1001 1035 1264 1280 
163 360 362 403 475 629 632 833 840 867 882 885 910 954 1220 
102 121 183 229 357 411 449 646 720 748 952 964 981 1034 1064 1079 1168 
386 495 573 591 696 723 812 815 836 862 1132 1196 1218 1226 
172 259 293 502 553 811 856 931 939 962 966 979 1057 1118 1190 1265 
223 401 710 1002 1016 
163 200 222 254 300 474 509 524 618 896 901 957 1224 
245 446 458 493 576 591 738 822 853 1060 1230 1249 1374 
120 136 180 271 573 579 668 797 903 1053 1102 1272 1310 
215 339 392 450 550 937 1128 1210 1243 1304 1366 
195 209 235 350 389 464 533 604 637 728 731 821 924 1025 1088 1128 1139 1351 1379 
101 124 172 180 311 355 643 645 717 1068 1076 1137 1189 1269 
76 78 219 302 461 593 821 1102 1357 
92 139 370 401 453 781 1101 1307 1378 
30 46 128 134 140 199 244 339 414 503 528 951 1013 1188 1288 1361 
41 60 115 441 599 701 1074 1284 
146 176 235 534 576 590 628 650 697 732 754 934 1012 1118 1309 1335 
59 74 115 179 378 540 642 680 723 901 1112 1127 1194 1320 
227 233 237 359 374 439 575 699 715 739 847 889 1050 1383 
22 196 356 411 699 977 1252 1292 1330 1346 1374 
34 235 298 1052 1067 
23 147 216 262 459 481 511 581 678 690 696 861 963 983 1277 
18 35 82 335 478 557 924 1049 1073 1079 1087 1166 
75 93 745 922 995 998 1110 1114 1296 
457 510 696 762 965 982 1003 1020 1243 1248 1255 
42 73 99 157 489 512 541 846 994 1079 
203 338 488 627 691 695 879 1008 1055 1069 1400 
29 171 194 231 596 793 874 1100 1295 1298 
29 68 224 315 459 477 486 628 662 663 990 1013 1123 1314 
25 115 133 535 737 964 1271 1282 1329 
26 120 310 317 390 541 612 733 758 900 1238 1371 
204 270 289 564 784 861 974 1164 1236 1303 
4 128 138 460 667 791 1083 1197 
102 198 267 445 606 639 709 750 983 1042 1080 1318 
57 65 288 377 558 570 798 811 849 886 1100 1108 1228 
45 178 280 292 374 563 654 844 978 1041 1370 1371 
82 128 269 457 645 816 959 1030 1268 1329 1372 
163 223 367 418 427 892 1062 1166 1231 1300 
99 211 533 562 637 647 686 735 835 990 1059 1106 1170 1213 1322 1350 1363 
205 217 353 619 754 781 
33 35 146 164 171 387 565 589 638 735 806 838 1002 1012 1243 1278 1303 1368 1386 
504 644 716 740 891 901 1055 1063 1135 1358 
47 112 221 634 774 910 986 1104 1150 1305 1322 1404 
163 264 400 486 550 558 716 748 896 1048 1100 1235 1248 1290 
6 56 184 467 780 959 974 1174 1318 
27 115 238 266 299 366 697 796 831 1161 1218 1262 
349 716 863 868 917 947 983 1279 1396 
109 260 504 732 752 819 943 1194 1234 1325 
285 418 462 558 754 819 
20 154 262 603 801 906 1042 1119 1166 1400 
170 250 290 298 352 496 517 607 625 897 1014 1025 1050 1290 
69 183 204 305 571 634 678 976 1036 1103 1109 1187 1296 
3 23 180 217 253 270 611 651 760 862 874 1134 1251 1293 
35 151 248 269 452 473 515 602 738 809 1045 1278 
122 157 225 797 1043 1053 1190 1250 
420 511 584 781 858 1063 1182 1231 1316 1373 
182 274 276 301 326 487 1228 
87 273 405 539 832 861 960 1150 1216 1237 1337 
89 197 280 285 622 856 869 1220 1241 1288 
10 78 122 199 273 364 525 603 674 695 709 731 788 928 943 1143 1219 1339 1349 
1 68 75 151 298 689 715 
202 305 368 420 576 1203 1337 1346 1363 
103 338 415 566 941 1049 1071 1137 1266 1318 1338 1361 
252 275 281 498 583 717 729 1155 1309 1314 
280 806 1106 1202 1355 
54 95 97 139 173 364 450 462 548 689 970 1224 1240 1252 1276 
182 345 677 712 726 847 928 951 1215 1285 
19 48 50 107 198 207 354 461 502 514 535 676 707 744 887 1009 1025 1120 1182 
53 97 265 275 448 651 940 947 1083 
136 531 616 649 678 847 1219 1392 
2 406 461 552 647 822 830 1030 1132 1137 1182 1327 
143 177 251 333 384 425 427 609 783 859 
96 132 248 506 533 643 691 766 880 1194 1262 1364 
71 126 267 360 446 493 561 720 1085 1114 1187 1249 
155 199 307 316 329 351 507 676 685 968 1000 1114 1130 1321 
252 465 467 483 505 519 664 675 782 791 898 948 966 1020 1071 1311 
129 221 306 365 382 424 441 542 619 662 759 765 960 1026 1216 1288 1324 
197 482 504 606 739 826 839 889 913 1089 1174 1264 1285 
109 177 332 463 655 703 724 759 880 967 1242 1293 
85 121 353 578 688 697 706 717 915 948 1043 1241 1246 1261 1373 
163 325 345 358 366 374 666 721 867 1142 1186 1308 
116 187 237 267 277 397 467 469 486 624 1184 1366 1370 
69 72 112 196 202 214 262 484 654 1013 1122 1165 
14 223 345 355 389 429 705 804 926 988 
50 177 273 568 603 635 672 823 1158 1382 1400 
120 145 229 369 1020 1354 
104 180 558 596 612 808 982 1078 1331 
32 107 118 411 647 689 690 707 756 776 844 888 1065 1190 1273 
40 268 278 318 377 655 919 955 989 1020 1105 1335 1348 1380 1401 
293 908 1121 1305 1321 
109 198 291 327 409 599 973 1026 1088 1091 1138 1296 
25 388 461 571 754 896 1045 1349 1367 
9 92 635 638 759 1290 1406 
15 247 333 488 490 491 663 715 839 1002 1006 1256 1346 1373 
181 207 228 429 466 491 723 927 987 1204 1228 1317 1385 
31 381 384 388 445 624 738 786 887 928 960 1089 1095 1230 1267 1329 
404 463 526 591 639 679 793 806 867 1342 1360 
70 76 87 114 315 432 725 755 893 938 1007 1065 1110 1132 
42 107 245 314 746 1030 1190 1219 1263 
151 154 291 332 344 355 532 678 755 875 926 1077 1114 1215 1230 
247 327 339 518 593 628 894 961 1026 1405 
122 157 305 423 498 527 536 599 908 958 1028 1094 1163 1239 1272 
111 167 443 450 470 740 938 954 1116 1244 1263 1397 
10 120 174 196 385 620 642 698 726 817 851 1043 1059 1212 1261 
63 80 327 329 344 355 454 501 528 775 887 962 1279 
638 640 894 973 981 1021 1032 1248 
51 201 342 393 579 626 858 954 1054 1092 1157 
190 400 632 744 774 868 1034 1255 1353 
19 38 50 86 144 297 404 472 577 656 1131 1320 1405 
273 369 420 537 639 647 1006 1154 
11 66 128 307 317 321 381 790 913 933 1151 1202 1305 
637 793 1012 1182 1183 1330 
150 164 215 291 321 492 517 637 823 863 895 942 1340 
343 543 619 676 736 951 1014 1070 1087 1226 1266 1369 
23 386 604 628 656 671 710 742 809 849 869 890 1075 1094 1115 
36 168 214 217 295 316 350 519 589 613 832 919 1120 1176 1289 
2 190 288 310 340 437 1011 1047 1086 1129 
410 576 737 931 958 1004 1028 1339 
98 123 135 239 353 388 511 780 875 895 927 1383 1388 
3 4 15 130 157 402 439 538 756 805 859 872 882 896 941 
123 491 877 986 1186 1297 1313 
27 30 32 84 243 279 545 629 786 991 1118 1283 1332 
27 133 164 226 231 317 453 585 714 724 885 937 1162 1342 
40 80 114 205 333 455 582 708 905 1020 1024 1103 1113 1392 
147 148 534 940 1221 
55 83 131 210 323 534 574 711 726 999 1016 1040 1289 1292 1341 
330 754 819 1188 1194 1378 
29 34 195 316 321 370 435 517 628 657 752 754 758 937 1026 1036 1126 1396 
45 94 283 297 300 495 757 821 1143 1147 
364 369 371 451 491 578 678 725 731 799 858 895 958 1114 1137 1138 1348 
212 494 681 775 800 1084 1286 
143 144 524 716 737 841 957 962 1072 1147 1239 
4 108 137 141 209 263 482 572 636 798 821 840 883 1013 1352 
38 227 332 364 411 528 562 759 786 1176 1399 
80 291 518 578 610 687 688 988 1159 1183 1337 
160 267 500 551 720 768 816 900 903 1195 
256 296 335 527 604 637 715 747 776 822 844 922 1166 1199 1260 
284 430 517 586 842 942 1135 
93 185 228 300 316 321 642 687 706 873 1015 1057 1106 1199 1278 1287 1310 
201 236 801 1057 1084 
12 51 219 675 683 741 799 1050 1146 1174 1176 1214 1252 
40 140 165 297 1040 1090 1261 
147 150 235 418 433 460 781 1320 
78 156 218 290 450 472 576 619 642 646 669 958 1326 1353 
158 468 524 774 787 893 1052 1120 1149 1251 1272 1322 
218 519 670 682 815 831 852 897 1091 1315 1321 1386 
81 469 648 680 896 1119 1155 1221 
89 161 276 282 346 350 566 820 942 987 1112 1167 1296 
293 472 515 539 762 1113 1299 
149 262 297 429 678 770 1030 1057 1152 
254 421 810 872 1374 1388 
72 191 278 560 724 1013 1396 
151 206 302 326 346 406 415 461 749 979 989 1074 1282 1286 1386 
181 230 344 610 796 842 880 947 996 1061 1259 
2 98 346 631 855 939 967 1220 
98 493 535 759 902 905 1056 1273 1317 
36 52 125 191 412 413 415 521 685 701 759 800 998 1008 1116 1213 1279 1310 1348 
176 235 252 297 514 587 666 695 810 907 1275 
40 42 115 384 445 668 735 861 935 971 1360 
51 477 532 601 799 887 1202 1253 1273 1345 
26 57 66 251 305 637 856 964 978 1239 1384 
132 234 397 420 510 638 668 673 979 1129 1354 
425 441 596 640 766 
14 126 404 436 468 535 711 770 797 915 1037 1072 1171 1183 1258 
61 109 205 312 327 530 553 720 801 1026 1097 1278 
29 293 421 495 557 589 882 1006 1008 1255 
517 618 704 810 872 891 917 1395 
170 288 312 375 708 741 798 1113 1149 1159 1252 
15 320 481 532 574 705 761 772 1046 1351 1377 
144 220 331 678 872 893 993 1119 
184 257 412 500 784 952 969 1153 1310 
134 178 308 312 335 651 832 840 1104 1110 1130 1220 1236 1340 1386 
96 227 300 416 435 476 661 942 1024 
132 247 430 543 586 640 952 990 1087 1174 1393 1401 
460 509 851 1143 1206 1357 
164 177 226 626 757 827 831 988 
188 323 730 811 850 1019 1208 
164 399 914 974 1019 1039 1160 1174 1287 
43 198 639 752 964 996 1014 1106 1256 1326 
42 198 559 567 701 911 1224 1386 
182 298 378 454 546 621 696 701 814 918 1081 1285 1363 
15 572 716 785 843 860 901 1004 1214 1291 1301 1309 
94 159 163 394 422 477 638 744 1049 1175 1228 1270 
70 98 136 260 324 702 834 837 923 1016 1097 1112 
222 230 429 464 725 797 855 929 1029 1172 1242 
36 146 336 665 698 949 1069 1149 1300 1328 1354 
207 218 479 576 704 856 891 1019 1045 1049 1065 1170 1214 
313 325 380 420 446 456 460 506 540 604 731 1211 1226 1284 
151 274 482 561 807 888 1107 1185 
13 74 85 287 369 504 528 698 708 746 805 844 853 900 974 1066 1096 
23 468 479 537 613 621 970 994 1210 1234 1294 
94 132 178 432 622 653 886 948 1076 1292 1353 
42 102 307 539 632 744 760 899 1044 1053 1297 1336 1395 1404 
213 334 677 1358 1371 
219 236 304 350 537 679 680 817 1060 1191 1197 1204 1228 1285 
36 38 165 169 373 387 462 468 817 1297 1303 
145 186 373 559 596 803 805 819 876 1028 1305 
76 231 1230 1289 1345 1359 1366 
32 185 279 369 373 582 674 689 711 723 834 1048 1259 
3 13 93 389 487 542 767 800 893 899 940 1005 1073 1074 1093 1143 1164 1320 
622 674 719 1406 
130 207 254 265 359 431 539 1126 
68 137 497 679 704 798 865 976 981 1035 1092 1136 1321 
207 272 278 326 378 404 461 492 628 640 728 1071 1154 1292 
68 193 367 382 711 926 1255 1370 
103 126 399 532 573 597 665 757 764 999 1034 1139 1320 1353 
111 134 208 318 540 643 732 740 856 1206 
7 134 293 846 987 1008 1069 1085 1102 1142 1220 
99 156 288 379 500 544 746 1016 1226 1258 1357 
6 182 750 825 980 983 1098 1130 1158 1227 1331 
36 180 254 288 1083 1210 1242 
148 187 447 579 870 1043 1142 1167 1207 1314 
300 311 366 401 572 724 784 1082 1269 1388 
72 86 152 354 390 623 625 717 728 786 1085 1389 
418 456 507 654 848 1079 
114 314 408 505 564 574 1011 1032 1384 
123 359 617 704 792 966 1040 1128 1262 
119 544 1028 1083 1126 1271 
48 344 389 489 557 646 682 1016 1153 1305 1316 1341 
140 380 483 486 598 754 825 880 889 900 1166 
333 465 583 589 628 876 963 976 1209 1317 
57 181 644 675 759 793 838 1020 
13 109 235 336 482 563 768 1066 1158 1167 1200 1284 
710 756 797 802 887 
22 93 232 293 379 497 626 770 1157 1233 1288 1306 1335 
147 161 454 551 581 613 764 788 948 1197 1358 
176 319 462 474 510 675 697 812 1339 
153 212 646 673 882 1015 1054 1222 
3 52 162 179 250 312 375 679 831 901 991 1037 1286 1344 
224 290 404 487 727 751 759 795 1024 1076 1132 1239 1383 
428 581 589 598 851 967 1064 1176 1226 1328 
122 155 285 983 1146 1329 1362 
80 168 194 219 461 522 547 592 875 937 978 1192 1212 1406 
226 282 319 360 480 560 684 801 973 1018 1032 1127 1218 1362 
41 145 189 346 490 562 634 643 702 714 770 799 961 1083 1211 1305 
79 86 134 147 189 270 624 639 994 1176 1233 1317 1318 1396 
64 230 339 794 804 895 959 978 1114 1259 1380 
198 321 397 442 951 1074 1091 1337 
193 340 548 725 1072 1193 1254 1373 
18 111 164 188 189 404 431 492 669 718 744 921 973 1119 
111 241 253 644 674 879 945 975 1077 1084 1086 1105 1152 1161 1168 1340 
5 224 500 704 835 894 1034 1192 1398 1400 
20 155 238 245 772 1314 
41 153 162 249 359 391 404 731 1057 1325 1344 1365 1375 
141 155 173 198 229 284 287 308 369 420 449 494 500 642 787 799 822 872 895 1033 1045 1146 1301 
13 174 196 265 282 412 443 859 1017 1060 1191 1194 1303 
27 295 313 791 918 1056 1209 1313 
182 227 401 702 717 828 998 1068 1351 
40 198 200 292 437 997 1014 1108 1335 
10 28 50 161 311 523 571 708 830 1063 1092 1217 1379 1384 
26 101 108 124 217 261 292 298 525 702 949 976 1181 1315 
71 361 380 407 412 481 667 866 1180 1296 
174 298 363 588 623 682 722 1026 1073 1092 1121 
152 319 552 558 972 1040 1223 1375 1387 
146 474 507 513 686 795 848 902 1017 1159 1338 
118 325 360 365 960 1059 1096 1139 1247 1333 1346 
270 625 683 711 802 825 935 985 1080 1138 1207 1330 1368 
223 443 471 555 683 788 1119 1170 1322 1323 1342 
31 64 218 841 1015 1250 
58 102 389 597 1011 1117 1134 1272 
39 173 245 376 399 761 1069 1110 1150 1272 1295 
208 239 597 693 866 1060 1140 1223 
77 93 403 407 665 813 834 986 1064 
19 50 78 123 171 175 202 450 671 735 882 1177 
238 385 468 526 828 851 955 1098 1266 
35 75 191 294 349 405 439 511 636 747 782 784 996 1095 1168 
94 96 292 436 489 534 579 636 804 830 964 1123 
1 17 135 179 299 610 612 648 685 774 862 1079 1225 1256 1287 1366 
55 545 647 721 1173 1216 1321 
147 245 260 298 436 511 561 601 703 774 862 1283 1302 
34 273 416 446 500 535 560 576 636 756 927 964 1275 1399 
70 243 310 522 792 864 1083 1206 1207 1271 1398 
3 242 435 483 1146 1289 
101 150 172 310 451 627 709 730 864 877 997 1172 1328 
310 311 337 346 527 656 919 1066 1094 1302 
329 420 456 551 595 803 879 881 1003 1157 1307 1376 1382 
8 122 224 290 372 834 985 1037 1053 
147 193 347 461 612 683 946 1181 1209 1297 
20 55 114 139 189 220 345 382 639 651 959 1099 1146 1292 1390 
114 267 502 507 523 734 869 1127 1203 1276 
162 164 419 441 702 786 841 909 954 1170 1270 1287 1330 
32 107 209 280 318 541 610 787 845 907 1032 1222 1350 1355 
43 137 526 710 819 866 1067 1076 1203 1347 
352 387 425 458 461 487 814 822 891 1155 1367 1400 
117 165 321 892 938 1225 1348 
142 184 221 284 496 563 646 844 1205 1219 1338 
62 72 87 231 827 855 878 931 944 1095 1258 1352 1382 
258 264 294 406 561 743 1058 1276 1361 
152 292 432 749 1028 1038 1041 1059 1110 1242 1307 
115 119 145 289 404 684 702 1043 1247 1312 1326 1349 
291 431 471 496 630 790 954 959 1100 1389 
12 55 87 771 918 927 981 1040 1257 1293 
223 391 966 1221 
117 241 378 443 796 800 841 966 1146 1175 1244 1245 1374 1395 
24 200 238 272 335 482 486 532 725 726 737 1049 1070 1164 1192 1371 
242 620 660 702 779 829 939 1109 1248 
471 610 716 
12 284 374 717 977 1030 1054 1233 1292 1327 
25 151 270 365 550 1039 
83 84 116 174 566 589 605 851 961 962 1048 1226 
207 267 329 344 354 383 547 617 732 1020 1041 1132 1164 1262 1298 1326 1358 1377 
193 317 351 569 747 844 892 1014 1144 1334 1372 
113 149 176 292 332 362 525 605 749 888 1008 1262 
14 201 811 1090 1202 1342 1363 
149 373 679 921 939 1095 
18 157 449 488 528 651 703 705 917 1077 1080 1089 1315 
466 496 641 1054 1187 
22 131 223 348 361 611 617 650 1008 1189 1194 1219 1242 1244 1368 1374 1390 
276 467 519 1104 1228 1305 
92 313 481 499 810 837 840 924 1044 1079 1369 
318 353 491 657 820 1262 1360 1375 
129 147 213 231 321 350 406 522 641 932 995 1033 1055 1135 1185 1207 1263 1297 
125 213 622 775 836 1201 1297 1325 
108 381 810 847 1104 1335 
89 124 140 161 286 662 690 698 817 1103 1170 1256 1339 
118 178 207 316 376 385 422 511 776 846 913 1135 1241 1324 1368 
6 26 82 149 207 227 255 289 572 657 970 1035 1126 1395 
47 71 107 191 233 341 342 483 635 925 964 1216 1236 
115 199 246 284 372 380 487 1014 1077 1152 1198 1294 1378 
50 61 178 318 889 1217 1303 1353 
51 94 326 407 411 676 745 1050 1057 1255 
79 185 336 550 689 716 734 879 901 1068 1209 1226 1254 1303 1311 
274 365 409 418 788 824 974 1007 1048 1256 1320 1365 
40 182 234 404 423 658 953 1048 1136 1148 1398 
47 83 180 242 247 498 599 656 657 805 850 857 883 1074 1203 1349 1361 
52 125 293 416 561 643 780 820 845 1064 1239 1285 1371 
29 82 330 390 710 787 833 915 922 936 1127 1276 1362 
24 42 206 425 434 634 774 1222 1307 1347 
177 338 485 578 647 1049 1108 1116 1256 
28 159 203 397 577 661 929 1192 1254 1330 1375 
131 167 172 449 517 607 876 985 1195 1293 1401 
282 455 644 652 880 1142 1244 1283 1290 
714 764 878 926 960 999 1015 1334 1399 
217 226 260 515 538 659 678 1027 1252 
24 352 442 492 721 832 954 1021 1047 1064 1303 1366 
34 287 470 813 1071 1103 1180 1226 1249 1250 
63 221 381 859 1380 
42 751 1024 1099 1397 
7 51 197 474 667 1078 1181 1253 
146 744 828 929 1146 1379 1404 
18 206 239 382 435 671 726 767 818 882 1094 
251 260 265 303 470 739 785 920 1013 1046 1095 1161 1266 1345 
73 396 413 786 902 926 1123 1202 1242 
368 450 487 639 838 1320 1375 
59 92 290 405 486 504 542 628 705 1086 1319 
14 19 42 172 183 255 350 451 589 606 738 1001 1033 1221 
63 90 200 252 439 502 776 842 866 1061 1198 
14 114 248 432 687 772 781 802 838 1291 
18 144 158 257 604 806 849 1055 1119 1133 1140 
46 130 279 364 516 577 680 813 1246 1283 
178 396 627 672 707 813 1273 
29 163 213 301 624 690 783 795 971 981 1278 
518 574 592 850 1194 1227 1320 1336 1396 
69 72 168 251 707 932 994 1309 
25 68 101 268 308 466 597 880 1089 1108 1176 1188 1326 
349 398 429 533 696 901 994 1009 1326 
31 220 225 422 795 809 869 874 937 1025 1047 1202 1351 
32 60 342 385 432 569 604 815 1015 1120 1148 1182 1292 
235 599 781 908 1014 1147 1153 1192 1262 1404 
166 224 233 278 334 360 403 487 642 1017 1057 1073 1114 1141 1252 
91 160 325 546 566 903 949 1020 1146 1252 
32 203 209 296 346 351 545 579 653 976 1107 1214 1265 1389 
8 119 137 178 225 323 428 483 578 593 685 715 854 907 923 933 1025 1105 1274 1397 
58 113 114 146 655 693 785 820 891 908 995 1245 1280 1293 
238 442 447 729 731 1142 1210 
24 136 144 340 415 902 1058 1159 1300 
113 164 280 437 638 930 1134 1140 1158 1274 1351 1364 
157 272 587 755 768 1193 1379 
61 160 165 339 705 714 852 889 962 1132 1282 
22 38 196 354 390 640 1051 1260 
128 173 202 374 584 772 927 930 1068 1125 1171 1196 1246 1256 
469 835 961 1073 1129 
58 119 214 257 332 382 437 447 516 562 649 700 844 964 1094 1197 1306 1366 1385 
165 233 665 720 726 734 836 843 957 1111 1137 1281 1291 
31 103 220 224 313 840 1352 
449 569 869 879 995 1066 1113 1135 
229 317 579 680 724 1038 1064 1171 1244 1304 1311 
904 933 1021 1255 1328 1391 
153 492 957 1116 1275 1401 
188 244 303 379 413 644 860 1019 1286 
85 422 476 478 571 653 698 720 843 964 965 977 1025 1026 1152 
42 172 436 447 697 703 891 972 1213 1290 1349 
158 232 307 318 541 575 749 1245 1283 1340 1377 
205 1054 1182 
51 144 376 486 689 726 811 826 988 1120 1131 1262 
270 1138 1316 
266 276 301 666 760 894 906 956 1012 1125 1299 
22 181 227 331 353 404 565 574 651 675 708 873 1021 1087 1151 1186 1375 
113 516 519 656 723 793 811 829 1011 1149 1355 
117 157 250 294 562 896 1115 1118 1176 1186 1275 
29 38 209 267 547 831 854 1108 
614 786 1291 
288 757 829 1008 1087 1114 1240 1280 
84 351 370 484 498 513 683 774 869 885 1048 1117 1329 
19 37 114 182 269 524 900 1016 1252 1391 
83 247 303 484 494 722 735 790 808 846 885 946 972 1058 1096 1178 1295 1381 
72 88 189 332 407 442 675 702 723 1192 1235 
157 608 618 735 826 987 1025 1116 1273 
6 49 61 174 182 619 669 904 1104 1219 1335 
133 181 286 869 897 965 1104 
120 175 433 517 524 629 679 956 1089 1110 
39 50 223 383 614 627 733 804 946 1012 1114 1223 
112 256 293 330 360 615 633 642 747 897 1308 1342 
26 203 320 512 631 1116 1117 
91 107 217 397 407 1148 1156 1238 
28 275 408 417 529 990 1065 1079 1130 1369 1373 
64 100 430 469 819 1064 1168 1170 1311 
12 298 312 452 568 866 1239 1301 
267 430 473 669 832 933 1000 1087 1225 1269 1279 1297 
323 392 441 809 1042 1100 1267 
70 144 170 243 490 567 618 652 657 687 836 942 1070 1097 1373 
186 233 245 317 331 344 420 437 561 919 971 1029 1071 1181 1237 1253 1362 
77 218 338 617 704 871 1048 1154 1296 1382 
79 197 507 714 819 930 932 973 1190 1357 
371 620 700 744 833 954 961 974 988 1145 1279 1287 1403 
23 42 108 162 218 324 409 682 757 771 1092 1106 1343 1389 
619 1192 1198 1300 1385 
148 259 268 451 544 698 893 1253 1310 
142 199 301 309 534 772 912 963 1270 1322 1334 
81 88 349 482 483 487 
174 227 255 328 329 353 377 760 783 825 893 1100 1350 
55 216 257 309 322 378 399 583 729 797 900 953 1080 
41 133 210 250 313 326 395 452 495 560 759 793 820 1004 1121 1263 1371 
135 174 200 322 379 390 420 586 774 1210 1224 1339 
523 528 928 1121 1135 
205 234 320 355 360 461 576 619 1095 1097 1127 1197 1325 1343 1381 
72 100 158 169 181 228 289 423 451 542 688 706 942 1073 1274 
42 53 97 140 170 258 438 457 548 596 659 668 794 993 1060 1275 1301 1397 
65 228 253 691 717 728 947 960 1015 1145 1186 
142 219 360 435 444 502 712 713 717 796 799 858 871 990 1001 1186 1255 1355 
113 155 255 287 304 326 485 545 677 707 1246 
142 363 484 
61 286 589 726 727 740 873 1128 1138 1175 1176 1181 1222 1261 
10 213 233 524 798 904 1017 
10 66 83 269 285 388 495 522 604 888 894 923 1051 1216 
548 627 833 979 1068 1362 1369 
38 408 578 597 836 981 1347 1377 
6 33 94 99 200 252 299 431 804 806 888 896 977 1020 1162 1164 1289 
116 295 305 580 833 867 936 1016 1113 1134 1174 1196 1229 
24 173 325 331 491 541 605 767 839 860 924 978 1261 1404 
2 344 527 533 541 627 722 768 836 1017 1114 1127 1173 1355 
540 661 785 877 1160 1177 1283 
550 644 960 1137 1223 1226 1385 1394 
38 64 202 512 733 936 967 1114 1135 1148 1159 1183 1282 1320 
115 389 546 658 713 728 985 
42 245 293 531 670 938 1085 1175 1186 1190 1339 
75 137 151 245 310 703 1094 1282 
292 718 759 841 861 868 883 898 1333 
402 422 479 590 666 672 680 941 1029 
78 149 297 374 603 665 956 965 1025 1083 1207 
68 94 249 468 555 1170 1218 1236 1330 
14 225 375 378 644 705 791 950 993 1037 1045 1171 1310 
76 136 178 360 456 615 625 1362 1395 
8 362 662 719 840 970 1125 1321 1357 
175 190 331 480 557 906 953 1041 1071 1286 1375 
85 301 567 665 737 870 901 1272 
378 444 745 787 811 855 1164 1219 1378 
276 415 417 457 1199 1362 1406 
183 211 292 357 438 443 604 613 716 835 874 989 1317 1322 
23 66 284 291 330 537 692 796 834 949 1136 1140 1251 
137 143 283 410 647 761 771 1093 1097 1137 1343 1366 
161 238 268 286 316 346 366 386 550 747 873 1008 1196 1403 
71 204 313 411 419 445 521 617 717 781 867 879 887 933 985 1053 1093 1386 
155 234 363 411 566 593 665 713 756 945 1004 1033 1047 1100 
347 684 697 724 819 1060 1260 
40 91 133 198 362 435 469 632 1028 1132 1136 1352 
357 473 474 494 610 955 968 1006 1044 1109 1140 
21 172 450 506 681 799 1012 1209 1352 1390 
100 291 373 484 579 736 878 1104 1266 1368 
255 471 1097 
31 351 355 564 627 941 1257 1329 
140 296 351 643 743 780 914 956 1061 1154 1394 
109 122 189 277 282 304 415 538 601 734 896 909 932 942 951 1185 1195 
119 238 304 531 568 700 940 1024 1207 1211 1282 1294 1354 1359 1382 
108 243 289 645 743 764 862 897 1119 
115 162 676 762 775 1115 
74 478 580 723 754 855 1075 1083 1268 1294 
832 905 920 1157 1317 
87 164 216 243 276 374 711 846 907 1179 1225 1274 
179 194 208 220 238 241 397 572 871 1076 1162 1271 1351 
1 233 262 296 443 598 681 721 758 882 922 1048 1099 1114 1180 1318 
7 177 320 402 406 531 597 634 739 776 1222 
19 108 138 235 236 880 957 979 1200 1333 
2 47 589 631 690 904 1011 1019 1052 1072 1081 1103 1402 
232 373 396 397 725 781 883 1151 1304 1395 
23 110 112 174 400 451 464 467 497 506 512 613 750 814 897 934 1037 1043 1221 1396 
34 112 160 295 486 522 598 663 726 787 819 966 993 1029 1314 1345 1388 1402 
383 403 419 433 458 629 752 788 823 839 939 954 1014 1063 1120 1367 
115 122 176 300 385 522 561 585 668 737 795 1056 1296 1392 
102 134 296 355 643 815 869 975 1024 1087 1321 
284 304 567 570 647 1077 1318 
340 384 406 466 604 821 840 1065 1147 1393 
250 276 490 714 739 819 1036 1054 1105 1168 
33 170 200 222 331 440 499 543 830 879 996 1154 1267 
342 380 415 421 473 695 803 824 900 1093 1147 1326 1348 1392 
283 646 1137 1243 
216 646 661 680 800 1077 1209 
126 134 137 207 339 451 549 585 630 709 757 826 835 847 1160 1236 1344 1382 
235 277 310 353 579 817 877 1039 1051 1103 1335 1378 
258 260 263 348 398 513 538 675 719 905 1017 1263 
195 228 280 296 430 464 514 645 646 679 875 1269 
15 47 216 456 664 735 776 832 901 974 1057 1193 1213 1221 1242 1396 
75 417 670 716 760 763 774 971 1069 1193 1357 
31 128 219 290 352 381 590 597 748 815 1023 1326 
297 485 551 697 784 827 1060 
50 146 166 170 176 469 612 657 747 858 985 1165 1399 
220 234 311 415 605 613 693 745 1188 1318 1330 
117 295 339 368 429 593 681 857 973 1120 1192 1247 1248 1329 1343 
314 346 401 455 511 701 730 826 1197 1216 1337 1339 1389 1402 
55 81 283 320 342 511 557 590 601 649 703 831 883 1048 1081 1280 
16 26 48 186 446 649 777 880 1110 1111 1176 
71 227 420 430 645 661 736 752 792 1013 1084 1215 1386 
51 79 280 581 638 743 1196 1321 1376 
69 393 490 725 777 822 874 954 1060 1126 1209 
139 227 276 346 404 460 581 764 768 776 877 917 964 1049 1293 
176 233 264 423 517 856 908 1204 1205 
115 118 187 247 618 660 1148 1169 1213 1396 
86 109 122 151 496 538 590 689 782 878 948 960 1091 1187 1346 1347 1360 
255 257 375 480 612 614 718 856 867 1244 1270 1376 1379 1398 
330 685 728 860 862 890 910 995 1019 1167 1286 1351 
246 334 348 511 672 705 869 1079 1122 1345 1396 
121 131 224 270 312 562 903 1110 1127 1143 1188 1319 
22 50 217 235 294 558 698 709 821 942 986 1134 1257 1259 1309 
99 127 171 258 319 423 649 912 1258 1388 
98 207 212 357 384 852 919 1348 
158 181 209 331 929 1039 1088 1161 1317 
73 198 504 688 691 729 873 931 1143 1175 1181 1187 1202 1273 1293 1308 
284 324 399 409 456 556 631 754 
128 240 537 673 723 926 993 1276 
147 190 199 315 406 425 823 841 971 978 1037 1169 1187 1196 1311 1334 1355 
42 58 92 195 353 482 518 619 678 722 801 1373 
127 166 207 219 260 720 780 841 1115 1171 1230 
23 30 145 369 505 519 599 842 900 1023 1160 
21 79 152 250 426 702 
446 554 779 991 1017 1089 1149 1192 1303 
2 32 264 344 395 704 728 936 1045 1067 1102 1256 1384 
128 187 833 1190 
233 256 265 308 343 344 436 693 744 791 908 946 988 1120 1215 
150 181 314 316 584 864 1061 1229 
304 336 440 487 680 1042 1103 1219 1348 1352 1377 
345 392 422 609 632 714 886 932 1029 1063 1104 1352 1394 
42 247 344 697 857 872 900 994 1286 1299 
61 62 120 137 293 295 309 350 372 373 438 446 639 664 837 863 880 925 1075 1083 1191 1301 1382 
269 409 603 637 719 1119 1149 1180 1207 1330 1340 
114 123 385 477 677 795 830 875 902 1051 1061 1283 
241 365 692 1180 1222 1226 1253 
72 719 1034 1379 
19 59 191 422 442 549 691 731 808 933 973 991 1019 1071 1216 
161 195 293 874 1055 1383 
76 119 167 210 289 379 885 1123 1137 
416 557 656 884 1031 1346 1354 
166 352 439 584 657 731 1079 1395 
3 91 95 101 111 144 164 1079 1123 1189 1206 1221 1233 1246 
6 366 380 441 451 
55 81 172 508 632 677 788 795 1074 1104 1206 
156 385 459 564 587 635 809 832 1011 1102 
40 129 143 893 1074 1100 
19 118 259 324 361 484 486 544 610 640 719 1017 1034 1168 
114 321 347 529 692 787 853 904 907 1282 1310 
53 304 353 532 563 698 718 731 828 1126 1195 1201 1304 1342 1349 
727 730 1026 1255 1277 1278 1381 
143 879 1101 1249 1382 
169 171 512 751 941 978 1002 1166 1260 1307 1357 
261 335 542 688 748 1210 1325 1349 
109 230 256 272 359 564 575 679 701 870 910 997 1149 1173 1180 1327 1385 1397 
131 292 482 734 983 1225 1261 
87 157 288 568 637 910 1286 1316 
79 248 387 429 482 721 831 880 932 1006 1065 1126 
398 558 580 658 851 916 931 1003 1090 1125 1302 
76 312 338 350 430 497 559 608 832 904 918 1061 1062 
199 361 461 498 543 673 703 775 954 967 1070 1187 1248 
97 149 276 442 474 539 704 771 1096 1120 1210 1226 
214 1096 1185 1400 
8 65 327 507 612 811 830 842 849 1010 1232 1249 
109 156 158 249 292 463 668 754 925 1104 1253 1395 
212 433 488 728 820 1126 
48 244 313 328 438 605 639 1079 1282 1305 1355 
195 453 644 884 1117 1182 1290 1299 
172 446 471 568 573 705 761 771 939 992 1305 1306 
30 108 177 262 370 510 646 676 830 1070 1080 1289 1302 1393 
108 225 271 380 401 440 638 
251 349 384 419 650 888 965 1252 1352 
19 111 115 130 153 346 357 376 451 461 646 684 851 1189 1207 1249 1266 1370 
39 82 182 347 373 416 510 713 928 1180 1274 
132 266 356 381 450 747 803 888 972 1052 1064 
176 194 440 473 564 956 1116 1159 
70 132 146 175 413 492 711 801 863 938 1011 1058 1182 
75 300 453 483 618 654 810 1003 1094 1204 
160 336 406 413 541 951 1044 1140 
87 160 176 257 281 313 565 654 912 965 1094 1127 1197 1228 1279 1299 
175 202 214 405 949 1009 1187 
8 16 303 612 764 965 1102 1163 1211 1266 
100 150 270 331 573 626 772 924 963 1049 1222 1237 1270 
6 204 367 374 383 526 530 804 995 1025 1037 1102 1331 
106 125 221 251 393 520 601 605 673 790 938 1041 1075 1200 
85 220 443 1143 
33 87 479 552 566 567 875 878 1172 1384 
397 500 702 841 950 1004 1297 1334 
220 362 574 706 720 1067 1203 1250 1298 1303 1306 1389 
46 108 209 253 352 882 930 972 996 1146 1218 1279 1320 
320 411 412 531 715 827 1084 1102 1194 1267 1347 1357 
53 56 557 853 976 999 1210 
80 264 265 343 413 499 623 630 681 703 709 855 1301 1320 
155 177 199 364 527 542 580 639 792 861 1017 1049 1081 1159 1175 1216 1364 1403 
48 227 229 345 349 708 739 871 901 1244 1317 
193 224 287 353 461 500 730 874 1100 1125 1153 
3 147 175 194 301 329 704 746 934 1081 
31 539 711 857 862 914 1145 
119 426 436 473 637 874 1070 1105 1286 1398 
294 601 614 714 725 864 985 1277 
8 17 392 503 721 817 923 1055 1139 1193 1290 1399 
99 203 464 481 556 776 903 1009 1056 
188 512 605 609 881 989 1164 1252 1276 1290 1377 
142 287 466 483 710 761 790 796 1016 1232 1395 
16 262 362 392 445 607 726 784 896 926 997 1070 1072 1234 1361 
17 116 130 274 332 388 551 625 694 718 772 786 957 1029 1120 1199 1299 1304 1390 
13 92 194 218 543 631 652 655 753 938 1030 1044 1066 1068 1095 1286 
67 77 184 193 400 415 479 493 676 896 968 1025 1036 1089 1116 1153 1206 1394 
255 458 588 675 714 1042 1359 
108 177 187 220 529 590 627 653 657 971 986 1308 
400 526 759 856 899 928 969 1062 1148 
18 147 257 438 560 564 886 
83 294 310 656 704 
1 4 8 218 349 388 526 591 670 708 864 940 1128 1356 
4 66 85 166 348 475 497 510 664 746 748 814 1216 1256 1355 
98 148 354 370 563 749 790 1078 1160 1374 
110 398 590 597 872 906 926 1024 1117 1194 1344 
204 252 304 353 406 502 518 589 908 1161 1260 1355 
88 127 498 542 854 913 949 1054 1087 1112 1197 
106 174 242 424 532 612 695 953 1185 1202 1298 1366 
162 235 283 286 530 714 1148 1234 
52 81 431 471 1025 1092 1162 1202 1205 
251 331 565 790 1063 1087 1124 1155 1274 1346 
393 541 569 892 936 1071 1142 1150 1154 1204 
26 53 100 320 391 447 481 516 785 799 936 993 1018 1281 
46 66 108 362 585 741 1385 
64 224 406 775 818 1128 1316 1363 
579 607 845 993 1003 1065 1106 
14 51 195 371 401 503 673 693 819 997 1022 1107 1265 
5 83 221 275 377 403 423 732 735 837 859 865 905 983 1077 1196 1382 
137 179 541 724 758 824 
25 42 272 323 346 646 722 880 947 1036 1080 1218 1235 
11 192 288 336 462 553 856 902 925 1024 1033 
398 596 656 736 1281 1304 1390 
29 65 238 248 274 375 664 820 963 
108 220 269 484 486 691 736 824 869 915 940 1080 1083 1227 1291 
263 329 759 803 883 899 910 942 1012 
488 490 755 826 840 980 1278 
35 112 202 419 856 1336 
70 179 210 468 478 499 563 624 1063 1151 1169 1183 1248 1273 1275 1384 
190 218 297 313 655 679 735 877 968 1053 1122 1183 1341 
263 324 664 1286 1289 
275 331 496 573 592 610 616 706 737 862 976 1025 1065 1207 1210 1263 1333 
97 116 158 167 428 672 781 879 932 957 994 1009 1150 1155 1248 1324 1353 1359 
45 183 629 646 696 821 921 1202 1234 1241 1292 1376 1381 
68 137 203 336 367 383 386 461 758 843 922 1251 1378 
355 604 649 678 743 1013 1037 1277 1361 1382 1397 
80 244 269 573 675 730 765 822 825 1262 
168 171 316 335 449 717 761 813 1054 1168 1307 
23 413 437 547 890 1056 1111 1128 1181 1322 
11 21 93 337 490 658 715 731 867 1075 1088 1094 1337 1357 
131 503 549 685 734 813 1030 1050 1133 1137 
12 243 457 492 538 592 679 710 778 870 880 1087 1245 1299 
85 121 205 289 295 370 436 548 571 699 727 759 784 858 879 1225 1348 
79 204 492 829 1075 1402 
218 336 382 444 480 557 697 816 965 1146 1333 
157 191 349 541 664 701 726 863 949 1196 1271 1390 1394 
169 767 794 956 981 1052 1053 1149 1170 1297 
5 64 69 99 218 339 610 612 766 1070 1116 1131 1213 1214 1249 1336 
42 48 251 408 757 838 962 963 1023 1065 1132 1156 
140 198 284 312 321 376 440 679 896 1064 1194 1224 1324 
33 97 186 216 304 405 519 651 654 798 801 889 933 946 981 1011 1100 
93 106 125 127 235 294 436 536 585 888 949 956 1035 1067 1226 
87 122 131 331 736 876 933 1152 1251 1279 1323 
133 208 211 258 383 403 500 580 598 1068 1234 
17 140 194 254 501 518 850 915 977 987 1067 
58 314 361 386 416 634 637 773 1130 1202 
317 322 458 603 651 1158 
63 134 206 329 335 346 453 461 932 955 1083 1183 1233 1249 1284 1405 
63 223 260 308 336 363 606 654 689 831 834 887 910 1218 1304 1339 1368 
16 104 208 267 362 616 619 691 702 1062 1150 1162 1254 1345 
292 664 1202 1263 
45 138 409 416 837 863 911 
137 141 247 352 406 436 611 638 711 749 758 937 1037 1122 1127 1245 1264 
162 223 234 258 398 445 538 572 672 718 821 1157 1369 
34 372 471 559 582 761 859 931 971 1143 1259 1306 1380 
93 203 225 352 577 738 828 907 1103 
56 61 594 615 650 700 775 786 1196 1309 1334 1369 
115 340 372 694 716 856 912 923 964 1105 1207 1293 1314 
46 55 202 266 603 671 843 936 1038 1105 1176 1206 1263 1292 1360 
38 374 498 579 695 775 903 985 988 1027 1033 
3 29 106 203 306 318 575 580 732 754 844 1145 1190 1207 1362 
497 689 1201 1237 1262 1321 1391 
163 218 259 736 781 783 863 896 1095 1191 
203 396 899 983 1006 1167 
201 635 740 806 905 1074 1117 1235 1250 1406 
67 82 294 327 532 845 914 1101 1302 1313 
94 127 149 394 688 824 913 1202 
70 153 296 380 543 862 892 1088 1144 1209 1253 1274 
785 956 1026 1143 1299 1344 
172 263 383 522 731 942 1023 1057 1065 1099 1298 
189 397 463 508 786 1059 1236 
96 144 305 332 491 628 741 1038 1211 1367 1391 1395 
69 102 104 215 558 694 1164 1323 1387 
118 121 456 521 871 1233 1296 1316 1400 
166 240 353 543 697 872 1069 1311 
35 400 579 651 827 905 998 1049 1051 1060 1065 1214 1381 
117 227 239 526 656 809 1078 1101 
46 534 759 791 859 993 1038 1149 1346 1402 
48 166 195 210 300 316 421 549 559 745 831 843 1088 1091 1150 1194 
72 311 335 487 508 587 986 989 1087 1264 1359 
49 64 143 276 283 312 641 800 837 1212 1223 1226 
6 37 66 93 95 401 546 556 742 944 1177 1249 1270 1285 
71 583 587 630 816 956 997 1071 1125 
168 221 334 503 743 785 902 1018 1138 
26 134 190 528 570 630 689 757 784 870 895 1051 1120 1188 1213 1275 1283 1373 
24 60 127 327 579 594 625 679 764 888 890 1049 
139 233 702 823 956 1165 1251 1356 
20 127 375 473 1142 1157 1271 1396 
43 170 543 655 660 752 850 851 906 1227 1341 
39 67 149 226 339 344 449 573 900 1063 1109 
84 193 205 314 319 501 662 803 811 833 939 980 999 1027 
61 141 202 221 371 512 521 704 795 938 971 1231 1371 
285 341 416 690 840 862 956 1032 1135 1188 1301 
14 279 336 665 687 779 1244 1258 1310 
168 329 354 364 389 627 643 689 739 863 917 965 970 1199 1326 
14 67 264 276 973 1052 1147 1224 1238 1267 
19 53 503 929 1037 1226 1264 
101 457 680 1064 1109 1158 1268 1406 
494 612 618 754 888 954 
37 54 191 202 214 263 285 370 645 858 973 981 1056 1165 1204 1389 
215 292 296 408 442 734 1006 1083 1277 
47 50 149 203 402 467 577 676 807 845 883 889 1082 1317 1363 
43 668 814 1068 1100 1201 
231 283 330 454 689 805 1089 1235 
162 219 387 390 1033 1248 1284 1371 1395 
55 160 540 638 671 846 955 1036 1285 1370 
218 319 323 497 507 551 631 704 730 787 946 1306 
88 156 305 481 683 895 953 1218 1236 1270 1310 1324 1374 1389 1398 
180 603 617 666 688 802 884 889 916 930 934 940 1141 1182 1341 1353 
34 223 348 590 595 699 832 870 974 1137 1144 1255 
62 67 114 318 334 346 360 1204 1274 
52 92 143 192 199 253 261 453 495 507 1247 
19 30 41 49 274 293 312 472 549 645 659 734 1089 1308 1381 
4 161 317 451 516 588 631 1178 
107 113 187 221 321 348 516 585 886 987 1167 
160 187 238 437 635 809 861 886 969 1018 1219 1344 
89 156 219 246 377 395 483 487 534 589 597 731 905 1006 1046 1050 1076 1091 1159 1209 
159 241 597 616 666 798 806 808 882 942 1012 1331 
190 216 221 292 433 509 510 703 1298 1323 1354 1362 
28 62 295 371 447 660 787 1012 
205 291 683 834 867 1050 1402 
25 387 837 963 1057 1133 1169 1311 1331 1336 
5 282 407 533 670 942 1011 1027 1064 1088 1296 1309 1310 
73 76 375 568 628 719 746 836 902 939 1304 
107 117 153 470 598 612 801 816 1008 1136 1211 1256 1271 
83 150 307 322 450 456 630 724 764 943 947 1037 1111 1163 1173 1352 
78 217 248 261 394 406 539 631 718 957 1063 1073 1079 1254 
96 457 706 1129 1374 
19 37 93 268 419 437 467 578 818 869 1077 1158 1215 
61 111 236 514 597 654 892 1083 
252 377 449 453 656 746 779 994 1078 1252 
151 221 369 378 652 699 1146 1320 1329 1345 
86 426 864 938 981 1062 
3 206 219 322 419 508 568 653 884 888 947 980 1065 1153 1301 1402 1406 
40 194 241 303 1181 1183 
24 90 209 238 250 263 426 448 782 856 911 1079 1162 
126 150 216 1141 1174 1243 1299 
74 93 144 473 493 547 661 679 722 826 907 1067 1158 1233 1277 1391 
135 158 259 337 479 739 836 927 1074 1120 1216 1239 1370 
96 311 364 424 614 892 962 1032 1118 1133 1135 
116 300 351 392 601 631 754 907 1292 1396 
103 305 369 675 829 927 1026 1083 1141 1210 1365 
105 245 255 390 622 646 1136 
92 338 445 751 764 1245 1291 1303 1383 
2 84 196 213 795 1024 1081 1271 1384 1405 
154 386 644 668 703 745 851 854 925 1230 1282 
16 34 41 242 407 452 570 572 758 870 978 1163 1174 1229 1300 1309 
109 141 240 528 580 592 736 810 1192 1329 
211 370 395 482 710 816 1155 1321 1323 
40 140 465 490 781 831 855 930 998 1007 1013 1060 1121 1291 1337 1339 
199 240 373 464 923 997 1232 
342 422 549 818 938 1048 1167 1353 1403 
24 26 119 217 291 625 1007 
212 217 562 646 1007 1144 1304 1323 
120 151 222 257 310 779 1163 1202 1219 1244 1328 
73 241 492 785 804 854 1207 1257 1299 
144 159 207 216 334 398 639 680 814 1009 1095 1122 1236 1388 
115 182 416 1261 1288 
103 126 166 310 326 382 683 784 911 948 964 1123 1253 
73 314 539 997 1000 1001 
243 373 382 424 519 524 609 678 972 1401 
284 572 807 828 870 1004 1023 1024 1125 1187 1197 1209 1330 1380 
155 790 1343 1400 
207 333 432 476 605 700 772 803 888 970 1020 1161 1186 1206 1298 1304 
94 233 257 328 603 618 684 863 965 967 1303 1330 
121 231 245 299 349 368 558 728 873 997 1087 1219 1269 1277 1339 
167 212 267 330 395 465 518 535 575 704 1116 1186 1246 1358 1395 
86 355 444 475 549 574 645 1238 1360 
50 104 121 194 222 342 400 425 435 611 655 830 1087 1157 1221 1268 1289 
60 213 462 471 576 650 657 716 751 774 820 1087 1147 1201 1381 1397 
47 107 450 851 931 963 
393 394 403 596 700 736 764 1129 1287 1343 
241 292 302 305 340 438 517 577 654 1011 1084 1249 1329 
322 551 594 604 1026 1061 1192 1230 1352 
855 1252 1261 
720 749 886 917 1009 1078 1156 
33 73 182 211 340 389 446 554 690 706 843 859 992 1009 1230 
52 227 267 284 573 579 597 614 666 810 834 848 869 
58 102 293 307 317 344 381 469 597 777 916 989 1021 1361 
34 550 907 938 970 
318 334 413 434 505 682 1041 
401 628 665 703 757 832 1033 1401 
253 287 315 366 514 833 878 1058 1063 1090 1276 
172 215 767 1247 1341 
322 432 450 498 940 987 1268 1355 
7 461 528 562 680 859 907 952 1029 1157 1166 
219 324 422 458 763 774 1074 1176 1258 
113 217 419 533 889 1095 1294 1365 
22 210 268 344 709 834 858 953 1266 
79 201 380 445 493 668 702 746 810 873 900 944 973 
6 505 593 906 919 925 1079 1164 1281 1382 
83 132 150 394 515 715 742 1054 1342 
342 358 433 470 508 1191 
252 505 517 671 811 1028 1103 1186 1319 1351 
10 195 204 250 266 626 756 835 1332 1371 
45 133 271 296 320 428 506 702 1071 1082 1173 1235 
409 526 683 805 833 1285 1327 
192 270 308 403 461 668 752 1046 1260 1318 1382 
385 558 964 1045 1064 1098 1127 1191 1275 1304 
333 551 573 680 1101 1285 1398 1405 
45 187 191 260 415 516 539 540 610 629 697 726 999 1316 
46 239 279 399 403 511 545 731 809 820 923 933 1051 1144 1323 
170 184 235 267 357 537 878 964 968 1142 
97 586 651 715 761 923 932 1049 
147 237 361 700 801 884 943 1111 1183 1326 1342 1346 1383 1393 
225 271 409 493 679 867 884 1211 1223 1318 1367 
100 204 323 444 514 523 600 709 845 875 1039 1073 1117 1184 
124 147 243 258 528 565 765 827 1168 1303 
208 372 463 705 828 876 947 1190 1250 1383 
33 221 355 356 366 460 537 576 718 917 969 1090 1285 1308 1323 1349 
16 126 146 504 582 612 803 1030 1176 1264 1366 
255 320 472 505 918 1068 1148 1223 1314 1331 1332 
49 68 110 111 224 411 462 478 644 681 721 730 923 997 1344 
36 53 95 370 563 688 755 761 786 1021 1126 1155 1201 1203 
254 786 837 897 980 1078 1101 1212 1317 
130 258 272 466 704 757 849 866 937 974 1030 1227 1302 1373 
26 176 219 447 479 542 551 593 623 801 887 945 970 1046 1243 1327 
114 117 304 314 403 622 708 784 854 869 886 917 923 981 1092 1200 1274 
127 406 439 491 592 833 
17 23 73 134 237 499 752 815 889 892 985 1072 1346 
89 228 464 538 587 652 833 891 950 1059 1093 1201 1210 1214 
13 87 125 243 402 424 477 719 922 
130 212 330 511 627 787 796 825 831 885 1289 
279 292 420 552 628 671 764 850 930 1043 1103 1284 1344 
348 380 455 700 831 1067 1332 1350 1357 
42 107 239 416 469 576 588 643 974 1054 1122 1222 1285 1384 
232 369 416 454 541 771 773 912 986 1034 
16 39 83 150 175 331 693 759 811 877 881 1200 1213 1304 
35 79 129 130 228 408 446 499 696 964 1348 1406 
316 457 522 535 707 713 856 976 1184 1294 1379 
90 192 303 555 842 924 978 1023 1062 1114 1195 
173 219 239 242 431 484 526 622 737 768 769 793 974 983 1038 1129 1295 
45 115 250 473 522 638 796 858 862 1218 
7 31 130 171 397 700 726 820 823 992 1147 1199 1313 
174 429 949 1043 1157 1391 
70 99 128 155 249 285 427 434 451 488 666 693 759 862 895 948 977 989 1146 1246 1274 1279 1326 
76 347 356 457 728 817 1020 1269 1280 1406 
166 290 424 430 662 1292 1319 1381 
65 333 457 561 1104 1147 1307 
239 330 390 604 609 625 706 845 849 879 927 1013 1016 1017 1350 
227 307 742 877 915 926 970 1120 1198 1288 1320 
86 294 312 522 571 617 751 834 951 960 1098 1134 1211 1235 1330 1353 
358 520 785 1030 1057 1112 1134 1193 1320 1332 
40 46 65 96 167 307 362 454 734 926 964 1263 1275 1303 1334 
6 15 192 323 419 466 469 632 848 1065 1099 1124 1214 1245 1252 1273 1303 1397 
36 102 216 416 677 679 711 1068 1199 1231 1292 
45 318 331 491 557 589 663 804 806 877 1116 1146 1238 1293 1358 1371 
59 312 482 503 521 558 642 833 910 1004 1035 1102 1121 
110 209 406 472 612 788 789 1274 1355 
57 179 381 400 627 642 677 686 1118 1224 1288 
21 100 164 426 481 1046 1089 1124 1306 1326 
216 495 554 697 917 1092 
16 69 116 244 251 260 507 626 637 680 773 822 888 950 1125 1141 1259 
141 195 230 778 913 924 1047 1062 1239 1247 1282 1310 1404 
113 125 179 197 225 229 424 752 772 808 810 817 1095 1128 1134 1287 
173 268 340 531 552 700 715 756 903 1041 1071 1118 1375 
28 35 259 388 525 530 615 616 685 757 771 791 1086 1122 1399 
305 457 579 709 825 905 906 1365 1398 
41 192 202 255 281 355 395 632 854 1136 1170 1184 
101 405 578 855 1164 
251 465 545 571 607 1257 1297 1329 1345 
43 177 268 512 683 937 945 1136 1202 1394 
45 206 240 314 388 477 505 617 727 738 1326 
110 590 727 876 973 1052 
97 234 364 400 845 1090 1200 1348 
87 340 365 384 592 655 1215 
62 159 240 290 291 316 346 453 576 609 618 657 660 697 1078 1202 
185 331 606 692 748 1220 1306 
319 373 545 595 614 620 802 834 885 1014 1094 1185 1304 1308 
180 186 476 610 620 794 843 912 1054 1142 1168 
23 157 171 221 233 338 606 987 1097 1103 
112 143 266 363 386 456 474 565 691 760 1232 
139 284 332 361 574 601 704 724 754 788 832 932 986 1088 1135 1216 1278 
26 171 306 469 639 641 997 1095 1152 1217 1317 1319 1346 
25 78 299 737 867 900 1004 1073 1104 
245 483 559 766 769 1006 1364 1369 
25 39 97 849 1092 1098 1238 1250 
110 117 127 587 603 670 785 822 930 1009 1100 1130 
344 418 434 533 730 776 784 792 1061 1293 1309 
234 450 496 543 642 657 738 806 900 1046 1153 1325 
9 35 165 226 227 433 649 840 853 876 1102 1188 1258 1280 1366 
11 131 191 333 378 588 975 1019 1079 1333 
22 55 98 132 291 388 426 622 893 1125 1228 1327 1346 
325 601 885 1191 1258 1387 
198 220 287 314 446 517 585 682 886 1259 
91 203 565 878 969 987 1197 1244 
269 476 583 655 739 1089 1090 1102 1136 1191 
124 193 207 215 258 354 528 532 592 641 660 940 987 1120 
127 148 419 540 676 682 972 990 1106 1109 1134 1189 1224 1276 
176 228 279 287 346 590 659 677 712 766 878 957 1268 
125 168 307 346 473 602 649 931 
118 227 422 472 827 1209 
19 180 478 565 583 676 683 805 1253 1379 
83 576 956 984 989 1100 1397 
17 32 213 297 424 428 548 581 850 935 1050 1117 1210 1262 
75 123 276 345 391 416 738 743 812 902 916 1226 1235 1371 1380 1392 
109 196 199 518 915 957 1001 1049 1189 1191 1262 1319 
113 631 645 824 908 1381 1397 
357 448 461 489 495 510 556 577 816 882 979 1083 1094 1190 1344 1369 
13 345 348 575 708 711 943 1017 1081 1086 1307 1374 
75 198 540 574 621 660 733 837 847 1059 1177 1234 
164 183 211 361 384 402 605 751 760 781 884 925 1183 
108 259 274 477 850 870 897 926 1198 
35 58 117 327 604 701 866 1253 1296 1314 
31 97 132 366 457 535 597 890 1121 1183 1309 1345 1368 
70 139 387 435 575 822 834 981 1127 1178 1243 1266 1320 1361 
17 113 147 167 194 326 420 629 688 710 850 1233 1305 1371 
188 280 363 500 849 870 996 1061 1333 1343 1404 
70 621 886 1023 1297 1373 1398 
17 28 323 441 492 694 901 935 1016 1033 1082 1190 
22 24 192 301 426 439 583 894 945 976 985 1191 1258 1286 1306 
13 79 351 384 471 582 660 802 820 964 
52 394 658 714 749 842 1172 1174 1177 1178 1230 1269 
91 157 177 262 457 558 742 844 1011 1222 
339 654 696 848 897 983 1163 1214 1233 1309 
25 57 169 318 808 973 994 1002 1162 1179 1184 1376 
211 248 416 511 517 654 673 829 920 1038 1107 1229 1364 
214 299 722 934 947 1355 1364 
32 66 239 254 266 353 436 779 1033 1201 1289 
23 108 364 428 439 736 911 962 999 1246 1266 1291 
111 219 457 482 623 709 774 875 1055 1117 1370 1393 
157 733 746 866 969 
1 91 255 403 474 497 531 623 667 884 1106 1290 1332 
171 188 380 587 593 668 748 1244 1285 1301 1319 
102 401 490 813 1160 1174 1280 1381 
485 657 781 973 1043 1278 1378 
39 107 261 294 357 390 394 655 984 994 1160 1172 1247 1341 
399 510 649 662 743 820 1184 1219 1241 1310 1370 
117 206 332 350 357 447 452 571 606 649 727 906 1034 1058 1195 
114 480 658 929 1148 1160 
119 134 612 961 1153 1160 1230 1308 
102 695 1163 1387 
468 552 697 760 762 781 800 1382 
170 213 467 494 555 628 649 743 876 982 
193 272 284 287 328 574 600 794 803 956 1330 
34 328 351 380 660 866 867 895 982 1052 1149 1152 1323 1362 
175 298 1054 1077 1106 1163 1175 1345 
127 196 405 528 689 789 846 1116 1204 1292 1338 
53 160 297 337 604 606 645 646 662 1011 1014 1041 1272 1349 
90 91 205 211 268 290 523 734 743 746 787 807 1009 1396 
231 343 571 723 738 932 940 1128 1347 1391 1402 
188 228 524 769 799 1136 1144 1289 1324 
33 74 94 173 196 221 271 304 315 630 662 753 908 1056 1146 1157 1279 
46 213 411 462 759 910 1040 1046 1131 1134 1144 1158 1248 1253 1300 
115 151 449 458 511 546 575 613 633 724 751 995 1021 1349 1389 
14 63 113 120 455 584 718 719 827 1090 1246 1275 
234 264 289 343 462 524 569 817 843 887 926 
97 161 199 352 547 689 776 1078 1176 1323 
220 587 655 678 729 746 856 883 904 1313 
249 411 442 589 642 725 806 845 1009 1133 1314 1406 
22 31 535 563 633 1088 1150 1404 
7 353 355 674 832 942 1081 1093 1230 1251 
207 209 439 699 811 1065 1075 1112 1245 1333 1348 
66 120 137 158 529 776 909 950 1017 1061 1068 1166 
192 281 327 376 520 559 573 743 846 848 871 893 898 914 1002 1109 1114 
150 278 496 499 541 815 1061 1261 1332 1364 
15 61 311 411 732 804 850 947 958 1185 
40 215 502 732 848 1211 1255 1320 
2 25 216 391 423 488 769 771 834 906 1011 1248 1288 
98 428 473 488 528 666 690 760 799 869 905 908 1003 
11 156 393 1241 1296 1373 
66 437 463 494 538 684 713 730 915 964 1009 1139 1272 
125 226 407 427 581 640 780 788 818 869 989 1068 1142 1274 1279 
404 451 690 808 919 972 1053 1089 1205 
24 96 119 179 320 449 928 1062 
3 188 205 255 373 598 718 733 885 932 1075 1314 
49 357 398 403 578 885 923 1068 1092 1162 1300 
40 130 283 316 728 754 976 1113 1309 1320 
157 202 274 293 485 534 651 725 764 820 841 986 1120 1288 1390 
466 536 1121 1366 
49 220 262 450 667 816 858 896 955 1080 1254 1333 1403 
8 276 286 315 502 524 615 673 756 963 1002 1013 1175 
134 172 218 275 371 388 424 1115 1277 1291 
33 341 363 509 562 702 718 769 1016 1268 1294 1394 
8 444 498 544 649 698 762 809 1073 1161 1329 1339 1399 
38 124 470 478 618 659 928 1053 1059 1229 1375 
54 76 77 223 282 396 640 887 943 1097 1136 1356 
41 111 160 206 484 501 625 695 782 880 1342 
220 330 404 425 447 516 538 552 659 762 788 889 928 944 1143 1357 
41 120 213 426 569 862 936 1063 1247 1283 1312 
251 273 311 399 411 525 806 1130 1401 
211 655 755 994 1164 1223 1294 
185 202 224 312 316 414 748 993 1021 1024 1160 1178 1199 1345 
91 254 272 939 1093 
22 46 790 830 998 1119 1249 1272 
15 198 441 452 514 769 895 921 985 1154 1162 1255 1291 
9 131 264 407 831 847 871 891 1148 
79 260 613 858 912 951 1043 1089 1143 
172 248 388 534 667 714 918 955 1004 1365 
121 179 194 274 628 809 909 
28 119 145 194 247 621 943 1015 1094 1124 1381 
128 159 318 348 377 446 542 624 986 1101 1311 1363 
282 609 1375 
138 275 296 532 871 1175 1208 1275 
40 123 295 401 427 505 524 559 718 1307 1340 
141 199 226 241 257 712 984 1064 1153 1312 
47 98 100 180 319 510 524 548 593 735 821 941 1002 1133 1171 1247 1265 1353 
133 175 510 580 599 879 900 991 1092 1200 1284 1290 1294 1365 
18 90 123 296 566 587 647 769 1014 1083 1167 1193 1340 1344 1378 1389 1403 
472 506 724 959 1031 1101 1174 1227 1244 
104 197 241 260 322 512 724 787 866 870 952 1191 1206 1293 1398 
224 290 552 778 790 799 885 895 929 1020 1232 1267 
271 475 552 815 912 1056 1124 
181 269 361 676 872 890 934 1199 
14 190 202 236 282 357 384 550 576 577 611 798 829 978 1022 1092 
113 163 376 555 628 634 762 791 915 1006 1140 1151 1191 1289 1377 
132 455 538 546 897 974 1218 1380 
115 178 213 241 324 382 421 537 594 646 777 957 1205 1233 1347 
164 170 310 395 484 531 539 545 587 752 841 972 1325 1339 1383 
45 110 508 687 739 1003 1108 1388 
3 380 425 503 740 941 1034 1128 1131 1158 1396 1399 
70 137 176 213 370 415 453 739 902 1100 1132 1263 1373 
64 353 586 681 779 844 1045 1302 1309 1396 
4 137 296 320 358 649 656 782 1005 1022 1203 1397 
55 174 262 289 433 517 519 527 575 601 874 909 1142 1144 1265 1347 
80 315 319 528 639 716 869 898 906 1091 1259 1347 
217 294 900 927 944 1058 
221 578 855 1244 1262 1275 1370 
55 81 279 330 481 558 685 799 808 1036 1153 1167 1322 1383 
312 626 710 817 943 1249 1330 1387 
127 253 693 945 1016 1032 1137 1221 1314 
30 77 85 153 165 228 429 625 717 1013 1084 1160 1299 1319 
102 399 497 635 735 809 929 955 1352 
246 434 488 696 883 935 972 992 1295 
126 190 225 318 361 476 477 672 1186 1209 1232 1371 
161 213 304 372 376 567 614 743 866 1092 1283 1305 1382 
7 101 138 154 179 195 579 583 643 695 800 849 915 958 1065 1083 1096 1210 
374 487 595 606 644 866 932 1046 1091 1193 1241 1265 
282 496 504 543 745 829 1030 1136 
90 127 238 777 826 873 948 985 1013 1220 
193 257 270 355 381 568 777 864 1120 1173 
7 263 321 373 625 631 806 816 890 1083 1190 1210 1363 
120 190 217 580 609 726 1084 1128 1172 
138 214 590 851 860 1038 
66 112 246 369 585 660 663 690 775 793 993 1101 
82 338 486 548 566 599 658 761 932 1227 1273 1319 
68 232 404 439 895 952 1071 1245 1334 1348 
52 136 148 208 213 283 294 397 411 542 929 953 1044 1047 1057 1073 1171 
182 347 369 445 596 671 736 758 783 825 833 868 1158 1377 
123 355 394 484 497 631 1019 1102 1383 
231 275 293 441 1005 1088 1097 1206 1216 1357 
19 142 148 175 198 332 342 414 489 654 796 868 1016 1070 1166 1189 1253 1316 
170 185 260 267 309 548 598 794 827 829 1170 1245 1294 1297 1384 1389 
213 398 564 590 608 862 991 997 1167 1220 1233 1328 1363 
3 51 236 342 408 420 495 514 574 871 906 988 1085 1093 1185 1406 
82 115 137 269 295 508 547 580 731 743 905 1094 1126 1248 1344 1394 
65 92 100 122 407 535 690 693 1035 1077 1221 1229 1245 1290 1329 
25 244 477 612 1079 1271 1307 1379 
149 240 268 307 364 468 629 705 921 970 1151 1208 
56 168 172 337 409 412 494 528 529 625 814 884 1108 1156 1290 1341 
94 244 517 815 846 917 966 1011 1367 
53 87 148 365 603 758 794 806 832 879 916 984 1003 1269 
98 172 254 402 582 633 994 1191 1214 
398 461 624 644 759 819 940 981 1171 
48 486 491 785 796 913 1063 1260 1311 1333 
93 248 257 412 462 536 538 551 751 815 991 1012 1055 1091 1092 1349 1356 
55 226 593 701 776 832 860 896 971 1001 1011 1046 1075 1116 1325 1348 
10 259 306 327 413 435 451 525 793 795 1154 1273 1306 1400 
2 22 206 441 589 795 815 902 954 1098 1115 1158 1305 1327 
23 41 230 492 505 544 779 875 1086 1147 1242 1295 1342 
297 619 743 836 960 1057 1116 1178 
40 54 116 233 280 398 570 739 904 970 994 1126 1152 1162 1215 1260 
52 137 188 225 355 373 387 634 668 775 941 955 970 1101 1175 
22 213 292 538 593 623 746 922 969 1239 1302 
506 1227 1243 
128 337 463 913 1081 1196 
58 91 245 280 428 459 703 905 1059 1151 1197 1213 1268 1337 1395 
362 467 522 1359 1365 1373 
15 63 272 435 602 783 853 921 1048 1289 
79 215 311 372 437 452 675 694 742 821 949 1062 1121 1398 
47 51 250 261 279 452 697 707 723 1045 1053 
175 561 738 1041 1085 1121 1144 1171 1269 1283 
15 51 98 234 325 359 416 422 539 560 569 660 816 819 979 1088 1090 1153 1205 1215 1331 
104 123 156 291 306 362 419 485 670 706 729 909 996 1336 1343 
255 259 361 474 635 675 876 1266 1405 
43 46 93 136 474 890 920 966 996 1001 1049 1057 1183 1195 
293 532 870 887 955 1189 1384 1404 
35 264 460 529 642 780 1127 1256 1304 
156 360 395 506 517 571 572 711 720 942 1052 1083 1098 1110 1406 
103 141 287 514 781 1044 1064 1130 1306 1328 
402 447 490 594 1002 1291 1327 
246 253 312 448 610 687 724 979 995 1020 1108 1222 1294 
131 236 328 473 497 546 667 723 760 1009 1012 1089 1182 1267 1349 
211 303 426 810 965 969 1059 1320 
209 338 1042 1059 1072 1090 1170 1203 
192 197 207 472 664 699 869 882 1129 1155 1200 1218 1302 1337 
90 139 146 174 518 549 635 746 814 904 1091 1284 
170 233 305 441 465 530 615 715 
85 409 569 865 885 969 1321 
117 274 278 351 454 725 877 997 1314 1333 
279 471 502 1185 1364 
276 334 443 531 640 662 725 896 997 1013 1222 1256 
329 388 457 599 760 1242 1246 1390 
87 139 140 342 435 867 936 956 1031 1174 1297 
154 184 196 313 339 474 520 619 776 1039 1052 1225 1307 
38 181 632 642 677 724 1010 1019 1155 1321 
138 445 460 714 843 916 963 1060 1071 1146 1246 1293 
63 198 204 376 414 558 703 737 897 979 1108 1152 1184 1230 1377 
43 236 278 310 472 734 767 849 925 1052 1067 1121 1130 
42 499 544 653 734 817 1188 1255 1262 1263 1349 
66 84 88 121 189 305 346 373 501 711 741 756 880 1076 1112 1200 1284 1304 
131 276 308 506 541 598 776 780 1057 1186 1192 1303 1330 1347 
33 255 498 637 1072 1087 1366 
68 190 227 385 464 573 583 696 736 1041 
166 349 503 591 682 684 756 757 798 973 1021 1270 1365 
109 170 193 196 324 360 408 422 536 870 956 999 1089 1244 
93 138 302 378 402 690 767 966 
25 90 141 281 498 605 646 657 746 793 841 844 1032 1096 1165 
21 840 934 1224 1303 1384 
44 215 229 391 425 630 670 719 779 817 877 1072 1226 1288 
189 211 258 410 442 517 1014 1094 1401 
414 690 835 870 927 1315 
120 313 375 527 734 906 1015 
21 62 120 231 279 504 541 831 873 1026 1153 
115 448 450 543 628 652 669 674 908 966 1183 
124 154 196 255 278 397 520 853 949 1239 1279 1291 
46 70 165 289 583 820 1123 1164 1165 1203 1338 1384 
460 539 989 1035 1105 1236 1245 1315 1352 
38 226 298 414 484 551 589 677 846 1058 1128 1217 1350 
75 308 500 704 919 1053 1298 1373 
2 158 188 257 473 524 532 685 896 1152 
161 330 526 622 652 901 904 1123 1146 1384 
97 252 298 421 799 953 986 1168 1175 1265 
136 162 247 252 410 511 542 639 939 952 1042 1094 1143 1154 1272 1377 1406 
22 94 253 518 
212 272 296 310 455 622 627 747 932 1063 1156 1208 1259 1315 1367 
184 224 236 367 510 524 842 955 975 1147 
26 181 216 460 470 527 546 560 604 671 1103 1223 1240 
57 111 124 149 492 729 735 871 1163 1390 
385 517 599 653 756 829 1253 1286 1345 1371 
49 230 343 535 673 715 872 1173 1246 
176 227 466 556 584 735 763 1077 1140 1295 
48 118 305 453 553 902 1009 1143 1254 
25 28 158 169 612 642 777 871 923 960 1017 1085 1145 1172 1238 
301 492 503 629 690 714 759 778 856 873 1038 1045 1180 1273 1394 
34 91 191 235 335 446 765 991 1052 1056 1256 1266 1287 
42 93 377 432 466 752 813 866 992 1073 1290 1324 1356 1364 1369 
98 141 311 589 633 659 781 852 
13 29 257 362 369 388 396 679 728 
21 128 180 470 920 1131 1179 1267 
71 74 128 335 367 429 703 740 1004 1257 
159 430 507 578 632 725 815 947 955 1192 1246 1290 
14 151 207 495 524 684 832 860 883 1216 1340 1376 
594 611 909 919 985 1082 1188 1406 
286 340 705 711 1143 
28 390 708 796 1052 1168 
95 137 182 214 659 688 757 834 883 1109 1221 1293 1382 
11 157 383 409 510 533 669 701 768 791 830 919 952 1014 1314 
184 263 344 368 452 569 702 718 733 737 935 988 1187 1258 1260 
9 16 22 138 185 319 554 579 644 781 873 1017 1092 1141 1145 1261 
3 94 104 115 153 204 458 488 540 735 825 955 1047 1105 1156 1248 1317 
91 350 487 549 722 827 1104 1222 1258 
104 243 266 301 458 500 789 921 1010 1305 
305 390 547 595 1008 1029 1228 1358 
5 700 703 725 881 925 968 981 1188 
631 678 820 999 1218 1246 
51 98 119 126 178 259 409 556 575 656 1101 1155 1198 1324 
57 115 206 317 325 895 992 1047 1322 
95 117 309 417 449 674 912 945 981 1076 1084 1197 1292 1326 1371 1391 
