1431 8176
20 224 302 352 435 878 902 923 1334 
43 132 148 167 174 319 343 353 397 539 914 953 997 1102 1197 1199 1214 1269 
388 597 674 795 902 977 998 1047 1284 1323 
280 297 331 365 397 528 760 961 1221 1305 
122 123 251 309 455 476 682 779 806 815 1110 1254 1336 1405 
62 238 489 561 635 758 838 856 973 1078 1425 
154 191 253 625 675 771 955 1113 1160 1214 1215 1267 1413 
82 257 504 506 628 735 740 784 849 974 
36 242 559 743 1201 1311 1376 
292 467 639 961 1076 1266 1313 1337 
190 310 314 411 569 664 830 1127 1396 
382 563 622 745 947 1059 1093 1267 1274 
62 86 209 396 550 587 635 815 921 935 1029 1180 1401 
32 39 243 574 578 583 695 706 726 757 769 921 1120 1122 1195 1208 1319 1363 
115 184 470 589 636 655 710 793 852 1212 1248 1341 
171 295 330 451 691 795 943 994 996 1174 1275 
101 151 316 354 618 664 781 857 1138 1302 1315 
29 101 147 253 565 644 797 819 961 1088 1188 1200 1317 1322 
25 31 338 681 956 1018 1133 
1 339 469 539 823 921 1116 1190 
101 283 327 336 452 494 532 866 1086 1134 1154 1243 1299 1396 
65 231 414 636 884 922 1240 1286 
51 126 165 351 428 441 730 735 750 755 772 789 983 1089 1100 1250 1265 1280 1397 
31 103 111 156 230 424 623 680 806 980 1082 1104 1284 
19 359 512 542 638 704 713 
124 139 165 218 261 281 510 650 730 755 929 966 1223 1342 1352 
89 120 128 287 496 517 1051 1154 1168 1311 
75 98 151 255 259 268 284 401 482 577 625 795 973 1422 
18 283 382 564 684 780 839 982 1024 1340 1363 
48 389 576 586 692 751 907 1158 1285 
19 24 221 637 792 800 901 997 1088 1111 1166 1392 
14 273 292 511 563 620 627 770 1279 
127 316 571 579 586 790 1088 1131 1328 1385 
84 106 192 222 339 352 537 599 689 735 782 1025 1142 1200 
72 221 282 291 380 431 906 931 1056 1305 1320 
9 344 405 684 777 841 959 963 1123 1267 1329 
321 669 695 709 963 1028 1311 
149 323 441 574 659 697 710 730 771 871 902 1000 1047 1279 
14 228 325 336 501 678 768 790 871 891 972 1044 1259 1314 1372 1419 
144 318 449 478 752 933 1149 1185 
92 186 219 228 569 620 1176 
340 473 587 748 771 793 892 962 978 997 1169 1178 
2 143 329 366 587 605 756 1055 1424 
121 217 263 476 543 916 1224 1232 1244 1301 1357 1407 
59 75 412 549 573 787 817 948 1002 1028 1177 1198 1243 1334 
118 152 278 308 602 707 927 935 1001 1062 1109 1143 1431 
76 195 218 294 307 341 379 388 391 554 817 913 925 1202 1205 1289 1298 1356 
30 132 263 732 745 772 811 816 929 1248 1324 1343 1349 1406 1424 
69 91 349 437 487 645 772 833 847 898 1011 
368 499 741 794 826 872 877 956 1011 1072 1075 1181 1264 
23 297 484 494 564 897 990 1377 
156 221 261 267 702 828 862 889 990 1074 1149 1311 
74 85 118 289 475 512 1337 1409 
86 398 462 716 735 871 895 998 1156 1423 
252 413 747 928 1226 1251 1393 1409 
253 511 553 879 985 1006 1092 1102 1170 
263 502 574 730 777 804 835 847 962 1041 1077 1321 
159 198 279 426 433 693 706 829 915 930 1251 
45 76 98 177 708 748 797 
199 289 324 346 438 472 746 793 842 1001 1258 1274 
270 356 519 542 742 824 1036 1042 
6 13 209 272 285 402 794 820 1036 1148 1403 
192 731 897 1151 1218 1298 1414 
169 414 727 773 1010 1019 1037 1053 1182 1186 1212 
22 104 125 315 488 505 1038 1145 1395 
97 148 631 718 1021 1034 1047 1219 
128 161 217 225 293 304 577 788 811 924 972 1018 1033 1046 1160 1223 1227 1240 1263 1267 
125 156 280 444 876 919 1115 1364 
49 330 387 446 508 658 693 867 1037 1071 1150 1250 1344 1367 
274 422 443 458 768 796 866 1077 1186 1360 1404 
103 378 467 544 594 691 907 959 1011 1012 1016 1028 1072 1082 1151 1152 1164 1347 1400 1420 
35 177 185 326 406 426 442 658 674 801 976 1148 1154 1415 
82 91 373 401 781 819 1001 1051 1087 1088 1157 1218 1233 1321 
53 91 400 632 748 817 1045 
28 45 76 213 522 673 908 1091 1165 1231 1390 1402 
47 59 75 272 483 742 1099 1268 
355 835 1057 1220 
130 174 229 298 382 483 491 1229 1262 1410 
677 695 698 810 811 1281 1323 
124 277 281 294 430 635 1007 1063 1260 1403 1429 
83 148 302 394 418 440 566 589 619 700 968 1054 1069 1142 1314 1379 
8 73 254 694 703 715 833 855 1101 1264 1270 
81 102 128 162 279 343 411 458 591 717 790 1110 1220 1325 1365 1425 
34 483 675 807 866 878 1026 1108 1264 1370 
53 367 426 764 832 908 992 1131 1233 
13 54 169 216 594 617 624 629 784 1014 1018 1030 1074 1124 1229 1231 
136 252 323 324 378 423 551 569 644 691 764 855 873 1020 1146 1327 
89 378 438 596 634 759 979 1286 1411 
27 88 98 281 435 596 616 661 673 1359 1398 
116 151 284 310 469 502 509 536 658 849 968 1017 1034 1080 1108 1145 1211 
49 73 74 169 462 550 581 1235 1407 1425 
41 97 219 275 330 418 423 682 830 1027 1398 
414 459 471 560 629 1030 1131 
151 209 458 461 660 677 822 873 875 907 
412 699 741 796 852 872 919 930 1042 1227 1234 
687 860 903 1010 1025 1253 1295 
66 92 169 197 323 535 545 605 670 683 856 890 900 992 1347 1425 
28 59 89 326 384 502 702 793 863 872 899 1086 1123 1288 1339 
207 215 250 415 753 792 803 983 1055 1180 1207 1242 1381 
141 175 300 348 608 611 671 1060 1112 
17 18 21 111 377 411 506 684 773 830 838 1389 1420 
83 124 291 361 403 600 627 644 854 858 1012 1067 1126 1220 1307 1361 
24 71 354 463 468 486 600 609 624 927 1251 1258 
65 343 358 373 398 834 917 933 1250 1256 1328 
120 174 277 322 388 396 417 428 580 587 636 646 690 751 798 
34 435 570 574 653 658 858 952 1120 1130 1141 1358 
264 363 433 533 542 927 999 1054 1231 1297 1354 
113 139 241 357 360 688 691 841 844 947 1175 1236 1274 1327 
228 295 476 482 665 919 954 1037 1340 
235 425 429 538 690 910 1389 
24 101 528 536 571 594 644 770 792 796 1053 1334 1409 
333 574 615 630 825 942 991 1279 
108 130 148 235 244 276 328 401 483 540 938 1022 1168 1367 1407 
153 294 357 868 930 950 975 1071 1155 1207 1240 1336 
15 205 228 248 277 484 862 902 1018 1024 1076 1286 1318 
90 140 272 396 427 520 572 625 805 851 914 960 1078 1114 
526 534 601 796 942 1003 1083 1120 1169 1172 1188 1315 1367 1369 1425 
46 53 245 406 533 591 633 673 804 909 962 991 1286 
253 343 396 615 624 1334 1421 
27 105 280 359 630 798 1342 1419 
44 237 737 738 770 1029 1147 1157 1173 1213 1338 1431 
5 194 203 295 336 532 838 909 1067 
5 152 261 397 545 761 832 902 1050 1098 1112 1302 
26 80 102 229 722 758 796 812 1124 1383 
65 68 138 408 427 591 632 769 784 832 833 864 873 1044 1081 1145 
23 222 261 358 435 508 641 733 936 939 1174 1181 1232 1301 
33 145 639 802 1008 1009 1090 1119 1269 1290 1297 1325 1416 
27 67 83 151 312 515 632 793 879 1396 
305 367 418 718 927 1125 1190 
78 113 131 253 293 589 987 990 1151 1164 1305 1372 1389 
130 429 454 615 698 1046 1061 1096 1187 
2 48 216 516 538 733 737 760 809 827 902 920 1150 1318 
285 317 512 682 739 933 1136 1378 1393 1411 1431 
202 707 786 847 862 1049 1051 1095 1315 
191 242 551 610 854 1059 1120 1232 1377 
87 213 897 909 947 987 1016 1089 1174 1314 
226 326 430 597 628 1108 1114 1251 1264 1413 
125 144 334 527 543 778 866 927 971 1010 1243 1356 
26 108 270 339 387 421 531 732 774 784 910 1290 1368 
116 209 251 321 419 636 662 818 860 1246 
100 701 713 739 886 1238 1336 1392 
322 341 484 489 921 968 1048 1058 1079 1148 1154 1329 
43 156 221 541 558 568 684 832 990 1121 1294 1359 
40 138 177 188 461 525 541 707 953 1112 
127 273 396 409 466 626 830 835 961 1154 1324 
249 265 498 604 649 849 875 1260 
18 166 570 704 823 1056 1101 1378 
2 66 81 113 152 353 430 441 476 730 737 896 1022 1234 1298 1336 1358 
38 196 231 364 383 476 847 1123 1322 1411 
306 389 586 678 826 1090 1187 1306 1316 1318 1338 1350 1386 1418 
17 28 90 94 128 182 686 711 733 935 959 1049 1090 1155 1193 1273 1307 1328 1351 
46 123 148 488 831 1161 1162 1306 1324 
114 175 209 380 474 478 669 719 741 836 1002 1190 1254 
7 564 767 824 836 1149 1303 1334 
482 1132 1256 1294 
24 52 68 143 353 364 423 449 508 528 632 888 1212 1232 1238 1321 1351 
548 773 860 1031 1150 1307 
542 812 865 913 931 948 1033 1214 
58 507 718 777 1076 1198 1226 1291 1316 1317 1342 1365 
196 237 542 577 602 806 826 890 894 1169 1184 1291 1330 
67 167 286 435 639 652 789 902 992 1121 1207 1301 1366 
83 202 306 348 452 522 1100 
166 244 273 369 389 791 895 1132 1233 1292 1332 1343 1394 
284 401 412 507 656 755 790 862 1090 1334 
23 26 277 457 933 1067 1103 1126 1202 1208 1243 1367 
147 163 241 326 423 461 621 708 994 1184 1259 1415 
2 161 183 193 216 360 490 622 803 884 921 1160 1235 1332 1398 
219 251 293 323 374 472 689 700 875 1040 1261 
64 86 91 97 211 396 504 610 779 881 1128 1390 
404 668 717 783 819 834 964 1064 1275 1386 1404 
16 347 423 510 670 799 899 912 1021 1037 1127 1271 1384 
239 446 558 582 729 753 817 830 1027 1043 1062 1070 1211 1254 1268 1310 
312 356 368 619 638 746 798 909 1061 1092 
2 78 105 268 297 682 970 1064 1242 1274 1324 1407 
100 153 263 374 451 751 1066 1257 1399 1402 
195 301 656 726 796 894 949 1024 1106 1113 1118 
59 72 144 222 595 846 854 908 962 1135 1304 1372 
328 498 579 628 701 802 867 1054 1089 1296 
197 292 424 425 617 648 701 922 1069 1188 1254 1299 1374 
246 369 518 686 694 1374 1389 
390 465 641 652 740 908 915 1420 
151 373 374 596 728 839 1052 1114 1237 1351 
167 198 256 368 374 436 504 962 1048 1130 1203 1297 1396 
15 263 397 471 728 965 1092 1205 1368 
72 214 223 387 562 587 700 878 1236 1246 1378 1386 1411 1416 1420 
41 191 214 271 313 342 792 793 953 954 1227 1356 
425 598 951 967 975 1017 1023 1097 1339 
144 240 391 438 444 769 786 815 861 913 944 983 1004 1036 1106 1228 
363 392 393 587 957 1334 
11 257 292 980 987 1166 1189 1289 1418 
7 135 186 246 295 352 579 621 958 1015 1057 1221 1275 1345 
34 63 292 293 472 498 891 933 1069 1210 1218 1280 1367 
167 290 474 487 608 780 828 842 990 1260 1420 
122 212 760 764 896 944 1065 1073 1082 1155 1162 1255 1316 1361 1427 
47 176 321 738 787 1186 1243 1279 
149 160 237 303 315 474 511 622 631 753 1126 
97 179 296 389 679 688 705 715 730 784 847 908 963 978 992 1000 1328 1364 
58 183 479 510 563 742 1081 1090 1099 1394 1429 
60 604 875 
275 339 458 558 698 1012 1024 1079 1256 1271 1324 1385 
310 332 421 615 916 957 988 1026 1121 1189 1220 1297 1430 
134 162 258 343 347 551 687 689 875 1275 
122 272 700 823 1021 1101 1209 1210 
279 398 522 623 699 802 1141 1236 1263 
115 251 481 780 1082 1142 1302 1354 
239 388 429 505 546 647 805 1168 1242 1313 1332 
99 213 216 251 281 486 557 598 693 781 792 1073 1132 1201 1325 1402 
268 347 543 645 874 922 998 1051 1072 1192 1218 1222 1389 
13 62 94 140 153 228 310 385 412 422 490 562 577 599 650 845 960 1067 1164 1331 
274 319 526 648 690 940 1111 1132 1142 1227 1303 1366 
169 287 307 383 405 504 508 613 634 779 863 1186 1297 1396 1407 1427 
194 240 365 628 861 902 954 987 1113 1418 
75 136 207 554 618 709 1294 1304 
185 186 262 271 578 649 694 719 1080 1208 1251 1353 
99 334 478 653 784 880 882 945 1029 1034 
86 132 167 207 416 492 916 1210 1218 1225 1301 1342 
44 67 415 443 536 628 953 
26 47 368 380 461 465 551 597 842 1220 1300 1354 
41 92 168 709 820 1000 1048 1276 1307 
295 315 398 458 528 899 954 1157 1189 1215 1303 1391 
31 35 52 143 319 353 372 507 533 572 670 931 1005 1134 1288 
34 126 177 535 628 907 1103 1221 1319 1407 
185 225 299 1365 1391 
1 335 438 723 1013 1024 1215 1338 1383 1386 
67 223 420 421 471 472 496 663 755 773 910 934 1323 
137 763 989 1113 1302 1348 
361 425 543 654 712 786 863 1122 1177 1295 1302 1356 
39 41 109 115 209 279 468 492 605 744 848 854 883 886 915 1148 1287 1332 1425 
78 124 324 393 505 515 567 813 999 1163 1292 1391 
24 278 694 704 723 732 781 791 1337 1339 1399 
22 149 234 269 391 1110 1151 
310 376 497 744 942 1223 1363 1407 
477 513 546 786 886 928 952 1076 1115 1231 1310 1323 
231 427 457 465 500 583 676 741 816 917 963 965 1072 1098 1226 1412 
110 113 324 326 421 588 627 691 875 925 973 1071 1159 1311 1342 1377 
373 709 854 856 898 922 1405 1410 
121 160 196 248 303 631 1010 1091 1125 1201 1282 1324 
6 254 286 409 429 467 539 615 807 913 1113 1256 1422 1424 
172 206 582 767 823 830 879 1225 1287 1354 
188 212 352 477 595 630 1165 1216 1398 
108 166 352 364 570 866 912 1004 1104 1116 1391 
9 135 298 314 317 395 496 746 799 1300 1410 
14 489 513 605 635 645 936 995 1047 1154 
113 163 344 421 545 671 774 1109 1202 1249 
118 273 274 398 443 542 750 751 865 969 1275 1318 
180 191 320 541 682 717 803 913 923 1155 1184 1352 
298 588 983 1136 1137 1302 1424 
115 237 307 340 370 418 490 875 971 1009 1058 1105 1262 1277 1278 
146 394 470 671 693 838 848 869 913 932 969 1138 1184 1324 1362 1374 
99 349 715 760 774 966 1147 1188 
5 140 168 205 207 323 487 881 910 930 1104 1111 1201 1365 1390 
55 87 323 330 343 385 435 486 533 550 633 694 752 844 950 992 1030 1278 
7 18 56 119 130 622 694 813 1052 1074 1088 1164 1272 1284 1308 
82 238 417 514 533 574 855 914 966 1417 
28 415 538 546 609 874 1095 1104 1179 
183 474 839 963 985 1337 1354 
8 190 422 448 485 612 629 691 1226 1290 1415 
202 280 305 371 636 686 1070 1197 1221 1336 1363 1377 
28 260 358 376 623 799 833 865 910 1243 
259 425 664 714 826 1079 1175 1249 
26 52 123 126 276 330 348 404 435 520 612 996 1026 1062 1297 1378 
214 343 541 618 653 995 
44 48 57 175 184 391 405 699 762 953 1001 1064 1191 1332 1360 1367 
107 708 805 1229 
146 398 412 544 579 714 766 835 889 900 911 960 985 1099 1137 1144 1252 1272 
325 736 846 952 987 1131 1152 1271 1298 1333 
52 282 398 483 676 680 753 843 885 910 929 931 1152 1181 1249 1340 1365 
28 174 208 383 559 883 945 1039 1049 
231 426 525 689 815 1344 
61 139 305 363 373 610 622 627 674 730 868 985 1234 
186 214 289 530 604 1055 1133 1180 1249 
62 76 116 203 604 753 950 980 1016 1214 1267 
32 145 163 245 362 398 738 780 824 885 
70 210 245 318 461 481 661 829 941 1164 1301 
92 200 438 489 553 715 783 1225 
113 261 293 294 326 349 353 612 672 819 1223 1238 1328 
80 105 115 165 284 458 571 679 743 844 866 978 1000 1265 
46 230 441 778 823 871 
58 83 204 228 356 442 487 642 770 793 
4 68 120 258 727 967 1047 1307 1345 
26 80 89 207 567 1020 1134 1156 1211 1235 1312 
35 267 339 643 710 899 
21 29 350 373 441 565 618 664 740 771 807 811 970 1196 1294 1333 1359 1389 
28 90 164 277 521 748 762 1089 1111 
62 133 307 337 567 620 1012 1120 1229 1370 
161 238 363 699 791 904 1166 1403 1423 
27 211 686 808 885 918 1010 1041 1046 1195 1196 1231 1284 
609 957 1282 
53 60 271 330 473 581 763 988 1037 1106 1119 1356 
193 403 518 532 751 756 827 1252 1390 
35 102 432 558 591 663 916 921 956 1401 
10 32 179 190 192 404 546 581 595 661 688 949 956 1041 1104 1325 
67 130 168 192 276 489 635 835 962 1136 1397 
47 80 114 276 397 409 562 617 741 819 850 856 1114 1182 1206 1351 
16 109 122 191 220 340 448 735 743 773 793 796 952 1343 1374 
197 510 513 518 607 757 759 844 935 1141 1196 1202 
4 51 174 324 400 421 586 796 855 1011 1029 1103 1179 1253 1255 1330 
78 242 247 377 566 660 872 1108 1270 
223 784 887 1109 1303 1354 
100 479 852 902 1212 1264 1283 1290 1398 
176 318 454 503 640 675 1094 
1 81 321 509 689 773 867 914 965 
196 237 353 826 956 1057 1070 1136 1185 1233 1293 1386 
67 439 543 553 861 981 1113 1173 1182 1184 1269 1431 
129 258 270 428 536 671 819 899 947 975 1124 
150 162 341 414 477 490 624 960 1060 1112 1199 1224 1290 
47 211 248 285 883 1044 1102 1195 1284 
46 389 865 1270 1353 
5 433 450 661 768 792 845 846 862 1063 1216 1275 
11 90 201 209 232 519 668 685 732 790 882 1313 1387 1421 
346 706 761 834 895 1262 1338 
128 173 419 473 873 1186 1209 1373 
186 672 1029 1034 1133 1280 1361 1378 
11 242 356 386 567 701 755 795 1084 1153 1187 1255 
65 196 220 318 487 807 1231 1272 1391 
17 33 533 542 638 781 900 1232 1249 1358 
133 242 369 575 585 608 795 856 1303 1387 1423 
40 274 301 315 465 650 879 1214 1304 
2 210 221 368 399 615 883 
246 335 399 455 594 835 882 885 911 915 1191 1261 1378 1382 1414 
37 140 195 302 673 881 1022 1135 1249 1388 
105 142 441 585 657 683 725 728 904 1004 1042 1075 1329 
38 87 97 168 251 252 356 405 628 898 947 948 997 1061 1074 1153 
60 87 229 235 297 372 513 900 921 945 1038 1050 1230 1243 
39 266 458 484 612 629 852 953 988 1000 1141 1298 
72 98 137 166 235 276 404 586 637 681 834 839 974 1024 1102 1125 1232 1393 
21 382 414 416 747 784 878 942 1094 1184 1186 1312 
113 178 359 371 552 627 632 841 924 1009 1058 1083 1101 1156 1176 1216 1304 1317 
43 377 621 678 838 1187 1229 1279 1377 1399 1400 
16 69 92 252 261 289 347 350 361 460 599 637 691 752 917 1010 1060 1213 
4 616 729 850 877 1186 1188 
201 458 481 584 665 910 914 1397 1405 
112 470 480 846 1007 1078 1138 1259 1325 1430 
138 215 398 966 1046 1215 1222 
224 320 338 438 655 674 692 840 901 904 970 1042 1078 1128 1172 
21 39 122 470 484 619 628 731 782 1106 1128 1179 1288 1294 
285 482 515 584 800 812 1022 1193 1292 1348 
19 335 426 717 855 1051 1180 1210 1261 
20 34 139 200 282 455 583 651 736 968 976 1125 1211 1264 1280 1407 
42 248 295 439 751 813 972 1116 1174 1396 
47 142 306 344 417 581 646 1040 1097 
186 384 388 841 888 963 1407 
2 83 104 119 202 252 262 547 719 747 861 907 1019 1067 1070 1090 1240 1330 1414 
36 244 341 419 423 590 879 899 1025 1145 1208 1366 
666 755 969 1247 1321 1339 1431 
60 311 448 581 592 913 938 1268 1320 1375 1393 
171 202 208 330 385 633 678 713 796 943 1320 1381 1424 
100 162 261 507 826 1029 1133 1299 1304 
49 250 276 494 512 638 745 870 931 941 1081 1201 1339 
283 330 724 797 819 887 920 997 1034 1099 1187 1352 
23 395 452 634 764 880 1081 1124 1298 1321 1386 1393 
1 34 191 240 241 380 431 627 969 971 1052 1342 
2 148 156 221 276 303 429 638 701 745 925 1000 1177 1244 1301 
17 103 383 868 1009 1034 1082 1126 1309 
77 498 608 858 883 939 971 1045 1049 1070 1092 1208 1338 1367 
61 173 279 314 323 401 521 761 865 911 967 1339 1357 
108 114 377 559 684 711 729 1176 
104 126 259 454 473 527 594 944 945 1010 1102 
25 120 328 865 984 1163 
108 167 475 513 571 613 622 654 723 888 1132 1292 
102 227 330 812 873 892 944 1340 1388 
273 417 444 483 679 698 750 1109 1131 1140 1177 1189 1274 
107 189 270 286 465 841 1084 1235 1267 1312 
149 156 241 411 428 842 963 969 1035 1112 1250 1348 
4 212 480 656 813 838 900 1407 1418 
43 521 527 1100 1123 1246 1347 
85 129 378 552 767 899 947 1073 1121 1203 1214 
50 173 183 218 319 383 393 423 530 533 543 574 584 614 620 743 760 775 894 1055 1065 1066 1398 1431 
163 180 317 392 702 932 963 1103 1136 1354 1431 
248 414 419 889 933 1014 1037 1086 1172 1179 
258 328 426 527 640 678 863 1180 1310 
221 324 387 399 566 743 1301 
73 104 182 236 270 283 508 693 806 825 1131 
168 175 182 183 377 402 676 899 917 941 944 1029 1177 1304 1333 
480 563 574 713 805 1111 1247 1303 1380 
232 259 613 741 847 858 900 953 960 1341 
101 298 329 357 374 824 833 1244 1307 1358 
71 87 88 367 387 454 560 690 783 809 813 839 935 1104 1299 1323 1366 
47 505 979 1272 
35 153 218 352 432 440 648 758 1118 1215 
388 421 621 800 961 1047 1125 1206 1285 1343 
12 29 78 327 468 524 607 679 724 1296 
149 211 268 354 368 558 632 816 867 938 1031 1127 1188 
98 342 398 627 645 732 773 1102 1132 1243 1350 
209 252 347 488 504 857 1012 1410 
314 469 490 603 627 636 642 691 807 871 893 953 967 978 1130 1145 1151 1290 
69 139 185 372 378 716 788 1067 1147 1154 1415 
3 47 105 206 342 381 408 476 502 874 
30 150 163 197 308 469 872 998 
181 587 723 730 741 919 971 988 1171 1192 1237 1302 1338 1354 
47 188 231 263 405 465 545 745 872 1086 1146 1347 
189 369 399 422 656 859 968 1044 1110 1191 1212 1283 1375 
189 229 368 549 584 613 800 863 873 1086 1089 1145 1273 
81 249 471 757 1247 1308 
242 351 644 1349 1353 
13 105 116 119 145 169 504 558 766 806 969 1256 
2 4 123 184 294 513 561 583 612 681 795 840 881 1002 1202 
54 104 204 220 245 265 267 273 334 384 700 727 1007 1087 1310 1429 
319 320 372 392 582 970 1014 1094 1168 
74 297 407 943 1192 1307 1324 
28 73 113 164 356 439 501 656 744 791 909 996 1151 1214 1291 1329 
62 374 419 594 621 731 805 837 860 980 1011 1041 
102 290 583 661 816 876 883 1038 1087 1426 
170 261 292 326 434 599 873 883 972 977 1039 1064 1246 
36 211 263 323 391 627 649 719 734 773 
72 118 865 943 1054 1084 1129 
400 528 654 725 974 1213 
125 388 519 550 941 
145 238 294 543 614 880 911 1020 1224 
428 439 452 484 689 907 920 955 1050 1097 1390 
11 83 101 364 567 664 940 1000 
45 95 164 209 265 453 552 829 1060 
55 420 518 529 770 822 832 997 1084 1100 1330 1376 1400 
22 64 93 306 327 370 507 615 858 953 985 1187 1210 1251 1305 
99 217 255 540 611 635 711 1257 1280 1335 
216 327 438 566 595 651 767 999 1044 1278 
105 254 341 362 453 829 1076 1118 1152 1177 
81 92 129 248 428 442 455 464 470 510 554 626 784 790 800 975 1144 1315 
140 312 344 370 402 582 594 952 1027 1190 
225 413 749 802 1152 1179 1264 1298 1333 1396 1423 
139 201 225 235 244 297 381 453 508 734 767 880 886 1155 
70 209 257 392 446 514 532 745 1030 1125 1189 
87 92 156 166 171 344 368 598 927 1064 1156 1230 
24 179 451 604 905 959 973 1336 1365 
110 179 187 227 260 429 541 660 
58 72 85 269 338 371 501 1002 1128 1155 1160 1253 1305 
116 125 234 532 732 1018 1260 1306 
23 105 305 364 410 418 607 635 843 890 994 
110 131 206 238 353 425 556 842 962 
80 137 148 625 757 1182 1366 1380 1424 
35 352 448 582 639 737 1038 1094 1427 
291 380 558 643 811 885 1087 1103 1162 1204 1229 1405 1416 
58 107 309 469 493 564 698 732 733 781 828 914 964 1182 
404 703 730 783 821 909 1135 1282 1305 1354 
1 89 106 126 161 252 261 700 802 935 1021 1027 1084 1122 1230 1258 1288 1362 
183 478 775 778 821 1010 1080 1112 1180 1246 1303 1346 1384 
49 486 790 867 1013 1358 1376 1412 
60 88 188 224 275 335 416 744 814 924 986 1124 1143 1181 
304 340 401 410 460 574 584 706 809 821 831 961 1183 1186 1249 1352 
81 380 476 690 702 737 826 847 1204 1420 
23 38 148 278 283 322 704 746 758 873 897 952 967 1186 1227 1230 1235 1423 
72 279 418 483 503 646 951 1020 1054 1370 
70 217 245 453 591 625 820 824 884 1024 1269 1285 
68 188 362 811 825 967 971 990 996 1232 
654 716 841 874 937 1133 1163 1333 
69 172 422 829 1115 1241 1258 1430 
476 631 685 727 819 981 1060 1268 1326 
257 295 346 431 455 566 575 586 618 656 823 885 
40 156 504 538 580 733 734 736 836 925 1039 1176 1196 1318 1338 
309 492 599 662 1083 1168 1170 1176 1245 1292 
16 175 424 546 688 747 788 934 1007 1154 1246 1270 
21 162 351 410 540 638 698 906 942 1018 1073 1168 1242 1326 
412 417 421 443 478 571 597 679 710 792 815 933 982 1082 1099 1305 
131 301 358 378 609 804 850 983 988 1157 1253 
5 320 339 418 448 700 755 847 1082 1096 1191 1358 1411 1428 
573 779 982 1141 1220 1427 
165 234 509 585 724 877 987 1215 
70 83 94 200 220 277 325 332 570 593 905 989 1005 1007 1134 1161 1180 1381 1396 
93 540 549 656 661 677 1046 1062 1134 1146 1161 1278 
330 439 782 808 1079 1135 1215 1268 1333 
94 144 166 218 274 476 501 655 768 812 905 964 1125 1187 
54 91 474 576 632 791 855 936 1053 1189 1257 1380 
103 478 509 689 857 1052 1053 1056 1057 1302 1377 
418 497 598 687 705 706 748 775 777 796 1151 1279 1396 
181 218 234 318 363 391 490 527 694 743 817 819 977 1120 1383 
145 502 514 787 1420 
10 71 238 533 537 569 719 776 901 1127 1132 
103 228 382 594 809 876 1247 1258 1306 
20 90 386 389 433 515 580 651 711 834 872 888 
15 249 333 336 418 555 949 1013 1140 1221 
93 184 225 394 671 835 926 953 1062 1119 1158 1179 1217 1320 1324 1394 1407 
60 168 192 225 613 795 845 1007 1047 1057 1415 1420 
42 289 312 358 546 568 608 709 710 1042 1076 1181 1254 
153 193 196 256 462 597 610 672 725 744 811 836 841 
53 360 575 577 610 788 791 841 962 999 1065 1081 
5 44 109 148 149 388 440 447 461 506 558 563 665 713 913 971 1154 1348 1365 
233 240 306 906 956 1086 
40 153 215 436 453 463 612 737 749 791 891 1116 
198 300 507 583 722 815 1104 1335 1400 
333 365 375 772 903 977 1427 
205 274 332 487 494 629 947 952 1310 1361 
28 109 155 337 721 818 885 969 986 1166 1204 1252 1294 1349 
76 78 84 113 267 362 442 500 559 570 610 881 
51 115 142 325 336 410 550 589 614 803 808 817 885 930 954 994 1392 
257 489 643 792 892 1040 1152 1242 1305 1404 
103 207 252 437 634 761 801 969 1043 1123 1305 1396 
49 193 251 279 315 481 513 634 643 818 888 988 1142 1196 1222 1232 1268 
65 152 385 636 953 964 1121 1219 1357 
6 142 243 275 293 485 627 696 790 816 1388 
167 209 248 306 386 465 685 894 962 1011 1087 1297 1315 
78 531 1277 1302 1349 
216 228 450 640 746 1183 
433 706 832 1358 1382 
21 51 349 481 506 541 568 896 903 1203 1222 1331 1409 
907 914 933 960 962 1378 
27 225 242 522 523 821 883 894 948 1020 1213 1274 1328 1364 
232 464 826 895 945 1040 1193 1271 1326 
146 178 192 355 529 644 728 825 969 1168 1263 1341 1366 
50 536 569 781 1190 1216 1375 1428 
234 483 682 748 827 957 981 1110 1232 1416 
39 401 426 461 657 684 1075 1167 1227 1254 1405 
57 90 98 388 466 560 577 820 862 1046 1276 1313 1430 
301 442 511 804 992 1150 1218 1308 1333 
8 169 183 211 385 396 449 508 519 545 745 824 838 948 1088 1368 
65 206 229 379 565 756 789 822 908 926 960 1058 1144 1267 1313 
8 101 476 494 539 604 822 848 870 993 1095 1236 1376 1389 
159 164 221 348 414 479 1377 1408 
69 126 156 211 373 421 504 775 823 1055 1104 1195 1196 
90 302 457 463 574 781 1211 
26 171 198 296 418 564 579 583 818 829 867 915 1057 1087 1100 1130 1252 1336 
32 56 196 503 780 823 888 1170 1379 
25 53 133 349 884 1009 1089 1103 1119 1120 1257 1365 1387 
233 243 296 324 360 397 487 659 664 793 795 901 958 1245 1309 1354 1400 
254 422 466 516 951 1018 1184 1391 
128 229 337 469 576 622 764 957 1055 1318 1368 1373 1403 
132 514 560 684 691 899 929 1098 1115 1290 1338 1400 1406 
27 673 675 991 1147 1183 1367 1410 
180 290 296 413 566 913 988 1078 1112 1210 1313 1330 1341 
61 310 408 504 524 600 666 695 730 940 1031 1318 
116 261 693 771 793 805 862 881 974 1117 1345 
284 356 366 583 713 989 1360 1363 1402 
75 162 204 496 527 613 664 698 701 758 1253 
496 548 623 668 742 785 837 860 965 1076 1222 1230 1334 
382 519 630 651 772 815 889 
144 269 628 731 807 817 857 911 1141 1158 1302 1384 
117 210 698 1100 1229 1384 
138 358 366 371 465 522 624 735 741 913 985 1062 1085 1377 
4 111 156 220 407 886 924 1164 1227 1257 
413 498 572 730 894 896 1074 1159 1393 
271 368 767 1203 1304 1363 1425 
139 491 543 713 737 1036 1430 
21 122 290 422 427 710 825 1039 1213 1280 1352 1373 1381 
107 118 221 252 254 316 368 467 555 571 782 846 1027 1179 1189 1190 1319 1420 
117 561 592 598 633 656 680 924 955 964 1048 1082 
97 222 656 687 727 753 889 979 1387 1430 
90 111 217 305 499 578 621 642 683 863 1029 1162 1301 1423 
34 467 623 712 724 1091 1142 1175 1179 1207 1383 
110 132 255 449 555 807 1047 1205 1338 
2 20 238 506 640 702 880 961 984 1045 1090 1311 1333 1335 1353 
113 415 452 459 564 664 827 950 994 1006 1091 1126 1177 1293 1318 1346 1361 
143 144 246 262 425 494 736 791 840 857 926 933 1065 1193 1313 1399 
25 61 107 158 160 245 316 659 709 827 1377 
44 138 208 227 304 368 409 531 740 844 1071 1192 1374 
71 265 625 635 666 703 885 1021 1055 1097 1203 1301 1430 
97 123 244 391 504 594 618 658 667 673 910 968 977 1032 1153 1170 1200 
206 233 255 292 451 473 548 566 763 773 921 955 1205 1248 
343 553 568 614 793 1146 1231 1337 1398 
157 523 546 668 739 767 926 1094 1233 1240 
45 393 459 711 911 1040 1054 1129 1264 1354 
13 91 252 408 484 561 603 619 833 882 903 982 1001 1237 1241 1258 1283 
87 135 202 218 630 632 689 801 854 893 1020 1035 1063 1102 1220 1247 1423 
328 367 412 616 822 832 899 918 932 1095 1280 
56 275 304 547 626 633 722 749 1101 1188 1345 
47 213 418 654 676 721 747 813 894 923 1091 1101 1124 1207 1391 
470 533 538 578 585 783 824 861 1010 1028 1340 
429 576 604 644 648 761 855 874 927 1023 1116 1216 1312 1346 1398 
207 651 653 725 739 837 857 1015 1030 1193 1214 1410 
143 172 200 291 383 396 432 476 902 906 974 1042 1295 
9 268 357 483 648 936 1091 1127 1225 1424 
93 378 502 516 867 1012 1146 1392 
6 397 534 550 625 851 902 996 1095 1111 1230 1385 1392 
185 209 294 593 649 660 810 821 948 995 1114 1121 1248 1321 
12 32 198 375 476 583 618 656 699 756 757 912 1276 1380 1414 
29 51 154 433 510 540 655 858 971 1136 1364 
18 283 505 619 761 853 964 1174 1283 1373 
81 298 372 416 448 518 546 639 689 871 882 971 1195 1378 
229 281 285 314 411 735 776 819 853 995 1021 1144 1253 1421 
143 473 494 547 726 832 879 983 1007 1018 1074 1201 
11 41 87 467 499 603 1163 1211 
106 147 241 458 483 577 911 1163 1314 1319 
33 111 277 360 453 533 640 650 874 1006 1147 1244 1254 
116 221 529 639 987 998 1209 1255 1280 1341 1431 
45 456 616 681 811 918 1010 1090 1169 1308 1336 
14 38 57 106 112 254 368 375 439 509 746 810 813 918 947 
317 448 475 587 656 770 1055 1120 1260 1306 
30 462 515 556 730 748 800 841 953 990 998 1286 1351 
28 67 160 209 475 502 570 597 877 985 994 1084 1144 1171 1181 1233 1322 1429 
14 214 536 555 605 698 721 773 1042 1272 1312 
33 178 191 265 510 598 626 723 985 1094 1155 
105 449 469 631 762 843 900 981 1411 
91 289 292 341 346 623 650 833 925 975 1265 1383 1413 
172 239 399 419 431 591 713 985 1082 1159 1233 
14 234 339 397 403 479 510 521 563 586 693 831 932 942 1227 1280 1390 
332 337 368 393 439 820 1198 1312 
317 322 457 555 650 692 721 891 1022 1116 1130 1219 1337 
30 33 150 297 326 448 583 823 850 879 989 1326 
13 42 43 105 185 189 390 575 761 778 859 981 1002 1234 
235 247 649 693 918 961 990 
15 81 130 484 852 984 1008 1182 1261 1342 1422 
344 704 741 989 1010 1013 1024 1119 1152 1342 
83 118 125 291 443 582 615 716 738 825 868 909 1056 
346 534 817 954 1024 1037 1166 1187 
458 562 718 843 1077 1099 1354 1360 
71 86 111 320 358 402 419 468 545 628 1184 1221 
177 240 292 416 818 1015 1023 1042 1224 1270 1402 
88 89 182 606 609 648 716 719 826 988 1075 1137 1166 1201 1398 
3 137 218 453 474 577 775 977 1069 
187 207 423 464 534 579 849 1059 1185 
34 209 330 404 450 705 741 838 868 873 975 983 1051 1228 1407 
102 103 519 832 854 961 1249 
117 1227 1351 
46 160 639 695 717 1154 1274 1292 1353 
386 550 569 728 1117 1204 1315 1320 1384 
146 199 271 272 424 506 556 617 772 922 993 1249 1263 1289 
43 97 228 243 578 801 992 1004 1027 1289 
596 769 791 842 851 917 1210 
296 382 428 612 698 708 748 1038 1066 1162 1166 1345 1413 1427 
100 193 317 355 473 680 1091 1190 1325 1411 
103 255 288 454 596 758 1072 1142 1181 1252 1323 1355 
135 169 270 474 475 483 715 1143 
100 415 752 759 1068 1237 
257 261 276 325 397 478 607 781 942 1021 1057 1306 1430 
211 360 376 393 472 522 637 893 896 1179 1417 
368 409 484 547 669 770 970 1021 1110 1349 
112 119 131 201 238 319 414 591 622 629 684 726 747 768 1185 1247 
89 331 552 573 623 738 761 872 898 982 1324 1377 1410 
86 179 294 604 632 671 758 837 905 1020 1106 1307 1319 
17 213 262 283 448 545 563 805 1147 1155 1263 1316 1336 
81 173 336 550 565 689 987 1280 1390 1402 
32 41 285 368 660 719 1045 1049 1119 1243 1286 
166 191 329 381 402 536 695 841 968 1078 1091 1276 1338 1363 
12 167 196 253 270 360 515 615 754 873 1167 1168 1316 1345 
24 204 259 523 537 581 616 897 1025 1029 1279 1322 1407 1431 
86 103 119 306 527 663 850 902 1185 1332 1417 
7 28 116 430 443 544 561 709 919 1051 1070 1115 
145 418 553 579 746 788 914 943 1175 1259 
32 102 235 270 328 352 384 386 405 489 715 718 835 1097 1136 1354 1372 
8 137 178 212 217 222 323 336 525 594 898 933 977 980 1040 1084 1313 1381 
86 93 257 325 481 615 885 926 1140 1188 1282 1300 
112 120 240 524 551 659 795 848 889 959 967 1065 
66 196 237 447 580 658 844 1022 1135 1371 1385 1421 
74 125 128 156 328 383 462 551 617 728 759 977 1003 1148 1190 
118 252 347 534 553 932 967 1034 1054 1104 
88 211 351 486 487 708 979 1027 1057 1156 1193 
6 13 80 243 293 415 428 544 994 1293 
15 22 105 140 258 386 488 719 1084 1152 1246 1270 
31 326 330 613 843 885 904 980 1045 1409 
25 173 316 349 353 452 641 677 707 953 1010 1025 1039 1069 1123 1192 1212 1225 1311 
10 127 161 431 566 572 602 682 770 779 1046 1110 1173 1214 1371 
301 371 492 539 571 701 745 819 915 1155 1222 1240 
126 181 638 749 998 1065 1393 
279 386 536 664 743 859 894 1042 1232 1339 1393 
282 432 485 487 756 885 919 977 1030 1122 1246 1282 
18 87 102 111 395 498 556 901 985 1028 1033 1145 1225 1240 
49 208 243 384 751 855 947 1035 1053 1273 1274 
105 341 442 730 884 892 1051 1163 
206 649 846 921 1019 1156 
179 210 380 556 559 596 1143 
146 214 405 562 588 647 694 911 1083 1142 1148 1161 1193 1213 1348 1367 
26 209 318 571 581 585 743 780 1037 1056 1059 1157 1296 
339 416 469 524 557 705 774 893 975 1006 1027 1275 1411 
161 181 802 899 1115 1145 1358 1375 
106 215 262 557 660 765 822 863 922 1022 1166 1333 
227 360 407 445 554 678 695 746 785 848 853 953 1102 1116 1186 1247 1261 1285 1290 1312 1429 
15 335 461 564 722 959 1141 1212 
164 176 365 392 401 448 459 534 535 563 575 714 796 841 904 906 974 1019 1032 1421 
322 501 944 980 1139 1218 1286 1308 1423 
69 72 90 106 545 631 971 1127 1214 1224 
38 513 542 630 1043 1198 
94 298 425 562 620 653 972 1015 1229 1399 
89 274 292 309 403 459 916 1014 1019 
140 450 673 735 755 908 1208 
225 291 624 790 986 1162 1308 1338 
11 17 260 283 411 513 522 540 642 770 887 1002 1191 1279 1337 1388 
109 332 476 788 836 961 1261 1292 1372 
345 519 544 804 814 1227 1260 1326 
545 770 918 958 1052 1144 1272 1330 1429 
170 310 523 548 878 1128 1131 1293 1330 1334 1344 1377 1429 
37 153 614 691 957 1143 1386 
97 171 221 961 1222 1391 
100 244 249 305 471 617 725 1065 1111 
276 313 474 688 694 722 793 946 1028 1173 1344 
75 89 118 321 517 545 662 826 907 1240 1281 1410 
3 72 270 335 939 958 1006 1029 1196 1308 1413 
7 84 301 517 776 874 949 1086 1091 
234 267 374 554 893 930 953 997 1144 1321 1324 
79 94 459 638 761 765 804 856 930 974 
39 150 329 347 371 654 709 837 941 988 1080 1334 1390 1395 1407 
197 277 362 382 453 871 984 1236 1278 1296 
24 267 534 608 727 1006 1009 1232 1255 1342 1370 
19 326 397 573 919 985 1132 1148 1248 1321 
5 92 133 174 246 500 639 739 906 1100 1102 1261 1318 
97 322 536 770 779 930 949 999 1037 1218 1314 
29 36 101 143 357 501 516 615 844 962 1327 1408 
310 447 490 891 1206 1213 
151 180 258 287 687 916 1211 1213 1261 
96 202 464 535 686 712 816 1003 1148 1164 1392 
108 197 292 451 672 753 813 859 1018 1074 1219 1366 
34 168 202 269 302 410 463 551 566 619 787 890 983 1236 1353 1392 
105 110 210 378 440 712 743 811 832 1063 1382 
16 71 87 108 235 257 330 386 516 669 888 978 986 991 1036 1233 1254 1270 1293 1299 1319 1413 
30 335 585 700 791 976 1283 1338 1376 
58 69 207 249 373 520 583 588 729 743 769 1089 1093 1155 1230 
82 180 214 230 252 253 465 649 672 734 832 847 888 965 1027 1079 1123 
14 37 79 519 602 621 654 780 1083 1166 1277 
489 847 914 1067 1140 1148 1201 
38 858 970 1197 1245 1347 1429 
79 131 200 362 433 452 522 526 578 607 781 887 973 1045 1097 1170 1205 1293 1307 1361 
95 204 263 286 563 810 954 1013 1205 1309 1379 1422 
81 168 185 203 398 435 455 692 722 1100 1133 1145 1214 1284 1310 1364 
141 178 179 314 353 522 640 869 1124 1367 
52 98 369 440 539 917 1143 1179 1233 1380 
82 434 544 748 924 1079 1083 1093 1111 1127 1129 1288 1310 1373 
25 147 230 441 590 718 756 889 957 962 1030 1105 1303 1355 
197 464 599 651 967 991 1176 1280 1314 
14 58 311 439 464 493 736 768 831 854 882 961 975 1145 1290 1423 
46 134 144 638 830 963 994 1074 1106 1268 1392 
59 166 264 607 634 1101 1103 1132 1285 
37 213 219 236 473 542 625 678 817 1122 1143 
15 38 282 453 473 532 812 848 901 1011 1088 1353 
151 357 415 469 549 902 964 971 1137 1301 1307 1333 
227 537 687 690 1343 
25 141 347 375 476 521 531 582 970 1025 1256 1322 
260 265 656 882 1000 1016 1149 1222 1269 1394 
82 197 250 275 610 627 788 824 887 937 950 1039 1150 
54 387 445 591 596 946 1017 1375 1380 
83 170 246 338 602 951 1203 1313 1418 
66 129 159 593 627 704 808 913 936 959 1110 1169 1208 1232 1273 1362 1369 1384 
153 214 343 405 467 596 620 636 881 1000 1117 1127 1233 1401 1427 
873 1245 
482 554 578 585 738 744 854 1189 1226 1324 
124 479 553 655 672 700 989 1085 1375 
224 230 360 390 579 730 1019 1063 1155 1208 1251 1303 1316 1388 
350 382 457 537 759 790 1048 1068 1092 1252 1374 
322 407 474 557 671 746 934 1020 1287 1324 
14 176 568 615 773 846 1034 1205 1379 1383 
64 280 398 447 535 680 744 758 803 966 
182 184 322 498 603 632 850 1052 1278 
172 331 357 693 819 820 1004 1269 1331 
23 26 38 57 148 197 270 390 434 519 529 576 646 723 848 978 1154 1161 1188 1257 1310 1352 1357 
63 336 402 525 828 878 890 996 1032 1057 1292 
48 139 230 310 384 427 433 762 819 912 1003 1049 1208 1354 
126 132 151 433 449 878 1027 1053 1098 1197 1266 1271 1330 
405 421 449 694 925 1018 1167 1260 1405 1431 
8 23 34 54 295 527 567 662 1132 1273 1338 
266 339 449 541 706 752 773 894 920 1023 1100 1163 1413 
121 132 148 431 440 478 531 810 922 1038 1124 1153 1164 1310 1341 1382 
121 195 273 591 616 721 789 792 810 1198 1271 1301 
133 141 548 557 682 832 941 1202 1328 
8 181 283 543 839 1116 1144 1179 1224 1310 
50 95 153 234 294 376 390 527 590 599 750 778 903 942 969 976 1157 1171 1251 1313 
61 76 198 523 794 896 936 993 1232 1303 1357 1374 
9 277 295 368 372 465 642 650 690 693 756 764 958 990 1009 1053 1096 1111 1298 1327 
228 232 401 438 474 721 727 817 886 1162 1212 
12 48 349 353 391 422 504 640 755 819 1323 
60 173 242 441 492 574 626 654 725 1097 1168 1240 1317 1339 1349 
55 327 343 451 554 615 781 995 1197 
42 59 74 284 464 500 576 607 703 917 990 1186 1230 1277 
420 478 553 641 945 1063 1392 
23 245 362 741 1018 1092 1097 1167 1213 1425 
30 105 175 245 290 340 645 771 920 929 1005 1181 1417 
40 252 330 611 736 856 
99 172 196 267 272 535 688 793 902 987 1165 1248 1413 
622 791 1024 1374 
23 26 164 225 314 345 455 662 745 863 904 965 1037 1075 1210 1391 1403 1411 1415 
43 290 505 563 643 704 743 844 860 996 1057 1101 1226 
14 296 394 430 563 898 928 974 1019 1183 1351 
6 124 380 441 522 609 617 727 834 858 950 999 1030 1207 1389 1402 
88 296 611 632 724 1415 
4 132 194 250 368 774 806 887 889 913 993 1120 1295 
123 311 356 486 556 565 587 616 677 1079 1263 1277 
263 284 580 732 785 795 802 975 1035 1165 1166 1251 1279 1304 1328 1407 
226 289 546 1071 1132 
85 87 194 351 515 743 797 859 1084 1259 1290 1310 1363 
653 677 827 856 1007 1121 1366 
265 396 814 906 1025 1031 1151 1220 1243 
154 239 367 416 421 530 548 1021 1042 1069 1106 1183 1193 
39 70 309 461 615 706 1015 1271 1293 1340 1392 
14 125 188 606 693 808 894 967 1002 1070 1181 1199 1240 1304 1333 
32 111 121 279 413 575 614 639 664 667 683 813 1139 1156 1217 1400 
7 38 42 283 520 751 1006 1042 1112 1173 1214 
23 48 49 480 524 604 985 1005 1237 1267 1417 
64 101 157 225 295 302 384 405 546 578 726 736 858 1064 1072 
139 244 250 651 760 803 844 904 936 1268 
368 436 464 508 597 1005 1112 1121 1126 1149 1165 
467 567 675 781 905 917 994 
36 57 159 464 954 1184 1260 1297 
138 278 436 587 741 807 1083 1170 1206 1255 1417 
5 169 211 456 639 683 
29 193 205 273 511 650 695 1278 1343 1393 1414 
17 73 207 230 316 433 499 509 612 698 747 776 962 1042 1115 1179 1184 1329 
34 336 460 533 923 1194 1379 
170 275 378 434 555 1163 1392 
8 86 125 139 197 215 299 327 418 790 793 822 935 984 1033 1061 1143 
523 654 762 804 819 1128 1359 
134 188 227 233 828 1012 1145 1198 
45 195 466 689 886 1110 1423 
67 387 451 475 626 665 715 823 1008 1266 1367 
23 161 505 738 864 945 964 1097 1317 1337 
33 39 83 164 310 418 437 489 663 724 784 798 1257 
163 230 286 401 462 475 478 541 606 692 754 859 957 1052 1129 1181 1315 1376 
31 99 111 186 207 309 453 485 738 1206 1240 
15 42 60 98 128 186 279 295 513 520 547 672 753 784 798 820 1089 1237 
50 62 742 799 1004 1144 1271 1322 
3 16 28 314 317 397 472 513 630 762 1004 1361 
70 95 111 117 124 176 295 297 347 464 656 898 1107 1120 1137 1157 1305 1430 
18 59 350 764 825 993 1403 1430 
105 120 173 790 793 821 1078 1137 1375 1430 
171 242 259 794 988 1199 1346 1365 
31 337 381 393 418 576 928 1028 1058 1235 1339 
72 486 551 605 1051 1255 
127 178 204 420 435 652 762 837 839 927 1191 1265 
99 167 246 484 727 774 1092 1098 1117 
57 118 454 503 666 677 785 911 1110 1116 1264 
116 206 264 375 402 520 618 945 981 1014 
5 24 160 373 396 760 888 1002 1069 1092 1209 1225 1325 
84 238 283 315 386 525 538 778 892 936 990 1151 1250 1276 
287 460 484 718 769 983 1012 1033 1087 1097 1129 1311 
132 378 439 468 843 902 1064 1168 1218 1388 
79 562 574 699 737 738 965 1075 1161 1219 
48 67 79 283 432 444 474 573 690 889 919 1038 1211 
124 158 337 361 461 710 1166 1171 1304 1331 
229 253 340 365 378 554 574 688 770 856 869 911 914 1033 1075 1105 1127 1324 1326 
438 666 766 1189 1229 1270 
5 13 188 269 453 479 524 910 921 964 1099 1400 
48 234 383 403 489 687 953 982 1167 1201 1242 1405 1420 
45 47 74 172 465 484 525 592 709 744 889 1051 1142 1294 1336 
140 482 487 510 595 819 830 1258 1362 
18 73 170 276 294 305 350 447 465 567 640 729 732 745 785 818 892 914 957 1428 
62 219 443 502 584 729 793 961 1035 1112 1137 1173 1216 1271 1286 1323 1347 
434 436 439 496 562 798 869 940 981 1053 1232 1308 1327 1341 
94 413 505 506 552 653 784 862 945 976 1123 
20 147 203 239 278 448 508 511 586 788 1039 1264 1266 1302 1362 
61 154 273 377 443 504 555 715 1080 1133 1377 
112 373 444 498 532 591 797 1085 1111 1402 
50 150 160 260 303 348 440 497 596 673 858 1013 1214 
132 290 500 540 542 765 871 978 1021 1210 1245 1370 1375 1398 
52 193 433 731 786 933 959 1314 
58 274 412 417 446 510 840 887 950 1026 1028 1243 1342 1425 
11 92 101 145 172 239 707 818 1079 1202 1297 1368 
152 439 583 706 1030 1054 1137 1318 1395 
85 123 125 143 413 493 552 568 600 690 694 739 1064 1214 1307 
49 82 125 259 377 550 581 845 854 984 1189 1251 1419 
104 170 311 326 469 758 1168 1225 
57 77 145 265 293 320 471 627 912 1029 1062 1097 1141 1249 1312 
153 154 449 474 665 866 1104 1125 1198 
402 523 557 617 678 802 1055 1076 1358 1412 
6 101 122 249 329 365 504 599 1029 1195 1247 1290 1430 
29 182 256 326 378 740 802 850 863 1309 1376 
335 397 541 829 1154 1229 
36 108 328 342 363 445 474 475 576 621 656 976 1118 1321 
60 193 218 364 429 606 965 992 1286 
267 428 580 593 637 809 1097 1339 1375 1405 
108 252 277 296 543 631 684 756 774 990 1217 1410 
209 309 472 833 884 1032 1293 1315 1355 
177 266 309 333 533 647 726 1015 1092 1120 1265 1400 
49 57 134 149 197 376 440 455 694 696 932 998 1073 1113 1188 1255 1267 
228 249 506 630 654 710 730 884 923 1035 1080 1090 1138 1202 1279 1342 
8 90 146 598 962 1003 1285 1287 
294 331 454 586 624 728 839 1006 1071 1170 1360 1362 
116 561 606 921 1052 1222 1224 1255 1288 
15 95 300 325 589 870 887 1184 1254 1343 
565 567 654 876 951 1077 1106 1117 1404 
102 135 177 228 236 551 600 706 721 833 991 1116 1134 1180 1248 1312 1347 1422 
82 87 254 297 338 462 556 645 875 924 979 1242 
6 97 236 294 317 677 752 765 813 1162 1171 1293 1314 1413 
17 385 463 525 541 557 940 1048 1123 1155 1176 1292 1327 1344 
102 106 355 376 414 564 697 758 773 826 891 940 945 1021 1293 
392 587 642 688 764 791 955 991 1191 1296 1314 1410 
96 140 157 402 523 756 893 916 965 995 1176 1278 1341 1381 
188 212 304 343 555 995 1083 1135 1252 1374 1413 
52 115 134 164 309 502 520 822 1414 
98 211 227 371 393 536 653 755 839 959 1190 1345 1393 
125 789 888 922 958 1058 1247 1267 1299 1340 
158 245 259 308 356 359 406 1031 1307 
21 70 84 138 241 277 836 885 982 1123 
69 178 302 383 437 510 560 1279 1406 
114 270 354 591 599 966 999 1053 1071 1248 1403 
249 701 813 821 1046 1143 1286 1300 
349 506 852 1019 1040 1041 1046 1126 1398 1406 
38 39 54 278 386 566 679 827 1111 1186 1223 1352 
50 95 98 298 389 391 469 616 1015 1031 1329 1354 
87 94 125 312 361 393 404 441 599 622 720 887 956 974 1160 1228 1303 1343 1359 
208 255 388 445 556 571 675 924 950 1059 1264 
94 146 168 199 202 235 248 855 903 943 961 1130 1191 1385 1411 
68 403 468 853 912 1186 1362 1410 
50 331 457 577 907 947 1075 1266 1302 1365 
1 84 185 327 668 731 733 1134 1229 1245 1338 
56 128 239 318 344 568 586 949 958 1029 1158 1188 1304 1324 
215 351 409 421 539 1015 1061 1118 1121 1144 1157 1217 1415 
169 251 321 397 483 520 719 960 1136 1147 1308 1339 1346 
215 310 320 550 566 706 714 994 1087 1258 1361 1363 
228 268 307 319 355 403 404 496 904 965 996 1162 1175 1378 
22 167 443 512 646 845 848 942 1142 1149 1260 1285 
267 273 287 320 432 448 482 484 544 629 637 643 866 979 1400 
141 228 233 421 528 744 787 889 941 955 998 1045 1250 
299 350 664 698 715 760 829 852 873 1112 1287 
156 342 360 469 487 511 691 694 806 864 1230 
52 265 370 524 535 630 704 760 811 817 886 1158 1205 1311 1420 
97 160 428 689 731 921 980 1190 1407 
39 192 478 585 685 858 996 1049 1122 1238 1241 
42 361 485 646 807 819 943 1005 1071 1093 
386 551 613 651 676 860 919 1119 1159 1169 1181 1291 1302 1322 
160 176 368 490 496 529 554 642 736 769 1204 
54 163 311 497 1095 1128 1183 1358 1422 
148 194 494 529 613 742 930 1009 1101 1144 1179 1188 
51 63 136 441 623 1005 1270 
49 236 323 616 628 757 796 1089 1167 1258 1396 
98 171 220 282 305 344 367 374 516 552 652 1289 1389 
97 265 316 324 365 376 580 957 1280 
31 335 467 513 644 710 1067 1161 1255 
1 3 38 115 123 132 161 212 300 558 561 624 711 753 809 
96 480 494 550 741 875 1104 1160 1318 1416 
286 322 335 637 656 755 774 883 1045 1071 1108 1153 1185 1251 1269 
424 458 461 617 776 970 1137 1222 1278 1283 1385 1388 1410 
35 452 477 558 656 682 766 1143 1300 1382 
30 71 94 222 343 410 495 673 877 1085 1086 1142 1267 1295 1329 
75 85 177 181 197 505 662 929 1134 1296 1333 
118 122 136 173 401 434 591 957 1132 1134 1324 
110 139 225 251 259 267 332 545 815 988 1017 1256 1405 1414 
265 320 356 409 525 549 570 649 804 813 1021 1131 1221 1340 
171 241 563 732 835 876 1014 1037 1355 1356 
47 158 188 238 246 249 346 476 518 527 718 760 993 1006 1061 1065 1169 1196 1203 1376 
2 116 254 302 332 433 495 626 696 813 819 956 1301 1318 1386 
58 181 228 320 510 640 980 1096 1185 1213 1377 1400 
44 201 216 291 661 686 860 1018 1127 1229 1233 1306 
104 234 330 374 606 702 748 776 1082 1209 1248 
287 552 573 574 588 667 950 987 1001 1069 1107 1226 1306 1326 
68 95 109 390 625 643 681 811 893 1116 1237 
132 350 410 736 751 928 1002 1044 1272 1353 
13 14 20 142 167 291 324 546 647 815 851 890 926 959 964 973 1149 1183 1329 
22 179 208 236 604 653 737 864 997 1003 1113 1187 
1 246 554 782 848 1252 1297 1319 1325 1412 
67 328 438 528 534 703 855 874 1091 1176 1200 
47 235 353 449 581 734 952 1021 1079 1233 1307 1422 
471 505 541 548 629 921 965 1055 1426 
46 103 107 129 138 423 556 802 1105 
55 233 757 800 920 970 1072 
26 48 267 516 751 908 1073 1104 1171 1420 
58 95 114 251 484 676 677 683 896 1021 1136 1206 1409 
35 158 221 267 349 1041 1141 1230 1307 1339 1400 1408 
249 369 552 583 633 847 1202 1388 
40 104 133 165 192 370 453 495 541 628 828 957 1023 1024 1061 1198 1214 1391 
225 451 725 1248 
13 46 151 296 378 435 784 1117 1219 1258 
126 243 462 559 718 742 774 807 979 1036 1136 1240 1277 
445 715 994 1017 1396 
113 346 383 953 971 1222 
126 355 674 1043 1170 1190 1264 1302 1317 1384 1422 
210 411 519 821 857 858 1264 1396 1421 
274 349 374 408 678 739 886 1424 
112 117 232 327 452 583 612 741 884 1028 1241 
16 347 400 406 626 875 892 957 976 1133 1175 1297 
188 194 358 361 374 657 1170 1184 1366 
215 268 324 358 497 749 789 805 822 858 994 1035 1058 1115 1138 1309 
672 716 985 994 1037 1115 
12 108 136 305 323 367 481 574 645 877 1387 
45 158 323 496 504 562 1038 1055 1138 1389 
176 292 470 675 683 879 1120 1153 1191 
114 252 272 540 715 758 829 874 918 954 995 1157 1184 1208 1346 
187 442 514 717 853 1098 1139 1233 1267 
106 233 266 295 419 441 481 925 1086 1401 
2 144 186 217 263 325 376 386 414 471 488 576 638 654 676 816 938 1124 1142 1200 1246 1270 
109 186 212 220 484 592 699 777 950 1004 1091 1106 1170 1282 1378 
7 410 534 546 859 886 991 1008 1290 1318 
19 50 291 292 303 477 873 914 980 1098 1221 1257 1304 1333 
189 201 288 500 515 669 704 791 819 900 909 933 943 991 993 1000 1002 1133 1312 1348 
191 513 667 674 743 864 879 1045 1312 1324 1377 1405 
36 71 151 424 630 655 718 828 863 921 982 1193 1320 
116 209 265 306 376 495 505 881 965 1113 1221 1292 1376 1402 
4 10 18 145 381 439 539 588 600 665 670 706 820 875 979 1051 1230 1256 1418 
42 57 118 177 183 293 429 475 490 495 684 704 781 849 1033 1237 1317 1346 
36 37 197 234 256 342 364 369 707 977 1248 
170 433 461 488 534 565 711 789 815 921 1114 1131 1145 1195 1214 1281 1417 
184 234 302 523 694 755 810 842 860 883 926 960 1012 1092 1410 
26 250 254 334 727 868 1331 1424 
187 280 356 386 441 444 630 633 705 769 970 1080 
81 90 142 339 392 545 621 1053 1062 1155 1193 
245 249 345 352 364 396 482 486 498 741 1034 1097 1283 1369 1424 
174 283 335 399 614 697 713 905 928 967 979 1093 1165 1183 1244 
138 248 352 355 390 444 476 564 566 658 711 938 1022 1316 1345 
39 67 340 404 660 1152 1242 
6 28 235 424 698 921 1365 1400 
8 326 407 520 558 656 677 757 873 1000 1115 1236 
114 187 305 418 581 599 651 706 762 1253 1259 1417 
72 339 692 741 822 841 943 1092 
3 404 465 480 545 597 628 632 643 963 1047 1353 1383 
42 197 277 386 691 730 827 1114 1150 1152 1322 1368 1407 
88 379 535 634 855 885 936 961 970 1153 1225 1370 1378 
24 190 272 402 628 637 657 890 915 956 983 1022 1047 1081 1226 1273 
304 447 500 580 587 805 821 1076 1163 1421 
29 453 456 550 616 816 866 959 1031 1103 1146 
23 99 188 247 454 568 599 689 808 980 1061 1149 1234 1259 
359 539 589 679 784 833 1045 1062 1069 1129 1150 1228 
56 256 265 270 414 527 577 579 582 644 681 772 946 1020 1031 1177 1246 1292 1371 
438 482 663 691 991 1191 1289 1318 1344 1431 
130 136 190 212 266 457 572 619 753 918 1010 1114 
201 289 325 390 454 487 518 596 678 799 910 1225 1380 1413 
226 458 521 586 590 722 1017 1106 1151 1205 1293 1300 
51 52 130 143 193 444 576 588 743 748 807 844 1071 1208 1250 1259 1270 1420 
112 118 517 691 705 854 859 955 957 986 1010 1029 1223 
85 97 161 197 252 503 605 842 1183 
506 604 742 760 797 913 957 1046 1060 1233 1267 1281 
16 166 428 484 540 577 635 707 776 882 937 945 946 1076 1089 1111 1232 1412 
243 262 562 567 747 860 861 950 1012 1078 1381 1395 
16 261 401 444 561 731 756 883 891 1081 1132 1161 1311 1379 
2 31 42 323 350 413 676 922 1030 
3 54 208 389 572 576 641 847 886 1024 1037 1365 
107 229 416 475 683 758 868 1037 1220 1235 1265 1394 1419 
38 197 219 277 325 353 411 714 719 957 974 1029 1039 1100 1205 1231 1303 1365 
46 60 73 263 550 918 1070 1399 
45 153 397 426 587 664 769 806 920 957 1280 1288 1383 1411 
117 632 687 732 849 922 1064 1157 1233 
188 241 322 605 729 794 795 954 1114 
221 458 751 772 775 892 897 1182 1191 
56 540 571 651 674 680 771 850 913 1167 1196 1274 1388 
80 333 398 451 458 472 568 765 1164 1184 1210 1323 
127 589 788 955 1264 
127 248 328 354 512 680 743 896 1092 1153 1375 
64 96 138 237 287 330 358 436 555 573 590 638 987 991 1039 1072 1151 1226 1258 
49 50 71 297 402 490 710 1015 1181 1221 1339 1431 
71 102 200 285 385 560 786 808 965 995 1039 1090 1285 1396 
224 437 470 590 699 826 1145 1179 1224 1399 
86 370 399 661 805 912 1096 1139 1172 1274 1391 
191 557 595 660 768 846 872 880 1011 1030 1054 1141 
71 136 272 714 1199 1204 1233 1237 1419 
90 187 716 910 937 989 1050 
19 67 86 115 427 452 514 568 688 734 750 916 
64 343 647 656 661 723 757 870 1059 1083 1178 1214 1270 1311 1338 1350 1416 
87 281 409 442 496 551 617 725 985 1058 1124 1301 
66 171 203 435 544 567 612 614 767 827 858 911 925 930 1040 1123 1306 1389 
113 148 321 337 585 631 653 971 980 1110 1223 1380 
187 556 595 736 933 1211 1310 1423 
29 115 176 200 224 326 443 590 592 754 933 998 1084 1095 1195 1211 1264 1420 
34 96 344 623 638 713 766 1027 1084 1146 
84 201 261 829 1108 1293 1373 
92 172 419 435 533 605 634 651 694 733 1025 1198 1337 1341 
37 45 71 555 644 672 800 829 942 1089 1142 1167 
13 121 215 297 313 348 374 536 623 674 835 838 879 991 1000 1107 1195 1246 1290 1370 
86 93 252 422 557 643 704 758 831 997 1015 1140 1220 1287 1392 
157 383 519 766 865 872 982 985 1041 1315 1381 
545 656 731 845 1068 1358 1400 
67 158 644 784 808 813 962 1090 1145 1164 1430 
66 90 215 313 350 354 633 726 969 1229 1250 1424 
364 551 645 762 820 848 945 1116 1280 1297 
61 62 188 531 691 936 1078 
64 69 109 171 289 370 592 650 683 755 912 946 998 999 1067 1137 1379 1387 1429 
65 324 403 431 607 737 811 948 1081 1100 1186 
268 404 449 532 638 715 823 1000 1010 1012 1115 1272 1290 1430 
168 341 485 497 549 628 870 1021 1045 1256 1394 
57 287 292 402 870 931 1031 1059 1109 1342 1367 
61 95 322 335 473 558 578 595 642 767 771 781 1072 1089 1197 1379 1425 
172 486 659 939 1091 1151 1202 1338 1397 
39 125 307 392 416 920 1086 1102 1165 1270 1428 
74 355 539 620 637 698 886 904 958 984 1040 1213 1216 1355 
67 131 287 334 459 502 639 869 870 993 1167 1220 
3 38 66 243 280 381 472 538 977 980 1171 
142 183 219 534 724 857 1175 1266 1309 1353 
134 151 268 355 620 732 891 1140 
123 324 410 1017 1064 
27 73 134 208 338 599 625 646 801 817 961 1109 1151 
182 253 352 463 667 728 791 851 
64 111 462 463 645 733 743 821 868 968 1127 1191 1193 1379 
81 107 178 406 442 549 633 831 1015 1117 
43 99 271 368 508 515 544 575 837 926 948 1140 1182 1214 
35 147 463 591 650 1148 1337 1349 1366 
77 191 303 463 472 510 612 634 731 756 1188 1226 1271 
142 248 328 505 800 864 945 1020 
12 135 598 650 874 1019 1041 1340 
100 306 330 412 447 993 1207 1220 1292 1337 
131 173 323 784 880 913 933 983 1114 1354 1355 
46 172 261 459 471 527 835 968 984 1167 1193 
80 309 551 690 723 749 1167 1260 1332 
170 174 263 404 423 773 809 832 1003 1050 1262 1340 1367 
194 368 475 541 630 641 671 913 1113 1177 1224 
175 368 607 1074 1146 1345 1365 
102 122 165 209 343 387 696 901 1037 1347 1398 
611 724 1032 1115 1128 
81 179 192 597 638 767 806 918 984 1316 
172 258 303 343 355 625 769 1001 1318 
69 114 235 543 763 850 868 892 904 990 1190 1223 
50 71 208 234 609 773 928 1010 1042 1163 1289 
194 207 367 452 847 929 1094 1224 1289 1405 
52 86 253 323 529 568 688 707 1066 1084 1132 1164 1310 1327 1395 1408 
50 322 501 596 755 810 813 877 1135 1164 1169 1406 1416 1418 
10 115 159 233 417 473 523 837 981 994 1226 1371 
57 70 593 853 1193 1299 1331 
6 116 333 335 518 621 798 995 1036 1182 1402 
142 200 260 460 694 703 761 830 925 1203 
90 214 436 678 824 848 967 1173 1207 1239 
125 198 349 351 475 980 996 1038 1158 1168 1200 1378 
24 71 194 205 354 453 455 534 582 917 1184 1280 
117 328 450 649 695 703 778 861 1019 1272 
314 363 406 413 435 577 628 636 764 1024 1025 1074 1276 1406 
527 722 825 907 1413 1415 
21 98 370 391 393 477 675 907 952 1044 1353 1384 1392 
73 398 403 432 490 510 808 882 1154 1375 
18 31 33 73 253 504 710 1092 
23 136 178 284 393 512 693 793 898 994 1028 1042 1140 1218 
127 150 151 164 198 343 539 573 848 1012 1033 1096 1344 
75 237 537 540 554 559 608 621 675 924 954 1043 
56 173 184 355 724 750 803 806 846 965 976 1009 1088 1140 1173 1229 
12 693 703 892 970 1378 
301 327 399 431 548 579 1073 1212 1265 
134 255 506 552 561 895 1024 1135 1202 1203 
131 455 743 915 1014 1090 1167 
187 341 410 544 627 698 746 750 789 808 835 843 969 1103 1120 1197 1385 
123 234 516 733 803 951 956 1285 1326 1338 
76 198 265 350 453 593 815 
23 162 366 413 510 526 682 700 736 1000 1038 1149 1186 1326 1402 1413 
82 147 203 328 553 554 708 756 896 1145 1228 
2 56 307 326 358 384 551 654 682 1044 1211 1217 1219 1223 1311 1381 
165 222 297 369 432 512 708 982 1097 1130 1263 1349 
24 241 251 255 292 378 479 508 633 836 903 929 1142 1167 1254 1282 
248 704 813 927 1208 1356 
176 188 289 336 617 707 767 853 954 989 1134 1296 1302 
796 918 1029 1139 1285 1416 
84 90 137 298 904 1026 1207 
46 244 299 362 1041 1051 1188 1342 
5 83 231 392 500 614 639 718 787 804 1022 1325 1355 
31 210 251 284 375 561 671 703 743 825 871 994 1116 1408 
100 123 144 306 364 436 518 771 775 820 887 1216 1229 1265 1403 
7 176 212 226 238 304 847 922 960 1065 1136 1264 
116 137 182 294 562 964 978 987 1004 1061 1189 1326 1368 1402 
68 233 446 516 625 652 781 945 946 974 1039 1068 1152 1212 
20 241 340 478 556 585 654 740 804 854 919 1035 1111 1249 1345 1357 1421 
520 603 719 803 853 935 1054 1204 
176 380 417 841 880 1248 1252 1269 1359 
127 289 471 512 590 620 893 1121 1414 
14 106 117 135 285 465 512 575 760 796 846 949 1097 1183 
143 161 201 367 488 562 765 775 880 1119 1131 1169 1405 
14 227 435 643 709 891 
36 98 149 366 486 638 694 822 857 866 1021 1158 
86 124 305 351 438 554 701 737 953 1020 1236 1342 1376 1425 
129 237 326 339 381 422 461 836 1198 1226 1264 1368 
102 165 196 354 540 775 870 1197 
11 171 383 467 559 658 703 719 813 916 1053 1403 
169 335 336 426 668 785 895 1068 1188 1335 1341 1378 
406 549 703 791 808 984 1179 
106 183 386 510 585 875 1103 1193 1242 1357 
33 85 93 266 362 373 668 911 964 1121 1176 1417 
155 163 207 210 360 384 467 681 708 735 763 909 996 1074 1227 1308 1324 
19 271 313 348 445 700 824 943 957 1292 1302 
21 221 281 458 459 854 878 908 909 1106 1320 
177 321 434 460 631 861 1075 1095 1196 
133 247 293 303 369 564 627 881 930 936 1113 1322 
247 265 596 711 796 798 820 831 905 1037 
17 249 333 848 945 948 1165 1214 1224 1337 1407 
657 770 951 1014 1107 1340 
362 470 629 696 1030 1049 1055 1089 1092 1224 1297 1424 
106 204 296 325 456 525 655 835 931 1015 1262 1280 1314 
34 81 205 210 487 537 609 649 817 884 907 953 1028 1104 
46 438 610 648 669 702 709 784 869 906 1155 
265 418 505 567 577 667 676 740 794 880 896 1273 
65 90 125 344 386 393 644 652 700 706 786 964 1013 1033 1101 1265 
87 391 459 547 560 982 1025 1066 1316 1391 
121 250 387 517 571 618 881 1152 1195 1381 1403 
62 72 142 228 632 649 681 687 696 1056 
40 52 154 714 775 884 921 983 1100 1292 
69 132 157 503 715 978 984 1211 1256 1300 
63 71 130 231 386 401 464 766 807 989 1010 1043 1051 1253 1276 1301 1414 
71 266 267 417 420 485 590 636 972 978 1115 1147 
314 323 545 737 904 949 979 1009 1305 
21 27 72 142 145 243 387 451 476 602 730 840 1087 1186 1320 1361 
114 151 194 246 421 426 579 618 640 693 723 857 968 1143 1246 1258 1279 
54 281 328 423 634 647 770 1302 1304 
73 121 220 454 650 741 796 880 950 1003 
30 471 525 879 889 1081 1123 
235 529 582 893 1166 1338 
7 67 167 426 873 903 
152 458 459 649 730 810 901 996 1279 1387 
152 194 432 536 607 663 744 856 883 1268 1320 1383 
229 359 445 569 570 646 736 783 981 1072 1228 1251 1282 
71 130 209 253 274 528 687 737 1007 1033 1074 1075 1415 
75 240 753 762 775 970 1044 1138 
31 190 286 482 592 596 607 653 695 762 812 1159 1204 1229 
501 622 734 750 816 898 1006 1028 1046 1062 1063 1096 1104 1408 
27 113 206 399 450 452 498 622 746 809 834 1081 1299 1430 
42 117 160 573 718 893 913 1075 1121 1173 1208 1263 1334 1410 
56 450 511 545 698 778 850 939 944 954 1252 1364 1413 1427 
390 577 741 812 856 929 1047 1214 1253 1369 1419 
117 335 370 1014 1409 1421 
121 304 639 672 771 820 1080 1092 1169 1339 1363 1368 
16 126 136 340 565 
108 260 537 626 883 943 1048 1356 1423 
41 328 357 449 450 705 857 860 924 1131 1311 1342 
45 227 353 362 374 417 540 985 1065 1250 1390 1422 
42 1019 1406 
255 297 336 370 420 471 533 537 613 702 740 781 896 1013 1129 
13 99 271 338 371 436 458 854 1249 1261 
50 126 267 438 473 577 609 751 769 791 893 1011 1297 1409 
64 294 304 430 433 589 1005 1055 1078 1255 
439 492 517 757 767 895 921 970 992 1120 1322 1381 
160 166 246 249 304 327 514 594 777 781 852 944 950 1007 1082 1259 1403 
40 303 598 615 624 904 915 1225 1235 1253 1317 
64 70 195 211 312 327 331 439 441 654 748 871 876 1038 1100 1154 1204 1213 1365 
131 150 314 329 350 414 461 592 922 1412 
18 117 179 250 331 383 553 629 730 847 879 896 1057 1109 1128 1200 1396 
190 201 220 362 422 462 533 721 814 833 1114 1235 1279 1296 1423 
20 129 153 419 499 533 608 632 863 890 939 1071 1319 1370 
263 320 392 455 664 802 859 875 949 986 1005 1053 
208 390 400 543 638 1245 1351 1383 
151 337 497 541 557 634 649 767 959 968 1053 1062 1077 1130 1212 
782 1226 1276 
14 287 307 508 566 838 964 1024 1029 1147 1262 1313 1360 
283 287 296 449 487 508 674 913 1006 1135 1405 
2 258 697 733 747 1042 1097 1126 
45 159 584 659 738 786 836 933 1027 1125 1219 
2 306 769 799 1016 1264 1358 1375 
18 34 545 924 953 1081 1188 1301 1385 
9 207 237 251 349 568 596 696 816 1375 
47 165 244 296 397 739 830 848 932 1043 1095 1210 1293 1320 
183 367 494 530 544 717 913 1079 1095 1207 1306 1320 1322 
432 440 482 603 894 1016 1117 1166 1186 1367 
47 184 538 546 698 699 726 889 989 1000 
294 381 685 778 792 930 1272 1355 
99 114 161 537 554 758 1060 1080 1108 1203 1226 1289 1427 
14 165 214 344 355 662 718 723 732 950 990 1105 1169 1209 1221 1385 
203 312 572 806 917 1208 1365 
192 203 216 338 414 518 606 755 827 1007 1202 1426 
90 172 281 339 509 569 686 811 1023 1024 1102 1150 1232 1319 
15 64 156 300 392 638 655 744 1094 1115 1193 1251 1277 1291 1310 1372 
121 330 407 496 532 649 685 686 750 915 1045 1186 1415 
2 7 158 272 318 367 401 557 639 658 700 771 826 832 933 964 1019 1055 1138 1171 1227 1303 
7 220 224 334 380 457 460 1293 1335 1411 
240 309 328 499 556 820 1045 1112 1254 1349 
471 770 844 880 1102 1371 
63 73 192 208 216 503 657 683 809 1089 1219 1309 1323 1366 
66 488 585 688 810 935 1102 1198 1218 1263 1270 
77 83 102 201 218 456 551 766 999 1030 1046 1060 1244 1325 1350 
4 191 222 258 470 594 911 956 960 1011 1208 1328 
208 334 487 494 523 640 670 714 851 905 938 
26 67 232 276 871 991 1022 1071 1102 1351 
44 306 409 595 658 740 851 1013 1065 1073 1138 1140 1429 
216 239 275 559 638 644 806 834 979 988 1185 1241 1300 
55 159 234 257 721 756 918 980 1010 1057 1076 1125 1194 1207 1314 
67 95 186 210 441 501 528 583 601 666 1132 1214 1232 1249 1252 1261 
188 599 873 984 1101 1163 
78 86 264 285 329 432 526 660 814 840 878 916 1034 1092 1112 1166 1322 1335 
324 423 435 441 523 561 693 748 888 931 961 1376 1377 1393 
75 86 107 233 287 315 547 1000 1246 1321 1352 1363 
44 126 135 156 316 326 444 487 500 642 680 718 742 821 994 1211 1227 1256 1284 1315 1316 1320 
73 85 163 303 548 577 582 691 702 719 916 925 951 993 1003 1016 
95 148 270 587 983 1419 
91 167 281 363 441 800 999 1185 1189 1261 1311 1323 
108 185 204 506 679 689 974 1124 1242 1262 1298 1326 1426 
182 390 550 611 772 793 919 962 1016 
141 156 276 891 1374 1382 
1080 1343 
22 67 114 343 548 640 644 673 746 769 792 936 1313 
446 550 891 942 1225 
99 174 206 452 485 816 855 972 1130 1236 1300 
21 45 138 165 195 259 324 384 620 766 829 1245 1247 1317 1386 
44 353 377 571 970 1220 1419 
450 513 697 720 827 878 1192 1243 1356 1418 
140 185 366 404 436 451 636 643 953 985 1029 1155 1231 
345 375 394 468 551 615 654 838 864 1243 1269 1391 
15 48 546 562 681 753 854 868 917 934 963 1118 1285 
244 260 267 271 316 321 439 600 604 835 1116 1180 1227 1306 
23 69 104 364 807 886 990 1034 1177 1364 
55 58 103 137 214 414 723 741 762 833 904 1163 1212 1390 1429 
265 290 482 510 609 724 861 923 1118 1170 1227 1403 
96 297 426 454 522 567 975 1151 1171 1185 
5 153 172 179 473 501 571 691 852 1104 1216 1346 
194 297 314 572 680 778 801 847 851 901 1182 
104 155 200 238 396 713 910 961 1040 1150 1232 1297 1419 
175 415 462 512 528 730 790 956 1326 
60 103 435 446 468 550 818 882 898 935 1010 1155 
39 166 333 626 764 975 983 990 1184 1345 
80 146 193 427 575 666 734 777 884 1063 1273 1383 1427 
168 320 338 589 654 665 682 686 1180 1227 1235 1318 
78 248 311 1064 1141 1195 1236 1402 1420 
67 204 498 604 618 761 1103 1169 1219 
50 82 84 137 300 339 420 549 804 823 874 939 940 1008 1024 1113 1125 1199 1298 1410 1411 
23 277 581 802 846 999 1094 1112 1145 
10 733 788 823 877 1048 
7 12 36 67 272 363 505 772 847 864 907 951 993 1359 1379 
76 172 346 447 460 487 707 774 1162 
2 127 304 443 714 729 904 1118 1247 1358 
82 298 308 451 595 636 691 814 897 953 990 1019 1044 1219 
171 200 266 497 733 738 768 794 820 1057 1277 
253 265 315 379 578 667 920 1039 1083 1206 1276 1391 1409 
151 393 645 718 735 980 1144 1260 
12 60 108 174 362 496 602 645 1006 1014 1302 
16 170 191 202 245 309 651 1280 
219 502 563 621 807 1084 1151 1194 1272 1311 1374 1410 1430 
248 491 695 748 761 936 1212 1271 1294 1352 
248 252 416 459 679 728 780 860 905 1287 1315 1421 
32 38 112 195 329 464 623 664 762 848 867 1155 1161 1189 1326 1380 
23 192 313 339 415 532 552 572 583 619 705 900 1002 1035 1082 1141 1275 1288 
79 673 964 993 1379 
237 288 434 629 643 954 1104 1163 1327 1408 
300 392 550 565 692 905 969 1369 
3 24 253 287 307 700 1232 1369 1402 
30 381 443 654 708 849 884 1012 1098 1107 1248 1303 
22 88 115 118 576 620 657 820 842 869 1343 1358 1413 
228 239 725 849 887 1030 1278 
98 221 336 435 703 851 1002 1280 1356 1360 
47 190 604 605 899 986 1072 1073 1207 1332 1390 1412 1420 
127 139 257 300 306 386 516 654 706 764 838 955 1029 1039 1296 1322 1390 1422 
159 160 401 893 1212 1367 
163 229 337 360 450 602 665 731 857 960 985 1060 1133 1149 1295 
303 540 635 668 691 698 768 845 856 858 989 1026 1202 1215 1415 
143 155 213 283 336 482 817 1277 
96 227 558 760 907 1292 1389 1424 
178 382 650 679 859 908 1106 1189 1290 
107 127 183 201 211 261 490 777 830 923 943 1035 1140 1181 1256 1351 
47 63 148 266 325 351 420 743 1236 1264 
21 179 348 378 691 864 1077 1168 1398 
218 242 629 869 906 989 1150 1225 1242 1335 1375 
44 126 161 216 274 353 372 536 544 711 738 914 1020 1151 1200 1308 
17 123 205 226 227 247 390 463 491 525 823 877 893 939 1106 1133 1156 1274 
154 210 220 299 317 375 436 704 723 742 873 1000 1214 1285 
177 213 318 328 348 374 530 762 769 812 879 956 1156 1307 1354 1405 
4 35 130 414 426 434 453 485 486 796 1153 
150 152 427 468 575 612 916 918 1021 1203 1249 
102 151 157 219 280 377 400 617 698 711 832 865 925 931 1304 
253 394 503 573 657 663 674 821 881 1132 1301 
354 513 699 839 945 1048 1218 1372 
172 233 371 398 481 700 703 730 737 740 764 1023 1074 1212 
9 27 37 52 235 539 638 808 889 996 1019 1102 1176 1235 1276 
281 327 363 556 578 584 654 835 854 957 958 1319 1332 
10 206 310 502 505 518 541 628 717 741 1195 1240 1361 
39 81 136 570 683 705 828 856 859 1141 1226 
17 117 134 418 490 603 791 845 1031 1232 1278 1321 
150 159 194 618 622 723 971 1069 1146 1232 1330 
18 159 328 746 789 939 962 1185 1243 
115 132 150 245 449 515 519 540 682 831 903 914 955 986 1070 1261 
14 222 533 570 617 691 923 1190 1211 1312 
35 346 347 471 603 959 1134 1154 1162 1202 1203 1232 
57 73 156 345 351 562 676 681 841 1231 1315 1331 
18 149 577 623 713 794 893 978 1136 1183 1203 1229 1290 1404 
3 79 225 233 378 609 745 820 1007 1218 1235 
48 145 152 174 200 237 249 400 471 616 676 721 725 813 879 909 958 1132 
83 127 207 292 333 608 806 923 1110 1220 1423 
447 452 497 586 666 813 918 1098 1100 1114 1236 1257 1279 
87 108 684 743 821 857 1074 1282 1344 1391 1427 
33 104 151 197 276 496 739 762 1221 
36 142 322 401 781 872 907 921 1365 1417 
160 297 343 413 518 667 668 733 1316 1355 1403 
209 494 729 812 966 1077 1321 1415 
163 167 206 228 263 624 1063 1289 1312 1387 
266 283 374 420 445 460 503 539 653 711 769 908 956 
1 45 111 119 154 164 189 523 668 678 1169 
415 479 539 1128 1215 1229 1300 1340 
5 114 141 148 258 424 510 573 618 817 1426 
10 53 230 256 547 585 664 789 1027 1056 1060 1138 
121 150 224 311 355 390 449 516 538 621 663 692 735 878 1019 1043 1098 1159 
98 187 230 345 349 356 642 746 800 843 881 931 1011 1173 1376 1397 
29 109 267 361 555 768 864 911 1059 1064 1139 1335 
15 376 498 518 572 737 821 860 1027 1128 
26 120 159 216 235 352 589 590 680 829 848 1041 1109 1124 1176 
48 163 295 381 712 780 852 873 1239 1286 
69 269 668 672 857 986 1090 1327 
191 280 520 553 607 622 863 971 1066 1116 1259 
436 540 556 799 881 950 962 1254 
71 97 366 391 697 820 854 1067 
226 337 364 476 649 957 
48 395 482 491 614 746 1056 1103 1216 1379 1389 
150 384 1019 1220 
151 156 182 294 576 601 757 1192 1223 1297 
26 246 350 439 532 730 871 1231 1277 1405 
214 308 395 539 602 689 710 920 977 1048 1086 
107 205 218 239 256 299 369 390 434 513 549 593 627 732 872 1061 1304 1417 1425 
609 704 845 912 1045 1061 1110 1206 1330 1371 1382 
47 138 186 227 289 912 1105 1175 1245 1288 1413 
44 356 488 730 742 1116 1130 
106 148 316 377 437 455 493 652 837 895 1032 1199 1269 1286 1399 
89 143 283 785 873 1118 1267 
70 263 521 593 850 1195 1288 
102 194 313 481 540 698 795 882 1154 1313 
249 435 718 818 823 850 876 1407 
14 29 232 258 521 530 621 764 882 1173 1231 
68 197 496 564 700 1170 1250 
83 159 223 251 267 424 476 512 799 877 973 998 1000 1066 1186 1209 1329 
161 210 344 378 430 498 688 765 944 1056 1218 
69 113 117 165 192 263 355 517 649 701 788 1041 1064 1204 1291 
139 184 504 515 830 978 1114 1125 1173 1383 
117 718 969 1171 1283 1284 
84 285 442 680 827 979 1029 1190 
631 639 985 1076 1217 1355 
39 130 177 627 665 1212 1309 1377 
312 515 532 565 703 1026 
179 180 249 295 543 724 742 754 861 1238 1276 
346 392 499 652 716 722 798 827 843 1009 1087 1199 1201 1300 
9 413 437 506 692 791 839 913 960 1124 1230 1339 
51 135 235 258 329 463 507 527 542 616 668 824 915 958 1230 1372 
133 147 185 261 313 320 495 566 883 954 979 1081 1093 1128 
81 511 699 726 782 996 1037 1042 1053 1267 1281 1349 
375 430 462 563 702 716 988 1022 1279 1406 
99 347 458 532 628 860 995 1031 1102 1147 1183 
320 493 690 737 906 1238 1355 
124 224 465 537 581 726 977 1002 1162 1192 1260 1368 
171 436 525 526 603 718 939 1086 
33 200 561 631 875 905 1097 1200 1208 
150 170 185 224 303 351 669 914 1243 
310 317 512 535 947 1037 1161 1332 1407 
321 361 489 664 723 809 905 932 1006 
101 110 130 180 208 283 506 758 899 948 1021 1295 1349 
75 169 251 290 410 583 619 678 1177 1251 1289 1290 
220 223 229 241 315 514 554 670 755 933 1014 1146 1247 1272 1327 
31 141 484 560 561 687 689 707 749 768 783 1030 1086 1394 
55 133 326 346 351 529 641 642 780 863 1230 
163 198 471 714 999 1040 1392 
65 678 831 995 1074 1396 
11 21 128 183 211 340 420 458 464 486 898 937 940 1012 1188 1395 
23 293 332 1043 1339 
89 92 167 240 300 368 547 556 596 827 870 1067 1299 1431 
175 230 329 541 660 1001 1013 1358 
71 329 413 479 513 516 770 815 846 885 915 931 973 1032 1430 
13 291 719 952 
75 175 207 521 595 619 758 825 960 1078 1100 1114 1262 1284 
62 80 286 515 755 797 868 1112 1127 1147 1184 1252 1330 
70 170 485 853 1322 
5 236 332 432 501 734 816 843 910 958 1073 1121 1196 1304 1352 
48 516 867 870 1075 1084 1178 1380 
44 91 113 174 211 222 232 339 342 365 471 599 623 678 762 890 978 1138 1362 1387 
507 684 931 1074 1111 1167 1282 
53 55 111 494 637 930 1172 1181 1272 
78 236 242 385 517 557 616 673 844 859 876 905 965 1169 1264 1276 
88 133 149 185 455 580 608 651 755 875 1002 1215 1264 
234 437 837 923 994 1187 1289 
7 137 581 607 674 691 736 753 856 861 988 1085 1100 1170 1286 1356 
63 320 343 563 780 862 910 1119 1151 
72 166 257 387 472 755 759 880 1085 1164 1213 1293 1331 
127 185 432 500 903 1019 1075 1107 
254 613 624 751 772 778 964 975 1131 1329 1354 
150 190 212 365 717 961 1075 1245 
39 120 833 999 1016 1171 1234 1244 1256 
71 101 181 185 193 440 466 472 533 816 889 929 990 1024 1262 1289 1422 
119 310 567 631 656 940 981 1116 1172 1278 1427 
28 238 589 699 854 895 925 939 1177 1290 1420 
54 286 317 420 441 536 551 657 706 787 1023 1175 1189 1325 
43 48 238 247 347 430 559 941 966 969 1034 1140 1295 
6 83 91 97 117 228 530 750 829 1042 1124 1354 
403 926 1210 1236 1336 
194 211 431 456 480 607 719 1170 1207 1260 1327 1421 
455 499 819 1044 
80 198 398 577 654 667 668 697 1037 1224 1251 
201 333 446 502 531 535 544 612 796 797 798 838 1033 1039 1168 1276 1400 
46 121 133 304 345 368 369 572 623 734 986 1011 1398 
