1403 8041
67 166 215 390 403 726 877 1001 1102 1236 
207 246 353 378 405 491 560 1083 1161 1223 
558 584 777 817 854 902 971 1123 1132 1200 1319 
59 92 175 194 270 474 485 653 816 847 1324 1353 
64 258 336 863 981 1134 1176 1309 
635 710 727 772 920 929 1077 1119 1212 1238 1248 1345 
74 87 147 360 361 456 480 592 612 1042 1076 1110 1123 1221 
115 216 424 675 693 816 1383 
87 296 534 675 829 951 1058 1345 1372 
330 459 607 635 685 907 1042 1212 1354 
224 226 360 769 814 907 931 1065 1126 1358 
265 431 612 870 923 997 1280 
309 678 749 797 1012 1055 1156 
194 676 1021 1094 1232 1302 1334 
119 130 193 323 793 1156 1224 1308 
162 200 379 645 661 1109 1239 1272 1329 
394 537 739 820 966 1115 
158 190 421 439 445 769 789 1003 1352 
73 200 261 396 591 599 828 860 937 1092 1150 1166 
150 193 424 454 602 621 743 961 963 1000 1008 1054 1060 1317 
113 119 283 445 523 1131 1314 1333 
77 208 314 349 629 696 706 840 857 861 935 962 1293 
111 264 343 536 728 944 1006 1171 1300 
266 318 445 564 571 642 725 742 818 972 1033 1093 1330 1396 
126 132 134 196 367 513 601 660 676 680 773 885 1008 1030 1062 1154 1313 
63 102 221 243 288 488 535 685 738 838 848 948 1132 1191 1234 1252 
191 212 531 700 796 810 1267 
129 223 268 307 874 951 978 1011 1044 1143 1253 1400 
58 119 428 446 543 643 780 955 1058 1063 1169 1197 1357 1392 
206 269 301 357 419 513 671 690 724 817 835 1399 
264 367 443 658 665 701 797 1054 1116 
334 482 595 622 643 881 1037 1299 
311 594 757 795 972 973 1022 1226 
252 396 482 494 549 590 644 850 1048 1092 1119 
57 127 207 234 568 569 698 845 1019 1155 1192 1195 1396 
108 183 316 425 430 431 500 621 722 724 928 932 1079 1203 1312 
79 296 713 779 809 915 1018 1122 1185 1243 
171 181 520 631 877 1084 1124 1160 1193 1223 
131 356 391 413 608 712 723 1400 
75 236 373 404 537 695 740 802 807 949 1021 1245 1392 
52 113 377 399 564 594 608 638 668 750 886 911 983 1044 1174 
51 152 189 653 843 857 896 1068 1127 1141 1260 
155 156 242 339 585 849 870 962 1032 1113 1116 1394 
351 364 392 568 688 759 763 792 993 1060 1086 1125 1229 1242 1259 1306 1353 
482 577 628 1021 1249 1296 
60 63 172 371 504 602 696 774 973 1049 1295 1330 1335 1377 
52 207 416 436 473 646 659 744 795 923 947 1121 1241 1385 1394 
130 181 238 322 328 511 781 1011 1036 1080 1190 1228 
95 233 237 248 307 419 706 1072 1087 1173 1182 1189 
104 129 257 328 331 389 465 496 545 764 953 1057 1059 1127 1202 
42 65 114 210 469 480 515 606 721 797 854 899 1070 1091 1180 1246 1269 1273 
41 47 202 269 303 493 546 638 915 950 1190 1208 1288 1379 
83 168 337 511 650 919 1025 1114 1158 1271 1322 
99 193 363 614 785 817 931 
71 77 94 192 649 989 1250 
242 275 304 402 743 766 795 891 998 1078 1152 1396 
35 121 637 1250 1257 
29 69 95 146 194 252 257 362 406 437 470 825 874 914 977 998 1039 1163 
4 88 111 164 396 695 768 884 1075 1175 1257 1260 
46 142 318 521 547 838 920 998 1010 1158 1308 1392 
99 277 343 444 712 736 744 808 1023 1147 1364 
68 144 250 1137 
26 46 94 228 301 351 732 837 1041 
5 142 151 205 550 561 668 966 1022 1036 1326 1346 
51 140 196 246 255 373 405 506 677 817 1176 1276 1321 
318 373 456 803 837 877 1199 1391 
1 174 268 1131 1305 1309 
62 472 660 741 748 891 907 1215 1266 1287 1334 
58 167 262 442 637 638 679 1028 1093 1228 1246 
88 92 157 187 235 271 364 390 426 436 460 921 1049 
55 132 139 153 176 292 1201 1202 1397 
75 80 175 399 469 541 869 895 1118 1154 1283 1290 1319 
19 180 213 253 279 338 482 589 677 787 836 1026 1183 
7 199 230 319 409 554 559 580 742 866 894 963 1048 1064 1159 
40 72 99 236 355 423 580 721 808 845 858 860 870 1345 
154 239 369 617 637 648 755 879 954 1111 1185 
22 55 193 549 551 684 770 925 1133 1188 1231 1388 
150 247 276 317 394 464 542 666 721 744 829 830 924 1075 1186 1302 
37 270 327 400 480 656 657 717 800 949 973 1051 1084 
72 90 150 291 368 385 456 465 601 735 903 1090 1100 
112 197 366 428 503 686 865 955 1127 1259 1262 1317 1337 1355 
107 410 454 607 638 995 
53 201 272 289 330 407 454 468 539 597 781 789 817 884 1068 1115 1189 1289 1389 
439 703 750 759 897 905 1221 1262 1393 
167 414 464 583 1021 1247 1250 1303 
240 380 619 725 838 873 963 1014 1138 1235 
7 9 122 235 257 520 625 941 1055 
59 70 391 1182 1263 1289 
118 224 513 597 654 661 
80 249 504 514 591 660 842 1122 1237 1296 1322 
533 606 660 669 832 862 
4 70 95 136 281 297 461 878 1301 
201 299 318 329 642 714 856 1160 1348 
55 63 97 489 501 549 608 643 686 833 972 1249 1310 
49 58 92 282 319 519 538 552 751 966 1004 1149 1315 1385 
339 396 430 462 536 610 825 861 885 1004 1026 1149 1262 1390 
94 143 302 438 609 789 841 882 896 1056 
124 201 224 248 420 501 534 544 624 696 708 724 739 866 953 1117 1171 1266 1315 
54 61 75 316 384 433 829 891 
339 463 628 707 747 766 868 902 1045 1096 1127 1148 1200 1217 1261 
274 285 361 395 586 797 1101 
26 156 196 576 877 898 966 1198 1283 
109 342 374 378 393 458 466 540 583 919 993 1118 1275 1303 
50 251 275 464 478 497 500 951 1164 1186 1218 
163 299 314 379 496 498 707 726 757 828 886 1089 1236 1290 
500 722 847 907 940 1009 1097 1223 1294 1363 
82 149 464 562 667 827 908 929 949 1055 1173 1190 1276 
36 408 500 522 814 841 1358 
103 180 249 435 535 619 661 754 976 977 1212 1341 
195 293 938 945 1169 1172 1190 1332 
23 59 170 251 505 524 745 1064 1072 1075 1168 
81 159 182 192 273 330 386 569 612 679 782 855 887 892 1100 1127 1390 
21 41 151 340 372 420 427 939 971 1120 1161 1304 
51 256 537 559 605 641 648 898 900 959 1057 1069 1087 1362 
8 171 287 432 471 561 600 689 998 1332 
577 634 693 992 1113 
433 452 708 860 
89 197 719 796 845 1143 1267 
15 21 29 137 214 259 333 340 468 507 635 801 842 935 1216 1330 
224 242 260 310 435 469 534 687 711 1006 1085 1256 1325 
57 218 243 287 319 324 431 614 961 1002 1073 
87 220 317 494 495 583 659 826 892 896 999 1035 1118 1219 1390 1397 1403 
259 373 412 466 481 790 833 899 1218 
98 127 135 319 416 509 662 915 968 983 1091 1142 1253 
767 903 940 985 1172 1264 
25 327 384 423 505 814 861 929 1131 1198 
35 124 617 657 693 817 946 1030 1232 1239 1257 1265 
151 252 351 408 475 522 527 588 753 838 929 1053 1219 1242 1389 
28 50 263 294 463 557 615 616 624 635 875 895 910 941 1040 1170 1273 
15 48 199 272 407 685 695 897 922 1008 1019 1229 
39 219 314 499 509 598 906 957 1025 1054 1091 1129 1268 1287 
25 71 235 246 266 434 620 736 759 827 927 1068 1230 1289 1375 1389 
334 638 712 1118 1184 1236 
25 211 335 405 922 1003 1018 1151 1155 1248 
124 170 204 341 346 372 429 539 586 800 1106 1310 
92 394 429 454 525 732 785 936 1068 1109 1162 1230 1235 
119 241 326 440 802 1008 1024 1028 1092 1285 1309 1362 
169 287 363 661 677 953 956 977 1034 1068 1182 1393 
71 205 211 395 506 525 870 1079 1104 1158 1209 1277 1301 1402 
65 182 359 362 423 534 637 676 685 772 1011 1100 1291 1400 
196 679 800 855 901 923 993 1087 1214 1346 
60 64 450 459 559 629 719 762 897 946 994 1121 1183 1254 
97 226 277 419 490 537 674 892 905 969 980 990 1017 1163 1355 
62 155 266 342 619 666 922 993 1018 1115 1271 1402 
201 304 379 384 746 796 823 899 928 939 977 1098 1112 
58 422 564 599 658 779 791 837 879 915 1153 1189 1251 1286 1322 1336 
7 305 510 578 632 662 736 768 892 1003 1128 1167 1255 1279 1384 
203 455 569 617 1163 1201 1216 1220 1234 1247 1257 1269 1304 1402 
107 209 527 602 728 921 954 1023 1067 1107 1314 
20 78 80 251 259 265 343 432 589 740 950 1035 1036 1079 1121 1174 1261 1360 
64 113 128 389 476 484 604 851 1044 1210 1222 1344 
42 240 290 389 603 621 672 690 738 783 1083 1173 1341 
71 154 202 272 341 443 449 464 582 783 963 1047 1077 1093 1141 1325 
76 153 257 472 539 643 750 863 883 1055 
43 144 194 307 517 788 1162 1174 1285 
43 102 184 189 417 668 730 914 971 1074 1112 1155 1286 
70 225 257 452 494 695 809 826 1169 1278 1297 1330 1367 
18 203 208 211 668 784 804 835 930 1136 1196 
112 184 218 251 295 337 357 445 463 483 1238 
228 256 314 347 431 521 540 764 783 804 888 1321 
184 312 439 694 751 989 1012 
16 211 282 348 411 1131 1213 1285 1289 1291 1332 
105 193 306 314 454 620 716 906 1108 1194 1290 1297 
59 362 363 385 572 632 663 691 812 1038 1050 1066 1176 1289 1376 
184 373 580 696 728 823 1061 1093 1097 1207 1219 1236 1294 
1 334 387 519 530 612 761 970 1141 1159 
69 85 201 251 357 402 482 510 820 1137 1342 
53 213 348 530 587 658 777 1017 1230 1293 
138 178 221 474 546 550 656 661 686 809 868 973 978 1140 1203 1239 
111 135 408 543 552 706 883 1071 1163 1168 1188 1299 1318 
38 115 174 262 333 421 422 813 871 1081 
46 579 781 821 950 1000 1120 1145 1169 1248 1302 1324 1390 
188 585 601 777 1342 1348 
67 171 234 313 412 497 625 786 871 924 934 1145 1207 1229 1335 
4 72 228 248 358 448 491 799 1095 1125 1247 1305 
71 225 289 292 309 441 554 827 835 913 1136 1359 
190 214 233 350 362 419 443 469 534 651 722 840 903 982 1027 1088 1177 1234 1236 1329 
169 270 335 354 533 630 638 714 737 1042 1272 
388 453 722 771 863 864 1203 1221 
73 109 248 363 409 526 654 720 814 830 850 894 918 1052 1156 1247 
38 48 439 526 653 1031 1042 1329 1378 
112 140 226 247 435 565 843 1140 1191 1329 1392 
36 292 493 523 611 733 817 833 863 874 912 1201 1359 1360 
156 159 161 165 351 498 509 772 790 896 953 1104 1227 1300 1323 
189 238 332 363 440 529 859 953 975 1018 1076 1279 1312 1369 1378 1386 
229 306 484 587 773 908 1070 1199 
70 220 530 589 684 870 1119 1381 1396 1402 
173 554 839 940 1035 1061 1119 
42 156 185 251 294 366 496 516 587 728 734 797 808 820 911 1012 1167 1332 
18 177 204 484 532 643 676 736 793 804 995 1192 
27 254 265 338 657 745 775 889 1013 1116 1212 1236 1327 
55 112 379 474 507 636 813 988 1116 1232 1348 1384 
15 20 54 77 163 243 303 413 434 536 592 595 732 947 964 1004 1308 
4 14 58 155 454 699 736 1091 1138 1308 1349 
110 224 362 501 540 626 911 918 979 1227 1298 
25 65 102 141 232 363 384 414 449 568 741 790 824 1031 1080 1334 
81 118 364 370 544 554 776 900 937 984 
417 683 759 863 968 1008 1048 1084 1122 
74 130 337 345 385 439 517 536 596 746 1109 1240 
16 19 259 638 
83 93 98 145 167 212 266 499 548 635 648 826 865 994 1337 
52 153 461 620 818 833 982 1021 1158 1216 1331 
148 158 266 277 453 709 715 1086 1141 1319 1322 
135 190 208 273 307 846 940 1065 1172 1176 1368 
64 139 237 398 427 480 538 574 879 897 1074 1106 
30 296 373 446 517 519 572 965 1042 1046 1213 1349 
2 35 47 208 242 260 321 455 531 576 667 672 726 876 889 910 1105 1255 1385 
22 158 204 207 254 390 408 435 513 651 973 994 1013 
149 253 489 514 1024 1066 1082 1275 
51 400 474 548 609 651 989 1262 1319 1374 1389 
134 139 158 162 334 494 511 625 847 882 951 1040 1075 1077 1124 1272 1392 
27 201 238 325 713 922 1057 1311 1378 
73 168 298 396 504 822 981 1104 1192 1214 1270 1295 1354 
119 177 264 410 895 899 1173 1241 1372 
1 379 500 630 681 792 922 1035 1250 1288 1347 
8 249 461 470 690 769 891 1203 1307 1367 
268 284 368 583 644 838 1003 1060 1183 1284 
121 159 300 308 451 876 1022 1130 1223 
131 527 538 638 807 976 1031 1106 1172 1226 1332 1397 
122 187 222 311 390 414 436 710 758 839 861 868 921 938 1111 1165 1315 
26 169 257 260 272 316 340 560 680 721 764 881 1123 1235 1238 
220 247 339 345 499 652 703 806 846 883 989 1185 1216 
28 234 420 442 506 549 589 1128 1284 
11 89 98 120 195 294 403 645 930 979 1171 1216 
157 176 299 308 539 641 675 905 916 1094 1197 1216 1330 
11 143 182 432 573 747 754 908 1218 1222 1254 1403 
313 404 504 591 594 661 704 781 795 816 982 1033 1349 
63 160 175 390 505 559 575 628 810 1135 1278 
186 393 552 651 668 685 859 970 972 1153 
74 254 306 521 554 616 703 729 745 803 923 962 982 1277 1332 
495 521 551 574 645 771 980 982 1129 1249 
196 319 609 987 1017 1097 1275 1377 
49 177 331 349 495 788 840 991 1298 1323 
35 174 223 355 419 430 580 748 793 802 989 1002 1274 
70 87 132 351 355 426 434 449 467 537 576 589 656 1354 1371 1390 
40 75 365 578 698 891 1080 1401 
49 205 307 318 362 370 406 520 949 1099 1105 1123 1130 1283 1302 1365 
48 185 212 338 407 444 457 621 664 731 922 999 1066 1087 1130 1134 1165 1299 
76 285 350 383 474 625 745 779 807 890 
86 152 400 442 643 645 762 830 881 892 1009 1124 1196 1253 
137 329 511 568 697 852 882 912 1053 1067 1083 
43 56 120 207 253 265 287 349 657 790 1084 1274 1353 
26 121 193 384 409 815 817 1013 1086 1396 
384 409 938 944 1008 1035 1078 1125 1277 
321 474 718 811 1227 1239 1249 1269 
2 65 132 421 425 528 763 853 1068 1260 1278 1306 
78 182 222 286 375 457 685 872 1066 1092 1106 1213 
49 98 175 180 316 470 766 794 1028 1161 1178 1297 
90 109 216 452 704 781 851 1041 1188 1275 
62 554 642 661 795 845 939 955 1000 1111 1269 
104 111 150 159 167 189 419 510 584 695 811 817 916 1033 
34 58 128 308 383 570 611 624 756 855 863 978 1173 
73 209 242 300 383 586 706 722 774 801 961 1088 1141 
191 208 230 275 281 465 616 631 722 839 1045 1342 
65 304 377 551 621 695 696 702 710 1394 
114 160 686 720 825 876 913 992 1093 1166 1247 
50 58 87 154 157 221 722 732 760 895 1080 1104 1192 1384 
5 456 578 663 681 766 1055 1170 1191 1268 1329 1392 
119 123 150 200 755 765 892 989 1057 1095 1296 1326 1402 
120 207 221 725 832 867 1102 1361 
19 304 506 568 580 684 869 911 913 1017 1037 1180 1398 
69 171 267 342 600 617 680 710 720 788 1054 1239 
129 321 323 501 565 610 701 790 951 956 1020 
23 31 214 289 315 391 517 654 871 978 1057 1059 1115 1143 1149 1356 1357 
12 150 191 242 410 477 723 1139 1245 1360 
24 132 144 201 203 433 497 507 553 583 609 1024 1088 1184 1258 
262 307 550 765 780 833 894 930 936 983 1233 1310 1336 1380 
28 67 217 283 321 510 622 807 809 839 965 1152 1164 1375 
30 52 375 412 535 666 798 953 1101 1202 
4 79 178 296 501 513 515 713 812 1070 
70 405 437 471 555 590 625 705 865 888 956 1099 1242 1289 1340 
83 130 153 221 589 643 1100 1375 
112 204 410 473 599 661 917 1006 1092 1327 
101 313 324 347 415 595 661 862 1056 1075 1091 1193 1333 1389 
56 104 254 345 437 466 509 578 655 686 743 970 1228 1243 
78 926 1082 1103 1109 1162 1288 1308 1351 1400 
61 143 203 420 688 704 821 928 1091 1100 1305 1389 
307 500 739 905 1020 1115 1198 1255 1340 1391 1403 
73 291 339 380 490 717 988 1031 1035 1106 1365 
428 546 547 880 1075 1150 1334 1348 
92 254 317 496 821 876 
95 162 334 635 712 946 1297 
21 268 341 391 665 874 1102 1107 1364 
217 598 621 850 923 1071 1208 1347 
101 239 291 399 510 731 803 813 943 989 1003 1234 1268 1269 1344 1346 
247 363 446 501 549 709 711 852 1059 1130 1136 1148 1313 
115 121 138 242 296 327 445 742 861 868 887 954 1003 1210 1227 
26 360 733 837 876 988 1013 1033 1293 1344 1383 1387 
83 176 264 316 331 347 420 562 600 612 688 774 916 1104 1185 1323 
152 433 644 669 1096 1160 
80 279 285 567 600 730 949 951 955 976 1177 1282 1318 1321 
71 176 183 343 403 534 535 549 577 585 750 856 918 958 1012 1092 1111 1234 
110 397 467 566 730 883 918 1090 1131 1146 1248 1272 1344 
129 189 224 379 382 924 980 1163 
159 304 364 456 623 647 901 1018 1339 1401 
9 37 206 270 287 318 571 843 1297 1309 
92 394 491 571 620 624 652 811 883 1041 1053 1081 1132 1311 
213 469 553 779 1259 
93 105 225 442 510 590 647 766 971 978 1083 1178 1276 1329 1332 1362 1375 
218 253 387 592 595 708 864 1277 
30 63 436 462 588 710 918 1078 1231 
97 839 917 
52 193 364 460 1173 1274 
56 145 255 261 295 321 350 814 1061 1120 1213 
147 328 385 622 641 672 759 932 1016 1112 1359 
163 186 230 634 689 709 796 831 859 1161 
28 49 155 204 237 267 278 366 593 657 668 729 890 1062 1073 1254 1369 
218 225 252 498 787 925 935 989 1003 1012 1027 1053 1054 1135 1143 1147 1288 1306 1392 
13 176 635 644 655 705 845 855 946 974 1007 1082 1152 1240 
120 324 450 571 807 919 1079 1245 
33 220 357 843 895 1080 1227 1306 1342 
161 319 365 415 434 651 672 752 1028 1108 1136 1151 1282 
174 227 274 386 587 659 717 800 817 943 954 961 977 1315 1345 
22 105 131 160 163 610 880 1302 
264 330 509 563 565 692 1303 
36 99 221 248 289 413 454 469 666 683 715 1056 1103 1207 
78 122 281 899 915 935 1083 1268 1387 
24 60 66 93 237 296 423 511 652 822 937 
74 95 121 124 232 312 403 659 708 713 727 819 879 895 1069 1306 1327 
548 584 615 706 750 1195 1247 1253 
207 245 263 268 304 426 494 604 759 1046 1081 1122 1202 1229 1380 
48 495 557 716 883 1063 
15 263 516 602 918 1066 1100 1152 1155 1279 1371 
121 274 310 462 617 762 805 
212 459 486 732 834 995 1136 1184 1188 1211 1255 
137 454 482 560 636 673 724 1122 1309 1321 1330 
79 126 287 378 436 574 694 1010 1097 1233 
48 50 305 386 1123 1134 1186 1368 
93 241 330 428 433 1102 1288 1340 1381 
10 83 112 315 329 353 356 358 607 686 835 877 945 1004 1006 1095 1176 
50 233 289 332 466 633 671 810 929 1065 1361 
185 331 350 698 827 875 1007 
119 171 381 628 1175 
32 133 166 211 282 526 547 1153 1164 1165 1276 
134 178 705 748 910 1016 
5 370 373 388 420 463 547 687 751 1096 1113 1139 1197 1239 1257 
53 159 199 467 550 672 779 874 979 1057 
73 191 238 459 600 649 799 910 1023 1312 1355 1373 1400 
43 96 100 222 279 1053 1152 1181 1330 
113 119 221 395 473 545 654 806 994 1056 1189 1221 
135 153 283 363 662 790 791 871 1059 1131 1212 1231 1294 1358 
103 144 262 414 503 700 1014 1111 1284 1296 
23 61 150 292 431 498 509 585 638 975 990 1187 
394 396 818 995 1328 1357 1364 
199 222 275 371 507 549 611 689 721 863 879 974 1002 1049 1081 1108 1128 1171 1288 
135 449 504 667 873 1206 
160 274 289 501 618 619 912 1266 1280 1287 
162 168 366 877 972 1020 1138 
22 233 242 452 497 522 567 577 606 622 682 692 813 853 957 1033 1074 1227 1338 
177 239 304 332 393 402 699 778 1011 1195 1209 1351 1366 
44 63 128 184 235 461 477 654 1123 
388 460 1253 1343 1364 1387 
2 330 565 820 823 985 1001 1021 1138 1304 
178 720 926 933 956 1015 1117 1141 1184 1309 
75 234 235 417 572 609 916 1140 1356 1359 1375 
39 330 551 559 617 935 949 1119 1278 
30 159 167 311 418 581 826 1006 1106 1210 1251 
175 330 380 392 421 466 586 651 724 727 1074 1097 1209 1262 1292 
140 1014 1040 1078 1187 
7 11 288 497 544 555 655 878 944 1038 1098 1128 1392 
7 101 363 594 1172 1377 
58 140 164 177 195 237 460 1193 1257 1267 1290 1311 
54 138 164 180 185 196 286 341 361 494 628 654 728 1179 1233 
44 70 197 295 303 429 674 725 787 909 975 1311 1346 
236 312 371 404 489 700 829 1072 1108 1190 
81 189 307 348 387 518 533 550 616 660 739 822 1041 1237 1255 1258 1384 
25 31 382 483 553 832 922 
80 217 416 532 594 629 640 834 880 1093 1128 
76 568 748 829 851 881 931 1024 1294 1348 
197 237 336 465 512 523 569 900 1022 1067 
46 345 365 632 696 709 1061 1069 1101 1137 1152 1282 1316 
113 135 378 456 495 593 611 757 965 1014 1062 1214 
40 65 66 123 165 206 336 539 584 761 815 1070 1114 1172 
103 575 694 724 731 761 1244 1302 1347 
247 269 526 
478 558 595 627 848 943 982 1060 1073 1374 
41 255 399 480 838 883 977 980 1033 1054 1055 1078 1126 1282 1320 
2 103 327 372 380 383 530 567 599 670 857 903 1018 1207 1381 
16 105 145 192 215 294 779 818 839 953 1148 1367 
86 279 358 378 391 440 462 731 1060 1304 
333 440 672 678 782 858 879 922 939 1084 1161 1192 1322 
294 367 478 525 644 824 1003 1025 1092 1130 
239 252 253 378 426 558 779 1044 1055 1138 1224 1243 1334 
99 126 145 196 243 244 417 681 776 886 1059 1261 1360 
80 164 199 305 465 546 600 1176 1249 
112 313 328 429 489 495 532 604 655 697 736 835 956 1032 1132 1164 1329 1344 1361 
166 300 366 627 639 642 660 707 720 1198 1230 
179 336 352 532 544 559 573 607 954 1316 1320 
50 151 152 394 501 637 763 1083 1341 1367 
1 70 208 220 228 535 575 697 721 765 811 899 921 1078 1201 1329 
39 88 264 283 380 714 
44 358 504 896 1207 1353 
103 229 350 635 644 841 1182 1246 1285 
17 78 136 297 344 389 469 576 615 974 1095 1243 1283 1400 
101 139 340 431 470 717 884 1075 1096 
19 34 59 96 213 344 430 608 653 667 999 1013 1090 1134 
293 412 695 846 859 1070 
205 400 525 563 587 596 675 895 941 1046 1155 1168 
41 72 285 377 487 522 604 747 897 939 941 950 1016 1216 1306 1399 
79 210 240 398 434 479 627 695 769 851 1123 1131 1171 1213 1384 
431 505 521 600 658 712 764 982 1043 1237 1335 1370 
56 167 350 546 550 616 628 654 720 846 912 1018 1150 1257 1305 
1 224 292 319 451 693 786 828 846 884 1213 1304 1325 
40 227 365 686 694 799 900 1145 1282 1358 
2 65 134 271 436 628 813 873 1105 1287 
58 237 437 450 639 661 876 1247 1373 1400 
83 130 238 635 787 954 1199 1385 
108 128 170 208 444 691 735 791 957 998 1007 1342 1350 
74 180 243 244 411 509 706 821 1025 1029 1049 1178 1204 1312 1327 
82 214 265 273 682 780 1105 1137 1146 
162 409 448 583 631 647 705 709 
123 174 269 397 504 606 848 894 902 1301 
39 193 316 511 613 619 642 895 1024 1026 1203 1401 
85 196 220 342 430 434 509 701 905 909 1221 1378 
274 312 426 448 461 585 638 979 1150 1210 1230 1282 
47 124 368 932 979 1022 1081 1146 
156 198 355 384 470 762 834 1008 
357 597 733 838 903 928 1197 1212 1341 
30 49 143 177 234 251 507 529 547 616 627 879 929 967 1345 
98 113 223 277 289 336 430 470 877 1055 1089 1196 1318 
18 171 246 358 437 522 618 644 750 809 1025 1149 1307 1343 
146 171 424 650 684 709 1274 
75 126 140 318 700 837 1100 1102 1219 1335 1344 
8 20 422 876 887 1004 1060 
36 246 532 567 618 1085 1134 1242 1266 1325 1367 
70 235 321 383 415 598 674 679 1113 1158 1231 1330 
113 205 647 739 850 972 996 1224 1273 1340 
29 81 280 329 650 810 1173 
135 136 364 386 458 635 710 887 
36 96 234 396 414 420 687 943 1161 
12 36 121 160 343 395 401 512 864 986 1094 1185 1221 1236 1310 
115 150 226 506 551 624 631 666 693 787 822 844 974 985 994 1039 1214 
99 117 266 290 329 480 509 578 601 1302 
132 193 235 312 400 414 460 746 941 1327 1382 
109 120 182 208 489 642 700 897 1037 1206 1254 1275 
47 70 220 301 327 405 521 781 790 830 1035 1257 1283 1287 1352 
58 271 275 406 421 478 523 576 631 658 942 988 1048 1083 1190 1354 
97 445 447 462 584 763 773 841 862 930 1390 
18 84 161 181 199 574 736 1008 1146 1150 1180 1301 1357 
137 185 380 381 611 1035 1057 1119 1164 1177 1205 1284 1330 1379 
176 482 495 534 562 734 850 1025 1073 1109 1298 1311 
69 223 240 299 526 722 797 799 825 884 921 962 1151 1262 1271 1281 1326 
31 153 177 589 639 760 821 928 955 1035 1306 1339 
61 238 408 634 948 1065 1388 
18 21 24 159 287 438 447 472 526 556 1369 
29 206 286 480 650 671 814 909 939 1087 1243 
438 445 495 651 831 845 852 1045 1216 1390 
175 411 415 688 1112 1226 
153 196 235 346 818 940 
142 310 406 545 755 770 900 953 996 1172 
218 403 605 622 749 775 786 839 1023 1298 1332 1347 1353 
117 157 249 349 617 693 1029 1132 1174 1296 1392 
179 203 540 606 649 768 
20 82 83 136 163 194 316 326 511 671 725 1007 1045 1060 
148 207 550 701 785 819 828 948 990 1095 1355 
7 66 80 258 295 372 751 1060 1332 1340 
238 247 563 608 679 886 1007 1027 1126 1284 
103 429 464 502 929 1071 1093 1144 1212 1231 1385 
10 142 325 338 627 660 678 806 986 1161 1236 1311 
70 303 352 362 434 463 685 882 886 977 983 1102 1192 1349 
92 202 216 351 415 521 550 606 618 991 1329 
96 301 324 380 438 494 531 764 1123 1164 1292 
100 129 159 336 460 1028 1143 1275 1385 
78 85 104 107 153 458 466 713 770 839 911 966 1050 1184 
50 80 254 370 385 502 559 713 740 1047 1276 1316 1399 
103 123 275 331 358 464 470 550 723 872 874 971 977 1081 1090 1159 1225 1369 
235 293 337 500 525 601 626 760 899 947 986 992 993 1004 1016 1020 1390 
83 119 475 518 589 591 997 1130 1263 1379 
51 72 120 177 298 316 394 594 931 978 1222 
58 216 248 395 417 420 466 530 653 665 834 1088 1125 1286 1295 
115 271 775 791 863 916 1056 1166 
68 154 445 515 583 622 783 881 1129 1140 1185 
47 273 340 504 952 970 1036 
4 169 192 210 239 245 484 583 592 720 1081 1166 1296 
128 468 518 626 673 737 741 744 801 824 860 976 1164 1182 
151 589 611 733 779 807 1091 1133 1332 
265 351 485 504 799 807 888 979 988 
104 376 382 437 678 729 736 781 
400 598 654 706 928 1013 1384 
7 51 79 205 377 433 446 506 752 788 1402 
123 515 623 639 761 1180 1311 1386 
32 34 45 73 167 326 441 971 1116 1137 1149 1280 1345 1395 
159 367 500 502 528 696 762 846 910 925 943 973 1135 1150 1354 
151 186 190 474 494 636 984 
4 477 500 537 720 754 823 1036 1184 1250 
325 558 604 837 934 1022 1032 1398 
399 728 740 840 1042 1073 1334 1370 
26 761 1192 1254 
94 209 365 386 435 654 1084 1200 1212 1286 
143 279 677 862 894 905 974 978 984 1017 1128 1294 1296 
2 175 297 1001 1145 1277 1366 1389 
618 913 985 1014 1260 1320 
52 183 560 597 906 1078 1088 1094 1204 1208 1324 
34 122 157 211 321 363 462 484 536 704 1089 1210 1277 
122 231 233 322 372 386 441 447 774 863 1194 1288 1322 
50 105 189 281 568 663 732 867 977 1118 1188 1216 1322 1364 1369 
104 174 266 349 360 575 693 730 772 841 982 1016 1108 1177 1212 1225 1229 1237 1376 
105 184 308 343 545 548 681 718 881 934 949 1039 1072 1124 1262 1297 1330 
131 201 222 538 599 659 709 835 1139 
36 104 106 108 215 278 467 483 485 604 621 747 799 900 983 995 1160 1177 1235 1312 1319 1370 
94 98 195 263 270 286 347 389 652 821 887 1081 1181 1247 1327 
458 465 483 552 596 659 772 913 972 999 1100 1214 1224 1231 1251 
81 342 532 533 617 653 694 709 940 1171 1205 1289 1379 
46 90 213 227 346 392 412 473 477 531 690 786 975 1049 1109 1275 1341 1381 
111 126 228 401 564 988 1010 1065 1152 
65 139 223 261 432 480 610 632 773 890 928 952 1121 1125 1128 1257 
119 192 266 345 419 685 1057 1250 
523 661 711 743 926 927 946 955 1038 1106 1137 1164 1346 1349 
124 131 184 275 315 343 409 414 433 658 754 786 969 982 1022 1031 1154 1377 
147 167 251 268 285 299 561 644 731 854 884 1267 1305 
48 53 211 241 318 413 454 873 1029 1033 1168 1321 
370 431 541 555 640 863 1275 
25 30 89 208 270 602 704 767 844 887 1037 1056 1058 1107 1146 1220 1232 1292 1328 
90 209 605 846 930 1050 1054 1133 1146 1263 1289 
51 270 472 481 587 861 917 1188 1210 1301 1403 
189 323 603 748 764 820 854 938 1002 1214 1284 1316 1329 
155 199 206 264 742 1022 1247 
366 468 475 588 692 984 1308 
95 166 206 567 628 648 658 718 747 1137 
38 87 237 572 740 751 793 885 1008 1039 1133 
60 160 230 231 401 436 461 597 650 791 838 845 1103 1278 
108 128 349 399 421 629 770 916 
21 183 370 437 508 658 688 880 1084 1251 1281 
111 555 564 837 1328 
136 139 382 398 467 593 672 776 813 922 1013 1235 
180 181 334 375 442 445 649 1096 1372 
128 149 219 613 620 718 728 732 831 916 935 1112 1394 
246 483 664 740 855 878 893 991 1014 1111 
185 419 686 752 1120 1199 
166 168 187 378 470 602 613 842 1070 1098 1155 1191 1231 1277 1332 
27 207 462 504 620 650 695 810 814 906 977 991 998 1187 1247 
190 368 386 388 425 503 769 789 1127 1244 1291 1383 
91 178 366 503 676 950 1131 1303 1400 
9 98 120 140 177 292 441 549 625 806 1072 1132 
26 109 269 292 390 684 689 699 929 965 1191 1199 
23 96 193 199 494 572 633 732 746 967 1028 1269 1297 
17 40 114 143 235 485 626 659 808 1288 
95 205 219 499 590 632 691 714 955 
83 135 154 225 373 554 576 700 830 922 955 1103 1252 
103 160 195 453 674 701 714 737 745 928 1054 1118 1296 1357 
72 512 664 876 882 887 940 941 1069 1143 
78 581 701 708 889 931 932 1041 1061 1093 1137 1194 1217 1355 
29 170 603 645 1040 1079 
98 197 360 388 552 801 1234 1386 
50 340 450 498 694 1059 1131 1262 1264 
52 169 280 385 402 587 747 751 1022 1238 1382 
60 280 334 336 419 608 1082 1122 1136 1320 1332 1399 
201 210 320 498 687 782 995 999 1146 1286 
34 77 94 223 286 292 345 534 659 840 1017 1220 1281 
64 169 267 337 366 402 455 461 466 566 1178 1185 1217 1237 
77 231 255 356 432 653 666 684 704 819 986 998 1331 1391 
95 170 229 502 544 864 1098 1199 1297 1306 1344 1358 1377 1402 
266 298 367 782 922 1091 1186 1381 
74 176 188 197 230 250 539 691 716 769 832 901 1020 1092 
271 360 512 524 590 702 773 990 1200 1248 1300 
445 823 877 1241 1273 
129 322 564 644 778 782 824 1119 1226 
3 376 383 486 747 1259 
74 114 142 228 356 388 465 616 637 737 739 920 946 1176 1310 1315 
2 221 326 493 727 1075 1102 1152 1315 1396 
64 115 510 697 711 828 849 1034 1056 1170 1195 1274 1281 
107 289 441 564 609 674 680 707 836 846 916 981 1315 1340 1377 
315 398 457 800 929 968 1059 1285 1317 
24 41 146 505 524 557 562 596 855 946 1223 1335 
182 263 315 353 665 667 954 1037 1132 1234 1286 1368 
293 550 713 821 995 1047 1090 1160 1343 1351 1364 1370 
291 349 378 425 519 632 1149 1225 
35 44 196 241 261 369 496 602 607 838 967 1151 1203 1299 1328 
35 112 148 370 649 717 805 830 1287 
252 581 773 1011 1031 1112 1211 1259 1394 
24 296 297 310 754 963 973 1062 1077 1338 
164 206 355 520 536 607 715 719 910 936 1060 1064 1081 1134 1209 1332 
226 388 630 658 664 969 1034 1338 
205 231 327 439 626 701 877 1185 1216 1225 1384 
228 374 390 497 1040 
102 207 235 394 437 539 583 1074 1194 1325 1386 
45 116 292 349 634 796 824 853 1007 
147 236 258 275 433 599 659 707 716 768 931 944 980 1021 1175 1371 
172 627 654 723 743 748 790 840 860 881 1111 1297 1392 
74 75 165 234 261 919 1282 
357 542 570 700 723 804 863 1004 1335 
153 619 882 1088 1089 1200 
85 103 122 217 266 411 472 474 576 693 753 986 1034 1199 1395 
3 251 320 373 438 608 634 1021 1203 1311 1369 
43 173 292 343 415 617 750 765 786 799 844 1130 1169 1385 1386 
101 135 253 358 587 681 700 809 815 1069 1359 
168 186 189 313 398 515 546 586 604 680 694 1010 1382 
128 301 518 668 890 984 1300 
73 150 187 223 235 272 443 468 476 756 767 824 872 1086 1148 1282 
34 271 299 538 555 690 736 774 927 1032 1110 1170 1223 1277 
19 90 227 468 602 610 769 1021 1135 1299 1310 1349 
7 193 300 474 669 763 922 928 1217 1220 1331 
307 372 525 621 747 1129 1193 1234 1258 1278 
33 41 227 361 368 469 654 753 817 866 1030 1208 
32 193 274 300 376 686 896 1162 1170 1360 
199 398 502 564 599 618 654 791 970 1187 1250 1290 
83 89 418 493 521 661 692 935 1054 1094 1205 1253 1303 
131 284 426 479 612 699 738 875 921 993 1016 1038 1043 1063 1121 1161 1290 
19 146 273 378 499 578 596 695 707 851 858 1254 
115 262 289 291 338 385 401 704 805 1139 1142 1194 1288 
25 80 173 433 467 686 713 738 869 903 1244 
20 46 149 323 513 530 568 591 709 830 853 923 972 978 1080 1135 1178 
152 516 543 630 641 711 750 1291 1352 
151 321 386 399 486 500 587 632 902 994 1090 
114 451 514 727 735 771 1094 1106 1202 1315 
51 91 349 412 453 461 634 654 703 712 768 908 1234 1241 1311 
10 82 330 388 568 572 774 1081 1391 
39 41 94 396 457 547 584 1024 1042 1182 
97 210 232 266 355 562 610 612 645 651 732 770 895 915 1157 1162 1296 1306 1312 
96 263 314 506 591 609 729 1024 1042 1100 1240 1256 
183 252 345 372 440 476 756 856 1275 1377 
7 12 112 166 289 598 609 840 1144 1169 1180 1252 1306 1312 1352 
413 527 530 892 1011 1061 1080 1330 
54 121 683 882 1017 1124 1298 1305 
129 320 394 655 740 815 941 952 986 1002 1045 1079 
129 230 254 366 402 419 559 620 909 940 953 1042 1139 1178 1191 1255 1259 1290 
76 127 148 262 324 356 452 503 585 745 990 
347 421 425 461 492 596 702 931 1085 1102 1389 
86 109 144 347 413 582 652 711 730 1054 1300 1376 1377 
132 163 202 297 527 531 616 742 851 855 911 1261 1363 
20 36 152 238 255 284 500 593 639 825 
32 268 305 349 451 472 910 1068 1113 
295 481 791 1139 1199 1319 
98 129 252 297 432 687 744 919 1091 1150 1188 1206 1230 
87 174 211 239 271 534 666 715 792 798 1272 
195 467 475 537 574 990 1081 1093 
376 387 400 419 459 579 684 740 782 854 948 954 1095 1279 1333 1351 1354 
45 100 228 333 363 402 405 519 1143 1256 
22 142 368 522 709 743 928 1039 1208 
178 215 573 603 651 954 
38 254 411 432 437 644 719 925 989 1035 1048 1091 1278 1330 
147 164 371 506 538 567 604 769 1047 1124 1196 1269 
331 536 701 738 785 992 1048 
116 306 444 577 584 606 673 797 915 1059 1210 1234 
6 10 119 129 201 282 309 393 407 429 806 824 1118 1221 
192 326 484 746 908 1254 1332 
57 69 76 140 389 559 653 916 1157 
41 52 69 82 133 178 200 219 343 415 1005 1027 1081 1215 1234 
387 406 443 481 621 1184 
368 512 689 743 760 885 1065 1275 1378 1383 1403 
114 225 305 603 734 737 879 1003 1104 1197 1356 
24 93 250 387 413 435 753 757 770 776 1023 1295 1340 
29 32 94 154 190 240 272 649 691 791 808 1043 
34 217 290 309 382 393 421 510 557 631 665 666 747 1089 1229 1352 1383 
16 224 231 240 543 609 649 653 724 800 853 865 895 1040 1082 1171 1247 
47 837 968 1117 1335 
295 299 411 427 730 946 981 1004 1127 1376 1402 1403 
76 114 201 519 786 918 963 1126 1233 1261 1282 
55 338 453 526 569 643 645 805 1000 1035 1173 
53 422 428 446 521 531 668 752 815 848 998 1073 
177 208 210 229 312 358 447 609 630 709 752 847 978 1316 
222 297 318 501 619 901 934 938 1010 1023 1350 1403 
4 42 181 396 470 503 551 637 645 664 893 905 1215 
89 180 264 340 351 363 402 479 489 579 594 596 606 726 1136 1153 1256 
275 309 360 386 615 810 926 1175 1319 1355 1372 1389 
79 169 235 764 770 892 1021 1173 1287 1308 
79 127 191 242 307 846 975 1080 
31 146 168 401 437 509 519 523 573 751 788 931 1070 1187 1345 1351 
47 122 313 319 499 502 537 549 578 694 1112 1132 1162 1200 1203 1340 
25 68 90 91 366 387 459 843 947 997 1065 1230 1263 1367 
16 89 109 138 169 227 250 273 274 406 508 597 735 814 866 909 1138 1274 1294 
124 147 341 838 847 901 1047 1074 1200 1251 
164 258 496 709 715 772 972 1295 1304 
238 528 541 573 653 699 709 899 926 934 942 992 1130 1162 1186 1347 1350 
31 283 470 565 644 1130 1228 1249 
78 144 269 316 432 551 625 644 757 1030 1114 
107 207 346 396 565 699 819 986 1133 1166 1227 1344 1353 1393 
41 64 156 158 229 307 588 650 1013 1132 1162 1163 1211 1355 
91 290 592 711 998 1076 1233 1249 1306 
378 784 1161 1213 1258 1328 1371 
30 331 446 454 679 699 809 823 872 934 1082 1253 
152 207 305 312 337 381 525 676 716 764 779 782 860 1015 1095 1140 1160 1201 1234 
326 475 634 762 1051 1056 1061 1243 1256 1325 1355 1400 
143 364 426 540 562 695 712 733 771 824 842 919 1114 1282 1328 1341 1350 
8 9 225 398 800 817 1027 1254 
14 25 140 190 533 672 776 792 895 932 971 1203 1300 1394 
65 73 138 490 788 877 1026 1078 1080 1350 
13 381 459 478 745 830 954 970 1161 
69 112 141 426 457 671 689 705 964 973 1053 1155 1181 1198 
25 221 262 562 587 766 787 815 912 926 937 942 959 
215 258 384 498 586 723 736 771 809 943 1219 1263 1373 
349 410 692 845 946 953 1028 1046 1054 1243 1251 
198 316 614 973 1223 1261 1306 
77 187 261 422 535 551 627 861 
10 26 130 140 229 247 460 507 717 728 737 932 1075 1094 1200 1232 1244 1298 
81 94 169 256 275 330 404 529 595 601 773 798 920 1030 1319 
120 336 430 548 624 767 1019 1239 1268 1318 
44 277 289 448 523 792 824 905 1244 
115 306 345 535 640 679 739 827 936 969 
30 152 216 504 590 740 1052 1287 
164 408 538 554 643 914 1327 
315 349 518 597 682 792 815 929 1049 1107 1164 1183 1270 
8 116 127 403 432 452 497 583 791 833 883 945 1020 1050 1082 1146 1264 1313 1343 
161 327 374 404 503 545 587 659 783 803 1027 1045 1154 
40 59 130 157 251 255 397 400 531 599 674 771 805 819 
22 46 98 165 255 371 483 763 1005 1037 1056 1138 1139 1153 1214 1281 1309 1325 
241 386 390 561 741 794 1085 1200 1330 
35 236 332 716 752 941 974 992 1124 
194 350 535 598 664 667 671 1155 1193 1284 
27 342 365 423 435 539 581 586 705 990 1019 1229 
31 263 414 455 540 542 574 633 917 1059 1145 1165 1177 1196 1249 1362 
255 555 618 918 1067 1145 1205 1303 1377 1399 
84 222 230 606 785 844 859 914 1060 1257 1258 1320 
227 249 277 494 513 551 600 785 931 
271 309 335 411 679 700 904 1210 1377 
22 49 170 253 320 409 479 715 808 1172 1298 1318 
100 105 387 562 578 599 926 978 1074 1128 1201 1284 1311 1343 
98 117 300 319 542 743 1000 1007 1053 1116 1213 
203 286 306 371 411 422 499 503 602 629 651 663 664 739 822 1106 1265 
6 220 255 262 301 429 805 894 1040 1289 1389 
120 286 508 561 603 619 669 771 985 1227 1316 
39 61 133 282 401 606 674 925 1143 1183 1232 1382 
37 212 270 319 464 465 566 601 818 948 1050 1098 1107 1291 
93 178 391 538 540 900 1226 
203 316 572 625 663 706 784 875 888 911 959 1166 
163 322 554 578 672 698 736 787 1326 
79 279 313 395 569 685 773 1038 1089 1211 1395 
245 498 519 527 721 727 887 915 1123 1188 1256 1298 
118 142 572 631 945 1031 1041 1127 1223 
180 256 262 354 387 402 474 485 736 792 916 1160 
51 75 78 221 345 390 718 798 942 971 1019 1072 1105 1206 1232 1292 
36 106 177 179 253 254 257 442 849 1107 1259 1318 
39 265 466 579 581 681 762 905 1002 1093 1160 1323 
30 36 98 326 358 374 645 975 1105 1207 1215 1403 
24 86 260 364 454 844 868 870 921 1064 1384 
1 105 207 654 890 895 929 942 963 968 1022 1161 1262 
6 319 358 560 605 718 941 1072 1271 
23 149 165 189 363 487 527 685 789 1030 1145 1372 
230 307 478 610 801 962 974 1044 1180 1360 
156 291 293 497 619 647 886 943 1069 1277 1302 1379 
238 285 374 380 510 746 862 891 1075 1084 1100 1340 
63 136 193 257 325 496 527 536 609 793 1014 1022 1266 1301 
183 288 418 476 674 1102 1105 1275 
189 441 641 777 864 978 984 1031 1049 1095 1154 1180 1297 1383 
80 408 605 661 821 837 966 994 1195 1223 1320 
61 132 147 190 194 386 439 478 590 681 716 720 824 832 1135 1200 1203 1216 1310 
178 475 540 559 641 685 908 951 1279 
26 152 598 601 633 791 812 817 820 1116 1212 1222 1309 
17 98 278 366 427 559 689 709 868 1025 1067 1118 1201 
40 150 465 487 520 528 615 627 690 993 1045 1349 1353 1363 
68 196 475 697 767 931 996 1037 1311 
24 74 287 517 620 793 800 1069 1172 1190 1209 1306 1312 1326 
20 56 275 508 579 629 640 708 770 831 1306 1316 1343 1384 
47 61 78 475 624 1177 1180 1322 1331 1344 
111 191 230 239 540 617 678 975 1047 1076 1114 1300 1383 
145 199 434 536 636 731 1053 1165 1291 
100 226 399 500 519 546 558 593 644 900 924 931 1034 1277 1335 
68 234 335 369 516 579 854 984 1175 1243 1289 
13 451 865 1180 1243 1287 
41 84 154 292 320 421 585 603 788 937 972 1272 
95 161 336 456 520 546 658 810 817 884 1024 1304 1325 
312 480 529 650 651 698 763 822 836 857 1162 1295 1329 
128 583 594 642 851 865 900 913 963 1083 1284 
109 226 485 509 571 897 1176 1384 
76 259 450 953 964 1180 1236 1322 1344 
252 589 611 803 871 1091 1156 1230 1279 1316 1349 1373 
33 105 372 642 666 934 1059 1120 1242 1353 1357 1361 
220 775 785 1343 
44 84 132 198 305 321 883 895 1106 
257 443 467 640 767 790 899 1004 1163 1332 1394 
166 373 374 481 488 865 876 878 1104 1269 1274 1333 
142 240 324 417 483 673 723 765 820 825 1162 1198 
44 246 389 438 592 696 752 1195 1232 
50 160 221 401 462 516 656 672 798 941 1021 1054 
259 267 390 585 762 846 1176 1341 1380 
56 100 248 258 299 680 790 814 832 904 1002 1199 
125 513 589 687 741 760 985 1064 1077 1299 1379 
59 147 453 578 606 842 854 956 1034 1115 1195 1197 1310 1353 
11 18 216 400 532 554 591 632 862 880 1120 1227 1283 1372 
77 450 464 522 609 642 656 743 1142 1197 1370 
179 231 605 674 681 695 711 1041 1148 1203 
6 140 184 497 502 663 859 923 1031 1222 1245 1370 1392 
25 186 438 506 555 570 686 717 774 831 898 1045 1083 1150 
46 253 289 495 590 607 773 861 1059 1108 1148 1174 1263 1343 1374 
191 451 471 758 803 896 932 1128 
197 384 525 642 676 870 916 977 1107 1119 
3 168 173 734 829 890 934 937 1171 1309 
350 557 787 922 963 1052 1102 1107 1190 
37 146 239 298 337 379 383 476 672 1055 1116 
29 267 410 781 867 916 
48 83 172 227 249 436 478 780 845 998 1403 
112 381 548 553 557 627 672 1201 
152 153 160 472 694 842 879 919 1017 1083 1245 1350 
158 670 715 1204 
54 136 455 633 703 704 758 852 991 1022 1061 
174 403 451 504 509 585 648 788 895 935 1055 1056 1063 1134 
73 308 364 407 432 680 716 778 877 1028 1191 1285 1393 
155 233 262 480 658 677 750 786 1290 1357 
18 83 97 532 728 889 914 915 994 1021 1026 1335 
123 184 196 242 263 341 436 579 760 766 903 962 1142 1212 1286 
146 341 408 471 521 596 623 643 693 738 828 1023 1139 1194 1216 1239 
44 215 625 676 688 692 720 1012 1294 1305 1339 1342 
15 190 234 520 732 742 831 872 918 943 1140 1160 
248 697 967 998 1066 1267 
33 47 56 227 250 1018 1066 1158 1333 1338 
27 118 145 306 577 1049 1059 1110 1271 
13 31 51 101 189 442 634 884 888 930 1132 1167 
269 625 686 721 764 870 883 1003 1089 1390 
175 338 404 442 477 500 585 851 893 996 1157 1172 1181 
79 135 141 313 563 645 675 742 850 943 1122 1134 1262 1279 1380 
119 253 475 544 729 841 987 1009 1061 1127 1176 
40 137 234 892 898 922 940 1138 1143 1207 
66 230 285 694 756 775 827 864 938 960 991 1135 1202 1267 
158 160 190 581 824 931 988 1063 1398 
324 569 600 649 695 710 840 1003 1048 1257 1399 
222 340 459 534 635 1034 1059 1089 1107 1161 1216 1313 1353 
40 219 239 268 310 476 477 992 1041 1076 1084 1174 1175 1287 1362 1390 
61 75 189 537 643 706 841 925 1403 
37 157 169 268 421 586 671 681 856 991 1189 1284 1359 
27 228 331 428 531 655 751 857 971 992 1043 1072 1136 1153 1158 1243 1385 
245 251 297 390 886 981 1006 1148 1277 1392 
164 270 738 816 889 1222 1235 1270 1279 
171 192 285 349 405 525 944 1114 1175 1313 
11 108 126 180 304 446 531 661 766 1078 1387 
243 373 586 615 650 680 692 928 1069 1328 1402 
4 8 227 812 1033 1037 1132 1161 1173 1224 
3 30 54 65 83 127 183 243 251 313 594 675 738 751 900 1183 1222 1392 
24 202 344 379 449 713 826 1013 1170 1236 1332 
319 455 551 667 695 913 1089 1110 
17 167 189 353 516 738 762 876 905 1220 1364 1391 
172 277 281 409 443 501 566 735 862 989 1170 1331 1364 1398 
213 318 366 432 709 752 989 1157 1168 1176 1280 1323 
145 165 353 485 556 671 1135 1305 
196 382 475 557 577 589 635 674 688 736 804 873 888 976 981 1073 1270 1284 1316 
58 96 256 442 621 762 965 1302 1329 
122 157 201 357 818 1303 1341 
107 132 176 332 689 803 830 835 939 1035 1082 1088 1119 1174 1233 1278 
19 105 403 455 561 791 1210 1290 
9 78 99 365 369 777 950 1014 1148 1192 1235 
78 180 240 436 539 569 602 678 827 857 959 1046 1086 1179 1202 1318 1399 
306 447 527 743 773 793 866 1002 1010 1016 1048 1062 1076 1144 1339 
91 260 367 554 736 766 885 1105 1379 
94 123 183 202 267 693 910 1041 1080 1102 1126 1293 1373 
325 368 417 470 1204 
30 158 176 330 386 499 827 
73 562 752 880 907 962 1072 1199 
63 66 146 288 423 486 524 646 735 956 1036 1120 
26 60 86 128 217 377 418 521 568 662 850 965 1034 1063 1186 1206 1241 1310 1345 1351 
188 220 254 268 302 379 451 464 940 1111 1128 1184 1189 
22 177 233 487 549 579 612 805 961 1117 
97 108 393 438 497 801 808 969 1002 1202 1309 1386 
90 119 530 674 768 783 857 906 957 
42 182 296 311 660 875 955 975 1280 1312 
432 513 585 703 725 898 1093 1203 1246 1282 
35 75 118 250 309 447 521 682 781 945 1008 1326 1387 
204 222 397 402 403 483 514 562 657 765 1261 1345 
4 106 211 651 662 1205 1285 
26 376 412 650 922 1173 1211 1254 
43 561 722 974 1022 1149 1176 1193 1322 
34 180 284 427 441 800 838 1135 1173 1183 
151 249 369 400 599 620 753 799 873 874 992 1149 1345 
241 286 447 785 991 1256 1287 1292 1335 
246 349 577 602 645 915 1226 1254 1260 
3 51 510 516 627 748 768 865 876 993 1171 1272 
112 141 252 309 528 564 620 884 938 1128 1370 1394 
93 292 611 809 1077 1098 
22 42 378 752 810 830 842 1070 1087 1120 
75 381 599 1142 1191 1311 
185 229 306 397 703 772 917 960 1109 
19 75 117 475 579 672 874 1086 1169 
22 96 126 220 287 515 684 774 870 1108 1267 
91 274 438 490 731 769 821 941 982 1129 1366 
5 154 179 183 198 252 345 471 495 512 581 1055 1180 1207 1236 1242 1336 
179 300 431 552 734 803 871 1208 1248 1273 1274 1290 1314 
81 201 271 645 749 753 761 854 868 872 958 1081 1152 1158 1180 
74 98 594 661 831 956 980 1191 1193 1201 
260 496 780 912 953 1014 1111 1124 1189 1203 1216 1279 1286 1395 
100 169 220 287 725 739 865 1019 1104 1116 1343 1382 
72 261 601 892 1059 1223 
12 43 75 139 187 725 776 798 861 882 1001 1090 1152 1175 1205 1272 
171 174 264 341 756 864 897 914 974 996 1314 1319 
247 466 589 671 793 865 1126 1148 1264 1399 
86 346 405 511 824 851 881 1023 1243 1400 
28 58 183 283 337 466 851 860 896 924 1045 1072 1142 1370 
129 332 598 715 843 926 939 960 1000 1006 1090 1127 1195 1394 
207 218 256 281 288 406 424 541 761 820 854 918 972 975 1021 1227 
1 38 66 102 330 348 420 556 574 677 787 915 1173 1298 1330 1397 
92 360 528 761 907 976 1053 1183 1200 
76 146 205 319 345 381 419 641 783 1047 1177 1272 1374 
280 314 368 523 769 836 956 
32 221 240 369 472 498 579 873 1005 1018 1154 1256 1349 
97 211 241 460 541 582 614 870 919 946 1157 1253 
154 170 222 293 297 322 377 693 759 798 
59 83 395 403 442 510 751 797 855 1075 1085 1210 1344 
25 96 520 640 832 928 1007 1074 
41 105 384 457 460 730 811 1162 1323 
112 287 424 429 501 513 541 718 894 956 1178 1247 1379 
160 271 477 715 797 824 916 950 1131 1208 1332 
191 207 542 789 812 945 1059 1281 
239 307 506 588 726 777 947 960 1063 1108 1122 1165 
56 68 99 216 236 731 987 1029 1098 1281 
112 122 143 147 240 259 613 656 802 869 937 1017 1125 1377 1391 
528 653 799 1199 1255 1311 
74 180 267 412 490 710 887 936 968 1258 1400 
72 129 214 257 311 319 398 413 609 645 676 726 759 786 924 1045 1256 1296 1311 
42 97 122 184 392 595 775 874 
84 130 142 205 399 435 754 871 1382 
102 114 773 802 844 933 1369 
51 123 145 214 317 390 467 664 760 980 1015 1025 1076 1198 1312 
114 197 370 404 450 500 714 747 753 817 953 1120 1213 
141 295 554 652 662 1009 
3 100 412 604 939 992 1071 
80 125 177 378 418 601 790 1000 1042 
705 766 950 975 1270 1291 
84 143 225 278 414 490 653 688 723 820 935 1032 1061 1227 1278 1344 
131 163 493 531 842 1289 
10 11 68 106 836 878 991 1078 1079 1403 
107 186 226 606 636 737 954 1044 1131 1252 1274 
364 414 446 616 661 1199 1249 1266 1336 1348 1372 1375 1393 
129 207 335 338 483 572 622 833 1032 1131 1318 1383 
41 189 195 261 464 620 715 933 976 1343 
183 241 347 402 680 867 1155 1185 
176 256 261 492 502 753 819 924 1103 1224 1367 1389 
58 156 691 703 789 871 1009 1020 1052 1160 
37 52 124 146 317 609 634 718 789 853 877 1235 
225 251 289 355 471 522 527 562 637 720 776 780 888 989 1005 1037 1040 1107 1245 1332 1353 
273 302 515 701 859 918 981 1137 1184 1324 
180 195 292 293 301 323 648 702 793 876 917 932 947 1166 1178 1320 
53 103 310 580 624 674 783 882 988 1045 1120 1150 1187 1238 1315 
6 60 559 686 921 1029 1089 1136 1163 1194 1240 1302 
70 149 220 390 442 598 725 920 1009 1016 1052 1062 1095 1190 1229 1360 1392 
130 134 144 212 215 238 367 381 525 539 553 592 778 802 848 1228 1260 
12 47 141 230 284 602 772 1029 1040 1052 1102 1153 1247 1297 1305 1401 
78 174 294 747 874 895 913 1237 1260 1273 1291 1400 
77 308 483 631 712 808 1291 1375 
276 354 508 655 664 680 707 875 946 1074 1077 1114 1125 1242 
132 508 590 1002 1164 1179 1180 1402 
36 145 277 418 443 479 506 540 592 629 815 885 1028 1238 
6 107 126 128 331 419 458 535 563 692 726 1080 
158 224 267 438 514 797 968 979 1171 1366 
11 54 369 469 542 578 618 658 704 741 747 804 1078 1215 1356 
36 305 416 542 676 685 775 918 1082 1129 1258 1296 
354 898 911 962 1339 
174 486 498 652 664 671 757 777 1082 1323 1330 1370 
22 119 308 317 356 527 597 786 905 1090 1114 1206 1261 1289 1332 
136 267 572 689 894 1191 1332 1333 
19 197 318 680 750 777 892 1007 1153 1268 
110 220 244 516 652 803 855 986 1161 1228 1244 1288 
113 145 250 381 399 446 827 875 902 1031 1116 1290 1346 
106 125 188 204 449 503 541 616 802 839 983 1044 1128 1321 1374 1379 
87 129 398 399 434 541 615 698 727 764 862 1309 
437 664 680 721 726 1018 1238 1243 
285 313 376 430 483 681 730 793 800 1142 1287 
23 244 360 578 813 1072 1177 1273 1334 1375 
110 330 693 719 845 889 1117 1238 1373 
127 142 282 309 508 559 564 647 682 882 926 1315 
47 193 467 660 890 918 956 1199 
26 444 455 627 713 958 1141 1224 
40 79 107 237 291 356 498 1178 1342 1344 1394 
52 150 172 399 533 829 888 904 1098 1113 1259 1265 1301 
9 28 104 211 263 291 737 1299 
473 506 615 1001 1176 1216 1224 1368 
50 98 138 184 185 269 379 450 616 682 755 867 900 1004 1071 1357 
76 149 287 313 388 407 565 627 630 678 908 977 998 1045 1231 
29 81 250 291 443 508 538 539 843 
138 263 271 354 386 768 837 866 880 887 947 994 1114 1243 
131 349 408 842 982 1017 1202 1213 1365 1390 
292 865 948 1025 1058 1074 1221 1281 1352 
114 680 715 830 1109 1119 1269 1380 
803 859 875 890 1187 1308 1403 
20 121 253 313 840 981 1025 1241 1379 
22 43 230 442 729 790 836 933 1010 1055 1096 1340 
20 74 86 153 571 648 726 753 778 1000 1028 1075 1090 1300 1359 
193 679 755 1099 1185 1219 1255 1348 1365 
206 268 372 535 825 838 1030 1178 1318 
17 64 95 102 464 735 1087 1130 1144 1170 1181 1271 
419 536 568 794 1029 1109 1214 1228 1313 1359 
124 198 563 646 726 894 930 1085 1240 1301 
143 509 573 689 841 983 1187 1199 
166 229 275 473 596 678 1011 1076 1102 1121 1246 1285 1288 1313 
3 113 156 299 466 482 676 721 810 1021 1175 1313 1331 1384 
24 33 94 229 348 427 502 602 663 750 876 1074 1299 
33 46 79 169 208 483 571 679 683 1125 1137 1280 1399 
309 345 394 432 490 698 729 849 871 999 1008 1123 1133 1206 
185 343 364 504 657 724 745 843 876 904 1281 1342 
109 219 291 475 824 878 911 992 1197 1318 
58 109 138 145 313 377 460 466 496 531 776 954 1096 1176 1269 1283 1321 1350 
28 169 252 264 299 469 490 602 651 707 734 1064 1069 1126 1263 
195 224 337 415 416 477 930 1200 1295 
143 231 294 377 578 866 899 986 
5 213 562 647 811 824 917 961 1033 1041 1131 1144 1276 1314 1366 1389 
177 202 227 230 231 376 401 497 509 862 957 1198 1233 1292 1301 
41 124 267 460 500 940 969 1284 
197 484 490 518 588 734 748 1037 1257 1342 1394 1400 
125 353 432 492 711 767 1025 1067 
431 459 467 551 583 615 667 938 980 1040 
232 801 891 1355 
192 279 288 437 477 505 804 919 1189 1242 
55 161 210 222 234 259 285 308 631 821 822 916 
143 343 455 555 617 626 700 1344 1375 
233 461 528 531 785 803 809 852 907 1321 
116 256 467 633 664 698 807 810 851 902 976 1007 1067 1231 1274 1318 1358 
44 103 141 144 467 598 740 854 1203 
142 201 208 340 432 604 735 789 956 1057 1271 1335 
82 190 325 344 500 548 566 1066 1101 1140 1403 
427 450 741 799 871 1030 
12 468 660 1086 1100 1180 1228 1239 1246 1348 
56 58 60 115 408 531 551 650 669 781 794 954 1041 1166 1183 1223 1399 
122 238 396 502 548 974 1053 1159 1211 1217 1326 
20 172 250 649 708 875 903 963 1170 1212 
1 353 491 870 952 1115 1225 1270 
121 234 345 516 615 723 766 831 841 927 1291 1383 
18 134 147 217 285 287 308 382 641 798 805 1032 1078 1106 1110 1153 1301 1395 
95 96 193 330 424 467 581 647 760 953 1092 1199 1217 1304 
638 696 881 916 1070 1278 1303 
23 120 273 330 357 811 875 1065 1113 1258 1312 
309 332 408 454 457 577 708 885 937 992 1012 1026 1077 1149 1177 1306 
20 25 130 137 198 244 417 439 520 845 974 1018 1259 1289 1336 
106 240 801 901 914 921 1027 1153 1192 1276 
60 327 505 587 652 831 962 1027 1232 1277 
28 48 140 350 570 613 970 1392 
13 161 189 292 308 792 1007 1162 1399 
191 208 243 288 396 479 525 668 818 1152 1201 1268 1322 1362 
86 342 359 372 492 528 732 829 867 1259 1363 
354 672 899 1024 1216 1253 
305 335 399 467 497 598 831 921 1036 1248 1353 
143 168 232 261 490 549 614 783 892 957 1052 1102 1158 1206 1302 
37 134 144 185 295 378 402 795 881 942 1008 1130 1236 
35 130 687 700 721 868 1149 1174 1256 1294 
263 278 348 467 554 693 914 1112 1349 
14 40 45 85 202 353 578 584 591 656 764 789 876 971 1088 1135 1238 1314 1390 
33 64 218 370 416 486 509 517 546 726 732 785 849 1145 
61 149 338 451 642 652 791 873 1051 1149 
137 209 266 369 413 608 610 751 1015 1249 1298 
53 131 382 409 421 441 739 899 958 961 985 1041 1172 1218 
73 96 413 677 789 1007 1263 
177 308 457 638 675 694 1009 1010 1296 1315 
69 137 248 312 463 536 682 787 928 963 
409 452 511 891 920 923 967 1099 
25 127 594 666 686 728 965 996 1110 1278 1292 1337 1364 
181 196 219 279 509 570 719 734 772 939 1073 1122 1163 1298 1366 
43 386 486 590 905 910 1003 1115 1299 
24 227 251 288 349 377 511 816 981 
138 561 573 583 747 768 806 838 1089 1158 1175 1250 
122 150 188 215 244 279 436 440 443 631 649 827 1120 1320 
48 64 150 473 485 837 1016 1068 1319 
32 261 435 513 565 696 741 816 916 984 1107 1212 1315 1361 
164 360 508 598 717 1140 1246 1271 
58 432 498 520 629 1165 1219 1222 1249 1308 1355 
129 211 359 543 575 645 710 916 923 986 1070 1196 1212 1332 
63 249 297 366 542 719 771 807 833 981 998 1025 1191 1233 1395 
7 10 178 181 206 487 608 610 616 903 1071 1090 1140 1203 
401 598 643 810 1064 1136 1235 1271 
28 41 151 383 729 908 940 1184 1384 
100 254 447 454 615 694 740 773 874 895 919 954 1080 1127 1193 1219 1272 
206 321 398 682 830 1059 1197 1351 1360 1387 
153 465 566 632 662 745 879 1091 1165 1190 1215 1232 1245 
34 74 198 437 631 633 805 831 1066 1227 1342 1354 
46 70 345 409 504 692 734 796 1197 1253 
164 464 514 693 713 1262 
79 673 1023 1145 1252 1268 1357 1362 
180 690 778 914 921 923 1017 1096 1165 1172 
128 241 297 308 339 679 708 746 878 999 1068 1085 1124 1183 1214 1340 
20 31 131 262 308 377 514 540 597 619 682 764 1112 
13 87 107 154 258 377 383 420 779 786 863 962 1129 1325 
97 274 316 340 471 513 561 673 696 786 1262 1266 1280 
50 114 212 259 264 337 440 507 994 1066 1090 1387 
9 29 513 958 1165 1386 
50 264 286 341 384 545 563 634 701 757 774 796 806 869 889 1046 1341 1348 
20 44 217 376 380 424 454 456 572 703 1159 1192 
165 188 304 371 542 613 673 785 801 905 1245 
25 307 372 571 831 921 1111 1128 1311 
29 322 598 786 804 838 890 1354 
74 111 572 725 767 978 1043 1096 1213 1292 1304 1363 1395 
11 204 331 444 505 640 660 1006 1299 1368 
164 209 238 247 323 794 795 995 1048 1057 1107 1197 1376 
149 241 370 702 739 985 992 1089 1172 1248 1368 
42 83 132 136 138 246 622 1036 1053 1104 1259 1368 
114 319 371 541 586 730 742 815 978 1093 1204 
51 186 270 373 397 530 658 857 1005 1040 1342 
170 284 458 902 953 1042 1087 1100 1104 1132 1371 
49 111 365 498 534 721 727 810 836 874 944 1119 1217 
121 307 376 441 487 650 824 1031 1133 1382 
156 205 349 358 576 662 707 885 926 958 972 1092 1111 1142 1321 
59 78 111 211 274 280 395 560 685 731 884 963 1163 1215 1271 1377 
7 185 669 745 807 831 899 970 1129 1229 1250 
6 153 211 571 767 856 926 1007 1182 1199 
56 244 301 359 377 390 493 677 814 907 931 1003 
36 139 150 310 543 615 907 1283 
48 196 236 257 311 602 613 657 677 833 929 1045 1124 1246 1325 
171 297 321 345 416 466 474 501 572 607 626 638 865 1145 1264 
209 276 309 547 645 671 693 827 932 934 1289 1382 1390 
2 152 241 299 317 389 437 753 773 783 1202 1240 1346 
38 79 198 242 381 489 523 731 807 1167 1186 
120 425 618 697 884 968 1053 1163 1345 
44 203 243 589 830 860 997 1164 1392 
49 114 141 238 446 857 966 1071 1090 1184 
177 253 266 470 493 582 827 1021 1096 
105 420 494 582 644 717 798 806 819 920 1034 1067 1264 1328 1333 
80 293 396 466 566 604 870 875 935 963 1042 1057 1087 1151 1328 
51 124 131 194 274 277 476 553 624 631 756 1047 1126 1210 1313 1367 1375 
19 34 137 247 273 292 382 554 1004 1074 1105 1121 1125 1284 1340 
24 69 153 165 256 368 458 542 626 723 844 1069 
14 225 431 493 597 605 685 1118 1257 1397 
175 259 330 394 455 627 672 734 921 1361 
100 290 336 395 526 962 977 1052 1064 1088 1143 1200 1240 1264 
106 165 232 327 358 1136 1270 
145 360 530 552 713 856 891 950 1336 
237 271 964 1029 1157 
80 112 140 272 277 323 423 502 610 731 997 1071 1142 1172 1200 1259 
101 269 371 995 1143 1249 1327 1349 
1 260 283 329 423 460 560 618 733 778 833 923 970 1017 1198 1220 1349 
276 316 521 539 913 1134 
139 184 213 257 289 641 761 868 1068 1071 1394 1402 
207 237 405 410 721 724 733 832 1092 1247 1264 
135 205 219 247 279 357 508 605 709 759 1003 1320 
149 283 513 692 713 722 776 778 806 916 1037 1066 1129 1385 1395 1399 
163 312 345 365 497 774 861 890 1211 
16 136 199 276 441 504 859 959 967 1300 
7 590 796 819 1003 1030 1384 
76 220 250 292 342 528 579 839 867 1062 1074 1117 1256 
145 156 305 448 527 570 659 1020 1054 1367 1398 
43 116 336 426 622 950 1006 1270 1285 
53 373 666 674 745 813 926 935 956 1147 1178 1353 1356 
17 83 144 264 278 768 1001 1032 1301 1325 1342 
31 43 191 192 482 708 738 779 868 939 1142 1272 1308 1331 1373 
98 354 646 840 945 1111 1128 1243 1246 1384 
72 103 122 133 496 540 635 739 1094 1374 
6 34 187 188 356 440 557 776 827 959 1072 1131 1334 1385 1397 
113 172 304 529 757 769 837 857 900 919 1035 1182 
47 142 150 506 598 970 1092 1126 1214 1374 
37 90 198 321 326 547 800 890 1031 1175 1283 1297 1355 
3 7 221 237 328 351 400 462 718 974 1189 1201 1269 1372 1387 
38 211 240 498 614 632 698 867 1053 1080 1192 
44 175 244 470 506 892 926 973 1092 1162 
11 377 457 648 833 872 978 1091 1121 1169 1201 1299 1310 1337 1346 
42 50 81 100 112 532 647 719 801 875 1045 1132 1198 1384 
147 223 345 360 368 490 506 707 775 839 855 940 1062 1117 1170 
131 231 472 593 862 932 1055 1076 1107 1225 1283 1390 
218 237 238 286 382 468 585 664 665 966 1018 
21 67 126 162 293 341 400 533 545 888 908 910 981 1119 1350 1382 
3 26 297 386 452 534 565 659 668 797 816 1071 1127 1144 1146 1242 1334 1383 
77 476 514 520 667 974 1073 1256 
5 238 328 396 425 572 786 800 1103 1163 1216 1308 
228 308 483 591 602 736 803 823 850 1021 1260 1345 
158 176 286 312 325 547 654 810 920 1043 1097 1317 
62 167 371 410 482 508 519 542 917 973 1252 
86 194 348 353 383 661 696 802 1206 1280 
265 336 499 600 616 623 696 791 1236 1304 
169 182 355 472 672 793 995 1038 1042 1222 1274 
42 153 166 203 253 354 948 
124 600 770 790 858 874 943 1074 1100 1116 1256 1260 
28 118 264 308 463 541 628 712 802 1096 1101 
458 612 831 966 981 1132 1155 1175 1249 1390 1399 
172 174 404 491 701 702 728 1022 1051 1081 1196 1241 1243 
293 410 416 439 513 514 548 693 1132 1159 
61 308 1114 
100 286 379 589 771 774 811 829 872 1247 
95 96 264 421 482 567 849 851 1007 1019 1023 1172 1241 1290 1313 1401 
19 280 402 415 439 483 624 773 919 1186 1269 1330 
134 312 442 568 1090 1334 1361 1379 
56 268 309 323 339 371 505 560 865 870 1013 1227 1237 1371 1384 
146 229 334 654 696 810 923 937 1003 1009 
25 72 509 694 734 881 1164 1235 1333 1402 
35 134 156 323 398 530 679 699 912 1144 1299 1379 
13 15 180 756 1308 1327 1337 
609 637 799 822 882 1099 1181 1248 1251 1294 
53 60 139 202 426 795 810 865 1017 1034 1175 1233 1239 
74 166 466 999 1060 1146 1231 1250 
38 93 290 500 566 672 720 723 793 914 1290 1321 1388 
2 113 248 306 381 430 459 598 670 678 726 806 816 938 1209 1250 
136 155 276 595 609 659 664 668 752 762 886 1012 1125 1235 1321 1345 1381 
58 143 148 170 294 668 760 920 1031 1075 1085 1134 1191 1261 1312 1318 
104 268 334 386 440 462 475 508 692 927 1086 1154 1394 
220 238 334 701 746 890 1039 1047 1052 1058 1295 1391 
19 256 471 474 667 715 918 998 1214 1358 
147 189 797 1084 1253 1282 
111 170 398 511 822 1196 
29 110 157 172 585 612 860 1126 1243 1352 1359 
129 258 561 590 595 818 821 966 1000 1128 1210 1237 1244 1301 1325 
23 98 224 345 400 503 645 777 854 930 1298 1329 1330 
110 125 204 219 361 373 450 706 742 799 1025 1052 1067 1100 1149 1288 1332 1390 
49 107 152 214 252 303 428 649 656 816 848 850 877 
41 150 155 452 774 807 827 1019 1285 
59 333 578 655 748 807 813 870 971 1034 1122 1144 1158 1351 
5 65 164 204 330 385 559 754 765 801 822 849 952 977 1191 
177 291 440 497 500 701 744 879 944 1007 
248 299 409 550 602 616 887 918 949 965 1114 1214 1279 1282 1376 1377 1386 
363 830 927 1242 1284 1286 
51 261 439 481 612 729 734 744 749 755 863 865 927 997 
339 501 679 799 966 1157 1190 1228 1230 1235 
49 88 138 393 475 608 1077 1120 1258 1327 1352 
73 142 217 692 712 817 850 878 998 1053 1309 1346 
133 266 325 354 464 485 639 839 917 1044 1087 1185 1258 
37 76 222 289 431 472 550 574 912 964 1184 1299 1395 
78 104 328 553 664 838 1084 1150 1255 1258 
343 359 531 596 658 919 960 969 1193 1214 1227 
77 170 249 325 496 515 624 718 1354 1362 
49 83 146 340 809 839 867 988 1123 1233 1253 1259 1390 
48 52 107 110 365 437 742 778 921 1047 1181 1374 1384 1392 
26 182 258 530 535 616 787 858 866 936 1041 1163 1176 1392 
35 190 213 257 381 460 488 829 1009 1060 1124 
38 274 362 593 699 849 866 1045 1187 1266 1343 
163 495 542 576 600 791 920 1391 
35 320 350 561 735 763 768 875 1198 1254 1271 1279 1395 
158 240 420 632 701 1040 1145 1168 1246 
29 225 336 418 641 768 770 976 1046 1049 1066 1208 1243 1329 
102 126 278 387 679 762 899 982 1102 1127 1195 1389 
66 186 407 529 535 552 583 623 766 836 893 909 947 969 1004 1077 
3 100 489 555 582 659 662 685 697 736 878 979 1096 1100 
71 148 183 390 672 707 739 782 866 1013 1123 1126 1219 
50 71 269 321 605 803 830 841 957 1083 1286 1295 
36 169 179 216 413 568 584 659 676 736 771 844 867 993 1042 1212 
409 493 784 834 1069 1359 
440 503 597 702 847 870 1354 
346 435 624 721 838 935 974 1017 1138 1270 1372 1386 
165 174 316 378 392 724 802 863 1228 1246 
52 284 493 594 629 864 888 1197 1213 1381 
139 350 358 572 742 1161 1272 1281 1282 1344 1365 1385 
151 287 357 415 494 515 634 705 828 884 1091 1170 1296 
325 570 668 717 848 999 1108 1221 1291 1382 1400 
6 10 109 191 341 418 458 489 497 738 790 1000 1037 1040 1203 1343 
162 206 247 304 400 403 670 708 900 957 1064 1208 1232 
141 213 372 432 502 516 696 967 1053 1121 1166 1178 1187 1309 1353 1368 
68 638 653 724 931 1047 1075 1226 1242 1397 
119 148 202 222 224 225 399 447 496 574 736 791 806 867 952 1015 1134 1228 1229 1323 
100 542 550 592 999 1004 1072 
104 123 226 1025 1231 1294 
122 128 165 423 681 964 1039 1045 1201 
148 513 549 592 820 1102 1312 
7 84 179 340 414 431 635 958 1211 1397 
151 226 469 738 772 812 817 1039 1140 1309 
2 38 106 218 564 590 683 719 735 869 998 1261 1327 
15 383 427 502 816 913 948 952 
466 497 567 574 1001 1129 1243 1355 1398 
33 219 448 557 714 853 1215 1235 
184 195 245 287 311 349 667 711 769 876 905 1048 1152 1187 1251 1366 1397 1403 
48 69 275 665 922 938 967 997 1181 1207 1216 1312 1323 1374 
44 130 174 321 497 644 700 921 1076 1216 1294 1351 
132 136 168 387 415 624 660 756 1181 
77 301 341 426 458 502 530 954 992 1159 1218 
14 127 192 513 685 712 721 763 1010 1047 1213 1261 1277 
267 327 363 648 669 827 982 1041 1158 1189 
26 148 177 285 292 544 565 593 606 634 638 672 1246 1260 1356 
86 136 221 500 525 812 829 915 1043 1154 1162 1181 1226 1286 
1 105 133 165 177 191 431 459 755 818 863 1018 1139 1326 
90 366 401 497 550 924 1152 1170 1346 
6 159 221 546 919 928 942 945 1021 1290 1322 1356 1398 
16 127 169 245 262 336 687 791 997 1158 
199 309 610 920 968 1083 1096 1313 1327 
47 214 556 606 838 961 1145 1149 1254 1280 
44 128 271 425 757 863 926 988 1132 1179 1215 1282 1296 
37 275 383 394 446 673 682 748 749 810 873 942 956 1117 1145 1169 1197 1225 1369 
374 532 601 685 688 938 1170 1304 1345 
40 265 310 772 783 916 1047 1061 1249 
51 69 393 844 970 997 1038 1080 1117 1196 1207 1234 1338 
85 148 175 180 256 320 406 501 517 531 645 887 923 1105 1148 1400 
6 134 172 293 555 864 1016 1067 1157 1383 
45 94 231 245 385 665 669 701 909 1024 1039 1101 1144 1245 1257 1276 1364 1372 
55 57 85 215 485 507 596 1034 1076 1159 1161 1344 
146 357 502 523 662 682 1157 1227 1300 1318 1357 1385 
26 539 612 908 1051 1137 1272 
28 124 240 320 352 597 671 882 1015 1049 1167 1189 
142 226 307 435 488 599 636 675 848 853 1195 1241 1365 
147 207 278 325 366 616 893 964 1186 1256 1341 1358 1365 
120 610 628 654 673 718 852 881 895 1019 1111 1133 1142 1255 1341 1386 1394 
57 59 127 148 336 362 402 436 506 703 805 984 1094 1249 
266 366 593 670 703 894 932 1006 1182 1184 1186 1290 1299 1338 1372 1373 
44 81 298 558 570 616 722 950 1008 1014 1068 1100 1189 1326 
42 59 246 492 853 922 924 1135 1142 1234 1279 1285 1363 
100 150 384 620 648 683 846 935 1163 1223 1232 1324 
81 84 96 210 358 442 498 545 726 800 1050 1056 1387 
88 468 514 660 681 774 978 1026 1351 
125 545 693 872 1081 1089 1096 1105 
127 709 950 1305 1329 
68 98 347 425 732 909 1056 1193 
27 118 362 510 794 803 861 
131 258 285 317 687 937 1013 1051 1323 
51 148 245 250 285 536 632 761 959 977 1123 1150 1378 
213 692 812 824 904 1001 1097 1113 1206 
53 144 442 727 796 966 994 1038 1043 1075 1195 1293 
16 178 211 293 625 750 854 870 879 1045 1116 1209 1252 1353 1374 1394 
51 129 427 556 864 924 944 1291 1348 1352 
234 242 303 422 561 661 761 864 908 992 1140 
103 209 232 249 435 463 504 512 611 640 733 
65 107 299 334 465 981 1009 1249 
139 230 244 300 491 494 530 590 730 747 811 1010 1232 1289 
157 228 246 356 521 593 631 827 905 1005 1030 
147 185 323 627 737 756 800 812 867 1178 1195 1260 
12 347 482 822 843 973 1056 1138 1241 1364 
442 523 549 561 696 889 891 958 975 1209 1334 
291 312 371 377 404 415 580 589 648 674 844 1167 1178 1209 1242 1300 1345 1372 
72 102 237 394 436 769 977 1079 1122 1129 
217 223 342 440 457 516 699 707 753 809 824 983 1092 1179 1307 
137 155 162 393 563 787 847 970 1113 1174 1260 1331 1332 1364 
146 156 470 489 548 565 790 867 1179 1202 1235 1329 1336 
68 131 347 405 436 569 656 690 749 807 852 943 1323 1361 
52 215 276 308 329 345 495 537 600 938 970 1172 1338 1400 
83 88 132 162 164 271 503 514 710 748 906 935 1008 1082 1277 1361 
72 105 163 362 596 598 616 788 828 864 939 1149 1160 1238 1258 1377 
140 162 532 603 713 746 904 924 925 1002 1211 1273 
358 462 513 721 852 982 1030 1064 1309 
22 168 288 833 1271 1398 
106 165 341 369 490 661 792 1019 1157 1218 1229 1309 
46 213 470 642 663 752 979 1165 1202 
45 90 259 342 452 474 490 540 609 895 932 1027 1210 1242 
157 163 248 282 296 498 536 552 579 734 923 1122 
195 233 441 451 614 685 706 718 877 1024 1031 1171 
32 170 238 568 591 767 951 972 1032 1065 1126 1155 1185 1258 
23 184 555 588 619 676 745 963 1109 1251 1282 
92 139 412 439 515 732 950 968 982 1003 1115 1170 1356 
14 78 172 237 314 374 433 730 825 920 1017 1359 1400 
85 103 315 533 597 702 826 1005 1346 1351 1355 
113 148 353 380 403 663 751 1004 1064 1139 1244 
67 175 277 402 510 614 792 823 923 1265 
44 246 308 311 319 399 443 552 609 612 669 683 742 743 1007 
216 421 1284 
15 60 193 194 276 518 656 960 1039 1116 1134 1156 
5 67 137 296 326 354 696 738 777 841 941 1183 1214 1222 1292 1294 1351 1353 
94 135 267 431 559 591 736 768 838 1126 1341 
212 297 362 364 441 459 481 584 606 707 741 858 893 895 1062 
36 185 338 409 500 609 612 742 843 899 1006 1163 1220 1228 1396 
25 286 693 806 813 967 970 971 1091 1149 1240 1356 
21 149 864 871 981 1021 1318 1332 
95 98 220 313 559 560 562 605 919 946 1027 1037 1378 
371 388 465 516 651 711 743 756 824 1356 1393 1397 
20 81 563 1136 
170 291 420 687 706 722 830 910 965 976 992 1163 1251 1314 1393 
3 72 203 210 500 623 655 686 871 1036 
377 388 492 547 703 735 918 1035 1106 1394 
65 160 291 326 511 940 977 991 1074 1160 1162 1372 
53 90 146 203 381 495 496 744 755 849 1013 1238 
184 233 289 723 822 886 934 1216 1228 1268 1287 
4 172 493 917 1261 1400 
120 153 403 425 576 673 696 751 1055 1080 1115 1170 
64 259 442 716 742 845 999 1236 1259 1370 
191 273 319 409 434 501 691 1101 1156 1182 1223 1240 
344 513 524 568 670 674 815 1089 1090 
16 177 181 182 258 299 386 390 461 516 752 825 1171 1197 1265 1286 1373 
24 46 119 157 225 326 339 426 440 498 613 631 697 877 934 1150 1171 1367 
202 551 592 744 821 971 1116 1285 
110 115 162 189 219 230 299 451 456 476 530 547 572 636 760 818 888 916 935 936 1040 1172 1285 1314 1367 
21 274 627 761 795 936 1089 1154 
14 68 196 280 383 487 944 1119 1132 1151 1281 1343 
46 174 401 423 564 581 646 747 789 852 994 
146 267 863 909 1008 1098 1286 1370 
81 201 1030 1126 1156 1342 1355 1385 
349 571 573 795 1246 1258 1288 1366 1372 
295 443 792 831 933 1353 1362 
271 278 329 427 456 562 642 659 731 962 1053 1092 
109 152 389 418 504 674 765 826 1059 1255 1256 1310 
167 173 254 311 408 792 949 975 984 1048 1070 1115 1337 1349 
352 421 566 693 707 743 758 774 868 911 1193 1212 1334 
151 285 288 293 386 423 552 667 744 755 884 905 949 990 1209 1250 
6 9 75 313 419 482 658 838 846 851 1085 1135 1162 1244 1282 
64 141 285 364 508 939 1083 1126 1183 1237 1303 1373 1375 1399 
215 284 374 451 664 
93 173 192 280 369 909 964 997 1059 1273 
194 206 227 460 508 591 740 756 881 1020 1101 1102 1342 1362 1388 
408 652 664 674 677 783 977 1131 1356 
276 350 566 627 658 838 1046 1175 1229 1263 1303 1309 
18 436 603 612 644 958 1169 1182 1273 1355 1356 1389 
4 44 242 392 451 667 740 757 768 806 916 1016 1114 1214 1272 1309 1339 1395 
10 213 235 437 483 627 1048 1063 1188 1205 
81 143 338 455 542 655 668 673 987 1039 1122 1225 1303 1337 1352 
264 355 641 931 1114 1234 1238 1301 1313 1316 1350 1352 
29 264 344 439 540 757 788 953 1051 1251 1362 1375 1383 
11 108 341 404 552 992 1166 1255 
176 183 305 355 586 809 963 967 1169 1204 1302 
150 183 265 384 595 729 921 1046 
260 331 386 757 1037 1095 1151 1287 1289 
114 137 299 701 807 1013 1051 1188 1339 1349 1357 
106 620 740 1014 1064 1260 
61 283 344 352 496 566 820 821 1030 1249 1280 1285 
237 279 957 964 1209 1254 1255 1398 
350 491 862 930 981 1031 1227 1338 
157 216 379 389 425 660 913 1091 1112 1330 1332 1393 
204 328 565 952 1065 1067 1068 1214 1391 
185 307 445 466 496 584 898 1243 
401 487 500 566 770 772 855 874 934 1326 1336 
235 323 578 670 1071 1152 
9 214 526 655 728 769 909 1123 1206 1249 1258 1282 1321 1338 
338 406 681 756 833 945 1116 1258 1329 1346 1387 
210 376 774 879 940 1118 1121 1190 1228 1272 
132 268 272 299 355 909 925 944 990 1091 1346 1357 
164 497 619 647 1066 1178 1390 
46 232 361 509 552 562 611 619 702 705 892 1075 1178 1290 
181 185 212 414 640 1269 1315 
52 440 468 503 730 767 832 887 940 961 1151 1155 
267 321 765 800 959 1403 
187 329 378 504 553 1162 1208 
434 546 587 712 868 897 1073 1082 1131 1211 1389 1392 
8 288 532 640 644 734 745 910 1002 1132 1248 1357 
147 192 257 366 400 479 574 725 743 754 971 1044 1110 1117 1127 1152 1190 
47 95 207 407 458 463 585 810 1107 1119 1209 1251 1337 
185 481 544 576 585 841 1058 1178 1206 1256 
288 317 352 814 845 1046 1057 1123 1262 1373 
77 444 1160 1349 
83 128 132 210 274 277 491 618 655 710 913 981 1198 1352 1382 
96 112 122 172 235 438 447 467 798 807 957 1021 1082 1129 1144 1172 1189 1376 
66 278 551 607 820 892 1165 1194 1368 
29 40 60 182 211 258 308 360 452 579 772 811 817 921 1011 1086 1190 1191 1382 
84 138 667 787 909 1316 1318 1367 
43 47 255 527 570 676 760 855 875 949 984 1104 1164 1256 1272 1320 
482 583 717 867 1003 1041 1064 1107 1185 1195 1353 1401 
24 35 56 187 243 560 1312 
71 122 219 877 1094 1119 1215 1221 1227 1316 1402 
261 486 804 821 1112 1225 1238 1293 1365 
30 399 465 547 702 805 830 872 973 998 1012 1107 1144 1346 
28 39 140 276 338 394 406 533 673 873 894 924 984 1211 1247 1288 1302 1324 
236 295 413 923 1149 1395 
139 144 148 187 259 480 552 647 815 927 1104 1154 1397 
122 226 278 515 640 647 652 724 781 808 907 960 995 1227 1380 
