1414 8045
125 217 286 666 719 785 1413 
9 84 226 469 656 787 916 1172 1282 1285 1385 
271 587 775 899 1001 1031 1199 1211 1312 1321 
363 441 490 585 685 756 824 833 913 919 1180 1208 1295 1354 
42 124 210 534 541 764 776 805 877 880 973 994 1053 1215 1264 
279 367 435 463 552 585 1279 1404 1412 
259 296 445 611 762 809 879 1024 1043 1083 1156 1185 1305 1317 
52 178 189 441 492 550 656 858 962 981 1342 
2 58 92 252 426 515 835 1072 1174 1323 1368 
366 565 615 719 939 1058 1168 1171 1310 1344 
81 243 296 430 461 765 991 1036 1155 1249 1347 
136 298 315 328 347 654 721 947 967 1083 1087 1143 
70 93 367 413 439 714 735 772 884 951 1233 
25 151 321 381 469 506 833 1061 1103 1220 1257 1374 
18 89 132 423 580 927 946 991 1028 
321 642 699 977 980 1038 1315 
130 216 327 395 455 463 641 675 677 715 727 1065 1085 1328 
15 170 278 430 432 446 539 588 603 722 898 1048 1181 1205 1215 
131 426 503 533 648 752 825 919 1044 1079 1230 1232 
66 91 215 346 353 650 1053 1296 1309 1324 1397 1400 
114 125 581 605 793 809 817 839 931 1019 1034 1081 1183 1271 1360 1408 
168 465 479 711 943 1119 1328 
98 152 210 228 565 658 666 884 988 1111 1155 1160 
123 170 220 388 619 625 710 870 1051 1080 1098 1161 1264 
14 105 127 434 498 622 722 1054 1218 1271 
54 538 564 625 673 690 828 1112 1146 1391 
78 319 362 403 440 610 797 839 970 1058 1383 
245 252 273 580 589 755 1061 1380 
30 175 511 929 972 1145 
29 33 267 539 555 570 901 991 1069 1103 1213 1233 1347 
167 233 242 277 323 447 632 714 831 916 1087 1135 1307 1376 
95 119 173 201 301 311 372 422 445 455 492 587 623 970 1095 1384 
30 74 80 84 158 245 335 340 386 406 632 915 979 1227 1276 1311 
58 276 346 602 717 736 938 957 1267 1268 1332 1353 1365 
345 351 531 780 957 1319 
91 758 769 828 888 901 1035 1048 1062 1295 1298 
57 329 591 671 681 735 1082 1246 
369 589 593 634 911 958 1018 1289 
129 202 340 362 442 615 625 671 835 1067 1170 1178 1271 
452 1147 1151 1153 1230 1244 1253 1391 
272 280 360 503 971 1212 1294 1404 
5 98 296 310 313 458 518 978 1061 1089 1170 1208 1210 1258 1287 1370 
172 454 557 695 728 905 932 1277 1377 
140 175 320 682 743 801 808 844 1059 1079 1093 1329 1364 1386 
105 204 287 370 436 636 839 846 847 973 1100 1151 1201 1403 
53 102 271 346 463 628 758 804 807 1040 1109 1160 1175 1229 
307 586 846 877 949 959 1076 1186 1275 1356 
110 200 407 464 468 715 758 943 1039 1341 1389 
308 340 570 637 670 1011 1104 1166 1173 1218 1275 1399 
94 151 242 251 266 438 445 448 615 645 730 988 1295 1358 
224 378 473 513 744 1112 1284 
8 96 328 585 591 690 925 1287 1302 1307 
46 109 131 173 188 189 280 368 405 414 693 721 731 901 1112 
26 467 669 780 951 1100 1254 1397 
235 382 453 517 550 618 777 873 1321 
244 377 414 523 585 735 978 1101 1158 
37 63 82 99 315 317 393 455 537 650 692 939 1137 1293 1317 1349 
9 34 156 213 265 301 394 426 642 694 917 1083 1325 1388 1402 
69 80 85 598 741 818 827 1023 1088 1104 1296 1342 
383 605 816 873 1054 1156 1159 1243 1278 1285 1369 1390 
88 258 306 320 649 682 746 875 1065 1126 1293 
335 469 493 571 948 
57 123 515 621 669 802 809 987 1144 1311 1382 
76 87 136 283 426 462 611 716 853 993 1000 1063 1159 1335 
191 264 317 324 363 376 426 434 589 696 698 794 802 966 
20 245 262 492 728 1104 1277 
266 411 460 485 627 805 918 939 958 971 982 1065 1082 1151 1240 1251 1313 
117 210 317 412 491 566 579 674 720 763 954 1082 1236 
59 187 242 516 572 599 879 884 1043 1268 1352 
13 359 649 653 846 1146 1382 
358 365 596 687 1106 1212 1249 1304 1406 
164 378 667 984 1104 1370 
124 176 258 310 358 433 471 635 655 723 743 992 1135 1259 
33 357 561 662 916 1116 1256 1310 
227 280 492 712 737 866 1027 
64 316 388 447 501 691 712 719 727 1023 1110 1195 
95 155 309 354 696 738 789 1122 1215 1326 1365 
27 316 319 332 379 435 448 543 545 640 699 762 988 1210 
363 491 703 707 720 733 969 1038 1094 1248 1403 
33 59 159 165 299 532 534 588 652 681 735 752 870 918 931 
11 83 240 537 582 601 659 786 883 904 924 1050 1127 1142 1380 
57 105 285 344 399 416 664 666 691 726 810 824 996 1105 1279 1313 1319 
81 248 328 390 616 914 1054 1133 1290 1344 1391 1394 
2 33 114 595 621 727 842 850 889 1228 
59 157 164 169 359 553 571 604 770 885 1089 1192 
324 399 435 534 660 738 913 1001 1116 1141 1316 
64 89 98 210 328 611 642 757 779 1284 1360 
61 283 373 432 580 842 929 1096 1172 
15 87 606 741 1074 1115 1137 1186 
129 135 305 448 524 552 555 873 1018 1194 1225 1376 
20 36 128 667 846 872 954 984 1015 1020 1172 1252 1352 1369 1404 
9 111 619 967 1239 1247 
13 196 390 446 513 1085 1105 1155 1173 1230 1270 1294 
50 258 467 875 886 986 991 1059 1165 1325 1382 
32 77 116 193 677 841 929 993 1004 1114 1147 1200 1209 
52 103 174 268 278 324 392 779 967 1043 1096 1125 1266 1274 1280 1399 
434 471 623 869 960 1003 1051 1062 1104 1163 
23 42 87 379 448 505 546 707 813 828 832 835 893 1145 1146 
57 385 657 679 1069 1101 1156 1274 1347 1395 
190 269 468 680 794 817 881 946 1159 1297 1347 
102 348 495 634 749 839 1058 
46 101 160 185 322 883 
96 123 125 128 285 432 535 631 658 1001 1083 1158 1272 1276 
327 407 462 624 640 898 971 1195 1312 
25 45 82 171 507 592 628 809 897 978 1052 
274 461 795 950 997 1016 1020 1191 1218 1398 
112 388 559 1017 1203 
123 661 1015 1406 
53 243 267 313 515 582 665 755 986 992 1054 1186 1230 1256 1332 1335 
48 155 161 183 194 274 286 331 362 628 678 980 1021 1235 1394 
92 329 428 679 682 708 1083 1177 1254 1336 1385 
107 114 305 404 486 505 548 611 1357 
141 370 423 447 471 500 525 575 728 974 994 1019 1211 
21 84 112 223 270 421 566 786 940 1102 1126 1379 
182 430 461 585 590 970 1062 1265 1326 
95 260 492 614 680 711 810 950 1382 
68 229 276 390 400 419 470 497 550 943 945 975 1097 1170 1226 
148 174 263 387 419 475 658 764 904 932 1097 1167 
32 311 391 584 935 1357 
886 915 954 1080 1191 1356 
152 322 345 533 597 669 745 786 800 975 1329 
188 245 299 410 532 746 780 1148 
24 63 103 108 188 235 283 545 644 726 777 798 879 935 952 1036 1076 1192 1264 1340 
5 73 263 317 378 581 590 703 1051 1071 1120 1165 1182 1225 1246 1261 1262 1318 
1 21 103 252 348 352 374 596 643 798 918 1024 1101 1350 
201 240 365 399 874 886 1000 1112 1122 1149 
25 164 234 254 298 765 1038 1198 1350 
91 103 169 192 253 861 1034 1066 1074 1112 1302 1413 
39 90 244 359 375 590 700 751 1119 1182 1262 
17 240 259 513 545 737 783 877 1232 1269 
19 53 165 218 682 785 811 834 1085 
15 146 176 279 575 817 956 1083 1155 1347 1391 
176 208 353 409 510 541 611 719 725 744 1139 1372 1397 
143 264 315 479 608 952 1022 1063 1160 1393 
90 167 423 664 881 946 1170 1280 
12 64 169 203 238 250 353 542 1042 1116 1347 
143 258 373 383 487 570 936 955 1071 1090 1109 1181 1249 1287 
444 516 654 1079 1288 1349 1376 1406 
397 446 457 627 708 803 858 871 1055 1196 1211 
44 214 223 260 323 358 554 619 716 758 780 967 1047 1072 1224 1265 
113 191 216 254 949 1095 1157 1242 1249 
144 260 262 525 611 649 714 734 994 996 1060 1135 1145 1229 1347 
134 137 173 490 530 762 826 964 996 1139 1140 1182 1256 1280 1364 1378 1390 
142 238 1058 
198 369 512 723 815 1078 1261 1361 
132 151 650 754 817 829 897 969 
188 215 317 533 675 688 795 881 891 957 1179 1216 1409 
118 309 356 390 482 667 710 897 925 972 1246 
179 360 395 448 688 695 741 800 905 922 1112 1150 1223 1232 
358 447 461 774 1102 1344 1356 
14 50 146 166 432 438 479 532 567 665 669 745 816 834 950 1183 1268 1274 1379 
23 121 209 487 610 620 690 737 923 949 967 1032 1039 1087 1359 
303 539 625 951 1012 1409 
166 342 453 478 930 1090 1142 1212 1315 
77 110 218 305 312 456 552 600 632 719 788 1170 1308 1363 
58 200 331 354 688 991 1006 1160 1168 1222 1297 1324 
85 247 291 308 434 454 708 962 1050 1183 1198 1202 1258 1389 
33 166 433 460 518 531 718 781 797 928 1010 1087 1173 
80 362 621 668 820 892 1124 1136 1291 1344 
102 328 467 539 875 903 1139 1242 1290 
110 276 656 666 667 957 1014 1098 1201 1260 1322 
879 981 998 1092 1292 
226 629 1144 1246 1251 1261 
72 85 127 228 495 550 729 903 972 1176 1186 
80 131 345 452 533 628 750 767 990 1106 1265 1408 
151 154 158 267 331 411 503 512 534 571 712 824 908 912 969 1086 1101 1213 1247 
31 135 232 333 604 623 644 673 952 1242 
22 324 384 428 465 486 560 683 1027 1222 
85 128 136 291 644 726 772 923 978 1023 1103 1222 1323 1365 
18 24 233 566 710 733 739 830 936 1102 1112 1251 1254 
105 297 370 463 512 586 832 885 904 909 973 1146 1394 
43 334 788 807 958 1186 
32 53 143 275 335 383 484 490 1097 1229 
96 118 410 416 525 677 868 945 1335 
29 44 199 231 448 1087 1316 
73 132 133 266 276 383 484 757 786 1029 1244 1306 1374 
254 293 460 586 830 900 1149 1170 1195 1280 
8 278 326 398 418 627 802 1111 1141 1210 
149 287 606 615 672 763 818 940 952 994 1139 1189 1373 1395 
441 615 625 758 762 1174 1209 1337 
307 312 391 450 558 764 812 1003 1247 1273 1380 
115 490 601 799 937 985 1005 1091 1160 1209 1273 1390 
110 403 468 635 875 955 969 1048 1192 1211 1222 1371 
188 279 381 390 1008 1139 1208 1247 1256 1384 
102 659 739 797 876 1049 1079 1148 1284 
204 328 421 564 648 715 732 867 1173 1183 1245 1251 1294 1378 
69 384 552 629 637 803 837 1087 1093 1107 1163 1217 1344 
53 122 123 147 184 243 305 350 459 464 476 492 572 601 674 873 903 1117 1169 
8 53 198 424 477 525 638 746 1054 
100 277 463 503 610 665 716 717 758 805 1051 1094 
65 141 206 251 257 559 863 869 874 948 1065 1145 1359 
128 243 341 359 585 685 877 1137 1149 
95 246 268 314 502 618 883 
110 758 965 1006 1037 1094 1111 1303 1411 
487 537 549 558 636 713 731 874 1056 1314 
93 331 462 489 490 698 890 940 984 1015 1177 1287 
227 471 574 583 675 690 736 868 1311 
145 189 257 746 858 881 897 912 933 937 1270 1274 
175 507 539 605 646 718 773 824 935 991 1025 1182 1253 1318 
48 156 578 688 879 1276 
32 126 283 310 326 523 549 583 619 796 828 941 1056 1154 1250 1394 
39 663 843 849 938 
136 299 359 443 455 515 655 663 667 873 918 1074 1287 1363 
45 186 246 775 1147 1157 1213 1226 1264 
220 322 419 741 808 949 967 999 1061 1100 1197 1267 1268 1374 
191 298 451 498 607 661 926 977 1008 1208 
269 370 491 543 551 714 754 866 975 1038 1328 1336 1371 
133 312 319 402 717 861 952 975 1373 
152 214 245 477 525 533 648 685 851 982 1078 1274 1296 1381 
5 23 68 87 401 540 685 788 847 1128 1137 1145 1235 1310 1371 
676 822 894 926 1085 1147 1233 1384 
620 743 755 1097 1182 
58 302 373 400 560 590 641 845 1068 1341 
140 209 457 726 890 1015 1037 1113 
20 147 223 305 347 455 572 782 794 819 847 866 878 948 967 1058 1078 1081 1140 1194 1250 
17 141 228 311 391 441 490 729 838 968 971 1085 1160 
1 372 527 535 731 798 826 975 1211 
131 155 258 332 377 798 1173 1186 
718 1150 1255 1368 
24 205 305 519 587 696 709 725 795 910 949 965 1009 1327 
302 933 1185 1345 1356 
226 251 338 359 436 498 510 795 1026 1221 1365 
114 140 215 303 347 497 515 576 694 747 762 773 907 948 1174 1241 1279 
51 584 651 775 823 883 901 925 935 1364 
294 324 365 516 627 738 774 793 817 864 1206 1243 
2 163 222 256 339 454 1192 1250 
75 197 294 652 1011 1087 1103 1172 1364 
23 164 216 419 653 1153 
117 302 390 413 493 590 704 873 895 961 980 985 1121 1290 1308 
297 332 430 434 460 466 472 499 541 680 684 1374 1402 
175 294 419 519 544 686 1028 1043 1124 1183 
167 399 491 520 553 1074 1185 1195 
31 170 317 754 1019 1040 1105 1228 1408 
127 542 562 577 605 1123 1308 1315 
55 123 303 372 431 529 586 688 711 806 864 890 977 1043 1224 
408 594 696 798 856 972 1008 1035 1243 1354 
246 403 422 529 569 663 792 808 859 951 1235 1241 1321 1333 
136 144 266 315 344 364 436 460 864 1088 1205 1217 1223 1246 
304 323 391 484 516 574 651 656 679 748 1010 1245 
81 126 130 531 783 939 1199 1310 
490 1053 1158 
31 50 69 345 375 455 459 557 562 1042 1120 1383 
11 109 188 192 386 457 540 623 668 808 816 837 906 1049 1201 
56 129 266 558 913 1034 1355 1359 
28 33 66 122 209 257 271 314 381 498 663 778 969 1016 1050 1182 1353 
193 204 237 423 431 455 512 679 690 1172 1379 
157 441 490 514 598 966 994 1014 1081 1352 1397 
83 568 710 785 790 896 1038 
275 297 375 477 552 717 861 958 962 1040 1064 1207 1290 1316 1373 1403 
136 314 785 868 897 963 1080 1125 1151 1228 1319 1360 
50 191 222 350 433 498 808 931 1189 1365 1389 1409 
9 28 125 444 555 666 742 807 845 899 1171 1224 1413 
128 322 618 661 682 712 770 906 1315 1345 1347 1405 
127 141 177 317 335 519 701 858 1115 1413 
321 380 420 460 665 739 761 1039 1110 1211 
226 276 372 832 965 1054 
191 198 245 320 559 665 709 739 928 1027 1107 
61 73 94 137 218 414 713 806 968 1278 1337 1340 1343 1396 
7 130 278 349 359 1131 1264 
116 140 142 628 735 1142 1288 1336 1403 
443 457 560 698 726 769 930 1058 1143 1187 1230 1246 1328 1369 
66 142 271 414 428 433 512 610 654 755 764 920 979 1167 1203 1253 1265 
118 124 267 783 932 1037 1054 
65 134 467 533 895 986 1024 1081 1221 1224 1308 1316 
58 295 495 549 810 857 888 1099 1104 
50 67 176 238 244 466 571 733 738 829 935 946 948 1035 1128 1185 
30 109 166 263 268 289 397 588 681 744 993 1329 
96 193 267 332 361 395 647 956 1027 1291 
100 207 341 496 506 686 1346 
114 301 382 538 633 637 670 770 929 1126 1284 1402 
3 46 245 262 289 307 353 583 718 784 791 923 966 990 1223 1340 1350 1352 
41 677 1062 1212 1263 1300 1363 
28 274 317 426 757 1057 1124 1154 1184 1353 
106 110 273 347 351 471 528 768 781 808 855 956 1026 1048 1072 1161 1217 1332 
173 249 332 720 846 933 969 1208 
34 117 161 176 256 613 832 858 889 924 1036 1159 1362 
31 190 437 611 625 705 749 828 880 931 958 982 1291 1350 1355 
18 96 178 259 577 630 1039 1093 1206 1264 1359 
6 132 184 322 461 490 498 670 920 1024 1047 1150 1262 1274 1284 1341 
41 53 75 369 412 504 620 770 1048 1059 1091 1106 1187 1310 1357 
516 548 572 581 623 644 694 777 785 818 841 901 1192 1299 
322 325 406 410 567 679 883 1099 1187 1221 1281 1352 1357 
64 88 123 201 302 339 429 506 629 752 811 951 1116 1122 1220 1235 1252 1280 1324 
596 1051 1090 1121 1221 1264 
82 103 608 721 822 1152 1235 1276 
1 110 296 360 370 393 650 730 972 1256 1262 1291 1334 1397 1400 
45 179 306 456 730 814 929 1006 1109 1187 1327 1382 
431 452 622 911 940 960 1040 1041 1229 1291 1311 
267 271 351 501 505 552 578 1228 
462 493 548 717 838 1200 1215 
157 169 668 856 980 1092 1109 1161 1191 1223 1253 1258 1278 
351 566 609 672 745 752 813 1055 1072 1203 1389 
177 511 773 876 905 928 945 1023 
225 227 231 435 570 738 825 1293 
265 687 708 811 856 876 913 958 1029 1146 1317 
7 11 42 286 363 417 471 536 935 1012 1155 
171 230 249 322 359 635 769 821 849 972 1102 1149 1372 
12 127 206 309 392 582 623 711 720 724 767 811 954 1294 1352 1407 1409 
80 122 203 351 495 555 895 914 927 1271 1387 
408 429 848 886 1065 1066 1103 1185 1382 
32 58 270 334 340 497 550 557 597 651 758 886 911 1181 1351 
213 221 229 283 420 593 656 703 714 826 920 1142 1164 1225 
153 223 235 1054 1124 1140 1176 
239 521 850 967 1054 1252 1275 
90 112 155 188 215 220 410 480 506 721 773 878 957 990 1176 1206 
61 287 405 426 500 581 759 1145 
47 181 271 353 421 548 800 865 1008 1112 1120 1182 1275 
49 157 318 651 662 691 730 1018 1023 1102 1333 1379 1410 
77 148 298 556 819 853 871 1026 1096 1331 
42 73 201 504 751 846 870 886 1179 1271 1333 1397 
32 119 216 472 648 666 739 740 1015 1142 1339 
155 181 208 444 537 643 661 817 864 1179 1185 
42 109 421 436 473 480 501 564 779 944 982 1056 1077 1248 1277 1316 1354 
193 245 250 458 578 694 945 965 1019 1028 1063 1089 1265 1268 1391 
12 57 134 238 341 430 440 500 532 607 644 1115 1174 
76 78 373 420 632 942 1115 1198 1222 1255 
57 65 68 124 147 233 254 273 694 882 986 1067 
308 351 468 469 475 635 709 826 856 865 1197 1210 1250 
27 78 208 342 382 649 670 832 859 901 951 1110 1120 1170 1171 1313 
44 61 257 331 490 788 795 886 1355 
14 16 255 480 731 851 940 1289 
102 121 205 253 279 282 297 353 692 950 1410 
31 140 239 445 585 730 971 983 1045 1051 1095 1356 
65 86 96 168 225 520 580 754 791 821 857 1081 1091 1139 1218 1257 1344 1399 
282 370 535 565 852 1020 1294 1378 
178 201 337 429 643 749 845 
17 104 489 619 663 895 991 1158 
12 52 83 87 160 186 502 920 1044 1076 1172 1273 1285 1336 1354 
37 111 514 902 947 1003 1202 1363 
546 707 723 739 811 821 1076 1209 1219 
110 156 166 196 320 468 480 652 670 734 739 807 868 1095 1306 1400 
78 218 230 268 275 348 397 472 516 592 623 626 712 749 1038 1058 1405 
167 401 480 549 725 828 907 1198 1204 1212 1233 
172 301 361 472 551 644 777 921 1164 1255 1296 
33 62 173 254 362 427 660 751 788 833 902 1315 
375 390 394 502 624 691 692 976 1367 
326 365 376 406 465 515 582 734 1033 1133 1345 1374 
222 469 481 545 715 748 771 772 961 980 1373 
226 283 359 490 743 927 963 1155 1176 1185 1244 1288 1291 1292 1294 
33 39 49 301 375 477 517 692 926 1109 1111 1201 1319 1341 
192 269 315 515 558 839 860 911 1087 1133 1242 
154 319 515 662 668 773 906 917 939 1002 1067 1159 1285 1316 
442 707 912 1077 1127 1192 1208 1267 1302 
82 238 384 430 458 548 762 778 826 863 1034 1084 1091 1349 
35 121 165 242 470 575 689 713 751 783 943 989 1083 1229 1350 
20 34 46 436 680 755 1094 1402 
12 215 223 274 378 500 584 672 686 697 816 1105 1372 
101 125 332 431 474 600 774 963 1016 1064 1088 1097 1396 
259 439 840 963 1022 1343 
188 251 382 423 436 625 1394 1413 
35 274 289 292 299 318 369 827 859 962 1063 1212 1238 1386 1387 
125 925 977 1036 1132 1172 1251 1347 1368 
20 133 136 271 307 322 739 931 977 996 1015 1129 1159 1304 
77 156 359 387 409 577 711 714 840 980 1370 
414 480 498 558 708 749 750 1032 1191 1346 
148 369 506 527 643 874 1092 1274 1336 1341 1346 1378 
74 380 871 1020 1117 1147 1188 1227 1348 
71 73 140 150 430 561 588 591 811 879 1119 1220 1336 
70 85 129 192 203 222 259 297 339 354 429 669 681 736 863 969 1036 1266 1341 1409 
41 149 286 408 580 588 693 699 825 828 839 1135 1226 1271 1319 1349 1368 1384 
268 334 461 485 835 972 1187 1284 1348 
27 39 110 159 335 493 548 706 762 765 1036 1040 1202 1318 1364 
4 65 79 296 429 602 873 902 975 1370 
238 435 774 866 926 927 1135 1274 1320 1338 
71 126 225 337 401 444 569 702 728 856 920 1007 1272 1275 1285 
10 582 703 758 955 987 1085 1250 1326 
6 13 531 718 767 802 861 950 1378 1380 
53 388 427 619 689 810 834 951 980 1021 1026 1090 1182 1406 
38 145 280 351 356 731 960 1067 1126 1163 1383 
45 113 171 207 286 325 430 543 548 615 714 825 900 1060 1088 1153 1274 
591 710 764 886 964 1049 1050 1158 1185 1265 1266 
32 217 235 256 655 715 730 843 1225 1301 1371 
88 137 213 316 416 483 951 1005 1033 1185 1228 
125 453 485 494 515 528 585 712 812 816 874 1064 1217 1345 
129 242 249 336 340 467 540 624 637 661 1014 1160 1203 1214 1364 1408 
65 337 431 460 1028 1073 1360 
56 218 442 599 1022 1069 1073 1237 
51 72 124 347 389 612 675 706 738 1074 1257 
78 98 568 633 750 781 850 995 1044 1058 1195 1323 
255 357 475 588 605 625 653 920 1000 1052 1124 1206 1252 1350 
14 184 245 475 508 599 706 722 914 934 1221 1260 1279 1292 
55 270 319 350 431 505 510 534 822 1182 1216 1369 
60 137 173 176 593 734 758 918 1096 1191 1211 1373 
168 187 344 449 519 543 734 760 954 1364 
99 437 663 713 764 771 897 1136 1163 1262 
33 243 429 450 494 639 952 959 1156 1406 
118 354 510 597 695 787 897 1003 1227 
24 76 107 368 576 689 703 820 823 906 1009 1034 1047 1283 
378 411 591 630 777 1204 1239 1337 1373 
83 93 117 148 184 229 336 398 449 454 460 532 915 916 946 1023 1334 1349 
119 181 216 239 556 653 766 772 915 925 935 945 1122 1270 1336 1356 1382 1388 
96 298 489 540 627 661 1057 1129 1201 1265 1267 1273 1356 
57 286 429 460 462 587 629 879 1024 1148 1188 1195 
58 336 423 788 881 917 1059 1146 1157 1202 1227 1339 1358 
17 149 268 762 938 1038 1309 
408 577 1252 1398 
139 267 332 631 644 660 827 882 1200 1250 1281 1311 
178 390 422 554 612 637 850 857 876 947 987 1079 1150 1160 1238 1398 
82 86 126 232 551 561 676 871 927 1065 1269 1375 
117 213 639 822 913 1081 1253 
210 333 365 595 627 787 845 934 1080 1091 1092 1094 1324 
208 429 509 699 839 
27 183 237 448 552 620 1304 1351 
112 508 563 659 693 797 984 1047 1106 1287 
53 306 496 549 632 833 954 970 1030 1047 1174 1304 
33 282 337 451 574 587 672 791 831 951 988 1192 1337 1385 1399 
48 104 659 1284 
236 300 360 396 449 474 500 662 674 869 910 965 1194 1328 1369 
133 354 524 676 679 817 1068 1137 1392 
122 174 282 305 416 420 512 973 1108 1127 1296 
67 166 389 418 527 600 602 675 706 786 805 975 1226 1251 
68 280 458 1006 1067 1078 1086 1291 1307 
13 229 516 682 813 949 1290 1305 
53 56 258 262 355 543 705 709 1348 1368 1394 
426 575 592 629 685 705 1015 1101 1343 
82 174 373 410 523 768 1167 1169 
296 598 613 706 838 1044 1063 1109 1356 1361 
178 411 472 514 523 605 768 881 886 934 1066 
117 118 205 228 231 515 904 1351 1361 
255 302 316 410 712 845 861 886 892 919 972 1129 1210 1320 
114 186 307 313 593 637 795 862 910 941 1087 1112 1121 1187 1223 1256 
32 237 398 438 524 
15 113 135 246 350 394 441 539 734 796 877 1015 1036 1044 1218 
189 483 491 595 671 718 742 799 998 1122 1332 
488 523 574 605 686 751 787 1241 
9 19 58 64 65 273 306 415 519 528 532 549 637 981 1299 1314 1320 
335 368 511 563 748 845 882 892 968 1096 1185 1247 1368 
111 168 262 569 677 692 810 857 974 1013 1040 1159 1269 1386 
283 300 326 359 363 386 393 402 658 696 758 910 992 1020 1054 1086 1177 1208 
11 18 115 230 315 344 358 370 476 516 708 822 937 1063 1072 1082 1230 1381 
235 246 288 348 376 382 541 757 799 1013 1074 1174 1324 
18 88 103 151 567 660 927 960 1042 1135 1173 1365 1387 
73 158 251 262 485 573 576 780 984 996 1144 1193 1211 
25 65 97 157 230 607 982 1140 1199 
6 78 86 294 364 445 454 481 497 658 694 744 922 963 1090 1110 1215 1319 1330 1342 
45 222 238 313 346 350 478 500 504 510 529 697 755 769 877 930 971 1099 1229 1280 1299 
277 385 517 542 617 677 919 1009 1282 1336 
50 151 422 519 727 750 1069 1140 1336 1363 1390 
13 349 529 618 701 771 860 1061 1070 1280 1326 1348 
27 315 494 602 644 834 1028 1090 1204 1348 
4 8 180 216 247 423 619 1104 1192 
39 343 377 642 801 945 953 1037 1402 
203 261 933 1324 
138 252 312 365 446 590 800 829 857 1017 1079 1145 1174 1242 1343 
7 32 50 323 435 656 960 1017 1059 
18 93 139 444 528 601 770 848 853 909 929 955 1268 
31 76 113 150 601 763 965 1310 1354 
50 78 90 98 149 175 403 458 545 611 630 684 778 837 920 949 1266 1287 1326 
384 390 408 593 795 893 897 995 1023 1092 1242 1330 
181 386 573 610 638 885 946 1096 1161 1195 1319 
206 406 571 573 627 794 918 954 996 1191 1198 1329 
40 165 288 486 574 727 833 1034 1065 1171 1181 
55 154 374 520 558 626 736 
43 157 226 390 435 777 801 850 881 1217 1259 
17 32 57 203 215 242 246 705 850 1155 1199 1231 1263 1317 
155 287 514 516 589 783 824 832 877 928 1020 1058 1066 1266 1332 
139 214 243 261 894 1059 1262 1284 1329 1410 
42 314 344 412 448 516 809 887 959 
188 242 568 746 854 1028 1241 1331 
67 158 177 230 238 255 376 390 393 488 529 580 707 998 1055 1154 1190 1200 1298 1379 
11 106 115 150 279 361 669 738 775 814 854 891 1250 1274 1317 1366 
64 104 196 290 393 700 761 776 839 1040 1043 1150 1264 1379 1384 
6 17 46 171 190 465 557 801 887 1074 1105 1130 1304 1345 1356 
48 188 587 606 683 785 892 938 988 1126 1265 1333 
22 168 337 463 639 687 723 840 858 960 1044 1083 1347 
230 266 555 670 807 1017 1040 1088 1342 
54 94 160 264 375 485 488 500 526 606 803 887 1040 1166 1206 
48 100 183 318 331 631 640 727 751 779 797 999 1048 1137 1208 1393 1410 
2 14 62 318 338 873 885 894 936 1239 1260 
117 345 524 992 1195 1227 1243 1245 1251 1320 1346 
73 97 113 197 274 296 609 672 680 904 973 1043 
230 311 332 334 418 489 569 723 758 912 923 1203 
51 313 639 732 754 889 957 995 1021 1166 1181 1377 1385 
348 408 578 589 833 845 852 902 991 1130 1224 
118 318 380 381 477 789 938 960 993 1063 1097 1229 1274 
188 430 500 593 611 801 821 941 1015 1267 1402 
189 209 249 340 475 675 795 813 866 1019 1360 
154 436 577 581 749 888 1017 1208 1258 1296 
22 134 151 558 697 702 753 865 1078 1130 1249 
305 313 321 331 333 355 500 511 525 590 766 794 1156 1326 1364 1368 
338 435 1002 1045 1291 1304 
148 666 668 683 1036 1124 1279 
373 424 618 696 781 783 798 1230 1342 1386 
173 176 239 736 964 1172 1373 
67 361 374 433 467 497 588 756 864 876 885 1171 1174 
112 168 452 606 609 678 692 715 723 758 762 944 1012 1031 
137 152 195 488 509 560 645 700 747 779 868 968 1066 1068 1159 1212 
425 460 467 487 560 573 596 644 1236 1356 1378 1390 
196 327 392 472 903 912 940 1384 
4 143 173 182 196 216 241 247 279 320 339 525 599 719 730 739 841 848 1375 
68 79 207 232 424 608 636 748 810 921 989 1083 1126 1132 1189 1245 1321 
8 32 66 75 116 188 669 687 776 794 911 1059 1137 1220 1255 
62 229 290 362 554 724 764 860 974 999 1023 
374 386 440 559 671 987 999 1019 1062 1108 1254 
101 164 265 299 680 836 844 904 972 1046 1089 1176 1201 
269 405 560 572 720 738 799 927 931 1013 1269 
117 223 301 435 485 530 593 945 1043 1086 1324 1352 
25 206 222 245 251 279 355 553 690 728 844 1003 
230 519 771 1020 1032 1044 1096 1109 1116 1269 
113 306 315 347 408 436 467 476 480 541 699 832 953 1048 1057 1174 1191 1413 
76 289 313 631 634 707 729 828 876 945 988 1102 1189 1225 1244 
193 328 336 606 625 659 824 854 908 912 972 1412 
19 41 166 190 722 908 1031 1106 1298 1401 
280 310 436 545 867 873 969 983 1205 1260 1392 
98 112 289 382 571 797 918 945 
14 269 283 305 356 697 903 1044 1144 1301 1335 
105 199 958 1082 1101 1110 1300 
381 404 541 550 708 890 1309 1398 
402 487 584 605 622 755 1159 1232 
133 222 382 387 436 694 862 1194 1365 
29 293 427 480 517 641 789 981 988 1061 1114 1409 
145 166 171 246 262 410 520 548 726 779 784 785 803 985 997 1365 1378 
51 93 130 684 825 830 923 1030 1076 1163 1233 1273 
247 329 418 456 684 813 1082 
9 63 109 203 223 337 341 342 374 419 634 683 756 871 963 1134 1346 1384 1412 
69 138 225 239 281 332 413 430 456 458 569 653 689 711 721 921 931 1066 1080 1114 1318 1372 1409 1411 
55 340 437 511 609 643 666 702 822 1053 1157 1326 
42 158 527 567 669 708 741 745 996 1159 
220 231 254 384 426 438 499 1398 
232 324 453 512 812 896 1004 1011 1083 1192 1210 1266 1270 
304 794 904 964 1149 1216 1257 1277 
856 864 1102 1107 1115 1141 1390 
56 201 416 418 425 588 637 730 805 975 1109 
90 409 422 470 579 665 1357 
113 142 174 189 209 480 490 561 642 712 861 866 884 943 1133 
467 713 1104 
217 356 411 518 572 649 938 973 1020 1158 1299 
274 374 426 446 759 1006 1088 1112 1278 1324 1330 1344 
235 237 436 439 460 629 753 855 1093 1116 1347 
143 497 540 821 1151 1241 
35 158 240 367 560 679 927 968 980 1020 1082 
80 122 151 315 390 426 834 837 1121 1238 1299 
19 121 147 165 209 264 847 1015 1136 1174 1223 1251 1401 
5 80 86 166 382 551 965 976 1101 
103 217 325 699 871 900 1022 1393 
296 649 678 701 723 884 986 994 1048 1053 1404 
57 81 195 312 556 760 849 852 962 1123 1193 1233 
26 270 652 738 883 963 1070 1359 
18 30 153 160 199 423 642 709 744 881 998 1128 1150 1177 1197 1317 
210 243 375 392 530 545 970 991 1069 1285 1289 1320 1383 
5 133 230 431 500 508 549 686 715 784 911 940 964 1051 1188 1326 1360 
136 234 437 670 685 704 855 1030 1059 1207 1209 1253 1281 1283 
78 207 370 384 414 615 724 758 920 983 1008 
231 714 865 1077 1093 1127 1151 1206 1230 1338 1414 
78 123 130 338 448 504 540 883 961 1141 1304 1317 
98 330 621 762 1023 1061 1252 1414 
555 701 725 770 1135 1143 1269 1347 
112 281 290 307 344 362 370 512 557 565 675 1008 1193 1248 1349 1357 1369 
195 201 265 333 405 426 541 623 699 736 744 756 957 1059 1149 1270 
8 55 117 164 301 508 770 791 824 871 962 966 1068 1257 1283 
207 334 399 534 570 649 684 714 988 1074 1183 1200 1307 
6 90 155 187 249 289 403 602 736 914 918 1324 1346 1410 
85 232 498 565 620 673 678 942 1035 1109 1210 1302 
140 398 493 580 757 935 966 999 1113 1239 1254 
30 90 252 299 466 547 584 909 994 1156 1250 1314 
309 391 537 656 665 666 721 769 1099 1246 
43 242 301 463 548 663 864 1037 1082 1270 1272 1291 1382 
181 195 244 341 355 453 479 638 875 1073 1237 1294 1308 1362 1414 
107 191 257 494 1063 1230 1351 
168 213 261 487 488 496 531 861 1293 1350 
74 358 399 525 767 869 900 980 1076 1206 1279 1358 
234 242 580 607 633 641 651 686 756 919 1084 1091 1261 1326 1349 1390 
404 427 682 690 857 1092 1115 1155 1322 
26 186 313 632 965 1102 1142 1209 1249 
10 23 325 548 553 632 1209 1326 
68 114 170 292 684 1188 1218 
151 282 432 518 685 737 765 822 837 1176 1398 1409 
248 379 459 571 621 686 689 728 808 1247 
237 365 428 472 516 648 679 799 834 842 1003 1154 1255 1347 
30 49 137 294 551 592 813 825 906 923 927 1176 1365 
62 85 166 266 451 505 568 583 607 614 804 879 988 1129 1412 
69 188 215 281 496 527 667 724 729 860 863 
433 450 451 488 826 942 1066 1105 1219 1239 1241 1292 
197 239 406 425 452 633 666 691 808 
113 132 345 415 741 764 826 836 851 1012 1067 1166 1397 
223 388 433 641 655 686 
234 278 354 396 478 847 849 859 1007 1097 1148 1201 1301 1373 
200 289 314 474 670 1028 1068 1134 1189 1208 1230 1366 
68 524 788 1026 1293 
15 28 88 324 360 460 554 562 631 960 972 1083 1237 
21 124 281 306 478 1032 1076 1091 1148 
81 109 298 337 366 615 621 675 776 794 807 829 877 1092 1101 1141 1330 
197 201 271 571 621 648 967 997 1133 1152 1237 1361 
119 224 347 509 555 646 796 831 846 883 886 898 1012 1018 1099 1160 1193 
4 6 52 56 115 192 323 374 679 841 854 890 1008 1225 1274 1364 
47 171 177 235 627 683 744 821 826 925 1015 1273 
3 32 220 393 406 464 596 630 683 993 1366 
18 80 267 358 360 380 485 523 653 764 916 944 
28 38 65 456 474 961 974 995 1002 1020 1031 1040 1195 
115 124 129 213 229 444 480 663 746 775 812 868 954 1294 1365 1382 
37 52 358 371 389 1014 1025 1236 1346 
105 332 415 570 829 904 926 946 1043 1352 
38 302 383 421 449 476 497 669 709 712 782 855 998 1000 1208 1260 
236 604 738 1187 1325 1353 
84 401 424 598 691 775 933 994 1051 1167 1282 1314 
71 125 284 488 587 670 739 763 764 832 926 1022 1042 
121 301 387 810 821 1167 1174 1317 1409 
59 247 417 595 808 959 1068 1093 1124 1199 1201 1255 
69 377 381 490 627 760 844 890 930 948 954 965 1136 1252 1313 1365 
155 348 411 689 859 1107 1121 1141 1198 1238 
81 182 188 446 447 792 880 896 1186 1234 1313 
34 363 411 440 552 931 970 1010 1259 1406 
18 648 706 927 948 1260 1261 1332 1357 1363 1410 1413 
85 167 594 605 615 722 892 1089 1341 
21 60 199 234 380 418 425 509 604 711 743 797 981 1075 1151 1241 1329 
89 179 464 467 486 502 697 807 933 1229 1278 
206 315 434 562 571 785 931 1157 1347 
134 285 491 618 771 774 892 958 961 972 1009 1111 1131 1248 
292 471 486 517 662 708 831 973 1073 1103 
27 152 190 262 450 643 726 820 838 957 1008 1090 1164 1343 1379 
7 64 87 112 133 142 277 448 476 748 840 923 948 967 971 1104 1140 1237 1348 
378 398 657 661 678 724 819 826 862 1155 1288 1337 
276 417 1074 1075 1127 1169 
116 571 688 857 867 1010 1037 1096 1191 1263 
10 39 50 179 180 370 543 582 604 1016 1053 1216 1310 
83 798 810 834 902 933 1003 1279 1372 
437 661 736 948 1106 
55 193 253 439 483 608 639 711 814 1184 1224 
24 92 140 201 327 368 441 735 777 835 859 872 880 1143 1187 
152 212 280 403 553 664 713 805 885 966 1033 1049 1286 1414 
63 84 159 546 568 582 583 662 963 1021 1283 1394 
25 288 509 671 1143 1180 1203 
32 97 167 243 281 298 332 549 733 965 985 1242 
104 336 375 820 931 1087 1089 1154 1283 
24 26 39 153 180 277 350 380 502 889 1098 1216 
332 453 679 727 1047 1127 
67 139 178 225 392 401 451 586 599 839 986 993 1010 1180 
46 105 110 165 260 852 980 1003 1033 1140 1163 1258 
163 187 283 393 415 529 1021 1080 1124 1128 1270 
278 389 448 587 1363 
103 397 468 501 580 700 790 794 1190 1226 1335 
31 33 155 316 405 564 565 867 873 910 937 1153 1255 
270 379 562 574 701 766 772 929 1086 
38 101 501 515 766 976 1020 1067 
73 183 297 318 643 732 776 928 966 968 1330 1407 
45 195 491 684 786 903 1248 
49 187 270 375 398 421 426 523 686 805 960 1037 1080 1149 1191 1206 1235 
189 450 558 1053 1399 
386 400 465 473 618 734 968 986 1121 1304 1365 
78 104 468 676 742 942 999 1090 1111 1125 1170 1224 1311 1407 
17 213 511 562 576 1065 1080 1149 1280 1346 1376 1387 
16 58 87 442 525 539 651 895 1146 1266 1313 1360 
125 312 326 356 517 610 635 763 783 810 831 1102 1205 1263 1360 1376 1405 1412 
123 167 169 281 315 334 397 440 488 696 1046 1136 1254 
50 487 723 844 976 979 1031 1127 
199 584 767 791 1040 1228 1363 1409 
268 715 762 817 903 1234 1254 1263 1268 1271 1365 1387 
19 186 209 311 569 583 603 
61 70 142 319 527 536 551 699 709 947 963 1381 
20 57 146 286 654 809 953 1248 1265 1292 1363 
224 239 301 308 562 642 889 947 977 1204 
80 227 331 538 792 1118 1140 
70 228 380 391 516 588 848 1072 1107 1182 1262 1345 1377 1383 
12 138 262 650 688 919 940 962 971 1131 1155 1269 
73 203 372 576 884 916 1015 1022 1112 1373 
2 8 161 239 302 445 556 713 778 972 1018 1036 1076 1086 
99 612 908 970 993 1006 1055 1137 1141 1299 1360 
23 103 118 429 435 1115 1352 1386 
81 185 404 407 502 662 739 761 905 1010 1083 1356 1387 
86 335 397 432 838 964 1057 1167 
108 206 253 312 375 392 612 617 667 1114 1292 
74 308 342 408 609 621 659 763 775 966 1079 1294 1353 
202 203 237 245 327 385 557 590 778 860 1010 1176 1255 
82 135 620 775 804 1087 1201 
109 151 190 255 257 524 556 706 999 1133 
1 23 82 161 252 311 482 517 556 574 826 1011 1220 1382 
72 91 148 161 203 572 661 675 735 805 1190 
159 243 291 342 482 698 700 804 829 872 904 998 1055 1369 
54 63 121 151 359 461 492 518 593 820 899 933 1045 1192 1331 
49 270 279 319 331 466 542 578 596 752 791 795 939 1082 1364 
37 39 424 494 622 691 702 713 781 1260 1356 1394 
179 292 347 406 471 920 995 1048 1209 1290 
26 167 553 830 960 1035 1087 1102 1152 1278 1401 
68 188 408 692 726 784 845 878 941 1104 1196 1340 1355 1406 
17 147 197 378 411 477 548 582 667 802 952 1167 1176 1385 
211 399 409 640 865 883 989 990 1135 1172 
17 95 174 272 428 437 816 835 931 933 1006 1025 1121 
110 486 536 553 612 716 723 978 1153 1403 
99 111 239 246 282 409 531 569 585 626 777 953 1004 1019 1040 1195 1221 1372 
100 116 230 346 471 495 711 990 1081 1122 1143 1217 1254 1314 
37 80 267 359 682 791 918 1019 1258 1359 
44 61 111 131 253 413 563 681 926 960 1054 1116 1143 1176 1306 1399 
168 464 482 515 586 587 715 782 1202 1371 
230 448 513 514 551 566 636 771 836 890 902 1010 
4 192 209 210 415 542 567 717 839 1127 1333 
231 269 347 425 541 562 568 576 637 727 793 864 915 1118 1201 1232 1326 
71 295 465 492 703 707 957 1265 1279 
147 149 156 200 235 614 654 838 966 981 1190 1308 1348 
345 368 388 516 568 600 983 1023 1078 1219 1276 1300 1342 
26 52 152 197 246 498 563 784 820 931 1049 1057 1106 1263 
76 82 308 336 574 595 671 743 764 797 1018 1144 1327 
57 322 336 340 428 486 674 728 751 830 1076 
53 360 404 769 846 
58 223 281 314 317 435 510 711 758 877 943 1121 1169 1171 1189 1413 1414 
43 149 387 720 852 861 897 976 980 1377 
65 77 220 236 429 483 644 1066 1160 1243 
347 436 479 506 606 726 820 867 932 1304 1399 
65 196 261 668 829 894 1174 
16 78 360 402 500 535 549 649 759 831 876 1015 1095 1275 1400 
129 462 487 631 668 968 990 991 1086 1095 1173 1268 
254 439 536 547 633 785 927 933 964 986 1054 1061 1132 1231 1349 
365 479 517 671 735 748 896 970 1102 1334 1364 
79 124 302 366 388 687 772 884 933 954 999 1120 1243 
229 542 1062 1083 1090 
277 414 415 455 708 1033 1248 1270 1406 
362 378 381 411 417 603 665 809 864 1351 1386 
79 98 330 343 460 501 687 714 898 989 1071 1109 1165 1355 1414 
111 139 157 295 355 430 508 518 609 705 832 924 1030 1044 1141 1273 
220 257 318 414 539 593 649 882 890 1015 1035 1286 
24 148 170 248 371 1146 1186 
22 116 235 298 354 516 605 618 680 694 993 1247 1305 1350 
75 76 166 253 332 374 420 525 593 738 993 1151 1312 
195 258 345 385 526 620 656 671 936 960 1028 1159 1207 1281 1318 1349 
13 31 142 207 302 354 370 544 551 707 1000 1095 1125 
17 48 186 338 372 486 541 647 683 1159 
64 140 190 678 757 1104 1117 1243 1365 
34 190 208 249 290 685 811 863 985 1110 1129 1152 1384 
158 199 219 271 367 424 791 900 1056 1298 1358 
1 10 76 133 155 490 796 817 885 1060 1065 1066 1228 1288 1299 1327 
68 79 275 298 496 695 833 860 868 895 906 1096 1381 
12 53 285 305 516 556 848 857 883 1093 1096 1145 1161 1342 
18 25 381 503 604 806 874 930 949 1014 1053 1136 1165 1192 1258 1296 
73 145 330 465 472 486 536 645 678 736 876 1158 1366 
298 493 543 572 612 903 934 980 1090 1145 
133 220 333 547 789 821 857 1007 1193 1267 
82 123 169 214 261 512 610 674 697 759 900 990 1115 
17 76 84 438 452 468 626 686 1081 1089 1199 1202 
43 66 113 365 498 568 692 783 1106 1128 1234 1335 
164 216 501 572 785 826 906 1065 1187 1397 
50 286 287 308 323 372 490 523 847 1200 1256 1360 
53 195 217 321 369 755 979 1007 1172 
186 473 635 833 1177 1310 
79 170 266 623 745 753 765 876 948 1033 1039 1193 1339 1341 
142 331 337 383 384 423 639 1179 1377 
13 37 56 80 260 619 667 702 1000 1015 1149 1164 
34 197 359 453 484 549 552 617 723 885 916 918 1285 1321 1366 1382 
75 130 152 567 1255 
77 86 225 266 294 378 461 496 538 594 712 779 835 1078 1106 1324 1410 
170 185 255 257 311 330 331 353 490 596 659 843 862 1270 1280 1367 1405 
311 937 939 1058 1085 1112 1120 1179 
59 89 149 205 518 575 897 942 1058 1151 1289 
252 424 640 926 948 1013 1156 1244 1290 1359 
44 73 212 339 605 691 779 836 920 932 1031 1038 1276 
51 133 267 435 539 549 586 986 1142 1355 1360 
121 151 292 518 733 887 929 1078 1119 1182 1278 1321 
61 122 189 198 459 590 756 801 926 935 1217 
223 487 1113 1115 
239 338 427 491 611 702 800 876 943 955 1167 1324 1337 1399 
101 277 326 332 355 478 767 798 940 1354 
165 355 379 438 818 829 957 1362 1387 1403 
129 310 335 345 425 468 692 881 901 1019 1100 1266 1342 1366 
19 80 283 292 670 813 997 1028 1069 1122 1280 1320 
479 529 733 887 1054 1131 1208 1252 1300 
146 207 233 324 473 903 1050 1054 1100 1198 1270 1411 
28 109 212 262 346 436 509 731 789 1118 1233 1289 1294 1304 1322 1365 1376 
4 485 515 549 562 746 913 1015 1243 
87 176 273 431 554 716 1001 1071 1133 1168 1364 
36 46 48 140 180 190 194 301 366 383 429 472 486 543 694 963 978 1037 1148 1182 1213 
306 528 699 726 928 948 1156 1225 1290 
384 537 599 788 806 980 1057 1374 1385 
255 462 659 950 1034 1092 1105 1391 
7 78 143 180 223 344 362 395 486 546 647 942 1093 1165 1186 1231 1273 1329 1392 
68 179 447 596 643 662 824 972 1080 1172 1241 1250 1360 
5 118 181 262 371 385 493 575 588 596 691 815 872 1172 1228 
11 127 362 567 733 1071 1321 1342 1388 
391 480 633 634 818 902 927 944 1410 
165 298 367 561 646 749 881 979 1281 1289 1347 
274 416 418 997 1003 1409 
36 261 297 436 556 693 859 1003 1144 1219 
85 253 270 280 446 547 550 1152 1158 1223 1287 1340 1385 
338 385 439 499 608 684 1068 
13 169 338 391 633 703 865 880 931 1127 1165 1253 1355 1396 
199 223 293 305 342 807 916 1107 1279 1302 1367 
150 225 348 364 608 1275 1344 
3 204 224 461 590 595 662 664 864 875 889 941 995 1100 1213 
5 462 492 582 635 856 866 1143 1385 
55 123 281 334 389 454 619 679 819 831 837 881 968 1021 1102 1323 
245 344 448 656 663 852 1042 1154 1160 1307 1325 1330 1364 
87 96 313 468 487 512 738 743 853 971 1070 1346 1397 
35 54 122 140 433 1030 1108 1196 1246 1364 
158 274 379 483 671 831 841 1050 1102 1326 1388 
215 593 683 785 884 1229 1348 
130 240 263 345 456 483 643 728 994 1051 1104 1259 
271 512 541 674 690 1139 1317 
1 131 248 250 281 464 512 607 701 729 782 819 889 938 991 1308 
81 114 121 176 411 636 969 
2 387 401 425 876 886 895 1016 1159 1303 1334 
155 172 210 320 335 394 579 760 825 885 923 988 1079 1080 1400 
77 475 511 725 755 800 1219 
248 631 897 1189 1190 
271 324 406 550 646 670 681 718 943 1074 1129 1134 1333 1342 1350 
237 601 652 874 1085 1125 1346 1358 
21 225 686 899 950 1200 1283 
65 100 215 451 480 492 521 582 631 855 1093 
106 147 220 222 320 421 449 477 670 1095 1105 1385 
201 423 584 719 812 959 1040 1170 
27 158 185 404 468 505 605 691 825 1047 1325 
123 125 217 218 236 483 616 749 852 895 913 1294 1388 
182 424 431 496 569 807 834 905 1080 1185 1207 1219 1261 1277 
121 149 307 444 748 789 850 1020 1106 1168 1224 1384 1387 
44 442 454 463 476 746 822 929 1208 1259 
63 65 178 367 675 870 899 911 1141 1264 1268 1287 
139 187 467 512 982 1002 1256 
46 571 664 668 837 845 891 931 970 1148 1193 
5 67 190 411 523 620 637 667 824 880 1030 1163 1386 
235 258 722 760 814 921 1181 1223 1237 
46 172 252 331 466 582 606 773 799 899 993 1074 1137 1328 1338 
44 205 237 243 251 274 568 574 598 969 985 1008 1054 1116 1130 1204 1231 
7 21 63 105 458 650 706 813 841 893 990 1016 1152 1215 1235 1258 1308 1325 
82 116 265 368 428 491 597 616 643 1024 1197 1249 
131 283 295 298 330 358 717 930 1178 1285 
181 374 520 590 796 1092 1189 1361 
98 292 413 477 514 570 752 809 844 1097 
287 461 618 806 1127 1176 1368 
145 764 1065 1227 
60 151 243 347 374 677 1211 1397 1398 
21 100 132 146 225 312 409 647 719 824 898 961 1098 1296 
59 179 281 750 766 846 1359 1381 
215 309 612 777 785 868 1093 1171 1207 1259 1261 
159 388 610 624 669 690 697 1294 1330 
297 324 330 476 530 586 597 725 1288 
211 285 382 400 430 517 567 801 930 1062 1109 1141 
224 388 984 1089 1176 1367 
4 82 166 199 456 502 550 763 805 817 1090 1152 1173 1186 1243 
19 294 360 370 513 570 788 797 1252 
143 217 302 318 344 573 575 586 612 666 729 859 896 966 1213 1332 
59 351 397 973 1147 1215 1249 1325 1350 
26 36 98 201 277 333 360 501 1025 1116 1228 1291 1342 
146 266 444 582 592 668 698 750 1006 1031 
170 177 513 673 692 834 860 929 1140 
31 406 584 609 643 699 777 781 909 963 1199 1294 1310 
98 171 256 276 319 456 500 596 708 836 881 904 1169 1178 1257 1292 1409 
4 14 335 405 452 474 720 732 839 923 1172 1400 
131 151 368 440 532 569 616 799 830 911 913 990 1131 1308 
9 39 98 361 619 677 738 854 1009 1044 1237 1250 
495 575 684 743 832 872 1245 
187 243 448 532 567 777 804 1123 1177 1204 
216 290 417 610 660 688 887 940 1074 1106 1140 1194 1245 1246 
21 27 45 101 341 360 402 462 627 685 833 918 966 1018 1069 1190 1250 1382 1396 
349 354 465 611 971 1019 1180 
95 281 490 585 781 809 849 996 1073 1130 
84 88 569 862 955 983 1327 
202 372 739 865 962 999 
44 495 498 599 645 813 877 1098 1210 1253 1284 
213 252 326 401 420 427 474 674 804 1000 1283 
45 47 70 91 275 310 584 693 818 969 1281 1315 
45 210 215 533 577 730 937 1028 1079 1169 
300 446 490 653 721 869 886 985 1121 1179 1254 1377 
202 297 537 577 841 872 1037 1223 
84 304 379 398 454 455 800 883 1233 1325 1346 
209 321 575 955 1190 1285 1291 1307 
325 474 537 628 695 778 798 1010 1125 1353 
64 309 446 779 887 1065 1128 1385 
459 461 502 585 835 901 947 981 987 1083 1127 1179 1311 1393 
274 529 542 593 794 865 951 1048 1063 1082 1313 1325 1397 
236 291 295 318 365 522 776 1082 1286 1325 
265 324 398 428 444 563 614 721 725 1203 1227 
8 139 198 254 276 465 862 1036 1322 1327 1399 
237 319 351 577 600 619 769 826 886 953 1225 1259 1293 1349 
341 439 493 572 663 720 830 980 1129 1158 1184 1310 1342 
128 208 249 367 420 525 560 695 884 978 1184 1188 
421 510 612 739 842 858 1059 1084 1402 1412 
191 344 359 572 717 1040 1120 1135 1178 1198 1334 
225 235 238 312 485 522 557 686 706 775 898 1120 
307 318 479 544 676 772 843 855 1141 1146 1311 1365 
75 207 215 364 477 525 776 1054 1167 1202 1253 
186 504 614 632 697 961 964 
174 197 250 331 487 590 720 819 1238 
97 191 408 561 848 926 1147 1216 1240 1354 
24 80 310 802 929 1144 1190 1263 1342 
139 309 357 399 515 535 550 1036 1235 
91 619 668 764 836 849 921 1088 
55 60 90 188 203 229 363 469 504 632 906 1006 1261 1344 1410 1413 
126 191 195 356 374 722 792 1009 1048 1113 1211 1317 1398 
61 94 160 183 558 775 922 957 973 996 1079 1129 1258 
185 293 295 398 485 501 699 723 733 748 787 1348 
5 47 130 192 423 436 456 582 694 844 900 1027 
215 305 674 956 962 
7 69 123 162 200 358 393 571 1294 
5 277 601 619 772 805 1091 1309 1402 
100 135 147 198 394 418 454 539 751 767 777 832 888 968 972 993 1162 1311 
317 397 427 709 1029 1138 1238 
81 102 193 224 282 538 545 584 676 721 850 951 989 1057 1182 1307 
13 23 69 525 536 655 703 782 861 1240 1248 1302 
85 171 450 469 485 620 719 736 788 916 974 1011 1066 1087 1148 1292 
94 120 126 300 301 310 320 371 418 420 584 787 848 859 923 936 953 1062 1075 1078 1081 
458 463 467 745 753 838 853 1199 1278 
36 265 478 881 1234 1252 1407 
84 276 473 625 651 775 785 910 1047 1075 1222 1228 1367 
196 214 235 508 585 599 684 709 1389 
147 461 804 948 1056 1227 
159 420 427 464 604 608 1242 1252 1281 
98 449 809 912 934 1219 1280 1298 
211 457 469 698 957 980 1055 1092 1338 1378 
229 264 299 327 642 720 787 798 933 990 1155 1214 
248 520 601 702 826 1176 1188 1196 1249 
105 146 148 198 250 385 387 449 695 741 790 953 1026 1028 1084 1316 1394 1409 
18 104 584 707 817 864 954 1075 1258 
3 252 669 793 802 807 982 1051 1159 
177 370 535 561 718 726 877 936 1239 1281 1397 
30 36 53 224 281 319 751 854 974 1026 1065 1070 1128 1252 1274 1285 1306 1317 1342 
329 335 363 474 616 684 766 967 
160 164 188 489 506 636 647 724 754 1117 1157 1205 1322 
81 118 171 419 471 495 521 592 668 832 954 980 1038 1051 1273 
43 149 293 659 799 1177 1247 1264 1296 1308 1411 
243 253 342 388 570 720 729 873 956 1054 1072 1245 1320 
223 333 952 1056 1101 1153 1278 
166 502 503 657 1026 1110 1316 1410 
171 446 555 831 1027 1356 
220 408 421 429 632 889 1166 1249 1369 
38 288 301 341 492 541 802 834 1337 1376 
166 198 343 472 489 502 893 1384 
4 86 244 295 400 756 798 834 1163 
83 299 381 552 973 1065 1162 1212 1240 1294 1327 1343 1349 
33 120 390 391 686 1220 
2 31 74 390 588 655 736 773 885 934 1224 1257 1286 1369 
58 342 394 997 1168 1185 1266 
67 80 125 203 383 451 505 552 681 736 839 1030 1031 1058 1179 1251 1255 1273 1368 
4 19 420 437 562 654 980 984 1055 
262 279 302 328 365 380 448 543 672 743 959 1095 1199 1207 
334 491 516 806 872 985 1147 1155 1404 
149 435 875 1266 
152 169 271 472 513 570 611 788 833 886 941 959 1034 1087 1177 1301 1361 
81 276 708 1229 1344 
52 148 224 352 391 586 935 1395 
206 211 340 364 592 596 682 742 746 869 987 1071 1149 
15 299 339 364 399 432 496 531 570 603 701 766 939 966 1126 1148 1331 1387 1394 
158 257 293 456 635 759 940 943 981 1066 1257 1327 
29 88 95 270 287 446 633 745 801 830 870 1176 1376 
154 261 436 599 722 811 822 1104 1105 1390 
21 80 251 277 353 496 516 602 607 624 677 690 772 804 956 1082 1136 
43 118 263 697 743 1075 1316 1373 1382 1411 
198 221 275 443 595 606 616 669 677 701 703 895 983 1107 1230 1316 1354 
381 401 418 724 893 916 1039 1150 1174 1364 
119 123 199 224 266 296 391 554 746 925 951 1103 1150 
137 170 469 713 886 900 1178 1213 1331 
182 198 430 632 740 847 1140 1213 1249 1334 1372 1393 
34 202 395 464 475 527 785 979 1028 1036 1073 1188 1252 1323 
10 57 67 240 342 670 740 927 1035 1122 1203 1387 
114 179 196 288 321 489 541 654 749 838 928 954 1087 1096 1233 1256 1323 1353 
201 421 476 674 775 923 1071 1312 1319 1325 
316 553 573 640 741 762 1023 1038 1079 1080 1173 1273 
22 48 117 345 525 694 748 791 928 955 997 1185 1191 
313 486 588 766 995 1011 1025 1146 1184 1395 
117 174 293 314 391 442 497 501 505 955 987 1084 1225 1227 1237 1251 1384 
15 100 135 266 390 450 592 1016 1040 1279 
12 329 398 649 651 854 1140 1162 1180 
62 191 215 223 266 599 603 611 617 733 742 759 891 1097 1211 1367 
47 141 152 205 220 413 448 722 1103 1128 1198 
106 116 151 322 367 761 793 979 1014 1089 1138 1218 1277 1294 
13 54 153 237 283 319 368 373 406 855 883 935 953 1066 
123 134 167 179 208 386 675 907 1024 1193 1266 
442 500 650 679 859 886 897 951 1014 1072 1137 1149 1386 
68 91 120 298 384 405 451 590 599 703 898 904 940 1026 1046 1134 1322 1355 
137 183 366 446 748 842 851 943 945 968 1029 1093 1097 1137 1302 
132 268 274 878 906 931 971 1010 1121 1319 1394 
34 35 147 161 305 473 549 610 687 750 875 894 984 1015 1026 1084 1366 
38 67 172 249 277 295 507 608 1005 1042 
47 386 458 598 796 920 923 1296 
97 288 369 432 445 465 475 580 637 673 682 713 1075 1320 
229 338 545 589 608 817 867 1302 1349 
8 157 249 351 537 550 654 843 878 1196 1233 
250 339 348 349 435 515 538 621 649 758 831 1161 1247 1410 
143 371 484 521 541 660 701 867 993 1070 1294 
194 220 256 314 408 447 534 564 599 623 1128 1182 1305 1359 
65 247 271 550 554 620 635 662 688 826 839 927 1067 
12 92 96 140 152 205 215 304 583 611 902 1012 1024 1175 1280 1402 
216 258 427 487 531 635 639 700 777 881 955 1027 1037 1063 1276 1335 1337 1386 1405 
79 146 166 183 245 275 359 504 786 808 846 982 995 1022 1192 
27 32 115 405 540 602 657 702 804 1129 
41 67 104 216 323 436 611 654 779 840 956 972 1189 
29 148 164 236 286 297 361 420 495 502 580 608 656 763 881 971 1157 1169 1206 1341 1367 1391 1393 
5 45 171 410 471 527 609 827 875 914 1008 
113 428 493 589 885 901 1187 1260 1366 
117 121 207 208 217 363 411 523 
336 534 634 645 695 1099 1272 1381 1394 
16 206 235 352 353 651 1149 1198 
42 56 105 169 678 758 861 1022 1228 1234 
33 262 645 731 767 938 950 1336 
16 110 229 291 338 354 368 531 561 628 695 724 760 860 894 904 919 1167 1327 
8 162 426 511 605 688 854 928 1063 1145 
67 209 277 313 434 803 899 969 1154 1215 
323 504 543 689 842 933 1088 1182 1209 1218 1241 1279 1291 1406 
72 91 196 404 433 823 919 957 1040 1248 1402 
182 229 512 623 717 808 848 921 1049 1261 1340 1376 1396 
94 109 264 317 536 627 639 701 744 1256 
63 366 398 494 854 926 945 1037 1164 1274 1306 1318 
23 50 78 406 464 501 511 551 571 788 995 1247 1344 
345 491 676 707 883 1014 1064 1216 1243 1309 1347 1374 
165 271 305 676 680 700 726 809 834 895 1079 1164 1177 1234 1257 1393 
11 15 30 94 156 199 327 474 540 700 785 1110 
73 109 429 470 1045 1357 
64 95 267 475 587 627 657 711 712 807 881 964 1215 1234 1331 1377 
5 113 142 179 247 536 555 595 783 1276 1303 1304 
379 449 473 589 672 775 944 969 988 1119 1238 
82 142 143 353 433 451 518 841 875 1070 1353 1398 
106 512 583 752 768 917 943 1134 1135 1311 1369 1370 
162 424 460 539 593 668 1095 1247 1258 
205 468 493 494 554 640 665 703 843 1124 1173 1275 
64 126 380 593 714 735 845 1192 1292 1329 1344 
3 86 103 757 
342 481 589 803 1040 1222 
97 181 329 387 498 569 616 628 768 769 1188 1255 
95 520 679 1177 1362 
182 373 958 1062 1088 1308 1377 
156 194 287 412 528 657 677 829 873 1031 1049 1157 
365 577 725 731 1231 
184 206 236 307 543 548 585 610 808 973 1081 1103 1186 1410 
220 388 437 608 835 874 1013 1241 
158 239 602 614 627 659 663 684 852 956 1135 1140 1352 1401 1408 
49 227 520 666 885 944 1315 1370 
153 296 486 575 584 967 1132 1351 1378 
428 431 496 742 1009 1287 1328 1364 
161 247 375 591 722 950 953 989 1018 1193 1309 1323 1383 
91 108 196 214 311 353 415 423 476 533 586 655 699 709 735 756 957 1098 1192 1268 1292 1306 
106 245 348 615 787 809 946 1090 1372 
107 444 445 466 478 1042 1065 1105 1108 1112 1179 1362 
38 90 308 584 656 691 839 1014 1034 1176 1181 1242 1409 
21 113 233 314 477 494 679 681 751 840 1190 1400 
91 106 325 357 429 456 499 527 531 589 634 800 
110 368 473 621 629 777 1128 1212 1338 
134 349 377 535 596 655 969 978 1129 1136 1267 1327 1364 
59 76 169 293 308 390 449 493 546 689 942 1077 1131 1143 1169 1372 
7 125 264 279 393 810 952 967 1156 1228 
199 591 677 828 944 1132 1350 
222 274 309 368 579 897 901 908 954 957 1075 1171 1194 1285 1361 
75 168 257 268 877 909 968 1176 1231 
15 231 314 376 440 459 578 713 752 847 897 938 1079 1157 
176 295 882 955 1140 1168 1296 1350 
405 513 542 708 780 805 918 1067 1143 
3 486 503 589 645 743 829 918 1006 1111 1124 
152 355 499 581 1097 1115 1217 1292 1365 1389 
337 373 620 628 705 733 1070 1132 1366 
21 128 244 344 388 452 761 923 1018 1093 
36 236 266 553 673 709 939 1102 1174 1357 
11 123 276 352 359 362 423 482 656 858 871 938 1154 1280 1362 
194 214 263 442 557 614 637 758 849 968 987 1114 1116 1193 1359 
16 79 127 207 248 332 395 743 904 942 1240 1303 1325 1336 
48 152 255 278 733 934 1064 1083 1383 
46 233 249 288 362 428 462 466 467 589 646 679 796 863 946 984 1002 1290 
288 1065 1090 1133 1172 1273 1391 
136 242 432 596 778 958 1017 1103 
7 69 96 231 235 462 471 497 592 1072 1140 1150 
19 328 379 417 423 465 499 506 708 835 1186 1406 
323 481 669 992 1105 
495 644 954 1126 1225 1274 1297 
140 279 388 404 405 626 797 889 1089 1128 1318 1404 1405 
18 36 183 274 280 468 500 536 672 855 874 1084 1111 1120 1144 1178 1245 1374 
185 243 371 620 690 985 1006 1168 1169 1218 1406 
81 157 245 371 754 781 1083 1229 1295 1301 1311 
24 97 124 190 284 323 541 595 783 899 904 1083 1094 1210 1279 1354 1364 1414 
105 380 1100 1184 1239 
5 20 241 517 536 615 638 722 1059 1305 1408 
25 60 83 109 189 256 263 303 304 429 682 701 753 754 808 866 906 
139 292 460 657 668 894 919 
195 201 313 718 891 907 
273 392 500 660 690 760 883 1293 1360 1386 
10 27 101 144 215 261 332 379 456 740 741 918 1205 1242 
44 94 280 394 445 457 492 542 549 862 1053 1275 
142 370 719 1240 1282 1341 1359 
14 28 42 205 439 511 546 701 1095 1157 1228 1297 
36 97 115 272 494 704 822 886 1005 1118 1191 1281 
64 134 314 351 417 430 475 559 855 968 981 1116 1327 1328 
249 348 374 989 1039 1230 1297 1367 
17 61 67 191 300 399 452 641 719 729 815 853 901 914 1017 1041 1272 1303 1333 
128 300 418 456 487 516 573 696 719 885 928 951 1155 1355 1406 
39 317 342 369 412 575 634 966 1030 1281 
213 409 487 550 578 598 771 1088 1190 1191 1195 1237 
30 99 377 438 540 752 839 
439 538 779 901 964 996 1033 1111 1125 1262 1269 1281 1343 
124 137 707 757 765 926 941 
9 140 274 292 430 653 906 953 1043 1177 1337 
376 377 558 609 841 938 1145 1256 
89 128 203 232 378 431 463 551 613 791 807 838 1243 1324 1382 
605 613 886 889 898 932 960 1026 1097 1262 1266 
47 123 328 330 513 561 581 656 692 1231 1250 1266 1325 1391 
313 343 544 1023 1233 
145 209 215 412 479 689 738 745 886 1122 1304 1401 
19 44 138 185 398 444 662 788 847 875 942 990 1028 1139 1206 1347 
24 120 250 401 516 629 637 641 763 788 799 942 1088 1119 1180 1181 
21 215 247 264 324 400 680 727 886 1008 1100 1354 
37 67 68 430 507 514 531 557 670 855 856 931 1163 1356 
7 12 58 103 111 132 345 465 491 520 580 659 704 854 1039 1050 1051 1202 1207 1267 
344 562 862 897 945 957 1048 1106 
17 93 131 211 216 366 740 792 1094 1118 1122 1199 
166 412 429 497 633 656 700 1258 1296 1407 1412 
12 31 152 158 175 187 227 341 421 624 664 673 885 923 940 1249 1259 
59 238 348 370 466 528 872 983 1005 1068 1080 1136 1407 1412 
42 85 314 495 604 624 727 823 950 1047 1236 
137 154 284 368 435 440 610 640 704 724 824 1016 1041 1106 
182 280 324 344 401 562 581 880 1120 1126 1146 1292 1411 
162 291 356 401 449 563 582 761 812 894 1159 1410 
44 187 278 529 544 598 721 762 794 819 955 1034 1354 1388 1412 
79 190 194 346 401 1051 1085 1136 1321 1403 
32 141 323 331 699 700 714 795 920 998 1061 1286 1361 
88 96 309 383 427 450 499 614 720 721 940 1176 1291 
117 118 173 212 348 475 577 813 948 955 1032 1075 1269 1333 
24 161 625 817 844 1015 1351 
265 282 436 556 584 976 1216 1268 1329 
45 54 205 751 754 775 1052 1081 1146 1169 
56 99 125 166 415 507 534 582 907 1134 1386 
114 150 170 297 308 501 522 564 643 673 702 777 781 1035 1118 1162 1366 1394 
14 30 169 227 300 609 935 949 1008 1042 1202 1354 
49 59 66 72 97 265 441 526 611 674 716 783 930 1318 1319 1322 
82 93 233 347 463 573 761 795 930 1017 1045 1123 1242 1280 
71 165 280 404 503 617 690 728 738 800 838 1084 1090 
187 257 522 600 653 773 933 1335 
410 494 780 1017 1130 1166 1181 1226 1238 1323 
46 137 287 291 340 417 499 523 553 707 822 1242 1257 1261 1372 1374 
76 255 319 435 507 717 908 991 1170 1242 1335 
23 178 194 340 608 640 1031 1048 1070 1193 1311 1404 
26 51 53 126 128 149 170 307 421 528 655 740 1017 1194 
214 554 747 874 1203 
95 511 516 661 1037 1153 1167 1244 1392 
89 254 315 316 522 563 658 726 747 1032 1169 1177 1181 
74 86 136 283 499 529 682 808 828 1037 1063 1303 1306 1377 
188 357 716 903 1402 
652 686 755 1062 1085 1102 1127 1260 1270 1337 1348 
22 129 358 745 995 1080 1134 1290 1303 1335 
124 242 307 319 703 740 863 864 1048 1091 1185 1234 1317 1405 
229 284 421 532 600 639 677 694 848 956 
77 126 283 391 424 680 752 939 1078 1085 1162 1249 1297 1345 
234 537 837 1105 1195 1261 1301 
159 231 273 303 380 482 598 629 999 1031 
96 250 640 714 792 852 1070 1338 1390 1393 
61 114 270 369 464 491 927 1046 1091 1216 
81 343 410 544 613 626 645 685 772 814 854 1118 1187 1266 
210 266 539 629 728 853 901 949 965 1021 1047 1177 1186 
353 392 420 571 717 791 860 875 970 1022 1176 1323 
463 474 479 808 841 1108 1206 
259 608 654 753 834 1023 1363 1402 
352 491 701 1012 1025 1033 1202 
83 337 341 525 583 665 757 1041 1136 1141 
515 578 791 954 997 1101 1119 1369 
31 73 142 360 364 432 547 676 863 997 1010 1193 
159 385 533 599 644 722 931 1022 1088 1094 1133 
57 89 192 210 409 468 492 657 807 953 955 1153 1225 1292 
882 950 1294 
133 143 160 179 184 324 784 1079 1203 1257 1352 1371 
143 215 303 434 438 611 628 652 830 838 937 947 1010 1029 1043 1233 
86 178 522 545 582 600 657 708 802 822 865 1133 1327 1347 1361 
81 154 260 302 311 564 744 1354 
12 261 547 619 622 680 682 776 1023 1030 
63 163 433 506 691 769 870 1048 1260 1272 
29 98 142 191 210 306 444 721 724 981 1073 1152 1203 1352 
26 70 98 171 295 394 642 710 865 944 1091 1100 1274 1296 
40 95 204 211 357 827 869 921 1172 1255 
122 185 393 577 581 758 804 885 927 1155 1251 
126 177 192 297 521 549 637 641 735 926 953 977 
149 219 279 398 462 539 934 935 1043 1259 1377 1387 
40 45 67 250 530 544 605 712 741 1182 1186 1194 1239 1340 1387 
285 583 673 717 770 809 824 1145 1158 1260 1292 
40 228 370 632 678 907 1114 1137 1196 1252 
201 273 460 569 624 778 982 1036 1272 1341 1378 
11 23 93 132 296 339 455 563 612 654 895 921 1066 1148 1207 1248 1313 1319 1367 1404 
7 60 99 386 480 555 742 759 1024 1349 
141 204 394 517 607 903 972 1006 1028 1061 1237 
56 103 241 327 371 527 723 770 860 1152 
60 64 100 276 342 353 428 487 509 518 713 715 787 899 1092 1249 1357 1377 
23 46 134 156 182 216 375 398 584 696 778 1167 1289 1313 
24 274 291 450 721 963 1233 1337 
881 914 947 1102 1122 1191 1277 
97 187 369 385 513 628 805 913 1082 1189 1282 1286 
302 334 610 735 987 990 1317 1402 
94 124 707 722 762 772 1199 1200 
49 467 473 575 910 1108 1311 1375 
118 262 416 595 597 660 675 748 866 980 1114 1160 1324 1372 
10 156 757 800 917 1029 1049 1180 1252 1294 1363 
188 416 613 694 832 847 972 1023 1049 1100 1115 
39 42 117 135 155 177 319 640 796 1110 1368 
10 252 319 452 485 694 819 1026 
2 88 91 227 246 328 352 484 676 731 763 764 833 1041 1147 1192 
49 93 158 186 218 432 700 824 942 999 1197 1205 1272 
9 180 223 315 405 431 444 485 500 533 597 698 934 1035 1225 1293 
46 967 1177 1228 1323 
164 303 305 339 495 567 570 663 675 682 814 823 896 929 1018 1027 1096 1129 1249 
111 196 429 539 732 837 905 923 990 1004 1072 1115 1128 1175 1329 1330 1368 
39 811 832 863 936 1048 1290 1345 1411 1413 
147 310 312 734 740 848 854 918 1017 1184 1260 
4 622 627 840 947 1080 1168 1231 1243 1263 1359 
18 137 301 452 473 806 1018 1080 1108 1115 1212 
124 129 143 199 212 245 307 368 382 653 745 758 883 965 983 1151 1291 1308 
21 151 157 186 231 551 1398 
273 618 860 861 944 1052 1179 1231 1361 
7 221 232 266 300 312 339 371 373 427 799 917 943 1120 1275 1331 
47 89 109 164 172 218 601 710 762 824 1008 1044 1128 1151 1300 
261 280 282 287 361 421 594 619 729 974 1127 1254 
357 393 541 566 861 896 938 1003 
179 251 491 501 578 694 790 812 971 1163 1337 
460 631 667 688 790 839 851 870 1019 1068 1233 1275 1289 
106 120 291 355 383 451 500 614 637 943 1062 1068 1162 1230 1316 
85 123 183 226 281 343 406 441 520 669 722 969 1000 1015 1172 1221 1341 1364 
433 537 548 584 725 733 804 952 1014 1037 1111 1135 
90 215 408 510 838 1026 1112 1151 1223 1250 1340 
76 104 177 232 379 393 450 470 589 679 1068 1123 1356 
139 674 780 896 962 1153 1286 1329 1372 1393 
205 318 539 810 1173 1243 1337 
127 157 316 333 451 600 754 863 949 977 1346 1399 
3 240 434 455 598 727 831 887 920 1085 1165 1315 
95 290 397 460 551 730 793 1165 
45 161 243 340 392 495 577 598 664 686 1235 1373 1414 
157 329 362 394 683 727 866 1083 1103 1132 1405 
107 262 292 375 472 622 857 939 1113 1139 1145 1253 
333 389 440 651 808 837 1325 
18 238 504 643 903 1058 1173 1244 1296 
225 278 305 380 467 544 561 637 972 1079 1130 1231 1404 
249 542 713 799 819 920 1083 1155 1307 1353 1382 1406 
4 42 184 206 275 343 429 468 478 578 593 753 801 1237 
95 180 182 330 542 564 565 672 983 1295 
42 78 178 318 420 520 553 844 1051 1275 1316 
3 113 139 183 217 255 383 433 816 874 948 1265 1285 
41 71 154 272 333 351 487 914 1021 1181 1335 
30 166 204 758 775 826 936 937 1223 1293 1300 
375 895 1262 1337 
5 18 77 290 435 809 827 982 993 1239 1363 
147 382 521 615 625 869 989 1099 1126 1368 
187 238 274 374 454 680 746 1032 1228 1255 1303 1325 1408 
25 49 106 324 423 566 950 983 1049 1319 
330 573 689 769 789 799 893 1355 1368 1409 
14 283 358 492 666 915 
222 264 282 284 381 679 1192 1230 
156 168 169 183 316 889 1002 
149 238 271 291 421 533 770 806 849 1194 1213 1233 
140 235 252 264 474 618 640 800 916 1298 
90 124 302 372 501 585 759 859 945 1046 1137 1174 1283 1310 
117 204 360 411 631 1108 1266 1362 1363 1374 1403 
33 357 387 394 470 815 857 891 945 
84 233 250 289 373 646 719 764 828 889 978 1024 1061 1175 1217 1290 1362 
46 142 173 288 345 436 475 606 782 924 1050 1328 
19 40 93 109 261 430 483 544 559 578 933 1064 1191 1221 
455 701 762 808 1007 1027 1076 1180 1184 1206 1232 1256 1292 
19 130 149 509 686 1231 1368 
13 30 211 333 513 537 755 850 940 962 1077 1140 1161 1190 1223 1280 1319 
601 647 728 888 978 990 993 1120 
110 210 237 283 285 637 809 871 1201 
68 488 591 1089 1315 1404 
377 558 580 583 611 806 835 945 1068 1157 1208 1377 
351 398 532 600 868 882 995 1108 1345 
92 389 469 554 573 900 1052 1151 1215 1242 1262 1332 
67 869 884 914 1038 1060 
223 237 425 459 530 573 605 763 983 1009 1368 
141 160 167 341 444 449 623 892 1018 1058 1105 1109 1110 1239 1375 
60 225 236 470 696 703 716 756 824 989 1074 1180 1197 
40 176 339 501 742 1114 1205 1403 
186 239 470 491 836 838 906 1048 1304 1362 
37 124 148 163 238 261 556 780 838 
92 166 181 184 427 568 711 905 963 988 998 1263 1348 
79 313 548 608 636 650 705 884 984 1155 
11 71 137 141 479 564 810 827 896 910 937 1087 1122 1159 1176 1301 1372 
201 215 226 318 366 397 461 555 763 835 839 1076 1194 1265 1271 1351 
67 163 170 186 352 411 470 533 918 945 1148 1344 1363 
91 283 304 380 396 546 599 753 825 888 892 901 938 1153 1168 1311 
40 199 262 291 400 542 772 844 866 1203 
54 111 170 494 554 644 647 680 848 1187 1326 1348 
219 316 334 492 569 598 632 663 737 918 1003 1147 1217 1311 1397 
74 109 143 184 286 421 730 803 940 986 1073 1231 1329 
14 324 378 521 550 832 916 928 990 1109 1139 1316 
42 157 291 478 628 681 722 809 875 898 998 1086 1390 
73 454 602 783 801 819 859 1087 1150 
161 381 469 504 593 603 671 974 1118 1144 1152 1179 
124 145 163 562 603 799 819 873 985 1109 1123 1353 
124 129 279 286 385 457 653 1070 1075 1214 1239 1295 1306 
272 455 614 643 647 690 870 1180 1247 1296 1388 
5 24 123 204 259 278 284 462 802 905 1275 1301 1407 
115 140 165 262 314 371 392 464 650 687 1211 1250 1313 1365 
96 359 371 448 456 520 642 751 917 922 952 1075 1076 1127 1226 
34 205 343 392 476 725 1022 1083 1320 1365 
34 69 151 205 314 446 647 700 802 1015 1099 1385 1413 
130 399 428 496 499 547 654 1070 1097 1319 1398 
93 198 391 520 549 557 629 705 739 754 1118 1303 
21 25 39 299 310 360 647 1250 1334 
103 365 557 976 1065 1144 1154 1173 1273 
181 182 328 392 513 586 708 762 904 918 942 1041 1272 1292 
96 99 151 198 209 279 356 364 370 461 475 585 901 987 1046 1146 1275 
47 49 304 307 365 699 774 999 1059 1185 1190 1210 1264 1274 1314 
33 103 200 285 689 743 968 994 
43 66 313 521 799 950 1162 1305 
60 258 291 528 606 673 745 887 907 1281 
6 82 223 381 482 561 616 687 773 946 983 1051 1386 
96 135 143 177 283 436 439 641 739 752 893 967 1036 1105 1233 1389 
282 397 542 713 767 846 892 900 1062 1067 1070 1278 1388 
2 437 595 1060 1163 1373 
388 542 550 621 624 793 845 1225 1378 
51 87 185 270 279 361 407 457 844 
2 60 328 342 365 540 736 811 851 901 1026 1211 1347 1391 
620 709 856 916 1095 1163 1196 1406 
42 52 137 196 203 404 448 770 802 1013 
138 260 339 612 719 821 1313 
38 321 540 741 755 767 1160 1190 1379 
83 160 229 249 413 672 742 759 1040 1119 1178 1228 1370 
159 268 277 286 288 339 412 481 557 828 851 983 1096 1182 1368 
162 339 381 573 650 661 832 885 1000 1015 1032 1091 1137 1152 1231 1273 
57 61 294 560 579 859 1057 1174 1213 1334 1375 1393 
41 93 186 298 325 339 558 590 662 755 798 820 831 879 914 950 964 1138 1168 1354 
4 36 50 1050 1209 1262 
20 59 209 334 410 478 722 817 905 959 1029 1086 1146 1205 1263 1353 1394 
100 156 1046 1061 1064 1122 1363 
36 460 503 718 893 1224 1322 
281 426 436 527 532 657 719 1337 1411 
272 507 689 753 1186 1213 
372 506 577 923 1050 1123 1249 1264 1390 
52 128 343 553 773 884 955 961 
194 787 994 1038 1065 1116 1119 1217 1270 
71 353 403 405 463 481 545 639 697 755 994 1078 1245 
7 413 711 965 1053 1277 1326 1340 1407 
176 331 682 901 987 1015 1116 1262 
31 52 412 551 778 851 883 1207 
155 229 234 264 558 688 785 809 834 905 1005 1182 1376 
20 395 508 880 989 1014 
10 74 210 240 280 447 615 732 831 860 1225 
33 63 197 288 397 640 854 865 881 997 1050 1111 1166 1252 1255 1399 
3 104 712 941 1405 
67 82 319 599 601 642 855 1155 1160 1265 1288 1372 
195 426 555 595 680 1275 1398 
16 154 234 253 335 846 1011 1199 1236 
86 175 249 264 313 342 897 908 932 933 1191 1210 1257 1369 
7 57 295 455 461 539 545 597 784 874 901 1120 1164 
124 199 362 516 713 987 1047 1104 
35 82 250 340 360 435 450 941 956 1104 1155 1218 1233 1269 
364 420 426 470 540 752 906 960 1267 1380 
3 55 237 491 736 745 765 1094 
161 563 755 858 903 954 1104 1298 
9 169 379 777 938 940 1014 1108 1129 1175 1365 
20 156 283 401 431 443 497 528 552 738 748 1074 1167 
58 94 594 778 797 809 827 850 855 856 941 1038 1076 1204 1217 
77 115 366 439 448 480 517 541 562 565 686 781 1254 1305 1350 
220 287 691 719 842 858 914 928 980 1022 1063 1141 1401 
17 22 207 261 408 807 1013 1063 1229 
44 121 267 451 457 605 762 1000 1099 1177 1196 1256 1352 
435 449 528 582 635 778 820 1177 
309 459 669 927 936 993 1185 
34 109 274 424 456 603 826 1239 
237 308 310 464 685 791 1065 1097 1335 
286 390 702 787 863 937 1271 1293 
64 109 174 506 631 728 968 1107 1110 1119 1212 1333 
111 207 260 328 356 358 391 437 438 979 1038 
180 258 389 406 612 748 911 968 1072 1118 1161 1189 1197 1214 1299 
364 544 807 894 1021 1125 
311 394 733 
123 258 271 674 770 985 1151 1194 1305 1392 
48 213 279 340 356 359 604 733 972 1060 1154 1192 1373 1394 
8 59 435 466 483 689 721 751 765 791 828 860 870 901 
258 349 415 444 610 914 1070 
10 83 150 159 187 324 528 774 873 924 988 1000 1251 
221 253 337 374 463 653 1122 1178 1238 1379 
269 355 356 470 515 552 591 641 779 792 850 1198 1367 
11 30 99 100 132 136 142 253 352 465 529 547 569 607 767 989 1079 1141 1285 1350 
357 361 414 439 440 611 688 782 876 1118 1247 1254 1406 1410 
57 138 344 360 390 548 562 701 713 859 914 961 1156 
125 127 271 277 345 380 560 711 791 827 1025 1029 1326 1347 
301 403 419 559 706 1012 1098 1250 
69 91 247 271 282 298 497 592 658 1010 1139 1145 1329 1356 
34 245 273 594 662 852 940 996 1207 1261 1296 
4 236 313 328 447 749 869 933 1051 1081 1093 1103 1142 1294 1362 
244 277 320 674 707 744 772 954 1066 1219 
47 120 150 221 323 391 392 417 463 488 659 671 909 1082 1195 1352 
112 119 280 282 524 548 603 992 1035 1159 
50 394 561 718 792 1398 1401 
152 191 244 278 538 681 742 818 965 1037 1060 1180 
21 87 250 376 477 541 642 643 657 730 744 763 1057 
145 417 419 583 812 923 1026 1095 1141 1184 
276 558 750 1004 1017 1036 1226 1228 1245 1354 
155 203 272 329 438 603 630 646 650 1131 1168 1215 1226 1251 1297 1364 
44 143 224 227 362 375 384 480 585 670 702 757 778 780 934 1013 1022 1051 1192 1363 
34 77 169 222 251 432 510 512 570 590 599 639 647 716 755 865 1032 1265 1267 1323 
461 578 587 723 736 751 957 974 1033 1102 
336 739 773 823 889 948 972 1064 1155 1346 
9 219 352 360 414 427 480 814 918 1170 1177 1216 1219 1232 1241 1291 
60 91 261 382 408 548 668 910 916 997 1134 1316 
42 72 354 363 997 1011 1290 
183 207 210 372 683 1139 
133 297 347 516 616 679 937 1016 1023 1109 1167 1196 1249 1313 
179 208 249 338 383 389 484 577 655 932 1201 1282 1341 1391 
14 176 205 230 337 760 989 1048 1109 1226 
399 490 1166 1242 1293 
31 90 138 641 643 755 911 929 985 1308 
43 473 653 695 734 848 993 1005 1116 1150 1159 1237 1401 
143 186 325 356 367 488 512 894 1012 1154 1283 
114 151 246 308 460 462 610 1289 1345 
28 81 181 367 1320 
209 430 649 720 818 976 
63 70 94 116 287 300 391 557 590 666 736 839 932 1074 1207 1398 
27 242 369 540 653 1014 1039 
32 184 211 360 462 489 515 717 800 912 945 
2 111 406 473 675 760 770 776 795 853 1268 
44 351 428 483 658 706 805 953 968 1057 1101 1279 
299 351 432 641 647 659 750 800 927 939 1150 1151 
58 391 765 781 798 1093 1263 1281 
48 157 251 292 890 1032 1280 
60 143 182 438 488 522 562 930 1125 1258 1301 
26 40 83 132 314 761 972 1041 1076 1285 1373 
409 504 762 1114 1340 
134 468 535 854 937 972 990 1125 1196 1293 
83 110 171 201 350 414 621 671 897 927 956 976 1102 1296 1341 
99 179 925 944 
258 348 772 839 985 
20 54 133 247 286 310 575 729 779 816 855 900 1255 
106 396 398 508 519 567 816 874 996 1183 1269 1314 1358 1382 1409 
49 96 324 406 638 682 697 748 858 1198 1311 
20 286 331 699 788 833 1019 
503 533 673 1010 1078 1327 1358 1377 
58 230 270 346 442 476 862 880 967 984 1117 1131 1164 
45 79 249 260 678 750 1094 1226 1244 
6 41 91 536 921 1047 1111 1155 1206 1236 
253 332 643 739 968 1047 1120 1202 1312 
71 108 138 368 386 602 674 705 983 1044 1049 1066 1207 1286 1348 
298 635 640 888 1086 1088 1264 1305 
21 165 233 375 1010 1053 1217 
147 153 251 298 359 511 516 567 597 646 768 832 897 1018 1219 1398 
308 322 457 468 552 603 738 766 873 908 963 1008 1092 1348 
194 516 754 905 932 1091 1178 1299 
6 502 515 571 643 862 1086 1088 1093 
1 128 252 254 350 500 603 694 873 1178 1268 
544 546 558 620 694 707 1051 1201 
