1434 8376
14 374 441 462 643 664 1152 1288 1312 1351 
41 70 127 491 524 593 649 874 1061 1114 1268 1307 1316 
91 127 304 401 549 616 771 1050 1073 1140 1268 1326 
233 666 1123 1189 1336 1368 
31 64 270 310 417 574 653 686 775 835 880 887 979 1045 1131 
28 259 297 372 385 404 494 515 599 611 705 757 762 831 906 924 936 937 977 1042 1072 1224 1272 
30 61 301 446 474 497 602 632 659 920 1010 
17 22 113 169 258 269 379 472 829 851 1019 1022 1065 1167 1215 1232 1269 1297 
27 33 50 89 129 521 603 655 689 702 893 923 965 1016 1044 1076 1132 1155 
258 352 388 472 718 721 794 848 1127 1287 1307 1398 1415 
15 88 419 586 747 974 1310 
112 140 184 573 591 1100 1226 1327 
220 313 398 401 428 569 653 935 1035 1195 1239 1240 
1 36 123 142 217 508 606 629 639 779 808 817 853 871 1222 
11 109 462 487 773 965 1147 1175 1292 1363 
142 190 609 769 780 788 908 1099 1136 1277 
8 156 260 272 295 394 537 577 611 617 1296 
34 317 489 520 536 641 812 820 882 889 927 929 993 1085 1286 
386 446 595 728 846 1034 1139 1233 1278 1409 
132 217 281 381 432 542 655 682 711 953 1003 1308 1386 
249 348 502 531 628 752 834 955 966 967 1222 1275 1378 1388 1391 
8 357 364 584 588 828 856 924 959 982 1086 
183 555 571 583 660 736 872 1070 1105 1128 1306 1319 
226 528 582 695 1166 1345 1379 
185 192 313 445 654 750 927 952 971 1017 1236 1312 
303 362 407 585 923 931 1007 1087 1151 1290 1361 1407 1410 
9 60 72 493 848 1057 1119 1317 1416 
6 138 426 748 763 985 
89 206 282 291 362 577 722 855 980 1073 1153 1301 
7 54 132 274 282 388 845 1265 1305 
5 129 188 333 378 461 597 653 669 770 883 1085 1126 1134 1216 1340 
40 160 195 808 1009 1094 1154 1155 1353 
9 134 666 773 786 880 1344 
18 118 313 314 366 559 709 929 1125 1126 1212 
135 299 300 527 692 895 970 1226 1342 1366 1375 1417 
14 168 345 502 600 693 715 841 974 1010 1062 1105 1205 1333 
158 166 275 358 448 865 1026 1093 1306 
413 539 560 654 738 755 982 1021 1022 1092 1376 
158 233 234 237 370 589 614 668 696 757 955 1139 1168 1206 1304 1380 1406 
32 82 152 297 515 551 602 642 660 726 835 
2 47 78 268 333 347 477 718 754 757 1043 1075 1089 1143 1351 
89 174 263 348 606 889 973 1299 
155 182 244 347 462 568 626 834 876 1248 
134 178 781 857 906 934 1010 1096 1250 
87 279 375 377 571 646 674 746 968 1154 1235 1314 1431 
213 495 509 609 739 740 779 835 851 1156 1177 1309 1317 
41 212 445 698 721 933 1199 1302 
542 662 756 782 868 1155 1415 
370 485 512 863 945 1047 1074 1101 1174 1319 
9 244 288 295 344 442 536 696 1058 1407 
111 209 237 317 665 815 904 985 1130 1140 1231 1242 
299 335 474 670 757 898 924 934 1164 1181 1201 1231 1258 
65 191 208 265 489 800 860 961 1016 1074 1246 1292 1316 1420 
30 559 1230 1263 1406 
374 399 475 512 527 791 799 861 871 909 968 1267 1349 
108 258 305 574 599 693 698 880 1087 1099 1161 1293 1396 
121 214 278 731 802 1066 1275 1316 1337 
166 320 365 623 624 696 737 743 764 927 1419 
61 99 125 273 291 534 564 721 724 777 859 972 1001 1191 
27 66 69 205 413 524 853 989 1121 1365 1392 
7 59 170 190 233 239 484 494 542 803 854 988 1187 
385 545 797 859 969 1037 1128 1300 
154 269 411 505 528 654 842 891 936 1159 1197 1205 1339 
5 252 564 605 778 937 947 1243 
53 393 437 442 499 564 671 694 954 979 982 
60 358 563 626 711 816 979 1054 1169 1281 1301 1417 1427 
68 72 370 421 446 566 746 1017 
67 220 272 319 339 618 627 637 977 986 1217 1281 1324 1343 
60 70 280 360 645 1096 1170 1313 1318 1367 
2 69 95 128 134 337 516 641 1093 1223 1243 1421 
208 446 460 466 531 722 1046 
27 67 238 273 327 435 578 625 723 1119 1173 1213 
288 363 367 560 1050 1316 1318 1340 
106 276 315 356 466 496 894 1236 1265 
268 444 447 575 677 680 839 933 961 986 1042 
342 433 996 1059 1116 1209 1247 1366 
82 235 583 611 637 656 743 758 767 842 945 1109 1140 1154 1429 
41 233 317 567 657 707 734 875 
112 289 354 466 615 627 817 996 1046 
499 708 938 1134 1160 1173 1225 
210 381 533 590 808 917 936 1019 1083 1209 1340 1424 
40 77 109 162 290 309 358 361 378 386 498 563 599 624 687 818 840 858 1221 
124 250 393 544 791 929 973 1012 1055 1103 1358 
150 441 476 484 511 550 557 618 749 1021 1071 1099 1225 1263 1359 
566 586 693 835 964 965 1129 1151 
195 229 387 436 539 609 986 1222 1408 1418 
45 166 196 310 470 721 916 930 1060 1072 1191 1294 
11 176 301 324 434 925 937 994 1002 1008 1110 1181 1396 1425 
9 29 42 133 329 552 576 681 746 782 813 965 980 1001 1124 1234 1241 1307 
103 216 277 365 466 497 499 513 528 756 1154 1414 
3 137 308 387 427 441 522 593 615 651 937 957 1266 1348 
136 456 467 569 811 955 1043 1064 1113 1278 1291 
203 681 780 869 1019 1308 1403 
305 749 916 919 947 976 
70 102 346 737 841 1242 1285 1381 
255 267 269 297 523 748 1015 1019 1054 1228 1262 1431 
263 290 330 615 946 983 1019 1101 1194 1197 1244 1395 1420 
257 362 893 1035 1117 1124 1132 1328 1401 
59 114 196 207 523 678 970 1121 1137 1352 1389 
114 131 194 240 279 459 498 872 941 1030 1150 1177 1324 
171 420 532 533 1055 
95 121 152 166 272 321 416 515 574 722 983 1128 1312 1347 
90 140 161 180 408 416 418 435 735 877 980 1083 1227 1239 1429 
105 495 542 610 764 1144 1215 1255 1424 
104 234 728 892 943 1121 1134 1185 1314 
74 283 334 560 590 662 709 824 838 1175 1179 1223 1224 1318 
153 343 369 381 614 1029 1093 1358 
56 364 392 445 464 486 617 1153 1224 1231 
15 82 176 186 193 199 207 469 523 625 631 1096 
136 151 265 328 480 572 587 623 636 818 859 909 1125 1141 1159 1378 1421 
51 279 635 798 846 
12 79 185 298 370 381 547 605 801 903 930 1102 1272 1407 
8 117 186 305 323 392 529 630 693 910 923 1146 1156 1262 1299 
99 100 232 240 270 604 652 654 858 1140 1384 
119 154 354 530 561 616 748 764 820 837 862 959 1150 1179 
249 276 409 438 496 737 913 1109 1216 1222 1320 
113 131 253 354 358 375 399 518 585 659 751 838 1039 1176 1286 1292 1310 1349 1354 1391 
34 138 173 482 544 645 730 738 827 836 862 1000 1384 
115 325 444 468 503 579 754 829 838 868 937 952 981 1040 1104 1123 1145 1226 1265 1313 1373 
121 180 253 329 366 492 571 711 726 766 1048 1188 1196 1263 
57 102 120 321 448 581 748 751 846 1103 1121 1139 
199 257 433 474 536 731 814 1062 1063 
14 166 331 335 493 626 1000 1041 1091 1132 1231 
83 287 451 562 802 1045 1107 1198 1330 
59 167 184 262 440 495 708 767 801 993 1217 1298 1391 
133 382 839 911 940 961 976 1139 1331 
2 3 152 265 346 395 407 1008 1098 
70 407 499 653 698 839 856 1122 1159 1217 1315 1335 1353 1354 1380 1399 1413 
9 31 350 476 535 575 654 807 942 1020 1104 1165 1175 1233 1261 1378 
134 165 169 209 328 393 477 544 836 959 993 1423 
100 117 168 322 519 541 559 561 617 650 1054 1230 1347 
20 30 163 331 530 547 641 654 1076 1327 1342 
89 126 252 255 384 542 679 713 837 1120 1142 1157 1173 1309 1350 
33 44 70 130 326 459 676 723 956 975 
35 229 441 468 669 677 689 693 720 806 1027 1262 1416 
92 110 141 182 249 257 323 381 418 517 880 935 1048 1160 1251 1274 1277 1311 
91 388 490 600 926 1214 
28 118 209 273 604 646 689 695 737 742 822 940 1076 1157 
302 333 346 389 430 552 627 721 1116 1143 1434 
12 103 273 443 715 749 813 1203 1224 
136 418 574 597 660 795 909 994 
14 16 304 517 763 836 867 1042 1180 1245 
232 280 300 331 420 492 633 658 846 854 998 1027 
204 261 290 349 840 878 958 968 1390 
326 437 438 445 778 861 980 1292 1347 
160 386 453 742 757 789 838 877 899 956 1012 1278 1380 1412 1413 
361 423 804 895 1008 1076 1091 1136 
288 338 402 896 919 1143 1236 1240 
294 508 742 1063 1077 1326 
84 493 552 586 1093 1118 1325 1408 1434 
110 320 321 353 428 458 470 488 506 709 786 797 985 1109 
40 102 127 181 236 496 533 647 659 721 
107 264 278 314 333 368 394 434 536 570 638 709 959 998 1292 1301 1327 
63 115 162 163 174 623 855 915 1058 
43 590 631 1031 1144 1172 1176 1246 1250 1338 1384 
17 184 287 457 531 537 922 1015 1093 1102 1110 1198 1252 1286 
233 275 371 447 460 638 661 733 970 1021 
37 39 169 261 269 480 586 1011 1315 1424 
347 424 431 544 590 834 1301 
32 146 218 674 798 811 945 1355 
103 577 881 985 998 1397 
82 154 231 259 352 415 427 631 679 732 839 860 996 1004 1050 1248 1316 1389 1401 
132 154 409 523 537 572 751 801 1012 1092 1174 1376 1395 1416 1425 
392 422 468 527 725 898 991 1111 1118 1432 
130 168 242 253 307 389 596 674 681 742 962 1038 1085 1163 1240 
37 58 87 102 123 172 253 362 426 463 576 659 1053 1070 1115 1216 1255 1268 1406 
125 190 312 490 546 602 716 1004 1025 1338 
36 131 165 275 314 393 403 431 537 602 750 790 909 1107 1168 1197 1258 1346 
8 130 158 286 314 323 506 556 692 755 778 877 904 905 946 1042 
61 311 419 512 516 685 831 897 1117 1236 1341 1369 1390 
101 421 708 817 1050 1139 1324 
166 286 326 380 777 859 884 1028 1430 
118 483 509 592 656 698 717 1299 
42 154 180 385 399 464 487 557 868 1221 1338 1355 
399 401 1027 1086 1136 1228 1327 1397 1414 
88 109 244 316 335 364 413 420 460 829 1119 1206 1368 1393 
181 188 434 451 473 567 615 670 766 806 926 953 1086 1154 1162 1203 1341 1390 1413 
44 204 348 464 728 797 820 844 991 1009 1133 1400 1421 
251 315 678 779 789 875 897 1060 1068 
103 120 174 379 467 1368 1376 
152 177 597 785 832 963 1066 1070 1071 1307 1425 
43 136 216 266 324 396 514 633 657 790 825 826 1066 1078 1079 1187 1356 1375 
23 247 420 540 575 590 618 643 675 691 892 1024 1141 1401 
12 125 156 201 278 296 383 467 474 804 834 941 1199 1309 1408 
25 112 322 612 648 744 950 1097 1265 1272 1316 
109 113 189 359 376 455 660 693 790 949 961 970 1102 1114 1206 1290 
258 832 933 939 1138 1203 1275 1284 1391 1429 
31 177 256 406 594 638 658 760 785 835 845 848 874 1027 1085 1255 1287 1300 1423 
186 352 367 411 539 601 676 826 889 917 1088 1124 
16 61 167 298 309 325 641 659 697 846 890 918 1045 1237 
53 199 268 321 456 734 740 767 841 1181 1390 
25 427 663 1004 1062 1224 1422 
109 297 299 331 605 648 741 747 763 819 870 1007 1061 1139 1188 1241 1310 1344 
100 229 423 557 857 891 1144 1177 1180 1397 
32 86 269 376 428 553 603 746 1161 1210 1214 1319 1328 1348 1369 
87 99 375 457 782 788 948 1292 
306 473 538 563 720 790 807 1063 1076 1162 
216 221 394 435 624 721 866 937 1027 1070 1213 1224 
109 122 191 205 292 387 418 619 660 707 849 1060 1096 1112 1233 1318 
593 1136 1253 
184 233 350 379 424 590 648 739 761 1243 1299 
225 350 445 503 581 646 681 685 704 739 777 1009 1334 1425 1431 
93 513 802 804 979 1046 1084 1123 1131 1215 1368 1389 1433 
144 178 275 398 403 418 424 482 747 859 1396 
60 199 504 703 1167 1199 
29 268 656 669 689 758 767 833 982 1106 1408 
99 109 224 286 440 797 1021 1091 1225 1351 
53 71 221 331 351 435 472 507 584 735 750 921 954 1373 
51 130 138 291 677 711 739 787 867 948 998 1044 1048 1112 1352 1366 
81 226 450 554 575 599 679 874 937 1419 
218 270 387 435 633 677 895 1093 1155 1276 1366 
47 523 663 980 983 1194 1253 1311 1338 1341 1358 1374 1377 
46 310 522 776 777 1023 1173 
57 231 252 315 333 414 440 565 913 1362 
324 351 632 687 870 954 1053 1063 1279 
90 182 198 436 471 741 976 1005 1125 
14 20 409 547 651 670 1028 1055 1064 1158 1304 
160 211 258 403 649 684 836 1166 1348 
262 422 524 579 719 943 976 1028 1215 1362 
13 68 690 775 1043 1084 
198 208 236 290 304 332 339 403 502 511 763 854 902 1162 
1286 1315 1417 
296 436 470 629 762 822 825 845 854 893 901 967 1020 1085 1282 1288 1370 
207 296 302 389 640 833 881 945 975 1006 1098 1105 1261 1335 
202 475 928 959 1023 1280 
24 210 257 261 365 395 741 801 995 
353 537 569 661 707 712 772 927 954 985 987 1294 
297 371 444 803 842 901 971 1217 1274 1282 
86 135 194 380 493 655 665 919 920 925 1384 1416 1420 
451 533 768 836 884 1168 1194 1218 1223 1290 1302 1345 1358 1394 1416 
162 214 378 435 603 761 888 
114 143 284 390 413 536 622 639 772 816 991 1019 1166 1215 1308 1366 
4 39 61 78 157 201 496 555 632 712 893 986 1249 1367 1369 
39 105 610 661 720 862 868 897 918 1030 1076 1112 1274 1421 
77 582 678 783 786 962 1067 1164 1270 1350 1374 
152 221 248 368 378 461 570 578 685 788 851 871 1094 1338 1361 1373 1407 
39 51 370 378 382 431 542 577 1133 1183 1430 
72 323 769 1071 1090 1208 1252 
61 443 471 879 891 1036 1072 1089 1184 1306 1413 1429 
100 114 247 508 608 927 1119 
369 647 682 997 1268 
165 293 456 513 806 924 1069 1182 1434 
248 303 510 546 595 720 748 1024 1073 1178 1371 1382 
43 50 176 333 473 664 897 926 1135 1186 
296 305 342 432 466 558 956 974 1218 1260 
337 560 606 627 631 660 764 813 917 918 1040 1205 1229 1329 
183 240 340 390 405 412 431 480 545 863 866 947 982 1251 1428 
236 243 296 349 523 624 894 929 971 1057 1209 1213 
21 116 136 255 300 310 359 394 574 626 724 792 1099 1257 1271 1322 1366 
83 265 331 364 562 581 636 747 1022 1025 1195 
179 383 392 494 495 736 778 954 955 1096 1243 1315 
64 133 214 346 457 554 766 1162 1177 1202 1351 1361 
117 120 165 166 270 495 783 1158 1174 1377 
443 702 804 879 1004 1022 1050 1136 1223 1258 1291 
96 133 249 380 533 552 747 748 972 1027 1130 1157 
188 614 657 724 795 916 926 1012 
98 122 136 226 295 404 614 672 993 1109 1156 
8 10 56 187 218 305 337 377 506 672 1099 1174 1207 1238 1250 
6 162 437 688 701 810 1075 1077 1283 1294 1325 1342 1360 1389 
17 271 360 398 526 553 728 824 918 926 1049 1084 1141 1154 1204 1406 1416 
144 158 226 335 434 496 595 738 945 1066 1079 1097 1144 1179 1199 1298 1339 
125 219 347 354 460 575 759 785 1008 1304 1320 1400 1415 
42 97 339 449 625 718 724 830 853 992 1015 1251 1333 
153 275 351 488 718 1004 1086 1140 1235 1419 
53 110 127 250 313 327 346 406 441 450 566 869 937 1103 1114 1196 1328 1332 1380 
182 374 477 481 596 603 738 915 1038 1059 1242 1280 1310 1325 
96 290 374 673 782 1205 1226 1258 1398 1408 
41 75 191 206 305 398 572 653 714 766 1136 1250 1308 
8 63 96 158 195 308 450 498 528 553 701 767 842 873 1344 
5 114 211 253 315 386 446 457 609 888 1056 1155 1328 1357 
260 424 550 613 863 964 1332 
17 68 102 297 307 310 326 470 661 943 1063 1128 1386 1409 
59 72 138 140 553 604 787 794 1090 1224 
30 471 500 563 647 722 845 926 974 1049 1138 1198 1292 1388 
37 157 168 204 264 295 344 479 484 521 549 774 782 1135 1382 
74 116 306 363 461 757 781 909 1137 1194 1312 1424 
90 278 319 324 406 656 685 711 792 802 846 973 992 1033 1219 1276 1347 1352 
57 153 184 277 331 617 686 793 1125 1407 
45 100 111 385 953 967 1038 1039 1084 1142 1179 1246 
69 143 309 327 484 543 719 760 765 1313 1320 
20 352 570 1100 
29 30 714 849 916 1048 1058 1155 1346 
106 292 1204 1292 1311 1338 1398 
232 371 519 615 912 1021 1230 1259 1313 
326 374 657 725 735 939 970 1132 1290 
169 172 207 399 425 432 490 496 599 613 719 1296 1307 
124 156 471 610 643 773 795 826 897 1113 1114 1155 1340 1351 
50 73 148 337 387 635 666 819 946 1139 
79 330 413 821 875 948 976 1028 1098 1144 1336 1399 
82 97 144 221 267 323 384 444 446 807 897 1124 1168 
29 59 209 363 365 391 408 475 749 830 952 1099 1208 1224 1279 1332 1392 1426 
199 283 308 539 1247 1418 
242 494 852 1126 1246 1323 1348 
149 503 599 624 770 955 956 992 1034 1295 
17 50 257 275 311 339 375 575 770 820 889 987 1341 
184 223 224 245 248 318 555 589 704 950 1072 1110 1386 
6 40 96 193 228 272 348 570 891 1345 
112 190 495 639 760 765 1008 1011 1271 1422 
35 52 193 323 357 438 582 637 670 688 776 807 833 905 1261 
35 143 249 337 350 521 697 942 965 966 1027 1113 1147 
7 88 400 562 672 829 880 889 902 952 959 975 1014 1043 1076 1143 1182 1359 
139 224 349 448 575 678 828 1170 1376 
26 243 573 640 780 903 1055 1110 1121 1276 1288 1340 1361 1365 
3 142 221 321 439 511 529 578 696 701 787 840 889 1146 1292 1374 
56 94 113 245 258 268 429 466 567 690 709 816 935 953 1249 1280 1287 1356 1368 1375 1400 
197 276 600 613 625 738 814 911 1163 1334 
165 272 310 369 963 1419 
91 269 292 512 820 991 1008 1033 1119 1257 1357 1365 
82 190 280 338 377 662 725 761 832 917 997 1085 1141 1293 1294 1359 1394 
5 87 213 249 272 307 399 423 461 749 921 990 1206 
170 295 416 436 666 717 821 857 862 965 1125 1202 1207 
167 675 724 808 1226 
13 25 34 265 528 589 629 725 730 746 822 1307 1364 1383 
34 153 168 169 335 382 402 493 510 568 624 635 666 793 798 934 1345 
74 179 214 270 364 559 706 732 738 798 889 1063 1132 1232 1317 1344 
176 344 478 489 491 492 597 1080 1140 1238 
18 51 78 453 955 1131 
296 345 379 399 425 546 652 661 870 958 1054 1125 1204 1247 1315 1397 1407 
68 277 365 380 495 1029 1346 1359 
58 151 441 455 485 493 759 1000 1114 1142 1161 1412 
102 121 151 191 304 796 864 875 958 1131 1136 1434 
131 185 357 467 585 677 780 1021 1129 1222 
113 136 169 238 290 299 431 443 486 709 849 914 1141 1142 1310 
88 182 215 277 590 654 963 1031 1345 1359 1432 
119 190 391 623 895 962 1048 1257 
134 145 172 272 285 470 532 676 752 774 894 1011 1097 1186 
72 265 280 644 695 807 930 1013 1235 1362 1414 1415 
110 130 465 472 535 875 1051 1163 
89 120 463 561 662 720 796 881 948 1015 
97 289 460 822 1147 1207 1352 1379 
123 132 143 193 208 250 278 340 562 601 653 826 891 951 1431 
221 522 648 782 819 913 929 1032 1371 
31 41 139 153 214 244 357 399 797 831 892 996 1042 1149 1171 1220 1358 
106 502 612 864 883 1368 1429 
52 123 176 261 314 373 422 469 1052 1262 1319 1335 1419 
485 675 694 711 718 1041 1063 1083 1255 1310 1416 
70 246 258 288 300 548 723 843 1096 1242 1308 1338 
148 309 369 511 785 936 1083 1151 1324 1404 1412 1431 
68 221 263 295 534 692 794 913 923 
247 331 436 626 847 856 934 995 1237 1247 1319 1431 
454 525 568 718 756 836 947 982 991 997 1035 1114 1202 1237 
76 245 406 556 559 703 755 1014 1218 1369 
107 622 776 811 885 930 957 1002 1016 1022 1112 1128 1149 
50 275 316 514 590 616 637 687 793 847 964 984 1059 
36 318 378 492 741 754 1188 
95 127 139 252 265 658 676 738 753 767 879 925 1223 1423 
41 43 159 262 760 1085 1124 
21 42 178 297 369 595 669 695 901 968 1031 1045 
144 248 302 389 496 503 584 940 969 1004 1057 1176 
129 201 202 300 505 710 793 797 959 960 1277 1315 
208 215 264 386 459 508 543 823 861 976 1033 1322 1336 1388 
10 162 189 281 356 366 449 525 605 651 705 1079 1199 
151 227 434 465 779 994 1082 1275 1412 
79 115 117 262 436 494 620 976 1018 1172 1372 
380 694 699 921 960 1187 1304 1361 
74 352 560 564 835 1195 1330 1415 
22 299 322 333 400 622 705 746 905 1149 1207 1413 
37 66 82 117 437 439 457 830 902 1072 
186 249 590 648 735 762 1081 1320 1342 
69 260 548 632 948 1154 1165 1249 1259 1273 1361 1410 1420 
82 147 429 555 888 1225 1244 1287 1384 1415 
26 29 98 166 389 397 583 710 721 802 854 904 1127 1144 1222 1315 1332 1343 
73 276 291 417 516 566 631 848 873 881 904 1101 1156 
22 108 176 250 315 373 412 417 505 646 777 837 1182 1250 1272 1363 1396 
58 90 226 291 319 452 500 550 791 795 801 1002 1040 1315 
34 120 352 387 495 829 1148 1171 1381 
73 189 404 407 437 563 644 804 
153 236 469 544 575 629 768 818 834 848 1172 1189 1376 
107 241 307 338 348 514 606 818 820 825 902 1011 1014 1098 1180 1409 
39 49 67 112 237 407 622 793 961 976 1074 1167 1276 1298 1335 1349 
157 228 284 386 397 412 415 818 880 1188 1300 1316 
6 468 492 677 974 1007 1075 1121 1152 1246 1389 1410 
335 364 400 531 549 641 826 900 924 941 1098 1169 1176 1199 1242 1360 1392 
1 55 266 267 285 405 554 638 773 1082 1224 
45 117 196 295 379 848 1027 1067 1413 
186 195 456 478 810 904 1065 1168 1354 1419 
45 258 309 394 403 672 1229 1282 1372 1402 
31 82 231 236 237 345 973 998 1025 1037 1136 
8 180 201 318 375 470 484 613 617 1118 
172 229 255 319 355 472 538 1071 1131 1303 
20 81 107 112 136 449 489 582 655 725 914 934 1019 1161 1314 1399 1406 
126 237 314 656 805 993 994 1117 1362 
184 251 491 586 729 1009 1268 1423 
133 290 648 972 1039 1088 1116 1117 1166 
6 62 174 279 483 740 797 864 1036 1046 1287 1398 
19 82 146 270 351 371 428 551 575 633 814 988 1011 1080 1218 1316 
86 91 199 211 288 366 617 708 1070 1148 1172 1186 1278 1323 1384 1417 
10 30 137 411 431 649 729 866 913 927 970 1034 1201 1265 1320 1434 
139 165 224 349 362 513 691 829 901 1019 1034 1054 1081 1083 1200 1238 1262 1334 1344 1424 
232 247 567 929 976 1037 1045 1091 1262 1324 1331 
291 325 674 946 1341 1377 
108 113 164 251 459 509 536 684 970 1073 1230 1316 1345 
65 83 130 168 518 560 566 588 643 735 774 953 971 1036 1212 1291 1363 1409 
17 153 198 249 377 409 433 516 518 557 627 680 843 847 1122 1351 1396 
127 226 412 781 803 825 903 977 1041 1047 1136 1159 1284 1299 1335 1411 
182 426 495 508 637 1150 1164 1171 1375 
362 371 588 708 827 1195 
13 204 260 268 399 454 719 762 988 990 993 1098 1318 1331 1373 1434 
55 117 174 175 286 310 318 333 398 554 848 850 1159 1332 1404 
301 357 373 431 509 547 731 757 929 932 1135 1205 1296 1336 
3 13 175 408 745 828 871 1030 1039 1092 1185 1405 
148 314 521 587 611 965 966 1239 
168 204 218 221 377 806 927 928 1103 1197 1285 1350 1430 
6 257 367 438 812 854 902 915 1103 1226 1374 1381 1392 
247 374 492 540 572 1073 1117 1247 1267 1276 1343 
188 265 277 342 484 489 634 659 861 881 921 1099 1150 1238 1360 1402 1414 
26 127 128 367 370 421 479 693 954 1106 1123 1253 1355 
103 291 401 526 1013 1156 1213 1228 1407 
116 163 217 394 493 723 1070 1122 1214 
469 536 571 626 743 1005 1039 1397 
63 189 388 499 896 1180 1192 1431 
247 364 371 395 462 544 692 797 935 1000 1013 1231 1326 
38 60 176 232 289 430 592 666 778 849 867 870 926 992 1098 1125 1142 1325 1359 1407 
214 572 580 857 1043 1308 1417 
162 371 707 780 823 866 867 877 1072 1347 
102 103 311 750 1217 1288 1336 1427 
5 363 364 449 455 485 542 576 622 623 829 1125 1166 1217 
103 136 141 199 204 1204 
11 170 445 456 468 599 712 743 797 969 1033 1185 1418 
101 143 176 183 433 573 644 763 873 1097 1181 
67 171 407 606 657 696 772 818 1075 
164 219 335 429 512 624 643 765 789 1291 
147 194 310 544 648 652 709 919 943 1073 1089 1249 
159 201 204 271 465 605 687 737 1037 1140 1197 1235 
286 318 495 507 533 620 748 765 830 954 1098 1139 
28 166 396 947 961 977 1019 1298 1394 
91 162 192 459 470 482 721 1015 1084 1101 1197 1284 
13 151 195 386 485 860 933 998 1024 1027 1056 1071 1127 1181 1217 1263 1379 
305 361 422 751 822 925 1023 1049 1112 1134 1179 1370 
139 413 484 494 628 656 760 898 1276 1294 1363 1373 
159 168 237 247 323 388 400 455 524 804 846 892 997 1138 1371 1392 
20 245 286 636 748 793 850 887 1277 1349 1381 
76 122 394 420 444 482 511 546 725 979 1150 1298 1341 1407 1429 
88 153 177 261 353 630 764 815 958 973 1197 1374 1415 
72 103 198 208 211 231 649 775 798 801 838 886 896 1079 1098 1228 
86 216 223 311 340 354 459 626 898 925 967 1011 1213 1241 1274 
65 145 259 358 367 525 576 792 1222 1235 1254 
116 145 299 404 466 487 594 764 847 867 1089 1102 1337 1356 1425 
304 358 444 515 523 647 660 822 1135 1237 1305 
125 207 214 628 977 1167 1299 1330 1336 1414 
1 84 91 135 265 320 696 848 853 929 1018 1170 
50 65 471 627 656 1000 1072 1406 
140 239 254 323 529 558 709 726 771 1168 1242 1278 1363 1364 
75 119 228 290 433 439 595 613 655 657 692 1161 1256 
25 47 108 145 202 419 607 659 682 735 804 860 926 1041 1429 
7 19 67 71 270 290 587 773 1126 1132 1193 1433 
75 157 611 617 650 689 851 867 985 1317 1347 1376 1379 1422 
37 121 302 471 587 685 810 818 1026 1376 
263 352 381 417 631 753 1085 1115 1126 1241 1283 1383 
210 265 269 486 532 553 724 732 820 824 974 1049 1176 1214 1249 1314 1365 
124 177 230 453 468 473 689 715 753 818 877 939 972 978 1017 1195 1398 
365 512 662 1245 1379 
146 317 451 600 701 739 775 1098 1252 1362 
341 398 461 677 690 749 801 878 944 1028 1336 1409 1422 
186 320 417 431 636 681 866 871 1047 1059 1433 
92 191 242 376 419 594 612 621 623 679 737 893 1076 1196 1338 
156 196 252 270 358 635 818 1186 1257 
151 623 686 1031 1150 1389 1417 
100 134 351 392 427 436 736 1101 1116 1131 1242 1417 
71 157 176 262 330 473 746 779 990 1057 1136 1408 
31 236 276 310 454 539 592 1133 1374 1426 
1 15 43 412 579 834 1107 1118 
166 329 489 586 608 1033 1063 1156 1383 
108 174 178 572 647 667 869 1052 1057 1101 1135 1183 1298 1403 
328 353 424 482 515 552 830 859 1114 1257 1285 
71 74 79 90 245 305 438 812 852 1064 1431 
92 180 184 322 535 589 771 778 866 960 1148 1164 
119 135 164 372 419 451 1058 1133 1165 1291 
109 335 368 410 836 889 1071 1087 1134 1221 1244 1247 1315 
87 151 223 272 326 379 427 504 510 524 878 883 997 1021 1072 1171 1412 1429 
216 239 274 287 442 448 574 666 887 1010 1148 1378 1407 
8 10 208 328 380 519 604 653 677 723 740 748 754 843 993 1052 1072 1232 1301 
177 197 244 451 460 476 525 642 701 912 921 971 1168 1265 1346 
7 52 122 184 523 686 756 774 884 945 1053 1216 
55 225 291 545 559 660 715 1033 1041 1217 1247 1256 1299 
84 129 473 477 480 598 802 989 996 1018 1051 1066 1081 1245 1384 
41 130 266 476 494 559 689 716 862 1011 1013 1131 
316 376 646 654 712 821 834 1243 1273 1314 1330 
275 407 873 939 1035 1110 1213 1346 1378 
110 158 247 476 751 847 1198 1294 
266 496 802 1044 1071 1082 1146 
118 204 427 433 465 505 524 549 637 642 818 928 1151 1404 
173 385 550 576 741 845 855 935 1033 1040 1052 1081 
61 84 275 280 379 406 430 485 581 617 644 834 969 979 1034 1093 1175 1382 
49 320 336 417 428 484 494 501 657 847 1097 1200 
108 323 450 604 612 632 1109 1228 1263 1358 
15 174 438 523 683 717 781 1060 1122 1225 
151 264 660 704 899 1123 1387 1395 1408 
18 53 316 381 406 463 826 859 966 1034 1129 1424 
137 167 286 630 697 791 964 1088 1113 1145 
2 316 383 493 607 761 1080 1307 1356 
120 143 316 345 372 405 574 702 1068 1328 1351 1362 1376 
27 123 150 229 314 320 409 491 556 665 722 772 845 1091 1363 1376 1381 
6 61 251 293 354 430 477 485 752 835 996 1004 1018 1228 1308 
46 104 125 251 253 298 319 366 396 425 497 625 627 662 852 1054 1140 1279 1340 1409 
74 116 152 233 261 286 349 481 747 902 1193 1285 1377 1410 1422 
7 90 495 524 715 1101 1192 1252 1364 1410 
82 100 269 618 630 668 929 1078 
65 80 90 128 411 579 581 679 817 1061 1131 1153 
274 365 582 638 790 894 1177 1280 
485 533 675 676 801 806 811 844 945 955 1137 1252 1297 
21 36 221 334 613 758 985 1012 1047 1220 
119 202 294 349 554 587 628 796 843 906 913 918 1169 1202 1205 
205 470 646 726 856 991 1158 
63 350 364 482 541 746 780 986 1028 1287 1311 1407 
151 169 258 528 810 1103 
208 425 554 571 674 834 894 1197 1198 
14 149 240 351 396 1008 1068 1164 
46 173 392 400 577 623 715 869 870 928 1005 1056 1084 1376 
243 314 470 602 886 1012 1061 1352 
84 221 304 338 433 1076 1124 1232 1291 1402 
49 55 170 308 422 452 569 591 628 829 1017 1066 1095 1350 1355 1383 
90 203 242 389 745 931 1245 1402 1408 
182 344 369 518 591 627 672 911 941 999 1200 1293 1373 1407 1428 
6 40 102 439 465 642 788 813 1092 1418 
70 170 363 394 554 734 748 1210 1400 
136 142 531 612 959 1082 1094 1106 1133 1178 1211 1258 1299 1418 1434 
117 393 394 514 564 760 1140 1198 1310 
131 284 472 533 595 631 702 785 839 865 942 1067 1271 1426 
18 526 649 722 756 802 1130 1230 1363 1410 
9 275 300 402 710 800 889 923 985 1225 1379 1380 1412 
91 213 332 755 839 887 1142 1219 
96 99 109 163 212 248 439 474 487 707 750 765 801 818 970 988 1074 1112 1143 1253 1359 
2 60 219 431 470 482 497 564 604 766 887 1005 1066 1157 1300 1400 
341 352 437 473 885 915 1121 1149 1154 1246 1248 1292 1306 1313 1318 1397 
260 408 520 544 651 826 1156 1271 1406 
35 55 164 704 727 754 953 964 1257 1304 1321 1341 1418 1423 
24 63 90 269 313 506 573 710 928 938 979 1142 1196 1255 1296 
113 304 443 868 1071 1102 1204 1430 
115 132 621 641 763 817 1130 1332 1398 1418 
21 71 156 373 517 670 758 765 1002 1193 1249 1348 1391 
101 326 450 581 620 858 945 1130 1230 1300 1352 
81 101 152 230 255 425 501 519 596 633 686 734 753 998 1018 1165 1363 1400 1413 
59 339 538 676 695 737 794 833 834 1027 1047 1085 1267 
129 328 467 666 717 782 1022 1090 1269 1290 1376 1377 
18 50 122 153 232 392 410 621 651 1136 1201 1246 1325 1333 1335 
17 156 163 168 227 540 601 612 705 866 897 1081 1210 1396 
197 380 534 800 1112 1376 1411 
38 86 189 292 461 840 1004 1160 1276 1343 
183 405 537 552 601 678 919 1078 1313 
131 505 544 610 668 717 918 941 1129 1204 1363 
20 48 61 104 133 237 417 827 1172 1363 
280 351 674 701 872 969 1356 
83 118 130 159 368 412 423 526 541 875 878 928 1062 1143 1192 1265 1425 
62 247 475 817 
167 243 318 433 581 626 782 880 924 1116 1245 1349 
112 132 217 400 611 792 796 852 871 926 935 1158 1253 
337 360 577 611 732 883 1017 1222 1223 1301 1336 
3 275 373 482 600 921 940 974 1199 1312 1369 
84 271 365 483 625 653 729 973 1044 1213 1223 1243 1352 
40 386 607 794 861 943 960 1261 1376 1424 
89 139 150 255 465 540 819 854 960 974 1137 1165 1205 1235 1304 1393 
195 260 269 273 450 857 875 904 948 1077 1121 1127 
210 252 374 399 503 507 516 792 810 922 1090 1195 1299 1331 
23 233 296 361 629 927 947 995 1010 1120 1311 1316 
169 342 493 598 769 872 883 989 1024 1088 1122 1185 1239 1392 
84 174 194 394 645 663 748 808 870 904 937 964 1064 1079 1111 1212 1279 1280 1353 
245 443 622 759 785 879 1251 1285 
34 54 131 315 342 475 477 663 665 690 691 716 826 834 851 1217 1240 
38 73 106 246 356 393 651 683 893 971 983 
115 131 329 572 753 835 865 1145 
124 250 301 331 587 697 701 
66 82 197 274 367 878 1157 1180 
59 64 65 356 518 524 944 1060 1083 1253 1337 1421 
214 589 674 927 1011 1080 1168 1177 1183 1290 1361 1370 1398 1431 
67 85 265 363 393 601 652 733 780 895 1369 1377 1430 
78 177 305 390 795 885 888 1044 1083 1115 1285 
43 314 341 655 977 984 1212 1300 1325 1369 
13 92 227 512 582 964 971 976 1240 1361 1416 
153 236 281 297 762 788 793 828 957 1114 1255 1412 
23 45 120 410 507 599 629 645 688 716 800 820 847 940 1096 1110 
110 163 268 405 414 464 561 654 672 787 944 983 1146 1200 1224 1349 
12 303 420 528 597 1043 1149 1151 1335 1395 
5 56 102 141 249 471 492 645 739 1164 1349 1373 1419 
75 129 183 210 262 295 302 368 386 690 764 962 1117 1225 
89 166 417 437 483 619 620 840 907 962 1178 1259 1268 
17 29 161 237 509 548 711 1389 
72 236 304 676 698 709 924 1188 1321 
119 219 462 499 786 878 949 1002 1090 
414 591 671 726 747 772 941 1289 
121 202 250 484 499 532 546 654 693 1004 1072 1133 1194 1308 
24 235 299 381 500 569 607 611 708 784 834 859 882 926 1157 
23 77 362 920 931 
22 208 349 615 676 816 840 924 1161 1265 1369 
26 117 322 943 945 948 1069 1273 1424 
11 85 150 158 383 463 780 795 1195 1301 1347 
110 402 446 448 503 562 905 929 974 1002 1066 1279 1294 1346 1349 
22 393 397 637 905 976 1036 1084 1095 1145 1267 1380 
39 296 313 467 565 1244 1399 
81 106 155 159 183 201 324 344 359 652 678 727 1037 1070 1131 1177 1286 
12 512 514 580 769 883 1164 1361 1372 
173 413 461 615 733 857 1008 1049 1278 
2 91 200 635 1081 1244 
188 438 456 618 896 1257 1355 1378 
19 243 261 348 444 519 691 692 914 984 1075 1301 
165 266 533 619 770 976 1184 1209 1228 1326 1356 1374 
31 141 181 316 573 698 777 915 994 1095 1139 1420 
476 556 689 748 760 1071 1159 1289 1410 
6 56 82 210 286 294 419 571 641 696 733 905 907 915 1141 1171 1228 1260 1324 1394 
36 137 306 453 549 659 683 843 868 968 997 1110 1130 1148 1334 1419 
189 331 537 540 566 683 1143 1261 1414 
7 40 167 168 510 768 810 863 1068 1140 1176 1338 
9 195 231 266 625 956 1107 1143 1158 1425 
114 138 273 472 486 524 745 755 932 1082 1094 
64 112 193 352 424 722 741 1073 1151 1355 1410 
14 42 246 369 421 943 984 1050 1123 1209 1335 1396 
445 491 551 582 686 1029 1074 1186 1204 1321 
240 463 615 641 730 817 823 847 1080 1085 1232 1330 
16 46 86 270 853 937 941 1034 1268 1336 
104 234 287 541 629 729 968 1070 1080 1399 
6 17 77 402 447 547 548 582 652 761 910 1324 
185 334 456 486 517 537 890 891 971 977 1030 1282 1283 1304 1392 
271 286 306 379 444 502 645 661 728 858 938 1047 1054 1143 1335 1399 
39 107 256 257 651 666 854 1134 1289 1316 1344 1367 1395 1417 
79 91 97 177 284 584 592 608 868 1008 1159 1274 
3 115 344 900 1098 1271 1407 
17 108 131 278 379 387 447 484 691 754 925 977 1040 1382 1396 
68 84 183 498 594 796 918 1098 1314 
199 576 596 753 986 1147 
354 425 532 576 865 904 910 1090 1110 1282 1325 
456 530 536 657 1000 1027 1273 
232 343 357 370 417 558 629 775 802 1193 1279 
58 110 154 325 417 456 458 509 665 836 921 1151 1296 
58 82 198 248 294 314 422 669 1001 1180 1222 1270 
72 109 263 306 495 550 603 725 1021 1266 1279 1335 1431 
43 66 123 249 340 410 436 546 677 1162 
68 79 139 246 394 442 495 514 881 1187 1389 
21 430 440 503 512 754 800 903 1018 
14 223 313 368 555 571 610 622 703 865 1122 1220 
113 434 490 498 713 843 1044 1076 1085 1177 
109 155 162 246 363 449 519 704 728 748 761 802 910 940 971 1154 1209 1222 
7 215 233 360 486 735 886 1065 1198 1222 1304 
143 182 211 386 533 702 795 796 1020 1022 1119 1148 1284 
406 731 869 946 956 1085 1094 1212 1236 1241 
111 288 314 457 593 809 957 981 996 1065 1187 1313 1409 
110 250 432 455 680 865 890 896 914 1028 1099 1194 1269 1351 
68 77 299 344 396 482 588 949 1023 1034 1054 1056 
153 157 188 374 500 794 796 805 810 817 915 1188 1373 1376 1422 
14 232 298 1392 
224 303 902 941 1026 1112 
18 70 132 190 373 530 599 608 658 736 755 775 1011 1302 1380 
40 473 482 515 653 911 950 994 1144 1246 1367 1394 
1 183 287 393 422 700 709 784 813 1007 1272 1307 1371 
327 367 420 484 706 792 1328 1336 1353 1394 
69 118 557 571 574 613 685 809 810 828 1176 1201 1274 1428 
45 138 202 364 478 504 767 794 818 
152 241 274 439 464 694 733 864 1049 1057 1165 
185 193 201 332 359 384 423 652 700 738 915 933 956 1375 
2 218 388 435 520 665 766 810 1038 1157 1244 
131 447 728 763 872 935 1065 1297 1373 1381 
91 217 352 526 536 560 614 1287 1300 
114 318 423 566 590 611 648 739 886 889 1123 1315 1434 
5 13 31 128 268 331 472 550 642 1301 
25 38 63 114 129 132 324 478 572 581 715 812 919 1091 1094 1139 1183 1218 
9 20 229 381 444 568 721 748 975 1121 1172 1173 1195 1203 1362 1407 
77 173 206 277 382 430 442 1362 1393 
78 182 256 285 421 444 485 621 780 829 942 1003 1200 
143 188 346 641 810 908 949 1194 1268 1401 
7 117 152 166 190 406 445 600 805 833 836 945 1082 1091 1094 1201 1205 1247 
23 40 141 186 199 246 439 475 488 665 945 978 1005 1046 1056 1108 
157 227 234 272 318 613 676 681 880 1051 1195 1258 1269 1346 1403 
48 106 309 329 452 495 732 745 1014 1329 1414 1422 1424 
192 212 557 559 971 1029 1130 
1 244 707 921 1101 1180 1283 1300 
51 229 493 559 623 649 660 734 780 905 1018 1027 1243 1391 1424 
4 33 288 311 314 413 471 535 614 738 804 858 864 873 978 1097 1143 
464 753 841 1029 1088 1276 1360 1361 
39 498 541 781 810 1327 1399 
31 135 206 348 624 777 865 916 994 1038 1117 1347 
52 177 217 299 531 713 771 896 1211 1212 1243 1295 1411 1412 
65 580 758 911 937 1017 1226 1240 1374 
257 258 301 377 514 572 1074 1082 1098 1108 1367 
267 893 1372 
45 160 165 391 507 543 565 756 940 1103 1161 1170 1314 
183 312 336 501 1026 1291 1329 1337 1346 
134 189 326 346 501 534 578 584 661 869 1044 1094 1214 1303 1421 
75 135 209 211 322 372 454 472 626 744 847 872 938 1025 1076 1078 1188 1199 1286 1386 
99 179 235 302 540 590 734 939 1046 1076 1094 1116 1349 1371 
133 162 210 456 499 891 1291 1398 1418 
75 394 636 707 709 750 964 1157 1166 1200 1263 1292 1304 1373 
89 93 165 202 455 661 773 902 1036 1067 1389 
20 241 445 846 1003 1133 
487 560 600 601 780 879 918 967 1001 1181 1204 
218 392 738 846 849 983 1212 1303 1364 
170 202 236 277 448 645 718 1336 1358 
5 278 458 474 533 607 743 770 838 954 1040 1055 1176 1228 1431 
82 215 344 424 807 937 1143 1248 1251 1261 1317 
259 299 571 725 782 783 829 933 1008 1020 1065 1123 1153 
9 135 138 206 447 451 477 598 738 785 1038 1133 1230 
220 305 454 559 575 804 975 992 1230 1391 1400 
183 389 559 595 617 756 808 1065 1277 1360 1431 
35 169 339 412 444 595 727 834 1040 1044 1322 1360 
36 56 85 113 135 186 407 581 727 845 881 934 1113 1227 1349 
65 336 355 647 790 842 933 1157 1174 1182 1242 1397 1418 1427 
24 138 327 348 534 992 1145 1177 1199 1215 1229 1265 1272 
39 50 58 304 421 441 599 767 828 968 1004 1110 1161 1213 1246 1273 1376 
190 300 490 562 753 874 1036 1209 
47 56 128 173 578 597 822 859 933 
355 1044 1223 1290 1421 
643 648 710 1003 1057 1123 1140 1303 1412 
259 269 304 453 473 543 562 953 971 1081 1152 
9 254 492 519 633 929 1008 1066 1218 1391 
205 342 629 770 922 1099 1168 1308 
202 296 488 527 631 780 842 1033 1080 1180 1198 1233 1338 1378 
6 352 357 537 715 740 757 970 
315 644 1003 1107 1302 1431 
78 199 227 415 523 664 680 866 1068 1153 1243 
80 125 171 387 397 582 712 713 817 861 886 1021 1259 1352 
34 106 151 153 305 323 423 443 578 643 680 810 880 1056 1127 1228 
350 362 521 528 700 767 802 871 1083 1115 1359 
20 66 120 209 277 336 577 1005 1187 1358 1410 
227 233 419 478 708 762 866 1054 1250 1279 1433 
133 630 670 708 1205 1401 
268 282 734 1045 1181 1182 1371 
36 140 451 475 497 509 654 705 834 884 1195 1239 1262 1305 1319 1339 1397 1421 
167 477 559 571 735 813 887 999 1339 1348 
173 311 487 535 541 776 816 938 996 1054 1066 1159 1210 1299 1390 
10 41 263 264 336 341 685 931 945 1011 1210 1217 1258 1298 1355 
219 280 286 398 747 924 1345 
135 197 234 243 329 813 828 1014 1086 1304 1342 1382 
10 47 59 87 139 152 198 362 427 655 772 790 851 944 1165 1257 1259 1359 1410 
29 71 102 274 493 520 605 887 902 1070 1170 1281 1388 
72 134 337 409 472 804 810 958 1042 1120 1142 1255 1315 1406 
59 249 256 263 312 450 737 927 940 993 1088 1118 1374 
164 285 309 313 381 433 625 688 1189 1287 1311 1330 
40 120 443 504 580 805 817 836 910 912 990 1000 1123 1130 1211 1217 
527 590 692 693 1143 1277 1289 
19 105 178 260 613 631 650 750 816 1221 1224 1357 1367 
383 388 550 610 744 809 939 1140 1161 1164 1271 1410 
118 313 608 773 801 1129 1194 
57 122 400 634 904 909 1045 1079 1199 1221 
162 315 450 548 662 822 947 970 1237 
157 566 592 599 647 856 968 1060 1105 1178 1328 1345 
78 191 516 533 665 678 714 860 1164 1256 1320 
103 208 285 359 393 445 632 716 854 1017 1076 1084 1257 1271 1320 
23 251 459 641 1183 1217 1298 1386 
58 95 116 138 424 456 534 724 756 850 1133 1338 
38 118 261 266 306 315 346 648 666 684 689 781 992 1016 1276 1391 1392 
46 201 202 209 453 574 652 755 821 955 964 1256 1264 1348 1366 1378 
46 191 385 472 705 750 875 922 978 1199 1407 
193 216 226 345 483 605 759 797 923 1075 1180 1194 1338 
138 146 149 165 830 973 1002 1220 1258 1351 1388 1411 
58 77 410 419 686 758 791 918 1277 1417 
185 677 729 814 864 1328 
401 513 604 662 851 1043 1115 
45 67 89 195 313 357 460 505 795 831 1004 1054 1122 1425 
11 193 204 250 255 496 580 719 1062 1188 1191 1260 1361 
28 96 115 121 243 255 425 432 472 516 557 598 631 655 760 766 831 1167 1214 1294 
84 94 140 291 310 454 1359 1398 
25 168 208 416 523 680 728 740 963 997 1303 1309 1346 1418 
117 121 163 429 480 976 986 1100 1174 1302 1415 
21 326 494 911 926 1181 1225 1340 
346 449 451 533 561 619 667 697 775 1323 
41 119 345 472 527 617 628 941 1126 1207 1343 1419 
38 169 342 522 604 641 739 778 842 906 973 1356 
48 90 341 474 520 674 691 737 776 845 1033 1110 
6 39 41 52 146 276 400 705 904 910 975 1122 1275 1406 
77 206 502 531 671 743 992 1054 1103 1124 1140 1167 1229 1297 1322 
262 320 558 741 1174 
188 280 298 347 430 518 598 748 814 877 879 1119 1173 1290 1311 
201 231 309 491 611 631 893 903 1133 1180 
6 223 359 398 570 712 876 963 1231 1285 1319 
28 142 193 221 420 530 650 862 936 984 985 1004 1051 1107 1190 
58 104 115 246 434 438 575 789 807 930 1325 1344 1380 
280 298 422 425 523 531 805 930 964 1155 1224 
120 177 252 268 524 649 748 910 915 1055 1160 1334 
77 125 191 206 269 346 646 696 710 854 981 997 1255 1342 1412 1426 
230 368 602 999 1026 1071 1160 1358 1375 1396 1401 1420 
16 238 556 591 814 1046 1184 1372 
31 294 295 596 686 703 1140 1182 1228 1391 1413 
3 443 467 670 849 958 962 979 1202 1224 1245 
227 232 421 493 580 721 977 1035 1048 1344 
15 33 287 374 446 681 730 952 1085 1108 1277 1379 
275 326 393 474 837 853 980 1208 1387 
5 220 435 453 622 641 753 847 
213 299 343 717 756 919 1009 1122 1202 
59 172 202 213 364 597 669 1016 1228 1308 
64 145 169 251 413 467 755 1288 
14 46 179 353 460 832 883 929 937 984 1050 1112 1212 1267 
16 93 303 322 415 505 566 586 657 665 683 704 833 1008 1405 
44 276 395 487 668 738 811 1000 1026 1074 1148 
48 89 196 267 275 332 535 546 688 858 886 924 1181 1223 1344 
235 253 688 813 829 861 1005 1108 
582 643 1027 1104 1192 1239 1276 1356 1419 
181 188 262 338 519 558 689 830 845 873 1051 1126 1161 1179 
33 151 235 579 1004 1386 
209 273 304 572 992 1367 
16 196 236 515 570 831 1076 1119 1131 1242 1291 1331 
146 179 422 764 861 985 1070 1242 
168 182 186 197 500 694 721 881 931 947 1148 1194 
55 83 365 490 743 1204 1352 1388 1424 
249 277 437 547 554 644 881 1037 1183 1201 1253 1284 
278 314 344 350 370 432 570 943 1046 1096 1105 1140 1141 1278 1338 1369 1397 
10 273 339 534 551 638 646 805 941 972 1122 
141 256 287 365 567 586 633 746 1068 1200 
321 329 503 547 618 633 638 849 872 992 1003 1100 1267 1308 
62 151 178 207 333 350 385 412 419 741 1150 1291 1355 1392 
111 160 314 315 435 854 958 1006 1086 1093 1275 1281 1302 1330 1398 1433 
55 1099 1296 
53 521 538 571 628 1040 1169 1317 1383 
112 125 163 226 365 435 454 501 523 730 825 901 950 1102 1137 1148 1282 1341 1394 1408 1427 
57 124 203 277 362 476 481 520 622 631 710 825 852 1074 1080 1114 1296 1353 1373 
61 228 395 889 1054 1193 1214 1341 1345 1352 1419 
147 184 203 254 367 431 445 666 690 723 885 910 1185 1219 
382 638 659 726 765 794 1111 1149 1394 
135 177 242 403 501 847 920 1300 1384 
129 197 290 299 327 687 764 820 854 888 1002 1091 1119 1154 1179 1221 1340 1371 
14 32 81 312 557 691 853 1076 1109 1120 
635 645 729 840 979 1029 1331 1406 
259 376 448 506 554 602 638 645 649 658 668 709 723 816 899 1157 1354 1428 
92 160 343 501 781 839 907 947 1135 1313 
18 404 466 654 923 954 955 1073 1123 1213 
89 140 246 515 643 716 720 783 917 951 1299 1353 
122 306 386 744 760 769 1011 1386 
51 434 926 939 976 990 1015 1136 1168 1226 1320 1343 1387 1400 
66 232 305 584 717 728 810 830 882 1293 1395 
14 79 171 499 530 545 608 638 708 726 1150 1195 
82 110 368 369 371 421 448 451 457 482 523 646 838 1029 1110 1297 1316 
193 288 332 552 1145 1227 
18 115 178 295 308 369 450 571 807 1130 1221 1228 1263 1419 
289 311 478 739 834 898 1078 1083 1276 1340 1394 1425 
138 223 313 330 429 439 698 732 824 849 886 1017 1099 1179 1393 
351 415 608 936 1142 1331 
106 260 450 822 1076 1081 1286 1394 1407 
182 223 369 395 801 802 836 922 925 1359 
182 189 287 331 373 489 526 559 829 836 901 960 1005 1134 
118 397 542 857 872 888 926 950 953 989 1043 1118 1334 1401 1402 
22 302 401 570 645 696 720 996 1229 
8 119 176 301 366 389 417 512 657 688 783 826 941 1073 1145 
263 291 358 425 465 742 785 816 980 1142 1144 
6 170 333 746 748 788 1174 1226 1240 1368 1394 
181 187 309 779 953 1068 1093 
206 224 299 534 659 780 1272 1323 
21 43 159 184 368 462 478 484 507 534 559 582 692 715 821 900 989 1014 1204 1290 1316 
5 40 46 85 188 356 494 561 1031 1130 1151 1403 
118 130 142 218 230 341 469 623 659 726 825 826 955 1001 1120 1132 1196 1251 1267 1270 1414 
115 133 364 774 931 1008 1026 1096 1100 1392 
106 117 119 146 435 686 818 1008 1318 1330 1395 
75 126 128 162 519 522 811 1080 1086 1153 1361 1419 
82 144 304 539 576 584 809 847 
36 95 191 667 1026 1139 1214 1245 1412 
63 77 228 269 694 704 755 935 1057 1179 1249 1331 
337 394 472 503 600 630 927 1015 1063 1262 1363 1410 
178 501 962 1084 1149 1213 
30 188 223 274 483 493 693 756 785 897 933 964 986 1204 1344 1347 1414 
19 111 121 143 190 277 431 682 684 1173 1253 1282 
340 344 394 438 480 485 571 608 677 775 806 840 909 984 1074 1432 
10 27 188 363 368 375 399 441 1257 1307 1309 1409 
199 282 323 413 684 771 796 822 877 905 916 956 
399 432 737 926 1010 1100 1230 1381 
8 46 236 447 559 721 745 908 1132 1188 1303 1350 
293 466 495 547 802 1076 1159 1206 1307 1348 1385 1419 
14 60 263 441 609 774 808 1143 1374 
61 143 221 223 362 404 552 614 735 767 798 807 887 896 968 1248 1292 1301 1408 1429 
29 154 483 857 888 937 946 1087 1315 
22 128 340 504 733 987 1263 1292 
44 194 311 414 553 592 827 855 880 936 1266 1328 1412 1424 
82 114 532 613 666 782 1142 1156 1413 
59 62 110 172 204 465 489 582 698 888 1079 1107 1155 1158 1178 1311 1328 
53 162 428 445 734 923 1170 1238 1387 
55 145 351 406 551 708 783 789 1066 1097 1115 1196 1220 1295 1367 1387 
115 118 234 311 477 763 877 1037 1089 1415 
49 247 271 602 931 966 1120 1148 1179 1407 
321 334 385 647 666 744 963 1074 1346 
37 519 561 620 629 636 669 914 1015 1183 1265 1276 1353 
198 247 388 415 455 467 537 707 712 915 975 1008 1051 1251 1279 
142 209 413 415 438 447 892 
48 119 174 234 529 600 615 981 1019 1090 1284 1349 1375 1385 
93 265 464 509 634 676 1012 1160 1168 1216 1350 
193 215 318 413 509 557 993 1037 1076 1269 1285 1431 
14 55 236 401 455 547 710 878 907 1149 1163 1191 1254 1290 1385 
23 100 543 556 650 677 796 827 
269 363 420 479 666 785 925 1116 1241 
2 188 210 697 1054 1092 1263 1270 1326 
78 179 289 321 328 544 553 740 878 1081 1178 1405 
43 762 1001 1013 1104 1231 1232 1309 1316 1327 
103 146 169 415 451 760 849 862 1076 1088 1155 1319 1323 
144 454 470 544 563 579 871 875 985 1135 1305 1359 
239 254 346 558 683 760 1086 1110 1305 
5 33 56 136 301 371 546 661 709 857 
161 224 329 363 406 627 693 790 792 882 917 936 1021 1239 1267 1313 
18 582 816 881 1173 1412 
31 334 470 548 556 591 779 983 1049 1116 1145 1168 1269 1304 
172 230 474 715 983 1043 1073 1152 1166 1271 1304 1310 
343 525 567 804 953 962 1026 1117 
435 510 632 652 708 782 822 969 1000 1129 1291 1384 1394 
5 432 471 522 524 716 722 854 1124 1290 
231 270 361 567 807 827 855 859 1308 1432 
18 42 189 295 301 304 315 469 521 652 803 1181 1339 1351 
190 612 636 952 994 
63 194 239 297 331 612 679 893 1018 1118 1179 1184 1185 1210 1259 
105 183 333 431 867 1283 1344 
9 98 223 233 456 560 673 761 891 955 994 1249 
74 248 326 500 507 924 1067 1361 
35 147 211 325 566 1049 1062 1232 1256 1353 1373 
148 411 435 594 636 670 854 899 907 971 1272 1300 
170 179 234 244 287 290 537 845 954 1070 1083 1214 1346 1404 
52 164 430 436 821 964 1059 1284 
146 488 810 896 955 974 1033 1136 1164 1385 
373 616 834 915 940 1039 1125 1171 1254 1367 
223 228 348 389 801 826 924 1294 
221 301 358 369 404 496 640 681 722 1015 1398 
112 303 395 628 761 1191 1321 
51 169 362 363 376 553 557 620 731 757 955 1070 1147 1194 1218 1396 
169 299 357 587 588 599 665 849 960 994 1091 1117 1323 1373 1431 1433 
6 44 503 755 1112 1247 1278 1284 1293 1349 
576 599 811 871 896 913 925 927 1126 1339 1344 1389 
16 658 851 966 1064 1109 1259 
55 110 141 168 276 731 847 1051 1075 1163 1220 1229 1329 1364 1409 
113 611 620 631 726 757 766 804 928 
126 306 514 642 671 752 1052 1220 1241 1266 
284 473 726 1047 1079 1240 
116 214 332 339 388 503 907 915 921 1146 1286 1398 
323 381 595 636 865 1065 1082 1167 1202 1254 1284 1386 
154 266 404 525 597 599 638 648 766 866 900 913 942 958 
87 94 256 282 669 849 920 983 1061 1063 1126 1386 1426 
81 189 246 309 813 881 1027 1042 1328 1423 1431 
190 234 246 260 503 541 618 683 743 1096 1215 1264 1280 1304 
94 148 229 423 540 654 776 962 1060 1126 1136 1237 1241 1323 1343 
7 229 583 806 916 927 934 993 996 1001 1036 1189 1251 1330 1340 
208 310 355 406 473 549 623 664 913 967 1203 1296 1427 
156 554 703 740 825 1072 1149 1308 1331 
9 26 113 339 521 741 812 860 1034 
6 22 52 242 373 546 578 584 719 782 894 901 1020 1371 
88 229 346 429 436 617 825 873 907 1137 1169 1376 
137 177 244 256 260 274 413 445 547 582 752 815 827 850 955 1022 1046 1047 1299 1355 
18 25 58 227 240 388 403 555 565 724 843 907 920 936 1065 1119 1175 1221 1365 
225 403 482 509 528 544 910 1195 1334 
18 34 83 248 332 390 400 441 498 587 702 779 998 1067 1069 1143 1351 1400 
87 112 327 343 764 765 1115 1288 1290 
26 513 583 718 790 837 863 1004 1094 1297 1321 1430 
400 604 937 979 1007 1036 1175 1230 1371 1378 
47 75 187 428 648 688 694 698 845 949 976 1002 1038 1047 1115 1262 1424 
44 52 314 340 381 693 920 1064 1196 1429 
13 136 305 412 483 547 650 842 1043 1226 
6 63 81 338 763 823 857 881 927 1086 1170 1185 1186 1239 1257 1433 
6 64 88 91 119 198 210 265 557 609 671 687 779 855 932 1100 1102 1281 1433 
80 528 613 677 717 1014 1086 1168 1349 1417 
187 285 451 479 678 729 815 1008 1013 1024 1152 1356 
126 138 349 549 571 631 674 724 900 1205 1234 1299 1409 
100 184 373 514 541 580 609 640 754 794 829 997 1119 1185 1384 
129 300 519 657 915 972 991 1216 
105 219 272 423 551 585 606 793 973 1017 1140 1145 1180 1283 
454 564 572 721 987 1110 1119 1148 1387 
49 77 160 224 261 474 501 532 585 659 660 718 1026 1060 1106 1379 
97 169 288 391 634 855 996 1013 1254 1323 
64 94 247 341 426 555 732 790 811 966 1039 1071 1072 
196 209 289 329 360 553 585 1094 1219 1289 1298 1300 1393 
186 579 637 658 933 1027 1111 1163 1316 1390 1392 
185 296 642 801 827 1015 1107 
331 813 1073 1204 1230 1345 1389 1430 
25 119 291 301 773 890 956 1291 
20 177 279 305 393 527 701 827 832 885 1065 1183 1235 1300 1338 
65 208 215 227 251 407 425 686 812 897 967 1028 1144 1316 
21 39 92 251 294 317 501 739 812 836 893 899 904 926 1365 1419 
134 146 245 294 603 634 648 849 952 958 989 1112 1149 1171 
91 343 570 635 1264 1402 
144 318 321 434 723 771 798 915 956 988 1056 1281 1293 1374 1382 
22 115 130 153 225 301 350 517 
350 355 467 551 552 826 905 1309 1387 
53 75 126 186 370 426 995 1015 1074 1110 1177 1221 1267 
165 235 325 575 576 771 844 885 919 1242 1317 1368 
181 307 324 750 762 864 983 1113 1122 1197 1214 1395 
85 271 344 490 527 557 569 680 739 765 845 898 966 970 1012 1120 1123 1167 1181 1190 1281 1311 
9 15 85 89 300 311 402 1339 
21 300 402 489 863 908 947 964 1038 1387 
21 223 279 436 683 921 954 1071 1075 1182 
45 55 144 348 600 610 696 733 854 1034 1157 1258 
62 349 419 484 543 886 1143 1414 
35 99 157 186 285 388 392 523 705 732 964 1119 1133 1148 1184 1317 
25 228 248 393 473 560 569 612 631 663 701 896 1152 1261 1273 1326 
59 255 384 451 794 942 1069 1159 1202 
42 83 277 378 434 550 742 755 943 1043 1178 1394 1424 
11 36 245 274 372 450 549 552 587 899 996 1192 1400 1426 
134 224 301 655 690 757 866 982 1036 1104 1326 
94 126 216 219 289 351 354 370 390 569 588 596 751 815 933 1006 
6 68 395 426 440 568 612 617 772 1225 1238 1348 1385 
451 660 666 740 1065 1077 1093 1223 1274 
5 65 66 203 433 484 528 771 809 932 1003 1078 1274 1419 
29 89 103 145 212 774 830 992 1014 1091 1123 1178 1354 
119 635 767 868 1205 1307 
22 38 65 206 247 341 975 1018 1149 1261 1371 
97 102 212 560 572 684 883 884 916 963 1135 1411 
344 568 595 606 763 779 847 1109 1402 
28 51 151 161 227 447 502 521 763 789 878 1052 1053 1096 
68 75 86 233 505 619 751 845 1060 1107 1130 1344 
227 295 856 944 1069 1116 1185 1233 
61 386 398 523 958 1130 
60 476 556 827 834 956 1204 1207 1209 1218 
310 398 460 726 815 992 
164 178 232 308 341 504 942 1047 1172 1185 1250 1427 
263 277 294 413 690 695 738 758 787 796 980 990 1000 1045 1108 1162 1304 1362 
18 125 130 257 382 398 472 724 870 920 1147 1193 1243 1249 1373 
88 141 353 382 597 642 669 890 893 905 1003 1072 1215 1306 
226 340 555 961 1216 
76 79 162 333 476 494 635 717 828 920 946 974 1167 1358 1394 
241 309 341 431 470 600 750 767 941 1109 1269 1373 
143 153 161 209 378 428 533 929 1007 1034 1283 1326 1344 
514 716 768 1222 1365 1427 
118 123 320 412 442 621 726 781 886 992 1193 1198 1223 1254 1265 
59 89 624 683 836 876 920 1015 1025 1265 
88 343 365 531 579 587 742 807 933 1157 
20 657 682 700 706 796 979 994 1024 1117 1326 1355 
162 167 192 254 264 349 494 539 581 696 746 763 786 931 1018 1047 1057 1397 1413 1434 
216 410 509 524 660 711 783 826 1183 1252 1434 
224 798 976 1390 
26 193 372 643 932 998 1189 1269 1288 1356 1369 
88 127 147 262 298 308 508 592 615 688 702 780 837 838 866 939 1099 1159 1174 1205 
32 178 202 383 776 1018 
7 36 44 471 555 850 1082 1153 1170 1377 
158 298 326 369 386 436 477 565 641 718 814 1062 1129 1245 1265 1341 
83 146 163 256 502 510 869 964 1016 1130 
327 408 412 477 876 939 946 1018 1054 1203 1377 1388 
301 342 369 662 720 834 938 980 1030 1141 1210 1285 
96 156 263 329 427 815 843 865 902 950 961 1001 1214 1236 1258 1365 
9 53 343 738 777 1012 1131 1137 1157 
25 67 451 512 548 671 735 822 943 1040 1431 
354 441 476 494 533 628 665 891 982 1004 1009 1013 1026 1096 1150 1215 1266 1343 
8 81 93 96 97 232 381 389 426 868 1067 1109 1200 1302 
129 223 633 688 924 1042 1387 
38 84 157 207 284 322 470 625 708 881 1157 1186 1198 1320 
8 38 250 254 343 535 633 926 1182 1216 1247 
213 225 429 637 1057 
183 243 428 556 939 1003 1029 1122 1126 1241 1395 
167 250 378 677 1001 1282 
37 448 640 675 768 781 837 841 885 945 1018 1204 
135 143 175 188 198 255 300 375 428 534 621 665 784 917 949 1040 1165 1176 1353 1424 
172 217 219 289 454 505 636 954 1275 1294 1336 
107 319 607 663 667 809 818 1024 1052 1070 1239 1246 1314 1413 1421 
100 234 401 612 1014 1036 1314 
155 324 348 458 835 1035 1108 1280 
332 1113 1301 1427 1433 
277 308 351 419 463 475 483 704 756 899 1200 1247 1280 1353 
19 294 388 389 484 489 609 637 923 968 998 
13 98 341 479 772 1031 1041 1318 1387 1398 1422 
239 385 393 588 681 697 920 932 975 1030 1102 
62 378 390 424 590 792 862 870 1049 1052 1297 1423 
165 266 279 649 669 689 933 966 1191 1305 1335 
117 279 384 401 410 900 947 1225 1294 
119 246 365 483 617 686 692 800 1017 1027 1057 1286 1327 1407 1423 
123 336 395 445 475 1035 1048 1079 1148 1323 1375 
6 75 142 169 333 723 917 1020 1290 1426 
41 92 220 301 414 573 745 827 884 935 973 1081 1128 1175 1272 1416 
9 209 481 550 567 630 676 692 699 1105 1335 1336 1368 1426 
5 124 190 348 390 714 731 992 1097 1278 1343 
71 79 203 385 660 678 769 793 926 1195 1380 
49 395 455 502 534 613 912 926 933 991 1004 1071 1101 1124 1213 1228 1255 1323 1330 
120 136 209 282 325 772 1041 1114 1155 1220 1292 
260 274 429 450 592 647 883 895 1037 1109 1186 1416 1429 
3 73 162 171 254 606 779 1115 1196 1276 
328 476 661 763 785 866 909 1137 1188 1209 
335 464 472 483 911 985 1029 1037 1127 1133 1367 
166 215 474 985 1247 1317 
66 96 131 318 389 495 613 637 712 717 746 758 803 874 1013 1156 
83 101 217 303 686 766 1083 1096 1197 1332 1404 
270 428 509 637 660 709 958 1160 1244 1285 1288 1314 1391 1393 
27 248 349 460 464 647 700 842 1004 1023 1040 1329 1337 1381 
50 154 282 468 1101 1137 1302 1358 
76 266 344 455 898 1186 1321 
87 179 199 487 564 733 919 945 986 1146 
2 193 499 510 916 1098 1392 
36 122 192 544 747 895 1011 1175 1303 
122 149 197 215 272 315 336 463 843 916 1070 1244 1356 1380 
92 217 466 557 908 934 1100 1147 1243 1414 
8 376 632 635 650 688 691 914 927 953 978 1249 1388 
57 181 182 261 476 512 524 587 702 717 861 1168 1390 
235 375 519 681 894 929 1019 1124 1193 1304 1385 1421 
179 492 508 602 707 795 832 1090 1155 1426 
242 585 929 972 987 1098 1129 1405 
23 166 181 198 387 409 590 610 722 789 897 904 1029 1063 1111 
84 181 238 380 428 469 481 529 598 768 947 967 1047 1163 
6 87 239 296 358 415 442 470 472 581 922 947 994 
3 29 243 392 405 423 605 812 829 884 951 1121 1142 1206 1254 1358 1397 
49 53 370 523 607 672 781 802 847 864 961 1167 1376 
41 259 372 421 595 741 909 967 1095 1142 
9 132 138 147 197 234 301 456 511 630 677 678 735 788 808 824 852 870 877 1301 1303 1379 
149 259 553 978 1183 1299 
182 498 540 677 821 979 1100 1195 1413 
182 261 352 435 557 731 859 912 1041 1106 
316 386 491 565 608 610 704 802 839 
359 389 476 483 537 593 701 824 875 1043 1138 1268 1390 
353 374 481 517 604 659 672 914 1010 1228 1302 
81 103 336 338 389 564 567 710 821 897 1055 1279 1379 
203 220 260 279 427 509 588 735 844 1159 1214 1360 
18 31 165 188 223 309 347 449 534 608 630 634 773 1090 1099 1207 1213 1253 
22 175 177 264 720 798 839 879 936 938 1251 1311 1318 1320 1378 
26 56 469 855 1149 1280 1313 1356 
189 384 490 556 667 724 877 1161 1181 1197 1352 
41 239 423 438 862 1222 1403 1405 
238 273 535 554 579 620 868 1068 1085 1216 
123 147 207 390 493 654 659 807 905 980 1229 1421 
38 163 401 515 874 1303 
37 70 107 150 156 211 484 798 832 978 
32 236 517 604 634 654 659 676 678 931 948 1196 1315 1377 1380 1400 
512 588 597 1075 1310 
44 69 109 199 251 337 571 793 837 918 985 1018 1055 1112 1205 1387 1434 
185 261 326 420 485 666 861 1045 1215 
127 224 289 369 373 398 413 425 435 453 616 618 672 1061 1069 1120 1344 
16 56 84 249 258 291 406 636 703 799 822 1008 1085 
12 281 751 796 837 850 937 1064 1078 1104 1228 1315 
49 97 363 427 459 464 497 664 1047 1058 1259 1396 
112 156 186 438 529 801 937 1036 1120 1208 1359 
83 121 265 403 404 506 674 758 1181 1210 1391 
119 129 784 876 975 1100 1167 1215 1261 1334 
23 36 224 733 793 1044 1114 1341 
206 407 517 945 1079 1126 1148 1196 1241 1249 1379 1395 
124 168 462 603 706 763 859 950 986 1192 
660 672 773 783 992 1031 1304 
77 116 151 257 486 808 908 984 997 1019 1049 1148 1160 1340 
88 156 296 303 479 571 600 620 696 756 818 879 944 961 1243 1394 
164 557 805 949 1070 1112 1344 
199 209 234 343 429 523 538 640 779 906 956 1096 1111 1173 1284 1326 
92 287 300 490 693 963 1032 1253 1346 
2 186 265 287 320 341 465 570 802 1048 1105 1262 1356 1381 1409 
166 449 567 710 745 861 930 933 1050 1162 1168 1359 1395 1433 
76 139 384 459 546 678 873 883 987 1246 1352 
98 170 382 384 405 575 669 885 905 1003 1241 1291 1329 
150 164 379 462 724 827 891 1126 1145 1154 1351 
27 72 176 240 308 633 760 788 807 927 941 944 970 1149 1219 
133 555 723 808 836 863 964 1098 1102 1139 1140 1166 1213 1252 1363 1397 
60 99 105 121 303 372 525 553 655 1073 1317 1381 1402 
128 394 409 487 556 629 746 757 776 794 963 1024 1198 1377 
4 119 203 407 488 606 652 688 700 726 812 964 980 1189 1265 1377 1384 
89 98 189 290 347 511 758 887 1047 1067 1273 1280 1371 1391 1407 
34 110 216 278 311 318 413 417 900 1223 1244 
31 34 293 446 449 754 785 907 916 919 1024 1106 1118 1399 1421 
10 362 428 553 709 1052 1128 
23 62 102 272 343 1043 1127 1146 1262 1300 1403 
85 322 489 541 730 886 1011 1069 1141 1239 1294 
51 255 520 530 532 600 663 726 820 835 986 988 1012 1168 1326 1379 1386 
5 203 317 321 380 459 477 499 590 788 1016 1138 1205 1348 1375 
9 98 123 285 315 446 836 851 1249 1325 
178 237 461 468 517 581 682 689 737 761 970 1052 1267 
31 80 105 429 469 614 826 1208 1276 
244 275 400 439 464 811 878 983 1362 1381 
16 147 175 200 254 268 321 378 395 460 536 815 899 919 1190 1219 1270 1346 
99 276 501 552 801 925 1016 1051 1058 1160 1238 1261 
187 274 431 1081 1131 1143 1342 1349 1379 1407 
19 39 121 126 171 193 288 425 597 654 841 1120 1154 1212 
3 51 77 114 264 316 424 495 518 602 700 729 758 770 793 943 1120 1201 1222 1327 1423 
110 183 260 309 323 599 793 1014 1129 1151 1316 
133 279 320 323 413 522 528 723 823 830 858 1073 1075 1270 1335 
41 139 148 301 523 544 601 603 613 666 687 727 853 929 969 1138 1163 1183 1204 1257 1271 
104 155 194 261 289 362 642 830 954 1150 1205 
119 490 561 588 695 819 829 883 943 1118 1304 1306 
113 304 481 572 913 1060 1128 1331 
15 300 330 619 904 993 1064 1210 1248 1258 1277 1321 1336 
366 387 467 471 600 633 781 790 801 863 944 970 1041 1106 1109 1267 1380 
333 343 357 525 573 805 844 871 922 956 982 1087 1119 1298 1326 1417 1423 
100 115 396 406 433 458 797 817 1018 1144 1195 1303 
26 85 338 482 573 605 623 835 1141 1386 
1 372 701 884 939 971 1172 1232 1415 
29 108 499 688 707 839 1010 
32 45 77 90 177 260 360 525 631 807 1118 1139 
9 32 48 211 270 282 287 765 859 877 1048 1068 
46 113 257 363 408 463 526 858 1054 1323 1388 1402 1407 1418 
133 138 255 524 563 582 649 680 694 810 968 1002 1016 1021 1192 1312 1418 
217 253 504 547 603 859 
63 110 128 395 399 598 615 717 852 972 1008 1084 1194 1329 
80 136 539 766 768 869 1056 1109 1137 
56 195 320 381 444 584 674 696 729 785 1088 1269 1390 1401 1418 
177 197 221 252 626 992 1115 1399 
165 306 328 871 909 949 1071 1143 1303 
52 235 396 467 508 574 591 729 734 899 1269 
129 360 468 533 552 647 721 1027 1264 1290 1408 
24 218 232 384 417 680 884 1120 1177 1230 1303 1389 
8 205 370 440 748 758 914 964 996 1074 1104 1168 1255 1256 
39 168 230 290 376 443 473 565 703 815 869 883 938 1066 1115 1130 1167 1339 
66 373 503 800 925 1193 1378 
69 302 441 674 722 860 936 1010 1216 1324 1330 1362 1423 
333 366 396 470 599 900 956 1389 
155 354 368 387 542 655 991 1152 1204 1213 1236 1380 
72 80 133 213 655 760 846 882 1112 1297 
49 163 253 258 694 751 759 831 1008 1264 1270 1359 
15 106 129 484 927 932 1043 1062 
117 155 349 373 450 602 645 686 1027 1267 1414 
46 100 194 252 500 565 590 630 695 961 1166 1235 1257 1415 
243 517 576 733 859 875 973 980 1277 
106 115 261 279 429 785 807 822 842 863 891 1249 1298 1394 
142 194 369 411 563 624 664 704 741 761 943 1195 1215 1259 1288 1367 1381 1389 
52 88 191 420 428 683 714 752 782 889 964 1088 1103 1209 1296 
242 301 364 694 714 770 967 1022 1267 1359 
237 464 565 654 736 792 865 953 1005 1077 1143 
239 596 769 891 970 1321 
105 401 419 556 804 891 936 941 987 991 
244 326 387 457 607 936 1021 1049 1059 1313 1355 
61 182 355 627 635 711 1192 1235 1270 
120 193 345 371 578 638 677 747 851 1051 1434 
4 368 725 920 1007 1123 
763 964 1136 1243 1297 1372 
59 87 747 871 903 1038 1244 
411 497 544 784 974 1107 1157 1187 1253 1256 1372 
446 496 531 622 803 993 1000 1067 1169 1209 1412 
97 212 230 276 581 636 658 730 741 790 904 1159 
13 250 356 397 451 554 586 655 661 715 817 928 1046 1078 1150 1180 1279 
120 265 456 528 836 861 934 1050 1094 1106 1322 1365 
63 97 168 403 424 427 434 507 963 1055 1088 1267 
124 156 274 480 507 518 632 704 1000 1021 1122 1235 1420 
47 184 205 261 352 373 549 677 695 731 740 1396 
389 485 514 572 657 680 795 1019 1033 1323 1334 
52 388 536 645 659 792 1140 1283 1358 
252 311 341 503 771 776 914 972 
140 177 187 655 921 1013 
260 283 318 418 529 541 607 683 791 834 845 951 989 1026 1143 1172 1210 1413 
36 63 246 267 400 503 552 659 713 940 981 1008 1096 1131 1144 
39 176 186 310 852 1073 1255 1262 1268 1400 
258 311 330 357 754 989 1085 1296 
238 291 774 1102 1134 1289 1399 1426 
76 81 248 596 606 631 697 989 1051 1181 1193 1223 
195 516 537 717 718 891 1014 1103 1147 1204 1244 1308 1366 
517 670 726 
34 393 557 568 634 670 684 779 1139 1224 1347 
72 198 248 408 436 479 550 696 812 844 1047 1085 1120 1172 1214 
137 195 409 450 676 748 803 841 897 963 1015 1084 1213 1216 1399 
8 104 203 219 232 695 918 994 1018 1097 1104 1180 1246 1305 
31 116 166 474 869 942 995 1022 1090 1170 1214 1247 1349 1367 
68 125 128 228 416 417 428 475 559 718 726 736 1250 1293 1356 
230 245 342 386 654 702 904 989 1319 
277 522 804 948 1119 1136 
333 502 629 742 861 909 911 1048 1230 1238 1396 1399 
82 174 469 728 731 807 820 927 961 1393 
14 21 86 116 322 362 437 548 624 631 632 999 1089 1140 1329 1331 
70 106 230 254 346 548 550 699 782 978 1000 1125 1209 1236 
6 106 108 140 192 198 273 291 374 572 728 765 771 1212 1315 
80 84 207 361 487 521 575 752 977 1039 1243 
12 35 119 267 312 404 671 815 831 935 1391 
103 693 819 1382 
96 175 408 435 486 494 596 599 686 709 770 777 820 1047 1082 1100 1295 1423 
246 377 695 758 828 909 1091 1236 1404 
54 131 284 392 520 532 689 690 850 932 951 1166 1220 1419 
51 52 108 123 412 762 876 1281 
8 315 472 511 608 876 895 1152 1292 
19 129 199 704 987 1320 
89 940 1368 
45 264 327 424 437 552 953 1177 1187 1198 
25 74 148 170 634 1015 1172 1223 1229 1366 1392 1396 
190 340 341 439 732 919 
258 316 389 406 860 977 1137 1220 1284 1412 
13 103 402 556 715 784 881 936 1029 1129 1282 
13 148 165 559 569 671 831 912 
89 193 436 449 634 873 911 919 1024 1106 1117 1387 
51 95 266 337 373 443 459 694 788 789 962 1255 1374 1427 
64 70 201 251 478 550 665 670 707 993 1064 1110 1190 1225 1277 1309 
97 361 469 589 593 649 1056 1063 1125 1191 1210 1371 
142 452 476 513 546 771 841 1011 
53 155 279 293 372 525 536 642 696 1029 1116 1215 1290 
76 292 318 340 405 469 475 659 906 1022 1033 1053 1216 
43 162 525 687 854 1147 
233 305 360 423 450 531 842 893 993 1065 1106 1132 1179 1250 
44 155 258 268 364 712 991 1217 1249 1254 1322 
136 247 263 558 687 836 866 920 1086 1259 
156 238 453 497 501 1005 1120 1279 
200 212 407 523 547 564 792 846 1085 1113 1192 1331 
437 871 900 914 946 1000 1073 1250 
104 166 188 336 528 570 723 767 1047 1167 1206 1242 1269 1316 
444 475 734 739 895 1167 1192 1283 1356 
249 308 325 457 465 527 594 721 735 848 936 1143 1177 1357 
52 168 254 267 517 661 718 742 968 1015 1147 1320 
284 360 576 708 721 891 908 1101 1180 1251 1370 1426 
245 599 747 1326 
129 224 299 551 601 687 971 982 1104 1137 1344 1383 
96 113 135 335 389 390 715 843 933 1114 1128 1206 1350 1358 1415 
54 84 120 428 486 680 820 856 874 1401 1416 
739 918 957 1165 1174 
30 74 119 185 388 473 544 584 695 865 1000 1001 1011 1123 1401 
91 625 857 911 1018 1332 
55 405 534 588 779 796 836 881 961 1133 1148 1176 1182 1197 1298 
2 3 166 241 383 576 609 658 1081 1206 1274 1298 
8 535 636 661 870 883 997 1007 1161 1164 1255 1339 1355 
235 624 836 874 1136 1142 1174 1187 1279 1346 
249 298 519 526 616 729 735 884 1143 1281 
6 112 185 364 643 695 833 896 1043 1283 
360 478 585 621 696 971 1124 1322 1370 
136 228 234 436 615 645 978 979 1268 1276 1421 1425 
21 57 187 353 757 798 1028 1296 1301 
211 277 303 370 405 430 539 667 738 784 821 865 1050 1134 1274 1325 1399 
16 136 350 432 691 727 743 773 1147 1178 1243 
19 92 146 387 443 592 793 906 1045 1303 
215 291 495 557 587 622 625 712 866 1083 1195 1252 1270 1398 1425 
225 266 305 500 557 918 1031 1033 1087 1124 1324 1326 1346 
66 68 722 798 937 958 964 1231 1271 1306 
223 228 377 612 620 801 846 1025 1239 
259 449 612 664 892 943 998 1201 1256 1272 1301 1355 
187 395 427 633 792 868 898 906 914 1112 1238 1381 1391 
95 403 465 496 558 567 762 870 1014 1056 1388 
18 117 156 222 590 677 824 913 1040 1392 1428 
10 188 305 361 385 505 651 725 1400 
1 223 303 416 778 930 1007 1056 1180 1376 
580 598 614 727 948 1208 
26 186 230 285 535 565 699 760 834 871 887 930 1042 1165 1246 1294 1346 
92 254 393 422 468 511 675 679 788 797 886 952 1117 1362 1393 
15 53 117 145 153 196 274 283 304 525 680 854 856 1048 1232 1314 
56 309 514 816 906 958 1217 
87 227 259 309 430 480 587 748 901 1028 1039 1129 1290 
294 670 861 1228 
17 286 400 528 623 799 802 921 1181 1207 1275 1411 
8 501 650 758 818 931 1037 1173 1190 1354 
125 261 370 426 433 464 718 736 948 1149 1179 1267 1268 
42 113 173 201 395 440 475 517 554 717 813 926 940 1077 
62 188 371 524 532 568 651 664 806 896 948 953 1128 
29 66 153 159 472 548 586 595 653 854 1032 1076 1275 1283 1430 
47 230 641 706 751 798 1019 1058 1082 1376 1389 1399 
380 676 684 700 750 851 1062 1076 1092 1150 1163 1166 1278 1430 
39 217 262 355 527 552 612 632 680 720 883 884 918 992 1067 1108 1145 1403 
30 439 715 878 879 1038 1215 1310 
23 37 239 525 994 1145 1281 1327 1403 
2 10 89 181 286 313 491 643 848 852 981 1367 
20 93 232 268 337 414 494 581 703 777 796 888 922 1210 
46 133 184 750 848 876 960 1243 1324 
11 117 193 266 323 336 518 884 1095 1305 
136 212 283 505 555 725 760 859 964 1086 
1 25 102 276 549 1157 1397 
69 119 280 284 525 540 635 811 881 1087 1186 1359 1389 
45 105 381 450 478 618 674 1029 1030 1056 1292 
128 158 222 251 318 350 362 365 469 652 723 855 1094 1100 1224 
2 53 57 73 162 185 371 386 392 555 614 818 834 876 949 954 1141 1255 1358 1412 
27 46 315 447 687 800 962 970 1053 1121 
69 73 106 199 398 525 838 1035 1086 1362 
23 49 195 335 340 715 762 877 1218 
116 262 280 359 388 734 735 815 1021 1086 1233 1258 1428 
527 578 607 903 931 1059 1147 1184 1376 
249 351 692 758 1196 1250 1273 1342 1348 
293 387 753 833 877 905 919 946 1041 1047 1156 1200 
68 100 171 338 390 599 611 1170 1280 1309 1360 
150 259 266 413 536 568 620 764 1132 1276 
3 149 412 596 874 971 975 998 1003 1112 1130 1149 1260 1280 1411 
12 132 153 175 668 876 1040 1140 1306 1397 1432 
98 195 265 270 492 644 733 744 857 859 917 1384 
246 662 675 909 1057 1117 1159 1222 1352 
124 356 440 478 608 725 798 838 920 1047 1170 1340 
126 390 398 554 788 809 823 842 922 1146 1222 1253 
265 271 291 362 399 530 1055 1266 1419 
36 263 536 1334 1397 
202 306 389 600 766 827 928 1104 1200 1333 
128 224 335 370 395 536 573 606 613 625 1038 1044 1142 
4 289 351 400 416 440 454 548 609 644 685 1028 1044 1147 1358 1409 
57 438 564 675 1057 1382 
155 167 174 212 236 283 337 456 602 704 737 741 793 953 
63 261 715 716 889 907 965 1168 1269 
31 73 81 287 303 495 752 807 821 920 1109 1330 1397 
170 177 212 295 391 433 527 801 803 1011 1105 1386 1390 
35 132 259 359 720 767 1138 1322 1360 
68 362 405 539 754 815 919 1018 1045 1429 
33 193 269 315 389 614 764 772 782 845 892 907 986 998 1098 1111 1261 
24 230 297 314 324 392 719 733 803 951 
168 282 319 473 479 587 661 675 750 864 897 1113 1136 1270 1280 1290 1352 1428 
102 131 145 277 415 447 586 669 845 1212 1398 1424 
91 195 218 293 531 716 739 852 977 1131 1322 1394 1434 
55 117 370 432 546 572 574 587 678 693 868 906 938 1138 1216 
133 235 403 512 851 869 1262 1396 
1 41 207 252 287 394 492 636 742 889 929 1118 1397 
99 209 277 330 510 532 550 708 791 803 1088 1116 1329 1346 1379 1425 
32 128 557 644 802 813 865 895 1027 1033 1357 
117 128 376 810 980 1297 1386 
160 174 407 512 594 605 718 797 926 1003 1186 1269 1283 
182 305 438 491 543 596 755 784 939 1007 1063 1087 1114 1217 1256 
270 308 728 1257 1353 1427 
83 107 212 230 333 486 685 711 768 996 1058 1073 1201 1262 1316 1336 
84 301 309 319 324 413 523 710 721 749 825 878 1102 1115 1174 1182 1313 
259 373 406 667 691 692 1084 1324 1342 
26 236 252 303 355 360 565 569 591 667 747 839 894 
214 219 327 382 453 492 655 656 992 1135 1170 1291 1318 
15 364 393 430 443 493 520 533 541 542 843 1120 1368 
313 443 497 684 909 
60 303 308 450 927 955 999 1015 1196 1395 
35 76 209 211 232 249 739 1210 1236 
69 233 614 642 672 728 787 861 900 1052 1180 1216 1307 1422 
4 176 180 203 305 334 831 962 1044 1234 1363 1428 
170 195 233 342 549 566 568 584 793 1007 
223 429 565 1259 1273 
243 332 431 643 678 714 807 924 932 982 1124 1244 
354 377 591 673 769 1190 1192 1379 
119 208 236 398 430 514 574 638 650 680 802 895 905 993 997 
212 235 304 404 434 461 596 671 724 853 958 1242 
35 182 305 396 648 768 868 1041 1131 1417 
38 163 180 302 368 447 448 492 493 509 535 538 551 638 696 925 1074 1288 1302 1321 
212 253 391 496 535 566 1010 1013 1094 1122 1123 1386 
21 110 129 471 479 594 704 739 932 1086 1169 
24 330 428 447 452 521 773 945 1076 1083 1106 1130 1138 1352 1372 1432 
39 128 146 265 521 588 641 764 1046 1063 1094 1148 1172 
95 366 404 432 493 650 850 1057 1114 1121 1135 1180 1284 1388 
243 275 484 617 720 958 1227 1337 
313 449 463 512 800 1261 
114 118 155 229 361 387 476 806 886 941 1123 1328 
852 868 871 899 977 1067 1400 
20 272 296 677 736 786 814 914 916 1130 1151 1341 1354 1377 
488 774 815 860 861 944 960 966 1020 1035 1096 1241 
21 274 351 722 742 791 1013 1065 1156 1285 1381 1398 
99 162 203 259 372 458 577 627 681 907 951 1166 1171 1180 1302 1313 
144 170 177 191 717 949 1006 1066 1081 1161 1341 
21 117 125 187 531 665 690 702 738 770 1056 1103 1124 1226 1284 
60 291 373 404 431 556 612 639 738 797 837 949 1061 1236 1286 
176 552 656 822 948 1056 1221 1291 
230 309 426 599 642 644 801 805 821 824 831 886 973 996 1110 1179 1348 1420 
97 163 488 573 614 816 838 963 1024 1106 1115 1365 
56 88 204 364 394 537 606 617 768 904 1101 1199 1220 1236 1350 1400 1422 
161 175 194 318 410 525 694 715 793 1004 1073 1120 1312 1327 1333 1340 1351 
10 267 283 385 451 530 565 679 749 798 902 913 1035 1279 1347 1388 
128 289 381 589 610 613 668 1126 1162 1208 1214 1220 1276 1302 
178 262 305 516 524 533 690 815 929 974 1094 1206 1287 1385 1396 
98 162 183 658 713 768 827 1161 1263 1265 
377 406 511 513 827 957 984 1121 1156 1410 
93 464 661 835 1089 1128 1304 1306 
338 399 482 897 1055 1229 
401 780 875 1069 1089 
39 54 166 260 381 442 526 723 757 809 1432 
26 50 112 236 278 318 408 413 433 471 505 514 616 655 740 824 863 1040 1124 1138 1156 
86 150 184 206 267 460 488 513 801 854 1165 
19 272 369 393 454 495 635 848 909 940 1114 1336 
26 360 372 496 497 520 598 605 711 721 729 843 1402 
395 538 670 742 983 1296 1326 
146 320 338 353 470 521 570 670 700 767 841 857 882 1193 1238 1316 1425 
128 146 177 239 357 375 533 770 858 1004 1029 1078 1204 
90 175 327 406 440 601 662 836 845 969 1064 1176 1430 
10 48 262 327 356 361 434 751 862 1152 1177 1262 1433 
27 135 163 229 230 260 336 569 1043 1049 1263 
35 66 222 387 414 458 459 614 743 938 1149 1375 
86 292 419 515 517 527 530 679 694 750 1156 1157 1161 
58 210 264 307 335 376 574 600 754 784 803 820 839 852 955 979 1230 1332 
53 97 229 360 597 768 1198 1394 
70 110 178 234 564 676 699 715 1029 1067 1091 1126 1274 1426 1428 
192 298 447 454 496 638 662 1035 1367 1396 
130 188 346 383 527 917 1037 1040 1140 1149 1170 1228 
81 104 158 276 389 489 551 585 662 665 791 857 933 973 1027 1347 
88 163 181 202 438 544 603 746 821 1274 1279 1352 1412 
291 461 519 767 916 974 1042 1044 1068 1208 1259 1421 1428 
66 416 694 801 921 991 999 1032 1242 1357 
247 514 645 810 1286 1320 1346 1368 1421 1426 1432 
77 103 187 239 334 433 445 470 854 934 1049 1343 
172 237 403 529 566 931 951 1301 1303 1414 
45 96 202 331 338 340 411 466 565 625 686 691 706 870 905 917 1017 
164 324 847 888 1327 1379 1406 1428 
203 446 455 712 798 905 936 937 1032 1115 1415 
139 150 242 321 388 398 517 652 1004 1005 1096 1188 1348 
