1452 8244
113 127 265 458 
85 116 147 437 489 498 510 545 893 1130 1147 1286 1297 1317 
104 227 231 300 407 410 600 845 932 998 1314 1335 
359 384 493 495 1389 
47 79 114 126 370 799 907 1030 1181 1251 
54 172 346 498 568 690 757 1128 1132 1162 1167 1204 1218 
42 282 453 791 920 1087 1400 1452 
30 74 103 134 788 833 836 946 1047 1250 1417 
181 321 492 694 783 836 907 987 1128 1337 1398 
110 129 184 196 286 303 371 401 409 595 686 739 851 1024 1046 1412 
19 28 322 1198 1437 
139 222 255 260 966 1444 
37 109 230 293 316 335 661 804 947 1413 1420 
47 105 120 158 317 482 595 840 871 972 1157 1277 1405 
94 150 233 409 446 457 496 625 836 892 904 946 1071 1076 1292 1411 1421 1431 
124 222 677 714 733 865 1056 1427 
267 272 287 384 640 698 741 874 1001 1020 1195 1247 1365 
200 244 283 641 964 1128 1180 1185 1198 1258 1310 
11 34 200 229 608 995 1000 1011 1046 1314 
30 53 103 130 210 274 303 424 793 845 1024 1158 1161 1280 1328 1332 1398 
141 308 426 492 550 696 764 807 946 1209 1228 1275 1282 
126 550 708 726 734 860 899 947 991 1019 1034 1096 1229 1294 1420 
294 374 595 648 673 831 978 1196 
150 345 692 920 1206 1220 
46 322 697 726 828 1115 1269 1323 1373 
70 301 358 391 647 819 1052 1077 1422 1447 
243 303 314 745 781 791 809 1322 
11 402 435 466 572 589 623 860 1012 1058 
33 44 52 605 665 848 1016 1023 1144 1199 1217 1384 
8 20 64 424 566 878 879 1316 1319 
48 100 145 229 376 401 437 488 548 591 697 1028 1142 1156 1170 1336 
123 179 452 554 634 817 999 1013 1044 1048 1129 1417 
29 127 246 385 457 566 838 1009 1141 1350 1418 
19 207 427 479 549 618 651 652 702 722 930 956 1017 1055 1171 1178 1183 1237 1291 
349 378 411 448 563 582 644 983 1043 1229 
233 253 672 724 951 1097 1341 1358 
13 64 121 172 295 405 428 820 1040 1072 1169 1351 1395 
248 372 549 797 862 984 1006 1116 1319 1339 1349 1424 
125 248 648 680 718 879 943 1138 1445 
95 301 438 542 591 597 602 753 1317 
73 346 383 424 603 974 1015 1160 1173 1270 1304 
7 97 109 158 275 479 518 542 662 676 802 832 842 968 1034 
357 646 688 820 847 989 1076 1167 1254 1278 1452 
29 104 251 480 523 619 930 962 1105 1180 1313 1397 1412 
114 229 238 311 692 759 1243 1277 
25 73 87 261 273 847 854 1167 1249 1437 
5 14 175 206 217 291 612 620 778 795 912 921 945 1112 1138 1278 1312 1321 1327 
31 154 685 734 774 1124 1231 1267 1450 
279 307 376 404 484 614 797 885 1129 1172 
150 248 298 322 479 633 1009 1255 1277 1362 
171 173 203 275 627 908 957 1157 1302 1353 1359 
29 281 462 491 532 598 709 722 764 1201 1404 
20 82 144 176 457 719 826 929 1089 1359 1369 
6 56 147 423 451 555 632 658 948 1018 1022 1158 1198 1357 
77 151 292 483 712 867 1117 1129 1170 1295 1401 
54 727 772 1196 1292 1316 
79 113 191 316 343 609 623 689 727 757 770 820 839 939 1017 1081 1126 1331 1387 
366 382 479 488 738 1024 1321 1334 
83 157 164 620 709 714 872 880 1346 1386 
76 95 248 571 640 1418 
120 359 375 413 598 632 903 943 1039 1183 1190 1352 1365 
242 372 383 394 643 1237 1297 1371 1435 
69 70 179 276 469 470 520 723 891 1151 
30 37 112 308 334 501 530 1039 1102 1162 1382 1415 1424 
121 168 205 223 372 430 567 638 700 873 875 1060 1309 1341 1416 
142 200 285 300 422 1161 1369 1405 
109 119 136 268 571 737 961 1100 1117 1202 
251 426 442 506 550 604 638 940 1189 1274 
63 180 241 663 733 1355 1358 
26 63 306 477 907 947 1012 1024 1117 1234 1285 1308 1330 
78 131 288 466 723 930 1380 1384 
81 109 137 511 530 683 930 1151 1155 1226 1252 
41 46 148 438 614 629 722 1094 1169 1211 1294 1423 
8 555 743 830 912 935 981 1017 1059 1275 1360 
85 739 794 797 1109 1130 1261 1329 1426 
60 270 402 482 622 650 804 975 1205 1287 
55 103 282 352 402 430 461 1045 1188 1303 1337 
71 194 236 278 329 342 415 425 479 641 642 706 738 875 970 1131 1285 
5 57 318 391 495 610 782 1186 1353 
321 448 566 575 607 622 623 1271 
72 105 328 371 538 549 876 926 936 999 1076 1114 
53 114 313 326 336 544 914 942 1109 1142 1181 1439 
59 161 495 592 713 837 1404 
194 221 257 259 748 872 892 901 1003 1114 
2 75 103 248 428 453 477 683 739 743 1052 1087 1137 1365 
107 110 347 590 600 823 963 1066 1192 1259 1269 1424 
46 210 367 455 548 859 1156 1231 1238 1312 1349 1438 1445 
129 197 306 465 529 532 637 669 836 905 923 1013 1019 1317 1445 
339 464 649 994 1009 1272 1314 
129 139 244 259 278 441 662 763 1047 1053 1084 1129 1173 1185 1195 1354 1401 
236 240 350 444 762 791 1219 1279 
160 403 432 542 729 779 847 972 1011 1219 
168 176 356 388 698 803 862 892 912 1129 1325 1384 
15 124 125 219 306 338 359 378 420 453 585 849 947 1018 1284 1288 
40 60 105 301 371 402 672 698 1234 1242 1334 1365 1429 
144 221 585 747 969 1206 1304 1307 1403 
42 387 704 752 793 826 1078 1184 1272 1278 
425 797 845 1082 1134 1249 1435 
171 365 402 406 675 761 772 822 1040 1215 1402 
31 132 876 977 1004 1090 1349 1357 
277 403 634 642 749 986 1006 
201 378 572 600 985 1025 1362 
8 20 77 85 392 528 701 772 894 976 1107 1132 1206 1249 1347 
3 44 148 177 239 294 326 468 490 519 716 735 750 935 1093 1121 1160 1423 
14 81 95 158 208 271 274 275 300 323 405 863 1051 1310 
228 314 425 430 492 781 795 1037 1165 1203 1439 1448 
86 148 213 244 357 378 712 716 826 912 1071 1101 1125 1205 1426 
169 366 370 483 503 653 697 1209 1223 1390 1420 1424 
13 42 67 72 161 202 358 458 599 681 883 936 990 1115 
10 86 113 223 240 381 385 423 487 501 657 947 1071 1235 1315 1396 
136 255 297 432 453 792 869 1221 1224 1376 
64 247 404 518 908 1110 1275 1308 1353 
1 57 110 238 623 692 821 916 943 1089 1161 1369 
5 45 82 122 312 452 536 550 730 968 979 995 1005 1207 
159 237 301 471 889 936 
2 146 229 564 744 815 829 889 1004 
187 332 406 451 452 525 686 800 942 952 1016 1047 1065 1139 1280 
136 261 977 1072 1168 1426 
67 320 323 355 365 372 387 604 844 944 1037 1086 1141 1176 1381 
14 61 129 158 378 396 528 660 884 1096 1116 1314 1403 
37 65 242 463 512 586 844 902 975 985 1091 1115 1169 1180 
114 215 264 354 629 712 838 1061 1125 1137 1230 1409 
32 349 658 864 870 1154 1184 1425 1445 
16 94 448 496 620 695 734 799 885 1003 1040 1098 1333 1415 
39 94 157 173 216 567 814 1087 1261 
5 22 535 802 903 910 938 
1 33 159 244 363 534 536 567 646 676 761 772 799 1217 
343 439 
10 88 90 120 190 386 734 778 802 907 928 1245 1274 1315 1381 
20 320 472 663 678 708 799 842 1188 1392 1406 
71 289 418 642 759 787 942 1027 1230 1231 
100 402 438 503 613 746 785 920 954 1068 1168 1186 1203 1275 
147 408 484 584 670 1032 1162 
8 256 289 694 1181 1248 1317 
229 304 343 414 415 564 591 607 644 782 1102 1135 1175 1242 1249 1269 1307 1393 
67 111 118 725 842 1001 1107 1250 1328 1420 
72 269 364 589 668 751 1053 1089 1424 
152 368 381 422 585 754 924 1242 1251 1293 1335 1339 1452 
12 90 235 290 296 406 578 682 
299 315 382 441 634 748 1002 1028 1160 1231 1232 1261 1325 1399 
21 161 178 300 503 616 1290 1436 
66 181 302 343 507 520 760 1002 1264 
302 438 637 673 787 847 878 1351 
53 96 147 218 315 377 403 519 770 848 1043 1045 1185 1448 
31 227 433 453 626 778 779 876 880 1132 1183 1187 1416 
116 315 346 930 1053 1088 1349 1409 
2 54 133 144 287 299 361 465 577 644 698 1127 1150 1195 1317 1389 
73 104 107 358 373 570 585 590 835 894 1108 1153 1155 1188 1255 1268 
227 265 465 505 647 698 1066 1069 1375 1419 1443 
15 24 50 164 295 624 633 778 805 819 904 945 983 1092 
55 256 357 638 720 798 868 977 1046 1097 1158 
138 342 666 954 1063 1102 1156 1185 1381 1384 
195 279 282 284 566 737 752 975 1281 1301 1417 
48 612 1010 1144 1248 1382 
277 435 497 504 683 911 923 925 1082 1238 1369 
723 821 831 932 1221 1429 
59 125 172 207 474 695 728 797 1132 
14 42 105 120 354 376 429 475 619 871 996 1065 1435 
115 127 220 278 513 1138 1273 
92 239 344 710 797 804 1410 1451 
83 109 141 263 279 378 1126 1132 1403 
179 225 402 455 580 587 746 819 913 923 954 971 1028 1216 
216 292 355 390 515 539 925 1001 1022 1111 1195 1272 1419 
59 150 196 438 882 1285 1297 1417 
340 423 473 498 652 788 833 939 
197 228 235 1009 1013 1122 1142 1261 1282 1434 1439 
254 262 370 402 726 742 840 1167 1294 1374 
65 93 448 487 499 677 709 849 948 1388 
108 192 273 328 340 486 621 652 667 670 676 726 730 858 1197 1251 1254 
292 329 377 443 502 539 544 638 666 742 777 797 920 1062 1082 1218 1270 1334 
51 99 381 732 838 973 1070 1117 
6 37 157 284 303 445 548 611 642 673 794 811 849 914 996 1034 1049 1246 1408 
51 125 240 331 392 436 532 590 600 607 877 984 1111 1283 
425 519 555 654 892 984 1175 1350 
47 203 251 299 327 603 805 1063 1307 
53 93 386 496 507 613 731 761 827 1050 1232 1415 1444 
104 207 209 556 851 881 966 1112 1184 1286 
141 338 694 773 925 994 1009 1018 1188 1390 
32 63 162 294 319 993 1054 1074 1139 1205 
69 539 695 810 818 915 950 1012 1022 1028 1078 1091 1179 
9 142 182 337 513 921 993 1059 1079 1091 1301 1449 
181 875 952 1167 
208 215 623 824 857 923 937 1260 1447 
10 349 486 783 1088 1260 
241 365 552 624 629 716 826 955 1163 1208 1250 1293 1302 1314 
211 285 410 411 435 444 554 577 739 897 977 1081 1116 
117 202 249 484 609 772 1391 
372 456 481 573 963 1259 
209 560 664 994 1128 1363 1393 
129 239 400 495 562 800 839 994 1296 1360 
57 231 441 791 920 931 975 1037 1118 1121 1282 
169 232 440 485 1311 
265 282 518 563 641 792 798 848 1186 
78 84 221 288 291 363 454 512 601 708 715 729 751 854 954 988 1366 1375 
153 351 466 583 976 990 993 1179 1204 1319 1418 
10 164 272 429 444 671 681 795 800 892 936 1013 1079 
88 166 271 451 465 545 801 941 1017 1177 1441 
294 331 363 405 442 492 551 579 645 693 725 796 915 1091 1131 1194 1370 
356 360 363 451 514 657 748 777 801 939 974 1030 1141 1231 1298 
18 19 66 288 363 424 483 877 949 973 1089 1221 1254 1358 
102 322 405 435 444 659 1064 1091 
109 187 261 517 613 805 1004 1205 1343 1442 
51 175 259 332 380 811 868 912 1089 1428 
363 799 949 1347 1440 
65 264 270 409 411 642 827 1012 1075 1090 1095 1265 1315 1344 1393 1406 1411 1450 
47 284 286 319 708 803 1168 1414 1415 
34 157 177 436 455 725 1305 
105 183 324 533 604 827 917 941 1042 1137 1395 1406 
177 189 311 379 398 401 596 725 731 1082 1212 1221 1231 1403 
20 87 272 369 529 582 635 853 956 1022 1090 1294 1380 1391 
186 216 249 334 404 413 715 1136 1177 1423 
228 394 460 472 623 630 649 812 943 1203 
107 325 498 939 1041 
383 487 707 950 1124 1171 1188 1213 1224 1369 
122 183 372 416 424 577 865 992 1047 1075 1356 
125 163 211 400 480 684 847 881 899 1403 
47 299 392 457 827 952 1027 1040 1106 1204 1246 1390 
144 398 404 506 531 608 668 767 826 834 852 916 1429 
94 266 413 502 541 648 960 1039 1110 1346 1422 
159 265 276 374 532 598 664 797 1020 1048 1087 1128 1188 1200 
84 96 194 740 813 1110 1134 1250 1263 1425 
12 16 467 581 693 719 755 1089 1369 1425 
65 110 294 367 398 451 678 732 950 1040 1042 1110 1157 1421 
343 424 818 1335 
162 627 853 1178 1272 1424 1442 
570 734 774 915 1186 1189 1190 1256 1300 1428 1447 
3 145 149 1104 1111 1256 1327 1360 
106 166 212 384 390 688 1060 1405 
19 31 45 116 135 367 549 584 846 876 1046 1151 1312 1361 1401 
13 282 419 445 665 727 776 860 1030 1053 1074 1222 
3 191 280 281 308 428 429 721 766 937 995 1106 1145 1199 1217 1220 1288 
192 392 404 587 710 916 1079 1195 1265 1301 
15 36 384 536 597 897 1227 
295 349 368 527 578 607 716 955 1152 1212 1302 1342 
139 166 447 687 707 1135 1242 
78 91 434 492 515 763 803 854 876 890 1084 1107 1154 1162 1227 1273 1319 1385 1409 
115 424 466 487 731 918 1067 1222 
45 113 290 397 445 670 872 1030 1090 1243 1316 1396 
104 160 190 271 301 339 426 588 710 827 904 974 1005 1199 1212 1224 1306 1406 
91 110 173 456 543 608 691 801 839 891 923 961 988 1228 1327 1437 
69 185 413 434 827 1265 1324 1336 1350 
62 121 249 291 600 758 783 1193 1283 1423 1432 1448 
27 321 410 620 695 939 1139 1152 1173 1216 1308 1408 
18 90 107 127 413 425 440 747 907 1189 
492 554 629 890 1079 1206 
33 295 309 371 739 803 816 911 1152 
112 436 478 501 586 598 635 741 829 1012 1014 1046 1067 1374 1379 1398 1444 
38 39 50 60 85 251 619 831 963 989 1136 1369 1410 1441 1450 
187 211 242 306 468 473 545 612 834 1070 1075 1081 1089 1407 
269 542 568 618 660 718 756 
44 68 175 248 307 332 475 863 881 1009 1179 1202 1378 
380 457 480 683 786 835 909 990 1159 1288 
36 255 333 355 576 665 726 850 1146 1259 1388 
167 355 525 767 862 918 920 
12 111 253 646 787 885 1043 1196 1197 1246 1377 
134 151 390 455 683 723 754 790 866 892 1113 1135 1266 1394 
84 290 312 476 592 794 808 857 922 1236 1404 
424 496 518 631 662 724 816 889 1061 1080 1121 1226 
84 90 203 324 469 1127 1234 
12 428 608 620 1011 1019 1114 
46 118 202 263 336 447 603 694 772 1231 1350 1365 
167 336 347 433 452 551 805 999 1068 
161 261 275 437 513 580 596 626 661 672 730 
122 205 400 633 649 726 734 885 1059 1109 1150 1404 
1 149 193 220 282 420 454 456 783 828 898 965 1035 
219 323 341 495 872 999 1085 1276 1362 
17 273 700 787 919 956 1037 1075 1227 
67 334 338 454 472 651 791 796 860 925 1103 1159 1208 1274 1431 
137 250 411 585 664 1244 
76 205 289 633 845 846 861 979 1354 
105 197 239 446 639 662 664 682 704 1220 1385 1389 
17 196 210 662 668 1319 1357 
46 169 267 331 414 421 575 661 795 888 890 972 985 1003 1347 1366 1422 
20 105 520 538 582 743 831 994 1003 1182 1275 1356 1403 
42 51 105 263 561 798 866 989 1227 
63 220 291 583 621 757 1002 1355 
101 155 281 552 610 628 659 662 710 1190 
78 90 159 379 427 498 506 521 805 855 993 1217 1242 1324 1396 
49 153 161 410 426 551 732 1180 1222 
231 437 448 598 685 732 818 869 1068 1118 1191 
52 231 277 430 591 843 1092 1253 1259 1360 
7 77 153 193 230 265 330 883 1011 1197 1215 
18 286 320 378 494 559 687 778 858 896 1024 1224 1264 1336 
153 172 206 342 623 768 1080 1103 1148 1274 1393 
66 186 339 457 543 547 553 673 885 920 1056 1076 1437 
10 206 283 477 528 671 763 768 811 922 943 983 1150 1249 1445 
17 147 332 480 604 606 688 929 946 969 973 1026 1170 1186 1201 1297 
71 194 200 526 564 749 756 943 1143 1187 1406 1409 
131 134 270 340 414 415 587 1034 1201 1440 
139 238 257 432 854 996 1146 1228 1276 1278 
47 194 242 276 327 425 445 468 500 522 644 862 992 1013 1140 1218 1324 
55 163 170 304 352 434 489 622 954 983 991 1021 1070 1170 1208 1390 1451 
13 418 444 562 638 787 841 927 1005 1045 1369 
23 104 179 198 223 412 417 421 551 649 913 1268 1313 1382 1448 
37 150 234 246 395 487 532 657 689 844 1001 1002 1230 1317 1319 1416 
139 309 382 426 433 571 632 642 779 1061 1128 1150 1239 1428 
111 360 501 589 944 1078 1170 1388 
50 342 625 862 1025 1274 1277 1334 1337 1359 1386 1413 
140 147 175 217 368 373 385 473 1076 1119 1170 1358 1361 1415 1425 
3 66 105 141 389 503 567 700 703 822 855 877 891 951 1007 1087 1118 1223 1237 1286 1321 1337 1345 1429 
26 40 95 115 239 341 616 722 984 1226 1287 1340 
142 143 435 535 550 577 739 814 1075 1184 1273 1411 
10 20 27 172 369 383 410 453 649 655 731 932 962 1002 1046 1268 1412 
135 292 488 762 795 882 899 992 1010 1216 
572 665 669 801 835 887 1282 
70 88 94 249 405 516 535 538 539 650 676 762 914 1195 
49 251 370 701 974 1003 1014 1176 1207 1247 1297 1352 1388 
21 64 231 345 358 368 385 520 716 738 753 998 1415 
246 296 314 351 385 770 897 1221 1423 
327 402 552 1100 1154 1325 1400 1436 
45 209 329 396 532 732 781 910 1209 
114 257 399 486 565 758 769 1109 1149 1205 1378 
82 577 599 899 1138 1195 1348 1389 
27 106 309 341 482 503 519 733 819 850 895 1000 1165 
140 144 146 573 823 850 862 1060 1081 1109 1149 1184 1381 
13 57 715 779 801 806 1007 1012 1071 1347 1430 
14 418 614 623 646 771 917 990 1031 1222 1237 1294 1373 
79 458 524 552 622 893 942 1042 1169 
179 206 406 425 483 512 619 719 825 1017 1383 
119 130 283 326 387 486 566 603 777 868 996 1183 
9 80 243 368 378 480 543 838 963 990 1126 1265 
11 25 50 201 336 448 558 602 617 665 784 987 1363 
105 119 266 336 637 799 992 1075 1145 1204 1250 1282 1324 
208 259 350 413 547 746 789 1320 
213 525 567 719 772 883 1161 1174 1224 1342 
82 104 320 561 1026 1027 1181 1219 1302 1404 
175 291 310 420 700 869 887 904 923 974 1031 1152 1209 1242 1444 
81 169 655 732 839 842 885 1072 1150 1415 
78 170 311 759 770 780 1199 1322 
282 348 523 615 760 785 788 839 1105 1158 1168 1197 1248 1427 
173 198 273 376 410 577 636 778 792 807 917 1059 1063 1351 
117 203 251 287 765 838 884 890 908 940 1057 1244 1276 1341 
253 403 463 546 611 636 720 880 942 1060 1231 1336 1405 1412 1445 
64 211 268 335 605 611 671 846 911 1087 1134 1228 1399 1450 
13 334 526 547 847 962 990 1285 
82 261 262 322 323 432 480 622 650 724 729 740 875 900 981 990 993 1031 1034 1054 1256 1274 
181 364 743 816 847 1064 1121 1413 
94 178 268 602 607 615 722 824 847 877 1057 1199 1213 1238 1337 
89 239 285 394 552 617 709 957 971 1119 
165 169 289 556 831 927 1014 1072 1193 1273 1405 1415 
266 301 314 461 492 574 648 806 813 1273 
78 152 284 298 437 631 801 1046 1163 1326 1354 1388 1446 
57 128 135 142 224 443 536 639 817 822 914 932 
160 496 569 580 815 1160 1349 1377 1412 1416 1428 
24 308 627 642 731 923 971 987 1005 1237 1270 
6 41 146 402 538 548 560 749 779 901 1025 1154 1291 1377 
86 262 645 672 800 876 925 941 972 989 1133 1223 1372 1422 
330 739 743 822 901 998 1073 1079 1189 1430 
35 123 184 234 785 796 1085 1165 1446 
91 324 577 681 720 867 984 990 1135 1197 1390 1398 
195 309 510 594 714 723 1002 1234 1402 
77 292 426 735 1167 1238 1351 
412 596 628 787 879 1346 
122 158 388 394 410 770 1013 1256 1361 1362 
119 163 253 254 916 929 1014 1171 1386 
93 199 376 381 411 483 548 566 643 718 1038 1198 1305 1322 1334 1382 1395 1419 
43 107 151 434 703 716 849 863 866 1036 1110 1361 
26 109 148 308 374 411 657 756 839 944 1071 1100 1206 1397 
4 61 94 469 676 757 916 1053 1062 1152 1198 1255 1285 1326 1338 
199 297 549 557 765 998 1093 1141 1215 1221 1392 
147 400 543 597 630 915 922 947 950 952 1103 1215 1275 1344 1361 
481 519 894 1061 1164 1192 1288 1307 1399 
127 194 198 199 200 204 444 848 1025 1119 1136 1189 
137 337 472 522 571 593 605 679 804 1013 1045 1046 1333 1425 
99 119 185 382 754 849 870 
58 108 369 458 605 606 751 816 915 1121 1201 1215 1218 1404 
87 223 229 989 998 1020 1072 1103 1205 1370 1440 
138 234 299 308 321 524 529 550 1086 1166 1202 1294 1336 1363 
210 303 366 426 438 441 616 823 1014 1303 1452 
5 108 167 307 402 610 757 831 836 864 905 916 1095 1183 1199 1290 1419 
10 81 95 246 535 626 1283 1378 
38 62 65 119 188 215 755 905 918 1015 1092 1095 1120 1247 
148 299 463 501 515 540 619 624 692 826 1115 1228 1402 
23 220 358 697 757 766 813 982 1072 1104 1224 1271 1300 1338 1392 1452 
61 845 864 961 1014 1067 1223 1335 
31 49 158 331 356 588 617 735 946 1040 
144 170 644 776 813 864 1100 1283 1284 1418 
35 94 102 107 120 161 283 321 523 729 736 859 1030 1175 1319 1426 
209 278 481 483 611 693 771 807 980 1162 1182 1228 1275 1383 
203 252 435 505 642 663 800 845 853 1089 1120 1189 1244 1424 
110 138 171 356 791 1136 1148 1186 1259 
58 140 296 365 659 665 725 827 954 1049 1263 1410 
41 62 214 303 465 616 693 739 989 1024 1177 1182 1239 1242 1330 1387 
4 17 228 233 540 711 874 921 1055 1441 
33 110 299 308 309 475 534 741 772 774 961 1144 1212 1263 
129 176 462 762 1017 1203 
97 119 320 534 571 1057 1156 1180 1256 1262 1304 
93 354 465 809 849 937 1425 
300 502 531 561 666 759 762 804 961 1035 1202 1289 1304 
163 228 256 658 668 687 896 941 981 1143 1281 
26 79 411 453 462 537 587 710 715 842 900 980 1243 
103 173 217 232 765 802 976 1272 1293 1378 
403 779 826 880 895 1271 1309 1368 1412 
62 212 339 354 629 796 812 1120 1410 1416 1434 
295 637 731 856 876 992 1348 
120 311 489 543 879 1033 1127 1214 1304 1312 1386 1415 
238 481 584 646 700 802 1039 1074 1258 1443 
209 218 223 555 666 743 851 1081 1326 
312 854 972 1337 1345 1407 
190 216 264 361 694 747 778 831 1090 1322 1337 1353 
10 31 209 455 516 536 601 739 750 763 836 1010 1246 1250 1297 1386 1397 1409 1433 
28 76 77 95 99 132 162 167 310 346 370 480 498 541 593 621 773 900 1068 1137 1184 1191 1291 
92 101 144 333 393 565 605 661 720 960 965 1123 1188 
49 112 211 218 232 425 468 499 504 552 640 731 856 900 
37 105 198 201 306 687 814 887 910 1122 1196 1333 1349 
99 117 139 319 510 673 688 783 786 882 1337 1452 
3 523 714 1288 1335 1410 
133 950 1080 1292 1415 1419 
10 15 205 478 642 678 785 882 909 1181 1320 1439 
3 186 243 279 303 331 354 687 818 1194 1275 1426 
35 186 205 269 356 358 391 686 755 781 865 945 1020 1188 1375 
294 353 589 714 829 836 947 1004 1048 1097 1347 1409 
61 211 219 241 244 324 446 460 546 855 1197 1435 
135 273 289 475 479 709 970 1061 1099 1151 1429 
78 135 289 503 719 786 803 1108 1152 1258 1327 1343 
215 438 451 477 536 1247 1351 1437 
294 567 593 621 647 694 701 959 990 1132 1363 
131 293 317 573 820 1055 1133 1206 1230 
230 465 571 641 760 948 1090 1436 1448 
94 265 327 464 673 1084 1115 1222 1295 1389 1446 
273 294 598 723 763 866 1032 1053 1135 1154 1166 1437 
66 138 569 598 649 654 925 1202 1308 1345 
54 110 165 626 699 746 828 845 1012 1033 1169 1416 
20 30 41 200 215 224 237 258 493 593 847 880 1393 1438 
78 98 106 174 244 291 319 404 470 599 623 804 986 1025 1384 1433 
21 68 239 279 296 352 369 427 523 649 775 802 808 969 1268 
34 278 426 642 704 713 737 867 925 955 1078 1113 1114 1201 1312 1337 1448 
37 85 231 260 447 617 826 1020 1032 
158 196 231 476 613 676 749 803 945 1082 1135 
65 77 106 281 601 699 709 787 864 886 892 924 997 1019 1055 1118 1159 1311 1325 1356 
434 492 512 630 765 949 950 1017 1113 1162 1179 1210 1225 1365 1442 
92 111 290 336 800 858 893 956 973 
145 262 296 543 643 740 946 956 959 1027 1304 
236 241 292 357 431 603 829 843 1079 1383 
28 155 186 201 302 380 436 828 1118 1393 
173 207 247 435 499 779 874 1258 1358 1384 1404 
2 31 263 280 342 513 515 710 874 990 
40 73 132 143 164 369 416 732 1301 1339 1394 
128 766 767 1117 1171 1193 1430 
192 244 558 583 586 603 642 701 829 891 1296 
90 140 191 369 494 632 1361 
68 198 904 1040 1211 1291 1399 
170 343 694 782 803 921 1055 1079 1088 1108 1211 1259 1321 1439 
91 186 196 201 293 363 455 473 680 800 884 1003 
172 230 238 291 503 567 834 1141 1352 
15 271 413 724 855 885 1034 1108 1253 
235 261 428 1109 1170 1451 
35 80 124 168 280 322 630 683 725 862 922 979 1007 1234 
490 595 635 638 868 1049 1065 1074 1098 1271 1449 
533 564 743 772 1090 1133 1186 1188 1448 
54 117 197 199 223 416 987 1097 1209 1376 1384 1403 
32 114 117 262 569 675 676 691 762 1236 1346 
7 85 94 111 145 303 391 803 888 1129 1281 1404 
194 265 268 709 908 916 1148 1273 1417 
87 162 207 256 401 444 474 554 556 724 770 777 974 1075 1218 1233 1276 1312 
188 240 265 716 767 903 905 1009 1130 1303 1388 1400 1431 
15 33 53 217 252 285 472 480 516 535 575 598 762 870 957 989 1084 1116 1185 1188 1197 1356 
1 109 318 366 501 665 789 847 850 934 1030 
626 785 857 938 1003 1072 1091 1155 1173 1217 1310 1392 
212 413 492 525 555 604 1080 1203 1252 1364 1373 
77 341 614 791 795 897 962 1118 1213 1323 
52 386 391 567 757 801 1178 1203 1296 1305 1338 1377 1424 
121 333 373 513 895 1217 1419 
89 420 689 739 784 864 1044 1118 1142 1271 
88 147 149 197 383 388 419 499 544 590 621 812 976 1036 1076 1089 1253 1419 
28 71 195 237 470 486 637 1148 1261 1328 
222 680 1208 
104 249 291 404 816 830 831 836 926 1007 1080 1131 1169 1289 1290 1385 
63 259 359 486 560 646 731 808 828 923 1049 1089 1175 1310 1382 1435 
63 425 466 600 642 837 1213 1238 1323 1436 
115 564 658 884 952 1030 1222 1394 1411 
130 212 268 364 457 661 722 756 858 1017 1074 1102 1311 1317 
165 249 299 444 650 687 986 1055 1136 1304 1330 
157 455 718 886 904 1185 1219 1304 1411 
158 251 385 414 484 563 774 858 928 1219 1255 1290 
257 429 569 620 632 824 931 1013 1143 
70 85 286 416 509 520 576 620 638 639 900 968 1027 1103 
247 409 616 1100 1258 1339 
34 42 50 58 78 414 806 823 1286 1303 
44 216 252 287 321 336 402 457 742 748 969 1032 1084 1111 1287 
188 362 379 397 495 930 1004 1060 1087 1223 
14 76 314 958 1029 1120 1306 
55 108 200 319 356 379 499 540 616 642 770 815 900 990 1061 1181 1380 
49 133 187 475 527 532 572 1172 1219 1313 1391 1400 
192 674 922 928 973 1058 1219 
169 184 312 320 466 469 763 842 897 1293 1302 1375 1378 
110 168 214 237 295 527 1081 1086 1341 
31 58 304 733 862 877 928 1031 1057 1178 1366 
2 292 396 529 712 790 823 833 1152 1266 1273 1280 1379 
104 449 533 601 895 896 1105 1139 1157 1258 1292 1377 
52 546 756 779 958 1070 1120 1132 1177 1231 
9 21 106 198 236 245 341 431 460 497 572 581 678 955 1171 1184 1378 1426 
4 424 663 664 779 849 938 1023 1044 1439 
283 441 565 583 685 1079 1097 1117 1153 1446 1449 
4 79 83 190 266 481 496 586 822 871 1239 1267 1301 1416 
15 124 176 258 344 495 545 594 655 729 782 856 1347 1352 1438 
155 492 765 789 794 1181 1315 1363 1385 1405 
2 6 165 213 278 402 652 875 1236 1261 1271 1427 
168 404 436 465 483 928 930 1050 1399 
291 556 563 626 689 702 703 946 1023 1215 
64 110 247 297 373 458 625 723 1015 1182 1216 1338 1411 1424 
170 219 389 676 762 913 971 1366 1381 
108 132 141 300 314 415 445 543 718 751 779 781 918 1099 1245 1361 1448 
155 404 592 640 656 1135 1405 
149 380 666 763 1079 1163 1220 1283 1415 
68 218 278 520 600 611 745 1155 1288 1312 1418 
142 176 514 637 639 671 803 831 930 1079 1373 
530 540 567 711 884 938 1162 1335 1444 
477 570 627 819 944 963 1050 1118 1234 1418 
2 351 406 577 660 966 969 1135 
72 571 763 969 1173 
121 194 319 431 572 683 771 930 1044 1049 1078 1134 1162 1444 
159 181 263 437 463 571 818 867 1222 1347 
199 507 664 742 781 1034 1136 1197 1362 1405 
163 236 373 437 529 579 620 654 832 907 915 1160 1386 1445 
306 401 457 525 578 602 670 750 1352 1395 1402 
202 557 928 1055 1098 1112 1164 1240 1310 
42 112 193 258 833 851 1163 1164 1213 1297 
104 144 174 314 362 580 667 1079 1151 1225 1229 1411 1446 
63 142 274 308 477 506 626 697 768 953 1194 1227 1233 1303 
278 640 775 820 840 981 1043 1205 1248 1386 1419 1421 
291 364 734 772 953 1159 1168 1189 1330 1411 
44 330 378 407 426 534 764 817 984 1049 
318 368 536 544 567 708 713 778 1044 1123 1133 1269 1284 1359 1437 1440 
117 254 325 460 516 629 709 777 850 880 1128 1153 1211 1259 1374 1430 1444 
288 335 1260 1334 1452 
234 484 487 683 857 995 1076 1169 
103 120 286 545 548 558 830 846 1416 1434 
88 210 368 489 515 665 1098 1169 1450 
64 72 508 644 655 809 925 1064 1122 1230 1336 1390 1439 1447 
218 389 779 824 934 1032 1164 1234 1248 1333 
52 88 173 220 295 311 484 549 564 628 684 767 844 948 1043 1342 1447 
208 450 490 691 721 855 931 1010 1209 1326 
127 385 387 523 553 704 893 909 1087 1159 1210 1325 1389 
126 302 306 371 457 592 717 729 927 973 978 1266 1323 1380 1389 1420 
114 127 233 343 401 416 524 646 647 649 656 812 842 845 1178 1275 1322 1380 1441 
391 976 1106 1152 1304 1312 
81 274 306 346 649 656 770 918 927 1278 1415 
163 170 180 306 659 680 692 1046 1130 1162 1313 
373 384 483 508 543 549 566 885 1043 1147 1320 
219 402 542 575 799 883 1156 1165 1203 1402 
40 42 92 250 541 820 1200 1450 
240 285 321 361 396 433 503 540 707 733 740 775 943 1063 1131 1224 1340 1410 
82 170 465 524 568 733 770 888 955 970 1020 1182 1193 1350 
2 197 249 496 528 560 655 960 1130 1174 1244 1279 1386 1433 
333 413 491 760 914 1197 1385 1441 
285 324 335 991 1252 
31 87 172 346 356 528 674 818 944 1176 1195 1302 1332 1339 1412 
34 38 81 229 360 532 540 594 640 751 831 905 1085 1172 1232 1270 1355 1436 
21 22 68 114 302 368 669 834 1170 1329 1364 
198 262 279 294 1045 1130 
185 277 310 318 339 404 628 701 768 959 1004 1091 1194 
285 534 562 604 707 824 972 1129 1249 1347 
32 186 245 455 568 602 638 652 653 871 909 1057 1445 
54 74 174 398 460 666 674 702 707 838 894 944 1046 1066 1105 1108 1171 
177 340 455 500 845 865 920 1271 1389 1402 
360 517 619 709 741 859 880 976 978 1063 1093 1164 
322 440 528 595 639 676 709 787 885 1121 1127 1137 1195 1227 1373 
283 626 666 938 1025 1450 
189 346 469 545 839 1146 1322 1379 
275 326 389 663 735 788 982 1288 1327 1390 
190 293 553 571 622 908 1190 
35 193 475 500 778 788 804 821 832 893 937 977 1010 1032 1064 1384 1410 
116 135 288 450 471 532 575 606 654 861 988 991 1334 1446 
312 403 494 612 903 996 1010 1047 1262 
30 33 80 153 320 356 540 592 701 715 887 945 1351 1449 
65 125 127 300 325 417 445 462 508 524 867 883 1036 1127 1229 1269 1382 
6 250 544 554 779 809 858 1002 1321 
344 422 452 476 575 668 836 917 1075 1285 
148 226 509 589 706 777 778 860 945 1043 1096 1106 1118 1186 1229 
60 67 296 364 387 419 511 513 562 599 757 770 1074 1156 1182 1237 1258 1289 1294 
28 102 305 484 492 512 746 1171 
188 315 418 611 659 674 734 974 1162 1184 1185 1365 
341 759 941 992 1139 1219 1399 1412 
80 273 457 541 564 569 724 823 826 841 876 954 984 1046 1260 
253 477 582 756 785 831 1083 1165 1231 1298 1390 
147 186 215 302 313 331 350 510 663 677 678 705 734 866 1239 1317 1336 1438 
139 234 516 775 977 1148 1267 1310 1345 1384 
198 515 604 648 742 1122 1133 1198 1226 
162 263 344 519 789 1013 1114 1201 1218 1283 1301 1344 1390 1418 
222 492 607 631 893 959 976 1034 1184 1251 1439 
35 210 274 576 696 868 1048 1254 1355 
195 276 440 494 788 888 977 1007 1188 1279 
133 229 397 853 858 1004 1080 1344 
94 96 138 148 269 789 816 1212 1250 
121 247 440 495 636 691 1061 1087 1140 1429 1438 
162 232 289 391 612 894 1013 1027 1184 1211 1354 
239 376 620 673 766 954 1024 1199 1381 
28 137 297 412 570 595 617 619 650 793 971 979 1062 1267 1341 
86 148 173 465 943 1154 1315 1440 
31 40 135 281 816 883 909 1172 1188 1422 
83 257 504 535 566 656 835 896 1084 1171 1263 1313 
364 402 417 424 642 695 820 1310 
351 496 549 670 749 1019 1053 1153 1202 1243 1290 1344 1398 
10 14 23 449 558 589 646 774 866 1104 1142 1186 1447 
209 263 353 701 751 814 819 956 968 997 1168 1285 1309 1325 1431 
40 233 361 850 917 945 1179 1248 1374 1388 1429 
52 61 220 247 280 421 422 457 604 761 939 1053 
109 313 425 571 750 1042 1049 1129 1178 1281 1363 
3 86 102 173 242 470 506 606 678 874 920 949 1104 
194 401 430 490 618 811 923 1031 1219 1239 1270 1360 1375 
40 322 338 516 554 668 753 885 952 1155 
41 175 261 320 434 440 639 706 894 1078 1317 1427 
68 119 208 287 460 553 579 598 617 1062 1098 1261 
29 334 364 366 403 758 856 923 1097 1202 1224 1336 1337 
287 366 564 600 704 705 783 881 885 996 1150 1294 1351 1383 1411 1442 
80 135 173 234 338 581 624 691 788 942 1070 1242 
19 218 240 260 1040 1221 
57 187 796 810 864 990 1000 1176 1364 
79 277 370 674 956 1020 1127 1186 1412 1414 
172 333 334 379 506 573 970 1270 1302 
47 154 249 565 587 816 839 980 1073 1171 1303 1341 
132 176 202 429 642 684 759 770 856 909 914 1104 1269 1395 1415 
49 73 317 461 689 730 846 963 1068 1090 1220 
330 338 700 886 1089 1153 1197 1327 
141 301 369 383 478 483 909 1187 1217 
322 339 376 428 589 604 652 682 707 754 875 913 995 1002 1125 1244 1281 1322 1358 1388 
34 250 601 829 990 1015 1250 1299 
44 158 248 319 373 557 589 653 686 938 1206 1395 1425 1451 
47 59 124 243 260 476 477 515 588 640 739 761 990 1155 
169 276 402 417 465 656 760 881 927 939 1363 1392 
76 80 292 318 336 562 680 736 747 827 839 840 1251 1261 
28 57 80 113 183 212 284 317 425 631 787 814 965 966 1165 1234 1282 1288 
150 185 373 607 776 789 868 930 956 972 1027 1065 1246 
15 298 501 723 773 873 886 980 1184 1445 
145 263 371 423 459 500 520 559 652 827 870 1077 1105 1126 1194 
51 225 345 509 672 771 873 890 999 1064 1426 
277 353 532 552 647 658 757 849 1181 1209 1422 1433 
73 122 185 245 394 525 676 682 710 747 756 917 1003 1100 1106 1175 1257 1377 
212 361 431 448 642 917 971 974 1017 1427 
258 342 581 623 739 773 906 912 1024 1167 1402 
54 61 296 441 476 800 983 1083 1174 1311 1342 1382 1387 1431 
50 150 264 270 753 764 949 1092 1157 1227 
32 101 140 721 899 1169 1314 
210 247 449 734 815 1012 1093 1249 1275 
331 333 586 742 746 828 1009 1052 1110 1166 1243 1369 
88 143 323 395 466 507 751 767 868 951 1028 1363 
65 68 151 170 293 449 477 554 868 900 957 984 1035 1046 1235 1355 
271 343 477 507 558 603 684 740 1057 1299 1330 1348 1404 1420 
17 60 404 504 521 549 620 675 685 860 878 1118 
18 78 193 419 667 676 976 1284 1440 
78 101 131 172 205 296 345 380 409 427 440 470 483 593 613 630 718 864 1028 1261 1295 1442 
62 356 433 707 933 1071 1084 1107 1197 1226 1340 1449 
35 135 147 291 377 530 1045 1104 1313 1408 
198 347 
43 127 255 317 397 469 536 595 1108 1414 
26 149 417 536 628 840 943 1012 1073 1143 1296 1332 1365 
23 39 219 341 579 674 692 970 1038 1433 
89 212 264 294 303 422 426 536 538 981 1127 1185 1244 1326 1398 
76 306 336 473 589 725 921 1052 1058 1153 1370 
34 268 690 849 866 989 1058 1229 1337 
34 165 169 498 554 617 626 880 1083 1098 1183 
108 554 619 807 910 942 1062 1392 
174 422 515 564 708 1092 1447 
303 328 496 530 545 792 882 1177 1223 1331 1368 
504 536 538 592 621 885 1191 1317 1334 1356 
110 199 295 358 681 740 868 886 943 1139 1283 1296 1315 
54 123 390 471 628 1109 1121 1382 
201 277 382 539 573 674 743 911 969 1018 
120 250 510 714 1065 1097 1225 1271 1408 
13 263 273 403 472 675 880 1005 1106 1373 
42 90 258 271 272 277 665 773 776 787 1187 1348 1368 
69 130 380 493 561 577 722 734 948 957 1141 1426 
189 220 269 271 493 514 747 872 984 1020 1022 1367 
29 230 253 305 322 382 458 529 662 805 1025 1042 1061 1261 
152 170 389 398 505 555 559 745 887 977 1153 1278 1310 
169 519 641 701 898 920 922 1007 1082 1297 1379 
137 218 272 390 569 602 855 869 870 936 1014 1191 1205 1385 
88 305 550 703 714 849 996 1189 1373 
133 169 238 516 594 780 922 960 994 1020 1067 1319 1441 
196 286 334 507 770 949 1022 1145 1166 1245 
36 95 263 347 627 775 827 1137 
23 143 172 285 406 420 588 703 885 1301 1361 1448 
485 548 555 573 610 648 659 848 1059 1112 1297 1298 1408 1427 1447 
99 452 640 661 785 792 955 999 1083 1255 1282 1313 1347 1356 
42 127 169 306 359 429 452 502 558 629 641 884 1180 1197 1209 1366 
16 168 577 766 772 933 1008 1171 1333 
130 223 409 492 577 600 793 879 913 1052 1272 1320 1419 1440 
364 742 973 1160 1166 1184 1253 1388 
39 444 467 539 622 723 761 1250 
109 196 350 657 769 790 866 1132 1184 1205 
139 271 617 629 749 760 911 927 1065 1277 1341 
72 85 155 252 256 448 512 527 760 1071 1096 1392 1438 
216 532 613 639 1050 1250 1290 1383 
48 280 494 640 714 720 782 907 1246 1273 
10 117 411 619 689 891 954 1134 1300 1444 
235 283 390 405 410 473 782 867 938 1093 1096 1296 1344 1417 
43 228 287 406 824 833 1358 1376 
57 295 464 500 614 686 700 765 924 929 1266 1281 1307 
6 651 743 1259 1311 1342 1404 1426 1447 
240 452 533 586 607 944 951 1068 1258 1340 1406 
24 45 113 373 539 648 844 1201 1282 1331 
198 222 379 383 738 1048 1118 1126 1138 1211 1301 1357 1386 
9 134 178 261 400 417 443 842 1058 1246 
124 157 180 243 593 717 782 801 901 1030 1252 1321 1324 
21 582 707 1002 1105 1140 1305 1347 
25 31 108 374 520 785 894 1268 
17 93 95 147 149 856 1098 1138 1310 1379 1407 
423 430 773 1032 1156 1296 1313 
65 267 300 327 397 615 689 719 763 849 892 1074 1181 1378 
103 307 417 440 552 566 596 667 797 839 849 932 1116 1307 1374 1419 1444 
34 500 555 1091 1130 1190 1364 
300 357 500 669 673 1013 1244 1322 1426 
97 271 427 534 606 799 801 879 998 1299 1307 
577 606 772 862 1221 
78 570 603 770 861 1084 1111 1243 1397 
214 235 543 553 555 617 643 696 762 881 998 1437 
22 130 194 206 524 654 743 771 1248 1287 1356 
52 59 168 339 414 430 454 525 557 558 714 1403 
160 232 239 277 391 437 629 840 1111 1419 
384 508 754 797 983 1011 1031 1046 1133 1139 1185 1294 
55 107 122 489 826 884 935 982 1107 1125 1175 1180 1419 
83 427 524 817 966 1186 1267 1392 1425 
16 59 351 407 412 660 669 685 709 1029 1117 1147 1300 
194 211 316 391 566 947 1275 
104 107 185 234 308 357 456 901 1052 1132 
535 695 770 783 871 994 1021 1045 1150 1256 1284 
39 250 356 474 503 642 776 892 1180 
53 222 319 325 415 700 796 885 929 1083 1228 1268 1326 1410 
151 333 350 403 685 728 1191 1368 
231 533 634 727 744 758 846 953 1285 1288 1394 1451 
34 52 73 301 338 472 663 1005 1028 1065 1093 1200 1208 1388 1422 
63 71 156 256 351 421 501 625 680 864 929 1066 1330 1336 
36 258 336 446 455 575 754 828 898 939 1097 1112 1244 
136 198 207 209 382 448 650 877 962 1029 1076 1109 1146 
22 25 167 169 253 264 845 871 1028 1051 1261 1287 1338 1346 
56 57 230 721 838 844 998 
157 720 863 966 1017 
92 194 336 378 496 535 869 873 1027 1052 1213 1302 1392 
114 169 263 614 1444 
176 209 237 303 345 395 404 469 770 819 858 868 909 1008 1093 1280 
171 223 279 280 311 328 438 740 867 946 1033 1115 1189 1242 1397 
16 69 314 488 543 544 1081 1158 1304 1364 
22 48 124 129 226 264 522 573 577 635 663 1189 1289 1312 1332 1412 
104 352 376 561 809 897 1013 1110 1126 
378 622 786 906 932 1156 1197 1404 
67 153 427 864 936 1227 1252 1302 1323 1329 
58 78 308 693 740 746 1081 1255 
10 75 85 186 246 302 348 383 401 464 620 631 748 1120 1161 1373 1406 1427 1449 
221 336 433 543 639 657 732 738 819 1256 1283 1310 
17 247 385 557 952 1164 1214 1251 1294 1431 1442 
167 170 480 514 579 636 679 956 1094 1298 
74 85 274 337 348 398 450 659 690 708 797 800 884 927 930 1140 1441 
116 721 758 795 798 883 986 1085 1102 1139 1225 1307 1357 1388 
27 506 666 760 1012 1080 1139 1324 
132 162 324 423 572 636 738 825 1172 
96 244 400 622 629 664 784 1094 1347 
84 140 199 480 739 806 986 1068 1116 
101 288 346 429 594 682 1115 1206 1426 
104 401 516 599 840 987 1005 1071 
137 194 366 503 549 596 637 795 928 
97 153 760 817 1003 1183 1383 1402 
40 308 602 633 859 1035 1090 1140 1167 1183 1207 
138 256 365 617 711 724 848 865 894 901 980 1293 1431 
222 372 411 765 934 1268 1426 
250 288 358 472 491 576 629 969 1340 
6 57 276 359 370 374 462 571 628 872 945 1051 1088 1172 1196 
242 312 605 721 744 832 916 954 1301 1338 1347 1391 1396 
45 131 329 389 574 613 1249 1433 1443 
142 330 419 546 621 682 683 745 752 957 994 1161 1207 
99 127 176 598 620 680 936 1025 1295 1376 
91 304 306 386 389 452 457 502 707 841 879 924 931 1053 1200 1347 1356 1409 
90 236 286 401 421 486 505 511 700 802 908 1040 1065 
21 52 523 633 1060 1079 1284 1385 
332 360 392 431 497 689 755 1093 1225 1295 1328 1394 
231 374 439 588 677 832 842 866 1018 1199 1296 
218 254 439 456 532 637 856 875 978 1234 1258 1297 
284 286 520 552 1000 1078 1199 1216 1255 1325 1349 1433 
312 681 917 984 1008 1070 1128 1153 1216 1252 
57 144 309 329 354 455 483 538 544 571 613 671 706 717 731 803 839 998 1009 1130 
317 379 512 627 708 1025 1040 1210 1233 1399 
56 99 103 127 187 261 325 385 450 522 677 705 893 917 983 1191 1313 
178 402 625 631 662 699 799 998 1001 1102 1154 1171 1232 1284 1435 
48 226 385 475 595 839 1033 1231 1289 
426 521 543 578 672 806 814 868 917 
230 377 624 662 718 800 934 1152 1415 
170 199 320 455 525 570 894 925 994 1315 
47 129 145 150 283 331 400 524 563 570 787 1196 1439 
92 145 296 316 346 393 436 491 493 503 531 568 796 1227 1280 1287 1305 1345 1349 
329 670 835 917 1126 1224 1253 1399 
27 106 311 411 503 514 880 
79 135 443 496 685 687 695 896 1045 1059 1132 1206 1254 1257 1383 
9 184 242 265 406 606 717 818 919 1168 1245 1282 1389 1400 
322 464 747 827 1155 1241 1292 
132 330 349 409 459 576 675 697 787 919 1058 1137 1328 
252 406 415 736 897 1007 1143 1180 1361 
131 143 255 267 293 353 430 558 623 662 778 785 793 851 979 1076 1093 1199 1372 
8 165 330 561 563 583 607 865 920 977 1176 1308 1316 1405 
324 458 497 580 585 624 1190 1374 
256 489 681 1227 1406 
7 27 91 191 268 381 461 991 1123 1239 1250 
111 193 331 655 675 806 877 879 891 959 1059 1198 1322 1370 
20 97 589 678 787 890 900 989 1039 1067 1120 1155 
75 172 257 497 1271 
47 106 196 273 304 461 744 751 808 885 1038 1077 1259 1438 
198 268 349 394 609 719 779 808 934 1058 1139 1153 1197 1229 1283 1347 1402 
38 49 75 98 157 160 170 220 701 711 743 987 1111 1142 1259 1336 1382 1446 
151 193 275 744 1130 1359 
5 124 127 130 204 323 541 704 773 911 1276 
117 190 196 347 380 432 444 632 743 776 905 1073 1248 1387 
197 199 240 305 316 342 462 695 704 973 1030 1066 1165 1172 1375 1395 
42 126 129 392 397 426 763 936 1253 
93 206 236 246 415 429 443 453 507 770 925 968 1131 1152 1369 
13 76 160 364 389 425 563 873 1145 1207 1251 1403 
150 175 202 262 278 665 900 1078 1156 1297 1328 1434 
316 341 479 748 775 792 851 903 958 1271 1386 
21 331 379 653 871 1002 1104 1282 1357 1368 
257 426 469 795 796 872 1077 1425 
27 388 530 568 735 935 1011 1088 1103 1322 1350 
180 609 820 829 840 1002 1084 1315 
172 203 286 601 1184 1262 1284 1451 
212 394 465 536 1015 1095 1111 1198 1209 1276 1327 
221 341 374 377 814 1049 1089 1181 1249 
125 302 405 596 623 775 813 970 989 1107 1168 
116 344 483 635 1088 1360 
246 258 337 366 468 585 591 612 948 1127 1167 1254 1334 
32 343 523 713 752 1001 1275 1304 1315 
180 224 280 410 513 548 783 851 1018 1275 1415 
26 150 162 314 509 596 731 740 858 923 1211 1233 1242 1259 1271 
37 43 57 418 521 542 593 810 862 999 1030 1235 
113 156 563 1030 1050 1315 
99 300 343 348 495 835 1023 1158 1172 1208 1285 1317 1373 1448 
86 315 369 479 489 575 920 922 954 1321 
183 338 476 531 553 688 837 1102 1370 
319 746 834 920 932 940 1117 
53 97 107 185 218 373 393 428 575 712 872 1127 1220 
176 205 208 217 239 241 382 622 626 672 784 860 874 910 988 1170 1266 1362 1436 
25 265 423 435 469 636 724 888 995 1146 1156 1180 1229 1303 1348 1380 
116 247 412 434 440 618 810 1141 1261 
74 468 528 892 966 982 1038 1099 1159 1274 1367 
23 156 248 274 340 370 400 468 507 549 576 868 1069 1317 1394 
42 515 563 758 766 871 928 941 1242 1281 
8 165 489 518 688 860 891 1030 1224 
218 249 445 550 825 902 1020 1175 1263 
148 252 305 592 780 822 852 1318 1346 
8 9 15 88 370 401 412 468 569 869 1048 
83 470 824 1051 1298 1354 1406 
33 122 171 321 332 555 727 995 1016 1191 1205 1233 1334 
57 190 240 328 330 358 560 612 622 701 770 774 1174 1198 1405 
14 167 521 622 647 710 750 810 966 1258 1290 1293 1366 1412 
293 575 762 987 1111 1131 1280 1288 1433 
42 130 136 328 391 486 536 694 766 862 957 1157 1402 
281 434 902 935 967 
119 121 295 532 692 727 905 920 1307 1401 1412 
3 20 98 270 375 380 423 536 556 726 848 1030 1098 1308 1439 
229 270 334 528 614 721 994 1043 1071 1234 1333 1340 1341 1383 
43 46 92 143 216 335 337 338 424 458 1089 1092 1141 1248 
29 144 193 363 674 754 845 984 1419 
94 168 172 357 365 388 493 628 651 669 700 701 857 878 919 1083 1139 1149 1164 1199 
253 314 315 458 525 597 866 908 937 1048 1262 
10 177 398 518 787 806 818 1161 
218 835 1079 1100 1345 1438 
210 225 380 584 962 1040 1158 1445 
46 194 236 290 399 864 890 944 1038 1104 1152 1157 1267 
278 300 413 446 533 668 859 886 1000 1184 1292 1398 
395 404 496 605 613 698 767 900 1079 1197 1403 
183 257 459 527 849 866 928 930 986 999 1095 
169 283 432 472 475 568 584 731 819 1197 1328 
87 378 557 753 855 1078 1149 1356 1400 
22 28 230 268 570 640 827 833 942 
270 564 706 1087 1211 1383 
38 93 254 291 298 315 448 488 705 820 842 952 1156 1189 1345 
105 251 357 728 1080 1260 1296 
123 370 375 377 430 464 609 642 723 737 854 1199 1234 1306 1362 
16 215 411 556 754 788 999 1180 
256 275 357 421 577 595 651 681 766 850 857 870 930 1012 1091 1164 1266 1309 1314 1410 
55 350 427 513 567 687 732 897 989 1054 1217 1279 1420 
151 203 320 449 582 624 637 638 657 731 775 831 980 1056 1179 
111 280 327 668 729 836 973 1046 1198 1301 
123 365 457 626 668 866 899 1004 1035 1105 1203 1432 
14 158 495 554 717 726 807 832 894 958 1209 1263 1415 
59 84 238 266 664 757 808 826 948 1037 1071 1229 1409 
65 625 627 729 804 1036 1110 1153 1203 1219 1377 1420 1440 
17 384 436 437 600 827 993 997 1061 1359 
65 78 182 336 498 617 767 1069 1338 1363 1429 
81 100 145 229 236 347 395 575 1027 1277 
173 200 300 338 488 725 792 937 1004 1106 1126 1139 1168 1171 1392 
30 143 640 849 988 990 1052 1056 1064 1093 1143 1234 1266 1315 1333 1378 
30 39 353 396 678 704 762 792 1097 1217 1430 
59 145 333 393 424 525 557 652 661 781 1045 1230 1275 1345 
177 216 251 606 621 707 896 906 1060 1091 1216 1255 
164 304 406 409 655 974 1074 1095 1099 1204 
109 282 325 541 567 591 744 1160 1247 1343 1442 
120 332 444 471 508 676 712 743 928 1312 1450 
49 124 255 264 285 328 446 540 558 602 606 656 673 719 795 890 1023 1035 1043 1056 1059 1067 
430 474 615 625 657 855 936 1072 1086 1104 1300 1404 1436 
305 327 405 566 666 1365 
273 453 544 583 828 1100 1159 
115 116 258 1180 1308 
236 245 273 332 627 793 854 885 1123 1310 1322 1323 
63 240 300 440 686 792 833 954 1042 1414 
15 84 93 174 196 256 430 700 718 830 917 1063 1448 
2 318 432 534 563 581 772 1161 
103 148 362 555 587 603 697 754 777 871 1019 1150 1234 1288 1303 1317 
314 393 463 490 1131 1167 
283 390 490 592 782 881 
186 233 309 461 486 735 786 867 940 1103 1386 
265 667 724 990 1009 1082 
22 216 304 313 634 870 1143 1181 1346 
336 391 402 404 477 483 638 793 805 856 1131 1344 1417 1452 
84 346 348 695 716 754 1103 1375 1407 
121 834 843 959 977 1068 1296 1367 
61 126 456 565 806 954 1124 1149 
15 150 239 327 442 474 1171 1359 1420 1440 
88 370 372 456 549 800 844 963 1162 1336 1387 
631 736 881 978 1184 1293 
5 9 70 129 244 515 685 932 941 999 1002 1004 1063 1117 1250 1386 1396 
51 112 332 454 562 763 850 917 1131 1295 
252 409 534 554 591 613 616 731 944 994 1053 1070 1186 1224 1367 1394 
126 311 405 653 827 1026 1047 1082 1121 1446 
155 246 334 659 682 799 1078 1198 1232 
47 74 93 107 203 631 1091 1227 1237 1331 1421 
162 294 502 617 678 939 944 1082 1390 1404 
82 172 306 343 546 613 1031 1122 1141 
180 198 226 361 366 515 1084 1139 1309 1365 
113 218 232 355 359 370 454 758 1024 1076 1284 1351 
208 317 331 569 597 629 630 769 772 775 780 892 908 1096 1216 1275 1404 
237 254 372 503 538 972 983 1156 1331 1332 1335 1402 1446 
267 783 785 849 1255 
7 24 132 170 191 254 285 556 600 667 788 823 825 844 945 1302 
47 181 384 443 650 1057 1381 
257 286 361 448 485 667 670 823 1118 
88 155 162 183 240 327 345 469 601 605 819 963 1045 1068 1107 1344 1451 
138 430 689 762 985 1381 
155 163 178 268 347 422 427 530 777 803 940 1085 1091 1156 1176 1201 1329 1341 1350 1407 
81 468 1003 1087 1089 1128 1185 1386 
293 340 535 538 621 682 743 1163 1450 
129 475 485 488 499 517 751 832 857 884 1040 1075 1103 1113 1146 1419 
53 287 355 689 719 723 1011 1083 1107 1241 1404 
34 44 71 72 146 481 499 507 512 624 743 857 866 1308 
191 476 533 762 969 1048 
3 156 303 343 701 736 825 907 1217 1297 
643 677 1096 1155 1269 1306 1373 
458 531 755 776 796 980 1189 
74 104 712 809 843 968 1167 1185 1209 1306 1360 1387 
81 109 115 196 668 737 761 802 886 1159 1235 
183 231 388 563 850 877 1021 1039 1275 1436 
126 459 493 508 559 619 687 948 1263 1340 1446 
57 165 199 213 243 598 621 724 913 1096 1175 
68 332 825 897 925 956 957 969 1028 1112 1297 1333 
197 208 347 390 574 832 907 1070 1120 
82 117 131 318 333 607 653 860 951 1221 1238 1247 
39 61 113 212 286 288 543 590 647 657 1014 1083 1138 1303 1361 
119 297 358 509 548 555 691 854 909 913 
47 150 411 429 566 570 597 757 920 1086 1098 1165 1359 1446 
8 15 21 287 376 433 500 732 1126 
13 22 70 94 110 361 412 715 1029 1101 1381 
54 168 419 532 663 816 872 938 1019 1038 1396 
200 204 431 600 633 671 1002 1235 1255 1272 
180 214 223 361 408 431 1010 1104 1186 1232 1310 
36 300 637 691 942 1006 1068 1365 
117 182 217 361 471 602 741 862 995 
520 522 721 1150 1190 1225 1292 1409 
132 152 162 194 292 382 575 588 686 758 823 891 903 1182 1217 1303 
185 234 427 492 544 675 1305 
34 210 267 432 433 596 610 624 742 940 1008 1089 1406 
51 339 457 638 663 760 842 940 1021 1030 1417 
482 491 806 871 1106 1255 1416 1421 1450 
417 433 552 581 792 902 973 1004 1048 1176 1182 1185 1386 1399 1411 1421 
219 403 545 670 1024 1082 1186 1187 1254 
67 240 375 385 389 992 995 1046 1076 1184 1207 1250 1351 1390 1421 
44 303 335 461 725 853 994 1180 1190 1197 1269 1387 
86 188 248 321 509 614 905 923 1406 
18 1091 1094 1309 1348 1442 
265 403 623 1045 1097 1164 1210 
12 177 510 623 713 728 830 840 1104 1360 
843 1029 1042 1044 1118 
42 114 477 596 803 935 1102 1285 1289 1320 1349 1418 
96 287 426 480 510 511 659 756 931 940 1000 1091 1167 1188 1348 
78 414 544 611 648 814 1095 1218 1228 1284 1356 1373 1442 
162 339 345 502 589 630 993 1057 1092 1117 1141 1250 1341 
14 92 273 347 399 553 624 918 1065 1267 1348 
171 200 287 432 485 535 679 801 869 959 1183 1229 1366 1401 1402 
41 199 239 307 327 455 573 630 882 1279 
76 121 153 191 1176 1402 
103 195 392 465 537 557 581 641 1038 1133 1369 
100 118 151 186 563 578 583 666 788 902 1043 1110 1182 
23 535 557 767 906 1022 1060 1127 1227 
114 270 448 589 787 1038 1039 1087 
379 391 612 625 754 868 934 1041 1046 1125 1134 1155 1192 1432 
74 336 390 521 649 1100 1127 1177 1274 1313 1384 
374 561 712 830 1410 1444 
35 150 286 292 632 711 772 918 1092 1269 1301 1347 
38 173 174 301 350 523 575 638 664 769 848 1074 1082 1130 1289 
102 121 273 924 1014 1051 
101 425 473 744 748 857 1007 1056 1231 1422 
9 322 345 451 750 797 841 991 997 1084 1150 1216 1297 
194 240 564 827 878 1105 1324 
43 248 275 347 367 383 457 651 793 814 867 1314 
109 195 252 317 321 335 336 350 417 437 483 609 618 620 878 898 1005 1210 1282 1371 
22 292 547 564 791 987 1052 1392 1425 
215 291 304 323 395 574 961 1128 1281 1305 
179 181 195 278 336 874 971 1161 1242 1282 
89 178 189 190 274 670 717 760 777 846 909 962 1198 1391 1411 1449 1450 
19 114 231 527 617 828 838 952 961 1011 1164 1289 1370 1437 
158 172 290 320 565 606 669 1033 1097 1126 1156 1324 1381 
430 596 874 987 1179 1182 
3 308 348 360 367 704 707 727 770 773 1094 1121 1277 1337 1423 
32 81 262 266 627 675 820 857 865 907 1138 
19 314 609 768 855 969 1138 1357 1434 
17 136 163 295 773 817 1293 1331 1407 
140 142 276 295 303 351 568 617 696 807 810 907 949 1261 1401 1438 
84 124 273 274 307 444 459 629 752 926 1420 1442 
100 116 202 412 481 552 584 870 877 907 959 1129 1318 1436 
114 239 293 345 661 722 750 990 1006 1081 1166 1305 1406 1422 
38 101 951 1005 1163 1273 1404 1450 
300 316 448 468 583 667 786 986 1437 1446 
677 731 769 956 1062 
33 50 89 166 178 251 456 636 770 898 1021 
154 304 401 533 563 565 950 1133 1139 1192 1409 
19 92 260 282 711 809 929 995 1307 1408 
28 70 180 205 247 316 423 635 647 745 866 1183 1322 
32 88 166 196 291 354 364 476 580 587 703 735 1107 1304 1365 1434 
247 307 340 355 369 375 668 943 985 1251 1303 1391 
41 372 501 618 812 1041 1078 1131 1316 1320 1324 
29 117 838 1075 1230 1247 1280 
34 57 74 197 319 386 431 472 630 728 1170 1251 1272 
54 94 178 659 766 818 1043 1062 1137 
22 88 260 430 594 894 948 1259 1343 1418 
17 220 367 411 428 544 610 664 670 834 1023 1078 1099 1150 1422 
292 717 937 957 1009 1170 1174 1310 1352 
54 163 180 210 664 671 978 1089 1369 
29 493 500 822 885 1020 1031 1063 1149 1153 1279 1324 
10 20 58 70 283 383 588 631 916 960 1118 1206 1347 1440 
102 298 346 363 425 559 665 761 771 1290 1292 1321 
287 326 910 1127 1296 1371 
131 217 326 433 477 587 624 729 876 1047 1182 1318 1321 1356 
31 140 162 180 637 642 722 726 940 1046 1110 1179 1200 1306 1342 1416 
482 714 725 947 967 1104 1259 1297 
5 199 230 238 378 458 471 695 801 820 821 833 845 957 1037 1051 1084 1282 1303 1399 1444 
317 327 336 488 601 711 914 1023 1049 1135 1427 1440 
133 421 428 480 531 563 699 1128 
396 423 732 774 996 1172 1270 1345 
22 42 172 289 336 446 514 581 1152 1165 1189 1277 1305 
265 389 638 753 870 885 1089 1324 1362 1423 
357 465 567 873 1085 1127 1316 1366 
106 119 191 267 872 1030 1092 1229 1230 1329 1406 
356 648 795 830 854 948 976 979 1224 1434 
61 64 219 397 793 937 979 1046 1084 1353 1427 
37 99 124 217 223 376 442 608 763 771 853 928 1107 1403 
213 980 1015 1168 1171 
208 223 318 599 665 891 967 1105 1375 
35 144 255 521 532 540 570 846 885 977 1018 1171 1213 1288 1324 1355 1415 
32 464 493 512 524 967 1223 1338 1386 1394 1399 
77 144 293 364 551 644 717 782 880 923 965 1117 1232 1248 1353 1451 
10 19 151 229 247 303 342 364 539 555 575 638 711 869 961 980 1028 1039 1182 1241 1408 
8 90 117 215 565 910 1027 1090 1262 1348 1434 
32 220 412 582 693 836 850 931 959 1115 1138 1156 1236 1282 1404 
172 382 449 469 512 523 599 813 1031 
176 499 509 684 821 1313 
105 726 757 837 985 1030 1153 1252 1361 1427 1430 
26 85 636 650 678 716 729 878 991 1371 
90 137 146 230 359 421 594 598 762 909 
179 336 867 1244 1329 
34 384 418 430 443 473 517 1277 1370 1450 
16 285 868 878 885 986 1096 1107 1179 1241 1318 1341 1424 
332 338 387 488 554 639 921 971 1113 1186 1316 1335 1444 
28 485 650 651 694 785 796 1097 1365 1391 
74 181 264 331 674 782 792 885 1155 1266 1379 
65 228 315 333 481 764 881 978 1104 1253 
122 258 296 362 414 483 586 665 874 1234 1347 1383 
170 359 589 604 653 1008 1018 1086 1143 1269 1287 1325 1344 1347 
152 175 331 543 557 892 907 1023 1196 1222 1306 1348 1440 
201 337 530 563 627 878 1093 1123 1160 
117 158 449 624 660 682 722 763 972 1207 1290 
86 149 555 723 801 1397 1443 
237 247 375 670 793 885 1090 1120 1161 1164 1195 1259 1328 1438 
132 262 280 402 614 691 748 902 923 951 1083 1121 1266 1272 1361 
149 831 875 1164 1218 
171 249 292 491 607 769 909 941 1164 1340 
15 107 110 316 358 643 683 750 846 872 1075 1244 1400 
37 118 328 340 367 374 459 886 1427 
348 612 647 800 1124 1173 1435 
179 230 397 449 472 571 700 882 984 1176 1389 
205 215 249 267 302 323 455 569 928 1016 1071 1130 1231 1254 
15 43 81 285 299 465 527 725 787 916 961 1118 1235 1334 1351 1435 1443 
26 626 795 808 1268 1273 1300 
97 180 297 427 512 603 768 805 859 911 1015 1020 1256 1288 
181 196 232 245 348 434 443 494 505 507 519 764 852 856 1153 1252 
258 284 408 460 468 584 745 863 1183 1217 1266 1317 1348 1418 
57 186 249 315 398 487 733 738 1005 1155 1239 
98 155 170 209 429 667 898 910 913 960 984 1138 1392 1438 1443 
576 632 652 675 719 849 929 943 1068 1190 1392 
90 236 420 457 480 592 643 706 810 915 987 1030 1039 1169 
266 349 549 744 925 1036 1088 1109 1112 1203 1333 
119 368 487 886 945 1062 1129 1227 
7 85 125 220 300 334 481 534 586 861 926 979 1097 1182 1247 
146 184 443 757 809 815 1085 1147 1260 1271 1415 
53 113 137 200 203 222 249 380 465 469 615 813 847 926 956 1022 1035 1432 
100 205 210 238 400 419 450 614 753 1047 1067 1168 1170 
121 180 181 198 201 459 552 702 866 881 912 925 964 969 1191 1252 1354 
150 281 372 633 654 847 971 983 1037 1320 1362 1383 1435 
104 360 557 635 687 722 731 765 787 878 1064 1214 1266 1318 1433 
73 742 747 964 998 1205 
205 370 372 812 857 882 970 1144 
22 120 570 683 687 917 933 939 1056 1097 1124 
36 151 412 451 494 605 660 724 879 965 996 1058 1087 1096 1202 1270 1278 1388 
124 449 517 529 604 652 698 845 945 1212 1305 1308 1381 
414 503 830 882 1020 1117 1165 1260 1341 1349 1420 
67 310 358 377 478 629 852 888 981 1160 
107 947 1122 1246 
64 135 152 472 744 773 824 968 1170 1215 1317 
268 284 361 367 477 809 897 901 928 1106 1343 1396 1452 
227 374 595 600 613 644 807 854 886 950 966 1029 1060 1138 1213 1308 1326 1384 1433 
44 330 490 555 626 696 870 988 1042 1346 1379 
217 231 537 570 629 661 877 958 1103 1115 1122 1174 1292 1301 1390 1417 
103 136 236 643 712 814 923 929 1013 1040 1056 1110 1309 1350 1437 
148 415 443 446 555 646 1356 1360 1405 1443 1451 
75 82 264 312 315 447 658 725 1085 1242 1276 1277 
112 219 221 223 357 636 735 873 977 1028 1107 1209 1331 1398 
163 173 227 480 706 710 797 812 841 1255 1306 1404 1407 1413 
47 177 517 674 724 940 1085 1188 1363 
256 427 431 928 1057 1119 1202 1275 1312 1411 
81 84 260 427 580 1381 1427 1437 
25 109 121 373 420 732 749 1048 1106 1131 1241 1266 
38 120 186 457 701 748 1331 1370 1446 
55 67 70 171 439 494 714 825 907 971 1045 1099 1324 
191 280 300 430 435 461 464 509 570 640 693 922 967 1024 1076 1177 
299 339 363 1113 1246 1295 1328 1409 
372 380 394 482 491 739 793 941 1067 1278 1279 1286 
104 191 258 337 366 558 658 910 998 1068 1201 1381 
166 405 530 579 914 1101 1106 1359 1419 1436 
403 524 791 890 1064 1423 
48 214 903 1073 1096 1351 1438 
107 122 617 712 980 1220 1374 1398 
57 161 321 626 693 735 780 877 946 996 1257 1380 
147 259 396 558 567 610 649 816 826 978 981 1026 1036 1434 
6 9 18 189 220 296 525 769 926 992 1032 1271 1388 1416 
32 49 55 90 93 453 553 599 1004 1086 1286 1323 
2 75 456 539 545 551 702 770 798 984 1075 1216 1369 1377 
78 198 468 543 803 841 895 900 908 1015 1115 1187 1189 1239 1443 
6 103 145 157 161 417 491 681 716 782 1241 
347 418 450 524 579 711 976 1010 1232 1343 1444 
98 221 334 512 686 980 1163 1226 
135 235 256 350 421 429 504 510 1031 1193 1437 
211 248 363 381 473 514 
85 122 208 402 558 672 785 1018 1227 1270 
39 47 159 313 693 698 943 999 1000 1048 1082 1104 1157 
117 179 243 490 574 657 711 744 745 796 849 877 915 1010 1167 1173 1218 1240 1292 1351 
291 586 696 743 753 1277 1346 1355 1382 
33 119 199 360 445 663 829 847 914 971 1254 1318 
31 82 166 464 595 797 1190 1217 1321 
288 390 476 647 786 878 899 1062 1193 1273 
29 154 385 1095 1246 1285 1352 
231 323 671 804 1169 
253 290 560 725 828 928 1230 1281 
2 540 714 1088 1174 1260 
284 381 454 466 578 1186 1243 
312 315 849 859 903 1023 1166 1251 1318 1427 1437 
147 264 286 296 328 606 717 894 953 987 1020 1178 1269 1367 
63 72 229 414 519 1247 1324 
234 243 246 327 359 415 489 537 776 803 854 1034 1207 1236 1432 
148 494 525 594 615 650 666 769 796 873 1023 1051 1079 1170 1215 1220 
123 236 310 346 421 590 773 
72 148 459 506 602 620 784 793 933 980 1059 1081 1282 1364 1425 
31 87 152 387 541 571 699 736 805 828 862 918 925 996 1048 1180 1204 1316 
14 51 223 490 633 842 854 1138 1188 1230 1247 1282 
20 54 151 330 733 822 853 1230 1266 1419 1449 
252 268 430 522 534 830 888 936 1179 1422 1432 
41 104 140 344 515 679 883 1064 1100 1172 1246 1271 1289 1413 
20 66 113 325 739 760 851 893 993 1067 
6 64 133 236 379 431 508 512 539 573 905 1172 1190 
185 342 505 518 927 1006 1134 1187 1241 1365 1381 
362 517 518 531 557 741 849 866 965 995 1067 1069 1070 1230 1231 1426 
106 314 349 541 576 623 801 945 1034 1099 1176 
368 421 636 671 679 1005 1149 1320 1372 
6 43 46 167 182 352 631 753 816 895 935 969 1139 
118 132 206 330 522 596 783 814 877 1041 1090 
37 73 121 318 423 468 527 529 634 1084 1145 1248 1277 
31 55 287 292 297 299 447 550 827 1017 1021 1090 1102 1153 1381 
34 214 355 439 492 555 572 592 612 677 773 877 904 1041 1043 1249 1310 1338 
49 484 549 591 746 757 801 822 1033 1160 1162 1195 1212 1238 
41 90 243 459 511 1073 1139 1190 1254 1282 
325 545 632 839 1021 1106 1147 1238 1263 
135 174 378 469 629 712 834 939 1256 1333 
119 307 548 609 788 925 959 975 1074 1165 1433 
197 211 383 491 655 981 1118 1250 1419 
34 225 462 488 536 599 1150 1192 1197 1237 
180 195 251 431 597 868 997 1028 1056 1159 1226 1243 1311 
18 44 121 279 387 676 712 718 786 828 865 889 962 1156 
5 82 134 326 409 483 497 628 700 813 899 1194 1310 1433 
274 379 383 501 544 571 954 959 977 997 1027 1046 1087 1200 1251 
34 61 145 320 370 652 752 753 973 1012 1080 1205 
97 123 177 302 315 402 492 573 581 587 625 679 681 811 855 906 961 
18 90 144 152 457 474 573 649 711 926 935 959 1268 1390 
79 132 193 226 287 381 450 570 595 610 713 909 950 960 1057 1148 1189 1347 1385 
145 288 616 662 960 1131 1163 1360 1423 
77 130 148 178 214 220 403 411 450 457 583 591 969 1112 1157 
68 226 244 348 363 380 522 669 732 734 862 934 1034 1131 1186 
61 226 277 562 702 789 953 962 1083 1142 1162 1173 1204 1259 1362 1410 
280 402 656 668 720 772 838 1091 1193 1271 
86 362 980 1010 1178 1275 1427 
242 340 439 544 1135 1143 1191 1237 1266 1276 1377 
198 410 520 552 626 1181 1265 1335 1443 
17 90 147 163 232 306 313 548 558 1067 1172 
23 56 255 405 757 778 1063 1369 1419 
169 255 282 330 350 413 457 514 546 615 643 676 736 796 856 858 962 1178 1421 
11 18 54 356 359 579 792 812 839 869 911 994 1259 
29 231 239 329 338 370 588 766 768 787 849 864 1215 1344 1412 
220 542 722 762 1028 1182 1317 
52 287 289 366 427 580 692 925 1121 1261 1269 1315 1326 1382 1413 1428 1432 
67 251 368 389 422 594 605 1097 1113 1362 1379 
106 132 212 386 460 462 541 870 873 1085 1227 1289 
6 195 217 323 882 1156 1190 1284 1382 
76 107 179 202 312 367 521 668 681 838 1094 1183 1242 1376 
24 96 103 245 358 418 619 749 782 1024 
114 307 753 760 804 961 1065 1152 
185 268 292 467 722 822 1310 1350 1402 
21 108 311 327 451 533 628 676 812 871 935 1110 1254 1265 1277 1343 1418 
431 534 771 965 990 1282 1289 1291 1379 1412 1440 
73 442 443 525 587 693 819 861 1254 1363 1403 
209 234 239 385 585 1098 1172 1245 1448 
214 338 461 470 518 729 1043 1104 1253 1383 1444 
396 741 1093 1227 1378 1408 
99 282 360 361 366 500 1102 1153 1199 1221 
162 243 304 501 768 769 881 917 987 1130 1231 1449 
29 127 231 278 459 463 616 867 879 932 954 1080 1142 1354 
6 170 291 366 455 580 970 1069 1139 1260 1416 1426 
91 92 326 474 475 484 485 574 601 873 1229 
24 231 271 505 614 826 1125 1153 1234 1423 
111 156 200 209 309 360 608 705 942 1215 1253 1331 
230 237 279 317 420 471 513 1063 1283 1374 1419 
108 300 347 375 481 655 1044 1344 1346 
111 214 239 283 325 374 543 605 780 833 909 1038 1438 
431 519 660 744 765 953 1229 
72 258 301 579 643 1134 1179 1309 
233 236 267 275 520 558 633 737 779 790 912 978 1086 1137 1203 1214 1325 1390 
21 240 290 334 373 379 719 970 1262 1364 1382 1420 
22 35 519 567 570 651 796 828 872 973 1037 1219 1225 1286 1309 
122 131 295 418 530 880 1016 1037 1146 1157 1158 1164 1261 1270 
48 87 131 140 199 209 261 333 491 576 774 986 1075 1164 1216 
140 176 549 773 911 950 1045 1133 1397 
455 520 771 819 838 1391 1428 1440 
70 95 259 351 448 509 531 623 767 846 864 878 894 1061 1220 1259 1263 1390 
110 638 820 936 949 1076 
257 452 498 1048 1152 1323 1355 1375 1403 
34 62 300 317 345 571 912 1178 1193 1299 
87 155 338 352 470 942 1172 1174 1271 1336 1413 1429 
296 383 495 577 601 791 1081 1131 1253 1286 1393 
517 1139 1258 1388 1398 1410 
784 929 1046 1056 1115 1132 1163 1243 1351 1399 
95 135 138 235 278 327 383 607 732 819 832 993 1109 1205 1287 1398 1417 
45 238 391 594 636 706 1148 1179 1241 1276 1367 1383 1392 
269 332 380 545 617 649 703 724 1054 1071 1340 1442 
129 503 671 783 1212 1368 
172 217 255 401 624 685 694 1101 1119 1144 1160 1299 
17 307 372 416 883 942 1016 1087 1151 1157 1335 1341 1383 
134 154 330 521 531 597 708 800 847 1045 1169 1257 1313 1340 1384 1410 
46 98 103 135 286 553 635 759 813 1171 1442 
8 136 185 221 323 401 585 618 680 684 791 907 961 971 1177 1264 1340 
5 138 169 581 622 741 804 1014 1017 1149 1182 
72 460 547 695 737 769 1051 1079 1091 1297 
281 446 465 679 780 802 1060 1213 1221 1239 
43 169 200 582 782 816 960 1075 1141 1173 1209 1211 1380 1382 
50 148 359 475 675 738 768 881 919 949 958 1111 
226 227 336 354 387 717 740 1078 1175 1322 1445 
629 782 1126 1248 1320 
18 397 415 436 478 490 571 691 767 840 1240 
86 188 253 281 381 443 525 690 795 797 819 1019 1029 1067 1190 1198 1234 
183 184 526 575 863 1088 1099 1147 1218 1329 1398 
75 125 140 166 466 498 604 622 642 665 726 829 1002 1201 1230 1342 
387 565 811 850 1047 1228 1435 
221 382 385 592 834 871 938 1174 1234 1320 
142 283 1250 1335 
205 232 241 321 1194 1209 1343 1416 
256 489 535 689 827 866 878 1059 1068 1080 1093 1115 1158 1193 1310 1346 1388 1430 
48 495 578 589 713 854 972 1371 
148 294 303 426 697 719 755 1077 1185 
25 86 135 524 567 613 933 962 983 1062 1150 1201 1299 1384 1417 
41 170 345 549 601 611 1033 1097 1137 1230 1328 
80 374 393 449 464 498 556 660 794 806 819 1088 1128 1160 1191 1238 1324 1327 1363 
89 97 163 225 392 678 949 1017 1068 1297 
159 236 302 340 341 454 489 685 1006 1077 1143 1363 1428 
68 129 268 284 298 336 830 981 
21 74 112 132 274 361 379 410 536 635 715 817 818 880 917 937 1113 1192 1412 
266 290 332 455 799 812 1109 1193 1243 
14 45 50 298 682 876 998 1034 1055 1109 1140 1169 1209 1412 
43 47 97 290 538 666 1097 1120 
91 545 583 867 974 1023 1120 
20 117 489 731 779 841 1016 
153 390 453 599 617 689 832 992 1146 1287 1331 1410 
21 166 191 305 323 623 675 692 783 807 990 993 1030 1048 1155 1157 1173 1210 1288 1388 
173 242 371 377 505 580 657 740 796 1222 1349 
94 377 524 641 717 764 773 811 916 970 1204 
70 78 164 335 359 569 596 721 822 968 1144 1400 
2 177 300 479 1120 1129 1229 1239 1289 
76 301 480 708 726 779 1062 1242 1281 1336 1396 1413 1426 
94 231 252 362 407 506 561 623 721 841 894 1043 1078 1282 1391 
389 468 571 734 774 968 984 995 1160 1203 1210 1286 
141 370 468 475 594 684 840 1025 1065 
34 346 402 442 1210 1315 
15 56 408 490 784 855 953 1025 1106 1139 1405 1418 
138 185 392 486 754 840 906 1001 
22 73 167 210 317 368 571 606 711 741 1338 1368 1445 
55 420 642 761 765 908 1119 1357 1376 
190 440 462 647 657 687 699 766 863 902 1026 1384 
2 62 164 287 307 401 518 667 674 767 805 932 940 987 1029 1252 1272 1445 
199 576 674 742 837 
618 639 704 1237 1246 1269 
226 374 686 714 886 1077 1347 
153 181 232 438 495 580 673 693 758 869 983 1106 1326 1348 
51 185 234 326 486 548 611 729 737 920 1342 1441 
77 369 456 479 520 612 828 894 943 954 1014 1030 1320 1341 
41 96 387 389 396 433 473 474 537 733 817 1013 1310 1424 
207 356 462 696 779 955 992 1005 1034 1098 1377 
239 482 864 933 935 1028 1063 1111 1445 
96 135 175 362 689 701 704 744 844 1011 1373 1427 
70 112 243 422 788 845 889 930 1098 1104 
65 393 596 866 915 964 1107 1226 1229 
18 105 459 469 517 578 593 666 698 740 890 950 1021 1171 1181 1208 1266 1304 1407 
192 430 472 632 690 1179 1435 
47 87 229 396 427 455 506 537 734 884 1113 1326 1424 1429 
44 294 484 539 592 644 675 699 772 981 1050 1248 1330 
3 19 89 120 185 634 866 989 
110 129 205 497 590 657 777 810 817 821 878 1201 1291 1421 
30 56 238 788 1015 1036 1057 1156 1395 1440 
2 40 88 134 147 295 472 577 603 656 822 831 894 1080 1102 1200 
835 1004 1027 1056 1093 1141 1149 1385 1422 
30 38 195 236 272 295 378 670 1372 
324 409 540 678 968 1015 1092 1166 1257 1263 1303 1414 
47 58 300 443 568 695 823 1025 1027 1142 1329 1386 1394 
27 329 356 400 536 560 617 703 792 809 890 1012 1256 1444 
25 461 470 535 737 890 1129 1236 
241 278 291 323 695 745 988 996 1015 1023 1035 1043 1117 1151 1271 1333 1360 
93 140 310 430 534 596 768 1062 1227 1390 
342 359 398 533 649 719 1104 1201 1301 1312 1329 1389 
47 227 240 415 561 615 812 1271 1372 1417 
20 136 466 765 785 805 858 1067 1119 1270 1385 1449 
75 550 737 925 1037 1054 1260 1321 1326 1371 
70 383 473 522 639 723 1313 
57 655 692 912 918 1001 1110 1116 1221 1281 1438 
20 548 647 734 918 1384 1404 1449 
124 364 405 531 677 846 878 940 1085 1175 1324 
58 95 170 298 356 526 564 656 816 838 1076 
3 138 224 375 407 508 918 1057 1194 1247 1264 1410 
31 241 283 333 368 530 577 605 723 797 905 1238 1287 1404 1417 
9 77 298 300 338 399 400 406 427 605 651 998 1444 
359 374 462 501 726 758 875 1044 1171 1294 1423 
38 138 438 478 548 1403 
301 543 643 691 756 846 938 1070 1244 1248 1250 
36 65 332 487 589 612 682 846 925 971 1056 1099 1247 1303 
234 325 532 632 690 1028 1261 1302 1370 1378 
202 415 883 1019 1103 1133 1209 1265 1416 
205 361 580 584 594 687 900 923 1062 1199 1223 1392 1449 
300 399 422 578 779 852 862 880 1033 1389 
59 219 353 452 726 835 899 1105 1140 1223 1266 1410 
103 204 273 316 412 496 513 553 675 696 747 758 762 796 983 1024 1061 1062 1186 1300 
313 395 639 662 828 964 969 972 1047 1063 1080 1301 
38 87 100 146 344 405 768 779 968 1099 1283 
33 174 241 261 544 809 925 1107 1208 
37 143 331 352 416 566 606 916 961 1076 1124 1139 1241 
61 307 445 496 516 1021 1144 
51 79 112 400 1039 1045 1421 
90 270 342 587 837 1091 1217 1446 
69 276 549 582 638 1043 1140 1236 
215 274 430 457 656 675 708 762 859 970 1027 1108 1383 
54 100 272 693 744 807 1000 1295 1384 
36 69 200 299 436 617 688 1391 1405 
51 53 298 524 798 874 904 945 1122 
74 190 227 281 601 815 935 966 1108 1187 1324 1407 
229 299 354 357 361 441 503 673 786 943 1051 1068 
50 102 266 354 514 827 864 1035 1092 1190 1202 
189 322 368 417 497 599 621 637 875 1112 1211 1271 1273 1415 
460 550 609 702 733 1155 1228 
17 61 85 95 261 431 573 647 887 915 951 1013 1058 1163 
194 273 488 502 676 840 973 1036 1402 
664 830 902 909 1150 1243 
393 655 662 720 807 1245 1294 
53 66 113 155 214 222 248 293 636 803 976 1022 1130 1196 1436 
198 367 650 792 824 995 1055 1116 1342 1446 
62 990 1026 1052 1267 1329 1382 
347 787 1166 1319 1327 
25 317 460 507 558 661 669 739 822 933 970 1307 1380 1382 
167 247 525 597 701 789 1125 1222 1387 1452 
149 194 411 486 601 801 901 1042 1236 
111 451 688 761 1205 1295 
255 344 346 462 490 629 873 1130 1193 1305 
251 312 371 392 486 492 700 878 1214 1342 1441 
247 489 560 667 698 1059 1105 1202 1210 1425 
71 210 483 535 536 828 1126 1254 1373 
119 129 152 315 502 588 921 924 947 996 1098 1114 1121 1163 1170 
64 154 294 356 469 567 632 658 797 1140 1201 1204 1228 1254 1371 1373 1391 
319 379 434 606 684 752 782 846 861 1061 1092 1213 1243 1247 1356 
29 71 93 152 425 436 451 563 578 981 1104 1248 1269 1296 1332 1357 
236 271 468 497 546 668 764 1186 1318 1328 
59 298 355 396 401 515 521 545 693 806 897 907 926 959 1044 1321 
57 383 632 800 905 935 962 1374 1406 1424 
168 253 297 307 342 456 597 617 679 722 744 1097 1128 1240 1266 1282 
4 147 271 313 420 534 535 556 783 1074 1326 1345 1399 
108 178 217 292 350 530 561 576 580 913 961 1106 1185 1227 1234 1325 1394 
187 210 484 758 994 1014 1058 1233 1288 1358 1382 
130 360 374 459 621 653 683 713 729 877 991 1082 1083 1243 1344 1411 1435 
135 189 205 284 424 435 1239 
256 438 471 721 765 831 909 1044 1321 1390 1431 1442 
37 208 356 516 613 619 801 1316 1425 
110 238 278 758 907 948 1103 1287 1439 
44 358 401 706 732 1066 1232 
9 20 247 350 594 649 855 1110 1125 1240 1242 1260 
140 334 362 442 499 574 771 780 959 1030 1044 1241 1389 
7 310 456 484 783 859 1071 1285 
55 90 229 844 973 1002 
99 351 373 516 541 556 631 752 796 842 918 973 975 1208 1366 
96 120 161 209 216 274 451 709 804 856 1040 1211 1236 1339 
52 83 257 264 326 366 436 453 639 690 736 886 913 917 929 1006 1048 1111 1332 1336 
14 66 228 333 340 497 504 514 788 839 1108 1292 1358 
130 205 208 239 288 691 739 790 837 956 963 1005 1037 1387 
249 399 698 901 925 1001 1111 1310 1360 
172 243 644 660 674 1011 1046 1214 
122 146 236 288 401 412 762 872 953 1010 1119 
160 248 382 394 407 543 563 719 866 982 1190 1240 1248 1281 1335 1346 
15 205 302 471 474 501 519 522 606 959 994 1113 1392 
10 44 303 333 344 393 548 574 610 734 840 844 1199 1210 1275 1277 
13 298 337 1111 1160 1201 1238 1287 
206 610 646 891 1320 
64 124 176 206 299 308 328 340 396 408 505 538 613 776 818 871 1043 1088 1363 1419 
65 145 295 344 394 423 495 528 958 1028 1128 1218 1265 1343 1419 1445 
8 32 153 164 454 687 900 957 1106 1242 1269 1327 1336 
33 60 195 377 506 509 580 968 1019 1080 1209 1292 
149 163 356 370 408 463 465 521 678 701 710 712 848 928 1122 1158 1177 1196 1222 1415 1416 
13 22 108 136 535 639 867 873 904 1003 1099 1228 
15 223 521 912 958 959 961 1197 1315 1353 
26 219 273 347 591 628 722 986 1005 1020 1159 1318 
73 104 211 242 309 998 1035 1123 1187 1220 1338 
38 64 86 108 137 225 380 462 501 1056 1304 1312 1387 
123 221 222 299 364 388 619 713 808 991 1155 1379 1395 
75 107 118 378 410 492 627 663 690 703 749 755 1164 1218 1287 
16 330 498 603 630 674 739 1031 1039 1051 1072 1114 1149 1192 1307 
203 226 296 344 1201 1233 1273 
95 156 218 300 414 586 597 875 1238 1312 
316 348 439 525 879 1051 1266 
15 268 456 596 632 741 754 1394 
242 870 980 1089 1152 1159 1201 
401 425 545 628 648 759 768 841 1093 1104 1176 1181 1438 
166 394 528 805 1000 1013 1038 1047 1127 
62 98 158 413 469 773 1073 1076 1092 1262 1311 1392 
141 310 419 470 549 827 886 937 1004 1122 1369 
11 46 240 285 416 421 524 707 995 1007 1107 1114 1135 1149 1447 
87 424 496 577 586 683 795 852 1002 1067 1082 1124 1224 1331 1433 
82 106 166 409 443 493 530 581 778 845 1396 
204 289 367 524 590 641 678 873 904 1024 1031 1063 1210 1233 1316 
197 248 384 536 546 670 743 1302 1378 
202 225 431 606 642 741 883 964 970 1003 1244 1249 1394 
149 397 759 1066 1076 1082 1108 1131 1194 
12 176 247 327 508 512 525 686 701 730 982 1030 1057 1133 1213 1322 1337 
39 87 88 123 286 333 515 554 625 853 1256 1294 1297 1306 1416 
342 349 420 494 519 564 797 910 918 938 945 1007 1116 1354 1370 
26 183 226 530 532 595 654 674 690 1437 
106 144 242 294 419 427 450 503 673 822 892 1212 
181 449 494 566 643 739 994 1158 1216 1328 1332 1344 
48 205 248 334 529 542 559 884 927 958 994 1006 1055 
160 292 447 619 721 811 923 1045 1108 
7 43 138 369 374 406 526 900 1103 1374 
