1475 8778
229 369 384 795 836 862 912 926 1055 1151 1374 
57 86 101 232 239 362 375 506 511 519 740 761 802 903 965 971 979 1131 1202 1356 1429 
27 591 908 1022 1116 1374 
100 109 124 333 447 459 465 745 819 826 1034 1035 1059 1149 1300 1400 
276 297 399 418 573 587 590 601 646 652 676 968 1038 1235 1388 
49 71 285 492 554 659 665 765 792 874 875 882 883 1169 1180 1270 1275 1349 
140 241 409 674 684 756 775 811 897 1006 1051 1123 1138 1171 1294 1330 1425 
136 355 360 560 652 703 828 963 1133 1145 1364 
50 721 892 946 1138 1245 1352 
67 261 315 486 614 657 803 906 1025 1096 1144 1274 1416 
163 243 320 347 509 743 837 875 895 1006 1317 1441 
159 386 485 670 710 711 823 884 890 925 1272 
217 286 357 367 574 851 865 899 990 997 1107 1297 1298 1308 1404 
199 399 455 481 493 568 604 822 874 
25 49 312 379 547 588 613 853 904 909 1064 1200 
74 153 158 182 430 1072 1138 1143 1182 1257 1459 
227 298 351 419 534 598 866 944 975 1043 1098 1120 1473 
328 366 407 482 634 656 764 842 1002 1132 1230 1280 1406 1430 1436 
53 64 131 132 351 495 864 954 973 1170 1240 1331 1349 1358 
203 258 345 507 653 725 775 793 864 1124 1223 1304 1367 1403 1427 
81 326 355 516 566 676 679 1049 1064 1105 1185 1291 1317 1384 
537 607 629 670 743 950 1015 1453 
27 33 196 199 446 551 641 730 830 1037 1180 1282 1322 
110 140 191 380 570 846 898 938 998 1004 1008 1045 1209 1250 1265 1349 
15 34 87 380 485 746 759 767 871 1046 1375 
34 70 169 206 259 339 558 664 908 923 997 1038 1080 1151 1163 
3 23 124 473 568 668 752 836 1165 1225 1252 1325 1402 
70 185 301 519 642 834 848 953 1062 1112 1337 
87 104 166 183 223 613 659 679 871 970 1005 1065 1069 1304 1383 1426 
112 234 263 348 400 499 531 622 858 960 1071 1085 1108 1126 1130 1171 1300 1321 1351 1385 
32 44 196 210 303 385 386 609 868 919 1021 1050 1224 1296 1459 
31 116 276 379 458 481 653 716 752 760 776 835 926 1158 1344 1366 1387 1446 1465 
23 46 391 458 459 511 570 624 658 763 797 976 1102 1190 1214 1221 1261 
25 26 213 266 390 469 535 638 769 808 1093 1241 1350 
100 177 197 237 296 496 894 1044 1052 
54 225 280 336 440 533 539 633 749 843 1111 1314 
45 70 158 185 199 350 450 537 656 773 985 1198 1340 1453 
85 150 409 668 791 971 1007 1099 1157 1233 1463 
120 197 259 349 482 546 691 853 1255 1299 
77 92 196 313 314 320 333 460 502 533 554 584 748 841 1263 1327 1336 
301 303 318 395 475 527 723 727 791 977 1131 1227 1246 1271 
132 465 538 620 1121 1143 1164 1206 1283 1379 
349 399 581 692 748 818 854 903 1008 1240 1254 1277 1366 1451 
31 218 383 425 802 848 870 1024 1101 1332 1343 1445 
37 255 387 458 485 897 1255 1306 1339 
33 121 140 378 474 668 843 887 1111 1121 1186 1342 1404 1445 
264 386 488 529 588 621 627 684 911 1109 
249 390 474 513 904 964 1006 1091 1096 1432 
6 15 83 147 288 298 384 421 716 1322 1331 1349 
9 67 138 150 303 338 369 418 465 514 529 550 685 814 973 994 1023 
164 197 298 367 516 775 1101 1140 1173 1266 1407 
74 140 318 335 385 438 921 1005 1009 1112 
19 139 192 196 453 564 582 609 989 1035 1190 1228 1240 1338 1396 1422 1435 1469 
36 508 522 545 609 731 920 1021 1101 
185 409 594 626 817 909 923 1103 1150 1206 1243 
150 271 317 498 545 704 986 1066 1223 1380 
2 131 215 399 449 476 537 911 919 967 1067 1301 1350 1454 
175 529 655 814 1189 1447 
126 131 163 209 305 394 446 502 835 973 1165 1232 1279 1305 1341 1418 1425 1429 
307 396 514 579 667 692 754 894 1001 1011 1317 1374 1454 
151 167 278 444 549 992 1060 1173 1427 1428 1452 
235 731 786 841 1017 1020 1152 1165 1412 
250 278 391 471 634 964 1083 1254 1402 1475 
19 86 181 476 688 696 728 784 786 1130 1464 
182 205 421 566 595 855 1144 
230 436 553 602 604 718 1133 1203 
10 50 668 696 706 721 894 1087 1104 1149 1343 1427 
143 256 363 441 454 652 870 941 1018 1051 1196 
85 227 377 432 452 454 674 682 692 955 1358 1378 
26 28 37 251 350 370 855 933 996 1107 1289 1392 1424 1465 
6 144 824 917 921 1057 1108 1210 1259 1308 1406 
163 186 260 360 418 530 719 833 849 985 1060 1082 1262 1327 1388 1442 
86 187 201 237 422 508 607 646 661 874 1385 1422 
16 52 76 140 369 523 556 579 817 837 987 1000 1143 
373 389 505 885 
74 396 609 892 1126 1127 1300 1451 1454 
40 112 203 286 318 416 668 732 956 980 1248 1328 1358 
92 201 237 297 392 442 725 814 961 1009 
172 202 320 636 679 787 897 936 1125 1193 1306 1430 
99 292 413 422 501 519 671 808 876 910 1075 1262 1313 1327 1346 1449 
21 100 175 227 273 346 366 462 554 696 909 1002 1042 1113 1287 1368 1408 
245 261 354 448 474 595 702 710 764 812 857 892 1020 1172 1343 1404 
49 242 573 661 775 1370 
290 452 646 697 851 1079 1174 1260 1467 
38 69 205 357 439 443 552 749 809 927 938 1189 1254 1326 
2 64 73 228 535 1058 1118 1167 1185 1300 1323 1329 
25 29 121 178 453 826 1113 1222 1455 
215 324 429 953 1167 1308 1429 1462 
112 454 580 835 843 1047 1081 1222 
302 337 396 734 1050 1192 1242 
120 128 230 342 491 515 605 706 966 969 1064 1205 1219 1262 1370 1455 
40 78 202 208 296 351 487 518 749 751 782 905 943 1171 1232 
183 276 323 343 361 386 526 646 662 727 762 778 1026 1125 1196 1242 1287 1294 1308 1422 
155 175 581 711 739 1158 1159 1196 1326 1355 1434 1462 
279 308 574 638 650 871 934 1183 1234 1304 
146 331 438 828 1002 1122 1404 1421 
362 714 721 852 869 921 954 999 1027 1357 1449 
299 333 947 1054 1235 1398 1456 
80 154 213 219 272 480 602 610 629 815 835 887 1067 1254 1364 
4 35 81 236 412 453 685 737 831 1083 1106 1135 1239 1353 1400 
2 414 456 701 873 1079 1167 1256 1349 1375 
130 178 182 334 358 362 392 442 831 837 1062 1099 1209 1244 1362 1405 
366 384 647 932 1081 1189 1431 
29 679 803 953 1203 1243 1292 
449 509 760 916 1045 1089 1158 1214 1445 
130 132 178 227 244 286 411 492 696 796 1140 1153 1161 1216 1338 1391 1426 
275 372 527 552 587 635 639 713 866 963 1021 1080 1115 1302 
153 368 559 626 634 663 671 874 1111 
4 254 539 706 846 911 1037 1138 1254 1381 1416 
24 177 363 408 466 583 626 652 695 722 752 842 1014 1097 1305 1348 1424 1435 1455 
158 161 211 397 587 654 856 917 994 1224 
30 77 89 118 209 338 366 647 804 810 1221 1269 1295 1302 1468 
238 260 436 529 748 772 893 900 941 1065 1416 
161 177 265 426 610 781 855 899 925 1182 1243 1307 1468 
238 359 461 526 656 688 748 830 839 1031 1119 1310 1351 1363 1388 
32 229 344 362 397 575 727 836 1132 1209 1399 
167 180 191 196 199 344 366 373 541 558 633 650 711 1125 1145 1375 
112 375 406 603 685 841 1041 1163 1271 1366 
131 270 307 570 872 1019 1099 1214 1224 
39 91 408 477 489 624 837 1031 1146 1166 1184 
46 87 164 858 865 980 982 1063 1118 1176 1282 1308 
134 228 561 663 806 833 1017 1029 1092 1158 1214 
166 497 590 593 666 765 878 1079 1096 1225 1317 1348 
4 27 211 349 553 660 748 818 907 
216 389 546 839 847 957 1133 1347 1366 1381 1467 1468 
59 151 300 385 510 840 848 1374 1441 
214 251 590 597 656 658 693 839 1080 1257 
91 148 667 708 782 812 979 
212 306 359 439 480 521 741 784 1195 1281 1304 1453 
102 106 439 459 595 628 751 794 840 870 890 1131 1289 1437 
19 57 59 119 669 927 1020 1025 1103 
19 42 106 177 305 436 554 602 682 693 1122 1280 1431 1458 
210 239 272 432 596 614 627 792 838 919 1091 
122 156 175 190 427 436 455 794 845 945 975 1393 1401 1444 
190 271 416 436 516 1037 1041 1076 1167 1208 1229 1238 1354 1394 
8 353 405 458 727 797 829 1038 1096 1120 1298 1421 1427 1429 
166 203 276 389 457 466 532 584 910 1159 1217 1269 1375 1425 1426 
50 223 381 856 994 1022 1081 
53 395 460 620 639 648 696 724 926 1303 1410 
7 24 46 52 74 331 354 450 640 725 768 811 968 1122 1138 1153 1322 
317 354 437 601 619 1107 1345 1354 
221 388 519 621 652 917 957 1036 
68 215 244 536 785 909 974 1014 1093 1359 1406 
71 180 184 493 745 818 1079 1195 1274 1276 1364 
233 334 486 780 795 978 1177 1299 1442 
96 182 280 333 337 647 783 854 1009 1252 1475 
49 220 600 763 964 966 1005 1175 1354 1394 
128 152 352 748 831 1087 1159 1314 
183 190 246 349 400 445 611 615 627 654 683 845 1029 1104 1106 1261 1410 1428 1461 
38 50 56 192 373 465 530 632 864 1142 1241 1474 
61 126 378 385 501 671 1009 1113 1280 1337 1410 1424 1447 
148 210 214 260 275 426 539 604 644 875 1013 1017 1032 1204 1276 1326 
16 108 247 302 341 448 452 459 612 756 960 1131 1291 1344 
99 167 250 646 732 751 866 898 1200 1210 1262 
94 156 233 547 599 647 793 1010 1151 1186 1462 
134 155 353 493 836 1019 1109 1259 1332 1420 
287 344 409 517 697 863 881 890 1088 1204 1216 1261 
16 37 111 311 728 844 1002 1315 1400 1403 
12 178 268 303 335 384 426 532 697 727 738 839 872 878 960 1379 1404 
213 246 322 472 611 701 952 982 1014 1238 1345 1383 
111 114 354 394 395 553 673 770 808 908 998 1001 1145 1291 1377 
373 447 501 512 866 1123 
11 59 72 214 606 627 857 912 1211 1241 1295 
51 121 351 509 585 600 704 732 767 884 974 1024 1089 1104 1164 1399 
385 488 538 740 791 855 955 1289 1358 
29 123 137 628 632 662 786 816 878 955 1363 
61 117 154 186 291 350 421 463 736 840 941 949 989 1054 
240 443 460 799 860 870 1228 1317 1335 1402 
26 224 420 500 558 564 840 1015 1034 1068 1077 1208 1218 1342 1423 
221 335 473 568 719 804 909 950 964 1012 1079 1270 1317 1332 1403 1422 
262 644 869 950 975 988 1094 1170 1206 1235 1425 
79 193 251 270 319 619 738 870 880 1138 1446 
179 305 367 388 574 934 1077 1135 1145 1422 
327 388 775 980 1021 
58 81 94 134 209 313 531 671 707 851 1133 1173 
193 194 228 303 304 569 1095 1145 1183 1209 1286 1309 1361 
35 110 114 132 404 542 576 582 727 954 955 1002 1010 1155 1327 
87 102 106 159 207 283 300 459 500 541 554 664 698 704 712 743 810 985 996 1292 1360 1404 1469 
173 250 269 397 553 554 680 704 740 1262 1366 1470 
117 144 270 404 507 551 578 787 1041 1090 1339 
64 271 433 459 502 611 733 908 985 990 1212 1283 1474 
16 65 102 146 198 584 1056 1216 1396 1442 
29 93 149 258 336 497 532 574 843 846 1003 1009 1064 1076 1102 1150 1207 1462 
144 188 195 246 347 502 507 591 621 703 863 903 910 1320 
28 37 55 358 407 705 764 863 1081 1209 1256 1273 1414 
72 167 866 933 1004 1009 1026 1027 1034 1165 1167 
73 265 431 444 599 683 777 879 951 1165 1272 1292 1426 1437 1469 
184 222 226 391 404 534 577 714 1130 1178 1306 1384 
311 487 521 529 652 709 786 831 997 1016 1039 1061 1184 1203 1331 1391 
134 135 149 237 316 437 492 589 659 711 825 851 1090 1257 1325 1379 1435 
24 117 282 511 515 567 582 643 682 764 798 868 918 947 1121 1216 1454 1468 
53 150 228 368 590 1006 1109 1136 1163 1189 1422 1455 
172 176 250 298 486 611 709 768 932 1047 1276 1352 
176 510 524 611 795 880 1255 1332 1365 
184 333 353 386 457 521 533 746 1019 1161 1210 1230 1242 1336 1358 
23 31 40 53 117 229 299 374 438 733 755 851 917 1100 1402 1443 
35 39 51 293 587 810 935 1030 1172 
182 339 391 398 415 569 642 661 707 1055 1148 1288 1371 1405 
14 23 37 117 705 724 744 827 842 997 1044 1202 1364 
410 546 711 735 758 901 1387 
73 78 495 522 525 809 902 1198 1240 1267 1427 
79 92 408 648 745 784 948 985 1057 1221 
20 77 137 243 531 563 679 788 856 911 994 1051 1324 1365 1418 
232 299 393 567 717 801 820 
65 85 232 538 547 633 749 787 913 970 971 1145 1296 
26 261 453 523 788 929 931 937 1010 1029 
178 294 304 409 759 892 894 949 1017 1050 1243 
92 314 315 440 566 724 827 845 1067 1182 1370 
59 112 175 235 239 292 650 739 749 821 889 1062 1078 1180 1207 1288 1364 
31 133 152 245 262 430 491 513 896 923 973 980 995 1097 1240 1287 1400 1405 1452 
111 124 221 231 486 500 660 923 1029 1041 1060 1154 1267 1317 1402 1405 1415 1421 
129 410 564 585 701 705 819 967 1185 1393 
34 99 160 286 501 855 887 996 1036 1059 1235 1260 1316 1344 
127 152 163 349 352 410 480 517 564 933 1070 1338 
57 88 143 230 264 290 560 595 597 749 823 844 1367 1433 
125 251 434 551 574 807 818 935 947 1083 1087 1159 1268 1286 1349 1436 1455 
13 240 317 510 522 765 1225 1344 
44 229 564 565 639 993 1173 1382 
99 412 561 603 741 768 845 966 1032 1041 1087 1226 1257 1323 1436 1439 
147 340 402 514 526 552 594 752 761 819 821 888 1001 1023 1054 1323 
142 170 211 256 416 438 450 540 546 684 787 816 819 941 979 988 997 1053 1228 1366 
188 496 625 827 1188 1273 1401 
29 138 493 862 1030 1365 1381 1422 
169 551 561 879 899 1068 1122 1410 
36 231 371 476 516 542 740 1177 1229 
188 258 396 459 633 660 876 947 981 1242 1335 
17 69 81 106 319 399 586 587 606 656 668 1172 1241 
86 122 176 192 263 406 584 821 1010 1244 1461 
1 116 196 218 403 507 545 772 1168 1226 1238 1417 1462 
66 91 215 232 249 382 523 636 777 1270 1414 1445 
211 225 234 337 603 687 697 715 750 950 
2 204 205 230 319 376 603 828 1371 
145 155 343 377 602 610 771 827 835 886 985 1113 1119 1126 1154 1244 1284 1300 
30 231 354 572 633 850 909 
62 209 268 465 615 706 808 973 1022 1257 1290 1393 1474 
100 394 422 424 470 574 843 1167 1233 1242 1325 1348 1376 1449 
35 73 78 190 264 285 383 448 595 662 701 871 1210 1433 
113 115 263 668 782 794 806 927 999 1119 1254 1402 1405 1421 1471 
2 133 209 445 566 668 759 874 888 977 1156 1255 
168 217 255 412 660 1012 1183 1206 1408 1422 
7 286 392 399 433 455 464 662 666 1409 
83 275 360 374 493 494 582 668 1098 1156 1176 1316 
11 203 630 700 803 873 982 999 1128 1307 1416 
106 143 381 454 778 899 1055 1061 1194 1343 1388 1448 
82 210 331 446 474 700 922 954 1217 1222 1228 1313 
149 160 184 294 493 633 636 736 744 762 772 774 797 1411 
153 459 473 765 847 880 1157 1164 1189 1195 1237 1239 1316 1418 
290 291 313 696 890 928 950 1198 1238 1266 1325 1341 1362 
48 230 441 564 638 656 679 906 1050 1188 1280 1333 1446 
63 154 179 193 428 491 521 627 758 826 1169 1210 1260 1386 
70 127 172 216 301 359 434 529 585 649 745 775 932 1215 1266 1341 1358 
449 467 556 589 596 730 957 971 1007 1158 
290 350 517 803 872 873 953 961 969 978 1009 1078 1091 1431 
109 531 729 985 1193 1229 1350 1369 
45 240 544 583 792 850 1058 1220 1239 1266 1350 
68 221 315 320 334 343 386 388 395 421 430 449 466 529 820 833 950 1104 1138 1161 1194 1339 
727 1077 1364 1437 1468 
20 183 226 322 343 459 594 659 680 765 777 800 1271 1310 1436 
26 39 625 633 745 786 954 1199 1305 1394 
72 113 152 489 491 603 717 749 817 984 1201 1443 
10 82 206 279 318 434 459 665 744 939 1062 1181 1185 1324 1424 
171 210 520 583 604 616 668 883 975 1177 1318 
30 228 238 360 827 1050 1058 1079 1411 
47 215 237 266 405 637 640 774 857 1114 1318 1322 1330 1337 1338 1371 1393 
114 187 816 840 923 1114 1201 
34 264 468 506 514 578 664 846 1147 1199 1231 1249 
775 836 840 948 1014 1114 1460 
159 235 331 335 425 526 878 1218 1333 1372 
179 395 560 590 713 782 844 965 970 1001 1327 1368 1393 1436 1452 
119 172 180 302 406 776 922 1132 1163 1358 1386 1453 
56 135 181 312 573 581 732 799 882 890 957 994 1074 
99 133 307 485 553 660 673 934 1063 1165 1328 1356 
81 310 367 378 699 847 1122 1256 1317 
346 413 443 576 790 833 899 976 1046 1258 1291 
107 152 242 600 698 868 911 1098 1259 1288 1334 1460 
5 32 93 137 316 332 441 599 913 1044 1125 1223 
409 948 1091 1304 1323 
61 63 749 865 905 936 965 987 1075 1172 1190 1244 
95 261 399 421 589 1105 
36 146 292 402 411 808 936 978 1155 1214 1291 1324 1405 
316 435 449 514 996 1047 1347 1415 
191 331 339 457 473 566 800 992 1021 1066 1215 1306 1383 1384 1420 1431 1445 
178 546 560 735 767 803 898 1003 1087 1108 1131 1215 
411 428 1034 1090 1187 1212 1299 1335 
6 237 348 372 381 432 531 576 613 795 1004 1093 1328 1456 
13 77 106 213 241 344 537 1018 1240 1303 1409 
157 475 607 824 966 972 992 997 1050 1087 1161 
49 420 443 721 1429 
546 638 868 1042 1443 
84 215 248 253 410 424 803 861 1022 1028 1415 
167 248 386 485 577 749 801 808 867 1054 1119 1126 1236 1238 1281 
80 209 280 301 474 523 658 788 1043 1132 1136 1305 1352 
197 352 411 663 826 1219 1265 1270 1296 1339 1352 1400 1401 
207 246 301 305 349 514 530 532 667 678 835 976 1030 1263 1409 
372 389 575 698 904 1293 1306 1428 1430 
35 92 873 944 1024 1085 1281 
5 78 305 498 646 967 1079 1238 1248 1301 1396 1444 
17 49 51 193 313 351 449 547 762 844 1078 1101 1369 1450 
98 196 204 411 475 691 853 1013 1036 1225 1335 1346 1351 
126 178 568 570 595 626 916 960 1077 1078 1147 1175 1208 1215 1266 1415 1416 
28 41 251 292 294 350 359 492 672 753 797 1026 1416 
90 153 270 322 352 362 677 714 879 898 909 1164 1168 1198 1373 1430 
31 41 50 159 176 563 711 1161 1235 1349 1434 
176 207 492 508 1074 1149 1215 1250 1270 
59 132 173 294 297 367 408 842 890 1149 1227 1440 
129 347 617 773 918 1173 1307 1393 
60 119 272 391 482 525 709 1029 1222 1314 1378 1475 
95 366 453 896 945 1102 1112 1252 1405 1473 
322 332 356 481 593 607 670 781 786 911 979 1031 1226 1255 
273 332 390 700 1013 1075 1355 1356 
158 189 515 883 969 997 1054 1174 1325 
15 271 670 738 788 1075 1098 1102 1149 1157 1227 1229 1249 1341 1377 
40 175 248 298 489 1121 1437 1438 1472 
40 208 336 471 510 681 687 733 1120 1302 
10 208 256 409 438 640 732 817 1079 1335 
190 276 281 474 536 674 682 688 766 891 1128 1270 
56 141 217 367 476 790 995 1215 1252 1411 
41 52 77 261 334 678 766 831 836 1179 1326 
172 227 232 653 740 970 1300 1336 1354 
11 40 79 256 323 382 549 586 673 785 962 1002 1136 
397 760 1251 1344 1355 
160 258 302 309 393 408 452 487 498 793 797 
93 320 341 739 771 808 984 1009 1335 1406 1424 1460 
88 424 641 777 784 851 998 1043 1276 
532 1149 1153 1167 1319 1329 1367 
21 424 563 574 592 611 904 921 948 
174 406 417 428 459 484 530 644 690 1148 1197 1245 
18 446 698 702 814 863 956 1150 1239 1331 1433 
350 526 802 1030 1082 1104 1117 1123 1357 1390 1425 
669 670 762 792 1010 1013 1133 1312 
96 140 245 268 282 634 712 804 1036 1069 1143 1203 1354 
276 309 310 343 536 576 649 674 834 920 1293 1295 1340 
4 40 98 146 195 351 582 796 845 1003 1455 
102 145 256 318 362 397 451 458 584 610 701 794 799 995 1019 1053 1155 
52 159 170 268 499 512 521 549 582 675 724 752 1001 1034 
36 183 314 424 459 570 578 654 763 925 955 1220 1324 1334 1364 
90 146 231 356 366 667 715 782 784 821 984 1093 1108 1210 1234 1258 1334 1399 1422 1453 
50 112 724 812 817 1042 1392 
26 198 282 380 536 758 854 1019 1343 
220 406 446 454 786 916 938 961 1080 1116 1158 1359 1445 
153 323 872 1365 
91 604 705 706 931 1028 1091 
93 233 256 258 332 399 453 695 727 735 861 945 997 1423 
116 117 157 286 346 352 369 534 539 562 679 759 771 1050 1127 1240 1368 1402 1430 
20 418 600 612 829 885 957 961 998 1058 1090 1463 
81 274 344 348 422 572 639 725 810 950 1059 1254 1418 1445 
11 184 306 351 551 595 603 606 780 919 1136 1144 1395 
30 285 346 387 495 513 737 791 888 967 1122 1128 1292 1299 1347 1388 
39 43 124 149 214 294 609 821 988 1140 1228 1235 1421 
37 70 167 253 301 329 924 1060 1156 1194 1258 1277 1445 
17 19 92 164 298 333 347 366 548 618 662 686 725 783 874 889 972 1086 1134 1263 1306 1308 
148 214 293 302 344 410 622 666 734 795 924 1132 1161 1233 1338 1392 
136 156 195 529 660 772 839 935 1207 1345 1363 1455 
82 140 141 161 234 359 543 719 886 1140 1211 1446 1447 
8 21 373 457 545 576 582 833 1054 1089 1368 
309 337 446 738 753 1048 1276 1382 1398 
13 85 541 615 741 759 1165 1192 1193 1261 
102 185 444 474 587 601 943 1219 1254 1394 1441 1462 
115 129 251 301 354 364 386 471 722 865 980 1068 1226 1302 1381 1457 
8 72 242 263 384 519 606 674 760 770 840 949 1133 1145 1316 1322 1335 1337 
93 408 486 635 971 1122 1266 1279 1286 1323 1366 
2 97 102 116 302 334 614 645 728 755 760 954 1266 
68 110 445 472 479 587 593 830 1048 1088 1414 
359 453 500 611 802 849 1054 1255 1283 1298 1392 
466 590 679 689 820 830 901 1024 1178 1206 1224 1241 1320 1325 1385 1399 
18 81 103 112 117 308 337 351 469 510 567 793 1023 1108 1291 1312 
13 51 173 273 305 317 575 741 813 845 1148 
108 192 434 499 701 719 762 943 974 1268 1336 
1 50 74 344 472 476 486 645 739 804 957 970 1065 1428 
70 404 576 672 741 859 943 1031 1092 1199 1228 1291 
225 849 994 1026 1095 1236 1326 
107 285 295 458 499 530 689 719 879 1043 1099 1198 1319 1381 
75 117 150 162 355 438 593 807 912 1117 1228 1356 1366 1447 
196 242 417 420 594 656 979 1138 1195 1294 1474 
2 118 637 659 719 1068 1082 1405 1439 
232 377 464 513 550 702 740 762 795 984 987 1084 1091 1401 
69 233 376 449 870 1136 1327 1425 
46 151 273 424 435 527 791 928 937 1251 1308 
15 32 441 828 912 916 937 1156 1167 
24 25 339 783 834 975 1153 1265 
138 244 285 492 628 635 698 775 799 921 960 1192 1195 1257 
230 320 431 606 677 702 980 999 1001 1307 1375 
44 237 423 747 999 1026 1052 1157 1234 1249 1255 1423 1430 
1 49 103 159 360 545 706 876 1172 1198 1279 1286 1422 
31 52 126 151 165 401 624 657 763 990 1034 1281 1331 1413 
12 31 47 93 195 256 291 359 460 485 541 809 817 866 1054 1200 
45 348 429 726 732 743 1072 1295 1393 1428 
142 173 174 256 447 465 624 888 917 929 951 966 1106 1226 1454 1459 
75 125 137 295 431 470 480 647 654 668 768 830 856 871 922 942 996 1036 1051 1080 1131 1275 1291 1388 
34 48 310 420 767 1125 1248 1284 1341 1424 
33 63 188 198 307 485 510 639 847 1032 1034 1100 1379 1454 
78 102 241 564 765 912 1021 1030 1046 1105 1162 
204 322 443 448 657 992 1029 1155 1362 1472 
59 161 236 654 899 956 1194 1371 1453 
41 139 161 256 269 644 924 1003 1167 1185 1211 1322 1426 
60 76 90 226 544 545 649 856 1159 1216 1363 
111 116 179 321 334 560 592 746 859 
198 621 788 803 857 1225 1453 
5 14 43 57 227 241 279 343 684 718 732 759 790 1179 1223 1277 1340 1456 1473 
30 149 567 841 1221 1308 1400 
385 569 990 1252 
220 280 446 520 651 1032 1156 1278 1391 
229 573 604 686 801 866 868 1071 1257 1329 
177 180 188 370 643 1454 
136 264 533 572 573 734 742 837 903 1045 1162 1274 
118 228 270 327 340 435 555 630 681 779 1017 1024 1251 1292 1343 1375 1408 1412 
18 185 467 540 589 592 629 782 827 851 916 1173 1220 1411 1444 
110 120 202 305 322 361 483 604 619 877 998 1025 1059 1102 1287 
7 38 55 157 207 277 315 432 474 582 768 959 1010 1040 1135 1222 1304 
200 212 214 290 352 516 650 682 720 781 839 949 1033 1106 1140 1212 1270 
106 280 284 293 299 477 495 522 557 635 716 813 1021 1294 1356 
100 219 240 448 756 840 911 1243 1359 1406 
80 274 658 835 1060 1394 1401 
101 415 547 608 740 840 997 1035 1151 1314 1325 
198 414 511 578 604 661 669 726 749 812 959 1042 1281 1324 1432 
77 135 221 471 558 581 583 613 924 946 1125 
327 374 527 682 768 777 1007 1279 1350 1364 
5 50 72 345 558 739 834 917 1182 1372 1430 
17 473 823 898 1246 1303 
169 288 374 390 421 434 567 610 698 825 1031 1258 
49 65 167 256 279 420 605 791 902 1353 1430 
73 80 236 346 435 660 679 832 847 974 1238 1399 
383 520 666 1064 1136 1326 
236 290 324 326 336 378 1196 1223 
44 268 476 528 650 786 800 819 932 948 993 1038 1170 1195 1250 1256 1286 1310 1370 
114 152 159 476 490 757 788 1007 1115 1248 1300 1398 1425 
134 579 588 589 593 722 763 816 849 909 921 957 1215 
250 284 327 482 537 574 661 673 734 778 977 1090 1120 1353 1407 
88 387 431 528 645 659 671 710 865 923 1128 1173 1200 1442 
16 210 256 766 1006 1047 1175 1194 1235 1286 
187 382 389 429 461 789 1102 1109 1162 1166 1255 1299 1306 1467 
69 133 285 409 480 743 778 962 996 1103 1186 
181 241 456 588 607 726 791 873 961 1081 1093 1244 
216 251 261 368 420 435 481 500 555 665 816 933 940 987 1016 1071 1115 1250 
281 378 406 422 434 456 514 632 762 867 980 1281 
66 113 132 134 135 450 472 526 528 591 857 864 910 1058 1104 1173 1286 1292 1326 
141 190 468 608 1330 1341 1366 
52 96 196 221 315 373 467 505 603 772 822 825 1246 1412 
85 129 130 440 753 822 856 881 974 1052 1380 
36 208 439 501 589 823 896 904 955 1085 1101 1104 1180 
68 249 276 379 518 534 541 828 997 1014 1061 1092 1099 1252 1264 1434 
78 102 470 614 812 831 910 950 
85 168 274 288 393 493 
61 187 358 461 676 725 1111 1152 1175 1270 1366 
149 239 363 569 755 1061 1142 1262 
23 59 245 328 340 356 402 624 642 770 838 1322 
4 162 388 680 771 908 1102 1157 1229 
82 153 237 393 412 520 652 677 696 835 843 995 998 1223 1239 1267 1335 1357 1374 1397 
57 105 252 256 281 298 377 756 778 943 
37 140 221 436 624 858 859 875 933 1081 1106 1206 1347 
334 702 859 927 1058 1106 1184 1194 1323 
69 84 153 322 455 532 584 657 671 949 1432 
53 87 100 206 308 343 364 547 654 656 712 744 778 823 930 1102 1433 
68 69 89 244 340 501 517 542 554 648 687 987 1139 1298 1316 1470 
14 134 241 452 493 528 621 659 700 813 923 942 973 998 1208 1312 1315 
101 433 435 464 668 734 740 865 1137 1177 1232 1319 1425 
137 195 282 355 631 769 792 826 857 926 934 1091 1150 1211 1253 1454 
32 33 45 136 334 372 459 690 914 915 1078 1185 1267 
4 33 130 153 178 181 226 247 258 261 327 336 458 476 654 696 785 833 862 1067 1129 1392 1467 
40 139 168 386 533 615 876 1063 1084 1145 1303 
115 431 444 463 598 657 686 750 754 776 779 952 1045 1137 1155 1341 
81 464 487 546 629 642 1106 1406 
167 461 1096 1322 1350 
241 376 456 462 723 1008 1163 1274 1398 
4 42 50 150 235 388 483 708 720 741 809 1168 1299 1451 
110 137 256 365 543 599 635 692 863 943 1399 
252 407 438 644 655 862 874 926 957 964 1137 1194 1253 1254 1304 
266 437 541 542 604 812 871 999 1282 
34 366 527 681 763 867 916 919 981 1036 1213 1456 
236 389 442 531 601 613 685 707 924 1002 1079 1121 1210 1225 
63 314 359 416 486 613 678 749 827 929 984 1381 
160 363 369 436 685 784 944 1096 1180 1306 1346 1416 1426 
27 170 247 282 419 588 592 759 830 1070 1148 1233 1276 1309 1314 1353 
46 48 82 245 292 316 358 409 810 812 889 1119 1242 1280 1362 1389 1426 
41 287 299 610 1106 1123 1198 1343 1355 
57 64 225 317 369 425 426 459 605 992 1150 1186 1210 1401 1437 1438 1457 1469 
120 411 484 516 555 750 807 857 
646 812 955 1138 
363 530 543 565 591 861 880 1067 1244 1248 
99 129 214 389 432 557 683 921 930 1004 1164 1192 1203 1229 1286 
14 32 309 434 954 1152 1475 
18 39 307 428 642 871 877 959 1060 1123 1155 1186 1462 
408 465 516 697 716 965 1040 1403 1422 
327 477 486 523 618 733 830 906 1179 1183 1470 
12 25 45 272 291 386 391 520 938 948 976 1160 1298 1355 1459 
10 145 193 211 361 369 471 484 568 589 653 693 796 897 1011 1187 1403 1429 
92 189 322 462 870 940 986 1040 1173 
47 165 557 599 892 1017 1296 
120 260 313 588 1322 1417 1467 
426 504 643 721 729 958 1063 1113 1276 1439 
91 210 250 260 750 865 1072 1234 1387 
6 106 190 301 304 381 681 968 1026 
14 144 156 223 242 246 443 455 591 911 966 1010 1017 1215 1421 
242 1018 1153 1428 
19 201 348 411 568 687 833 995 1138 1278 
35 222 542 689 737 796 1034 1063 1322 1361 
123 183 606 683 826 908 1268 
56 297 322 568 576 618 620 923 1299 1389 
30 335 368 372 506 789 989 1136 
169 178 211 364 434 532 657 682 807 937 1027 1062 
80 151 162 213 440 454 671 723 991 1101 1374 1459 
40 59 181 184 533 620 814 905 971 1001 1180 1247 1249 1257 1311 1390 1417 1452 
693 709 789 1042 1240 1322 1409 
490 899 1108 1114 1164 1224 1243 1315 1449 1468 
75 438 523 719 761 819 877 880 1004 
2 266 499 532 769 791 808 870 914 968 1043 
20 180 184 229 510 954 1021 1052 1090 1099 1296 1413 1422 
54 73 304 1060 1424 1446 1459 
11 105 164 512 633 823 866 897 901 1161 1254 1314 
126 194 217 314 366 391 507 1079 1121 1340 1352 1357 
2 33 191 415 985 998 1456 
162 335 509 753 809 823 979 1111 1270 1407 
48 210 348 376 587 662 683 844 921 1061 1140 1213 1229 1396 1418 
50 60 220 266 281 294 435 519 586 675 720 987 1029 1170 1447 
91 191 311 549 743 957 1126 
21 51 135 225 410 477 483 521 526 592 686 830 1084 1472 
157 214 253 454 605 647 753 1055 1105 1162 1197 1202 1214 1452 
92 441 551 629 751 922 1012 1120 1161 1221 1246 1290 
2 28 80 142 360 514 694 772 794 847 942 1205 1247 1264 1338 
262 402 423 448 485 524 560 566 799 853 1073 1139 1175 1329 1384 
129 189 195 250 335 516 879 886 1308 1440 
54 201 217 411 718 743 839 1282 1300 
74 206 230 292 484 505 634 874 947 1144 1230 1460 
194 520 560 568 594 648 736 946 987 1049 1073 1090 1188 1389 1390 
201 307 528 593 850 867 983 1234 1475 
93 115 220 268 329 436 516 584 609 610 615 865 1161 1237 
41 107 378 417 469 544 678 748 1253 1420 1431 
425 429 436 455 525 564 626 636 951 1115 1122 1176 1300 1355 1448 
47 50 58 113 189 251 256 353 811 1192 1330 1342 1387 
72 150 294 327 372 479 670 756 795 819 836 1098 1339 1453 
30 175 203 254 285 470 636 643 936 1176 1191 1230 1297 1374 
137 159 183 294 325 452 500 506 556 576 760 843 848 850 1002 1207 1345 1427 
36 40 195 405 460 502 535 590 881 983 1107 1326 
17 188 344 441 596 738 926 1238 
34 86 533 733 818 923 970 1068 1273 1420 1465 
143 316 332 339 742 747 912 1209 1231 1381 1449 1471 
22 37 57 286 428 617 618 998 1029 1056 1429 1430 
42 165 205 658 826 840 850 851 1023 1122 1173 1220 1450 1467 
36 109 152 344 571 660 753 992 1146 1265 1336 1422 
221 407 907 1086 1197 1218 1410 1471 
117 178 357 386 441 468 600 679 685 767 1145 1211 1257 1316 1324 1394 
177 225 454 468 496 725 1137 1276 
354 466 479 743 914 1047 1130 1415 1474 
255 396 527 599 632 789 872 936 1041 
54 56 229 355 384 396 764 817 818 972 1361 1401 
39 125 200 221 283 289 462 674 681 1033 1059 1238 1310 1415 
15 155 205 298 414 453 641 668 684 757 1125 1153 1232 1278 1319 
351 557 581 749 831 882 1004 1270 1453 
61 320 335 515 622 741 1119 1296 1394 
50 376 597 763 785 871 933 1026 1098 1156 1211 1242 1251 1260 1276 1338 1437 
23 180 216 224 347 518 585 688 839 953 979 
85 107 220 968 1281 1438 
66 124 161 179 272 660 722 783 821 845 960 1016 1058 1121 1207 1251 1358 1378 
6 40 81 132 178 179 454 595 703 721 805 845 961 1049 1068 1226 1338 1376 
406 434 477 698 715 725 734 751 1362 
74 252 532 568 592 670 832 833 881 1035 1096 1120 1323 1359 
411 480 488 548 1041 1132 1241 1244 1272 1302 1329 1378 
26 117 169 416 418 757 1030 1092 1132 1176 1186 1298 
108 749 784 835 1113 1144 
8 215 269 283 397 520 524 608 623 1197 1248 
122 219 224 625 809 958 989 991 1070 1104 1217 1382 
344 585 720 896 991 1125 1287 1388 
203 303 326 574 602 718 719 726 838 966 1199 1242 1249 1360 1461 
53 169 212 214 218 249 392 528 565 844 901 970 1031 1111 1323 1380 1390 
218 479 564 665 780 932 952 1238 1271 1465 1470 
21 65 208 239 282 520 629 899 999 1090 1168 1274 1373 
191 204 366 400 420 884 1138 1172 1306 1390 
14 27 170 300 486 495 498 524 556 630 784 881 886 909 1196 1248 1382 
176 198 401 445 630 635 683 1391 1433 
24 33 119 300 336 663 777 929 1038 1060 1087 1167 1248 1321 1327 1450 1475 
539 987 1035 1061 1064 1152 
234 346 405 661 671 680 1148 1276 1407 1474 
5 83 271 403 405 580 634 649 729 828 1222 1276 
13 95 173 183 216 236 326 428 563 601 946 1088 1289 
116 295 367 1022 1284 1376 
177 274 285 332 355 370 498 532 647 787 867 1112 1125 1141 1373 1401 1427 
188 291 579 839 1131 1351 
180 266 336 415 745 861 907 920 1121 1132 1184 1360 
60 74 427 577 700 860 965 1125 1276 1463 
89 573 696 707 886 984 1129 1141 1199 1442 1452 
43 94 271 416 548 686 824 845 1029 1155 1309 1432 
53 177 191 242 333 335 355 409 622 663 787 1015 1397 1416 
110 255 262 416 745 776 811 820 864 993 997 1243 1273 1291 1474 
40 137 182 228 334 452 526 717 761 1087 1181 1203 1204 1449 
164 212 251 551 562 685 783 826 873 913 926 1032 1058 1260 1449 
227 320 514 634 663 688 854 1018 1033 1184 1300 1435 
5 107 111 197 227 358 363 513 603 673 697 767 891 1002 1054 1101 1230 1321 1465 
15 47 427 433 473 489 674 866 1330 1362 
190 252 279 407 427 440 486 777 971 979 1209 1273 1313 1457 1473 
5 123 127 192 269 365 533 707 717 783 834 1080 1101 1121 1177 1333 1376 1432 1445 
3 184 436 479 493 610 849 1157 1214 1425 1441 
326 397 407 473 516 556 625 655 710 937 1035 1105 1120 1320 
123 309 363 373 427 525 639 875 1084 1115 1146 
55 220 258 374 524 778 918 1029 1087 1216 1268 1278 
65 82 130 215 237 300 347 554 618 1041 1175 1218 1319 
133 252 534 728 1027 1036 1069 1153 1269 1314 1330 1338 1386 1453 
127 215 550 735 745 1328 1347 1395 1473 
17 461 743 828 1000 1023 1455 
155 187 276 466 488 544 689 754 1002 1045 1350 
147 164 275 345 541 636 652 791 958 
5 141 358 470 574 697 1145 1196 1300 1348 1363 1373 1382 
66 99 132 233 563 777 868 907 983 1061 1132 1255 1264 
118 219 231 232 260 347 438 587 709 733 940 1339 
14 66 152 262 342 403 408 415 468 881 932 937 1215 1253 1266 1356 
91 421 476 517 681 818 907 1075 1216 1229 1348 1372 1393 
163 227 347 360 382 497 655 689 902 937 1187 1270 1306 1316 1319 1399 1403 
22 73 287 309 433 636 837 1019 1025 1102 1189 1283 1382 1427 
414 437 560 653 1001 1079 1086 1122 1250 1289 1337 
31 53 54 76 349 526 659 722 1180 1242 1453 
99 114 233 334 420 475 526 591 1362 
149 160 181 193 194 326 364 648 801 830 843 1359 
153 345 660 820 989 1136 1158 1174 
15 29 285 416 470 471 617 619 687 839 906 998 1018 1032 1078 1228 1261 1272 
10 133 362 442 767 838 879 880 976 1014 1188 1417 1437 
149 235 357 460 526 694 904 908 944 1079 1114 1229 1309 1321 1457 
262 771 816 899 1048 1205 1219 
306 537 613 919 1114 1133 1443 1459 
351 484 498 537 595 632 797 829 840 906 922 1128 1147 1194 1213 1226 1272 
141 172 408 613 683 866 1017 1077 1213 1374 
42 139 498 502 665 794 866 902 1014 1129 1375 
47 142 184 398 455 796 977 1205 1214 1251 1390 
30 352 549 582 780 912 1044 
560 660 818 838 974 1067 1328 1339 1374 1381 
33 120 385 388 446 450 1033 1055 1112 1114 
222 259 561 592 725 807 823 1059 1311 1349 1402 1424 
55 108 110 300 528 654 692 721 816 916 971 1000 1110 1252 1324 1374 1403 1429 1436 1453 1460 1465 
47 133 149 163 250 632 674 1060 1302 1319 1406 1417 1438 
130 166 381 673 975 1246 1298 
22 99 407 462 518 566 663 669 673 693 738 832 853 948 1053 1189 1232 1285 1470 
243 406 568 569 946 1118 1143 1243 
457 775 833 1094 
150 166 435 544 618 627 784 994 1101 1223 
36 117 205 226 234 246 259 509 760 946 1046 1144 1444 
18 63 108 331 523 573 586 666 904 1039 1218 1405 
107 361 381 411 466 569 1032 1117 1247 1470 
79 230 246 528 531 600 607 686 780 923 1059 1074 1108 
264 375 776 823 970 1079 1174 1240 1457 
34 95 249 289 641 1113 1147 1260 1297 
107 139 218 346 391 593 753 754 858 969 1077 1304 1371 
140 264 315 661 1094 1202 1256 1310 1369 1459 
23 324 547 638 674 739 783 791 865 951 
28 198 446 462 482 661 695 812 880 883 1279 1286 1359 1386 1456 
191 404 490 531 866 1046 1098 1156 1422 
152 171 327 395 467 659 711 792 872 938 1025 1215 1248 1305 1469 
362 369 429 711 815 1060 1285 1371 1444 
5 73 84 93 154 297 478 705 947 967 1180 1234 1397 
103 112 146 155 389 517 576 722 732 738 867 1012 1222 1234 1299 1398 1436 
139 202 454 524 611 776 786 1208 1356 1446 
251 332 396 573 705 718 751 838 999 1114 1117 1137 1348 
95 117 209 410 425 838 964 1303 
402 751 888 1183 1286 1414 
5 8 68 110 142 189 448 600 657 770 816 980 1074 1078 1165 1167 1189 1245 1401 
20 32 319 486 608 689 739 772 781 977 1074 1150 1427 
111 149 336 389 394 453 459 626 737 767 1035 1173 1210 1243 1301 1420 
58 467 592 606 711 724 729 892 1011 1364 
18 37 115 127 227 249 374 453 696 781 882 1013 1040 1066 1102 1223 1228 1391 
10 385 393 452 461 500 652 803 845 1008 1088 1272 1448 
33 127 292 413 538 706 722 725 780 873 933 965 975 1035 1048 1123 1191 1217 1354 
6 29 190 258 375 429 455 609 644 734 1109 1345 1393 1400 1438 1452 
124 211 226 240 272 353 422 539 553 612 623 716 990 1131 1173 1175 1343 
73 83 198 415 428 572 640 642 1084 1136 1194 1211 1276 
93 166 237 241 351 513 761 966 967 1245 1334 
108 122 293 570 582 586 629 719 941 1139 1209 1287 1296 1300 1446 
26 178 266 853 873 904 915 1161 1235 1256 1430 1445 1454 
6 261 434 565 620 670 809 935 1161 1188 1200 1297 1331 1364 1453 
123 241 352 423 634 776 1109 
60 128 294 337 868 888 970 1283 1377 
27 38 46 67 77 227 238 239 242 262 389 456 547 755 830 1299 1351 
131 330 415 629 943 956 1117 
12 22 309 312 330 530 556 665 696 826 1090 1170 1254 1334 1358 1464 
80 108 151 175 429 452 501 572 687 752 923 1329 1389 
301 370 952 1006 1018 1026 1098 1278 
161 272 320 428 587 628 629 731 882 1152 1192 1227 1276 1303 1342 1377 
7 69 316 332 360 546 588 627 641 701 771 878 1122 1305 1429 1435 1447 
335 514 710 859 1129 1299 1444 
5 21 444 911 
302 382 448 862 1088 1229 1249 1285 
294 318 471 527 953 1086 1097 1198 1232 1404 
21 29 79 104 203 249 344 365 422 541 723 748 772 899 958 989 1012 1113 1327 1334 
179 258 447 572 870 1091 1249 1292 1411 
314 406 469 492 546 605 721 958 1269 1366 1420 1429 
69 132 191 316 410 417 500 694 714 1003 1083 1091 1098 1157 1195 1216 1247 1259 1287 1373 1395 
149 187 480 497 513 569 619 709 1128 1359 
7 47 221 399 547 725 766 793 1040 1098 1299 1394 1406 
50 100 118 470 472 541 585 686 912 960 1071 1149 1350 1456 
351 403 461 516 581 636 685 711 807 833 894 1100 1231 1451 
231 314 454 495 613 671 721 1030 1235 1243 
64 115 316 551 586 902 1115 1436 
365 372 496 599 606 653 890 962 1106 1124 1281 1341 1389 1456 
327 458 774 862 942 958 1050 1351 1385 
39 299 758 1364 1400 1405 
43 60 69 466 626 739 1268 1321 1333 1356 1416 1430 
127 132 486 503 629 1034 1140 
519 615 682 714 922 978 1057 1109 1267 
110 343 642 991 1093 1121 1191 
64 67 81 106 139 248 448 459 580 656 670 765 807 1038 1356 1397 1411 1466 
84 157 159 231 483 587 601 896 993 1352 1373 1457 
178 275 295 328 381 420 555 703 1021 1053 1068 1432 
273 804 1199 
243 245 310 455 579 775 946 1233 1265 1320 
101 160 212 237 334 368 674 776 837 972 988 1047 1340 1453 
82 328 376 382 451 936 1057 1110 1258 1346 1447 
8 184 554 698 761 912 1021 1025 1099 1217 1263 1362 1379 1407 
56 164 178 179 744 1065 1306 
185 199 212 342 646 649 769 815 1094 1099 1215 
67 91 109 235 342 384 658 749 867 940 961 1023 1246 
175 198 470 580 590 1345 
128 465 896 1200 1274 1275 1287 
189 193 307 503 603 683 809 844 1359 1471 
12 82 429 592 675 1123 1255 1292 1352 1473 
12 94 117 190 200 303 644 645 655 686 757 851 985 1027 1086 1228 1289 
178 331 453 845 969 1378 1434 1447 
107 269 735 768 986 1404 
97 188 302 682 694 852 1190 1262 
231 337 555 769 863 911 923 960 1420 
32 49 411 483 660 767 798 1259 1348 1420 
204 260 584 590 1130 1150 1317 1396 1410 1458 
66 399 522 563 649 827 838 891 1014 1180 1275 1456 
72 170 354 368 372 375 505 563 663 1007 1067 1076 1123 1202 1243 1308 1470 
410 465 514 562 839 954 1103 
9 67 97 288 490 554 626 681 687 809 948 1011 1177 1254 1255 1460 
110 359 427 553 609 647 658 739 1103 1276 
41 464 501 679 773 779 785 887 908 1235 1241 1396 1436 
139 199 208 335 338 655 746 1054 1234 1243 1420 
20 78 140 346 351 444 542 555 625 658 684 731 1001 1137 1212 1343 
387 415 433 563 778 1011 1155 1205 1293 1316 1374 1429 1449 
41 93 116 136 159 177 257 343 857 949 1024 1299 1418 1428 1474 
64 158 362 596 900 967 969 1319 1341 1345 1350 1363 1394 
254 490 573 655 783 953 1159 1259 1319 1416 
23 252 877 1060 1124 1375 1411 
54 62 673 725 944 989 
77 154 164 271 315 387 399 647 755 884 1121 1184 1197 1272 1346 1398 1467 
181 196 314 484 535 603 742 774 872 910 1008 1084 1166 1188 1253 1392 1424 
90 352 405 428 456 555 659 826 1029 1097 1356 
200 283 343 597 713 809 875 913 1205 1239 
167 246 524 906 955 1094 1149 1349 1401 
100 348 496 654 842 897 1243 1282 1464 
159 172 312 356 534 629 647 902 1009 1109 1155 1169 
94 209 323 369 418 641 653 692 722 745 834 943 979 1167 1181 1429 
2 165 179 225 319 376 414 456 759 960 961 979 1066 1264 
129 219 357 367 370 465 549 965 1028 1243 1301 1340 
405 536 733 1021 1188 1195 1232 1327 1386 1461 
11 22 178 387 432 515 522 543 598 873 903 921 1047 1068 1307 1365 
199 246 261 453 704 767 990 993 1001 1101 1170 1246 
4 144 202 251 259 578 583 597 739 879 889 948 984 1044 1106 1418 1447 
25 195 397 724 1015 1118 1313 
383 536 775 1026 1119 1154 1213 
40 43 113 115 124 148 527 679 905 1060 1218 1298 1388 
36 85 92 205 209 215 260 278 291 415 471 548 559 706 894 1140 1318 1371 
231 461 477 491 956 1052 1056 1141 1193 1206 1347 
92 130 154 518 555 649 651 891 915 1028 1048 1110 1387 
27 32 110 220 335 671 1063 1100 1109 1119 1178 1224 1310 
301 356 439 512 517 539 639 1273 1276 1442 
60 461 599 639 933 1317 1400 1430 
196 362 445 668 732 915 948 994 1085 1226 1266 1267 1322 1425 1428 
7 153 412 449 530 824 826 859 1111 1283 
426 547 558 711 832 916 942 951 953 988 1084 1093 1264 
200 250 339 691 937 1349 
25 207 239 344 357 399 473 740 1158 1172 1175 1281 1346 1429 
32 105 321 360 362 532 633 886 1292 1441 
2 220 505 584 662 703 769 806 981 1011 1051 1197 1210 1304 1411 
93 246 298 330 368 376 435 763 892 1060 1236 1334 
33 147 336 385 427 469 550 762 910 932 1036 1104 1169 1187 1190 1349 
18 82 185 191 545 767 866 1011 1409 1438 1453 
6 123 217 247 258 392 696 783 790 826 968 1048 1183 1222 1231 
316 318 430 684 778 801 902 982 1022 1044 1055 1114 1158 1366 
25 164 283 390 541 587 614 654 716 744 764 1096 1129 1379 
140 193 219 389 409 417 713 867 871 886 1062 1449 
34 457 506 705 715 761 942 1297 1357 1464 
161 360 446 652 774 789 839 947 1022 1088 1138 1162 1235 1244 1260 1275 1370 1453 
233 323 344 447 616 674 778 807 879 903 1159 1162 1275 
113 229 246 353 438 519 653 679 823 876 1382 
37 306 723 1001 1273 1388 
246 264 690 733 770 832 844 847 863 938 987 1051 1073 1292 1345 1395 1409 
7 20 51 83 174 251 267 381 631 700 747 920 1186 1226 1311 
32 270 461 583 637 648 666 701 788 880 904 986 1031 1062 1139 1165 1286 
187 230 258 324 417 570 589 602 843 865 1016 1311 1338 1339 
93 244 428 432 449 453 594 726 766 771 885 892 1003 1007 1049 1141 1142 1268 1349 1467 
406 461 723 953 998 1007 
145 347 565 622 636 658 803 818 998 1139 1210 1291 1378 1458 
114 309 410 653 656 858 870 893 926 1304 1316 1349 1411 1441 
92 128 238 269 337 407 1062 1276 1292 1304 1394 
146 351 380 553 585 590 641 729 765 820 943 1040 1066 1101 1191 1257 
64 129 202 324 337 472 559 568 632 905 962 1027 1040 1194 
143 320 459 550 723 945 947 1344 1378 
62 64 166 189 259 309 340 425 648 894 1245 1330 1358 
79 180 205 221 576 582 972 1003 1110 1126 1142 1143 1216 1311 1329 1343 1376 1398 
203 206 292 312 398 426 776 900 998 1124 1393 1439 
431 499 503 544 770 850 866 914 946 1025 1307 
274 317 399 765 826 929 1047 1127 1153 1448 
38 41 165 348 378 421 433 506 600 641 920 925 1267 1417 1425 1449 
6 133 255 330 457 644 885 960 1166 1339 1418 
20 155 322 366 684 921 926 991 1150 
130 134 238 334 519 620 928 1050 1066 1146 
1 145 194 285 352 376 530 803 859 981 1029 1062 1113 1182 1235 1371 
106 333 486 496 621 892 1142 1186 1213 1345 1347 1436 
33 136 246 301 322 618 828 1036 1054 1058 1116 1165 1199 1341 
191 716 948 1139 1436 
168 271 334 381 520 849 1233 1242 1328 1431 
258 282 425 803 856 902 991 1126 1282 1340 1363 1469 
204 291 403 611 766 816 1000 1121 1186 1280 1330 1332 
2 44 329 364 972 1012 1120 1148 1200 
10 104 243 253 283 290 398 657 780 795 800 845 1083 1087 
112 170 331 369 699 894 956 1133 
554 914 990 1045 1280 1287 1427 
122 238 761 966 994 998 1193 1313 
216 373 477 500 625 686 696 771 968 1082 1148 1166 1241 1268 
34 80 161 235 280 291 323 506 910 957 1153 1325 1363 1423 1450 
85 201 386 465 512 561 665 709 721 735 848 863 864 1380 
112 178 197 346 474 891 892 972 1150 1293 1413 
7 140 529 583 859 871 1055 
82 128 338 415 442 468 474 478 642 861 918 954 1273 1296 1397 
367 411 455 836 991 1040 1053 1098 1151 1358 1389 
50 58 78 328 502 983 993 1006 1049 1147 1168 1243 
99 645 705 824 827 872 1014 1060 1345 1351 1387 1435 
166 221 265 427 434 616 626 652 801 834 946 1133 1249 1470 
55 74 260 315 338 386 545 890 905 1286 
43 124 144 216 535 545 605 623 780 867 1024 1049 1201 1248 
4 212 220 221 425 505 530 829 876 919 995 1051 1053 1084 1152 1253 
204 256 365 583 612 783 908 1046 1199 1234 1345 1353 
209 220 228 337 349 553 1315 1327 
14 438 439 930 1039 1192 1267 
12 215 419 440 453 509 512 625 637 772 882 1195 1303 1334 
71 287 581 756 815 991 1000 1262 1323 
190 420 438 861 901 985 1106 1117 1273 1319 1367 1418 1422 
4 87 250 293 457 497 538 585 670 734 756 765 790 907 1289 1310 1356 1445 
199 208 222 233 263 407 471 718 815 1041 1139 1171 1422 
8 96 232 379 441 573 598 797 847 1087 1157 1301 1433 1457 1472 
136 345 618 819 1318 1338 1344 
23 115 363 365 389 473 484 516 611 668 840 889 957 1092 
100 102 148 189 318 442 548 927 944 953 1103 1325 1470 1474 
422 556 629 757 774 1165 1312 
72 122 256 274 355 459 495 556 631 686 920 1413 1470 
28 332 380 418 590 739 816 967 1259 
32 59 89 99 233 294 413 448 559 910 
1 27 116 156 267 318 530 813 944 982 1022 1070 1115 1202 1386 1389 
11 74 102 120 405 607 701 1051 1093 1204 1238 
133 446 563 614 623 649 650 718 1039 1104 1114 1121 1188 
115 125 127 159 353 410 522 551 577 613 720 770 1042 1093 1372 
126 130 167 169 265 267 360 412 414 538 618 830 843 934 943 1117 1154 1220 1370 1392 
40 62 118 400 878 1058 1104 1173 1280 
18 110 199 305 737 972 988 1097 1374 
36 46 89 183 236 448 532 611 777 840 897 1115 1200 1243 1385 
158 215 269 298 513 564 709 774 974 1055 1161 1227 1309 1327 1433 
134 149 208 219 333 367 553 554 581 657 712 803 
24 109 183 266 894 946 1010 1147 1172 1352 1413 
125 247 273 391 422 519 774 828 853 860 879 1350 
28 44 126 532 809 850 857 860 882 999 1010 1239 1316 1454 
72 364 371 427 591 799 1084 1087 1089 1399 
234 255 525 532 538 789 848 911 1006 1035 1337 1386 1431 
13 84 175 190 196 324 407 538 711 1078 1295 
97 714 1069 1190 1398 
15 39 299 520 629 664 847 880 1067 1096 1158 1166 1408 1424 1458 
43 146 339 586 1153 1163 1358 1450 1458 
65 70 114 165 213 965 1244 
111 138 203 389 396 439 800 958 1246 1381 
82 163 264 398 436 457 477 727 848 951 971 1014 1147 1289 1429 
30 121 450 639 781 902 980 999 1132 1376 1394 
370 397 450 451 675 756 795 811 1007 1029 1045 1431 
168 579 847 848 
290 343 479 578 812 825 1043 1206 1208 1399 
1 223 459 467 677 690 1120 1169 1304 1323 
157 184 185 328 466 715 774 809 949 1002 1054 1097 1139 1218 1349 1443 
19 20 150 436 583 809 1224 
13 121 278 359 429 456 491 526 641 777 1213 1240 1415 
17 107 154 162 186 386 403 509 588 619 620 643 764 789 913 1175 1336 1368 
291 435 469 525 576 647 706 768 818 972 1034 1272 1372 1374 
31 191 275 289 403 602 667 1014 1065 1259 1439 1466 
97 171 918 1288 1308 
44 68 130 168 172 377 487 506 680 781 940 1058 1121 1201 1286 1304 1384 
25 29 95 237 389 468 482 550 768 811 933 1122 1391 
119 159 253 341 544 644 733 815 905 1395 
101 243 253 296 433 585 658 664 743 887 957 1299 1336 
6 14 73 108 239 351 467 523 903 910 1045 1102 1128 1275 1309 1316 
6 11 152 450 593 735 884 895 1083 1404 1445 
80 226 384 460 772 819 1240 
408 482 505 730 949 
123 159 166 268 674 841 950 1327 1330 1356 
187 224 302 372 521 614 745 771 847 920 1388 1399 1455 
172 194 247 479 505 614 642 776 853 923 1010 1299 
157 439 533 556 568 604 994 1202 
6 271 548 656 673 823 848 
6 262 311 642 1266 1312 1372 1395 1456 
12 164 567 732 875 1102 1250 1258 1326 1340 1416 
75 345 778 792 937 1211 1245 1392 1471 
233 354 521 568 580 760 768 902 1103 1286 1289 
46 99 213 723 873 892 912 950 992 1151 1176 1182 1319 1432 1454 
220 239 348 388 651 667 1004 1005 1029 1057 1119 1180 1302 1341 
209 351 474 745 830 1030 1220 1241 
12 130 157 248 271 305 689 817 913 968 1018 1166 1202 1242 
316 587 718 751 810 901 971 1093 1225 1381 1386 
9 76 82 207 488 655 762 778 796 810 887 941 1022 1119 1328 1345 
113 781 964 1102 1310 1390 
35 60 67 207 686 749 786 804 846 939 942 1052 1225 1323 
11 875 1010 1262 
210 308 440 562 697 708 915 1155 1187 1411 
7 45 79 486 509 737 843 1361 1385 
24 154 283 302 419 1001 1075 1202 
13 114 224 244 274 394 504 566 616 679 973 1038 1068 1132 1168 1192 1428 1432 1437 1440 
113 728 788 936 1261 1374 
200 365 509 564 825 891 904 1062 
201 421 606 620 688 738 766 800 858 886 1013 1126 
2 43 184 405 743 771 874 945 1026 1338 
15 48 295 326 440 615 634 664 776 901 938 1095 1349 
92 278 502 748 784 817 872 1003 1014 1056 1057 1206 1340 1352 1422 1443 1456 
10 249 484 613 618 736 987 1023 1190 1237 1288 1383 1471 
124 540 578 602 605 826 944 1065 1199 1351 1401 1473 
3 26 161 181 447 497 615 723 820 952 980 1095 1324 1384 1423 1441 
15 55 81 143 170 234 302 427 568 992 1067 1093 1200 1301 
80 137 184 436 442 733 763 808 835 874 937 1306 1339 1359 1423 
47 57 109 203 275 309 412 493 676 715 850 929 1037 1168 1265 1293 1364 1439 1467 
1 163 373 379 392 536 622 685 703 887 931 973 1272 1300 1353 
205 276 585 735 866 890 1187 1260 
458 506 543 789 805 923 1013 1122 1225 1273 1274 1382 
458 664 751 755 896 1058 1168 
105 300 340 379 407 469 626 757 918 1158 1244 1276 1352 1432 
71 111 142 196 388 418 925 1026 1034 1251 
191 306 594 812 869 916 964 1134 1353 1393 1405 1413 
31 57 133 347 469 617 819 969 977 992 1097 
54 332 578 775 791 833 879 978 1218 1297 1475 
52 71 97 326 381 427 480 513 743 793 1096 1246 1394 
245 270 389 518 618 694 1110 1315 
26 55 210 211 265 429 455 498 535 636 671 715 880 914 1285 1436 
350 352 395 416 470 955 995 1013 1078 1429 1457 
12 114 336 791 917 942 1135 1139 1460 
1 32 139 457 467 534 585 781 793 1151 1197 1279 1380 
85 131 238 451 831 1190 1259 1323 
248 378 794 1262 1327 1337 1468 
206 388 471 570 790 911 1055 1098 1153 1226 1291 1408 1458 
453 480 822 1003 1355 1426 
206 342 912 1110 1406 
103 193 251 425 565 604 763 1159 1331 1417 1448 
70 186 214 434 450 550 658 754 871 1053 1225 1353 
95 173 272 457 840 1003 1408 
197 216 353 665 1159 1164 1346 1352 
79 278 280 531 544 702 900 942 1141 1276 1430 
206 378 379 500 592 604 606 758 885 910 1137 1142 1470 
24 85 340 485 644 774 904 1088 1118 1131 1375 1386 1438 
261 894 1106 1253 
434 487 603 706 870 1028 1113 1114 1225 1276 1337 
68 113 167 221 663 892 964 1256 1426 1457 
389 455 519 690 757 769 894 925 936 968 1193 1398 
92 358 368 370 449 466 669 739 783 840 1221 
17 296 472 615 731 831 836 907 949 1150 1329 1351 1382 
134 308 343 785 903 1011 1050 1237 1369 1410 
9 416 524 574 630 633 700 789 816 846 1010 1017 1085 1269 1310 1316 1445 
98 191 216 226 523 646 770 785 977 1140 
202 267 277 326 425 485 629 721 745 755 798 988 1026 
167 207 360 410 452 727 863 877 944 1085 1474 
22 170 171 231 248 256 346 442 878 887 1001 1045 1093 
187 388 528 641 757 857 1185 1213 1365 
160 461 565 672 908 975 981 1122 1200 1329 1472 
28 88 104 253 551 678 729 757 779 831 1208 1425 
19 97 177 245 259 362 481 507 720 812 1086 1208 1436 
69 165 166 177 336 440 478 736 924 1121 1263 1422 1453 
77 328 394 669 750 804 1109 1140 1471 
125 142 252 271 345 369 427 467 515 808 830 873 1257 1317 1447 1457 
490 561 600 679 681 690 856 1140 1263 1282 1334 1377 1439 
409 415 482 1017 1134 1157 1207 1286 
30 153 159 300 381 553 685 715 740 792 1117 1244 1323 1392 
78 253 340 345 433 554 706 740 1273 1444 
320 432 689 784 1075 1145 1165 1266 1267 1284 1300 
8 107 1052 1076 1249 1339 1365 1390 1399 
48 63 147 170 467 650 893 918 941 1053 1109 1259 
2 269 278 483 579 658 741 855 966 1096 1265 1366 
91 147 219 287 388 493 563 662 806 965 1236 1370 
57 212 297 348 646 662 728 834 1355 
5 140 492 506 552 765 807 890 942 1012 1220 1264 1328 1423 1435 
91 253 311 639 712 728 919 1043 1207 1228 1287 1341 
29 205 269 319 369 535 564 637 667 1329 1395 
2 38 205 252 361 502 589 626 857 891 1137 1221 1251 1371 1424 1460 
287 351 545 701 787 802 810 842 867 1016 1073 1207 1346 1387 1441 
19 50 59 210 235 455 899 912 1011 1094 1181 1288 1314 1360 1361 1432 1454 1467 
143 164 368 422 439 623 844 1270 1436 
17 134 171 262 380 628 658 952 1032 1162 
33 274 294 485 614 1197 1281 1392 
41 239 428 621 653 919 947 1112 1252 1418 1434 
145 253 280 694 920 991 1223 1310 1459 1460 
2 128 221 309 374 512 551 589 739 740 1046 1117 1246 
77 121 174 210 359 382 435 652 858 908 1146 1402 1416 1457 
226 469 761 795 952 1018 1176 1459 1472 
121 160 243 766 836 1056 1107 1128 1275 1381 1387 1407 
525 533 602 814 1061 1099 1150 
260 323 337 376 471 580 745 1136 1187 1219 1270 1283 
37 72 178 181 202 233 254 511 711 825 1020 1043 1051 1220 1440 
56 487 713 776 1101 1174 1422 1436 
74 278 376 434 454 514 524 571 774 906 1062 1147 1176 
171 221 349 701 757 842 948 1008 1051 1201 1304 1378 
53 167 499 561 612 679 731 1166 1255 1292 1322 
13 181 385 401 660 744 805 1098 1201 1300 1355 
501 561 562 695 793 800 813 824 978 1177 1210 1264 1473 
61 282 287 393 476 539 887 909 919 1199 1225 1314 1332 1452 
218 425 583 697 744 814 1045 1079 1088 1128 1242 1244 
50 111 138 203 271 371 632 755 806 881 1086 1351 1447 1463 
210 317 334 448 495 819 924 1037 1222 1382 
70 178 213 281 389 432 1186 1428 1436 
13 26 189 199 221 287 311 343 414 441 583 1104 1121 1207 1226 1395 1446 
24 161 324 345 408 448 455 511 537 613 779 780 788 806 1119 1186 1310 1353 
97 238 243 382 383 468 566 649 848 858 1095 1126 1183 1403 
74 598 626 801 824 1367 1381 1435 1469 
60 161 220 269 335 382 502 608 725 744 773 898 950 1221 1264 1468 
18 81 96 158 177 320 470 532 587 599 863 1006 1131 1148 1323 
183 283 333 395 682 778 787 905 930 934 1221 1239 1242 1341 
24 186 285 480 505 548 888 1027 1087 1216 1229 1289 1308 1370 1406 
29 52 147 888 1265 1354 1404 
7 11 48 192 430 672 814 850 1002 1153 
38 252 417 426 719 778 779 859 1154 1316 1344 1384 
24 43 464 657 733 988 1133 1137 1235 1277 1412 
52 78 146 151 183 186 253 323 738 1087 1249 1328 1386 1474 
155 177 206 228 330 409 493 846 848 880 895 946 1014 1164 1241 1299 
60 486 655 721 726 761 764 945 973 1101 1237 
170 240 518 647 679 802 968 1086 1327 1461 1469 
152 299 310 330 656 902 914 924 1300 1371 1439 
110 143 160 267 441 614 620 718 815 857 868 905 1010 1269 1368 1449 
22 169 582 746 1301 1404 
189 434 553 777 972 1311 1332 1399 
62 122 152 207 406 488 493 619 946 959 1084 1140 1167 1441 1446 
68 286 494 586 613 672 890 981 1161 1277 1353 1465 
119 156 195 334 339 607 1051 1059 1237 1260 1466 
62 82 131 985 1178 
31 54 107 174 282 392 411 507 698 703 742 1039 1155 1193 1287 1298 1342 1367 
3 138 235 290 575 766 770 836 892 1157 1254 1264 1331 
50 220 366 538 598 706 906 1286 1431 1458 
44 164 296 365 406 727 818 1097 1272 1386 
10 131 408 607 644 703 789 1087 1153 
93 186 301 371 383 492 550 672 747 903 917 948 1062 1076 1191 1238 1309 1389 1420 
97 186 500 596 711 784 1004 1186 1226 1242 1268 1273 
290 342 741 751 940 1391 1416 
122 149 206 211 307 393 514 537 581 594 734 795 859 888 1132 1156 1372 
197 223 294 329 392 558 687 889 1207 1212 1277 
115 120 309 370 420 564 776 1043 1148 1308 1427 
152 219 391 402 585 613 635 975 1220 1262 1368 
410 546 586 624 1187 1189 
4 169 186 284 335 385 391 496 693 867 917 1091 1161 1273 1305 1389 
4 53 414 556 571 592 654 658 850 1371 1396 
142 213 299 331 389 469 596 763 797 1047 1095 1113 1208 
23 109 135 911 995 
5 26 136 425 570 696 899 1179 1309 1434 
189 634 822 838 1021 1110 1402 
409 483 487 656 684 783 784 813 1456 
118 135 180 211 219 544 557 595 827 1201 1208 1324 
81 289 338 415 503 839 1250 1306 1367 1458 
17 292 324 372 506 861 969 985 1031 1124 1134 1161 1246 1440 
35 199 276 622 745 766 1338 1362 
24 105 405 461 599 805 859 874 950 993 
25 274 392 633 643 820 979 1087 1268 1403 1442 1459 
89 193 281 430 543 701 743 790 1036 1159 1193 
356 363 616 658 751 765 1060 1210 1295 
21 524 554 778 814 818 1077 1209 1430 
31 90 207 249 263 287 344 690 794 945 1087 1156 1204 1258 1374 1407 1448 
7 68 203 389 761 774 819 837 985 988 1019 1302 1347 
35 383 439 507 750 894 963 1102 1122 1135 1151 1323 1415 
221 334 629 698 813 819 933 964 1140 1191 1196 1307 
98 167 220 291 311 355 364 386 587 724 797 863 1158 1168 1183 1295 1305 1320 1353 1464 
1 198 244 517 624 766 811 844 929 1078 1126 1159 1176 1421 
182 537 750 905 982 1208 1260 1327 1338 
71 202 694 702 888 905 1283 1354 
86 255 263 345 436 451 553 585 797 841 870 915 1099 1103 1333 1419 
4 213 346 408 546 625 636 1019 1177 1331 
61 72 211 350 413 482 508 570 627 645 730 748 762 815 1048 
189 244 441 445 513 571 602 983 1078 1095 1398 
28 102 209 261 500 768 776 782 795 901 987 1026 1096 1280 1308 
121 272 460 490 496 752 1293 1376 1438 
15 21 91 183 423 571 1260 1289 1319 1365 
29 113 369 704 868 907 1132 1203 1225 1378 1405 1458 
56 282 656 740 783 794 1085 1089 1103 1107 1177 1358 
57 99 208 459 479 623 719 853 909 1115 1306 1397 
169 224 359 375 535 554 698 743 899 1219 1314 
29 331 596 852 
214 473 561 836 1183 1327 1337 1361 
30 403 434 685 1153 1285 1335 1437 
16 387 491 1368 1460 
520 524 774 972 1283 1469 
271 304 636 652 653 1457 1469 
80 278 310 312 605 898 962 1145 1263 
135 183 719 963 1026 1250 1363 1369 1401 1408 1436 1456 
169 173 257 300 619 639 1049 1083 1253 1254 1270 1318 1319 1372 
209 253 298 300 458 613 652 851 924 1055 1061 1135 1168 1288 1404 
84 101 123 144 170 263 297 315 470 510 608 615 637 993 1226 1238 1255 1259 1352 
26 107 127 340 389 590 1099 1238 1347 1394 1459 
89 103 138 185 433 450 1250 1309 
72 329 375 807 1209 1430 
63 100 216 682 803 875 1077 1096 1184 1193 1224 1243 
376 460 516 593 661 733 757 819 849 1017 1456 
30 296 440 755 946 949 1066 1108 1256 1378 1409 
351 540 608 678 711 954 994 1012 
67 148 216 219 283 287 570 584 594 803 828 849 1004 1009 1025 1046 1050 1372 
157 363 574 657 677 770 938 993 1216 1269 
105 164 355 849 1066 1241 1316 1404 
180 190 284 345 428 507 524 566 670 1150 1163 1436 
48 133 253 277 342 376 457 680 682 1034 1178 1216 
122 370 441 558 830 1112 1318 1379 
34 143 285 337 433 695 757 837 839 891 909 950 1212 1357 
171 631 640 705 736 973 1122 1152 1173 1223 1385 1418 
176 371 904 908 999 1036 1061 1216 1377 
10 48 123 136 463 472 556 767 853 921 965 1062 1083 1130 1340 
110 210 678 734 842 863 919 1024 1262 1472 
17 242 275 312 530 550 643 672 682 684 813 929 990 1171 1282 
38 102 119 372 441 507 703 705 983 1058 1080 1194 1258 1304 
196 391 686 752 1138 1204 
44 51 54 298 440 501 587 590 632 744 783 986 1011 1145 1165 1172 1375 1432 
33 183 308 312 408 431 447 453 607 656 874 884 893 1052 1320 1335 
55 131 432 720 722 831 886 1058 1066 
67 149 164 256 329 436 440 561 763 838 841 997 1140 1416 1432 
21 279 392 517 592 1214 
100 149 388 410 450 451 462 475 689 745 825 939 1239 1385 
13 70 141 533 982 1066 1225 1432 
30 71 283 337 366 504 636 1085 1316 1469 1475 
47 156 192 431 659 666 694 738 752 956 964 1245 1290 1337 
626 702 751 787 922 931 1039 1157 1161 1200 1210 1296 1314 1316 1329 1364 1395 
36 46 108 444 512 564 756 1170 1252 1267 1355 1469 
28 52 308 576 624 977 1092 1329 
81 87 151 233 490 559 638 679 795 940 1036 1382 
264 265 267 504 615 617 624 649 766 838 940 1318 1339 1387 
107 426 434 528 593 688 836 843 1067 1304 1345 1405 1408 1457 
3 340 797 1249 1376 1404 
329 373 635 649 669 825 840 960 979 1217 
86 121 630 746 938 1424 
115 233 238 291 474 549 747 752 888 892 998 1261 1280 
17 136 314 428 518 556 592 802 862 1131 1261 1279 1323 1328 1468 
42 46 191 313 470 510 553 578 590 695 732 801 838 870 955 997 1130 1181 1298 
96 132 140 224 273 348 361 528 538 608 674 871 914 952 1052 1094 1418 
7 162 329 475 482 658 710 719 1338 1339 1366 
20 689 730 788 1043 1148 1414 
79 93 117 276 390 416 547 562 576 579 1163 1290 
30 76 233 291 515 787 800 902 999 1055 1175 
76 344 790 1164 1198 1440 1449 1461 
243 316 348 429 618 683 874 982 993 1341 1389 1396 
459 580 620 675 767 1350 1371 
30 64 188 543 717 1096 1121 1206 1217 
2 41 130 153 283 389 577 660 938 1002 1120 1180 1228 1297 1309 1364 
18 116 270 292 352 557 558 578 602 858 899 1029 1065 1158 1414 
8 66 125 175 330 360 617 804 816 1008 1167 1299 1324 
351 918 959 1043 1317 
100 173 409 925 1052 1078 1138 1173 1184 1212 1377 
192 292 320 347 377 423 499 612 661 984 1186 1475 
456 461 467 542 649 725 937 971 1008 1200 1225 1303 1428 1447 
7 9 16 109 140 172 256 374 478 495 567 770 1100 1135 1141 1215 1474 
454 520 663 776 780 798 827 863 925 1276 1334 
51 106 349 354 410 513 693 749 947 956 958 1017 1053 1104 1162 1208 1343 1408 
576 580 750 778 936 1138 1175 1212 1254 1305 1406 1433 
150 445 778 787 796 937 1149 1195 1259 
16 42 74 331 630 787 1226 
10 65 347 523 559 633 1225 1441 
8 117 161 173 176 205 360 460 541 601 962 1075 1101 1201 1369 
120 539 593 794 980 1221 1375 
266 300 618 638 814 846 857 987 1301 
198 327 367 473 572 802 807 1002 1031 1124 1365 1415 
4 67 304 305 312 325 685 736 1142 1285 1420 
55 183 328 457 476 653 717 793 810 944 983 1090 1154 1242 
1 26 155 414 813 887 926 1052 1249 1339 1444 
62 444 481 571 673 819 1094 1177 
106 140 325 380 494 547 596 790 808 854 929 1006 1025 1071 1201 1246 1257 1442 1451 
211 233 747 840 1007 1150 1156 1210 1259 
177 280 334 393 461 482 581 726 738 896 1021 1272 1465 
239 242 350 379 402 550 643 1029 1050 1154 1272 1297 1366 
38 247 312 383 447 591 682 828 959 1022 1110 1194 1278 1380 
32 94 105 122 252 340 612 759 766 853 916 1054 1132 1438 
94 137 148 216 396 729 771 932 935 1047 1055 1265 1295 
485 1171 
106 195 256 287 303 352 509 518 526 664 665 844 1018 1034 1043 1110 1245 1289 1352 1416 1438 
392 405 431 517 770 771 975 1140 1385 
26 118 192 270 464 854 1090 1125 1211 1276 1287 1346 1389 
42 164 247 302 480 504 935 1010 1127 1227 1297 1445 
27 59 62 186 187 272 357 652 776 797 832 962 1101 1337 1372 1436 
120 431 733 792 807 853 890 989 1173 1217 1243 1277 1376 1441 
86 88 101 135 186 236 325 379 395 570 652 739 1017 1133 1341 1349 
229 302 465 566 814 899 911 915 1054 1078 1169 1454 
6 250 738 763 862 1168 1423 1471 
19 171 425 514 670 744 1111 1330 
7 30 92 827 1098 1160 
82 197 227 278 384 567 759 846 1101 1209 1395 
51 61 175 218 306 407 429 436 487 538 654 660 841 1094 1135 1166 1441 
84 311 612 637 986 1233 1283 1358 1412 
147 300 430 444 520 595 660 759 866 1126 1141 
121 242 528 531 558 887 981 987 1055 1238 1332 1373 1424 
145 225 262 456 590 721 991 1059 1066 1152 1411 1415 
188 365 752 1020 1091 
318 399 484 1038 1217 
6 23 209 440 472 502 609 646 718 888 1131 1226 1349 1376 1475 
261 584 739 973 1121 1345 1456 
16 114 208 418 795 887 
95 176 240 484 651 765 999 1054 1070 1371 1372 1378 
120 189 451 578 586 732 1083 1135 1310 1421 1435 
21 86 212 261 395 458 951 1279 1287 1456 
46 155 432 476 482 558 775 796 801 996 998 1027 1136 
284 486 606 763 896 913 984 1033 1296 1347 
222 249 524 614 665 733 742 838 1309 1329 
58 85 103 192 247 607 629 652 1033 1307 1395 1455 
33 53 278 714 763 852 906 927 1255 
531 658 695 783 1026 1053 1285 1390 
90 357 381 480 529 673 822 899 1213 1223 1271 1395 1471 
79 254 357 750 806 942 1021 1047 1083 1397 
244 256 350 394 430 451 467 618 661 784 1099 1157 1325 1429 1430 
129 144 247 374 381 425 682 742 823 1142 1299 1344 
68 93 94 424 568 601 1053 1228 1237 1238 1294 1338 1465 
327 517 540 560 732 761 926 976 
37 201 248 302 372 384 475 678 1127 1200 1227 1291 1465 
259 266 370 563 580 699 797 820 907 992 1299 1373 
15 154 386 429 665 708 802 843 909 952 1110 1137 1198 1201 1244 1247 1350 
260 265 818 870 988 990 1041 1145 1153 1200 1204 1430 1433 
2 199 517 640 719 836 881 890 898 1456 
66 104 189 331 480 584 1065 1278 1305 1390 
152 157 584 837 1050 1100 1201 1256 1268 
91 519 616 621 726 735 1226 1309 
42 55 171 240 365 450 750 861 905 1130 1362 
183 209 353 532 553 959 969 972 997 1030 1328 1426 1472 
135 169 300 455 648 861 953 954 1036 1041 1056 1140 1242 1274 1307 1440 
24 102 116 176 185 536 589 663 1049 1082 1172 1268 
71 154 195 237 250 337 470 476 654 761 780 991 1048 1110 1154 1390 
163 354 395 457 541 550 661 885 1163 
181 284 410 725 1030 1093 1135 1141 1236 1297 1347 1455 
469 513 618 619 747 796 865 951 1192 1334 
33 105 119 122 280 517 591 621 1105 1218 
251 282 283 300 304 317 427 493 604 644 705 1138 1220 1358 1442 
106 157 182 191 396 594 605 682 787 1004 1088 1091 1095 1365 
137 245 561 658 703 1117 1130 1166 1179 
169 268 540 595 634 748 863 920 1214 1223 1418 1443 
91 293 358 616 984 1068 1231 1298 
255 336 407 538 840 889 968 985 1032 1215 1332 1461 
33 112 202 400 518 943 971 1001 1003 1146 1261 
87 89 245 307 409 573 647 765 995 1239 
20 56 276 399 424 448 632 656 978 1094 1192 1218 1440 1453 
31 111 119 365 504 752 864 1083 1337 
27 123 217 299 398 470 891 894 914 933 940 992 1065 1107 1137 1144 1253 1299 1361 1446 1447 
219 229 309 359 388 554 618 755 775 929 997 1027 1079 1143 1180 1205 1309 1408 
41 305 312 673 844 1164 1198 1434 
53 168 221 245 349 370 373 613 656 711 969 1131 1196 1300 1456 
135 225 254 312 447 480 513 605 615 677 1004 1362 1396 1418 
18 195 523 531 587 
266 536 686 765 1219 
59 92 456 547 629 678 742 1310 1339 
38 236 352 473 700 799 1174 1372 
95 337 383 491 525 646 647 724 820 1274 1295 1329 1338 1348 1439 1462 
5 98 171 213 303 349 430 664 687 723 770 795 1008 1275 1282 1364 1462 
291 371 762 966 1212 1288 1422 1440 1453 
247 526 906 945 1011 1019 1196 1254 
135 160 229 248 291 297 422 534 546 565 837 1026 1079 1080 1176 1196 1365 
100 247 255 328 448 735 848 1003 1106 1222 1429 1467 
19 43 53 201 210 286 344 503 637 865 876 1283 1292 1464 
34 150 163 227 365 557 723 807 889 1010 1089 1300 1330 1365 1435 1452 
90 93 195 226 236 474 550 563 609 799 890 993 1003 1027 1150 1208 
55 104 114 207 412 504 583 630 654 687 719 724 737 741 814 843 1083 1166 1366 1458 1464 
102 228 233 278 433 479 557 770 855 916 960 993 1200 1421 
9 327 652 662 786 885 1109 1161 1255 1356 1462 
41 419 438 518 628 706 744 856 921 979 1043 1153 1278 
502 519 635 682 1200 
77 297 390 426 479 560 568 570 644 818 1290 1299 1327 1334 
266 312 383 502 563 677 680 816 963 1009 1116 1151 1399 1407 1419 
24 304 425 434 608 884 1042 1076 1081 
321 378 406 550 553 621 917 971 1294 1379 1392 1457 1468 
27 146 308 317 401 441 626 977 1111 1261 1406 
457 467 527 604 733 819 939 1077 1225 1416 1452 
43 63 85 99 109 238 346 358 467 509 670 721 1022 1077 1141 1237 1349 1445 
39 45 194 239 309 364 383 431 602 710 721 989 1079 1190 1245 1309 1364 1458 
101 185 273 425 640 664 941 1085 1204 
16 127 190 219 235 381 403 502 541 783 957 1153 1367 1405 
274 337 350 420 702 884 1050 1099 1461 
71 156 275 682 716 729 834 868 927 964 1079 1142 1154 1333 1435 1440 
84 213 250 550 585 638 770 913 1019 1056 1064 1411 
33 149 157 357 613 900 1119 1120 1221 1252 1348 1354 
72 80 91 154 179 445 714 824 895 928 1032 1097 1350 1475 
40 294 351 703 955 958 1075 1311 1462 
441 519 602 740 757 968 991 1001 1022 1351 
24 293 380 539 700 911 965 1005 1159 1370 1470 
51 248 251 255 300 361 362 604 755 883 962 1381 1435 
201 211 448 458 694 755 791 822 962 1111 1307 1336 1433 
216 368 497 594 692 778 807 1027 1046 1204 1209 1279 1327 1464 1470 
112 137 596 681 946 1014 1088 1301 1354 1359 
6 170 230 293 304 316 410 444 512 548 606 974 984 1077 1286 1377 1418 
41 118 258 565 1192 
12 187 557 613 618 657 732 867 912 1024 1155 1156 1306 
185 222 535 583 589 753 773 812 825 914 961 1027 1034 1320 1394 
10 144 405 464 566 708 914 1208 1234 1427 1444 
6 389 708 718 770 771 874 982 1235 1293 
144 152 193 324 356 473 490 542 550 572 573 579 661 673 722 753 782 916 936 940 1139 1163 1357 1426 
43 350 399 1008 1018 1030 1166 1354 
402 495 547 594 672 1157 1203 1246 
59 361 384 417 642 926 1120 1185 1268 1285 1291 1299 1309 1352 
18 132 151 249 474 801 805 841 1062 1119 1404 
129 291 296 385 415 435 552 689 759 976 1283 
23 121 468 522 737 800 958 1098 1235 1295 1318 1364 1405 1418 1423 
42 181 364 607 667 756 984 1057 1073 1174 1240 1281 1316 
233 390 575 962 1333 1341 1399 
629 645 677 923 1071 1149 1191 1279 1295 1338 1377 1419 
176 216 361 384 425 430 436 480 642 651 776 817 870 886 959 1023 1270 1364 1427 
81 93 210 408 562 663 682 708 805 969 1021 1163 1185 
198 209 275 869 906 973 1078 1236 1410 
70 130 165 574 608 711 826 857 886 1004 1064 1161 1297 
235 518 1109 1125 1248 1291 1333 1366 
21 153 161 274 280 366 370 389 583 780 929 1198 1279 1290 
104 178 187 348 406 436 680 710 760 774 782 989 1240 1374 
295 332 726 810 911 1063 1275 1412 
7 93 374 411 1196 1251 1295 1300 1318 1327 
112 163 332 387 851 1048 1054 1159 1234 1282 1285 1294 1317 1329 1441 1457 
31 205 293 488 507 549 663 812 1110 1187 1416 1431 
13 531 638 665 769 920 1131 1156 1164 1212 1289 1438 
13 136 364 454 485 558 628 748 1021 1121 1219 1341 1437 1457 
39 145 284 348 431 465 498 647 668 675 684 727 873 880 1010 1133 1195 1199 1225 1248 1279 1408 
4 30 76 86 233 319 426 522 528 586 601 663 912 962 990 1013 1228 1241 1294 1305 1349 1446 1463 
57 297 654 741 828 909 1015 1147 1269 
107 112 314 359 557 627 888 1051 1361 1458 
139 286 419 460 650 673 823 1137 1333 1442 
20 29 95 129 277 409 467 639 761 781 782 862 870 988 1099 1115 
59 110 259 292 644 674 1034 1054 1141 1203 1300 1395 
45 79 188 282 295 351 431 472 567 606 704 910 1042 1067 1272 1391 
114 243 306 382 743 789 1053 1189 1208 1267 1469 
13 71 88 93 121 351 378 400 521 719 869 1004 1031 1062 1437 1444 
176 473 581 615 844 874 1026 1038 1081 1131 1188 1205 1226 1255 1279 1414 
115 258 425 546 640 752 826 893 946 978 998 1184 1232 1368 1465 
502 625 775 777 787 1016 1263 1315 1474 
330 366 455 832 883 1386 
80 245 589 746 806 1350 1378 
36 148 307 414 473 509 596 973 992 1068 1110 
158 455 504 821 922 1311 1378 1396 1397 1454 
213 242 247 360 454 541 606 726 781 848 874 946 1007 1089 1108 1110 1283 1330 1442 
11 21 60 123 168 170 211 273 717 754 957 1134 1295 1396 1426 
262 264 749 829 1077 1092 1114 1282 1294 
325 372 456 547 595 606 627 728 729 825 887 1064 1077 1374 
184 365 592 700 1054 1102 1273 1361 1417 
30 570 587 615 692 1362 1385 
23 49 140 264 360 395 446 463 489 496 503 755 989 1326 
86 219 220 277 361 451 556 564 824 862 894 927 960 1002 1052 1120 1381 1383 1396 1445 
203 261 280 336 415 541 626 908 1041 1133 1419 1439 1475 
27 190 236 248 311 365 414 808 831 1194 1360 
85 94 152 318 371 423 436 533 884 1322 1341 1346 
40 72 80 177 269 377 570 679 742 821 844 878 928 1012 1056 1070 1248 1268 1294 1465 
77 272 285 597 623 799 892 968 1009 1120 1207 1421 
86 325 403 520 557 671 787 944 952 970 1110 1112 1188 1234 1295 
7 264 437 529 588 596 786 801 878 1170 1241 1316 1375 1403 
19 49 189 328 385 665 932 1022 1059 
44 156 170 194 801 992 1016 1176 1220 
249 268 590 692 1058 1259 1284 1290 1303 1335 
275 336 337 662 670 679 762 823 958 1139 1213 1248 1350 1430 1451 
168 226 284 299 315 323 360 448 1071 1102 1333 1399 
40 195 319 368 539 866 873 1267 1421 
28 151 264 360 608 850 928 940 1070 1109 1165 1224 
53 106 214 264 352 519 550 554 596 777 829 903 1044 1056 1123 1196 1234 1285 1356 1360 1412 
45 180 256 293 530 603 623 777 792 910 963 1114 1123 1151 1232 
37 332 399 510 701 741 800 884 905 1096 1343 1358 1372 1417 
59 248 251 312 390 437 461 689 728 797 888 969 1003 1128 1167 1284 1298 1326 
46 169 529 673 1021 1413 1440 
44 67 82 244 339 406 475 660 725 787 1140 1340 1436 
32 153 213 217 321 785 829 1007 1195 
141 160 353 532 659 707 728 774 796 815 820 892 1115 1181 
80 299 472 702 732 759 935 972 1163 1326 
125 281 348 450 597 750 796 1051 1080 1187 1212 
110 123 236 601 605 649 716 1234 1261 1410 
6 19 24 49 101 216 303 625 736 758 763 778 781 863 904 1167 1180 1254 1300 1372 
34 57 254 255 417 463 599 685 728 847 1129 1200 1262 1313 1334 1387 1441 
30 115 299 577 668 690 815 907 944 994 1264 
9 193 292 293 510 697 710 846 905 916 935 1079 1161 1279 1441 1459 1461 
100 421 428 473 820 912 918 933 998 1018 1054 1363 1410 
135 141 147 319 331 658 1005 1057 1261 1269 1277 
94 310 321 475 485 528 930 967 990 1111 1424 
2 272 310 373 411 604 648 692 696 734 826 878 1245 1338 1457 
97 329 448 510 769 1093 1276 1405 
19 69 77 165 195 251 270 553 670 786 813 854 1066 1174 1215 1340 1432 
143 340 412 556 611 642 683 709 910 1269 
178 563 578 973 1325 1338 
176 496 545 897 973 1070 1225 1302 1320 1462 
102 248 393 474 555 588 610 703 1044 1206 1229 1321 
115 166 353 396 601 728 800 808 1076 1353 
8 99 144 199 209 257 336 417 655 665 691 911 1110 1131 1235 1255 1282 1286 
194 203 223 341 743 951 963 1064 1148 1216 1238 1241 
32 43 118 125 179 221 361 373 437 444 681 766 965 1123 1156 1243 1290 
20 215 325 825 1000 1021 1042 1257 
81 269 344 355 866 1014 1032 1072 1310 
254 298 640 945 1076 1145 1470 
83 91 208 425 770 840 966 1004 1265 1388 
198 232 264 394 639 645 749 795 971 1013 1035 1129 1183 1426 1458 
268 418 605 839 867 883 1029 1077 1087 1165 1183 1233 1340 1349 
302 566 576 601 682 697 1176 1199 1387 
1 3 60 126 448 501 531 619 623 626 726 842 867 900 1050 1292 1319 
25 101 117 137 382 406 620 730 938 1101 1146 1330 
236 554 575 590 787 858 1063 1116 1166 1180 
161 312 667 673 958 1095 1135 1270 1285 1414 
69 307 553 557 712 780 785 988 1065 1085 1183 1313 1315 
42 159 190 391 703 767 1092 1251 1416 
56 439 564 809 926 1157 1474 
109 125 223 359 372 471 536 623 856 891 982 1000 1266 1323 
218 356 561 568 601 607 772 914 944 995 1113 
29 160 282 906 1323 1434 
21 188 282 520 870 908 1007 
30 73 365 690 843 897 1094 1106 1162 1321 
250 270 596 642 742 836 850 891 938 1009 1024 1312 
32 200 491 529 751 815 972 982 1114 1350 1373 
5 72 115 244 348 389 562 748 773 879 1370 1424 1451 
474 498 524 671 689 813 836 1026 1034 1128 1163 
329 502 524 564 567 621 893 963 1191 1203 1210 
106 189 402 569 656 871 1028 1306 1422 
70 338 352 364 459 733 840 885 960 976 1251 1458 
134 212 235 264 269 306 387 605 659 788 918 
135 147 259 358 413 541 549 684 728 782 858 921 1080 1273 
347 597 682 774 872 883 970 997 1110 1172 1189 1192 1305 1418 1432 
53 182 297 513 717 723 1035 1128 1229 1315 1317 1323 
448 582 646 696 812 1067 1193 1315 1427 
98 356 426 464 647 732 787 852 942 1061 
116 164 337 365 422 466 606 849 861 879 963 1016 1249 1284 1335 
4 100 158 210 293 400 659 691 754 1430 
134 222 293 376 413 476 545 576 652 736 907 1076 1458 
27 63 168 196 211 238 344 625 980 1039 1459 
20 158 170 483 486 606 626 999 1046 1330 
13 46 82 96 159 178 678 713 875 1005 1015 1078 1089 1116 1280 
102 198 210 211 238 280 308 375 634 691 918 1065 1115 1257 1282 1357 1412 
18 71 143 323 412 462 627 684 931 1004 1141 1252 
51 428 512 572 703 982 1050 1249 
81 240 406 853 929 934 1076 1115 1140 1226 1299 1437 
241 286 294 503 764 774 1085 1435 
139 149 151 224 540 717 945 1288 1348 1353 
246 263 317 407 680 696 730 761 781 896 1177 1260 
62 406 438 1008 1174 1293 1338 1405 1429 1459 
385 507 810 833 846 918 1342 
185 230 363 651 1124 1132 1309 1377 
211 281 290 300 543 546 865 1052 1148 1177 
10 109 113 243 300 301 472 582 692 729 884 980 1028 1104 1161 1253 1296 1379 
229 489 502 614 627 791 932 1320 1340 
59 203 247 346 513 727 745 792 825 977 1094 1122 1218 1229 1270 1282 1395 
1058 1249 1285 1324 
156 282 527 535 654 681 715 716 724 1026 1149 1423 1449 
96 136 211 238 349 493 1055 1184 1244 1328 1336 1424 1447 
53 73 93 170 173 192 223 240 337 384 483 507 539 643 825 827 905 955 986 1236 1391 1473 
169 343 383 808 908 910 968 1169 1282 1420 1438 1439 1463 
70 110 151 261 323 390 508 625 733 853 971 1118 1176 1355 1388 1421 
7 59 137 171 329 377 426 456 591 755 791 953 
29 106 137 187 395 472 474 930 941 1207 1276 1317 1371 
20 61 67 136 201 532 576 607 653 805 1031 1274 1286 1397 
61 149 295 369 387 494 727 755 899 996 1137 1473 
2 59 88 136 288 486 537 626 674 681 726 739 759 857 924 1194 1239 1412 
18 79 295 302 344 383 418 421 537 664 692 754 936 1049 1082 1194 1201 1334 1400 
103 132 253 282 527 799 850 859 1023 1296 
48 415 452 581 590 698 887 899 916 973 1101 1104 1107 1358 1395 1445 
215 237 328 453 569 828 844 1141 1201 1267 
94 303 441 712 977 1038 1227 1383 
53 110 190 586 674 815 968 1000 1184 1241 1259 1266 1409 
18 216 219 258 269 626 647 688 723 796 798 923 954 974 986 996 1076 1090 1165 1343 1464 
130 187 257 313 476 550 614 899 1071 1298 1308 1408 
313 476 552 627 659 764 938 1063 1158 1161 1297 1423 1441 
219 375 490 788 868 911 958 1013 1234 1324 1423 1469 
305 521 899 985 1043 1127 1208 1223 1236 1259 1342 
11 126 358 591 760 781 908 972 1017 1144 1166 1173 1295 1350 1352 1438 
72 145 182 429 580 753 1046 1153 1215 1303 1316 
196 260 289 617 863 905 1218 
134 297 407 633 645 675 961 1151 1274 1308 1473 
44 46 105 230 282 340 346 350 590 664 826 875 946 1164 1254 1323 1432 
32 172 249 354 508 648 663 997 1017 1225 1300 
58 151 354 373 514 674 702 712 745 957 994 1137 1225 1421 
244 528 657 790 932 1050 
80 97 236 504 536 584 585 726 768 791 1014 1127 1420 
298 538 570 808 854 
43 76 465 686 1153 1334 1388 
61 210 269 502 517 580 659 992 1241 1253 1462 1465 
22 37 129 270 337 394 398 530 548 596 609 626 665 701 764 770 955 1223 1236 1475 
57 60 76 191 388 391 404 457 664 848 887 973 1168 1315 
87 91 110 192 216 333 353 598 879 1189 1212 
98 285 399 469 511 642 685 689 718 883 905 1040 1076 1084 1181 1185 1202 1228 
359 476 589 615 637 697 828 924 941 957 980 1074 1115 1251 1295 1298 1356 
132 717 780 853 854 929 1023 1042 1065 1243 1255 1302 1371 1392 1401 1468 
16 31 388 485 501 508 617 640 978 981 1046 1080 1352 1402 1412 
267 275 323 523 626 721 925 971 978 1072 
149 228 563 742 1012 1127 1220 1258 1352 
88 94 155 183 229 358 482 1234 1235 1245 1263 1361 1452 
38 345 579 994 1300 1423 
64 670 737 769 1054 1240 1243 1268 1436 
32 70 535 565 587 626 1018 1155 1196 1198 1310 1327 1452 
696 868 1019 
84 125 431 459 489 538 732 778 911 973 1239 
112 114 125 191 257 504 928 1001 1120 1251 1458 
53 178 187 476 644 800 1000 1012 1073 1074 1108 1111 1307 1439 
179 454 484 565 629 635 719 816 831 833 937 1265 1268 1369 
238 536 540 709 885 906 956 1169 1192 
313 393 516 828 952 981 1097 1207 
17 308 399 589 597 710 907 991 1422 1428 1444 
150 181 235 374 543 572 583 727 831 949 1009 1138 1311 1380 
63 146 307 481 525 570 920 1108 1136 1180 1262 1324 1453 
