1410 7953
18 89 137 326 458 495 581 733 1135 1149 1257 1274 1348 
65 707 762 769 834 861 898 985 1082 1138 1151 1170 1311 
128 140 203 206 223 586 620 632 660 725 879 1053 1067 1068 1176 1194 1281 1288 1364 
71 97 161 644 753 919 1362 
95 176 230 332 462 642 963 1342 1347 
7 40 48 146 473 496 552 766 869 1086 1119 1205 1372 
6 136 293 357 453 572 709 863 994 1168 1338 
178 296 438 443 457 715 716 727 801 962 1306 
56 93 102 247 430 706 804 871 1152 1191 1297 
11 19 116 122 203 260 272 600 756 885 1286 1358 
10 105 150 322 594 628 805 806 813 835 886 994 1045 1068 1110 1210 1249 1320 1324 1347 1349 1388 1408 
174 310 421 531 540 749 
362 492 633 715 839 1155 1306 
127 316 368 382 524 550 840 860 916 1138 1219 1225 1228 1266 1342 1391 
234 427 520 805 826 861 1016 1279 1280 
388 544 588 714 813 1226 1252 1293 1334 
171 214 256 432 587 624 807 1087 1140 1264 1276 
1 108 110 460 469 663 768 910 961 1030 1193 1217 
10 39 66 222 271 449 621 711 723 750 778 928 969 1145 1342 
41 128 233 364 550 612 675 681 1018 1218 1323 
45 220 578 603 906 1295 
523 543 595 608 723 795 884 922 954 972 1022 1147 1163 1248 1406 
223 239 498 832 869 886 897 994 1019 1069 1111 1115 1130 1220 
256 295 322 432 545 938 953 987 1062 1159 
76 100 286 345 358 443 649 739 827 918 950 1132 1320 1347 
371 428 586 632 642 647 1012 1224 1251 1272 1318 1346 1365 
67 201 234 365 494 564 789 970 1109 1249 1265 
652 660 688 700 830 865 1155 1211 1266 1362 
406 738 763 816 861 984 1113 1134 1148 1160 1375 
136 217 282 639 756 1117 
36 163 208 284 352 645 1011 1210 1369 1401 
225 304 410 432 674 677 778 853 1016 1055 1073 1225 
626 816 847 938 969 
110 143 147 282 337 436 571 660 689 892 943 1027 1293 1295 
351 430 566 626 868 1050 1098 1199 1293 
31 89 122 208 273 474 634 871 878 1033 1057 1129 1232 1394 
216 550 621 670 723 768 922 975 1093 
124 202 269 320 357 726 1279 1348 
19 591 606 618 698 750 856 995 1008 1092 1120 1246 
6 134 379 538 568 708 741 777 896 935 1196 1362 
20 360 364 527 531 590 602 798 809 853 963 1088 1281 
542 558 597 808 932 962 1012 1126 1244 1256 1394 
64 81 243 313 431 475 528 652 782 809 888 950 1073 1308 1375 
171 219 228 232 481 777 879 1064 1156 1180 
21 52 128 290 486 532 572 759 859 923 943 1280 
188 450 477 485 565 666 1140 1163 1194 1279 
141 333 354 366 367 397 502 666 724 829 860 944 990 1203 1281 
6 184 382 392 434 452 460 486 550 560 657 820 1004 1116 
554 642 874 891 966 1041 1283 
287 350 395 438 770 1168 1256 
88 190 213 472 894 
45 148 239 302 436 443 477 579 903 980 1136 1201 1389 1404 
68 296 472 551 563 605 607 661 685 749 779 878 884 1021 1095 1112 
754 845 1174 1317 1341 
235 302 368 420 527 661 694 713 807 864 880 982 1293 1386 
9 140 211 424 441 924 1167 
104 179 221 409 690 762 887 928 1258 
179 248 454 529 553 776 855 1035 1081 1266 
255 902 1154 1282 1316 
157 243 286 338 510 512 663 681 716 1059 1150 
177 288 422 560 585 757 769 1214 1336 1381 
146 255 528 686 896 1202 1329 1374 1384 
225 285 323 390 1021 1120 1174 1331 
43 72 215 247 371 584 714 785 875 937 990 1067 1090 1142 1335 
2 87 178 424 614 978 994 1012 1319 
19 114 119 127 247 304 326 350 488 549 657 664 749 796 820 953 1088 1121 1254 
27 342 366 381 565 706 822 933 1086 
53 90 169 252 297 409 430 467 489 529 1039 1206 
174 357 399 462 487 543 742 746 752 787 1042 1050 1175 1188 
138 220 295 352 368 410 443 522 540 588 639 759 805 887 950 1142 1196 
4 97 103 186 703 726 755 814 890 1291 1344 
64 259 280 376 465 645 703 931 1085 1088 1137 1178 
181 226 274 374 570 740 1000 1115 1183 1372 
678 909 935 
95 132 231 612 635 751 879 979 1164 1388 
25 79 156 262 369 465 634 647 727 964 1009 1091 1101 1176 1205 1287 
138 146 258 301 322 425 587 652 866 946 967 1196 1311 1314 1331 
160 200 302 494 819 830 849 1007 1049 1194 1334 
76 190 235 362 455 719 934 944 990 1125 1277 1370 
134 294 355 357 418 504 645 789 1025 1080 
43 99 160 194 424 646 777 786 836 837 912 918 925 941 1120 1150 1329 1361 
146 471 828 1082 1132 1290 1362 
154 164 324 414 430 554 821 845 872 921 1086 1294 
208 504 521 642 707 1125 1147 
180 234 245 339 488 516 733 804 822 984 1119 1288 1319 
117 200 276 278 435 927 1032 1134 1190 1207 1351 
65 88 126 291 326 384 446 514 698 731 745 755 948 1175 1243 
51 87 330 343 384 469 880 1134 1326 1331 
1 36 124 407 550 595 624 671 962 1148 1173 1252 1329 1392 
68 170 172 302 355 916 1093 1103 1309 1355 1364 
159 318 339 703 794 825 1147 1293 1356 1387 
187 269 375 464 466 712 727 769 835 868 1018 1147 1190 1357 
9 103 150 231 418 433 831 842 889 1013 1054 1258 1285 
159 196 244 352 679 865 886 1027 1093 1263 1301 1303 
5 75 136 167 330 856 892 930 995 1133 1260 1271 
122 336 374 538 544 795 1274 1299 1303 1309 
4 71 100 142 154 292 648 675 682 1088 1396 
104 112 144 188 435 805 907 1009 1019 1025 1193 1281 1298 1378 
81 290 548 565 650 672 887 927 1264 1310 1313 1341 1393 
25 97 150 255 508 669 785 926 1011 1139 1155 1205 
374 522 564 652 740 767 837 1077 1107 1117 1264 
9 278 406 613 619 701 802 1053 1135 1250 1317 
71 93 200 219 441 473 474 590 649 722 756 966 1274 1307 
57 98 216 649 823 980 
11 123 277 380 629 761 825 1018 
172 277 389 1179 1332 
160 210 305 342 657 732 756 887 926 1004 1021 1266 1309 1320 
18 124 294 543 669 814 910 952 1280 
126 191 272 366 372 382 408 445 522 584 638 988 1088 1111 1126 
18 34 125 258 562 682 1128 1258 
164 181 202 244 259 469 769 778 1023 1033 1097 1180 1183 1230 1338 1390 1400 
98 510 556 982 1136 1178 1393 
249 292 409 511 614 737 852 1067 1339 1377 
66 293 320 453 669 721 749 916 1019 1036 1118 1191 1305 1315 1325 1377 
457 694 702 825 828 1162 1208 1217 1278 
10 368 386 444 651 849 1064 1407 
86 129 174 203 263 382 498 606 684 745 881 934 
233 247 502 547 584 1181 
66 137 321 474 540 586 645 769 819 911 1036 1287 
206 211 462 485 625 678 703 1021 1064 1085 1211 1348 
235 579 707 771 1307 
10 36 96 192 209 241 342 423 661 778 968 1010 
105 202 285 362 431 799 859 874 885 1128 1171 1209 1369 
38 89 108 237 282 359 365 428 624 629 970 1018 1113 1124 1193 1269 1306 1314 
110 129 227 263 371 389 479 617 774 1287 1372 
87 109 440 618 659 811 821 1036 1265 1283 1323 
14 66 166 660 786 891 925 1069 1113 1166 1296 
3 20 45 359 489 587 774 796 848 1008 1012 1064 1189 1256 
117 125 157 360 369 556 559 1012 1036 1051 1162 1288 1355 
552 574 708 933 964 1075 1138 1242 1261 1318 1386 
319 372 410 465 753 914 1172 1294 1384 
75 292 516 591 638 652 1122 1149 1251 
210 517 586 712 1105 1279 
40 80 197 198 351 600 607 1006 1038 1100 1104 1263 1304 1354 
410 542 644 891 940 1380 1385 
7 30 95 160 201 425 687 738 760 834 859 1129 1196 
1 119 353 501 907 1036 
70 77 204 307 308 477 737 740 752 799 888 894 916 936 940 1139 1192 1197 
305 324 401 453 603 610 967 1047 1088 1208 1342 
3 56 163 343 490 652 820 907 1305 1368 1382 
47 250 256 338 378 386 438 441 524 530 578 652 905 925 1199 1205 1239 
97 206 313 322 358 513 552 716 811 814 868 1154 1181 1210 1276 1371 1400 
34 321 345 389 447 773 895 913 1218 
98 164 309 429 434 553 560 681 858 1072 1084 1163 1171 
171 244 277 502 741 848 924 1062 1182 1333 
6 62 77 82 248 258 263 355 425 464 702 936 978 1003 1024 1121 1228 1385 
34 177 307 759 1251 1269 1336 
52 426 586 626 751 860 873 1252 1262 
152 212 397 521 536 961 1149 1224 1319 1394 
11 93 100 277 495 662 806 813 851 1117 1308 1335 
234 242 291 392 410 418 716 780 843 851 855 862 1120 1352 1364 1378 
149 252 400 511 708 744 802 883 1003 1004 1139 1169 
166 312 490 682 738 1033 1270 
83 97 431 485 584 604 629 641 645 716 725 778 799 1190 1309 
277 356 489 637 927 1180 1357 1387 1406 
76 750 821 836 1105 1113 1135 1200 1339 1342 1361 
60 129 269 351 522 568 613 700 702 863 984 
175 312 336 364 537 598 949 1092 1186 1277 1284 1390 
91 94 236 261 292 434 907 948 1016 1052 1292 1334 
78 81 107 136 277 348 411 815 981 1036 1171 
4 540 762 847 913 979 1053 1071 1232 1245 1336 1380 
206 224 364 540 568 587 885 899 947 1209 1396 
31 140 637 773 878 1086 1093 1117 1326 
83 111 144 174 187 345 540 682 767 851 854 968 987 1011 1147 1293 1304 1406 
284 291 471 508 610 811 944 972 1071 1147 
127 153 274 472 561 734 767 797 891 932 942 1072 1139 1216 1406 
95 260 316 832 952 1145 1170 1296 1344 
319 529 711 720 741 772 843 894 957 1225 1295 
68 187 321 612 700 914 953 1015 1063 1212 1368 1378 
90 262 307 461 730 735 744 1007 1158 1232 
17 44 145 179 190 213 218 485 682 723 856 922 1025 1171 1251 
90 106 183 185 243 257 326 408 427 510 575 721 1000 
314 344 466 478 665 683 814 1016 1106 1129 1176 1338 
12 69 117 164 253 302 490 551 570 636 700 837 1018 1053 
158 215 223 230 307 330 618 638 735 783 857 938 975 1283 
5 322 454 682 789 797 905 930 956 1043 
61 147 194 197 249 367 703 727 806 896 927 1188 1215 
8 65 423 553 697 779 815 875 894 915 1012 1061 1127 1156 1270 1402 
57 58 171 288 314 347 382 459 584 890 955 1026 1082 1298 1405 
85 572 585 832 851 908 945 999 1058 1169 1208 1229 1313 1384 
73 111 282 294 331 358 726 737 945 1044 1228 1336 
273 281 397 529 690 811 1020 1050 
172 315 508 561 739 1044 1203 1280 
48 192 203 215 228 252 321 652 820 862 899 1012 1166 1280 
172 202 282 309 569 619 754 867 1045 1117 1280 
71 504 748 795 878 931 989 1272 1350 
92 164 169 209 239 244 320 330 486 747 905 919 1001 1040 1238 1294 
46 98 260 492 574 603 765 812 892 921 946 1320 1360 
223 342 600 618 723 728 788 813 877 1019 1049 1367 1376 
51 79 171 415 500 547 658 731 766 883 1098 1358 1381 
109 194 482 638 940 1319 1380 
122 184 659 1016 1153 1342 
275 341 429 436 468 516 650 781 902 945 990 1043 1215 
81 177 191 291 392 550 557 839 901 1028 1043 1057 1098 1362 1405 
415 533 559 650 735 910 988 1019 1026 1158 1183 1212 1224 1285 1298 1322 
94 227 356 508 634 638 664 905 1043 1160 1203 1240 
134 177 350 961 1106 1159 1184 1189 1226 1252 
134 237 336 451 582 654 690 779 1061 1283 
321 394 767 885 947 
78 86 103 491 617 662 813 1029 1122 1256 1306 
27 136 210 255 317 427 536 557 578 664 688 781 865 898 937 1066 
38 111 123 185 246 252 333 401 580 586 615 656 739 744 804 1038 1243 1264 
3 10 117 184 598 820 901 1017 1218 1241 1247 1348 1385 
138 246 336 412 501 610 686 914 931 1033 1042 1105 
304 464 704 776 1099 1111 1129 1212 1223 1369 1380 
3 120 142 162 854 1118 1146 1154 1346 
356 388 606 986 1120 1130 1254 1340 
31 36 84 210 341 405 424 480 654 662 667 696 839 929 960 1109 1260 1285 1292 
122 187 215 661 711 755 1016 1111 1211 1374 
107 133 201 208 286 294 330 333 367 409 752 761 868 1116 
56 120 220 284 563 582 629 842 1038 1247 1276 1355 1397 
149 292 458 612 1233 1374 1392 
51 171 242 806 1071 1256 1394 
17 442 659 666 685 741 840 920 996 1245 1367 
64 175 184 209 319 386 427 477 571 967 1018 1048 1073 1126 
37 104 673 752 1232 1271 
30 304 414 534 661 738 742 890 981 1074 1125 1180 1196 1201 
171 367 561 628 705 825 1010 
44 103 292 569 648 660 679 734 846 1314 
21 70 211 281 285 345 399 537 598 645 662 1030 
57 325 360 376 410 550 590 591 775 909 1066 1086 1127 1293 
19 560 957 1020 1160 1192 
3 23 175 189 324 478 519 629 982 1152 1252 1254 1273 
162 258 370 416 744 
32 63 312 490 539 600 792 807 857 988 1084 1183 1278 1294 1297 1391 
73 406 416 616 669 779 850 881 1114 1166 1188 1216 1271 1345 
125 196 275 393 585 896 1032 1042 1144 1341 
44 184 281 371 382 458 486 558 600 768 788 897 972 1149 1256 
284 323 703 769 790 913 1017 1108 1162 
5 175 324 330 389 422 1033 1047 1100 1229 1289 1372 
75 93 290 291 429 644 754 868 1053 1066 1098 1238 1381 
44 293 315 370 382 433 763 770 859 1050 1235 1322 
20 118 405 475 503 606 621 641 745 928 998 1229 1388 
15 27 85 151 551 696 698 767 1340 1346 
55 79 121 297 305 718 724 912 977 1139 1165 
159 265 344 608 667 671 736 791 807 996 1335 
124 198 265 689 696 705 706 794 822 866 1176 1376 1396 
532 605 624 688 846 893 901 929 939 1088 1188 1211 1256 
23 52 187 298 317 322 362 450 599 776 945 981 993 1138 1179 1332 
267 741 839 
122 253 272 519 651 819 931 942 1077 1080 1188 1252 1253 
151 213 353 375 467 706 1009 1092 1135 1181 1207 1320 
43 60 172 400 450 583 613 630 716 720 746 820 1058 1218 1231 1302 
94 111 145 187 357 393 955 1155 1244 1381 
85 350 394 488 734 1032 1133 1157 1201 1340 
202 204 256 297 571 808 922 984 1050 1185 1215 1246 1269 
9 64 66 118 576 1101 1109 1209 
58 146 351 542 547 741 1009 1154 1203 1215 1277 1327 1373 
113 177 365 381 431 561 712 840 1087 1153 1168 1312 
141 337 381 417 754 893 994 1081 1156 1178 
500 764 799 1001 1009 
68 152 184 202 638 654 941 968 985 1174 1187 1355 
174 241 503 526 734 735 1032 1103 1162 1183 1377 1402 
285 295 323 344 351 502 930 961 971 1191 1284 
59 62 100 201 261 327 653 745 849 860 865 981 1006 1135 1149 1214 
17 24 141 246 440 445 727 754 858 985 1002 1038 1267 1349 
172 345 588 611 633 764 770 791 886 966 985 1383 
77 110 146 224 533 761 866 1012 1038 1071 1167 1334 
72 111 381 1117 1256 1301 1334 
10 167 188 279 354 371 528 557 1009 1032 1041 1053 
159 255 629 713 827 850 950 978 1072 1086 1127 1368 1382 
76 170 399 829 1129 1267 
117 125 146 473 477 514 538 668 688 827 875 920 1347 
544 588 680 685 1012 1053 1125 1232 1272 1402 1407 
236 237 693 704 1020 
310 440 497 579 744 945 995 1024 1234 
240 428 688 739 786 818 833 843 947 955 1011 1308 
310 500 514 570 680 835 875 888 978 1013 1055 1070 1169 
38 92 157 609 614 653 872 1207 1213 1246 1293 1346 1410 
313 338 362 489 610 801 987 1230 1244 
19 413 457 504 536 579 758 999 1027 1125 1130 1131 1137 1150 1161 1325 1340 
10 109 241 392 488 569 602 756 1106 1112 1275 1291 1345 
36 182 501 675 682 708 712 738 747 772 1147 1311 1323 1324 
73 166 575 683 873 929 1012 1091 1166 1240 
193 227 281 330 363 479 490 545 655 1131 
86 409 568 572 696 750 795 830 1010 1216 1224 1340 1345 
105 106 145 150 155 160 385 412 427 441 571 591 631 927 1023 1287 
86 102 312 514 795 913 1028 1277 1324 
260 439 500 665 906 1026 1288 1312 
72 284 289 402 510 673 772 1000 1066 1102 
182 220 228 275 299 771 796 923 1123 1173 1408 
30 34 124 181 185 358 393 426 435 477 868 1081 1310 
422 469 524 751 816 893 929 
31 165 211 229 280 425 476 541 739 822 1061 1076 1213 1267 1366 
63 123 220 254 389 497 507 609 615 762 815 958 962 1143 1391 
25 60 210 404 493 627 1034 1133 1144 
50 414 430 792 1082 1104 1193 1309 
61 179 296 463 652 767 875 1068 1102 1142 1375 
280 328 450 667 884 1030 1187 1206 1243 
45 99 231 332 607 1018 1040 1093 1158 1260 1315 1396 
87 151 165 194 231 351 521 1298 
97 113 132 159 212 219 501 580 591 636 721 748 791 826 907 1005 1063 1104 1143 1162 1190 1220 1299 1348 
7 114 232 437 539 575 639 1115 1173 1360 1409 
80 108 181 210 307 557 633 873 1024 1069 1084 1201 1363 
24 70 254 573 605 840 889 1067 1378 1387 
8 53 288 342 380 755 918 1175 
68 235 246 419 537 852 879 907 919 956 992 1082 1294 
239 304 347 371 431 640 886 1266 1360 
281 361 363 737 989 1093 1106 1272 1405 
394 502 798 842 927 1152 
77 309 373 507 531 595 686 727 736 776 899 1077 1193 1217 1273 1277 1312 1351 1391 
52 55 78 90 174 651 701 765 1075 1121 1385 1406 
413 557 943 986 1170 1205 1219 1269 1387 1393 
32 66 205 217 298 445 484 636 657 843 1033 1075 1302 
107 139 235 312 350 351 619 713 827 883 
314 403 442 658 777 938 1127 1194 1210 1311 
138 147 170 175 294 403 541 590 843 901 1118 1244 1362 
138 380 501 615 829 1207 1208 1306 1357 
144 185 301 353 453 1297 
12 266 268 358 456 472 532 595 711 806 1090 1097 1232 1280 1371 
469 476 609 625 954 968 1009 1014 1188 1329 
153 158 225 278 305 480 530 586 848 1021 1169 1293 
43 142 270 347 391 425 530 539 581 678 741 972 1170 
173 179 306 402 418 451 532 579 617 788 954 1025 1027 1102 1282 1331 
183 232 415 447 540 591 721 723 884 977 1052 1123 1184 1313 
14 167 335 452 720 777 973 1063 1140 1238 
201 239 320 576 635 684 820 1083 1113 1241 1260 
91 566 1220 1304 1351 
131 168 215 358 462 524 674 768 840 895 1142 1215 1246 
38 114 187 317 391 884 996 1101 1167 1384 
119 143 169 184 199 339 341 824 996 1258 
11 24 77 142 176 239 512 674 883 1100 1320 
63 229 254 477 530 532 615 725 800 801 848 855 961 1012 1165 1199 
83 139 223 230 389 398 567 610 624 726 727 911 1176 1197 1245 
221 435 524 636 683 710 792 903 1014 1028 1092 1142 1153 1288 
1 66 87 172 463 746 857 1001 1011 1036 
255 475 534 596 720 1034 1123 1138 1208 1303 1384 
289 339 367 377 773 992 994 1028 1164 1364 
379 720 823 1061 1219 1293 
88 95 175 187 210 230 275 563 711 753 789 959 979 1095 1112 1355 1385 
181 376 410 578 585 673 1150 1169 1175 1259 1298 1380 1394 
5 290 560 666 714 834 1005 1100 
47 202 210 347 367 457 472 520 560 634 690 758 816 958 1020 1097 1107 1211 1218 1377 
351 469 479 784 1216 1291 1294 
316 457 588 606 969 1068 1161 1308 
96 158 198 204 1017 1044 1050 1206 1229 1297 1319 1327 
34 250 462 501 568 581 705 850 
60 141 270 628 755 836 911 1006 
85 91 321 328 362 508 668 708 764 809 811 888 1096 1258 
720 835 989 1021 1296 1313 1404 
193 208 321 346 533 844 858 950 969 998 1241 1322 1378 
67 107 122 189 296 504 517 618 686 922 1117 1203 1231 1306 
88 140 458 564 593 704 1139 1239 1279 1342 1353 
173 236 254 554 946 1113 1160 1220 
25 143 164 220 257 391 437 462 550 627 756 850 861 869 880 954 977 1130 1196 1269 1293 1366 
341 467 538 588 642 739 790 936 1022 1044 1151 1202 1384 1388 
179 298 313 333 472 551 607 655 836 1024 1121 1191 1407 
160 683 722 789 1050 1136 1297 
377 403 460 470 610 802 834 926 933 
50 66 197 245 305 363 432 499 731 1066 1212 1234 1237 1355 1409 
35 134 157 248 254 291 305 334 890 1334 1395 
31 70 94 460 478 551 732 772 788 820 967 1022 1155 
137 242 309 546 609 671 787 817 1039 1304 
47 260 451 794 832 935 953 1042 1095 1185 1196 1200 1316 
80 90 146 362 363 427 643 651 733 1007 1023 1026 1076 1083 1097 1223 1365 1390 1400 
155 196 207 472 492 508 616 699 707 747 779 1050 1122 1234 1274 1353 
7 38 69 80 244 591 837 1051 1075 1181 1225 1230 1309 
25 142 181 282 310 319 368 632 682 743 818 869 1005 1088 
124 128 434 501 535 553 574 703 882 1162 1302 1331 1348 
41 129 221 535 708 890 1036 1100 1153 1200 1224 
299 1023 
13 79 123 239 270 339 355 509 518 565 566 648 732 789 1038 1169 1205 1291 
275 299 350 355 417 512 630 648 843 1075 1077 1114 1222 
20 41 158 162 370 436 519 644 804 873 907 1020 1183 1234 1308 
27 124 249 417 443 515 917 1139 1209 1380 
47 67 109 403 522 597 895 994 1208 1302 1327 1376 
47 177 210 218 328 333 472 551 657 834 1195 1197 
14 55 70 116 358 552 698 828 887 949 977 1010 1047 1256 
76 129 436 687 739 760 761 1093 1404 
224 232 364 472 587 734 921 1188 1237 1378 
26 64 125 228 260 298 586 731 802 821 912 927 1039 1179 
109 131 389 835 1051 1054 1303 
301 589 748 1006 1013 1124 1173 1266 1287 1311 1375 
73 96 101 381 384 645 777 
92 242 430 463 470 510 530 613 629 883 984 994 1115 1264 
72 221 331 409 489 526 579 757 1105 1360 
328 349 458 530 535 572 753 1102 1345 
141 379 506 786 822 871 1041 
40 329 378 563 607 919 940 1025 1126 1276 1403 
105 296 308 423 432 576 944 991 1049 1069 
67 249 250 259 374 448 457 550 718 827 1098 1244 
14 48 109 117 179 228 232 503 524 710 875 901 1056 
624 655 758 1103 1285 
87 88 374 416 518 528 540 801 835 916 926 1196 1403 
277 389 572 725 1049 1075 1087 1097 1114 
116 141 215 410 465 566 597 757 765 963 1101 1112 1141 1209 1217 1294 1320 1373 
560 655 662 852 
16 207 448 661 784 859 872 894 977 1038 1336 1386 
106 125 143 230 285 324 372 385 475 494 687 704 822 830 893 934 941 987 1025 1088 1113 
63 522 757 907 1028 1049 1305 
313 320 345 459 499 530 566 721 1242 1291 1408 
48 151 194 272 464 602 649 741 744 773 1030 1218 1334 1374 
227 244 282 574 584 697 929 951 976 1177 1292 
199 245 300 712 721 736 1074 1159 1232 1242 
50 424 438 518 544 626 704 816 872 922 1007 1231 1241 1248 1316 
474 610 625 647 779 950 1169 1360 
47 149 182 425 518 642 643 955 1039 1157 1255 1294 1371 
324 436 472 487 657 674 828 1188 1235 1381 
69 220 262 521 791 818 865 892 895 968 1019 1196 1223 1285 
152 243 415 426 454 477 629 852 1026 1073 1178 1251 1266 1278 1314 
139 202 790 886 932 992 1080 1089 1091 1152 1385 
280 314 542 574 714 732 870 979 1016 1075 1236 1251 1352 
306 307 349 366 424 429 465 585 898 937 1059 1113 1398 
286 418 473 847 918 966 985 1083 1095 
208 233 476 518 584 1097 1256 1304 1342 1383 1384 1402 
29 102 226 617 658 978 1003 1019 1088 1222 1254 
89 641 896 956 958 1007 1053 1072 1230 1400 
109 172 437 496 503 585 642 708 725 1212 1366 
57 68 113 210 276 376 440 460 483 561 613 844 1061 1152 1227 1241 1255 1273 1305 1308 
32 70 131 135 151 221 331 386 412 480 535 637 730 1090 1177 
160 434 435 662 749 789 862 890 1036 1045 1227 1268 1310 
204 277 410 450 636 746 767 1002 1083 1176 
271 303 470 948 1187 1296 1383 
83 217 287 586 595 738 815 1025 1203 1297 
190 195 315 400 462 473 551 645 699 785 794 953 1022 1077 1275 1398 
224 226 384 454 664 946 995 1055 1284 
250 363 365 791 934 1007 1173 1211 1214 1270 1399 
80 93 151 314 404 590 594 691 738 812 877 946 1030 
297 908 1038 1104 1156 1245 
55 710 729 739 1036 1124 1201 1371 
12 440 718 843 953 1355 1388 
61 230 283 531 573 582 619 842 1025 
122 178 380 585 763 764 1019 1206 1262 
56 65 81 208 395 403 490 612 663 671 756 934 958 1173 1269 1275 1276 1380 
77 136 146 284 313 397 564 1075 1128 1268 
148 282 400 651 684 691 834 942 973 1086 1244 1351 1384 
15 172 201 215 277 355 659 837 887 1048 1207 
26 124 267 449 800 933 942 968 1135 1196 
144 193 231 403 524 657 837 856 924 935 967 1059 1067 1073 1083 1325 1350 
9 35 68 83 287 375 435 566 710 740 888 1217 1247 1272 1290 1350 
43 123 154 249 298 581 676 911 1146 1150 1202 
17 24 32 350 380 538 732 906 985 996 1097 1196 1262 1263 1328 
93 232 444 697 860 906 1058 1188 1332 1391 
48 144 159 359 411 565 593 778 850 884 1138 1302 1379 
86 98 282 325 411 430 440 629 694 974 1365 
34 52 193 364 369 398 699 756 832 1046 1097 1161 1185 1340 1343 1394 
293 345 408 793 899 1130 1354 1365 1385 
8 50 141 395 663 810 960 1062 1196 1213 
279 485 556 664 823 883 945 1110 1267 1268 1294 1339 
126 256 266 409 421 435 579 605 642 947 957 994 1010 1270 
56 103 141 277 591 886 899 972 1016 1057 1072 1106 1130 1283 
214 306 679 864 881 893 939 1186 1187 
8 25 52 70 365 998 1082 1225 1378 
116 433 490 668 792 903 1021 1126 1166 1252 1266 1294 1336 1364 
109 256 304 487 568 656 716 966 1053 1111 1182 1241 1242 1355 
87 842 898 983 1263 
143 315 575 672 705 859 980 1035 1114 1121 
381 388 565 634 919 979 1255 1256 1295 1307 1345 
19 428 539 576 603 666 696 741 839 941 1356 
46 239 243 289 412 470 571 593 606 642 743 1171 
198 314 354 560 752 807 853 863 906 1103 1203 1295 
48 316 526 649 725 889 1016 1147 1217 1400 
7 114 139 309 500 900 928 1279 1364 1385 
58 176 400 416 616 634 635 705 986 1089 1226 1317 
79 493 677 765 913 1294 
310 484 681 760 919 927 945 999 1030 1102 1142 1302 1407 
8 115 271 333 335 381 492 527 641 657 698 731 927 1014 1125 1218 1230 1254 1326 
1 212 228 343 377 729 887 1073 1128 
179 391 461 669 840 873 891 977 1091 1235 1361 
18 48 349 352 409 485 608 702 782 897 904 972 1337 1369 
170 459 601 626 768 840 861 914 1020 1091 1146 
5 69 120 319 337 345 415 491 939 957 973 1281 1316 1325 
288 326 375 509 521 902 950 1096 1152 
92 146 205 392 513 767 862 874 
72 76 131 386 403 656 757 800 827 1192 1214 
92 173 543 558 559 568 675 886 1155 1245 1284 
68 242 346 542 580 603 626 703 864 894 1065 1160 1207 1404 
193 568 615 715 726 766 1025 1045 1144 1250 
18 88 111 283 311 334 607 663 717 840 842 921 1071 1271 1281 
349 375 413 450 489 575 584 605 691 754 978 1085 1375 
82 165 709 834 990 1167 
51 53 166 310 333 347 356 367 370 398 656 689 706 757 828 862 1089 1300 
6 103 263 404 415 492 942 1167 1305 1320 
36 103 119 396 615 818 964 1051 1064 1066 1109 
43 233 327 389 633 994 1014 1043 1202 1249 1289 1311 
284 311 405 794 863 903 975 1075 1092 1128 1166 1182 1362 
46 52 138 215 263 282 323 400 752 786 837 1044 1063 1126 1216 1381 
173 223 352 781 878 1059 1178 1261 
125 275 334 554 880 1027 1340 
208 312 410 773 838 871 963 1027 1228 1389 
44 556 771 795 811 847 865 907 985 
191 593 636 779 794 804 806 836 930 1055 
409 768 878 936 980 1066 1253 1320 
304 456 521 590 606 750 877 1163 1339 
46 120 154 171 439 460 845 892 991 1105 1320 
45 48 187 228 531 747 968 1043 1076 1087 
69 398 445 714 1140 1156 1158 1162 1327 1348 
66 85 245 272 864 1188 1206 1365 1370 
68 128 155 270 376 470 629 832 974 1034 1271 1272 
140 153 174 225 275 424 444 579 635 640 703 900 1137 1392 
200 462 1095 1114 1339 1392 
13 188 356 457 473 648 793 926 974 1405 
286 455 539 641 891 1242 
27 78 389 717 730 853 1059 1114 1280 1340 1358 
1 150 506 632 718 813 1216 1218 1381 
6 408 671 750 829 873 1212 1273 1300 1405 
266 285 617 670 796 867 942 1011 
23 117 515 741 796 901 1008 1140 1300 1408 
350 391 520 589 897 986 996 1249 1327 1391 
190 251 268 279 453 561 661 716 781 823 879 955 1174 1184 1189 
137 204 273 292 308 337 359 830 854 959 1068 1148 1154 
47 118 145 254 300 576 608 782 793 843 1137 
233 253 382 408 728 942 944 968 1033 1232 1327 
80 84 186 271 342 590 801 899 940 990 1047 1060 1131 1175 1291 
799 827 877 970 1282 1289 1323 1331 
378 495 508 620 923 933 1146 1167 1203 1366 
285 301 654 800 944 982 1375 
100 165 183 196 339 356 506 646 651 738 1071 1169 1303 1363 1385 
362 463 521 824 840 1157 1203 1283 
60 112 172 280 375 538 574 864 904 955 1001 1128 1174 
113 152 690 1253 
60 322 363 607 675 757 782 817 855 1045 1254 
142 464 522 559 612 701 817 827 967 1022 1385 1401 
87 263 268 278 591 613 669 895 900 1045 1117 1135 1239 
365 498 525 641 721 739 788 1094 1193 1396 1404 
85 132 193 677 716 767 1222 1381 
133 342 715 729 1118 1124 1139 1244 1284 1323 1365 
362 384 395 397 405 670 749 960 1145 1388 
223 241 364 552 827 858 916 1395 
15 333 499 1112 1120 1409 
84 149 291 399 463 484 509 765 866 921 1089 1340 
70 101 109 157 366 390 513 582 735 750 769 804 813 875 960 1082 1252 
22 566 663 664 682 769 924 952 1229 
14 141 283 319 325 382 429 832 932 988 998 1010 1066 1365 
515 613 720 737 842 961 1036 1090 1324 1330 1349 1351 
253 376 452 660 757 1177 1405 
41 55 457 572 606 956 1080 1200 1231 1306 1350 
43 62 260 384 721 816 832 884 921 968 1101 1222 1223 1256 1386 
58 68 168 182 544 686 801 886 1129 1181 1199 1228 
141 312 313 323 375 377 391 616 677 732 859 939 965 966 1004 1107 1359 
12 41 301 422 486 540 1004 1111 1163 1177 1200 1243 1375 
45 238 310 314 323 533 960 1250 1251 
195 258 341 532 916 1058 1336 
217 327 558 654 717 741 754 773 921 1002 1107 1121 1122 1160 1168 
359 360 377 410 942 945 1126 1168 1173 1178 
149 201 271 641 672 695 765 872 889 979 1075 1127 1308 1323 1354 
158 220 297 592 715 785 852 897 1121 1328 
40 96 263 346 432 510 647 867 889 1012 1267 
225 293 313 449 493 569 619 625 869 912 942 1002 1156 
12 70 119 161 162 164 315 384 531 607 649 1002 1134 1292 1338 
284 307 635 711 719 768 784 972 976 1171 1295 
42 135 248 402 467 715 773 1007 1174 1219 1268 
22 69 108 466 656 749 795 867 964 1162 1296 1338 1354 1371 
16 96 264 395 529 546 573 578 797 1122 1157 
24 275 547 551 870 1113 1349 
353 544 589 663 861 926 1113 1230 1267 
118 190 248 545 585 620 736 942 1099 1303 
99 703 905 1099 1102 
66 576 632 709 723 1064 1129 1169 1222 1317 1352 1376 
14 20 37 48 89 194 221 345 381 625 708 861 1031 1224 1257 1270 
53 174 234 347 352 367 415 545 615 703 709 765 855 863 877 1005 1030 1070 1081 1084 1210 
6 130 142 368 519 574 775 806 954 996 997 1093 1108 1180 1289 
58 144 178 359 585 684 1014 1191 1197 1226 1368 
49 83 344 479 586 912 961 1017 1181 1258 
689 919 957 1151 1351 1354 
112 129 439 481 906 1096 1109 1123 1141 1212 1316 1348 
194 201 260 294 303 623 802 1003 1280 1306 1361 1393 1399 
42 228 466 534 643 703 749 818 916 1195 
129 195 466 513 714 874 899 1017 1094 1208 1328 1394 
48 61 144 222 332 333 387 451 693 703 711 798 921 1052 1224 1365 1371 1382 
166 183 218 249 409 500 588 635 975 1140 1147 
110 628 675 702 823 1181 1194 1276 1394 
53 211 330 379 674 742 947 1012 1173 1330 1371 
27 101 343 425 686 726 760 985 1075 1167 1196 1335 
46 67 99 362 434 448 669 693 780 954 979 1077 1084 1390 
35 318 362 386 391 430 523 996 1069 1131 1289 
324 628 797 848 964 1091 1099 1159 1177 1321 1402 
40 157 162 276 337 445 466 468 631 693 890 1179 1215 
185 219 272 539 684 736 941 1342 
73 174 268 603 832 843 965 1035 1089 1091 1099 1264 
34 215 246 277 450 644 1162 1334 1407 
7 45 180 276 377 385 527 573 613 632 656 1108 1161 1358 
295 422 544 572 736 794 1010 1094 1128 1184 1192 1409 
130 188 359 393 402 510 552 730 754 771 821 957 991 1040 1409 
172 274 293 447 470 676 707 866 1202 1290 1337 
247 317 380 449 502 549 669 1308 1358 
599 780 781 834 916 918 968 1085 1102 1209 1224 
21 141 201 331 544 609 898 931 1006 1118 1241 1246 1303 1328 1370 
52 121 266 271 314 376 440 490 619 847 941 963 1012 1044 1128 1202 1309 
202 292 467 604 626 760 837 891 1157 1183 1357 
1 313 337 431 666 781 1039 1057 1117 1158 1210 
198 211 422 522 595 665 
243 590 701 780 887 949 1043 1087 1223 1236 1312 1396 
64 109 118 154 179 393 405 470 709 835 888 999 1204 1323 1349 
61 180 227 331 403 408 423 547 553 611 630 640 901 1074 1082 1100 1248 1266 1352 
3 26 119 133 148 202 312 371 414 554 914 952 1037 1175 1339 
17 77 128 162 370 821 1203 1212 1309 1312 1361 1403 
16 70 257 264 335 346 561 618 687 774 809 887 945 972 1348 
373 499 546 1090 1120 1133 1274 
41 103 221 307 418 484 504 583 637 725 970 1096 
39 132 221 277 292 315 357 441 514 697 868 942 967 999 1139 1339 
537 606 794 841 974 1344 
343 434 450 482 611 723 727 766 1020 1114 
11 418 621 741 757 819 993 1174 1183 1282 1317 
22 89 301 310 414 582 721 747 981 1035 1095 1379 
327 648 689 786 1013 1311 
42 366 386 604 750 867 1008 1357 1363 
158 203 220 605 719 855 1125 1253 1280 1380 
239 577 707 766 775 808 877 1075 1177 
10 134 189 225 228 637 738 748 1335 1353 
461 611 656 691 705 929 931 1105 1197 1397 1407 
41 272 392 736 845 925 1049 1093 1132 1305 1348 1356 
21 139 188 449 467 570 639 680 691 721 786 826 
154 580 597 729 958 1009 
53 238 295 440 470 598 607 621 1067 1252 
39 117 207 233 335 450 484 527 592 677 699 1198 1307 
53 134 290 347 379 469 512 540 605 690 876 910 924 1183 
22 236 460 502 666 681 834 968 996 1010 1162 1265 1324 1341 
269 285 311 353 578 655 674 741 841 867 882 1096 1113 1313 1350 1353 1406 
139 165 204 270 324 349 396 999 1069 1239 1258 
257 585 593 601 628 857 914 932 1098 1161 1204 1399 
20 75 169 212 424 513 632 651 769 911 1152 1277 1366 1373 
102 157 243 375 409 514 525 572 1030 1139 1271 1343 
65 113 269 651 831 1025 1026 1188 1360 
202 285 308 323 468 474 551 705 997 1001 1400 
226 356 454 530 745 857 928 969 986 1215 1284 1347 
125 200 314 406 497 767 796 808 819 915 999 1187 1189 1281 
39 126 175 189 342 588 719 880 933 962 1125 1133 1169 1281 1364 1366 1377 
102 185 305 422 539 579 628 710 711 929 985 1317 
3 506 547 681 1037 1061 
19 37 233 594 605 677 692 745 1238 1358 1366 1379 
649 715 784 787 854 883 953 1032 1048 1374 
557 781 850 1129 1172 
17 89 124 238 324 383 824 832 995 1021 1240 1285 1305 1306 
120 311 396 539 550 767 896 905 991 1021 1070 1112 1333 1356 
33 35 148 395 461 467 580 638 771 880 1142 1318 
286 345 690 798 953 954 1001 1264 1401 
11 218 338 562 567 611 619 652 1024 1046 1165 1201 
105 124 154 211 223 261 375 400 435 489 644 680 787 812 926 931 1029 1061 1174 1382 
243 363 585 686 812 1006 1139 1287 1408 
277 568 785 844 903 974 987 1019 1167 1234 1350 
3 26 358 495 549 572 612 653 885 912 1060 
13 257 294 475 656 861 1153 1292 
36 76 196 333 448 454 661 1154 1175 1319 1333 1335 1375 1408 
75 317 454 490 541 561 712 919 993 1001 1372 
174 292 304 325 412 482 683 876 1042 1049 1332 1339 
155 163 410 590 600 657 706 711 727 1147 1392 
109 132 175 191 196 252 626 750 942 943 970 1014 1102 1188 
30 70 293 603 811 824 857 1148 1398 
298 490 585 660 746 995 1037 1133 1203 1233 
154 233 407 457 493 515 536 1059 1317 
5 26 49 84 346 397 408 440 450 671 708 772 822 1051 1057 1066 1100 
355 397 558 828 1160 1184 1249 
4 135 231 364 571 629 665 691 769 918 1149 1258 1365 
31 72 80 119 154 220 374 415 787 827 1044 1206 1218 1343 1377 1391 
81 508 667 679 724 861 985 1081 1177 1240 1273 1283 1293 
26 76 396 538 657 688 822 957 1105 1129 1186 
97 219 362 363 492 596 655 834 1020 1120 1123 1150 
25 103 104 392 452 540 622 722 812 821 1070 1165 
99 193 195 670 674 770 793 895 902 946 982 988 1087 1337 
116 241 302 355 426 508 612 614 922 1024 1059 1151 1214 1243 1275 
28 43 77 101 132 140 141 184 288 628 880 910 1125 1291 1347 
255 269 632 697 
198 208 252 507 534 754 832 954 1057 1076 1219 
275 347 383 387 609 648 802 917 947 1020 1107 1124 1179 1182 1237 
202 445 465 472 543 572 601 633 764 869 1045 1227 1247 1358 
48 66 107 304 367 398 429 457 637 647 1056 1059 1140 1337 1339 
190 306 406 838 994 1037 1052 1153 1166 
126 192 214 427 660 797 1343 1396 
3 28 34 127 219 526 640 659 800 930 932 1039 1067 1301 1372 
53 55 122 209 217 388 500 634 791 800 830 841 983 994 1064 1128 1156 1161 1314 1343 
150 200 208 220 387 411 708 1069 
18 60 424 438 469 523 546 683 1000 1138 1157 1408 
66 196 201 416 439 523 1013 1344 
173 279 582 644 834 996 1061 1122 1197 
46 47 214 332 449 581 608 824 992 994 1097 1209 1324 
208 236 289 646 690 857 926 1299 
263 339 444 935 1011 1024 1107 1111 1332 1361 
100 108 114 226 459 514 565 576 756 782 943 1395 
37 497 518 650 1099 1238 1314 
89 236 353 424 496 642 718 926 1034 1316 
99 447 536 887 927 984 1064 1209 1244 1257 
216 280 331 770 839 963 994 1181 1232 1323 
32 319 322 398 563 609 650 889 933 1051 1098 1199 1401 
20 97 273 466 512 562 791 884 954 1003 1207 1258 1373 
431 575 697 1078 1285 1395 
32 455 516 530 606 621 835 965 1095 1270 
74 120 313 719 819 1011 1034 1194 1204 1259 1310 1396 
94 219 442 646 801 830 922 957 1076 1094 1149 1188 1234 1317 
264 268 603 629 761 955 1010 1216 
20 60 144 456 608 620 706 824 877 1272 1332 
97 110 153 164 171 176 273 358 523 753 809 1025 1082 1172 1216 1247 1285 1292 
173 274 325 348 636 663 848 882 1023 1279 1373 
117 317 426 553 569 1001 1084 1292 
53 214 264 782 1101 1175 1189 1402 
62 204 301 342 529 564 630 743 819 950 1139 1395 
136 369 389 588 866 947 1020 1142 1381 
28 201 238 263 267 647 831 965 1000 1117 1131 1202 1204 1237 
34 237 472 555 596 746 759 969 1009 1026 1377 
57 182 198 333 511 607 627 667 900 1032 1376 1399 
418 426 470 601 603 644 798 816 854 1095 1251 1353 
621 697 790 977 1043 1070 1231 1250 1366 
265 560 565 568 701 774 1033 1260 1354 
55 115 435 774 889 1101 1258 
536 762 879 922 1088 
208 234 237 276 449 769 1278 
178 393 433 591 653 676 692 701 726 753 811 832 947 994 1018 1211 1408 
39 87 234 368 457 754 801 895 1236 1377 
356 415 436 606 824 842 977 1044 1093 1122 1302 1392 
28 157 169 174 733 820 978 1231 1281 
102 302 513 583 693 697 753 957 989 1011 1061 1296 
115 146 157 460 562 916 999 1015 1227 1278 
71 72 91 120 177 229 359 467 490 548 551 558 560 756 809 1080 1204 1332 
205 265 343 389 395 827 847 857 923 1018 1129 1187 1215 
218 237 337 447 454 601 615 838 968 1129 1149 1167 1208 1271 1403 1405 
9 67 237 242 472 637 681 718 727 905 1110 1284 1369 1383 
2 84 121 356 575 599 760 777 888 1140 1163 1177 
40 130 152 273 339 360 408 550 642 662 924 1030 1120 1210 1291 1327 1346 1383 
7 471 549 551 584 715 731 775 1008 1013 1022 1074 1111 1221 1272 1327 1339 1372 1378 1393 
325 382 420 430 619 821 826 857 1227 
19 168 209 310 330 541 560 619 637 1072 1126 1304 1389 
92 133 249 273 394 635 739 770 775 779 818 942 1049 1385 
55 261 305 1010 1025 1088 1095 1114 1185 1207 1208 1209 
16 64 332 402 487 559 950 1133 1170 1284 
8 13 468 517 537 542 622 709 873 978 
8 60 142 151 154 243 445 500 516 882 1096 1140 1191 1241 
469 494 534 810 853 1001 1048 1100 1175 1192 1344 
235 381 421 495 671 706 850 920 988 1145 1408 
79 541 598 618 678 942 1197 
168 243 316 327 329 340 525 784 885 929 1144 1339 1394 
114 172 292 315 391 394 515 528 595 603 879 1147 
103 348 649 772 818 907 1334 
19 22 37 171 189 315 549 593 898 918 1099 1175 1347 
47 235 646 856 977 1283 1351 1385 
3 154 323 385 408 452 590 803 865 888 1189 1228 1370 
38 71 181 324 468 564 697 1008 1084 1223 
8 76 92 177 256 301 324 593 637 706 753 940 1004 1218 
189 503 787 1315 1323 
420 458 517 604 794 918 1189 1199 
170 410 494 574 757 772 1158 1400 1406 
87 190 350 371 457 709 1171 1226 1281 1350 
107 352 362 402 432 530 1013 1117 1304 
1 85 355 700 867 958 986 1102 1113 1132 1312 1326 1407 
166 219 245 253 370 782 831 1034 1036 1202 1272 1341 
170 175 195 253 522 941 1016 1133 1148 1301 1396 
236 301 394 547 569 573 602 744 908 953 1080 1109 1181 1284 1316 1350 1373 1405 
113 138 181 299 525 1004 1242 1342 
29 136 153 217 273 414 418 508 600 966 1085 1096 1112 1361 
25 183 202 267 284 346 369 420 515 712 748 917 963 984 1140 1165 1193 1342 
73 101 138 430 774 792 817 840 861 912 1062 1137 1170 
40 145 168 214 240 248 313 392 449 498 534 594 609 947 949 952 996 1068 
69 217 563 811 856 1006 1213 1321 1355 1402 
358 450 686 752 1224 1263 1348 1382 
152 170 202 224 266 392 736 794 846 854 932 975 1075 1130 1315 1373 
87 117 233 255 616 621 797 866 1026 1178 1331 
69 243 326 412 640 689 793 805 811 973 1061 1113 1145 1190 1231 
187 273 356 486 595 782 813 835 862 998 1317 1399 
186 292 373 600 739 808 1065 1174 1267 1393 
12 53 66 114 411 518 543 558 828 980 991 1121 1254 1327 1354 
19 39 156 276 484 496 522 597 638 938 995 1127 1299 
75 148 283 1135 1246 
69 138 210 216 451 477 743 818 
4 131 330 377 682 697 701 727 824 834 937 1013 1077 1118 1387 
54 185 231 250 256 470 534 574 654 698 775 1002 1123 1274 1285 1353 
71 87 209 296 338 942 954 973 1011 1133 1235 1366 
10 30 103 107 272 345 424 436 669 703 836 
61 376 386 390 465 472 512 526 594 730 835 999 1059 1089 1226 1236 1384 
271 333 383 1258 
45 70 147 689 815 1214 
136 369 456 564 580 707 939 956 1130 
105 210 258 369 680 1050 1143 1185 1215 1339 
2 57 161 285 695 976 1177 1234 1317 1379 1381 
29 232 423 1008 1286 1349 
251 257 339 423 656 833 1028 1050 1104 1180 1224 
188 302 386 455 521 536 551 814 856 929 1012 1061 1257 1343 
6 190 468 593 599 803 815 986 1120 1311 1330 
101 164 166 199 234 288 412 464 516 617 625 783 851 869 871 939 
18 37 228 319 461 483 541 845 885 919 1137 1151 1296 
2 61 92 111 119 229 522 523 612 644 696 828 935 1084 1087 1163 1186 1328 1392 
50 232 257 650 673 712 788 884 904 1078 1098 1187 1221 1359 
121 281 481 574 626 1071 1377 
168 273 280 352 642 722 730 818 1003 1031 1039 1154 
143 163 328 392 480 534 542 815 841 901 988 1177 1332 
125 128 588 693 694 740 1132 1252 
221 552 599 709 712 754 1026 1049 1086 1135 1316 1387 
58 205 239 301 1055 1086 1347 
40 44 81 306 316 374 707 817 826 902 1023 1061 1306 
19 32 111 122 154 434 785 938 1088 1243 1271 
53 178 198 226 356 396 482 712 811 850 1047 
151 565 577 583 897 1035 1050 1104 
193 201 478 500 577 581 623 891 943 1040 1163 1272 1329 1337 
43 460 502 512 669 685 734 747 842 877 946 1342 
175 767 950 1002 1017 1328 
334 388 541 622 720 1047 1098 1108 1254 1280 1290 1407 
64 100 415 537 631 778 930 952 1067 1178 
81 127 267 378 477 596 603 802 1058 1255 1408 
69 353 622 629 645 728 832 947 1252 1300 
189 228 314 352 515 770 869 1021 1108 1366 
27 80 176 330 348 362 411 813 858 1049 1295 1329 
229 346 401 692 799 929 1188 1215 
236 257 292 399 417 661 675 799 896 909 913 979 1015 1154 1166 1243 1383 
225 287 325 444 740 940 969 1197 1405 
437 492 502 650 746 801 849 1050 1210 
91 237 354 415 476 482 573 592 729 744 801 940 943 1042 1077 1093 1155 1238 1241 1340 
22 96 186 276 278 481 543 1114 1136 1143 1147 1212 1231 1303 
66 128 281 497 498 617 935 1028 1030 
166 176 544 567 659 745 1002 1033 1271 1284 
41 300 560 627 691 829 918 920 1117 1231 1234 1257 
123 138 154 251 505 790 791 879 903 958 1086 1166 1201 
323 428 465 507 660 661 1076 1092 1108 1370 1394 
8 270 323 384 504 529 679 698 793 794 1009 1358 
102 152 349 371 557 655 786 941 1105 1180 1253 1291 1406 
725 766 
9 85 202 364 482 522 894 1284 1367 
11 15 70 98 746 823 1020 1233 1248 1365 
11 150 177 213 310 482 552 1101 
17 55 225 236 451 853 855 918 1127 1258 1274 1323 1402 
42 246 599 617 748 876 1092 1139 1349 
41 43 339 588 682 703 873 1057 1063 1130 1220 1242 
438 717 971 1034 1279 1332 1391 
126 142 165 182 339 481 639 697 742 746 779 1185 1216 1398 
188 418 629 630 649 949 1008 1144 1278 1284 1346 
11 16 150 189 200 495 522 747 789 986 988 
71 108 142 173 765 995 1013 1049 1064 1189 1301 1389 
160 178 285 414 759 766 773 891 987 1214 1261 
29 33 283 333 395 528 691 1002 1058 1059 1099 1298 1348 
353 512 513 740 777 862 915 991 1020 1080 1095 1204 1225 1226 1230 1400 
267 358 399 474 558 712 722 752 772 880 882 885 937 940 1211 1254 
78 119 241 594 617 678 686 978 1239 
48 66 140 184 203 243 317 352 700 1223 1238 1258 1321 
83 126 156 371 574 587 649 710 947 1078 1099 1196 1216 1247 1274 
67 85 237 284 378 389 642 647 1369 
104 329 439 500 562 805 970 1221 
321 509 624 639 666 681 699 753 871 957 974 997 1134 1371 1382 
91 105 115 218 898 938 986 1002 1168 1245 1259 1309 1387 
15 292 603 710 777 994 1172 1298 1357 
25 261 263 305 381 465 505 513 519 645 704 880 941 973 1085 1252 1315 
82 115 368 398 472 643 749 769 959 1024 1247 
47 262 308 496 798 1017 1074 1084 1241 1307 1372 
28 78 276 389 501 661 679 1141 1197 1338 
93 614 688 734 929 1097 1099 1262 
23 167 180 354 436 489 524 528 570 624 654 697 787 840 999 1051 1094 1282 1319 1399 
267 764 1342 
2 136 332 349 367 426 471 577 608 648 665 753 857 912 927 1052 1313 
11 92 268 340 372 384 584 677 747 757 897 1010 1180 
81 156 338 347 482 756 932 949 1124 1248 
81 101 174 357 427 429 477 580 882 1027 1028 1136 1305 1322 1341 
480 658 705 1039 1213 1256 1275 
13 194 208 240 449 673 856 1259 1406 
14 214 249 295 319 459 461 469 509 740 832 913 1160 
592 609 661 773 998 1215 1223 1273 1303 
93 211 300 422 446 469 525 699 782 988 1216 
151 168 267 304 307 363 421 502 570 852 864 1064 1215 
341 409 631 1124 1203 1249 
54 83 485 602 768 945 1135 1264 1340 1349 
219 238 744 923 952 1013 1348 
33 161 404 481 579 704 999 1174 1344 
128 145 312 323 567 683 887 1212 1265 1312 1391 
78 116 255 793 895 899 938 967 1310 
226 261 337 345 434 623 718 779 975 1151 1183 
150 151 164 180 767 876 1163 1196 1215 1288 1306 1327 1394 
113 297 387 400 537 843 1368 
32 41 451 494 717 807 866 901 989 1127 1186 
164 206 501 622 691 744 863 1050 1212 1351 
58 151 323 512 551 598 807 989 1135 1180 1194 1226 1349 1392 
39 95 171 429 724 742 765 839 920 945 1257 1341 1406 
175 225 326 611 616 639 667 704 710 834 859 866 1198 1325 1345 
144 256 341 519 789 971 1063 1203 1204 1226 1265 1346 
45 123 136 232 388 447 530 857 968 1074 1142 1225 
14 47 148 255 433 1090 1192 1245 1367 
2 15 29 345 461 546 550 633 646 740 1050 1162 
151 184 411 464 472 747 817 918 919 982 1066 1074 1399 
7 157 451 476 551 854 887 972 1040 1077 1190 1202 1221 1386 
55 442 467 488 510 843 898 919 983 1127 1194 
28 94 201 255 399 481 725 867 921 992 1043 1124 1336 1342 
77 237 258 521 575 687 745 853 857 996 1125 1271 
185 497 538 543 597 609 733 865 880 1121 
35 92 142 210 231 282 591 1158 
6 23 345 358 539 656 767 788 986 1002 1118 1139 1342 
402 545 1050 1251 1264 1309 1362 
9 36 378 480 767 824 938 1134 1325 1410 
83 269 388 395 536 1031 1089 1125 1163 
148 274 294 364 459 496 715 809 919 1383 
49 123 464 559 1055 1061 1175 1206 1299 
64 178 263 268 288 382 522 992 
607 636 808 851 1173 1176 1335 1337 
189 418 484 505 551 599 681 782 1099 1116 1200 1364 1387 
36 53 163 186 478 483 881 1073 1275 
3 44 75 297 500 695 721 799 948 1381 1392 
55 88 345 479 618 626 652 818 827 867 1068 1102 1269 
117 226 442 878 968 992 1016 1215 
359 609 683 716 818 837 1196 1229 1339 1407 
152 190 305 322 375 439 622 925 1059 1372 1399 
22 53 289 315 320 434 528 675 770 1076 1104 1152 1260 1383 
10 123 162 199 632 720 768 818 1109 1120 
11 23 94 257 298 401 441 466 529 1239 1370 
57 70 99 107 368 427 458 583 588 672 848 863 942 1287 1294 1306 
43 138 268 339 430 584 707 725 928 1245 
93 295 452 536 538 674 694 1101 1122 1196 1219 
71 179 217 351 360 411 568 1012 1149 1234 1305 
49 127 135 166 459 493 580 781 815 957 1020 1064 1343 
34 95 188 399 485 917 1097 1138 
238 250 283 389 442 966 1053 1075 1110 1259 1280 1391 
51 138 168 178 388 467 804 1085 1199 1222 1276 1291 1321 1355 
143 319 366 399 514 650 698 849 922 944 1191 1196 1337 1350 
40 62 177 227 407 625 791 1048 1080 1196 1385 
23 228 460 499 537 780 835 1093 1147 1222 1385 
2 201 403 446 578 723 825 864 925 1019 1072 1098 1113 1162 1187 1196 
162 184 301 437 441 504 559 849 1041 1127 1185 
453 490 514 690 994 1010 1035 1122 1211 1222 1333 
194 203 238 307 382 498 585 773 853 1141 
59 193 463 650 777 1232 
52 325 444 476 631 799 1208 1308 1382 
460 510 770 992 1205 1341 
141 176 187 196 548 625 706 1143 1360 1363 1372 
21 279 432 433 451 556 939 958 1118 1155 1163 1316 
98 137 140 159 292 297 364 390 481 722 969 1089 1123 
180 419 736 914 918 1340 1358 
74 221 791 1170 1291 
18 108 195 607 652 921 1050 1353 
119 324 338 431 612 1019 1348 
81 235 371 539 554 632 740 834 953 990 1011 
143 161 229 278 455 791 840 926 943 996 1150 1375 
131 169 204 461 586 611 908 1070 1105 1249 
178 617 817 1152 1231 1248 
14 90 114 138 384 519 533 558 577 702 1071 
365 655 739 892 1019 1280 1388 
25 81 296 404 577 644 723 729 798 807 862 908 1079 1159 1185 1246 
4 187 297 379 448 456 555 635 768 862 864 873 948 1000 1295 1407 
214 263 718 798 856 1010 1052 1149 1168 1211 
83 188 370 469 521 528 534 560 865 910 1100 1171 1212 
22 37 171 246 342 395 651 679 695 895 975 1297 1331 
45 281 506 704 846 1005 1056 1069 1229 1254 1397 
56 145 429 523 607 708 1054 1118 1221 1235 1352 1376 
81 127 141 602 883 898 942 1038 1113 1117 1158 1254 1379 
100 107 349 384 492 546 629 667 671 913 1091 1198 1365 
86 99 155 177 277 300 371 456 457 672 834 1319 
19 57 233 453 616 888 1016 1074 1212 1362 
208 238 274 283 393 601 619 720 765 790 831 1021 1089 1192 1233 
95 176 254 482 660 785 1022 1074 1187 1197 1261 1280 1289 1401 
72 186 204 241 578 601 629 958 1043 1100 1155 1172 
42 166 401 524 611 660 744 836 1101 1193 1302 
67 130 349 428 506 618 674 952 963 
79 117 389 417 424 1217 1255 1287 
40 74 354 429 668 769 796 
138 146 346 483 1036 1117 
64 201 403 753 818 1095 1106 1330 
24 33 175 306 750 778 825 849 871 1152 1293 1348 
238 442 462 530 760 767 906 1053 1265 1386 
135 138 191 379 504 727 792 794 818 1020 1111 1288 
81 252 389 449 569 579 735 802 827 946 1055 1308 
166 241 426 428 473 497 503 535 539 547 591 638 712 719 755 887 925 992 1208 1297 
34 45 303 638 669 781 794 913 1012 1135 1310 1327 1393 
47 79 165 380 503 507 895 1000 1154 
180 181 193 239 266 439 456 535 588 845 856 960 966 1031 1100 1356 
77 188 344 416 418 650 782 941 1031 1104 1142 1312 1348 
162 199 267 440 563 655 687 697 741 787 821 1071 1126 1212 1254 1401 
87 159 413 879 919 1255 
158 368 583 741 812 836 963 1156 1222 
25 43 70 261 341 396 463 686 714 783 1067 1316 
393 1028 1163 1235 1259 1289 
108 167 523 586 741 785 846 933 1111 1347 1366 1400 
24 66 169 354 415 421 622 627 736 912 1293 1366 
22 311 314 345 552 565 627 654 675 755 1258 
179 244 267 397 500 510 680 1019 1410 
176 297 407 527 760 1015 1288 
168 222 440 462 555 574 647 679 701 824 891 1052 1055 1137 1287 
285 333 407 424 604 733 799 906 931 1056 1064 1071 1343 1395 
330 501 828 1048 1143 1298 
208 438 518 522 532 945 1105 1163 1293 1318 1356 
18 149 197 254 323 525 554 1022 1076 1122 1212 1301 1358 
8 42 89 285 618 1046 1274 1288 1319 1366 
5 41 386 480 579 673 739 933 949 1083 1244 1271 1290 1379 1390 
76 130 474 543 567 
530 570 677 688 1013 1072 
49 103 257 404 445 530 738 893 945 1017 1090 1184 1225 1237 1250 1293 1391 
77 139 215 352 429 513 591 849 1070 1286 
122 164 252 311 399 428 486 503 528 577 608 705 859 881 1041 
19 33 335 341 616 689 792 907 1001 1062 1304 1348 1392 
27 124 505 590 638 823 1371 1393 1406 1407 
254 810 858 1028 1263 1280 
22 165 228 313 441 460 541 588 863 1125 
316 426 462 746 755 827 1233 1264 
435 489 492 592 631 824 1007 1074 1140 
37 175 476 561 744 850 922 1342 
393 541 762 1072 1092 1152 1170 1208 1258 
235 315 345 368 388 459 692 699 724 1046 
65 146 261 268 406 470 700 715 819 1089 1171 1265 
75 161 330 402 448 536 565 791 994 1017 1191 1357 
52 104 447 483 749 1121 1130 1293 
160 217 239 255 595 1035 1162 1211 1257 1261 1314 
55 112 223 507 650 862 1148 1187 1223 1280 1325 
446 661 864 1170 1391 
29 85 157 246 375 672 739 1302 
2 252 256 257 404 432 481 564 619 646 995 1359 
207 303 454 499 616 733 766 813 825 869 992 1176 1326 
24 164 270 389 631 815 1080 1202 1350 
109 195 225 524 650 718 773 813 842 1153 1384 
186 299 340 701 853 855 1174 1190 1218 
47 64 79 193 471 504 912 1090 1264 1380 
380 485 574 625 749 817 1051 1188 1193 1398 
297 328 401 666 865 875 881 904 942 986 1020 1152 
239 594 635 1016 1089 1108 
7 11 23 65 250 328 366 375 440 475 658 661 666 673 697 826 900 979 999 1016 1313 
39 95 266 416 624 640 750 814 985 1139 1146 1284 1334 
214 236 320 321 432 499 552 566 608 665 741 866 913 1062 1102 1168 1292 
552 615 824 1381 
233 341 443 524 747 841 1242 
180 271 456 584 591 610 617 702 757 832 847 994 1067 1068 1360 
73 172 280 663 688 919 944 1029 1190 1306 1316 
187 251 326 510 615 627 635 684 717 969 
256 412 534 539 540 754 783 797 816 825 869 1068 1310 
146 152 406 557 675 772 1108 1158 1187 1283 1360 
48 107 152 530 531 727 737 1081 1134 1226 
292 332 358 551 923 1101 1164 1172 1373 
134 255 338 373 578 630 742 1028 1051 1063 
78 170 355 395 407 417 542 974 1238 1367 1407 
39 128 498 597 709 726 763 812 1353 1364 1380 
76 98 242 248 251 260 311 604 689 801 1112 
122 218 276 368 440 524 573 608 680 713 835 900 920 1180 1298 1338 
31 100 164 267 326 497 668 678 701 755 912 1012 1277 1283 1286 1350 
26 42 65 128 129 178 184 258 264 274 323 538 563 579 765 890 943 1011 1025 1045 1312 1334 1373 
93 268 373 596 664 709 732 753 814 846 965 1179 1248 1282 1288 1342 
311 325 457 475 553 638 
169 702 791 956 1047 1174 1312 1359 
15 32 159 173 192 209 402 441 452 735 881 928 993 994 1207 1289 1384 
203 229 336 554 559 783 829 966 979 1084 1123 1238 1410 
20 92 105 124 174 215 290 697 704 1213 1305 1350 
23 98 114 189 195 399 406 423 631 898 911 917 955 1068 1117 1354 
182 222 265 333 364 461 593 648 655 687 805 817 891 940 992 1068 1078 1124 1192 1215 
53 63 107 120 312 340 444 624 625 788 929 1064 1194 1292 
22 346 352 415 513 709 930 961 1234 
111 277 355 361 683 777 1035 1073 1127 1240 
146 266 294 347 628 651 668 828 
80 98 171 314 379 389 414 422 468 614 682 713 1012 1203 1246 
179 195 279 355 400 614 689 745 775 1132 1289 1304 
34 94 271 314 479 480 837 1222 1351 
194 278 325 328 390 764 796 837 951 971 1006 1118 1322 1397 
200 629 1000 
18 220 289 392 418 456 551 613 708 796 1137 
550 772 872 945 946 1101 1378 
86 227 245 253 260 622 690 1144 1186 1319 1389 
36 111 153 204 230 304 503 693 797 1197 1307 1321 
286 327 489 671 678 734 810 1155 1273 1288 1328 
58 447 570 595 780 900 981 1023 
114 119 126 129 137 160 326 360 411 420 525 734 936 1181 1247 
586 620 640 658 1106 1298 1322 
134 202 211 256 258 362 388 419 925 1110 1245 1365 1404 
68 353 371 397 581 660 772 838 1080 1348 
187 290 574 781 863 1097 1141 1165 1377 
49 260 378 899 968 1076 1185 1258 
69 204 227 354 636 794 1324 1342 
176 193 194 196 475 486 583 692 865 931 1403 
181 183 336 346 477 579 645 699 1049 1068 1188 
11 185 411 468 512 514 656 1012 1107 1407 
436 628 962 977 1104 1270 
139 230 368 504 779 784 1015 1217 1279 1338 1357 
215 427 622 717 896 959 1087 1290 
78 189 380 385 390 602 636 712 775 789 814 1044 1300 
35 69 182 232 246 336 348 356 761 764 780 793 854 861 870 910 1069 1070 1291 1370 1395 
129 357 372 474 642 674 832 991 1006 1341 
159 315 560 658 834 920 957 1205 1316 1395 
3 102 161 174 231 260 264 407 445 893 939 1104 1250 1273 1296 1345 
93 372 924 1225 1275 
32 268 416 482 776 874 941 957 1135 1290 
382 657 923 958 1396 
36 194 441 581 642 654 809 1102 1295 1381 
180 243 433 533 786 816 1177 1224 
60 403 429 478 494 641 651 657 757 816 883 1266 1383 
504 632 
178 198 284 329 409 620 629 665 701 746 765 777 874 1272 1328 
24 145 438 740 969 996 1186 1243 1351 
169 292 316 477 809 858 1006 1076 1137 
44 116 120 128 474 549 661 672 814 843 891 958 1021 1200 1215 1235 
467 748 1081 1132 1159 1188 1238 1321 1386 
201 221 231 280 350 474 483 524 642 862 1276 1283 1320 
3 64 113 295 429 605 660 785 950 999 1157 1225 1348 
3 11 288 335 501 741 880 999 1002 1019 1020 1044 1258 1323 1355 
23 127 294 380 566 610 662 923 1050 
268 551 625 649 692 914 967 1050 1072 1196 
161 165 213 258 469 508 771 916 947 958 1175 1211 1294 1303 
144 166 261 407 441 711 898 965 976 1070 1104 1288 
32 43 215 400 429 458 878 1023 1080 1140 1150 1176 1358 
217 394 585 709 829 859 862 928 930 974 1169 1347 
130 302 304 357 363 385 402 425 476 536 564 599 744 893 1118 1139 1314 1326 
284 355 486 654 679 800 884 961 1041 1063 1309 
101 241 301 363 415 565 753 794 863 1169 1277 1281 1313 
676 770 821 1020 1246 1372 
918 1175 1305 1393 
80 241 401 527 703 736 817 896 987 1039 1073 1156 1213 1371 
58 250 282 551 646 1004 1065 1336 
2 82 179 287 297 443 522 585 682 1146 1169 1181 1246 1273 
317 355 404 412 429 963 1150 1228 
144 225 294 551 565 684 726 769 829 1017 1135 1173 1181 1183 
72 120 470 577 738 827 894 1202 1261 
6 67 83 163 221 261 426 775 776 799 1345 
17 249 385 486 583 650 769 1048 1359 1401 
41 66 72 97 109 139 238 358 389 406 695 713 778 1120 
401 454 472 521 570 757 872 907 929 978 993 1127 1131 1140 1241 1292 
64 310 410 525 589 860 966 990 1252 1259 1301 1392 
76 274 401 459 461 567 570 926 1150 1301 1364 1382 
39 158 242 325 476 800 808 976 1336 
37 90 94 163 290 299 369 552 602 699 794 897 1218 1336 
515 559 573 679 832 
53 330 354 404 491 595 677 691 713 817 937 1161 1199 1261 1323 
339 463 556 590 609 716 738 1176 1278 
111 310 333 355 385 405 432 436 666 831 892 1040 1194 1210 1236 1267 1278 
35 190 194 231 381 611 674 770 784 898 1293 1298 1400 
205 547 548 567 570 670 723 816 821 831 877 1187 1361 
134 230 322 332 360 585 642 717 921 931 945 1383 
76 247 320 386 528 685 694 806 889 932 1005 1031 1114 1149 1172 1317 1335 
280 288 314 377 456 548 577 638 733 880 996 1057 
90 253 383 451 1104 1220 1320 
134 287 292 419 764 780 884 946 1046 1053 1072 1103 1243 1295 
133 156 204 376 485 601 647 802 914 960 1135 1391 
173 197 272 299 441 937 1037 1381 
101 333 530 534 655 668 1045 1183 1295 1390 1410 
229 552 572 784 788 800 993 1003 1229 1366 
27 208 247 474 556 736 885 1343 1357 1365 1370 
11 439 706 893 1038 
23 109 205 209 445 531 668 709 940 952 1131 1393 
53 272 330 386 520 625 738 1009 1208 1334 1339 
29 124 127 156 317 344 389 403 545 546 609 733 746 898 925 1277 1398 
226 363 385 447 491 494 593 713 795 1101 1322 
23 73 293 375 1241 1251 1299 
48 210 877 1204 1219 1323 
30 101 150 163 185 259 342 514 581 688 732 798 925 936 1019 
114 206 307 517 578 753 869 906 924 1028 1075 1150 1180 1203 1247 
6 85 1151 1273 
39 63 81 151 207 520 589 648 708 766 885 1088 1282 1334 1341 
66 146 302 347 447 534 537 749 867 980 
132 200 356 534 544 665 699 889 900 961 1189 1345 1396 
281 315 327 556 648 754 907 1017 1143 1342 1366 
124 373 420 517 655 836 844 865 1020 1134 1362 1400 
79 84 217 264 271 457 598 618 652 866 872 972 1144 1191 1221 
42 109 215 379 444 477 535 711 947 1169 1198 1225 1253 1351 
178 221 261 306 536 750 807 853 864 899 1023 1089 1212 1301 
110 123 425 458 476 510 573 579 661 1214 1242 
36 136 173 205 262 529 549 623 647 704 705 1250 
23 207 271 345 437 441 744 760 809 980 1155 1156 1169 1330 
271 275 504 566 688 1089 1111 1265 1369 
25 82 602 733 774 1026 1065 
95 245 286 589 618 640 714 735 755 1279 1315 
29 86 88 540 824 871 1004 1124 1185 1319 
1 102 156 242 255 428 514 751 775 845 855 943 1055 1084 1105 1223 1240 1334 
52 112 348 795 837 1178 1193 1198 1372 
72 271 490 502 740 768 957 1030 1063 1365 
2 14 130 239 327 434 663 892 1140 1164 
100 138 152 166 235 343 365 517 591 613 630 686 808 869 995 1075 1196 1254 1297 1376 
17 46 316 487 498 561 657 707 716 739 974 1073 1089 1138 1179 1245 1383 
386 556 830 901 1040 1207 1381 1393 
64 70 288 319 325 456 626 687 859 946 1345 
285 292 761 795 905 959 1123 1166 1201 
227 286 468 720 812 1032 1125 1160 1329 
19 167 518 718 746 1161 
206 431 461 506 995 1082 1348 1409 
22 84 91 92 164 165 273 452 561 637 721 795 897 1181 1210 1240 1307 1333 
29 89 501 639 735 982 1399 
1 132 149 228 255 644 679 705 890 920 1101 1154 1195 1356 
60 81 271 331 431 648 913 1073 1083 1091 1118 1345 
2 346 555 651 768 850 1119 1189 1231 1233 1245 1323 1334 
9 223 300 401 409 463 612 884 915 938 976 992 1346 1359 
192 249 325 360 633 658 988 1175 
59 142 206 248 501 634 772 791 944 1149 1169 1176 1384 
13 28 100 244 352 466 794 906 931 1034 1130 1292 
44 178 250 419 487 539 661 949 1080 1130 1165 1400 1408 
245 397 509 544 580 663 1067 1257 1298 
170 195 290 487 581 730 868 925 1003 1183 1230 1376 
24 197 394 567 918 1065 1382 
29 196 222 344 467 534 643 840 1144 1244 1398 
271 335 436 572 611 661 1095 1145 1259 1313 
115 129 229 253 292 359 487 543 571 608 861 898 981 
22 46 144 484 531 707 769 781 851 872 906 951 960 1301 
75 328 1005 1138 1185 1319 1361 1364 1392 
235 323 628 649 739 1040 1156 1223 1288 
127 184 226 274 444 476 658 791 799 1143 1306 
56 258 320 471 473 506 564 631 705 1239 1338 
7 50 249 534 535 825 920 996 1214 1230 1276 1279 
152 180 268 312 331 362 396 508 549 618 1074 1077 1082 1126 1130 1154 1222 1246 
2 167 303 313 714 740 909 976 983 
123 144 160 171 450 541 731 921 978 1182 1263 
131 623 682 826 931 1005 1101 1177 1306 1356 
89 281 293 373 417 424 535 563 876 1084 1382 
54 63 252 500 510 542 594 629 748 847 989 1015 1288 1334 1391 
69 87 296 331 504 586 634 685 717 723 874 1071 1079 1153 1205 1210 1261 
3 76 173 237 324 412 876 986 1073 1096 1154 1203 
393 410 526 531 567 599 646 707 762 773 1058 1172 1376 
72 112 250 400 478 535 745 785 1136 1343 1391 
106 239 371 568 655 1013 1140 1288 1316 
44 111 155 217 552 764 802 835 855 1010 1118 1250 1273 1355 1388 1397 
118 142 242 357 529 554 562 673 736 1036 1082 1084 1147 1200 
145 445 476 655 1171 1290 
73 111 195 225 253 364 580 594 607 850 1084 1107 1158 1184 1323 
197 315 500 573 643 966 1183 
246 354 436 713 761 811 899 918 1041 1134 1164 1318 
158 442 647 769 853 1032 1062 1307 
252 289 413 442 617 704 770 898 930 982 1003 1099 1251 1375 
69 177 226 238 241 311 370 398 433 488 614 638 679 790 991 1044 1065 1279 1304 
128 197 500 617 685 725 729 814 1122 1151 1228 1239 1273 1378 
86 92 154 292 746 863 989 1000 1231 1281 
9 114 254 347 553 716 895 979 1125 1203 1262 1399 1404 
138 222 465 573 717 860 929 1020 1196 
18 98 124 287 301 515 739 932 991 1136 1256 1289 1302 1340 
3 46 78 306 562 678 855 864 1021 1097 1255 
367 558 1149 
40 70 77 136 217 345 354 384 399 428 432 438 564 821 851 882 889 895 896 898 1070 1139 1192 1229 1235 1283 1337 1390 
138 324 367 553 601 665 719 792 830 930 1033 1260 
606 857 926 1126 1136 
35 141 323 529 674 729 894 1095 
156 354 360 527 531 877 1064 1181 1224 1301 1336 
52 217 245 294 420 628 799 1143 1322 
62 346 431 475 575 579 688 734 863 987 1085 1385 
47 183 196 248 342 414 451 506 509 587 640 844 858 1025 1118 1176 1191 
584 611 678 688 703 817 858 1116 1313 
6 76 100 141 303 362 904 1052 1175 1259 1358 
68 289 336 423 488 645 874 1397 
86 242 269 308 427 467 675 713 1016 1141 1229 1288 
115 139 180 308 327 366 559 705 713 903 942 976 1112 1316 1406 
123 162 247 365 386 577 666 672 713 1229 1270 1391 1392 
11 31 142 306 551 581 708 793 1097 1147 1175 
28 120 209 238 333 417 697 818 900 920 981 1071 
169 195 205 350 408 496 556 587 795 848 854 921 928 947 961 1127 
269 284 438 742 838 1018 1080 1404 
61 255 417 465 651 759 815 1128 1168 1324 
177 193 246 248 319 568 616 704 761 790 841 843 851 881 1020 1064 
166 226 276 334 477 495 680 682 811 821 842 1265 
18 115 301 386 430 452 934 1047 
20 143 203 243 333 392 457 495 645 727 989 1093 
14 303 329 542 654 889 1116 1262 1269 1328 1397 
23 292 318 344 809 1103 
709 770 823 863 924 1125 1293 
363 406 516 528 549 894 897 900 949 1027 1169 
205 355 399 528 583 726 820 841 982 1135 1165 1281 1330 1390 
26 149 195 276 360 550 560 577 743 764 1058 1200 1325 
14 32 168 357 443 817 859 966 1054 1067 1126 1293 
16 197 454 553 731 757 817 855 858 1004 1251 1267 1330 
409 411 656 702 710 1235 1267 1363 
14 146 181 480 529 725 1083 1189 1357 
180 230 233 336 523 882 923 1108 1196 1207 1209 1330 
111 270 357 407 457 546 817 1158 1168 
243 342 395 527 692 700 746 795 798 915 1151 1190 1242 1320 
36 161 170 216 264 310 394 503 673 902 1235 1282 
212 640 805 929 973 1151 1300 1327 
266 350 356 364 631 679 762 798 890 1022 1251 1362 1391 
232 398 459 755 924 951 1064 1196 1227 1232 
402 583 698 757 1097 1240 1330 
350 370 655 688 966 1366 
187 231 316 621 670 794 820 1007 1017 1065 1264 1350 
141 343 514 610 819 886 1167 1189 1327 1360 
196 274 624 646 1023 1135 1147 1236 1387 1410 
203 317 341 395 409 445 578 716 794 829 1089 1115 1260 1273 
130 391 394 445 493 737 809 998 1128 1231 1274 
87 202 289 531 651 778 791 1062 1104 1344 1370 
42 244 270 307 381 426 517 672 963 1160 1310 
161 214 324 419 466 825 860 888 1038 1140 1151 1322 
39 246 269 319 578 751 918 1025 1078 1082 1169 
203 211 430 656 682 821 828 1036 1118 
22 395 585 805 836 915 1013 1410 
11 27 475 499 643 844 914 
102 468 532 692 966 1053 1129 1180 1342 1343 1384 
26 132 147 171 400 402 532 691 870 1115 1187 1226 1234 1392 
16 89 148 197 223 241 444 522 605 774 787 827 1090 
241 483 511 598 802 1126 
66 207 223 406 457 512 749 784 818 923 925 947 1139 1286 
397 409 448 786 934 948 1194 
42 50 128 200 213 228 238 259 368 405 448 528 838 1193 
1 550 672 765 798 856 981 1157 
57 93 110 321 339 554 610 644 675 694 758 807 820 954 976 1041 1068 1324 1400 1403 
331 678 825 839 893 951 1090 1161 1205 1352 
95 208 290 317 693 884 1197 1241 1266 
130 478 815 930 981 1085 1095 1175 
148 423 432 831 1191 1219 1316 1331 
94 134 432 446 743 971 1171 
17 99 101 202 375 570 627 845 870 973 990 1238 
27 126 608 848 858 939 978 1131 1216 1279 1350 1357 
14 28 58 107 298 373 400 444 585 1059 1260 1328 
256 262 284 439 538 546 748 1097 1226 1227 1274 1296 
411 425 439 542 
124 147 246 303 345 424 880 1219 1350 
153 178 417 440 550 677 1046 1209 1292 
95 216 226 469 489 613 705 778 797 866 963 
26 186 264 299 430 489 681 709 734 781 1061 
223 301 409 496 646 841 1034 1053 1082 1119 1180 1189 1241 
1 96 103 356 589 754 807 821 962 1242 1267 1322 
272 415 424 651 838 878 1054 
17 142 211 379 424 562 894 1066 1168 1391 
79 158 248 278 301 612 1011 1077 1113 1349 
115 225 400 696 702 812 1096 1097 1291 
15 38 46 133 343 453 683 810 1047 1133 1168 1188 1265 1353 1356 1378 
15 45 108 183 184 185 310 494 557 598 784 893 917 930 971 982 
3 41 47 98 462 469 617 618 700 731 1077 1190 1223 
59 314 505 594 832 1013 1120 1232 1366 
49 126 175 198 441 509 646 724 1003 1011 1066 1196 1369 
158 254 416 466 517 616 706 714 736 797 804 812 995 
93 195 208 383 399 624 676 682 754 
10 763 967 1011 1254 
76 119 125 277 373 630 887 934 957 1306 
3 85 129 279 325 851 940 956 962 1013 1034 1072 1165 1174 1179 1207 1341 1349 
230 475 505 552 566 930 951 1016 1026 1193 
82 430 575 784 963 1048 1055 1182 
71 272 334 362 391 504 652 708 802 894 909 1050 1278 1293 1296 1365 
159 208 393 540 633 682 684 996 1021 1089 1155 1270 
16 34 35 55 91 164 221 269 312 329 345 646 938 953 960 966 980 1098 1221 1225 1291 
83 131 187 225 297 334 386 397 439 444 455 887 1071 1376 
21 34 168 448 451 541 789 919 1057 1104 1107 1315 
127 167 340 413 543 701 768 1053 1267 1291 
9 225 309 336 348 414 922 942 1139 
98 179 195 291 331 816 826 959 1010 1037 1098 1157 1309 
96 292 667 750 874 1115 1357 
472 496 498 787 1049 1233 
94 259 660 735 814 961 1090 1091 1127 1163 1200 1397 
243 304 359 366 434 456 699 932 984 1193 
94 96 327 372 508 547 578 795 841 1071 1343 
134 164 318 353 405 711 732 969 1026 1188 1334 1352 
114 140 390 409 473 602 624 837 890 1018 1079 1318 1349 
8 13 124 200 308 342 527 557 624 777 851 887 1000 1166 1172 1287 1375 
103 121 448 606 829 1033 1147 1186 1308 
43 150 267 335 364 409 536 576 903 941 1307 1330 1371 
90 96 107 154 287 357 579 587 825 870 1076 1298 1381 
99 282 411 678 849 943 1002 1244 1404 
2 77 273 306 373 475 596 766 1350 
249 279 301 583 587 733 848 946 1012 1015 
99 180 315 340 609 834 994 1077 1161 1204 1334 
77 124 219 400 661 670 981 1075 
114 290 728 744 827 1133 1295 1337 
59 354 395 462 556 671 736 775 906 950 1000 1052 1179 1208 1262 1395 
54 102 454 549 594 619 641 679 747 762 1101 
26 130 626 960 1185 1305 1319 
65 85 149 191 336 634 832 927 962 1032 1134 1164 1318 
11 25 107 188 242 322 386 473 483 485 1066 1103 1231 1337 
567 742 820 894 1033 1065 1330 
195 232 341 837 1028 1037 1114 1201 1245 1274 
20 126 273 505 517 536 584 673 728 807 1068 1095 1116 1151 1183 
11 273 278 525 608 666 1042 1214 1258 
114 271 429 462 857 871 982 1224 
88 163 457 733 986 1075 1377 
248 336 366 487 499 503 708 709 749 851 943 1233 1239 
432 537 559 578 769 783 1034 1061 1219 1266 1379 
62 81 89 311 781 789 1144 
525 563 766 937 1130 1223 1226 1229 1236 1308 1321 1391 1394 
63 77 88 314 359 505 745 922 1262 1410 
106 239 433 636 668 681 703 773 810 1359 1379 
145 625 634 900 1147 1407 
16 78 159 258 259 351 392 571 722 995 1012 1112 1120 1135 1151 1174 1304 1313 1368 1378 1389 
64 150 236 564 600 634 876 1101 
61 147 161 181 388 444 533 865 1081 1092 1093 1200 
460 575 650 657 781 876 895 1196 1315 1320 
7 111 173 540 543 830 1010 1047 1167 
113 156 439 484 491 586 591 636 657 709 720 761 882 1112 1360 1376 
207 234 245 271 276 436 479 494 521 794 845 908 1193 
54 99 227 608 734 837 856 904 1051 1120 1288 
5 14 19 139 156 192 343 405 569 737 739 782 833 865 869 975 1013 1042 1123 1250 1359 
436 613 645 659 661 765 891 958 1109 1178 1250 1303 
71 167 592 664 717 847 1243 
226 272 276 377 448 857 1053 1086 1122 1142 1150 1352 
26 206 234 269 708 812 858 1152 
5 11 25 263 616 652 723 776 952 1074 
1 38 120 203 292 359 487 556 588 602 743 816 846 911 938 946 969 1039 1067 1146 1394 
11 256 525 545 584 763 808 845 855 1277 1288 1305 
186 429 430 527 609 631 731 736 895 987 1011 1018 1238 1265 1269 1311 1363 
86 301 318 426 525 555 724 854 1027 1062 1126 
151 402 549 585 924 1259 1304 1345 1355 1356 1400 
343 356 600 609 691 754 910 1008 1279 
134 437 536 543 555 693 749 1019 
90 129 211 252 330 350 421 445 742 894 1068 1180 1352 1359 
91 449 602 625 945 960 1149 1172 1279 1352 1365 
92 155 308 580 597 826 979 1047 1109 1228 1265 1299 
10 190 494 572 576 621 656 801 908 961 1073 1205 1406 
530 770 985 1015 1087 1152 1332 1342 1355 
188 293 298 376 396 614 905 999 1003 1239 1339 1371 
81 156 459 557 587 668 738 1099 1164 1399 
4 28 40 82 194 307 476 870 928 1124 1234 
294 508 597 905 1227 1350 1403 
3 90 151 328 444 453 618 877 1008 1091 1164 
26 355 435 437 488 517 524 560 644 805 926 1038 1109 1137 1291 1356 
284 345 408 506 612 618 621 692 755 788 952 953 962 1108 1123 1237 1282 
189 214 804 860 1007 
140 169 261 553 852 1334 
31 123 205 460 706 822 1131 1283 
79 488 578 725 800 886 1050 1109 1243 
142 310 397 420 543 560 563 824 970 1080 1308 1360 1409 
6 73 125 230 635 660 709 829 883 905 1078 1136 
248 386 612 675 683 736 744 1005 1012 
62 209 212 392 622 
29 43 288 373 470 507 531 634 913 1187 1306 
189 237 366 549 690 924 1139 1158 1177 1294 1339 
113 114 253 333 618 645 689 698 771 1040 1326 
98 151 169 295 341 370 443 709 1031 1189 1279 1334 
434 595 621 762 925 963 1328 1332 
135 161 191 205 331 365 424 598 990 1008 
61 190 231 244 398 477 495 516 687 762 879 997 1057 1106 1141 1309 1397 
140 261 560 629 743 824 903 1091 1159 1173 
257 405 413 706 708 791 873 884 1059 1100 1140 
62 131 180 320 327 346 405 426 757 988 1016 1154 1250 
135 146 203 302 330 401 437 453 508 513 712 724 896 897 1202 
55 130 388 528 863 939 1065 
91 155 295 303 753 775 825 877 1240 
11 75 233 346 421 518 917 1180 
52 480 711 814 1032 1334 
111 158 355 565 963 1107 1196 1223 
14 225 285 301 433 499 645 810 848 893 966 983 1105 1174 1178 1209 1234 1276 1330 
89 212 490 491 637 699 769 855 879 969 1090 1164 1209 1251 1393 
99 112 303 557 709 748 943 970 1079 1111 1141 1392 
36 42 149 213 331 436 559 562 720 800 851 1330 1348 
351 519 669 676 686 958 1050 1052 1316 
97 162 237 290 515 583 659 678 735 1056 1122 
211 601 923 1028 1180 1206 1219 1301 1381 
403 415 639 811 991 1113 1160 
417 557 611 690 747 832 862 883 1148 1191 1361 
111 142 355 407 452 615 730 817 952 1098 1124 1156 1258 1352 
31 513 627 674 930 947 1087 
178 253 264 405 567 685 742 807 
379 384 587 705 1043 1258 1363 
52 340 369 467 515 1038 1191 1213 1310 
179 194 299 492 496 526 705 736 792 
22 155 164 166 302 609 730 802 839 856 970 1208 1358 
116 264 347 456 571 601 733 784 882 919 970 1007 1045 1333 
11 281 391 498 630 634 663 697 718 786 1156 
293 350 520 573 574 1146 1371 
269 871 955 1017 1107 1240 1248 1331 
