1482 8778
71 86 133 383 401 442 471 520 584 618 917 921 1175 1211 
20 35 97 144 304 426 557 665 1005 1015 1061 1250 1319 
144 209 264 290 322 563 708 738 782 876 896 1059 1068 1284 1288 1455 
76 256 331 755 895 1048 1084 1227 1317 1394 1429 
104 122 168 353 462 472 675 989 1206 1291 1400 
66 83 279 397 441 680 725 868 1117 1217 
109 317 319 355 391 417 431 531 835 863 990 1014 1467 
164 204 211 397 450 513 630 633 650 867 873 885 947 976 1209 1286 1298 1345 1373 1467 
278 333 352 365 442 900 941 1285 1318 1398 1467 1468 
111 114 216 566 570 572 839 865 1037 1133 1311 1362 1374 1427 1445 1470 
77 249 294 439 500 509 741 893 993 1140 
206 437 817 954 1049 1086 1236 1300 1383 
91 92 95 153 327 351 465 514 565 1000 1382 
24 361 563 596 845 881 1145 1216 1313 1344 1372 
22 158 331 373 677 881 1247 1296 1470 
94 101 189 413 453 526 552 723 736 818 931 997 1107 1285 
46 122 163 267 341 579 645 648 707 735 918 1060 1258 1333 1354 
193 221 392 539 540 612 907 1093 1174 1442 
164 840 918 953 1049 1162 1192 1214 1232 1361 1466 1470 
2 38 40 81 91 150 294 360 665 824 843 877 881 892 904 1167 1256 
48 188 306 389 438 454 703 710 758 872 881 1085 1177 1181 1247 1345 1356 1389 
15 422 465 629 737 849 964 1030 1196 1204 1353 1381 
113 146 372 568 661 928 1154 1214 1222 1460 
14 127 198 215 457 700 772 1191 1263 1354 1400 
29 133 177 273 283 391 446 534 1166 1316 1371 
88 89 132 228 704 785 
200 302 370 373 519 900 925 939 1076 1179 1204 1215 1237 1253 
88 112 145 175 682 686 778 831 963 988 1061 1069 1132 1188 1462 
25 147 164 232 302 395 467 480 553 612 743 959 963 1131 1213 1313 1386 
118 286 299 643 970 1192 1363 1373 
384 423 481 638 653 1018 1091 1203 1339 1384 1446 
194 727 745 1055 1108 1194 1466 1468 
89 150 203 380 619 649 659 789 814 834 836 884 903 991 1028 1098 1233 1300 1363 
55 102 151 258 281 328 338 349 480 566 618 672 770 843 1004 1019 1027 1053 
2 193 253 297 431 439 488 558 605 645 699 741 775 831 898 1006 1275 
454 782 830 833 1001 1039 
177 182 209 382 387 925 977 1036 1104 1273 
20 398 985 1141 1390 1477 
148 370 484 679 777 806 938 955 1198 1470 
20 61 81 528 536 569 956 965 1170 1338 1341 
234 258 750 1170 1362 1416 
111 206 384 423 496 1310 1329 1336 1384 1430 
72 185 235 314 429 478 974 1164 1276 1326 1356 
109 126 246 721 757 894 1114 
50 496 654 767 938 1069 1283 1292 1330 1373 
17 191 464 599 691 788 792 1172 1265 1315 1388 
397 399 400 595 661 747 813 819 859 938 977 1092 1096 1215 1301 1364 1375 1380 
21 95 384 665 712 717 1200 1211 1291 
88 118 165 171 354 538 551 617 889 915 993 1147 1225 1273 1300 1310 
45 182 222 413 482 563 628 665 703 996 1223 1419 
217 301 303 461 866 1060 1180 1202 1328 1440 
59 294 410 439 455 456 460 637 694 935 1047 1091 1468 
201 416 553 559 606 660 790 919 1059 1084 1245 1412 1421 1453 
163 431 631 986 1326 
34 86 131 141 210 267 296 297 341 523 676 762 843 1055 1199 1308 1391 
96 168 194 347 653 678 770 996 
60 100 136 439 459 491 668 988 1049 1076 1366 
241 319 429 558 611 775 816 906 925 972 1183 1325 
52 347 352 475 632 646 800 1142 1319 1367 
57 181 228 332 524 697 1022 1030 1064 1089 1098 1334 1388 
40 184 236 360 370 489 572 626 818 827 853 980 1000 1134 1275 
203 575 904 1103 1242 1282 1289 1348 1360 1476 
232 361 521 562 735 745 777 802 877 977 1015 1110 1386 1402 1435 
128 150 515 646 692 696 773 829 885 997 1008 1110 1326 1394 
170 338 602 676 1070 1191 1238 1242 1245 1286 
6 404 874 949 1135 1261 1288 1343 1416 1466 
253 283 372 377 492 632 653 958 1116 1332 
161 218 229 279 283 352 447 497 696 781 860 886 1061 1099 1100 1120 1217 1261 1271 1301 1465 
384 491 506 599 685 780 945 1039 1059 1146 1342 1368 1416 1418 1419 
274 287 590 598 673 684 846 882 959 965 1085 1112 1131 1158 1164 1290 
1 152 336 344 439 451 503 603 613 712 768 1038 1095 1204 
43 82 188 445 449 495 606 631 913 1223 1271 1376 1393 1442 
135 352 541 774 846 862 974 
87 167 248 377 439 777 880 910 1087 1159 1295 
300 393 411 467 906 1047 1216 1361 1381 1470 
4 112 385 418 468 579 659 876 915 953 1143 1182 1468 
11 89 102 147 186 252 257 264 630 1102 1139 1152 1172 1389 
279 376 395 416 431 485 673 744 899 1097 1256 1415 
123 155 425 443 516 558 850 911 959 1077 1122 1141 1164 1232 1322 
129 356 384 449 571 768 870 940 1334 1355 1365 
20 40 641 651 695 767 1112 1464 
72 96 286 362 566 585 680 741 798 819 832 959 984 1068 1136 1217 1281 1352 1367 1371 1430 
6 279 385 448 523 691 814 912 1015 1372 1459 1474 
224 396 539 645 961 1070 
109 119 173 258 390 443 517 619 643 707 735 908 944 980 1077 1079 1124 
1 55 121 500 604 824 987 1441 
74 213 216 236 709 872 879 1170 1209 1344 1481 
26 28 49 250 508 595 686 1332 1352 1389 
26 33 77 179 270 520 544 668 847 977 1001 1245 1324 
116 168 278 876 1100 1115 1187 1357 
13 20 165 469 885 894 907 999 1201 1312 1341 
13 159 248 571 648 668 950 1088 1254 
222 225 399 766 909 910 
16 144 512 759 817 910 1092 1112 1214 1442 
13 48 228 235 286 424 611 933 1117 1239 1266 1314 1390 
56 82 108 288 623 650 665 860 863 1027 1061 1140 1187 
2 249 256 359 458 653 991 1204 1341 1379 1407 
237 313 375 460 642 1108 1123 1313 1321 1405 1466 
101 201 361 392 621 1195 1230 1327 1454 
57 163 294 854 967 1099 1122 1135 1463 
16 99 110 146 160 211 315 510 524 911 1382 
34 77 151 304 310 567 741 778 876 879 904 985 1080 1082 1110 1248 1392 1403 
237 266 310 394 410 621 643 688 727 774 1169 1355 1428 
5 121 477 596 605 647 1025 1054 1130 1201 1202 1236 1270 1333 1458 
124 150 315 325 446 617 787 970 1085 1165 1189 
192 209 537 562 566 669 693 708 743 752 875 1006 1039 1042 1152 1172 1405 1454 
190 191 296 348 556 616 690 915 1070 1121 1178 1250 1348 1407 
96 301 303 406 414 514 518 531 664 697 997 1037 1432 1446 
7 44 85 203 266 281 677 742 782 786 975 1080 1097 1202 1283 
101 418 544 701 817 912 945 1145 1277 
10 42 225 248 306 429 495 1203 1312 1342 1375 
28 76 185 320 477 731 747 822 1216 1337 
23 343 566 665 764 1001 1039 1134 1354 1415 1443 
10 191 285 323 516 527 725 958 1068 1275 1288 1355 
129 160 288 472 733 809 1126 1430 
90 135 218 233 381 827 849 868 903 1287 1330 1361 1452 1480 
283 441 620 988 1154 1379 1400 
30 49 482 570 661 683 903 921 1094 1163 1212 1461 
85 214 513 577 596 646 663 751 797 890 897 
135 212 707 840 1227 
86 104 243 528 638 673 694 1046 1077 1143 1348 1480 
5 17 331 401 453 481 623 708 852 864 922 954 1055 1239 1247 1290 1434 
79 551 705 719 910 975 982 1035 1065 1074 1088 1095 1204 1371 1433 
105 222 453 728 744 889 1120 1136 
133 305 333 405 424 633 655 710 974 1195 1211 1473 
44 180 315 745 796 811 1035 1098 1162 1208 1258 1364 1404 
24 523 1113 1427 
64 153 291 360 1203 1215 1451 
80 115 220 304 518 586 665 748 784 987 1222 1312 
212 233 296 457 697 782 800 1392 1413 1449 
55 187 293 617 1061 1129 1228 1279 1288 1309 1369 1375 1428 1475 
26 136 540 599 703 779 962 1099 1206 1427 
1 25 125 183 205 426 677 793 828 832 913 1000 1343 1346 1367 1377 1481 
653 672 910 961 1121 1185 1267 1281 1424 
73 116 120 161 196 239 302 352 531 823 826 852 954 964 971 1196 1212 1453 
57 132 375 433 455 488 539 752 899 1096 1168 1190 1407 
349 488 968 1007 1174 1178 1216 1224 1227 
166 391 455 507 541 656 748 768 1044 1163 1201 1430 1451 
154 245 296 439 459 889 934 971 1023 1068 1145 1289 1326 1432 
172 174 187 406 550 737 793 803 943 997 1190 1386 1423 
55 295 401 410 850 1351 1381 1400 1438 
344 458 529 695 957 1130 1160 1230 1283 
253 327 624 626 697 725 735 751 811 935 1236 1240 1388 1423 1424 
2 3 94 277 648 932 1058 1255 1364 1446 
28 427 660 1013 1129 
23 101 547 771 780 803 1279 1447 
29 77 161 482 724 765 951 1146 1149 1155 1325 1340 1474 
39 240 336 340 347 455 568 641 670 936 1087 1409 1424 
523 614 968 1146 1407 
20 33 64 105 161 202 401 614 646 714 746 864 941 949 1189 1345 
34 102 402 414 461 711 752 794 996 1005 1237 1294 1347 
71 470 497 1248 1370 1401 
13 128 156 283 348 665 753 795 849 1021 1033 1330 1354 
139 167 446 696 869 907 963 1416 
79 247 378 649 852 872 1057 1145 1297 1474 
153 579 607 763 772 885 959 1157 1418 1426 
175 205 211 253 391 447 676 735 868 939 1111 1239 1255 1281 1450 
15 197 332 513 545 612 671 682 773 808 854 952 1024 1164 1168 1194 1204 1404 1460 
92 177 467 496 529 608 615 633 692 718 721 806 1025 1113 1261 1333 
101 115 206 257 289 549 774 913 1051 1416 1417 
68 135 147 150 541 599 1113 1237 1480 
229 299 301 490 563 582 593 600 677 745 761 1015 1164 1411 1416 1438 
17 54 100 309 577 633 683 1170 1316 1421 1471 
8 19 29 271 305 388 444 569 641 702 716 772 976 1011 1029 
49 91 614 639 727 763 783 796 797 848 893 1008 1028 1100 1245 
138 272 278 733 793 1089 1101 1113 1477 
74 154 196 371 418 544 569 780 807 916 918 1021 1130 1155 1394 
5 56 90 314 346 787 822 1130 1264 1276 
192 224 247 263 431 514 774 1216 1308 
65 176 267 471 476 643 891 1055 1104 1171 1353 
49 185 375 660 688 1101 1347 1348 1381 1391 
140 422 470 643 916 955 1132 1309 1355 
85 341 351 420 581 629 757 1215 1273 1330 1448 
140 271 546 609 657 667 762 805 843 861 968 1108 1253 1378 
28 157 318 733 749 764 970 1245 1274 1377 
170 367 447 554 859 921 1024 1073 1300 1315 1384 1407 
25 37 159 324 423 570 897 920 948 958 960 969 1049 1131 1365 
226 232 295 333 381 452 492 624 720 1204 1254 1259 1264 
89 274 301 420 448 1103 1278 1338 1355 1413 
126 205 384 590 610 763 773 961 1049 1231 1393 1478 
60 227 287 534 723 789 870 895 1131 1378 1410 
37 50 293 319 446 490 567 698 1132 1200 1326 1417 1441 
133 332 457 493 721 968 1001 1028 1077 
61 377 403 512 541 590 758 802 857 1004 1030 1171 1397 1406 1415 
43 112 171 220 472 580 791 877 930 1181 1255 1309 1310 1450 
77 241 375 790 922 1112 1182 1297 1403 
131 140 477 478 595 664 723 976 1071 1254 1331 1439 
21 72 227 355 381 703 
16 203 405 464 953 975 1030 1102 1382 
107 603 641 789 847 883 1137 1286 1300 1439 1447 
46 107 114 314 328 362 437 518 573 842 1005 1156 1259 1346 
106 169 238 406 572 587 669 1284 1311 1381 
18 35 209 227 368 421 593 597 770 807 938 1019 1126 1425 
32 56 262 341 345 362 430 861 884 1032 1064 1120 1213 1268 
211 588 694 885 886 895 911 956 1335 
135 167 223 870 977 1168 
158 603 641 647 730 796 983 1022 1158 1277 1393 
24 260 313 368 414 481 576 772 839 1008 1090 1097 1358 1389 1413 1435 
225 444 509 544 626 638 702 743 770 839 866 969 1015 1018 1042 1062 1247 1349 1358 1382 
27 415 449 582 608 650 702 772 929 977 978 1148 1178 1333 
53 99 209 232 271 315 527 661 841 908 942 1105 1128 1145 1159 
150 303 344 382 477 643 805 943 1040 1047 1135 1407 
33 62 109 189 271 348 654 785 794 1162 1266 1457 
8 374 435 751 834 835 872 933 1289 1363 
133 157 180 220 223 406 541 559 679 753 856 942 1012 1150 
12 42 160 252 333 588 594 650 692 812 928 955 994 1023 1055 
263 496 529 594 895 915 987 1001 1347 
275 315 527 562 698 877 879 1000 1148 1156 1244 1443 
3 37 106 193 201 264 430 613 886 887 916 931 935 951 1165 1282 
55 276 647 705 806 811 878 966 998 1012 1102 1159 1175 1200 1262 1414 
8 101 157 195 300 343 382 695 822 842 1000 1015 1017 1039 1188 1190 1203 1208 1251 1308 
120 130 374 669 751 802 989 1008 1188 1201 1316 1413 
87 236 362 995 999 1036 1077 1166 1189 
119 361 495 549 730 976 1027 1082 1386 
24 472 765 791 893 931 1163 1240 1253 1289 1331 
10 87 329 681 779 856 1087 1189 1207 1225 1281 1309 1373 1436 
51 303 444 592 769 1055 1072 1147 1254 1256 1284 1366 1404 
68 116 332 413 449 457 874 906 911 993 1092 1450 1470 
236 245 304 320 374 536 662 670 1044 1062 1100 1232 1281 
129 185 205 589 1171 1182 1193 1216 1319 1410 
18 291 440 449 460 469 582 664 681 751 890 936 944 1025 1077 1126 1270 1386 1459 1464 
50 93 124 444 465 536 583 641 792 812 839 871 964 1198 1219 1377 
196 205 270 311 398 423 511 598 617 621 763 817 894 
84 169 250 373 435 496 502 531 545 560 723 829 939 976 1103 1389 1468 
93 111 199 351 365 589 651 752 982 1121 1398 1416 1444 
178 301 452 688 704 737 756 1051 1148 1154 1384 
181 188 193 292 450 472 483 563 717 926 928 954 955 1046 1105 1146 1192 1283 1298 1405 1415 1482 
26 60 95 323 520 590 762 1264 
68 162 550 1147 1198 1270 1307 1339 1465 
313 546 563 576 610 712 796 863 892 896 1010 1301 1464 
316 456 812 877 893 1178 1252 1277 1344 1346 
29 63 178 201 258 305 334 445 520 526 777 1068 1315 1341 1370 1466 
116 130 271 431 438 706 724 992 1062 1223 
41 477 624 764 827 997 1066 1080 1105 1221 1268 1301 1353 1423 
43 95 277 433 470 962 1044 1171 1294 1401 1443 
61 87 213 219 530 651 761 925 1193 1270 1340 1362 
98 103 463 473 542 582 583 646 676 746 850 930 941 1064 1446 1451 
192 325 416 497 904 934 1089 1114 1131 1135 1141 1382 
135 271 426 637 720 804 1051 1166 1193 1257 1368 1455 
148 504 657 798 942 976 1057 1310 
58 186 274 598 660 992 1442 1463 
394 572 738 927 1380 
121 252 254 354 541 582 732 766 817 945 1151 
268 499 601 663 957 1022 1141 1149 1250 
139 219 274 600 722 841 946 1067 1137 1243 1344 
44 392 475 534 788 794 1140 1252 1265 1334 1438 
155 169 321 468 495 606 643 738 799 896 1230 1274 1353 1387 1437 1482 
74 92 111 304 415 463 586 589 724 805 1091 
11 97 576 598 692 1091 1306 1378 1448 
88 224 409 973 1049 1155 1226 1245 1385 
655 691 738 995 
77 206 243 311 400 508 720 780 783 931 1001 1186 
35 67 143 157 259 447 735 835 853 1116 1150 1223 1278 1340 1348 
243 258 577 853 917 975 977 978 1014 1026 1180 1274 1458 
356 729 845 940 1036 1042 1089 1187 1306 1353 1406 
4 97 358 363 509 715 774 1082 1122 1166 1337 
77 160 292 402 430 658 738 868 1168 1308 1375 1411 1463 
34 41 85 232 254 306 721 753 797 813 871 968 1021 1024 1028 1039 1198 1265 1289 1307 1316 1356 1439 
253 368 1211 1421 1433 1476 
198 320 535 655 671 775 1073 1117 1168 1316 1332 1342 1440 
369 519 697 762 775 805 1034 1204 
194 410 505 694 715 789 800 881 1136 1192 1412 
169 207 512 581 608 780 919 1046 1049 1214 1313 1314 1346 
3 77 209 274 977 1303 1331 1345 1375 
499 967 1075 1181 1366 1391 
103 109 301 366 422 482 583 618 814 988 1047 1093 1210 1313 
17 55 170 316 328 532 1087 1181 1184 1215 1415 
244 276 294 339 792 839 1170 1439 
317 537 666 823 931 962 1032 1129 1408 
89 223 1102 1231 1274 1448 
164 174 201 203 233 239 418 456 625 652 663 989 1148 1206 1317 1392 
166 459 534 537 570 661 751 897 1143 1417 
25 479 493 507 583 591 819 1086 1141 1261 
70 179 241 245 264 552 827 854 928 1114 1350 
208 282 301 312 538 596 1003 1105 1262 1433 1450 
210 268 317 565 716 896 1292 1331 1388 
144 235 290 393 506 560 629 922 1125 1165 1298 1332 1462 
9 90 166 302 305 346 411 445 754 785 829 913 982 1005 1293 1440 1468 
6 68 78 83 361 473 491 565 723 841 1174 1188 1242 1408 
312 333 823 950 988 1158 
34 109 359 395 708 726 752 881 1081 1155 1164 1186 1473 
275 462 510 545 790 1070 1171 
25 67 68 117 153 777 1150 1294 1324 1335 1370 1378 
300 385 661 963 1083 
114 370 506 707 1321 
30 82 95 475 764 776 785 819 825 954 1273 1274 1338 
70 181 348 357 359 521 611 624 799 952 990 1116 1121 1127 1189 
96 115 658 951 1091 1221 1256 1267 1305 
160 329 378 431 436 485 536 584 694 762 868 890 961 1443 1452 
3 277 353 356 414 596 682 769 1306 
128 221 514 787 808 900 1178 1291 1463 
227 257 311 434 469 578 661 721 759 778 908 1096 1144 1289 1356 
131 182 321 324 447 753 806 1023 1031 1044 1092 1236 1317 1351 
11 20 52 100 268 307 448 641 664 1042 1301 
141 178 553 576 734 857 
55 107 130 139 390 485 582 753 861 930 1093 1105 1162 1177 1246 1291 1386 
35 55 409 425 684 750 926 969 1024 1042 1320 1328 1448 
408 418 530 621 625 766 808 850 881 992 999 1087 1362 1449 
30 162 319 356 382 544 775 807 837 891 1041 1230 
75 211 284 404 909 911 969 1091 
51 108 162 179 226 266 275 477 770 781 1177 1287 1373 
27 29 135 278 530 739 1003 1345 1387 1406 1432 
51 108 202 217 355 500 716 1138 1231 1331 1341 1441 
2 102 129 219 248 346 541 579 688 732 867 885 1045 1068 1081 1111 1249 1452 
125 164 232 278 369 915 964 1067 1094 1301 1446 
21 111 258 499 686 819 939 989 1455 
294 332 364 567 570 584 604 613 654 805 882 1045 1064 1191 1201 1241 1372 1418 
326 429 579 674 680 857 882 999 1008 1097 1324 1377 
163 333 594 1449 1467 
102 103 496 589 594 639 669 687 690 886 1109 1233 1243 
223 252 292 570 652 664 686 712 784 869 947 1426 
275 280 393 500 594 651 770 826 835 1155 1472 
98 198 230 609 618 844 857 889 
43 168 191 434 640 784 844 882 953 954 972 1096 1441 
101 105 126 201 208 640 711 764 812 850 927 998 1051 1116 1405 
231 267 485 486 558 561 571 582 745 746 959 978 1029 1341 1442 
7 269 276 390 447 636 804 956 1079 1284 1313 1406 
175 558 588 663 708 855 965 1009 1065 1163 1235 1339 1387 
7 58 182 299 400 581 756 830 1045 1237 
112 219 260 527 704 813 934 996 1393 1429 
247 293 395 683 746 856 1031 1183 1230 1330 
3 373 380 404 575 714 725 837 1008 1038 1055 1135 
114 228 416 421 1109 1172 1417 1457 
177 293 504 713 739 748 774 1025 1142 1156 1157 1297 1351 1366 
105 238 442 457 693 800 917 1027 1232 1412 
308 586 951 979 1206 1413 1431 
13 143 342 343 645 721 777 855 862 966 1203 1354 1415 
34 191 267 550 563 615 785 798 869 915 1008 1254 1280 1354 1426 
216 289 356 534 599 633 751 773 1047 1209 1316 
369 468 689 784 929 1175 1183 1275 1298 1310 1316 1427 1471 1479 
4 15 122 334 420 447 468 570 602 605 729 746 781 791 793 805 860 1079 1424 1440 
60 158 183 218 307 352 412 653 819 997 1074 1159 
9 125 178 206 280 309 344 362 486 576 705 749 1148 1416 
232 331 632 675 722 799 1079 1156 1281 1356 
402 443 466 836 839 1054 1056 1097 1417 1424 
71 148 452 544 597 863 1078 1251 1350 1482 
368 509 583 672 861 1157 1239 1261 
34 65 404 559 562 937 988 1012 1024 1206 1272 1363 1433 
268 535 581 739 977 1288 
148 412 547 660 740 913 946 1351 1397 1456 
17 55 173 194 465 512 564 721 745 803 840 846 958 1075 1154 1206 1298 1300 1327 
327 427 535 585 628 673 827 852 940 973 1113 1157 1198 
113 211 327 377 739 827 838 1084 1087 1113 1262 1320 1467 
71 142 202 333 508 657 732 795 898 1016 1059 1065 1125 1185 1249 1328 
194 355 383 441 607 654 700 925 961 995 1076 1082 1311 1420 1423 1438 
168 278 304 434 527 599 811 997 1134 
56 59 148 357 441 501 590 675 738 871 1017 1233 1239 1273 1286 1314 
107 153 203 287 388 715 736 1050 1096 1146 1159 1280 1376 
34 137 407 693 746 834 853 1306 1324 1415 1478 
387 498 764 905 1134 1276 1339 1453 
13 173 225 395 447 475 574 594 633 716 801 829 939 
9 59 68 73 135 332 580 650 657 752 801 846 876 913 958 998 1268 1279 1317 1345 1394 1445 
5 290 377 667 811 899 973 1141 1178 1182 1389 
49 243 441 621 706 717 962 981 1216 1290 
7 188 303 345 462 501 624 656 675 864 934 975 1116 1417 1427 1463 
80 255 290 299 329 366 369 413 468 567 612 657 842 1135 1343 1451 1479 
287 347 777 1049 1218 1395 1475 
256 550 706 775 780 839 894 901 1060 1153 
97 281 287 900 1054 1323 
20 61 128 404 848 931 947 1007 1045 1086 1232 1305 
14 63 99 214 279 477 563 629 805 1002 1091 1178 1181 1270 1318 
82 191 194 213 333 405 447 476 992 999 1014 1369 
256 399 565 711 875 882 905 1057 1144 1192 1323 
307 389 506 676 682 934 936 1074 1099 1312 1361 1384 
9 225 370 414 614 632 718 836 1116 1179 1325 
266 356 477 756 777 822 848 927 957 983 1025 1261 1442 1466 
176 474 537 811 906 932 963 967 1043 1209 1400 1408 
193 198 259 337 460 476 725 745 998 1232 1302 1413 1475 
261 305 330 356 501 560 600 655 861 920 982 1072 1131 1172 1287 1331 1403 
27 39 61 285 365 481 515 518 587 593 701 1116 1198 
167 376 468 581 609 611 659 751 787 850 882 
23 67 482 491 562 568 584 587 735 742 862 958 995 1061 1185 1311 
15 27 224 322 507 531 600 789 1079 1147 1242 1329 1480 
204 212 219 393 421 928 995 1031 1075 1085 1310 
98 136 171 186 419 566 589 620 941 1203 1264 
78 371 458 462 499 505 867 930 1070 1073 1094 1274 1415 1444 
67 74 184 343 353 480 498 535 546 654 732 782 1167 1240 1243 1267 1299 1326 
155 289 418 530 895 1067 1183 1396 1450 
443 568 796 958 1025 1188 1308 1326 1392 1452 
33 322 412 675 717 761 850 875 951 973 
116 178 188 385 422 500 608 626 629 668 904 1236 1316 
37 202 211 299 502 553 777 846 929 960 1059 1441 
1 345 436 503 680 714 1030 1189 1204 1289 1309 
31 42 48 69 80 180 604 660 674 882 1107 1239 1431 
76 83 284 381 389 456 481 665 781 788 1145 1177 1240 1274 
531 709 713 733 773 966 1322 1463 
37 350 720 740 1010 1023 1095 1303 
164 348 587 670 846 909 953 970 
21 364 385 463 489 526 553 882 1193 
85 296 317 785 859 878 1122 1360 1412 1425 
7 25 138 157 408 654 766 834 893 933 1067 1103 1330 1382 1413 
18 99 246 426 439 858 908 1185 1331 1406 1459 1465 
75 277 312 374 506 565 723 763 924 943 1080 1156 1182 1333 
103 242 402 479 644 798 1150 1158 1297 1300 
29 78 281 321 351 422 626 858 1110 1346 1455 
84 474 519 884 1138 1141 1206 1390 1394 
6 8 47 454 455 456 846 1079 
38 223 443 550 562 566 1377 1455 1461 
47 93 363 439 482 915 954 1052 1126 1157 1196 1285 
47 252 319 487 674 788 817 901 1039 1247 1302 1323 
1 122 141 150 409 476 567 654 725 808 809 863 1047 1054 1111 1161 1294 1397 
151 257 335 394 469 913 1213 1327 1454 
184 585 628 881 999 1180 1281 1328 1357 1441 
66 300 322 338 360 569 710 801 906 977 996 1145 1180 
125 189 362 413 757 896 985 988 1141 1180 1211 1213 1362 1382 
108 140 192 205 565 691 759 1006 1105 1215 1232 1357 1393 1415 
349 508 531 648 672 708 900 1072 
298 391 679 1005 1215 
250 297 401 674 749 1096 1176 1294 1377 1396 1435 1442 
52 103 141 262 413 801 954 990 
75 278 536 692 711 753 1075 1195 1308 1445 
332 340 380 643 665 666 813 1121 1151 1300 1428 
16 50 218 356 405 410 450 895 972 984 1053 1217 1415 1421 
108 151 198 290 365 494 536 582 986 1121 1301 1351 
200 248 701 805 
53 78 238 323 560 727 1148 1235 1359 1381 1430 1459 
7 551 624 742 743 969 1030 1233 1302 1313 1343 1348 1467 
76 110 167 271 298 378 505 700 722 819 963 1222 1427 
375 427 522 640 766 976 1314 1433 
173 179 331 489 651 761 807 951 1278 
193 323 374 546 634 929 1319 1413 1470 
22 172 266 381 395 559 822 978 1268 1465 
31 42 177 223 591 696 834 854 941 998 1074 1262 
95 125 889 992 1080 1253 1347 
79 297 540 869 950 1302 1429 1482 
2 133 239 392 693 943 987 1005 1012 1152 1316 1403 
145 342 419 490 550 793 846 861 901 914 1133 1236 1384 
537 604 732 842 995 1067 1356 1463 1472 
43 58 111 308 575 589 712 859 957 1017 1046 1421 1436 1450 1471 
194 209 257 731 818 948 970 1245 
7 35 54 78 169 233 289 673 706 733 921 
501 675 758 1243 1389 
136 235 593 747 999 1070 1252 1409 1479 
292 314 346 712 719 903 1069 1130 1222 1259 1302 1347 1403 1432 
204 224 615 680 702 1086 1173 1236 
289 383 476 538 561 691 870 873 917 1042 1207 1327 1371 1382 
12 191 476 585 799 856 921 1071 1089 1091 1137 1197 1250 1302 1321 1437 
21 233 567 579 654 689 690 702 796 933 1061 1158 1170 1460 
11 35 52 57 71 74 139 392 399 1152 1332 1440 
221 482 534 682 899 912 961 1196 1391 
6 117 345 347 354 447 523 590 615 718 761 898 
1 9 325 577 708 752 927 1154 1172 1188 1231 1252 1269 1375 
79 85 335 379 398 455 459 515 675 790 813 863 966 1096 1147 1250 1326 1331 1417 1420 1425 
164 199 217 222 569 768 945 1056 1089 1159 1428 1441 
72 232 278 764 983 1059 1086 1101 1286 1409 
25 105 154 182 607 928 1181 1207 1269 1271 1293 1400 
68 157 176 253 293 317 331 351 362 441 460 462 514 621 708 840 1041 1044 1134 1250 1400 1422 1445 
83 179 294 504 554 643 940 1060 1148 
72 80 200 218 221 519 655 827 948 986 1090 1179 1199 1337 
8 227 413 761 879 884 897 990 1176 
71 526 676 877 956 1110 1316 1414 
178 226 336 456 492 625 790 831 995 1009 1034 1069 1117 1164 1303 1441 
16 122 124 823 976 1095 1363 
21 36 397 565 582 710 1001 1113 1174 1290 1355 
52 136 138 148 397 443 481 923 939 1140 1160 
52 231 271 385 397 452 648 684 703 898 1040 1142 
24 130 183 218 325 622 767 1009 1036 1091 1261 1332 1427 
97 142 376 490 611 732 911 1170 1228 
57 139 272 443 493 500 640 772 887 1378 1479 
52 98 221 368 447 856 942 952 1278 1336 1460 
51 151 517 538 629 690 697 918 928 933 1036 1149 1172 1329 1414 
5 282 355 376 447 534 636 917 1010 1078 1095 1155 1194 1353 1376 
237 248 389 699 760 1122 1142 1259 1390 1453 
46 189 566 751 776 1045 1121 
13 22 222 341 611 792 833 964 1088 1165 1217 1232 1288 1368 
335 566 582 932 1067 1084 1290 1356 1427 1449 
29 75 159 615 685 765 775 817 847 871 989 1054 1079 1136 1273 
76 247 330 331 356 371 500 516 588 654 769 770 1008 1067 1192 1206 
91 221 292 402 480 551 572 619 637 651 737 761 777 928 968 1181 1357 
152 172 235 1231 1242 1331 
1 170 584 674 999 1010 1051 1137 1219 1223 1254 1283 
5 115 185 215 227 637 658 848 886 939 1328 1333 
237 279 548 661 753 941 1284 1320 1333 1450 
367 396 525 558 640 668 686 747 842 1433 
59 246 286 351 633 789 815 864 1101 1331 1355 1465 
170 362 368 401 436 437 560 619 640 682 909 1034 1122 1142 
104 112 187 202 234 301 361 366 650 1150 1268 
43 187 508 542 580 612 615 909 976 1345 1472 
273 394 734 983 1044 1401 1415 
29 34 377 469 534 613 652 802 1003 1013 1227 1291 1354 1433 
31 122 198 370 385 455 657 774 802 935 957 1023 1126 1254 
50 118 147 266 372 399 440 560 639 1009 1236 
227 636 1209 1234 1375 1420 
39 709 761 838 928 1190 
78 289 296 316 636 720 1069 1071 1354 1395 1432 
316 333 576 743 777 959 1133 1173 1318 
400 688 936 1014 1077 1143 
35 136 137 503 505 535 917 993 1014 1368 
61 389 420 520 596 806 872 1373 
162 182 427 458 655 696 792 845 870 1308 1404 1431 1451 
57 69 279 372 663 898 969 1016 1074 1148 1172 1239 1256 1441 
67 178 452 554 640 775 787 945 960 974 1070 1215 
183 273 459 542 746 1013 1089 1094 1132 1279 1313 1408 1419 
414 949 1075 1103 1222 
72 111 214 247 562 600 858 957 
42 45 159 207 224 310 535 749 814 1089 1202 1217 1270 1400 1453 1457 
68 152 238 669 679 687 911 985 1047 1057 1100 1253 1393 
350 377 513 518 618 721 1132 1190 1202 1235 1257 1473 
244 265 306 376 617 824 1011 1051 1098 1356 1431 1439 
11 86 303 312 381 459 468 530 770 780 1296 1336 
347 355 369 432 571 1116 1133 1217 1230 1317 1327 1345 
224 382 509 939 999 1000 1254 1275 1283 1387 1407 
71 383 488 614 816 1039 1195 1257 1336 1356 1430 
240 324 448 518 629 903 930 1275 1305 1316 
262 376 418 488 667 722 733 857 916 926 936 1275 1322 1366 1464 
69 277 285 364 393 975 1020 1028 1034 1231 1441 
138 273 373 518 716 788 913 1270 1320 1385 1421 
88 252 344 407 478 665 724 794 888 916 995 996 1144 1223 1293 1340 
11 199 256 337 502 741 833 921 932 939 1034 1059 1213 1453 
101 282 633 701 744 837 1185 1194 1457 
223 530 730 1080 1117 1193 1349 
94 184 263 341 560 924 990 1195 1338 1406 1426 1437 1460 
8 119 158 498 555 567 897 911 921 1134 1171 1210 1325 1350 1442 
13 108 169 291 447 629 736 774 1148 1345 
64 370 443 943 1000 1053 1125 1376 
79 114 468 569 906 959 1392 1482 
85 461 557 835 1012 1027 1029 1125 1172 1388 1401 
108 129 191 370 498 504 507 521 598 637 684 688 693 730 822 843 950 1039 1468 
27 261 396 449 532 652 910 1025 1043 1051 
1 89 228 232 489 699 795 806 812 961 1010 1037 1047 1082 1099 1262 1264 1457 
63 287 518 547 1038 1039 1090 1244 1308 1321 1460 1469 
419 524 543 557 667 742 786 802 870 1031 1117 1147 1283 
55 83 127 149 441 564 677 830 900 1024 1137 1313 1333 1351 1384 1441 1471 
60 101 522 572 736 938 980 996 1225 1242 1285 1362 
474 687 888 1003 1182 1196 1407 1418 
16 232 389 451 530 858 1151 1169 1279 
114 201 208 320 346 685 749 1047 1131 
40 121 551 580 718 724 771 983 1115 1117 1274 1336 1449 
142 159 207 678 954 965 1025 1282 1351 1474 1479 
236 298 302 378 500 511 526 535 567 615 660 692 769 1048 1114 1172 
7 108 135 224 373 386 407 639 693 705 760 844 984 1037 1152 1201 1240 1377 
267 519 560 722 788 1007 1236 1289 
556 698 773 1040 1199 1360 
25 181 246 272 329 440 462 480 588 860 965 1069 1472 
260 339 342 377 488 496 530 816 878 1027 1239 1256 1272 1312 1322 1462 
40 219 222 289 411 414 719 1091 1209 1270 1383 
106 269 272 367 428 571 627 662 716 728 752 790 827 873 1059 1069 1208 1229 1248 
49 275 436 461 558 602 634 639 811 1072 1184 1208 1332 1385 
18 84 136 710 748 823 872 883 1020 1275 1326 1337 
18 132 425 634 689 693 745 955 1043 1367 1416 
73 138 161 184 205 243 304 640 736 767 901 1048 1129 1131 1132 1257 1419 
237 478 493 549 791 844 865 923 967 1135 1322 1323 1325 1364 1435 
522 573 687 812 856 932 970 994 1218 1419 
89 110 167 199 299 336 752 761 763 764 797 950 1064 
158 224 282 553 709 922 1018 1174 1248 1387 1442 
174 230 377 421 1096 1209 1268 
146 340 521 632 1147 1158 1353 
473 768 801 1080 1303 
160 214 542 594 829 998 1138 1341 1411 
140 229 328 358 398 427 759 1004 1114 1184 
49 123 417 469 528 718 768 886 984 1048 
16 274 608 720 725 747 962 984 1144 1180 1349 1384 1388 
29 53 295 382 389 545 653 894 903 929 1075 1115 1151 1162 1180 1240 1335 
176 448 492 579 636 950 1206 1366 1450 
513 637 689 698 737 811 875 951 1020 1335 1399 
107 533 619 623 746 822 881 994 1008 1022 1086 1103 1141 1436 
2 517 522 579 786 906 1068 1116 1235 1460 1468 
35 58 79 316 318 474 538 688 703 1059 1169 1385 1429 
53 205 338 422 884 974 994 1043 1070 1214 1437 
224 277 369 416 476 482 512 532 742 940 1055 1100 1159 1192 1470 
316 436 702 887 1232 1270 1353 1447 
63 106 208 338 372 398 495 645 796 891 984 1012 1129 1454 
3 14 50 162 227 230 328 361 570 624 768 880 1046 1282 1408 
341 523 682 1132 1376 1474 
13 276 279 363 393 406 454 595 790 916 1197 1368 
10 34 82 106 113 375 398 464 466 582 718 763 830 912 1104 1239 
102 182 307 356 401 438 513 530 757 842 869 925 1014 1183 1190 1192 1342 1383 
23 148 372 379 657 891 916 939 1233 1278 
40 164 167 404 444 516 593 626 773 947 976 982 997 1181 1349 
10 118 177 272 307 311 331 563 815 818 834 871 906 907 1121 1381 1398 
80 92 316 501 537 
10 61 192 242 469 524 592 643 846 949 1022 1263 1283 1299 1308 1452 1479 
191 543 632 680 728 769 973 1015 1120 1387 
351 994 1454 
62 322 429 664 739 811 1058 1100 1323 1344 1396 1445 1467 
198 230 249 295 333 486 863 1077 1112 1197 1360 1388 
119 163 254 442 721 842 1075 1247 
292 737 765 968 1146 
17 76 156 304 308 438 554 557 680 968 1012 1027 1267 1314 
185 352 478 528 623 691 726 806 854 1319 
173 263 319 339 371 587 802 875 1034 1119 1142 1221 1324 1386 1445 
162 200 221 237 243 296 316 414 454 466 566 945 966 1119 1162 
222 237 266 273 337 621 709 728 1467 
1 289 307 372 471 588 966 
82 342 403 437 714 719 812 828 946 1037 1280 1325 1403 
129 248 326 930 1112 1286 
192 370 372 388 581 602 775 874 948 978 1256 1286 1358 1414 1425 
195 206 318 468 534 584 593 867 1115 1208 1444 
220 225 248 310 375 429 757 813 902 937 1020 1060 1074 1215 1247 1270 1337 1415 
70 180 184 228 347 441 600 813 878 1026 1323 1359 1369 1444 
273 423 642 722 878 908 961 1056 1125 1360 1409 
217 572 608 619 1131 1171 1177 1190 1257 1402 
162 193 370 433 569 588 609 1006 1094 1328 1411 1447 
206 207 309 310 312 351 549 629 663 699 955 971 1087 1162 1409 
47 88 187 565 638 722 818 874 948 959 1173 1380 1435 1445 
14 104 119 275 290 489 693 723 772 878 1199 1432 
193 336 654 774 799 921 1078 1085 1142 1212 1282 1301 1347 1382 1449 1454 
70 223 241 249 518 645 983 1075 1261 1318 1330 
46 69 132 161 329 346 622 794 1074 1230 1299 1336 
162 245 369 373 495 590 622 669 700 873 904 909 1047 1443 
244 720 789 1212 1243 1252 1358 1365 1435 1461 1471 
65 331 538 587 634 659 725 797 813 844 1039 1112 1327 1387 
71 190 197 727 915 1329 1458 1464 
86 307 384 428 728 789 1041 1202 1287 
35 104 331 627 693 1210 1295 1303 1461 
53 72 247 627 633 704 741 746 826 905 955 963 1213 1244 1302 1401 
156 345 446 627 1122 1131 1210 1463 
159 200 263 381 552 592 655 660 687 782 817 820 830 882 884 901 926 1043 
174 313 371 593 783 820 994 1115 1156 1191 
180 230 1375 
58 95 287 371 458 465 613 903 983 1014 1113 1126 1156 1157 1165 1176 1187 1219 1220 1240 1365 
18 29 158 356 478 963 1124 1297 
71 209 307 480 611 937 1149 
149 150 165 365 503 899 1050 1133 1305 
159 328 435 441 467 478 530 634 801 942 984 1018 1300 
107 1139 1248 
49 105 131 223 499 654 666 694 762 849 892 1049 1081 1120 1342 1358 1414 
1 34 266 313 498 736 800 835 980 1028 1069 1106 1140 1321 1444 1471 
33 85 469 476 556 592 644 671 745 767 800 903 1015 1049 1471 
117 375 731 770 778 817 937 1153 1266 1465 
99 103 223 298 354 447 583 960 974 1196 1209 
457 599 600 774 954 1156 1449 
96 122 556 580 660 678 712 936 940 1167 1227 
143 178 234 287 355 417 563 727 892 1105 1388 
271 298 452 695 940 941 1000 1037 1130 1302 1340 
61 143 199 381 395 569 673 809 885 1104 1366 1403 
537 605 606 607 642 650 711 712 718 773 938 
50 342 403 709 935 957 1064 1132 1432 
22 173 277 361 381 461 504 514 594 659 775 868 1038 1236 
8 77 675 696 995 1423 
54 72 675 876 1222 1340 1404 
59 67 334 365 547 573 968 1085 1329 
8 125 159 163 329 351 475 510 606 779 845 888 1145 1320 
421 538 540 602 615 793 847 1028 1102 1289 1303 1426 
642 645 657 723 749 816 902 986 1137 1267 1420 
317 462 483 485 554 821 1213 1227 
52 239 469 472 518 555 800 891 925 928 1221 1230 1334 1411 
31 121 199 595 906 1375 1463 
165 310 482 531 538 662 936 985 1001 1095 
314 315 419 459 474 476 492 541 675 714 853 1269 1352 1391 
81 148 164 190 197 222 294 712 886 887 901 1425 
98 591 627 635 702 721 837 1071 1152 
30 85 103 170 172 202 247 412 448 572 998 1010 
394 619 646 742 802 821 922 955 1036 1298 1459 
17 35 84 327 562 598 635 659 700 1199 1258 1348 1475 
59 64 119 150 237 644 752 826 864 917 964 967 990 1017 1045 1067 1140 1271 1396 
104 197 210 1202 1221 1264 1364 
17 92 144 407 456 732 772 935 1036 1085 
33 155 728 762 764 848 913 1243 1323 
8 96 200 206 352 477 627 712 833 836 956 1034 1162 1199 1200 1290 
81 225 236 312 420 469 1075 1250 
271 311 480 519 655 687 795 892 991 1010 1027 1312 1431 
31 56 67 97 134 332 553 835 1010 1116 1282 
45 203 307 345 377 391 401 438 468 597 617 1231 
125 251 260 369 449 490 608 652 786 954 993 1032 1197 1304 1390 
138 355 777 907 1339 1364 1404 
174 240 344 352 356 481 568 635 739 830 844 1075 1262 1381 
257 288 472 698 758 765 1048 1081 1102 1174 
33 76 371 602 629 645 707 786 870 941 1260 1262 1276 1351 
53 145 171 241 340 384 530 608 623 1426 
23 47 118 201 272 284 292 473 1202 1341 1454 
219 537 639 671 710 737 840 859 992 1089 1119 1212 1439 
119 244 271 318 491 594 767 934 955 956 1178 1248 1436 1461 
108 187 221 294 311 575 753 847 878 1075 1080 1252 1469 
2 20 48 50 96 113 129 153 385 412 508 692 883 1080 1112 1115 1135 1253 1275 1379 1416 1437 
269 412 617 1052 1163 1222 
174 353 505 522 869 1152 1336 
57 89 92 381 474 695 820 934 1062 1187 1236 1384 1428 
106 192 212 310 497 600 798 994 1080 1205 1375 1387 
148 219 388 706 881 898 1158 1197 1215 
158 260 619 662 1139 1343 1419 
34 134 337 407 767 813 1000 1205 1303 1321 1342 
70 78 121 342 431 626 722 820 1304 
308 384 400 409 471 992 1180 1199 1213 1331 
5 334 347 355 380 432 443 630 631 640 683 853 1238 1246 1373 
55 65 157 237 364 451 843 1204 1243 1274 1307 1369 1411 1431 
15 109 133 162 523 688 703 841 967 1022 1455 
56 529 623 796 893 955 993 1052 1279 1396 
39 205 408 497 946 948 1041 1187 1315 1350 1361 1472 
6 82 308 383 435 573 579 938 1157 
216 221 699 732 926 1068 1196 1229 1464 
28 158 290 364 440 476 564 824 932 1240 1361 1394 
118 163 321 675 809 1239 1278 1367 1481 
70 297 456 518 700 861 885 929 1248 1274 1295 1409 
69 467 527 732 859 893 939 956 1117 1144 1203 1381 
28 88 306 311 474 695 828 1052 1122 1146 1337 1460 
310 497 525 543 608 652 908 910 1052 1159 1229 1319 
103 171 226 304 487 518 558 677 900 940 942 1202 1225 1276 1332 1409 
330 438 540 555 822 850 1108 1239 1329 1389 1476 
107 310 438 461 1420 1424 
46 83 251 406 436 580 726 742 770 811 973 989 1040 1419 1478 
64 159 206 249 411 530 665 765 803 938 1001 1029 1297 1308 1369 1403 1405 1449 
106 325 349 426 518 531 540 596 605 979 1017 1018 1049 1258 1286 1323 1362 1453 
52 121 195 262 289 617 778 826 865 1061 1111 1371 1450 
81 142 211 625 668 686 724 770 1051 
64 68 154 423 490 630 805 824 913 971 1024 1062 1142 1378 1380 
60 108 130 143 261 461 836 884 943 951 954 984 1190 1244 1343 1367 1438 1462 1469 
182 208 533 555 658 759 829 930 937 998 1086 1157 1311 1325 
35 463 520 594 681 1343 1415 
24 345 418 600 645 684 728 930 1110 1214 1277 1346 1430 
110 370 415 510 823 1260 1339 1443 
164 199 200 435 438 561 642 755 795 1393 
21 50 132 188 456 558 677 790 873 913 938 1111 1359 
26 226 320 606 790 974 991 1428 1435 
123 210 333 531 1043 1203 1412 
233 354 358 431 670 708 958 983 1001 1397 
17 85 120 285 659 717 764 839 956 1031 1177 1183 1231 1352 
3 106 122 281 318 407 442 447 706 967 1037 1191 1246 
87 386 484 545 583 628 1329 
21 125 404 454 539 662 758 825 1140 
151 315 363 411 627 907 929 961 1038 1409 1447 
48 71 230 311 429 434 623 627 641 650 725 793 890 929 943 993 1065 1101 1206 1295 1336 1354 1451 1467 1478 
324 386 758 1194 1231 
150 322 383 585 640 952 1060 1217 1248 1435 
256 262 348 730 1117 1165 1166 1348 
164 276 303 351 507 537 785 819 853 864 
48 227 354 380 707 852 1129 1309 1439 
159 365 441 528 551 566 627 778 847 849 941 1209 1402 1481 
123 434 536 585 764 792 836 898 1002 1013 1015 1074 
178 239 252 387 485 552 601 799 914 1034 1128 1382 1431 
44 159 183 258 292 327 341 498 577 642 743 756 842 858 1093 1151 1194 
245 334 418 505 532 591 595 673 885 
16 181 187 224 279 393 596 635 922 934 1070 1338 1370 1456 
147 233 248 508 528 695 780 1002 1082 1159 1272 1462 
6 114 143 322 368 401 552 602 712 896 1068 1113 1252 1256 1309 1468 1477 
281 580 691 829 942 1107 1151 1358 1370 
32 103 165 416 603 624 751 953 1039 1044 1093 1149 1301 1356 1413 1476 
124 537 573 583 604 649 700 795 852 975 981 1119 1266 1461 1469 
255 331 859 860 953 975 1009 1016 1057 1142 1153 1193 1207 1297 1326 1404 
197 214 511 518 715 739 757 1194 1215 
112 430 620 742 829 930 948 980 1165 1335 
243 304 344 377 428 458 648 681 685 1079 1114 1129 1159 1396 
115 166 175 386 431 505 760 997 
295 479 813 864 870 871 1031 1075 1197 1265 1344 
17 63 85 143 157 253 372 978 1198 1297 1394 1398 1406 
16 348 514 524 541 618 809 916 998 1120 1165 1264 1386 1402 1417 
22 140 226 469 555 578 662 812 1164 
3 242 247 251 257 347 815 943 1112 1256 1269 1286 1307 1373 1375 1397 
302 324 339 343 575 657 730 825 897 936 1062 1078 1169 1182 1192 1226 1381 
340 387 1007 1032 1102 1107 1226 1268 1296 
11 35 82 102 509 606 881 933 1123 1210 1234 
109 372 417 522 560 644 691 731 1047 1153 1168 
29 106 199 417 486 721 955 1113 1133 1139 1229 1399 
78 124 510 1075 1128 1247 1412 
32 63 126 162 316 341 368 540 619 1208 1353 1435 1459 1476 
150 237 316 321 331 349 493 556 606 863 1092 1316 
47 112 433 474 552 785 1169 1275 1296 1357 1414 1459 
129 138 324 539 803 882 946 1169 1274 
175 333 409 496 527 635 912 928 984 1087 1300 1392 1459 
41 297 785 808 811 1085 1115 1229 1302 1411 
119 143 204 212 221 272 329 371 464 727 774 893 937 952 999 1373 
106 136 151 225 281 352 442 537 544 646 877 1004 1076 1170 1172 1244 
153 205 258 293 296 411 473 664 901 929 1077 1129 1368 
278 798 1059 1064 1067 1121 1142 1225 1392 1422 
4 702 865 1103 1167 1300 
226 319 366 721 878 887 892 910 934 1396 
44 173 405 567 589 730 843 1081 1170 1387 1434 
21 184 432 658 710 713 797 830 1083 1102 1140 1355 1389 1416 
94 292 406 550 698 877 1087 1174 1332 
463 531 733 982 1440 
162 236 380 420 441 450 469 484 544 792 854 912 1451 
55 174 228 261 289 617 649 983 995 996 1271 1356 1464 
156 165 180 223 393 544 566 835 862 895 960 1060 1192 1272 1329 
113 175 234 286 315 350 445 544 649 707 719 834 960 984 1098 1126 1157 1362 1433 
147 215 467 578 658 692 808 827 937 1137 1302 1395 
93 243 298 391 419 771 843 899 945 992 1116 1134 1151 1402 
45 81 457 541 619 663 672 771 888 917 1162 1207 1467 
71 80 138 444 548 551 563 1080 1141 1219 1294 1353 1364 1370 1451 1469 1472 
217 290 468 530 573 873 879 
34 56 193 199 301 312 468 500 620 691 695 830 1075 1378 1404 
146 528 766 767 852 862 935 986 1170 1179 1219 
24 156 164 198 200 459 596 648 920 1027 1132 1200 1260 1263 
64 158 180 329 386 533 569 627 823 829 1039 1148 1385 
73 103 160 169 256 324 481 514 597 622 751 1016 1099 1265 1352 1397 
35 58 260 261 299 358 467 492 587 629 844 909 1093 1101 1204 1318 1321 1329 
286 464 901 1098 1115 1171 
39 63 74 232 283 327 357 366 382 469 486 656 782 830 997 
28 102 292 620 694 718 904 1121 1450 
132 216 633 1034 1044 1214 
69 146 167 252 263 358 500 724 863 896 956 1056 1183 1271 1336 1412 1438 
68 301 331 385 820 826 955 1317 1361 1427 
3 36 109 130 377 608 777 858 966 986 1125 1225 1382 1459 1481 
165 252 609 1009 1048 1291 1341 1354 1416 
129 311 314 330 796 903 1012 1230 1243 1423 1440 
26 203 278 286 328 390 716 747 750 1160 1195 1285 
109 522 557 655 659 932 1276 1402 1481 
105 168 291 371 492 1265 1299 
46 246 385 400 507 532 961 1226 1257 1324 1344 1421 1468 
33 181 190 262 373 475 601 604 1401 
53 186 282 443 452 537 565 703 704 827 897 905 916 1271 1276 1342 1354 
185 215 331 542 856 935 954 1076 1169 1207 1329 1338 1361 
46 222 268 465 490 719 761 1293 1465 
133 140 166 331 427 634 712 848 851 997 1059 1082 1201 1281 
151 203 246 508 599 845 865 973 994 1248 1463 
153 344 520 652 702 728 898 963 1089 1097 1165 1170 
126 165 197 230 379 438 562 678 784 1325 1370 1461 1478 
119 165 258 544 602 758 928 1056 1143 1401 
82 240 328 394 669 754 824 959 996 1037 1083 1290 1452 1466 
247 287 334 437 597 720 847 1057 1078 1285 1345 
59 130 262 325 618 619 637 946 1014 1133 1415 1464 
351 352 404 410 548 615 873 914 988 1053 1070 1086 
63 184 212 480 481 522 581 644 854 912 919 993 1043 1061 1213 1377 
140 146 341 692 748 864 954 965 988 1348 1352 
239 317 984 1132 1165 1323 1360 1367 1438 1470 
174 202 248 261 307 331 361 415 696 855 1006 1077 1196 1277 1445 1455 
39 159 210 293 489 520 580 913 1020 1069 1155 1279 
167 193 299 420 825 958 1151 1167 
158 291 298 401 750 765 833 904 933 975 1082 1190 1382 
115 401 626 683 736 
926 1027 1084 1116 1221 1222 1396 
126 143 210 346 353 367 538 555 575 691 750 859 1039 1086 1241 1267 1280 1357 
206 222 231 315 520 543 585 737 986 1001 1365 
47 258 320 412 443 589 590 602 672 734 850 893 1041 1277 
33 83 266 496 929 952 1066 1396 
475 570 738 869 883 1062 1159 1315 1354 1422 1438 
58 503 535 635 897 1014 1089 1204 1282 1375 1429 
12 94 110 223 243 400 467 608 620 884 1167 
16 61 430 570 595 1060 1192 1226 1239 1351 
47 82 273 286 306 332 418 716 891 912 973 1050 1103 1340 
608 609 668 673 781 831 887 1036 1144 1171 1267 
636 644 875 1131 1207 1313 
112 168 211 366 422 518 556 689 845 847 971 1078 1155 1232 1313 1376 
135 269 280 453 539 701 773 832 1159 1406 
20 86 499 682 696 798 998 1260 1276 1371 1380 1449 
286 710 739 807 1343 
135 312 606 646 694 781 887 930 1007 1097 1153 1271 
61 116 234 274 342 343 449 537 765 790 936 953 1266 1375 1430 
133 585 686 984 1428 1437 
64 224 278 351 549 698 726 731 773 881 903 959 1038 1117 1245 1289 
36 319 523 566 608 657 758 770 777 1153 1187 1193 1253 
28 35 452 820 851 1189 1362 1467 
82 133 823 1053 
36 465 509 650 808 874 897 1353 
33 204 349 391 423 570 764 850 995 1013 1068 1284 1377 
7 204 253 312 517 618 653 763 1217 1324 
33 335 365 650 697 719 1184 1235 1322 
299 322 510 642 891 936 1047 1118 1154 1299 1328 1345 1363 1402 
343 484 856 969 1009 1057 1154 1321 1360 1457 
10 198 199 222 268 335 358 707 863 1173 1297 1335 1359 1476 
19 120 341 447 662 867 951 1077 1197 1259 
201 245 279 677 870 910 921 1339 1434 1443 1454 
191 211 356 428 474 567 577 721 884 918 1024 1049 1272 1326 
20 34 55 174 518 676 757 766 1011 1137 1426 1464 
313 314 531 542 602 657 775 860 984 1088 1128 1153 1370 
14 255 490 633 794 822 886 1073 1131 1360 1399 1421 
70 73 341 352 382 388 397 427 572 1358 1424 1481 
89 190 467 634 664 718 799 822 902 968 
165 360 366 472 649 793 914 1003 1083 1167 1325 1435 1474 
22 116 153 617 718 870 898 1103 1120 1198 1223 1256 
79 141 237 298 315 371 380 689 813 834 1002 1158 1470 
793 831 942 1060 1257 1464 
122 135 155 342 717 728 771 938 984 1440 
61 253 254 349 640 675 716 890 1020 1052 1124 1187 1453 
100 158 274 423 580 761 802 869 949 994 1064 1293 1436 1447 
318 327 805 1356 
205 216 321 437 460 543 791 838 1150 1227 1279 1302 
184 295 308 313 505 913 1184 1253 1397 
392 395 495 526 721 782 866 867 976 1029 1256 1480 
47 176 390 429 662 685 729 811 990 1117 1205 1281 1304 1331 1401 1406 1470 
68 96 331 534 729 844 1040 1319 
174 194 296 337 369 427 684 1150 1269 
73 327 372 763 771 914 921 997 1240 1409 
7 96 230 336 401 443 576 746 780 839 894 958 963 1117 1241 1468 1482 
122 150 355 475 646 716 734 803 1142 1215 1350 
10 542 694 755 794 961 1028 1084 1195 1287 1347 1361 
51 199 858 1002 1032 1102 1151 1283 1312 1365 1396 1414 1461 
8 304 376 588 840 858 1188 1245 1299 1349 1361 
6 116 157 257 289 629 890 981 1048 1188 
154 311 328 425 567 667 815 854 892 1218 1393 1453 
80 181 196 436 490 522 659 734 841 849 974 1032 1225 1361 
222 258 347 467 570 734 880 942 1018 1326 
21 87 155 204 489 539 1071 1106 1259 1356 
8 436 537 600 703 769 801 938 1069 1131 1169 1204 1327 
66 218 587 595 833 900 969 1065 1237 1239 1313 1354 
106 363 380 555 581 821 924 1033 1143 1189 1319 1449 
3 76 90 102 352 631 983 1117 1362 1459 
20 63 185 208 231 451 752 759 904 914 974 1077 1182 1198 1219 1272 1296 1477 
210 390 535 590 591 596 664 756 944 1398 1433 
87 102 208 450 769 954 1165 1397 
74 563 871 989 999 1297 1317 1326 
14 15 20 21 262 281 298 403 556 670 741 829 1035 1296 1356 1410 
70 307 308 314 363 371 384 389 608 748 957 1282 1294 1420 1452 
190 539 665 815 890 981 1073 1121 
33 194 396 450 559 608 697 817 842 1064 1234 1251 1401 
8 64 91 156 195 304 626 684 722 973 1424 
68 195 209 310 472 551 641 845 1321 1337 1386 
209 459 561 641 756 820 826 1119 1148 1172 1182 1348 1375 1441 1478 
508 525 633 767 1142 1154 1427 
49 124 139 313 424 1079 1164 1362 1371 1409 
119 221 289 712 853 868 883 1246 1421 
170 299 562 568 637 819 837 911 938 1216 
20 230 617 624 652 756 869 1129 1167 1329 1432 
11 165 215 231 391 678 685 751 813 1299 1353 1363 
44 91 223 358 553 863 976 1209 1360 1389 
4 181 195 207 378 413 763 1064 1283 1310 1338 1349 1372 
3 230 247 276 405 725 780 902 928 1358 
119 177 272 450 513 739 790 816 833 947 1081 1117 1270 1341 1371 
35 344 441 456 491 670 719 795 849 1120 1380 
78 136 353 440 614 766 999 1136 
9 27 291 359 407 523 688 874 974 1123 1300 1464 
358 400 427 541 608 641 753 776 963 1049 1274 1482 
589 635 847 896 1000 1214 1395 1406 
33 116 118 434 504 553 611 619 784 829 917 921 931 1023 1031 1090 1117 1315 
20 62 102 238 381 600 778 808 877 1144 1298 1314 1395 
350 363 606 790 1159 1340 1405 
58 75 218 367 404 516 557 570 638 1010 1047 1117 1365 
18 91 154 570 656 711 1078 1200 1225 1309 1482 
85 201 292 392 591 687 1044 1189 1191 1369 
93 300 388 476 478 600 775 1037 1088 1099 1125 1158 1395 1401 1477 
74 93 94 123 134 519 687 756 841 934 1146 1168 1378 1384 
79 101 195 218 300 458 497 513 891 1008 1076 1077 1116 1175 1340 1370 
83 110 440 566 749 761 802 819 934 1283 
72 133 160 278 340 352 402 507 649 696 703 806 857 990 1055 1108 1150 1197 1377 1387 1404 
427 720 801 848 862 877 1044 1250 1355 1402 
49 76 107 207 305 328 399 603 983 1143 1481 
167 172 209 505 508 565 568 736 790 1133 1136 1252 1431 
1 254 325 436 462 488 646 767 903 973 982 1002 1111 1359 1368 1378 
17 19 167 461 842 1046 1117 1120 1126 1285 1297 1298 1328 
53 263 802 1019 1130 
177 369 772 933 972 1055 1393 
1 118 176 431 437 509 513 597 841 862 903 1131 1166 
122 186 277 545 644 723 1091 1185 1322 1434 1472 
455 542 942 974 1010 
393 512 875 1365 
27 37 58 236 345 567 637 1002 1090 1350 
227 297 505 608 681 810 1139 1189 1221 1480 
242 315 366 442 950 1337 1397 1401 1439 
23 206 227 274 374 446 461 469 484 637 749 797 896 976 1009 1147 1194 1358 
200 330 382 421 553 684 711 712 753 814 1041 1267 1427 
185 237 296 376 504 586 698 700 731 826 1010 1012 1119 1186 1219 1287 1305 1362 1364 
16 209 215 252 269 360 903 1092 1232 1344 1352 1447 1464 
144 367 466 509 543 682 786 1098 1134 1187 1335 1427 1453 
95 204 391 438 461 741 808 920 1027 1176 1383 
139 238 320 355 364 663 668 723 756 910 912 960 1081 1223 1231 1249 1276 
52 143 209 481 628 648 771 791 
148 221 364 487 505 623 639 739 827 837 1052 1138 1343 1350 1352 1429 1481 
338 589 613 620 698 751 765 979 1038 1093 1260 1369 1473 
39 45 47 193 524 627 680 692 703 852 873 891 1159 1350 1438 
27 157 224 306 351 455 472 502 509 568 685 977 1289 1372 
80 255 342 448 560 623 625 688 1014 1032 1051 1088 1095 1103 1197 1288 
9 150 237 375 423 473 625 659 718 1144 1146 1422 
201 205 240 460 615 688 726 851 871 923 973 978 1037 1132 1193 1379 1406 
140 202 393 426 515 697 712 738 1030 1088 1183 1227 1460 
85 221 878 1043 1077 1231 1452 
69 110 243 444 492 582 766 989 1109 1199 
245 340 585 679 748 800 1093 1181 1306 1457 
8 311 360 569 897 993 1046 1149 1407 
177 430 449 587 595 679 731 1091 1098 1188 1223 
66 150 494 572 854 
92 280 425 518 544 554 927 958 1139 1150 1177 1202 1214 1393 1478 
147 209 288 326 380 420 555 697 840 1019 1028 1079 1089 1152 1319 1424 
158 287 460 714 751 814 953 1139 1346 1430 
19 76 189 314 388 727 729 827 952 1083 1216 1335 1386 
12 122 135 227 286 314 399 410 529 622 655 697 791 803 879 990 1102 1180 1225 1267 1395 1418 
39 172 206 227 540 594 606 644 663 678 743 781 1088 1204 1379 1461 
40 195 317 451 650 663 685 707 780 1042 1076 1224 1259 1314 1344 1436 
142 244 366 429 481 495 628 882 1388 1432 
67 114 177 341 352 372 379 706 807 863 950 962 989 1062 1100 1173 1264 1351 
29 70 79 82 156 316 486 516 595 798 829 1139 1161 1312 1351 1393 
177 382 492 621 763 764 934 1093 1342 1364 1416 
84 134 180 289 345 440 520 591 711 788 865 1009 1187 
132 235 269 354 552 958 973 1053 1065 1142 1297 1343 1452 
28 29 154 284 367 418 606 612 795 863 901 976 1006 1018 1035 1361 1386 
22 135 222 305 465 646 977 1014 
40 70 318 529 534 803 1037 1105 1358 1388 1392 1452 
210 327 386 443 582 584 782 969 1225 1354 1382 
100 265 367 542 646 677 708 999 1078 1129 1240 1314 
137 149 174 183 258 469 578 579 632 847 1087 1323 1338 1355 1387 1420 
177 199 297 300 417 491 838 874 966 1036 1080 
30 105 175 388 430 543 1095 1145 1230 1239 1332 1350 1405 1476 
135 139 594 696 822 1248 1283 1342 1381 1398 1470 
58 314 413 920 1087 1391 
250 342 353 380 573 691 794 819 885 917 942 962 1064 1219 1243 1259 1325 1329 1400 1417 
43 73 125 492 559 621 704 870 877 900 923 1008 1202 1274 1420 
109 123 189 254 355 506 728 729 808 1060 1102 1298 1420 
8 164 187 214 224 240 419 453 478 569 858 894 928 963 1018 1216 1233 1264 1436 
37 47 63 89 196 200 254 264 339 404 939 964 1127 1133 1177 1272 1317 1351 
200 254 316 422 587 735 942 1173 1192 1211 1265 1279 1307 1458 1464 
326 693 937 1062 1128 1290 1478 1479 
61 85 524 618 731 986 1067 1150 1153 1183 1330 1441 
354 728 868 883 1068 1115 1206 
123 225 278 369 569 760 917 1427 1455 
197 366 445 479 528 598 611 706 762 876 915 1002 1111 1141 1247 1328 1363 
82 413 531 551 552 562 615 697 749 764 804 828 844 852 1128 1146 1165 1303 1377 1443 
38 102 405 497 639 1077 1340 
54 414 449 635 771 782 812 980 1021 1229 1396 
86 129 207 426 1006 1061 1298 
28 57 117 266 280 338 405 801 803 1043 1402 
5 212 271 306 467 691 880 945 958 1004 1061 1085 1098 1286 1296 1298 
7 287 410 450 512 646 859 913 954 1055 1098 1262 1292 1424 
33 97 652 704 1022 1100 1259 1441 
233 241 298 362 424 662 674 766 1059 1114 1283 1430 
11 49 218 488 655 678 712 802 947 1117 1216 1254 1292 1325 1470 
206 543 556 559 574 609 669 794 854 1159 1182 1227 1418 1431 1438 
213 251 345 372 374 428 452 508 630 762 834 1273 1323 1330 1477 
50 56 151 320 404 508 524 762 798 1055 1093 
16 64 108 140 234 332 346 569 733 777 793 862 1074 1092 1140 1243 1347 1383 
210 315 352 368 423 549 643 698 736 824 1135 1213 1302 
91 213 298 308 362 403 433 471 502 751 880 899 967 1251 1317 1465 
13 61 133 208 211 502 515 625 672 902 1046 1069 1095 1138 1311 
36 89 113 183 207 252 454 639 692 706 812 1168 1221 1223 1298 1320 
361 719 724 850 866 917 925 983 1157 1406 1408 
275 302 480 525 848 1202 1403 
34 184 550 752 989 1145 1226 1251 1308 1442 
2 151 191 278 408 426 1118 1149 1298 1353 1411 1432 1461 
35 106 406 593 805 963 987 1014 1039 1044 1055 1113 1126 1146 1158 1248 1357 1470 
137 360 532 740 826 1008 1032 1263 1313 1354 1455 
64 165 198 212 308 322 328 468 556 911 974 1007 1077 1105 1160 1196 1294 1393 1448 
318 452 457 482 729 783 838 928 961 1070 1313 1338 
230 387 462 471 520 643 652 653 906 923 930 1075 1247 1299 
164 499 843 1180 1294 
205 210 338 426 517 562 579 784 930 1015 1053 1062 1217 1239 
145 480 493 719 834 1069 1214 1416 
7 254 362 487 488 567 611 800 816 940 964 1006 1184 1272 1430 
2 63 83 162 199 211 573 619 719 1012 1240 1422 
344 491 729 774 1074 1089 1104 1217 1254 1296 1309 1386 
211 347 429 646 693 1051 1227 1393 
31 199 545 615 693 871 963 976 1029 1053 1394 
34 193 919 951 1098 1416 
506 539 555 589 806 853 1140 1182 1334 1469 1477 
153 167 258 986 1097 1248 
60 197 244 556 572 677 991 1114 1444 
139 206 293 387 481 903 1032 1141 1423 
158 176 258 297 338 523 696 842 1083 1293 1298 
104 159 221 324 366 379 519 529 1333 1456 
254 590 1080 1240 
34 96 214 325 517 535 579 652 772 810 933 1038 1318 1389 1473 
33 165 183 258 506 618 634 865 951 1188 1189 1210 1332 
164 316 517 692 858 1018 1128 1294 
22 60 184 189 383 417 943 1041 1082 1262 1314 1323 1335 1460 
293 321 374 522 707 734 903 1196 1212 1238 1240 1251 1329 1394 
194 269 655 740 866 870 940 1007 1023 1131 1166 
153 875 1131 1206 1213 1376 1398 1428 
261 452 476 506 509 581 650 720 779 1061 1230 1275 1305 1327 1334 1401 
123 126 881 963 1274 1319 1326 
37 213 255 457 461 644 648 820 969 1082 1163 1325 
10 108 520 531 585 625 708 798 909 942 965 1059 1311 
71 322 521 629 711 829 937 1027 1082 1220 1229 1345 1453 
36 69 106 113 211 258 400 503 518 521 602 727 773 811 1006 1063 1179 1480 
202 456 533 691 860 1065 1093 1095 1137 1189 1281 1386 1399 1406 1452 1473 
299 447 604 679 813 929 1030 1090 1235 1244 1297 1401 
106 199 255 294 297 436 956 1094 1470 
367 519 540 559 608 705 802 944 988 1088 1279 1458 
138 219 235 293 447 479 727 779 908 914 1006 1087 1469 
304 307 319 360 464 646 1190 1272 1274 1418 1461 1480 
121 227 263 429 563 918 947 1000 1169 1252 1436 1475 
52 75 202 266 329 401 497 520 527 600 742 837 906 1099 1157 1319 1325 1450 
4 530 541 551 658 783 868 1125 1142 1156 1365 1409 
12 19 57 177 180 250 263 357 617 619 693 842 901 
348 614 819 1091 1202 1274 1339 1410 1458 
160 226 239 315 471 499 519 695 940 1017 1110 1338 1360 1369 
399 666 678 686 687 853 936 1078 1154 1264 1404 1410 
34 413 515 801 832 962 1012 1018 1089 1178 1247 1372 
104 335 359 401 467 1285 1298 1388 
32 55 122 170 206 217 322 560 913 920 990 996 1006 1133 1139 1237 1278 1394 
335 444 591 780 797 1100 1105 1241 1247 1452 
155 240 363 497 729 799 838 1144 1320 1345 
144 575 1069 1126 1136 1236 1255 1467 
3 53 69 344 382 445 509 537 558 754 793 992 1037 1064 1122 1322 
17 51 358 448 589 714 763 818 851 975 1085 1352 
2 28 68 96 131 372 438 694 802 987 989 1034 1275 1453 
199 219 233 668 696 739 815 958 979 1012 1157 1418 1427 1453 
1039 1094 1103 1140 1236 1293 1408 1420 1475 
60 194 237 307 544 628 754 854 884 895 973 1059 1092 1219 1481 
123 318 344 712 874 962 1040 1075 1243 1256 1272 
234 814 1468 
245 305 378 391 428 466 468 646 754 980 1130 1137 1214 1252 1363 1405 
3 82 114 139 232 304 557 681 725 834 981 1254 1384 
28 45 434 452 485 534 537 618 806 873 1000 1013 1058 1152 1264 1349 1429 1431 1442 
65 84 107 282 376 433 492 559 723 801 1009 1300 1325 
187 437 485 642 872 1110 1144 1197 1272 1308 1370 1425 
217 369 407 538 1078 1081 1141 1239 1250 1305 
176 260 376 845 883 1119 1210 1279 1462 
123 332 364 423 491 589 599 719 997 1016 1081 1313 
265 341 374 411 494 553 577 598 651 657 664 734 744 770 1010 1065 1107 1147 1237 1247 1338 1440 1469 
27 57 345 752 791 911 956 1226 
79 85 121 183 213 221 487 576 753 805 840 877 911 944 985 1008 1108 1427 1444 
336 462 597 739 799 822 907 967 1052 1072 1357 
85 317 331 334 373 397 467 732 889 951 1086 1195 1338 1380 1433 
102 109 234 393 424 511 548 664 665 669 768 969 1026 1097 1187 1402 1408 
281 304 617 658 757 897 934 1072 1074 1341 1401 
102 214 256 345 520 724 793 808 1030 1036 1038 1209 1304 
284 758 798 848 953 1024 1203 1267 1453 
4 53 343 466 810 865 1176 1385 
21 70 105 374 597 632 648 750 989 1060 1222 1289 
12 273 360 435 445 556 698 801 811 1079 
74 148 216 267 298 343 594 749 759 968 972 1044 1174 1310 
92 123 465 844 909 940 943 955 1043 1129 1169 
60 166 238 255 437 444 493 496 662 795 816 951 1016 1053 1221 1326 1365 1432 
198 449 521 903 925 1041 1148 1367 1440 
31 52 248 249 288 300 361 437 457 536 922 948 1050 1375 1452 
47 94 218 293 746 931 997 1064 1130 1200 1317 
18 266 296 721 727 775 937 946 960 996 1040 1369 1409 1430 1433 1443 
118 305 376 493 593 1042 1063 1098 1099 1193 1269 1438 
71 123 387 453 462 639 940 970 1000 1040 1144 1285 1302 1404 1464 
47 136 292 314 348 409 443 546 1213 1236 
78 109 198 308 335 795 826 1021 1080 1250 1287 1317 1345 
33 60 126 499 764 776 932 948 989 990 1019 1094 1193 1197 1289 1361 1405 
68 100 132 364 520 774 909 1047 1094 1241 1246 
68 90 165 219 497 560 575 958 991 1056 1161 1166 1195 1259 1301 1318 
166 171 445 475 712 775 1103 1222 
77 189 210 270 634 658 740 758 866 954 975 1190 
62 179 224 391 494 556 755 819 849 940 1063 1101 1137 1284 
37 170 566 626 1016 1183 1207 
201 227 234 275 296 406 624 965 1008 1056 1241 1243 1283 1331 1450 
618 872 1334 
16 384 726 740 1075 
32 98 174 689 913 1077 1202 1241 1259 1288 1349 1377 1382 1454 
310 323 945 1160 1178 1193 1274 1295 1310 1367 
63 64 102 395 451 700 1051 1071 1121 1196 1349 
157 304 401 694 703 917 983 1281 1303 
70 81 94 186 576 586 602 665 738 1192 1210 1225 1234 1347 1381 1428 
127 159 161 166 342 343 454 611 725 743 1006 1370 1395 1440 1475 
44 238 274 530 550 732 992 1022 1257 1351 1444 
90 528 553 588 609 665 750 776 981 1373 
67 253 287 315 355 365 370 501 557 653 766 810 911 1180 1328 1364 1422 1445 1452 1461 
6 95 260 452 511 522 528 685 715 829 859 863 876 897 903 906 918 993 1163 1253 1354 1426 1429 
837 1005 1120 1184 
581 582 662 728 887 930 1073 1415 1457 
68 124 194 573 617 736 849 898 918 1118 1143 1186 1210 1290 
107 134 225 287 412 414 464 570 754 778 883 1110 1180 1220 
79 100 256 390 463 476 607 686 1059 1179 1325 1388 
98 741 900 1133 1186 1453 
85 612 853 1231 1324 
277 344 515 517 591 782 909 1048 1169 1301 1355 
115 193 221 399 481 611 764 918 1006 1058 1250 1327 1478 
287 977 1131 
201 720 744 844 979 984 1029 1237 1248 1258 1310 1441 1452 
131 145 269 541 562 717 732 753 892 967 1088 1242 1334 
104 142 167 168 434 625 919 1067 1092 1322 1346 
29 70 177 181 238 369 527 541 592 607 821 845 873 921 1032 1033 1127 1176 1465 
28 172 182 493 498 541 564 628 772 804 942 1238 1250 
10 427 486 501 614 743 800 916 977 1055 1123 
61 113 346 350 447 513 766 932 1243 1265 
66 100 202 238 322 356 542 665 998 1400 
82 124 262 467 899 916 1058 
190 245 437 471 523 635 765 843 1040 1067 1103 1152 1335 
303 396 549 936 1000 1311 1471 
77 616 671 743 926 950 952 959 1055 1147 1161 1227 1294 1364 
11 96 246 455 618 646 710 758 997 1020 1063 1323 1350 
38 79 238 244 273 353 396 405 556 768 983 1023 1072 1305 1467 
59 324 456 463 476 581 597 696 729 754 864 888 962 1048 1200 1257 1268 1314 
76 121 272 487 797 875 915 1120 1202 1277 1287 1310 1441 
292 363 508 552 685 820 904 941 1057 1071 1095 
14 110 139 155 201 385 404 633 970 1004 1165 
69 147 149 227 348 578 686 910 941 984 1006 1270 1322 1398 
49 217 229 373 443 522 547 928 1075 1139 1272 1423 1430 1434 
200 208 226 271 333 416 448 491 514 773 887 1090 1179 1219 
147 244 461 613 727 947 1005 1242 1371 1373 
205 253 283 394 477 856 861 913 950 980 1241 1266 1460 
243 412 526 553 721 726 766 807 866 1234 1435 1462 
77 106 426 439 531 642 667 951 1069 1137 1272 1326 1358 
358 620 729 742 826 830 844 980 1436 1471 
23 117 226 341 442 837 838 888 1052 1182 1281 1310 1344 1444 
147 167 250 281 312 462 806 822 1179 1313 1419 
191 208 324 334 393 609 611 622 1048 
156 324 337 342 399 611 680 698 764 1002 1047 1062 1305 1342 
70 197 280 394 438 547 670 850 909 1006 1234 1328 1421 
74 201 210 332 348 444 560 687 724 732 815 823 905 938 994 1176 1415 
142 455 785 1008 1109 1280 1419 
401 959 1100 1139 1312 1414 1454 1466 
19 126 203 296 553 582 594 650 767 1456 
118 138 215 318 666 1036 1117 1213 1299 1356 
43 70 79 158 162 281 452 737 889 1471 1482 
105 209 277 465 611 715 731 736 795 804 879 984 1145 
25 213 239 256 715 921 1032 1100 1431 1475 
20 377 623 755 807 817 848 892 1210 1374 
136 158 196 257 260 742 910 1001 1424 1455 1466 1475 
103 526 558 739 747 748 791 873 1046 1088 1125 1270 
40 41 87 163 268 438 458 752 757 771 795 1360 1367 1443 
170 184 220 235 282 513 592 776 820 1178 
46 77 106 323 369 442 461 491 517 530 752 887 1268 1400 1413 
435 486 595 839 958 978 1223 1402 1427 
18 137 279 454 545 658 759 1087 1405 1414 
1 210 330 911 1213 1249 
409 450 611 933 1084 1131 1159 1360 
21 296 301 385 592 707 950 977 1275 1472 
107 137 200 231 291 353 361 663 1053 1109 1171 1208 1230 1321 1412 
27 365 449 771 1039 1122 1148 1155 1390 1441 1448 
51 254 403 404 405 552 553 674 954 1011 1116 1121 1276 1321 1445 
21 185 265 267 361 446 469 569 946 1313 
76 186 220 353 393 525 739 877 887 994 1020 1154 1284 1310 
58 321 330 378 567 707 780 943 980 1104 1436 
267 538 550 836 857 1014 1118 1233 1245 
134 344 372 392 510 922 1336 1387 
252 281 930 1120 1123 1267 1341 
90 96 255 611 668 679 830 853 932 961 1080 1404 1474 
28 211 212 279 379 442 867 868 948 1028 1233 
105 150 213 216 287 383 831 875 908 926 1028 1040 1361 
136 140 211 484 498 567 592 697 808 1045 1102 1200 1423 
24 65 307 609 708 908 1208 1244 1348 
19 30 227 262 363 468 560 567 739 763 818 978 1112 
220 236 239 389 511 729 830 942 1094 1098 1109 1214 1228 1233 1336 1378 
32 158 462 510 713 721 730 928 
99 125 411 503 512 785 865 1079 1100 1462 
22 135 399 440 525 621 681 805 1008 1031 1110 1200 1316 1427 1471 
437 565 576 655 670 734 840 913 940 1071 1098 
39 222 229 258 342 370 735 849 877 1282 
55 449 533 596 645 650 674 945 1201 1277 1371 1423 1462 
48 182 210 650 772 907 1092 1142 1190 1196 1298 1304 1380 
91 104 138 212 307 531 793 1199 1218 1300 1320 1346 
51 104 109 496 498 604 647 661 688 950 974 1003 1050 1108 1143 1214 1313 1428 
31 111 128 211 327 375 685 705 1083 1339 
22 27 71 97 123 158 178 261 383 676 775 816 873 955 1220 1225 1266 1299 
669 672 859 1223 1387 1391 1398 1421 
5 132 271 326 338 341 396 468 554 712 981 1033 1225 1331 1332 1352 
216 436 446 729 767 791 821 1104 1305 1472 
126 211 537 538 588 745 1178 1191 1213 1294 1327 1371 
8 87 329 367 483 536 546 621 718 894 1082 1239 1304 
266 513 605 607 741 1028 1073 1112 1120 1167 1386 1480 
1 48 125 259 405 978 1393 1473 
118 135 597 601 662 1031 1249 1321 
29 194 402 405 509 606 636 674 802 998 1033 1096 1163 1175 1208 1270 1387 
19 23 94 263 559 700 779 902 950 1013 1067 1193 1202 1457 
27 47 128 173 267 406 408 492 589 670 730 864 1402 
14 75 112 137 169 220 354 891 953 976 993 1275 1316 1415 
6 68 82 413 465 496 501 714 835 1012 1016 1331 
357 543 869 1201 1340 
222 471 611 768 771 877 930 973 1064 1148 1229 
611 1038 1121 1204 1301 1372 
234 288 581 637 647 810 926 1001 1089 1332 
23 129 418 434 494 631 666 810 1085 1101 1376 
50 72 233 253 471 508 849 934 948 1001 1173 1205 1337 1480 
137 956 
49 216 524 688 754 782 870 907 954 966 1112 1204 1206 1323 1480 
250 739 740 788 818 1004 1076 1343 1387 
4 120 137 480 623 636 856 943 994 1017 1139 1264 1422 
131 458 1193 1277 1460 
537 681 687 743 750 986 1038 1219 1385 1391 
99 142 247 299 321 501 599 637 784 970 1034 1178 1255 1262 1379 1396 
180 270 303 442 470 506 654 707 713 934 944 1124 1300 1317 1467 
19 79 219 325 360 368 406 465 561 822 931 1298 
33 310 347 417 568 976 1184 1188 1193 1336 1338 1430 
483 741 884 1112 1151 1158 1245 
318 416 498 557 836 1041 1251 1267 1394 1406 1417 1446 
12 104 143 293 381 427 435 482 532 629 668 1058 1063 1096 
27 151 161 319 874 1055 1075 1128 1249 
65 675 1031 1132 1251 1316 
95 122 157 337 347 384 491 535 566 683 689 818 874 970 1012 1072 1209 1283 
143 215 377 385 531 553 611 682 862 967 1015 1026 1031 1268 
307 811 863 1056 1099 1105 1108 1150 1417 1438 
62 65 279 373 470 524 1129 1149 1293 1411 
245 310 377 432 601 649 676 784 973 997 1065 1105 1134 1315 
208 521 606 697 752 1041 1191 1271 1331 1381 1389 
53 65 89 165 175 250 430 829 867 1184 1234 1308 1332 1366 1378 1397 
296 675 708 890 1099 1270 1321 1329 
15 21 122 199 400 577 589 744 983 1010 1053 1056 1075 1286 1298 1370 
102 152 537 545 616 663 684 714 794 971 1006 1021 1128 1475 
304 344 934 1175 1212 1237 1269 1284 1349 1449 1468 
2 107 244 437 443 447 651 914 1072 1097 1126 1132 1360 
211 336 884 999 1004 1031 1235 1238 1327 1415 1451 
231 246 433 442 601 664 725 916 1046 1067 
27 174 215 424 497 665 830 857 1117 1360 1372 1408 1424 
92 178 187 217 328 471 481 502 993 1016 1068 
144 157 185 1058 1230 1303 
20 78 217 288 491 535 587 725 738 849 858 1065 1285 1345 1363 1435 
239 498 503 541 592 788 851 1114 1142 1316 1321 1438 1461 1463 
17 126 645 693 1128 1305 1370 
178 191 434 463 840 872 956 973 991 1100 1108 1271 1375 1378 1423 1454 1467 
659 701 772 824 937 1388 1400 1422 1451 
66 68 159 273 337 366 457 598 1316 1367 1416 1470 
210 275 343 423 520 657 659 990 1030 1230 
24 572 772 1007 1321 
168 178 228 375 520 647 736 958 976 1052 1069 1227 1284 1396 1461 
46 246 258 734 774 787 978 1134 1295 1439 
95 203 620 728 827 1150 1204 1317 1379 1451 1467 
134 288 377 579 635 811 820 929 954 1083 1186 1235 
194 234 352 422 477 546 740 1142 1172 1240 1282 1339 
442 446 640 738 861 1094 1249 1405 
104 221 229 236 361 496 507 536 561 589 897 1146 1169 1213 1246 1464 
68 72 446 646 762 780 790 826 1244 1259 1345 1462 
338 535 724 763 842 877 977 1014 1045 1065 1071 1147 1152 1356 1423 1462 1470 
37 49 173 286 347 467 995 1478 
175 247 254 270 286 376 385 528 676 684 748 901 974 1035 1045 1050 1109 1342 1433 
35 61 114 330 502 504 505 539 665 747 1034 1061 1177 1216 1287 
43 168 350 659 688 786 790 824 934 1180 1476 
110 197 231 700 805 813 1143 1199 1228 1303 1304 1439 
179 253 420 460 568 683 1055 
131 146 352 493 526 678 806 856 978 1043 1073 1308 1338 1362 
328 348 585 811 1160 1311 1330 
82 134 157 216 219 334 403 793 859 1040 1111 1154 1326 1455 
62 209 529 563 597 653 816 882 1198 1268 1295 1296 1385 1467 
45 109 142 227 471 502 522 572 866 895 912 971 992 1105 1239 1298 
3 192 217 317 473 834 1103 1182 1249 1264 1289 1294 1321 1390 1418 
9 16 399 524 785 799 918 1054 1095 1256 1353 1458 
8 65 190 347 445 586 587 693 738 989 1247 1308 1432 
116 301 369 604 865 930 1097 1143 1275 1330 1405 1475 
3 66 114 131 339 465 940 1108 1314 1374 1460 
62 139 204 215 258 292 383 532 634 829 939 1085 1098 1284 
70 122 354 454 466 650 798 979 1120 1353 1375 
5 48 291 296 480 783 1468 
45 276 990 993 1316 1318 1370 1440 
278 446 508 792 854 1024 1063 1242 1432 
151 235 283 401 409 768 882 1008 1011 1029 1139 1208 1284 
74 605 684 712 1109 1265 1282 1453 
15 500 740 747 877 881 989 1016 1282 1313 1345 1374 1411 
155 186 324 394 612 692 729 735 839 880 918 962 1041 1333 1371 1437 1443 1462 
8 227 277 330 341 644 904 918 975 987 989 1001 1005 1024 1054 1200 1232 1247 1283 1342 1378 
377 572 599 787 837 867 893 1010 1163 1204 1352 1355 1474 
12 33 49 176 190 341 394 412 615 749 755 900 1070 1201 1231 1334 1405 1455 
47 68 230 234 294 305 414 597 727 1100 1125 1220 1329 
368 400 417 425 434 437 606 625 750 765 856 998 1095 1320 
264 387 452 548 605 634 672 984 1111 1255 1277 
655 673 859 1082 1200 1209 1277 1407 
288 360 504 614 930 1034 1072 1141 1157 1207 1258 1453 1466 
249 255 290 349 946 
229 258 676 738 978 1388 1390 
55 169 211 257 379 411 490 521 572 692 1004 1071 1245 1279 1286 
131 172 185 216 383 717 725 907 1016 
42 49 185 240 330 374 895 1087 1109 1128 1143 1154 1182 1407 1423 
10 192 345 372 698 1000 1037 1138 1280 1436 
91 111 129 364 535 652 866 959 1161 1358 1398 1471 1478 
14 29 98 263 266 317 417 493 523 821 822 874 1007 1009 1074 1155 1181 1202 1296 1318 
95 263 347 419 579 904 956 967 1030 1142 1288 1401 
46 176 232 679 815 903 1243 
25 163 212 258 260 329 330 381 426 451 504 746 1196 1216 1238 1257 1261 1292 1345 1348 1375 1434 1448 
4 271 293 352 501 781 880 977 999 1092 1097 1231 1266 1379 1404 
9 361 486 598 775 1027 1100 1292 1313 1473 
2 59 220 421 580 687 860 875 951 1035 1047 1465 
297 343 473 507 633 1001 1057 1201 1302 1349 1451 
98 285 437 521 618 672 775 838 886 1178 1180 1212 1246 1257 1263 1284 1470 
79 386 505 535 542 836 922 1059 1130 1146 
359 363 400 542 575 590 649 693 804 968 995 1030 1140 1225 
89 283 308 349 581 788 835 1124 1367 
58 147 365 513 542 585 698 796 848 973 993 1036 1047 1070 1122 
43 54 64 139 182 377 379 443 539 729 842 871 880 1035 1089 1152 1281 1477 
99 341 402 436 501 602 873 1034 1126 1208 1251 1373 1417 1457 
51 297 344 403 472 593 837 918 983 1116 1158 1392 1438 1471 
42 373 461 603 632 689 709 763 775 791 892 973 1031 1246 1301 
45 116 153 173 321 391 598 980 995 1280 1287 
187 215 264 276 303 369 392 443 470 475 674 859 1105 1206 1217 1244 
67 88 260 277 439 457 538 688 759 970 1028 1206 1221 1245 1348 
17 104 159 200 393 472 473 523 1025 1297 1431 
60 80 246 637 1020 1034 1106 1129 1300 
195 283 553 555 731 839 932 953 1030 1137 
42 460 500 503 528 599 667 712 780 1185 1193 1233 
112 256 449 539 589 686 886 927 1223 
40 179 286 512 723 791 895 968 1009 1051 1075 1079 1233 1279 
31 229 318 350 656 701 841 1050 1203 1268 
147 236 253 508 625 631 819 905 911 985 1218 
40 91 97 232 303 316 549 661 783 897 1081 1186 1415 1469 
69 111 260 567 617 672 790 960 971 1157 1274 1298 
66 133 356 417 671 697 699 825 936 962 1226 1405 1407 
14 87 231 245 575 734 788 931 956 1154 
8 21 150 264 302 352 478 501 514 799 837 1038 1057 1097 1256 1271 1296 1316 
133 191 231 263 395 700 952 1130 1201 1451 
151 171 207 424 434 597 865 997 1112 1400 
62 107 121 171 253 417 645 715 803 887 1191 1316 1332 
199 511 552 569 867 895 1069 1108 1110 1249 1320 1462 
274 336 513 679 864 925 936 938 970 1140 1361 1416 
141 293 324 340 414 523 529 659 818 958 959 977 1114 1355 1360 1460 
82 88 640 707 774 803 931 936 1060 1206 1299 1364 1404 1471 
22 170 234 247 255 462 547 561 745 768 833 893 1005 1285 1290 
17 24 113 153 327 328 480 485 712 783 790 815 874 966 1007 1117 1413 1461 
80 103 114 172 179 454 475 758 914 968 1125 1299 1351 1472 
21 43 258 292 334 428 466 499 503 727 762 855 872 881 1163 1272 
90 403 406 469 747 811 1006 1078 
198 199 587 601 617 726 846 896 928 965 1152 1312 1380 
416 590 703 839 917 1418 
62 390 533 576 591 804 838 845 894 1051 1170 1176 1250 1253 1351 1410 
19 75 116 364 679 682 781 791 865 867 870 963 1098 1189 1350 
10 41 236 298 405 524 693 764 831 876 889 930 1279 1384 1393 1401 1481 
30 33 204 338 453 837 893 983 1067 1256 1440 
47 126 144 542 647 656 768 930 960 1116 1139 1352 
80 177 601 611 812 866 906 924 1048 1089 1373 1466 
57 217 265 324 505 554 626 1245 1435 
59 82 133 540 683 697 804 1090 1109 1170 1261 1324 
69 239 465 488 565 753 917 1387 
131 362 590 676 692 908 937 1051 1093 
152 232 283 723 726 768 796 844 911 1071 1113 1247 1258 1292 1422 1452 
25 82 123 436 694 824 889 897 1149 1199 1208 1297 
14 83 307 895 939 1053 1220 1253 1430 
8 30 45 216 301 489 675 738 751 1115 1149 1327 1365 
10 1167 1288 1296 1466 
47 111 131 257 264 442 483 610 638 669 738 816 827 887 1091 1259 1290 1316 
72 348 462 515 564 822 1033 1222 
133 175 222 308 398 409 531 802 834 913 984 1108 1402 1443 
174 181 249 283 459 696 770 910 917 1193 1245 1259 1298 
97 117 665 942 955 1230 1266 1317 1443 
47 242 595 696 824 898 1079 1200 1358 1414 
22 75 141 171 192 416 570 657 685 739 971 1112 1244 1435 
13 101 189 199 238 391 405 436 597 720 782 808 966 1108 
12 536 567 933 997 1458 
31 42 176 226 364 427 523 552 668 910 1068 1362 
250 507 538 558 773 1084 1229 1282 
29 63 140 214 221 296 581 736 886 953 963 1016 1040 1210 
247 302 318 502 545 573 602 669 757 913 968 1185 1205 1213 1226 1368 
46 60 143 276 517 552 576 624 957 965 1054 1122 1260 1307 
21 77 88 198 224 353 432 689 758 894 1027 1244 1444 
38 95 396 463 655 1179 1284 1307 1396 
55 171 265 440 640 972 1205 1229 
102 130 271 379 516 749 754 965 1328 1442 
72 180 197 320 406 497 702 869 920 950 959 1008 1017 1211 1362 
4 64 167 352 396 682 735 1018 1031 1055 1235 
357 485 765 902 904 909 954 1113 
378 409 575 646 678 732 756 810 814 866 986 1230 1264 1390 1411 
184 340 401 706 738 774 857 879 927 1245 1399 
9 225 570 735 878 971 1033 1146 1205 1312 
555 743 845 1040 1397 1439 
5 24 117 141 367 446 447 496 973 1135 1172 1260 1347 
152 235 479 517 606 789 797 859 884 909 927 1034 1041 1081 1314 1362 
63 592 718 736 766 786 837 914 988 1080 1173 1215 1377 
102 186 369 426 434 585 626 692 1003 
126 158 217 490 631 656 729 770 913 1052 1095 1187 1317 1352 
98 106 227 315 692 905 970 1067 1098 1174 1269 1287 1300 1343 1435 1463 1473 
184 255 302 317 392 512 735 823 859 902 942 1002 1040 1235 
97 107 136 149 176 202 502 525 947 1304 1310 1343 1417 1478 
269 279 367 493 563 1002 1063 1080 1253 1435 
148 433 445 591 594 684 688 711 862 889 1048 1093 1421 1473 
181 220 881 1050 1052 1360 1422 1458 1477 
162 257 549 593 637 676 750 1005 1242 1296 1396 1452 1472 
53 262 325 390 705 744 780 1178 1481 
130 179 198 212 326 368 391 421 727 1172 1354 
210 451 461 587 617 747 866 1161 1174 1380 1473 
78 113 184 227 267 327 349 376 406 413 479 589 699 800 1119 1159 1216 1251 1341 1443 1450 
41 66 69 154 160 162 225 333 540 665 758 783 960 1013 1019 1261 1350 1449 
160 182 272 323 335 355 443 736 973 1235 1241 1327 1407 
69 156 307 525 954 994 1045 1062 1284 1359 1432 1458 1469 
50 69 493 541 543 671 691 1155 1160 
345 443 483 635 690 882 968 974 975 1063 
53 163 259 413 429 507 788 845 890 1158 1205 1409 1445 
447 754 815 941 1015 1116 1227 1260 1370 1410 
140 143 234 345 630 784 1023 1147 1190 1199 1259 1272 1310 
134 143 148 331 335 690 846 885 951 990 1168 1253 1435 
193 390 443 587 641 1071 
156 311 328 512 634 660 843 1117 
10 127 132 330 355 418 457 466 781 888 929 932 982 1062 1077 1173 1196 1433 1434 
103 131 412 444 668 704 828 1033 1112 1202 
4 320 425 558 816 936 1069 1117 1462 
42 82 115 138 416 503 700 827 952 992 1014 1093 1147 1233 1372 
326 384 490 499 652 676 720 916 994 1069 1166 1333 1435 
108 139 302 434 485 596 628 892 957 1005 1089 1286 1293 1418 
123 259 275 338 419 474 480 764 878 1079 1093 1274 1427 
122 757 841 922 1147 1316 1427 1444 1447 1467 
63 198 409 542 595 601 704 714 745 848 1151 1256 1366 1381 1405 1408 1424 1431 
216 429 556 663 854 956 976 1046 1153 1183 1311 
247 437 512 559 665 828 1297 1440 1460 
141 162 246 345 697 780 804 815 938 994 1094 1241 1257 1328 1465 
187 190 258 268 499 662 717 927 1265 1277 1399 
51 260 278 331 439 760 784 852 1075 1090 1113 1292 1363 1437 1471 
86 182 303 314 382 403 444 452 491 506 523 887 980 991 1128 1143 1179 
18 72 94 241 316 366 409 513 545 1004 1069 1392 
113 208 235 289 600 701 841 984 1093 1170 1297 1377 1379 1415 1447 
225 376 588 590 618 1022 1077 1114 1154 1389 1434 
10 352 411 447 575 581 595 805 1116 1180 1421 
31 108 144 237 305 1235 
146 190 561 593 711 854 931 1434 1443 
173 249 270 297 1008 1179 1316 
130 298 309 466 528 597 622 692 824 875 1249 1416 
157 185 218 275 378 429 473 554 694 778 1047 1105 1415 
128 138 237 356 490 712 761 768 1251 1260 1266 1320 1346 
116 289 304 379 572 798 882 944 962 965 1040 1056 1091 1116 1128 1370 1411 
53 135 350 463 496 509 693 853 869 932 1038 1061 1062 1083 1123 1295 1305 
99 106 402 562 574 597 661 841 1108 1161 1259 
3 239 306 395 398 677 805 982 1007 1168 1281 1300 
340 723 1025 1162 1464 
203 323 496 510 520 838 946 1119 1214 1327 
104 254 603 978 1043 1050 1285 1383 1410 1418 
83 221 392 416 644 745 747 749 782 876 
23 158 438 460 512 521 557 686 943 1030 1150 1228 1288 1351 1437 
118 398 601 605 663 728 796 866 955 1005 1045 1116 1257 1264 1354 
28 277 535 697 724 1073 1151 1195 1199 1271 1272 1297 1349 1429 
100 241 257 291 355 386 428 607 638 794 1257 1405 
81 221 230 505 603 681 762 800 843 851 900 931 978 1095 1270 1456 
68 229 392 422 475 620 792 999 1131 1319 1438 
19 32 66 98 232 366 798 1161 1168 1305 1365 1374 
7 8 9 309 343 417 575 583 712 767 831 1058 1141 1231 1259 1266 1282 1434 
9 32 52 76 224 278 518 557 725 788 863 1066 1249 1291 
521 664 697 728 768 1020 1044 1075 1341 1418 
10 15 19 39 75 218 421 560 804 850 859 971 993 1006 1042 1261 1272 1321 
163 330 429 523 601 618 619 1138 1153 1164 1196 1312 1328 1352 1440 
312 428 478 534 679 768 922 1177 1207 1355 1411 1478 
125 281 498 937 1027 1040 1211 1318 1405 1409 1414 
83 147 155 529 564 848 1187 1299 
131 357 368 645 1046 1063 1113 1166 1168 1248 1287 
62 259 689 727 745 839 970 1276 1478 
38 166 725 877 909 995 1020 1326 1410 
180 349 691 712 796 887 950 979 1126 1273 1312 1407 1472 1476 
330 356 433 459 529 572 979 
116 121 161 373 858 926 1039 1045 1210 1223 1225 
87 133 683 718 782 786 846 915 936 1064 1362 1412 
227 247 336 425 516 863 901 907 1164 
