1415 8021
17 271 283 914 1025 1134 1171 1173 1284 1367 
239 306 375 477 507 528 559 662 869 891 1036 1376 1394 
377 544 568 655 708 944 1051 1239 1274 1359 
205 207 290 421 473 732 741 750 871 907 
211 299 482 500 506 572 596 627 710 726 741 841 903 938 984 1007 1039 1107 1174 1286 1392 
9 454 627 878 905 970 1185 1346 1377 
8 12 370 424 508 984 1027 1083 1301 1321 
7 15 202 279 474 529 593 599 641 779 866 886 1016 1271 1344 
6 57 261 479 823 883 925 940 1065 1176 
190 268 399 416 1082 1149 1225 
179 304 872 986 
7 34 553 627 753 764 829 1000 1110 1267 1341 
242 269 362 510 526 547 583 632 778 782 785 1065 1213 
143 282 342 436 615 754 913 940 1125 1323 
8 45 77 748 769 887 966 
17 91 173 492 670 723 740 865 1093 1142 1204 1314 1333 
1 16 87 290 545 578 915 941 1073 1109 1346 
77 466 502 710 769 777 1209 
28 141 222 227 413 428 593 725 726 760 853 
538 562 618 853 950 1084 1225 1279 
270 339 449 476 513 562 726 788 995 1074 1307 1410 1413 
265 332 572 659 1242 
384 427 453 478 615 715 732 764 786 1062 1176 1177 1273 1364 
90 348 709 834 1018 1038 1205 1287 1409 
114 139 151 309 530 648 682 742 926 970 1055 1150 1183 1386 1402 
421 600 638 725 811 813 838 1346 
454 526 529 597 664 827 878 1113 1173 1283 1299 1333 
19 113 118 136 152 222 229 297 360 869 1160 1191 1343 
74 102 129 640 666 766 797 926 1056 1064 1229 1409 1413 
49 90 114 231 243 458 563 632 825 913 994 1078 1127 1400 
82 593 644 726 760 807 983 
109 186 214 423 448 588 751 879 921 946 1023 1025 1096 1164 
135 295 423 462 477 532 939 978 1144 1188 1310 1360 
12 132 153 273 422 507 732 791 858 991 1027 1053 1151 1233 1300 1301 
65 132 192 392 645 687 1151 1290 1412 1413 
99 577 799 1372 
171 281 435 591 781 853 1001 1038 1204 1395 1409 
44 462 690 712 834 843 1270 1286 1386 
344 446 880 982 1140 1231 1354 1398 
116 188 333 379 418 529 571 604 896 1039 1170 1224 1283 
241 297 516 574 1033 1147 1289 
309 434 500 823 918 988 1004 1013 1022 1293 
60 452 454 614 634 652 657 683 691 1043 1080 1294 1300 
38 74 160 557 587 663 666 675 699 767 834 887 1202 1227 1269 
15 180 257 297 352 368 430 498 662 753 790 973 1027 1058 1167 
304 389 415 423 497 610 659 708 716 722 910 1194 1284 
108 201 407 557 604 687 922 
262 291 327 389 512 782 874 914 1098 1143 1207 1320 
30 211 394 397 516 559 866 997 1090 1195 1286 1289 1335 1406 
177 462 547 566 570 645 720 755 830 912 1173 1290 1302 
99 556 631 725 971 995 
75 83 106 131 133 317 478 554 633 722 835 962 1014 1129 
58 364 370 419 537 598 605 711 759 819 886 1019 1313 
190 384 711 725 753 908 1076 1108 1256 1354 
171 250 498 555 809 939 983 1124 1150 1171 1306 
211 389 398 408 1226 1327 
9 94 151 205 362 366 421 490 614 795 1003 1026 1285 
53 76 721 902 930 1109 1244 
250 306 518 718 757 1110 1232 1345 1407 
43 74 120 257 318 833 963 1016 1139 1154 1230 1393 
664 735 1012 1107 1397 
165 374 404 406 444 590 701 761 1024 1112 1175 1204 
124 154 215 342 527 637 648 651 1134 1247 
65 224 298 384 480 977 1040 1061 1094 1098 1250 1353 1384 
35 64 531 600 1111 1150 1203 
223 252 596 707 759 794 821 837 909 
450 645 651 748 928 1090 1116 
70 120 121 170 340 776 808 921 988 1150 1171 1257 1291 1302 
223 263 338 340 568 614 763 868 884 1082 1238 1369 
68 334 389 413 459 877 1129 1133 1208 1342 
124 339 443 561 607 650 701 737 1002 1043 
236 580 637 1223 
132 263 274 332 583 749 856 1053 1085 1130 1281 
29 44 60 177 198 416 442 492 754 894 999 1018 1342 
52 107 111 160 174 225 279 291 556 605 708 712 717 1089 1233 1313 1349 1355 
58 201 218 241 244 323 333 340 423 649 653 805 1149 1263 1376 
15 18 84 134 299 380 506 646 725 797 911 972 1133 1169 1297 
83 157 309 381 473 529 547 680 819 855 924 960 1046 1082 1200 1213 1347 1382 
89 495 547 632 839 952 1003 1012 1087 1157 1378 
169 190 686 695 916 927 1113 1148 1189 1199 1305 
138 164 260 271 345 359 396 514 516 640 645 691 734 898 1135 1279 1296 1373 1378 
31 210 378 981 1107 1208 1218 1349 
52 78 293 359 380 654 658 735 908 1141 1213 1222 
77 211 588 681 842 993 1034 1103 1164 1323 1329 1368 1375 1383 
517 715 966 1063 1171 1375 
242 325 731 793 903 1238 1292 1298 
17 146 389 486 642 909 1114 1170 1333 1362 
140 248 375 525 527 652 690 755 767 813 1392 
79 205 430 734 758 869 1077 
24 30 206 264 344 407 432 438 460 867 1188 1197 1250 1313 
16 388 397 558 559 740 742 776 1194 1281 
347 443 521 647 742 754 820 913 1332 
106 109 133 219 230 267 414 467 669 747 788 789 
57 212 218 310 325 505 613 621 643 706 771 820 1004 1180 1238 
260 448 472 592 821 864 887 944 1081 1184 1375 
263 283 393 517 529 530 750 802 808 1017 1224 1293 
158 170 185 251 312 385 504 526 538 671 697 709 729 744 757 806 808 972 1159 1174 1337 
146 238 430 487 626 757 890 967 984 1027 1107 1109 1225 1287 1350 
36 51 128 189 217 325 1136 1206 1318 1414 
183 245 303 306 310 424 539 690 899 945 977 996 1124 1192 1263 1303 
109 207 215 455 502 512 674 724 836 990 1172 1371 
29 500 840 988 
147 238 315 325 571 809 901 1408 
217 373 494 977 1078 1316 1342 
216 394 410 673 678 803 840 899 1223 1225 1236 
52 93 228 417 735 1007 1049 1097 1130 1142 1374 1406 
75 604 715 823 1175 1364 1388 1413 
47 115 229 442 502 713 748 891 1032 1089 1319 1327 1406 
32 93 101 308 408 507 522 791 1136 1270 1380 
125 406 567 661 745 939 948 950 973 1177 
75 315 318 388 449 521 596 668 994 1054 1056 1115 1242 
128 291 583 618 642 666 870 990 1068 1153 
28 252 302 390 426 483 643 662 1125 1176 1357 1379 
25 30 245 307 390 403 582 662 728 886 898 912 1033 1042 1150 1211 1396 
108 328 354 685 727 872 878 1059 1208 1253 1263 1287 1295 1318 
40 336 397 484 645 682 864 897 900 1164 
142 244 349 430 458 459 523 538 582 652 798 881 935 1046 1147 1165 1183 1211 1303 1311 
28 187 266 440 683 1147 1192 
125 199 215 373 642 728 789 1106 1201 1243 1245 1281 1349 
60 68 135 280 298 351 410 561 566 597 708 762 1036 1174 1358 
68 152 173 174 188 263 544 963 1092 1126 1265 1307 1414 
184 196 295 304 340 386 643 699 739 840 878 1016 1251 
143 608 627 677 820 888 988 1016 1032 1057 
63 71 278 474 590 632 758 783 927 1005 1050 1171 1236 1324 
110 119 252 283 296 443 455 589 828 1084 1141 1154 1211 1248 1329 
343 388 462 858 880 1004 1011 1175 1287 1300 1406 
181 247 325 385 688 925 987 1024 1142 1227 1325 1328 1402 
99 112 483 519 688 730 896 1050 1327 1344 
29 207 519 576 625 674 774 829 867 926 1018 1159 1197 1323 
462 629 888 1085 1127 1134 1358 
52 171 245 318 319 427 447 540 709 781 929 999 1022 1141 1145 1211 1226 
34 35 73 277 310 362 440 578 617 642 699 761 969 1010 1221 1304 1311 1375 
52 93 152 358 589 714 786 892 937 1268 1270 1351 1364 1393 1414 
77 468 498 528 549 556 642 659 931 959 966 1034 1190 1346 
33 120 1027 1036 1175 1285 1314 1376 
28 278 329 378 523 586 701 750 824 1034 1089 1300 1352 
260 575 747 987 1020 1025 1141 1165 1232 1263 1278 1350 1386 
81 388 450 625 653 764 1033 1172 1320 1341 
25 196 221 238 300 306 537 597 690 768 1114 1142 
88 304 441 498 537 561 624 765 
19 434 443 513 646 771 795 982 1088 1284 
117 374 494 953 957 1395 
14 123 341 614 865 915 1001 1174 
218 286 291 371 528 638 786 845 888 951 1026 1193 1252 
388 476 927 1032 1049 1122 1281 
87 98 183 344 354 386 400 428 457 725 797 804 829 830 836 1057 1175 1196 
103 391 914 941 959 1061 1245 1272 1328 1349 
549 581 651 754 859 1128 1162 1295 
419 474 554 649 1071 1108 
212 387 622 863 1178 1233 
25 57 167 194 295 331 400 517 528 626 891 1054 1193 
28 121 133 260 471 591 714 781 790 903 1092 1175 
34 210 321 398 551 741 756 977 1059 1147 1372 1391 1414 
63 211 422 713 787 946 961 1034 1037 1067 1209 1283 1347 
171 217 231 417 646 706 800 825 850 864 943 990 1297 1411 
163 173 275 289 317 353 361 392 427 766 814 846 997 1088 1188 1330 1333 1375 
78 174 240 291 351 568 677 708 813 866 1105 
97 413 700 768 858 909 934 945 985 989 1274 
320 408 522 608 684 716 772 789 875 887 1010 1170 1371 
44 75 516 545 670 703 707 816 903 907 1014 1229 1299 1352 
345 370 402 503 535 606 696 779 863 910 1015 1413 
289 443 543 549 689 719 739 869 
156 393 1346 
81 312 316 317 368 417 437 509 548 925 937 979 1098 1122 1390 
62 502 659 824 838 866 900 975 1242 1413 
343 422 478 771 966 1046 1167 1206 1272 1274 1283 1302 1338 
151 282 854 919 963 1005 1223 1251 
218 365 377 479 696 846 1126 1176 1352 1354 
80 315 411 511 530 572 762 810 1017 1044 1122 1312 
68 97 188 656 691 701 816 919 1044 1045 1266 1340 
37 55 131 155 277 523 566 582 725 1003 1070 1161 1167 1286 1359 
259 283 302 1032 1045 1216 1344 
16 121 156 364 538 585 670 821 823 853 1038 1064 1144 1307 1315 
75 121 157 575 629 731 754 882 909 970 1286 1305 1307 
600 770 892 978 1056 1111 1175 1197 
349 355 804 936 944 1338 
50 74 253 654 760 868 936 941 1062 
608 611 624 685 719 995 1098 1125 1126 1160 1308 1327 
11 187 217 423 452 1007 1173 1344 
45 203 381 423 647 667 706 807 1055 1190 
127 238 256 382 384 458 497 762 769 805 891 959 1188 1224 1327 
190 289 457 767 785 946 1098 1293 
100 146 196 388 523 679 830 933 1024 1116 1129 1173 1231 1237 1258 
122 253 414 553 656 799 914 966 1007 1045 1222 1245 1271 1282 1336 1407 
97 285 481 681 750 850 1138 1172 1238 
32 500 525 1067 1089 1145 1284 1333 1359 1391 
118 179 269 358 446 626 844 1040 1050 1201 1239 1367 
40 121 170 226 259 394 1309 1386 
99 238 266 421 493 544 882 1027 1235 1278 1396 
10 54 80 182 240 332 419 482 540 562 713 751 769 820 938 953 986 1063 1324 
259 371 400 575 709 733 764 773 840 868 1078 1359 1408 
35 307 340 529 563 570 587 759 790 825 966 1026 1253 
240 290 464 531 758 972 1127 1193 
151 319 508 693 695 777 949 977 1022 1229 1284 
288 299 378 459 597 651 868 897 956 1218 
122 139 183 223 282 289 324 362 398 417 941 1044 1206 1406 
310 349 654 1006 1110 1289 1399 
74 208 228 479 609 648 815 961 1217 1252 
119 310 544 591 597 644 709 748 885 1139 1196 1307 1343 
254 384 430 576 619 789 1084 1101 1137 1292 1321 
47 76 210 410 524 560 579 750 1155 
8 403 637 763 884 942 1167 
180 221 236 255 438 483 667 695 849 868 1000 1244 1363 
261 264 281 476 556 754 912 1018 1165 1284 
4 57 89 637 736 878 952 1032 1116 1122 1189 
90 209 267 658 676 685 768 861 1086 1295 
4 101 129 240 252 343 497 951 1022 1135 1235 1326 
198 449 627 797 874 1220 
206 259 469 548 550 584 725 731 767 791 959 991 1073 1098 1270 1322 
82 153 201 620 797 803 806 1131 1270 
5 49 56 84 154 332 357 388 453 543 688 692 755 767 1231 1259 1333 1391 
94 150 512 544 659 727 1143 1155 1223 1303 1310 1342 1391 
304 422 512 515 523 629 900 943 1005 1023 1375 
32 221 309 478 613 633 675 772 834 852 890 983 1130 1200 1260 1269 
63 101 119 319 520 650 665 1058 1195 1219 1342 1405 
105 240 275 372 470 686 709 785 812 999 1230 1266 1284 1324 
99 104 155 179 333 541 667 759 760 851 971 1059 1118 1151 
76 94 144 168 311 316 435 442 599 649 769 1160 1249 1261 1264 1334 
93 367 834 1036 1131 1289 1320 
628 695 708 879 927 976 1204 1263 1363 
139 203 214 288 298 543 592 795 821 878 1059 1070 1167 1342 
19 28 410 568 638 752 1182 
66 69 196 225 388 474 807 989 1159 
64 245 254 276 340 404 425 602 634 900 1084 1097 1105 1214 1328 
75 223 270 364 672 876 910 1163 1191 1367 1382 
188 284 342 403 671 745 855 856 888 1347 1412 
19 412 553 743 848 935 1039 
106 198 239 312 317 503 705 786 799 878 958 1000 1017 1030 1047 1057 1388 
28 108 348 404 406 1185 1266 1380 
93 429 871 1160 1229 1234 1402 1404 
30 155 438 521 779 860 1144 1152 1260 
537 579 608 740 767 811 1011 1150 1322 1325 
553 599 737 787 833 836 865 934 1099 1144 1175 1285 1314 
436 492 626 781 920 976 1073 1195 1279 1284 
352 545 550 588 601 714 766 827 1154 1161 1349 1405 
72 203 405 493 605 779 910 960 1032 1112 1121 1253 1287 
261 591 660 676 741 867 1083 
98 103 139 181 189 338 359 733 802 832 1090 1258 
2 228 624 850 930 1219 1260 
157 190 193 207 216 274 373 374 388 711 715 866 867 956 1092 1107 1340 1360 
41 76 373 530 633 866 939 1110 1169 1207 
13 86 283 376 644 712 870 1032 1053 1359 
30 527 566 608 625 783 918 1358 1363 
76 117 370 383 464 625 735 1101 1147 1348 1359 
100 114 131 224 682 739 919 1301 1315 
428 467 512 736 757 818 862 969 991 1249 1281 1297 1380 1405 
127 387 507 751 763 828 1390 
88 299 390 455 516 812 880 1018 1035 1074 1082 
317 517 574 588 669 704 832 1063 1287 1353 
55 59 367 481 608 757 939 975 980 1034 1185 1331 1354 
97 275 324 327 377 422 445 485 495 665 701 811 888 891 1167 1299 
66 113 125 207 287 320 389 663 728 1027 1057 1061 1106 1381 
177 184 290 678 751 900 1024 1352 
200 224 412 433 621 736 845 922 966 973 1141 1307 1385 
203 290 306 520 530 746 838 918 1018 1086 1222 1329 
181 294 298 447 452 506 535 649 855 1181 
45 60 430 466 561 619 726 813 921 1399 
386 450 520 624 925 993 1228 1324 1386 
172 188 191 209 388 473 550 704 718 898 901 969 1239 1242 
81 95 137 152 386 403 433 504 535 593 639 655 811 1008 1096 1286 1301 
9 204 237 375 481 486 593 594 615 764 812 934 1015 1090 1272 1340 
48 326 332 522 656 673 770 888 1059 1359 
69 73 96 121 502 558 593 720 794 1072 1178 1202 1205 
90 204 287 578 754 944 1074 1156 1189 1213 1375 
22 362 400 463 531 709 1150 1210 1285 1304 
118 189 314 358 908 1233 
93 206 337 450 497 629 746 773 804 954 1053 1118 1146 1236 1288 
10 324 376 414 505 660 671 739 796 961 982 1096 
13 187 427 537 639 890 958 1399 
21 225 290 457 663 1014 1017 1338 
1 81 284 533 765 828 1024 1103 1110 1137 1174 1239 1364 
322 364 650 838 864 920 925 972 1041 1062 1155 1312 
34 336 606 686 790 914 934 945 1107 1260 1301 
73 240 563 607 616 659 666 777 798 989 1145 1179 1314 1319 
156 216 251 318 367 401 406 431 515 532 933 1077 1097 
224 358 384 440 508 511 622 638 697 1034 1304 1335 1373 
132 171 574 673 775 936 969 1024 1051 1161 1256 1280 
124 136 409 510 518 582 658 703 808 969 995 1005 1219 1252 1256 
8 75 675 793 834 839 1111 1204 
120 294 509 609 626 1085 1137 1414 
37 204 352 403 556 601 928 965 992 1119 1137 1324 
14 167 196 654 664 757 797 1007 1033 1257 1309 1343 
1 96 125 172 242 287 365 394 546 735 900 1197 1213 1321 1412 
226 271 532 751 1017 1221 
185 314 827 1003 1077 1091 1373 1387 
144 389 472 704 735 743 775 878 
252 264 283 319 320 568 645 890 1113 1128 1379 
195 221 512 554 614 668 796 866 913 1171 
156 162 182 196 305 401 493 630 693 893 985 1087 1110 1192 1350 
4 17 193 253 255 270 337 547 656 658 661 683 830 868 948 975 1121 1170 
48 75 112 144 157 559 936 1124 1187 1194 
327 434 444 513 640 
83 440 745 773 848 854 902 1381 
256 280 441 519 594 604 622 756 833 835 865 1000 1009 1138 1224 
33 122 151 354 436 562 632 638 702 789 930 965 1020 1031 1206 1335 1366 
125 408 446 571 634 697 817 824 886 1019 1170 1365 1402 1411 
28 41 45 326 511 536 653 725 731 761 1041 1196 1204 1224 1226 
64 120 221 256 594 636 1045 1062 1234 1307 
5 77 195 248 344 345 436 593 598 609 622 935 
139 308 411 469 482 814 856 1188 1305 1338 
945 953 1098 1148 1231 1292 1342 
113 172 510 516 706 799 891 1082 1096 1117 1127 1184 1230 1236 1318 1325 1398 
100 402 475 533 597 644 660 897 977 987 1321 1401 
11 46 122 140 213 369 489 500 727 748 910 917 943 
289 338 501 505 526 765 1005 1118 1136 
2 59 100 139 255 436 441 497 727 857 943 1056 1111 1173 1289 1385 
114 192 316 355 465 531 582 600 857 917 929 1069 1358 1406 
109 300 364 636 871 945 959 962 1375 
25 42 78 214 402 761 870 900 1056 1233 1367 
94 100 132 197 199 415 425 663 770 952 955 1049 1100 1167 1377 
218 338 445 757 844 909 997 1057 1077 1248 1296 1401 
97 164 228 368 566 621 828 834 1128 1387 
535 993 1008 1038 1043 1090 1408 
266 285 476 552 699 721 763 832 1157 1254 1341 1390 
103 111 169 453 504 511 542 594 596 651 765 984 1212 1260 1368 1369 1379 
164 218 307 377 416 429 499 589 636 675 743 803 1054 1188 1200 1201 1388 
52 156 164 228 249 372 408 486 504 591 743 891 1028 1144 1229 1233 1252 1261 1338 
60 111 131 275 500 702 720 735 841 930 1025 1072 1096 1285 
131 194 215 287 430 534 542 1296 
159 252 287 324 332 631 727 868 967 984 1095 1228 1240 1256 1290 1329 1372 
153 411 508 660 686 954 995 1175 1190 1288 1290 
272 374 474 803 830 1048 1090 1153 
76 620 766 956 984 1115 1128 1179 1376 
196 251 268 320 481 567 596 663 700 890 1290 1313 1353 
86 94 99 103 127 441 741 752 811 816 945 1065 1180 1306 1309 1351 
262 297 541 638 764 770 
48 251 292 358 521 524 564 722 874 1054 1087 1109 1168 1170 1206 1211 1324 1367 1382 
115 433 528 542 639 1060 1141 1162 1178 1356 
136 488 645 654 661 829 919 921 1007 1045 1218 1300 
341 507 532 1159 
151 378 482 644 664 692 755 800 823 959 994 1128 1414 
22 73 190 211 262 320 411 484 579 817 888 1056 1202 1216 1302 
40 76 217 419 451 507 607 847 897 1055 1058 1412 
70 506 596 623 805 879 883 951 1006 1134 
507 599 660 747 931 1092 1107 1161 1299 1389 
116 273 407 708 1120 
267 290 626 815 864 1078 1165 1320 1338 
69 238 305 311 363 369 641 648 672 830 835 952 1174 1331 
21 71 345 454 458 679 914 996 1127 1129 1257 1259 1321 1338 1409 
68 69 76 122 192 224 605 663 683 963 997 1083 1084 1403 
143 330 406 638 659 760 933 1034 1195 1239 1392 
14 63 226 374 379 462 495 517 551 906 957 1013 1082 1100 1123 1318 
126 166 207 561 630 666 931 1242 
39 90 146 299 507 516 539 615 1141 1385 
81 161 299 339 664 706 938 1068 1183 
447 459 514 674 704 791 883 915 960 1106 1146 1152 1219 1282 1393 
92 376 391 524 657 746 847 934 1096 
24 229 689 864 1120 1314 
117 176 197 351 693 984 1020 1214 1272 1339 
595 887 917 1155 1229 
120 157 349 654 698 710 841 866 1011 1037 1060 1124 1153 1195 1397 
45 235 281 542 573 589 713 752 790 932 975 1025 1252 1408 
156 632 973 1003 1037 1047 1096 1179 1256 1364 
115 146 295 408 526 536 566 595 612 673 826 909 1054 1260 1354 
176 307 393 461 649 690 870 1061 1151 1166 1176 1314 1349 
746 1061 1068 1109 1164 1173 1260 1312 1334 
211 723 785 1067 1402 
133 187 266 276 327 576 658 881 890 916 1006 1153 1319 1330 1339 
81 83 238 441 793 1038 1131 1310 
28 507 564 804 915 939 993 1256 1264 1397 
156 364 514 556 620 665 814 938 1257 1266 
13 57 132 196 265 522 580 791 1295 1392 
338 609 681 871 1010 1156 1390 
53 173 225 272 308 361 371 494 580 688 770 778 780 794 850 975 
168 283 429 532 548 575 576 825 861 1402 
57 473 571 664 806 828 991 1126 1203 
219 250 275 620 961 1050 1115 1259 1311 1345 1407 
45 164 312 490 676 847 908 910 936 
304 338 402 457 475 778 913 1318 
7 53 161 244 371 408 649 1295 
144 191 364 370 434 983 1272 1401 
216 317 395 514 614 733 833 1087 1186 
104 119 240 241 580 641 724 783 830 1103 1237 1268 1360 
62 142 240 322 342 667 675 743 864 1151 
2 88 261 432 600 715 802 1070 1098 1163 
242 268 347 412 514 667 1102 1365 
3 168 251 316 512 564 604 645 681 1054 1318 
82 136 195 331 397 419 438 478 691 704 716 721 748 824 935 1042 1223 1252 1283 
40 342 553 608 641 881 1018 1142 1159 1241 
77 83 1086 1162 1275 
78 180 532 538 571 595 935 946 1026 1091 1149 
181 564 574 739 757 766 905 983 1168 1178 1373 
244 396 659 725 882 1064 1139 1218 1306 1307 
23 54 64 181 200 276 395 420 614 813 
97 127 559 766 1024 1331 1412 
122 146 258 260 548 586 726 1048 1156 1287 1312 1356 1384 
150 247 493 541 551 879 909 1046 1047 1155 1223 1409 
91 111 126 138 145 183 211 223 240 259 555 565 603 836 842 867 900 1025 1104 1253 1374 1409 
46 48 56 70 87 252 286 475 567 582 734 790 1087 1123 1272 
113 114 248 504 612 931 953 968 1078 1101 1117 1241 1247 1341 1396 
147 347 592 675 992 997 1084 1085 1139 1370 
35 156 454 575 602 650 704 871 1231 1307 
96 163 355 645 1056 1100 1129 1245 
49 105 188 283 998 1008 1009 1275 1336 
372 384 466 506 718 728 923 944 1001 1094 1143 1174 1278 
81 383 467 638 740 1115 1144 1159 1363 
49 91 116 378 439 440 574 831 848 868 994 1102 
56 153 196 446 496 497 503 620 809 813 961 981 1301 1358 
10 500 977 
146 151 191 265 407 458 616 736 853 1115 
275 289 685 773 794 825 913 934 1048 1145 1393 
161 303 309 369 465 466 579 957 1042 1333 
114 202 226 260 281 444 522 627 1037 1328 1329 
62 224 229 505 511 747 902 926 988 1107 1203 1253 1323 1350 
236 726 789 1016 1154 1181 1202 
62 110 229 275 341 611 822 832 1210 1266 1307 
47 90 336 400 598 641 843 875 930 946 1295 
56 109 159 296 317 354 370 464 1087 1172 1354 
278 414 551 554 729 770 1153 1342 1359 
105 120 201 222 569 707 804 815 1119 1313 
169 300 321 332 634 824 912 977 
227 254 376 491 633 762 841 1066 1178 1213 1249 
19 70 158 435 472 527 925 931 1091 1110 1220 1279 
93 184 268 409 828 829 834 840 848 893 967 1193 1257 
46 310 673 912 1199 1359 1368 
10 74 316 442 455 499 504 520 605 720 1077 1187 1199 1272 1286 
106 155 164 196 611 624 784 799 841 1150 1175 1214 1401 
40 631 680 856 927 937 1131 1281 1314 
53 149 190 333 378 463 504 613 692 749 824 889 950 1052 1240 1412 
384 737 903 1042 1234 
4 26 57 189 463 989 1082 1190 1259 1314 1336 1414 
34 154 166 213 251 432 893 901 943 1117 1193 
32 33 46 76 179 180 456 644 755 820 834 944 1213 1245 
7 100 505 655 1054 1112 1220 1315 
224 310 478 880 919 1318 1413 
113 709 767 838 992 
23 131 156 269 802 817 831 894 973 1017 1067 1118 
19 146 246 606 938 1119 1202 
230 316 365 517 538 608 732 795 948 1036 1046 1158 1161 1307 1407 
45 89 98 117 200 257 319 554 759 833 937 1184 1231 
275 447 540 578 824 986 1097 1178 1282 
90 375 422 532 566 1022 1083 1116 1126 1241 1403 
254 260 328 502 556 633 645 662 809 887 949 1025 1301 
42 141 292 371 720 893 1074 1304 
37 218 413 635 739 775 874 903 905 1049 1158 1170 1248 1398 1409 
14 234 295 299 306 466 518 554 561 592 610 744 934 1048 1114 1131 1143 1200 1316 
164 586 653 657 786 806 916 1015 1115 1131 1266 
90 203 231 378 512 606 696 1122 1212 1239 1386 
397 446 457 467 508 579 609 912 1346 1353 
118 132 276 293 397 470 479 595 648 735 738 832 897 1196 1207 1249 1335 1406 
140 294 306 325 359 710 725 793 1213 1387 
74 108 218 416 490 538 541 576 623 902 1058 1103 1124 1163 1248 1375 
71 92 125 141 162 508 593 677 739 952 968 1157 1178 1279 1391 
62 292 403 474 551 571 776 966 1046 
251 311 460 659 688 718 721 863 881 1126 1134 1336 
39 187 296 398 439 451 1018 1174 
131 256 346 431 542 574 625 1208 1349 
32 95 587 689 903 939 944 1088 1238 1259 1306 1401 
21 111 208 553 662 731 812 1121 1185 
67 138 258 267 532 647 713 741 784 861 983 1152 1184 1219 1327 1345 1387 
333 446 522 779 856 887 1035 1137 1138 
43 179 256 523 725 893 998 1152 1261 1271 1370 
23 211 315 477 584 705 846 938 1017 1133 1217 
6 27 43 339 392 773 1129 1172 
101 125 248 416 522 555 561 723 734 804 885 1043 
423 471 490 729 759 891 956 958 1002 1170 1369 1402 
146 182 270 369 439 464 506 762 890 1072 1090 1104 
30 117 181 339 400 460 934 1104 1113 1204 1250 1276 
70 117 195 346 511 517 554 557 931 1313 
90 445 458 812 1047 1296 
355 736 1184 1217 1310 
33 38 50 126 130 342 547 589 1031 1081 
265 419 421 573 702 822 830 832 1008 1277 1315 
193 244 408 457 709 730 821 919 994 1022 1036 1046 1052 1063 1255 1308 1411 
307 402 621 661 681 759 821 1016 1137 1209 1267 1303 1304 1370 
18 257 395 402 436 618 757 768 936 1314 
93 246 396 439 1145 1277 1285 1343 1397 
134 574 924 979 1125 1214 1338 
209 300 597 627 724 860 864 1229 1230 1363 
216 440 659 767 895 899 918 1103 1163 1364 1401 
152 456 558 692 911 957 1040 1091 1203 1259 1268 1329 1382 
95 286 413 604 963 965 994 1093 1315 
4 78 259 366 477 539 551 978 982 1063 1229 1284 
8 124 149 223 322 444 488 616 768 799 812 862 863 958 966 1063 1160 1273 
303 369 389 503 701 703 735 740 760 914 1097 1108 1156 1184 
21 145 204 314 675 780 1062 1101 1135 1148 1299 
2 33 453 473 486 869 929 1158 1179 1289 1310 1397 
23 52 166 214 378 425 561 940 993 1008 1074 1114 1128 1219 1245 1270 
9 168 198 440 501 603 870 1171 1188 1195 1226 
64 594 650 1004 1022 1043 1357 
185 250 261 324 558 752 868 949 1347 1369 
5 190 300 331 601 732 854 891 975 1126 1359 
113 128 203 498 502 524 634 687 1005 1047 1114 
116 332 644 649 772 914 985 1289 
251 760 897 1031 1165 1206 1302 
87 261 317 477 730 896 959 1051 1080 
98 812 959 1281 1284 1338 
329 474 513 697 764 819 989 1131 1405 
304 494 495 589 1013 1099 1154 1199 1213 1237 1260 1356 1412 
57 368 442 456 553 715 839 1046 1266 
412 777 866 980 1083 1269 1384 
16 74 234 573 594 670 768 1083 1256 1294 
189 236 289 387 501 546 837 956 974 1249 1394 
104 142 364 489 522 638 827 845 938 985 1009 1137 
79 251 342 489 506 631 713 774 777 979 1154 1183 1385 
398 646 811 820 953 1002 1057 1317 
46 181 207 267 306 398 536 742 826 873 954 980 999 1088 1119 1139 1309 
45 55 134 140 483 764 939 1146 1185 1239 1368 
316 416 513 591 598 608 654 763 776 1021 1103 1156 1197 1254 1263 1272 1311 
5 42 102 186 304 318 399 523 805 822 889 1120 1203 1229 1236 1333 
305 479 493 537 631 692 744 759 764 782 792 1067 1281 
18 101 108 165 263 433 483 620 667 686 730 804 954 1114 1170 1328 
161 228 398 475 525 792 871 890 896 1056 1058 1148 
97 260 315 317 390 416 419 566 657 935 
94 268 305 404 424 1158 1209 1258 
5 77 256 334 395 457 495 610 706 900 952 1039 1084 1166 1201 1294 1372 
2 34 109 247 330 333 335 344 360 509 600 702 721 877 888 1077 1195 1271 
7 194 276 321 439 443 762 771 855 859 938 1079 1124 1173 1289 1371 
164 280 507 547 630 844 1198 
13 278 302 692 852 990 1016 1161 1215 1324 
169 276 297 315 404 459 583 635 792 812 881 893 1010 1025 1161 1182 
48 101 212 213 246 288 377 438 561 581 650 770 809 1117 1195 1311 1360 1408 
21 141 292 488 499 779 812 973 1009 1067 1256 1367 1412 
81 346 361 372 376 591 746 895 
213 275 543 554 616 677 795 834 926 1066 1190 1252 
41 49 81 160 248 302 344 625 841 889 929 983 1076 1195 1230 1271 1337 1412 
85 96 151 249 342 429 459 873 908 948 1116 1291 1400 
59 278 436 553 624 752 783 944 1151 1205 1323 1337 
128 129 294 842 926 984 1001 1016 1064 1128 1377 1403 
215 255 258 416 523 646 763 843 898 919 934 964 1077 1320 1345 
92 111 231 327 584 616 768 868 988 1024 1270 1354 
109 159 262 362 403 451 455 494 574 609 613 618 708 764 787 811 1125 1173 1181 1349 1396 
117 136 171 183 213 452 500 520 846 933 1208 1224 1251 1282 
201 327 347 483 572 597 775 804 946 1000 1007 1223 1306 1312 1338 
88 186 503 640 787 845 851 857 860 894 956 1154 1268 
13 27 97 305 354 1209 1233 
63 88 243 413 641 679 884 918 932 1107 1110 1150 1186 1240 1385 
2 134 144 151 328 1020 1063 1277 1363 1411 
8 27 40 78 96 192 728 852 983 990 1053 1138 1240 1283 1296 1352 1415 
25 96 169 241 255 668 720 760 771 1199 1246 1322 1340 
65 193 265 307 629 750 1262 
33 275 284 330 365 381 432 450 591 605 651 689 736 947 997 1015 1095 1101 1110 1250 1310 1349 
271 303 814 835 913 1067 1231 1325 
319 541 562 688 791 914 1002 1052 1121 1172 1177 
161 256 260 313 555 556 591 616 733 1068 1140 1230 1281 1348 
297 354 497 719 825 1024 1216 1289 
53 139 140 232 269 501 547 744 916 977 1085 1394 
20 97 117 173 381 429 442 542 564 761 926 953 1024 1225 
100 344 473 547 781 787 929 998 1018 1153 1196 1342 1360 
131 190 431 753 1056 1134 1138 
217 326 387 442 534 815 1051 1300 1346 1403 
315 319 328 352 447 538 658 834 956 1167 1301 1326 
162 211 221 515 573 694 909 1025 1160 
3 121 189 199 212 574 731 901 1007 1034 1048 1119 1159 1232 
17 160 235 553 784 833 1083 1091 1123 1265 1327 1394 
283 493 567 813 1026 1110 1117 1294 1386 
13 50 78 79 290 462 509 537 539 616 760 1068 1138 1365 
164 209 365 386 602 642 730 887 945 1069 1231 1315 1376 1397 
134 148 162 640 751 1067 1090 1207 1325 
209 235 259 779 955 970 1070 1226 1236 
153 342 387 409 444 473 599 700 806 853 949 1208 1228 1303 
314 581 588 743 806 891 919 1139 1220 
12 184 227 233 379 449 490 518 545 681 697 847 1003 1040 1187 1197 1388 
52 149 288 409 430 436 459 515 745 990 1179 1267 
55 388 455 535 569 614 664 715 983 1176 1332 1348 
51 75 134 204 281 361 433 535 964 1067 1180 1331 
44 47 459 616 827 878 964 1006 1365 1408 
91 263 471 481 687 711 804 938 1038 1232 1262 1283 
2 49 91 291 385 730 801 819 985 1097 1124 1304 1331 
201 630 748 755 942 1000 1018 1059 
71 120 140 257 343 436 455 478 512 653 657 706 717 1189 1313 1373 
20 21 190 295 534 715 
30 192 274 618 1077 1256 
327 360 377 382 538 1041 1154 
388 645 929 1168 
50 120 171 243 312 354 432 504 733 1282 
110 324 389 546 591 638 741 789 819 989 1300 
3 69 157 222 287 664 723 744 761 1049 1343 1380 
410 555 893 900 989 1123 1270 1303 
50 192 683 698 756 1287 1341 
40 103 296 366 381 444 985 1176 1251 1300 
5 22 169 524 599 734 838 913 
352 463 492 543 596 798 835 1004 1112 1163 1259 1267 1299 1333 
41 249 277 382 397 447 468 522 544 594 606 702 883 899 911 1066 1212 1225 1276 
137 174 191 365 392 689 819 1163 1196 1225 1325 1338 1339 1404 
129 200 358 365 442 1012 1077 1152 
36 674 885 888 925 1009 1019 1043 1105 1400 
17 132 264 431 846 995 1060 1249 
201 232 332 402 439 612 767 1173 
72 362 364 373 767 900 943 952 1048 1083 1148 1193 1290 1413 
148 512 552 1029 1114 1196 
114 117 171 278 307 389 586 653 682 718 813 821 835 843 854 1291 1393 
13 73 112 511 600 611 618 643 885 919 995 1006 1257 
209 453 521 689 754 846 992 1130 1210 
173 767 814 832 1250 1324 1326 
136 386 437 582 645 816 875 992 1000 
44 192 448 619 863 1053 1103 1120 1131 1302 1387 
32 84 235 249 552 629 645 841 853 1020 1131 1144 1213 1228 
125 133 316 352 462 489 620 702 1280 
62 124 637 680 799 880 945 999 1118 1283 1286 1346 1397 1398 
37 152 199 237 317 499 514 532 535 567 635 675 717 885 1132 1275 1287 
95 221 391 436 635 701 730 750 898 962 1142 1197 1301 1307 
8 19 31 260 261 263 299 443 766 850 895 
261 294 298 315 480 492 574 678 881 915 927 1119 1157 1172 1234 
350 354 381 440 726 991 1144 1290 1344 
5 66 111 315 324 334 573 638 685 717 863 987 1030 1041 1093 1210 1382 
27 120 139 195 199 303 469 524 672 1082 1084 
53 299 407 499 1062 1086 1107 1238 
8 218 233 335 551 572 610 625 642 825 862 1000 1020 1051 1141 1145 1200 1394 
26 65 175 307 375 507 583 719 793 854 875 885 1009 1152 1153 1160 1235 
235 281 482 1005 1032 1146 1217 1282 1334 1354 1400 1402 
224 392 548 701 733 1044 1147 1369 
388 479 618 647 674 705 903 911 1066 1067 1244 1250 1361 1378 
40 47 107 294 377 472 705 804 807 1093 1143 1342 1348 
53 75 236 340 416 532 753 966 994 1034 1256 
161 273 428 438 574 674 944 1067 1068 1096 
71 274 333 617 1056 1070 1211 
123 159 178 232 243 250 379 429 499 678 862 917 946 1088 1216 
198 280 299 363 439 522 1275 
46 436 506 599 698 718 852 859 884 1071 1345 1376 
178 406 417 583 614 627 640 790 1023 1084 1191 1310 
354 390 579 672 812 959 1034 1101 1214 1375 
94 214 419 522 654 732 891 999 1082 1211 1256 1348 1353 1356 
43 57 69 143 288 372 384 555 611 630 744 873 963 1105 1312 1336 1346 
14 23 261 344 655 845 954 
274 400 474 515 521 535 547 557 677 751 792 1207 1321 
132 607 620 656 725 754 1075 1403 
20 112 466 522 563 583 603 988 
200 257 587 624 736 787 820 959 1332 1392 1404 
210 323 361 367 398 502 589 617 937 1155 1251 1326 
94 254 312 465 624 713 748 786 1004 1297 1368 1385 
150 276 294 299 738 788 798 800 829 838 906 922 997 1002 1015 1133 1169 1235 1289 1325 
334 442 757 926 1048 1094 1318 
140 178 239 258 417 518 619 621 753 1108 1262 1265 1366 1369 1413 
129 138 243 244 447 516 599 660 757 842 1193 1237 1238 1367 1384 
98 151 187 234 280 337 631 691 703 766 909 948 979 1093 1200 1320 
5 6 12 123 208 403 469 611 1003 1132 
220 741 985 1053 1275 
130 174 213 267 531 588 959 1093 1155 
289 343 509 560 614 909 1103 1133 1150 1325 
51 320 418 495 501 626 761 899 1057 1183 1221 1325 
13 30 79 124 295 353 666 806 859 947 948 1027 1337 
52 214 241 412 433 646 1098 1186 
43 224 296 411 483 723 875 884 1002 
435 511 591 592 689 769 790 857 896 942 1281 
298 308 316 745 803 806 897 945 949 1132 1304 1321 1368 
63 72 202 205 590 645 818 821 1089 1282 1300 1316 1372 
26 144 222 276 295 326 341 396 494 567 596 639 712 830 1066 1297 1406 
260 269 328 638 1029 1067 1071 1074 1079 
29 81 292 525 549 611 673 705 756 829 955 1101 1190 1266 
8 338 373 379 407 527 674 691 918 1169 1245 1328 
87 112 119 132 134 548 599 659 782 971 988 1083 1162 1177 1254 1256 
94 113 122 583 695 731 763 824 1130 1183 1234 
31 199 242 303 331 423 484 910 1244 
35 50 67 81 116 287 329 377 393 433 565 586 588 637 661 
77 141 155 496 520 633 740 914 
92 180 450 603 655 743 786 1044 1049 1098 1334 
25 63 198 338 440 761 824 1074 1162 1188 1277 1402 
76 149 218 256 355 370 484 654 1061 1131 1154 1281 1298 1350 1402 
71 215 272 392 480 512 690 708 786 1049 1189 1380 
63 67 148 195 315 532 660 759 985 993 1294 1366 
43 88 117 735 946 1141 1210 1252 1368 
76 138 297 437 561 582 688 784 867 988 1010 1127 1203 1358 1386 
83 177 197 282 329 351 499 613 649 1085 1132 1259 1399 
3 260 424 615 647 688 732 734 753 1059 1072 1127 1332 1401 
170 184 262 290 617 699 849 885 903 1013 1060 1181 1241 
43 347 437 504 561 675 710 756 770 1079 1177 1233 
83 206 278 290 358 542 727 768 776 921 996 1027 1238 
22 46 134 165 212 274 341 383 445 470 642 674 1092 1147 
237 268 303 321 335 625 651 695 715 870 875 896 913 950 987 999 
110 290 329 465 645 773 870 931 963 1078 1180 
2 45 113 114 433 449 715 818 924 978 990 993 1085 1220 1267 1340 
44 252 270 310 324 340 1011 1035 1069 1109 1163 1226 1273 1329 1414 
27 61 282 331 345 366 555 568 673 942 1067 1080 1151 
215 251 361 697 886 1237 1393 
29 44 112 274 343 632 712 987 1044 1080 1104 1230 
180 203 217 374 376 502 691 746 808 1014 1048 1280 1348 
111 288 530 856 910 976 1056 1111 1169 1176 1215 
93 249 769 863 905 1189 1285 
16 160 173 492 678 694 702 827 840 1016 1173 1295 
97 226 268 921 1118 
225 338 597 612 910 1087 1199 1200 1212 1276 1310 1344 
105 262 277 354 415 640 664 690 920 1056 1063 1217 1357 1405 
101 129 346 577 603 606 641 659 1186 1244 
44 214 279 316 374 391 476 591 657 762 883 936 1050 1090 1262 1394 
206 237 368 708 782 787 1141 
123 157 443 515 616 682 1097 1346 
105 253 594 608 670 726 837 932 1048 1280 1312 1411 
183 339 527 765 953 961 1062 1233 1398 
78 418 590 688 1007 
84 185 363 377 465 553 824 839 846 1078 1225 1303 1340 
25 116 245 582 677 861 1180 1204 1259 
43 118 290 340 570 688 835 921 938 1368 
159 719 912 1032 1047 1148 1157 1338 1365 1403 
115 178 206 401 596 690 720 844 875 966 1056 1062 1116 1260 1341 
80 216 273 321 502 765 916 1258 1360 
35 47 483 558 771 905 1088 1140 
127 128 211 364 445 534 653 655 680 683 784 832 927 1152 1229 1301 1414 
162 348 448 532 575 584 635 703 974 997 1037 1149 1234 1313 
38 88 100 139 355 650 673 685 825 969 1035 1117 1391 
43 81 170 378 626 641 667 875 929 1052 1155 1159 1352 1362 
211 331 419 471 501 510 740 789 1129 1227 1268 
194 289 349 947 1275 1292 1298 
543 670 1049 1153 1183 1206 
80 194 203 220 643 660 764 824 999 1086 1149 1210 1305 
161 168 438 1025 1364 1366 1412 
97 276 296 488 553 665 859 1219 1253 1315 
351 570 610 776 933 1153 1220 1223 1380 
44 122 132 314 656 864 958 1125 1133 1142 1276 1342 1399 
158 324 551 772 822 938 971 1008 1049 1329 
62 71 136 170 251 475 592 602 864 890 
295 318 463 507 574 589 670 762 1011 1019 1098 1116 
160 278 475 626 689 704 1087 1112 1170 1198 1217 
249 259 286 346 378 392 703 825 1003 1038 1042 1096 1287 1367 
228 453 603 604 640 842 862 932 1152 1252 
94 155 180 302 345 506 561 762 930 1055 
66 160 410 
3 46 75 120 157 220 336 522 650 676 877 997 1086 1089 
24 97 131 191 199 216 265 426 464 717 765 899 936 1001 1074 1206 
5 18 351 441 657 897 912 931 1067 1152 1292 1360 
53 54 240 558 809 873 977 1341 
38 75 242 638 666 744 773 797 1077 1132 1144 1207 1238 
108 154 190 352 450 495 621 798 880 981 1053 1262 
133 152 235 932 1073 1166 1330 
23 85 107 240 375 490 555 562 660 662 948 990 1138 
46 159 378 729 902 1063 1069 1181 1265 1289 
75 561 591 596 709 757 1031 1077 1115 1259 1296 1376 1411 
59 259 395 445 582 610 733 762 1201 1284 
162 178 536 600 684 863 1131 
50 263 318 416 434 530 685 821 854 
58 314 378 445 507 767 802 1052 1066 1194 1220 1253 1284 1310 
46 52 327 767 805 1149 
16 357 455 568 634 730 1066 1110 1346 
101 373 469 738 777 1081 1105 1241 1321 1326 
19 26 51 54 77 146 171 209 297 383 441 452 617 801 1047 1083 
5 19 21 31 257 386 405 595 678 737 806 850 901 
115 212 304 306 320 658 837 910 929 965 1013 1336 1339 
114 119 252 395 529 782 817 828 896 1021 1248 1251 
97 409 456 716 896 897 1101 1323 
128 464 486 502 548 559 592 723 870 977 995 1053 1076 1153 1359 1391 
86 174 209 297 449 544 643 921 1112 1320 
4 23 34 429 482 613 655 802 1050 1184 1261 1291 1330 1352 
191 238 372 535 566 602 718 1010 1131 1224 1318 1344 1345 1374 
81 89 389 455 572 655 978 1061 1125 1330 1354 1357 1396 
61 83 106 244 283 286 318 440 475 652 762 773 835 1123 1167 
205 246 254 400 461 532 619 808 888 1245 1310 
71 233 420 726 803 900 952 
440 622 724 744 752 926 1222 
122 162 245 268 382 435 443 908 1094 1234 1339 
16 91 232 396 475 646 692 788 1052 1215 1394 
4 5 153 237 325 450 567 628 852 918 1111 1293 
25 91 92 497 856 1152 1346 1372 
227 286 316 317 374 552 647 951 964 1115 1145 
97 436 501 537 568 614 712 738 904 1218 1236 1269 1335 
110 226 293 554 636 806 818 917 1064 1218 1339 1369 
255 267 347 356 514 667 751 932 967 994 1011 1040 1056 1256 1275 1297 1307 1308 
93 137 335 404 1013 1035 1038 1168 1356 
15 67 108 199 304 378 560 621 795 798 826 875 1143 1176 1305 1352 
73 419 1172 
4 96 136 185 201 531 592 801 1200 1294 
32 190 247 253 284 549 616 746 849 880 996 1090 1197 
222 325 352 481 518 738 871 1009 1103 
12 45 54 540 605 624 655 754 816 1057 1191 1364 
14 74 92 148 174 204 264 584 617 753 1136 
50 88 211 331 423 560 913 1154 1201 1299 
153 294 570 640 657 869 1050 1414 
59 97 98 246 250 282 311 382 466 623 625 717 804 825 1026 1172 1300 1314 
89 124 193 926 1079 1319 
53 66 192 217 430 456 465 501 651 932 1161 
19 31 177 217 341 475 485 530 547 766 821 877 910 1023 1057 1085 1092 1338 
62 132 297 309 538 568 631 648 814 866 1159 1160 1231 1365 
120 169 181 412 457 508 675 702 706 718 735 931 1022 1089 1194 
69 202 247 314 499 520 643 1173 1194 1369 
12 23 138 191 261 326 488 498 501 522 695 900 1029 1049 1241 
140 271 305 315 679 686 709 776 974 
29 156 235 323 382 385 593 626 760 920 
44 88 182 209 211 232 426 470 579 580 585 721 722 934 1028 1036 1170 1288 1302 1348 
139 158 206 466 474 492 521 658 1027 1046 1118 1240 1367 
15 18 181 190 218 635 669 1125 1183 1315 
175 262 310 326 364 409 512 657 781 983 1165 1345 
94 141 166 508 530 687 826 1010 1100 1147 1163 1306 1368 1370 1378 1380 
159 214 484 700 1054 1209 
191 267 293 401 454 661 712 735 863 871 1023 1331 1334 
129 495 787 1035 1146 1374 
277 286 435 524 971 1030 1031 1220 1359 
68 91 444 499 658 698 765 944 1273 1277 1346 1378 
18 194 274 491 495 724 886 911 1258 
13 364 369 884 956 967 1008 1029 1041 1052 1058 1176 1209 1251 1336 1356 
8 161 231 236 451 513 550 927 969 989 1204 1252 
364 476 796 807 860 910 915 935 965 987 1139 1282 1388 
37 131 152 234 539 770 808 861 1023 1306 1387 1396 
13 48 501 642 676 728 864 903 1126 1140 1171 1193 1204 
124 243 373 518 846 872 997 1060 1162 
417 450 545 653 688 957 984 1032 1233 1315 1364 
13 182 216 357 892 1142 1272 1307 1315 
23 133 144 228 437 621 647 650 1102 1241 1331 
154 233 522 525 539 619 676 774 853 892 910 1226 
21 93 622 740 846 956 1060 1262 
93 119 159 200 295 405 567 692 878 980 1012 
45 152 192 273 352 389 611 635 800 920 922 1015 1080 1172 1352 
34 109 209 346 362 534 925 949 
501 503 511 616 1008 1084 1089 1242 
86 279 359 441 600 1092 1109 1317 
66 263 364 401 1162 
57 141 221 429 515 748 1234 1254 
268 288 780 833 945 1037 1388 
29 77 146 208 210 282 712 1038 1074 1149 1217 1298 
117 274 573 622 713 748 960 1146 1187 
36 184 228 302 417 474 590 821 959 1092 1165 
155 331 622 790 949 990 1196 1248 1383 
559 725 750 857 873 883 957 1018 1183 1252 1350 1396 
96 238 375 427 721 732 940 1053 1057 1190 1348 1379 1380 
105 210 316 322 636 737 920 1057 1350 1358 
146 176 267 360 410 455 502 524 558 604 757 939 1398 
76 181 334 500 722 1027 1099 1108 1156 1342 1407 
97 210 366 437 551 552 632 636 726 745 927 986 995 1147 1181 1200 1242 1344 
31 180 223 604 780 811 942 951 1042 1296 1336 
68 96 97 278 667 736 781 810 1144 1243 1361 
55 103 398 433 512 711 855 867 920 992 1139 1148 1166 1308 
169 808 955 987 1030 1033 1176 1182 
26 232 251 260 325 496 522 807 1117 1298 1300 1308 1323 1333 1398 
216 248 261 449 460 474 487 511 513 612 1042 1063 1099 1135 1224 1254 
26 88 157 257 384 398 546 582 869 958 1034 1058 1063 1074 1120 1124 1175 1288 1303 
156 300 361 533 585 761 1055 1132 1256 1319 
198 337 410 541 866 872 898 1154 1267 1310 1315 1321 
160 170 325 586 753 955 1207 1239 1270 1324 1358 1382 
296 332 427 728 904 1158 1238 1255 1329 1370 
246 637 662 745 1008 1274 
53 78 488 559 567 575 1222 
92 94 123 190 423 496 619 1044 1169 
66 95 173 221 464 465 582 637 720 760 799 836 
406 463 500 700 886 1008 1200 1385 
9 42 107 173 331 911 938 1014 1117 
136 165 296 378 411 419 431 643 648 681 695 932 965 1160 1186 
30 155 192 365 401 536 599 690 704 757 919 1009 1054 1314 1343 
354 497 748 771 871 879 894 1275 1308 
27 235 285 494 557 670 984 1028 1107 
125 247 271 312 366 414 728 925 1085 1242 
12 129 146 329 414 622 640 1098 1102 1153 1213 1234 1280 1323 1331 1375 
50 146 183 290 322 338 373 463 638 915 1032 1077 
397 427 999 1078 1182 1258 
238 249 314 406 440 463 585 688 888 928 1328 1393 1396 
60 233 294 372 430 545 796 944 1054 1144 
24 38 44 214 219 279 312 414 423 515 542 901 1087 1096 1126 1139 1215 1280 
52 294 338 533 573 582 683 735 844 890 921 1057 1190 1224 1376 
101 146 233 388 821 1067 1366 
66 493 678 727 882 1414 
26 165 255 272 426 572 622 949 1099 1134 1207 
79 279 490 681 849 968 1104 1178 
102 105 122 191 414 670 904 988 1044 1171 1371 
5 318 351 412 417 516 588 906 1097 1105 1357 
84 388 519 625 705 994 1293 
38 407 520 582 1047 1231 1237 1297 1323 
187 311 509 685 835 971 
144 254 494 525 615 924 940 1130 1201 1294 1333 1398 
156 168 453 523 578 584 681 783 788 997 1079 1130 1259 1302 1354 
333 347 368 553 1087 1098 1341 
227 293 397 414 944 972 1126 1185 
203 656 751 839 1051 1225 1245 1272 1358 
155 185 239 364 593 726 903 1094 1259 1317 
217 525 924 1031 1326 1401 
214 510 529 610 741 1040 1105 1123 1244 1332 1390 
19 20 37 173 400 551 588 787 925 1084 1178 1208 1274 1315 1350 1395 
167 293 482 582 600 720 865 940 1157 
78 226 256 508 809 890 964 1287 1328 1407 
73 226 300 418 451 668 742 963 1046 1248 1412 
306 307 525 635 801 1058 1220 1318 1349 
34 126 158 1092 1094 1143 1276 
148 508 610 632 697 1142 1177 1226 1252 1390 
231 469 525 780 874 1266 
206 365 450 682 781 1144 1301 1384 
246 474 599 608 705 869 952 1108 1250 1266 
150 161 445 474 587 596 669 719 773 1173 1323 1342 
95 116 155 272 337 348 374 469 699 701 782 872 1163 1185 
16 143 233 294 854 1020 1293 
8 49 157 165 240 241 288 351 491 761 815 949 
90 129 237 240 388 653 809 880 984 1202 1231 1328 1354 
69 177 191 195 203 290 320 397 481 521 982 1325 1347 1383 
2 28 89 162 477 756 813 862 936 
112 242 309 355 479 660 661 730 1052 1247 1291 1299 
4 230 308 363 392 503 752 773 826 1234 1380 
11 115 783 815 864 928 1009 1120 1183 1261 1314 1324 1335 
497 517 614 711 801 1121 1325 1378 
48 208 327 435 860 1129 1139 1351 1408 
159 407 586 600 634 660 685 691 748 1127 1170 1330 1384 
225 976 998 1069 1161 1197 1203 1239 1252 1284 1304 1352 1383 1402 
70 507 708 760 912 1053 1156 1380 
6 27 115 122 205 221 228 286 557 789 973 1137 1386 
32 220 334 387 826 902 951 1091 1312 
39 126 248 425 590 713 751 867 885 1120 1176 
117 358 379 445 511 594 1015 1041 1075 1094 1263 1302 1386 
174 189 383 837 901 967 1080 1376 
9 334 346 574 675 801 1138 1329 1361 
69 202 527 610 634 778 1104 1332 1336 
199 455 577 583 591 600 656 880 932 
8 53 114 296 665 777 822 899 948 
15 44 95 159 350 433 451 548 1081 1096 1142 1173 1219 1238 1384 
123 130 144 226 251 262 332 507 577 736 832 1127 
419 500 516 912 933 1196 1268 1369 
98 214 269 287 324 358 457 503 701 835 855 1085 1199 1263 1268 1295 
2 108 151 181 251 302 317 456 482 552 613 919 991 1022 1414 
133 175 785 787 1050 1138 1310 1383 1412 
289 414 422 434 452 511 569 993 1019 1231 1284 1329 
74 427 525 826 963 1075 1127 1197 1238 
470 514 593 898 1128 1401 
40 128 486 503 635 660 728 729 965 
116 195 303 333 440 485 636 710 729 975 1168 1247 
81 114 259 520 592 815 895 899 1049 1166 1374 
100 105 470 574 631 709 886 898 961 1132 1289 
116 165 213 224 253 283 309 388 506 569 580 737 764 1009 1226 
103 259 422 544 726 834 882 925 1012 1299 
58 293 404 442 716 879 979 1053 1237 1328 
5 86 152 160 420 435 448 603 656 782 850 1132 1241 1332 
744 817 840 1046 1089 1314 1353 1367 1404 
6 382 435 669 687 978 1242 1351 
342 622 841 1105 1190 1251 
4 160 992 1066 1088 
54 83 266 368 517 739 916 926 1006 1211 1229 1331 1367 1374 
66 87 158 174 311 354 387 543 626 630 1066 1076 1215 
46 161 225 236 304 368 644 668 672 727 760 780 787 930 992 1135 1251 1286 1344 
77 471 574 603 777 823 1063 1113 1127 1150 1194 1322 
50 114 204 411 415 439 684 710 877 889 1016 1056 1071 1317 1386 
14 30 92 288 369 401 533 572 660 755 1054 1079 1245 1266 1319 1364 1365 
1 48 147 184 273 339 475 484 534 646 916 1174 1254 
17 143 346 360 594 780 830 990 1245 
80 358 437 537 686 908 914 1044 
304 307 350 608 745 942 960 994 1095 1214 1306 1378 
42 243 255 470 527 641 741 1227 1238 
167 170 245 329 425 464 520 552 583 825 891 1165 1172 1264 1400 
234 272 673 766 790 803 809 1351 
32 68 257 329 658 671 683 731 835 1016 1275 1371 1411 
47 254 622 790 952 969 1135 1139 1290 1368 
395 1250 1378 
78 468 662 845 851 1018 1049 1097 1131 1164 
9 127 164 258 272 413 577 791 828 853 901 942 1259 1304 
25 29 129 404 515 519 538 623 738 758 908 1011 1054 1159 1249 
80 124 145 220 418 594 688 779 806 1162 1209 1246 1261 1312 1354 
67 281 832 872 1017 1026 1130 1171 1280 1292 1336 
131 307 477 516 539 565 691 727 1080 1202 1219 1334 
58 239 295 318 407 706 910 1190 1260 1304 
134 335 343 390 413 459 661 710 762 988 1317 
352 527 678 705 714 746 759 824 885 961 1144 1172 1290 1359 
183 275 341 523 698 889 1161 1243 1266 1337 
158 233 261 273 347 401 436 458 520 767 999 1007 1076 1080 1117 1299 
117 227 299 378 381 504 780 1004 1218 1237 1280 1298 
176 177 277 291 368 466 675 709 869 957 1017 1055 1228 
133 164 418 430 620 1067 
5 190 345 361 428 453 494 508 558 683 700 823 978 1119 1180 1357 1369 1381 
33 55 110 241 250 360 448 498 804 965 978 1069 1072 1076 1152 1186 1361 1388 
9 14 478 802 845 854 1014 1108 1177 
17 147 177 196 1215 
202 560 635 664 807 917 925 958 1089 1098 1108 1272 
155 213 304 306 422 580 1187 1257 
3 95 176 264 395 423 448 518 606 776 833 848 1055 1178 1206 
100 158 273 301 308 325 548 590 636 796 1006 1090 1188 
32 154 182 381 407 524 608 652 1088 1120 1210 1222 
532 632 693 1051 1265 
110 290 429 517 626 632 715 886 1048 1066 1377 
194 433 481 551 636 791 800 838 866 1011 1024 1141 1238 1257 
20 110 419 660 1060 1105 1259 1302 
144 207 334 743 807 879 975 1336 
79 205 310 338 443 506 580 737 862 922 1243 1280 1340 
142 190 301 390 496 538 679 961 1017 1110 1136 1196 1280 1305 
267 321 497 502 615 1013 1020 1150 1233 
310 550 640 810 816 1189 1316 
195 240 323 456 493 525 542 778 788 1025 1239 
142 342 402 471 784 801 936 1020 1103 1128 1166 
228 269 456 474 699 813 942 975 993 1040 1355 1386 
134 147 181 209 308 331 486 487 612 619 629 799 1266 
78 236 346 798 917 1031 1053 1386 1414 
154 198 268 367 398 679 899 932 953 
52 308 592 1010 1031 1122 1184 1254 1289 1310 1370 1400 
60 121 167 340 472 614 661 856 894 1231 1412 
520 556 557 743 855 1064 1116 1187 1231 1306 1373 1399 
281 295 472 727 780 824 896 939 999 1011 1254 
15 85 134 166 184 192 254 444 474 605 685 1075 1115 1356 
98 320 414 746 778 882 1120 1357 1382 
390 443 839 1312 
132 246 259 277 278 690 779 922 1001 1361 
6 25 174 550 999 1413 
51 217 642 700 775 844 1036 
77 97 193 272 848 1170 1181 1374 
45 110 254 353 427 513 878 975 984 1123 1245 1314 1387 
493 689 765 1204 1253 
165 250 290 352 364 482 897 951 958 973 1150 1223 1253 1339 1379 
220 234 668 876 1156 1231 
64 100 104 153 194 303 399 411 537 711 730 1138 1267 1279 
33 175 473 662 734 905 938 939 1089 1285 1340 1411 1415 
164 468 495 626 902 1134 1201 1209 1216 
250 491 497 789 1059 1249 1270 
82 398 713 1350 
39 141 268 473 868 1180 1273 
31 55 214 371 382 450 516 529 555 770 1118 1183 1205 1208 
5 7 98 315 320 323 349 519 784 827 867 973 1115 1229 1269 1362 
158 289 484 494 559 571 628 651 1038 1068 1103 1409 
11 190 431 806 1275 1342 
127 137 303 596 660 666 780 810 1232 1325 1328 
42 68 102 123 404 521 618 642 653 840 931 1140 1236 1273 1408 
158 223 274 421 488 567 569 779 1175 1192 1203 1358 
101 112 155 510 529 554 662 715 800 915 1157 1215 
34 209 246 366 595 891 1184 1215 1336 1353 
281 391 426 584 586 809 907 910 995 1021 1026 1109 1129 1206 1356 
84 258 313 360 478 651 662 893 958 1044 1096 1156 1322 1384 
30 111 331 397 464 472 605 746 842 917 1112 
21 51 178 278 321 578 583 730 806 992 1000 1050 1077 1116 1254 1269 
100 339 658 751 1393 
49 156 311 340 391 532 622 689 708 783 846 1172 1256 1308 1330 
394 452 539 876 1004 1069 1082 1149 1213 1214 1227 1389 1390 1393 1412 
74 131 216 497 590 613 660 695 831 934 965 970 1120 1253 1264 
12 203 228 294 524 560 586 599 995 1095 1246 
37 143 395 519 709 969 1044 1268 1342 
71 456 496 534 622 634 1388 
57 79 171 285 353 553 627 704 1134 1183 1344 
42 94 126 480 573 621 935 998 1098 1204 1218 1278 1347 
124 167 213 278 305 483 601 1145 1184 
197 334 358 557 583 908 945 1164 1177 
5 106 179 184 282 329 524 544 680 934 1012 1218 1273 1357 1380 
260 313 394 463 478 700 778 792 818 822 1033 1191 1252 
294 394 494 513 577 600 752 825 872 900 1043 1118 1206 1381 
132 159 363 511 653 733 771 962 
126 232 351 663 702 746 926 949 965 1181 1412 
61 79 576 789 901 1007 1271 1371 
42 342 489 656 727 747 954 1020 1080 1082 1292 1414 
52 160 270 667 823 940 1154 1202 1292 1309 
161 261 437 532 622 790 881 1057 1223 
8 60 122 123 405 465 510 519 670 912 921 1186 1202 1219 
96 169 228 270 284 427 453 928 936 953 1128 1285 1338 1363 1379 1397 1405 
24 74 129 204 248 255 379 446 539 560 801 924 1145 
53 296 577 702 893 1031 1239 1319 1391 
137 295 349 528 588 599 865 954 957 1013 1060 1277 
499 728 992 1108 1200 1270 1412 
42 131 194 207 432 464 480 762 891 1323 1327 1385 
32 213 611 760 773 781 1064 1149 1188 1255 1396 
62 127 183 253 271 277 385 521 536 538 949 1271 
1 32 137 318 352 388 433 511 543 696 956 1097 1352 1388 
57 144 192 381 546 757 928 992 1057 1104 1354 1401 
7 34 45 98 135 189 252 632 658 768 805 1157 1221 1244 1283 1407 
317 767 827 1191 1320 
581 639 764 778 1058 
228 596 775 810 1130 1181 1400 
295 462 485 717 775 851 960 962 1019 1110 1115 1226 1314 1326 
108 123 145 172 205 236 242 601 684 784 830 
41 114 138 282 810 1008 1126 1200 
84 134 136 154 250 276 341 544 605 612 813 1047 1151 
248 451 663 690 747 774 1153 1252 
2 120 135 219 429 464 767 971 1207 1210 1338 
154 351 353 403 689 796 1230 1299 
24 37 173 313 359 558 704 747 797 985 1086 1133 1136 1150 1176 1293 1406 
5 40 227 506 1070 1079 1192 1205 
64 187 471 553 746 852 958 1052 1200 1209 1380 
272 297 564 596 778 881 1071 1103 1277 
114 378 402 420 704 807 812 1085 1252 1294 1297 
43 71 313 455 480 577 1009 1050 1187 1328 1396 
169 170 196 602 647 666 820 840 916 993 1001 1396 
170 172 184 298 329 1143 1149 1311 1380 
78 117 166 387 429 444 464 490 768 856 904 1049 
228 353 387 460 483 684 725 843 1034 1064 1108 1118 1144 1250 
322 386 401 436 544 580 623 667 678 948 1214 1219 
106 145 310 435 568 647 650 694 700 764 898 924 1046 1240 1251 1290 1315 1326 
124 128 187 367 675 732 756 892 995 1043 1216 1348 1354 
3 277 486 541 599 849 947 1314 1350 1382 
419 464 534 691 721 740 778 870 1040 1278 1328 1411 
34 73 242 267 529 587 628 713 730 802 877 902 960 1055 1222 1245 1328 1379 
111 151 316 327 354 377 424 772 825 833 913 926 
25 180 333 706 814 936 944 1053 1150 1334 1396 
29 111 175 306 309 332 393 503 540 607 668 673 685 746 912 1145 1148 1207 1299 1332 
123 146 228 252 311 496 631 753 760 802 803 835 1015 1026 1074 1192 1321 1392 1393 
45 215 333 442 503 778 813 857 1029 1101 1350 
115 153 217 221 262 560 655 980 1150 
328 351 578 656 783 788 950 1020 1152 1357 
64 147 252 355 356 649 734 1279 1334 
23 177 272 298 476 598 679 685 1390 1403 1406 
85 190 249 464 473 474 528 673 716 812 813 911 1278 
29 173 383 519 745 964 1023 1047 1296 
9 13 325 1150 1336 
412 515 574 603 638 721 723 907 909 948 1180 1339 
154 186 357 427 501 513 533 549 556 603 606 639 664 710 836 937 1132 1300 
112 345 356 535 547 606 985 1298 1384 
307 548 663 716 876 939 998 1282 1314 1389 
171 221 375 550 607 1039 1121 1172 1188 1293 
149 610 639 912 1041 1085 1090 1117 1281 1345 
263 318 457 655 939 1146 1271 
17 209 234 714 1105 1153 1175 
21 248 264 434 478 639 648 709 797 813 1057 1084 1210 1290 1308 1329 1391 
617 881 894 966 1131 1141 1155 1259 
54 516 730 909 934 939 1284 
89 275 285 311 416 507 520 563 576 712 717 830 995 1078 1109 1306 
30 104 191 337 390 661 681 831 1077 1162 1187 1393 
508 639 657 758 846 913 1039 1179 1186 1265 
43 486 664 666 790 882 929 934 1013 1119 1156 1257 1283 
95 462 724 887 1238 1362 
10 69 78 248 302 342 421 597 613 998 1013 1173 1224 1267 1353 
7 237 340 432 491 492 545 580 642 725 1107 1201 1243 1286 1303 1397 1414 
20 125 200 224 340 391 506 597 611 792 853 1074 1125 1247 
73 130 280 391 537 654 662 760 828 890 1042 1071 1352 
206 255 380 598 695 708 1038 1125 1168 1277 1334 1358 1377 1405 
79 289 327 372 389 408 672 703 834 847 1102 1106 1414 
141 156 448 497 608 687 907 946 1324 
75 108 136 186 637 708 762 792 904 942 978 1116 1254 1334 
49 67 238 261 313 322 457 549 675 751 945 1071 1121 1127 1216 1399 
285 381 413 471 545 879 1142 1153 1193 1283 1327 1378 
121 152 240 335 659 760 793 799 858 1252 
16 472 596 604 626 629 1103 1222 1227 1377 1411 
64 395 623 739 850 858 881 1151 1226 1275 
320 532 917 1000 1241 1375 
32 260 268 302 318 347 353 606 704 834 887 993 1228 1238 1245 1340 1401 
106 224 275 431 475 559 677 841 924 1025 1187 1271 
48 64 164 178 182 209 301 375 633 647 702 829 847 942 1004 1128 1269 1275 1278 1314 1319 1329 
233 489 805 812 838 1132 1212 1394 
310 342 393 771 1110 1171 1238 
200 244 390 476 532 612 640 729 1058 1143 1167 
376 397 786 829 1087 1229 1302 
84 271 373 442 470 499 587 630 752 957 985 1041 1093 1112 1202 1362 
388 457 458 666 839 884 1026 1224 1316 
157 224 577 614 724 841 852 906 950 1073 1134 1176 1237 1251 1275 1276 1326 
119 252 346 1087 1160 1214 
5 61 82 98 240 273 335 404 527 598 827 1083 1252 1314 1346 
54 149 475 624 805 862 940 942 1021 1047 1119 1401 
17 58 98 327 356 663 793 992 1077 
12 59 197 241 271 289 413 527 532 546 723 953 1031 1100 1379 
65 175 279 306 668 741 1143 1165 
62 236 424 573 703 731 994 1103 1182 1224 1281 1323 1381 
27 80 287 458 911 1242 1309 
87 139 436 478 483 502 581 1252 1294 
111 323 367 396 400 437 717 743 966 984 1031 1153 1325 
67 183 205 432 517 685 702 964 995 1089 1373 
302 390 422 512 546 690 811 823 934 1071 1125 1384 
217 267 305 427 590 671 768 983 1009 1047 1121 1164 1263 1353 
281 410 428 497 544 594 938 1080 1108 1266 1283 1356 1381 1394 
336 348 500 587 813 872 880 946 967 999 1166 1170 1231 1370 
236 290 449 534 873 1070 1090 1118 1159 1160 1191 1361 1386 1405 
145 164 169 205 438 962 1142 1255 1336 1402 
342 389 545 569 735 852 973 1137 1142 1157 1247 1338 1350 
55 100 291 351 442 508 559 813 1356 
14 113 178 468 522 699 734 769 1084 1086 1117 1273 
121 168 178 366 432 445 482 782 834 848 1033 
30 130 193 302 339 653 655 875 888 894 911 1090 1147 1273 1316 1328 
148 287 312 323 331 478 519 895 957 1017 1098 1154 1329 1335 
52 70 183 339 393 454 692 874 992 1336 1400 
73 106 214 584 643 845 846 928 1030 1132 1314 1399 
210 219 359 418 436 437 488 587 588 649 719 733 924 1075 1183 1264 1306 1336 
591 627 636 654 712 814 899 903 1067 1099 1130 1161 
70 77 453 622 630 699 1038 1150 1151 1168 
1 63 130 334 445 540 838 979 1003 1105 1233 
81 207 476 812 910 922 1162 1197 1328 
99 109 305 754 953 1038 1185 1324 1337 
200 271 280 281 451 465 494 878 1123 1191 1337 
185 294 451 529 540 547 715 883 892 977 1269 1299 1367 1385 
60 199 383 391 497 552 780 809 834 874 922 1141 1189 1290 
39 535 687 782 988 1342 
83 125 131 137 254 328 344 599 652 676 949 1075 1139 1168 1325 1409 
16 106 127 139 379 592 699 785 859 887 1091 1122 1123 1239 1409 
48 212 395 436 604 748 858 1045 1101 1111 1149 1327 1359 
33 173 231 233 317 396 588 595 712 808 833 861 932 1047 1206 1245 1305 
131 186 274 401 467 599 743 1005 1018 1056 1234 1318 1336 
267 346 498 601 774 798 1072 1311 
41 117 118 153 244 602 659 771 806 1127 1291 1393 
80 301 476 503 580 684 809 1056 1304 1339 1371 
10 76 381 689 695 722 797 998 1023 1045 1143 1166 1304 1364 1397 
25 55 65 68 114 232 265 417 527 630 911 954 975 1038 1055 1059 1065 1133 1277 1306 
34 35 217 355 374 518 664 1034 1094 1133 
231 346 450 452 576 600 688 705 710 742 939 1060 1406 
112 322 351 358 409 539 600 694 698 730 829 1035 1073 1091 1115 1276 1402 
60 125 235 405 489 495 525 564 649 755 815 1014 1128 1312 
201 212 272 350 387 620 629 691 1075 1319 
264 363 386 475 499 805 877 976 993 1080 1162 1295 1405 1410 
79 314 443 594 684 854 990 1027 1123 1360 
429 435 477 505 817 1215 
97 129 223 330 379 396 544 691 761 926 1121 1241 1408 
28 178 218 230 474 543 600 761 824 1106 1121 1402 
171 235 277 335 429 510 511 759 876 933 1132 1194 1221 1272 1275 
148 328 380 642 648 783 794 927 1078 1135 1156 
225 375 442 470 573 575 663 771 864 
32 84 116 356 924 1006 1118 1366 1399 
117 137 204 337 485 770 799 919 1111 1216 1296 1320 1326 
355 506 714 809 898 957 1120 1149 1188 1274 1386 
45 166 171 202 221 251 310 542 735 1101 1244 
327 382 565 747 897 1086 1133 1141 1275 1339 1341 
77 241 622 641 668 820 1352 
40 87 159 290 296 327 435 456 502 703 767 875 972 1120 1218 1226 1275 1386 
1 55 68 85 124 288 479 782 840 928 1100 1205 1209 1280 1391 
101 138 185 408 454 534 594 749 757 790 919 932 997 1070 1289 1317 
1 27 50 179 183 306 356 508 522 579 670 763 863 887 1082 1199 1281 1335 
5 97 120 143 271 338 395 446 914 1405 
62 107 126 135 146 152 175 233 321 417 813 989 1073 1339 1356 
9 23 113 168 355 555 571 668 748 778 810 880 1038 1105 1199 1267 
23 110 534 642 657 859 940 1006 1350 1378 
150 263 328 382 412 431 443 839 853 944 1398 
274 323 353 477 554 1079 1244 1298 
94 325 556 661 682 938 982 1066 1363 
256 405 522 656 716 806 972 1011 1030 1216 1218 
222 511 810 831 1112 1196 1203 1273 
25 117 345 495 631 643 694 769 801 872 983 1003 1131 1184 
95 302 430 450 461 475 732 962 991 1005 1183 1190 
6 229 250 449 498 848 864 1136 1221 
372 527 633 674 824 939 1016 1079 
291 416 553 798 943 964 1043 1078 1097 1192 1213 1333 1362 
33 90 156 181 300 316 479 648 945 1023 1070 1166 1199 1271 1327 1388 
80 205 264 561 650 669 955 1139 1231 1370 
134 180 321 421 515 640 802 835 906 930 1184 1273 
28 225 611 753 1008 1028 1121 1137 1269 
100 118 289 989 1039 1057 1187 1229 1306 1340 
144 151 193 414 422 580 625 782 1091 1407 
46 91 291 721 762 763 911 1161 1230 1281 1284 1317 1332 1363 
49 215 234 341 351 479 507 512 516 1346 
146 199 297 440 539 575 581 800 889 953 1182 1231 1372 1400 
90 129 175 283 499 553 592 751 876 894 1135 1214 1285 1300 
509 703 1229 
80 415 416 489 530 672 890 1173 1176 1188 1215 
78 214 316 436 599 626 672 750 806 822 1021 1033 1040 
119 187 316 506 718 755 845 979 1083 
44 263 332 405 428 867 929 1014 1016 1103 1223 1329 
65 366 404 471 500 653 876 989 1182 1277 1353 1405 
16 37 62 220 279 297 458 682 779 782 974 1004 
24 263 518 983 1039 1171 1314 1333 1410 
99 166 196 295 327 485 694 709 944 992 1009 1144 1216 1258 1305 1328 1355 1391 
48 241 440 549 616 712 816 838 1036 1056 1383 
70 82 115 447 523 551 853 983 1262 
18 154 465 505 526 772 778 927 979 1040 1171 1382 
265 406 584 596 652 695 946 1036 1074 1385 
114 117 125 131 327 607 613 908 1274 
315 438 574 672 1099 
13 78 83 264 283 412 423 441 489 588 829 998 1187 1312 1354 1387 
224 349 417 468 612 917 998 1048 1106 1197 1249 1271 1312 1340 
510 668 740 834 909 941 990 991 1158 1199 1368 1415 
172 332 536 608 979 1050 1090 1165 1181 1206 1339 1343 
198 453 461 601 673 703 797 1277 1365 1382 1392 
82 195 329 383 744 745 935 1004 1007 1170 1181 1274 
215 239 278 346 450 478 697 887 929 1016 1048 1241 
208 413 424 552 662 698 721 775 857 1317 
132 284 631 1027 1161 1185 1296 1303 1346 1384 
83 184 255 738 819 946 1053 1093 
72 105 167 212 378 387 524 698 975 1015 1202 1398 
40 96 181 294 297 523 733 812 835 1082 1104 1112 1233 1275 1327 1384 
10 20 98 105 538 574 575 681 849 1226 1406 
56 131 297 479 550 663 787 859 900 1031 1094 1170 1225 1344 1402 
44 127 692 918 998 1093 1336 1354 
258 320 551 588 936 1096 1306 
29 160 194 230 317 350 469 473 500 688 908 984 1102 1192 1198 
60 216 302 469 516 535 666 1037 1194 1232 1274 1401 
39 183 211 301 392 430 533 548 761 843 867 893 963 964 976 1120 1189 1196 1340 
59 137 544 558 987 1230 
34 75 150 266 309 317 526 657 679 784 954 1134 1224 1234 1400 
230 298 420 594 643 689 739 795 829 871 1145 1233 1273 1294 1373 
189 207 600 622 1354 1362 
105 124 267 302 500 550 744 988 1262 1325 
183 373 489 625 665 843 902 935 1105 1321 1334 
69 86 94 185 448 598 625 658 712 817 887 894 918 949 1081 1096 1100 1240 1403 
3 187 259 271 341 438 498 816 876 956 1019 1142 1314 1323 1367 
320 419 527 529 768 1049 1238 
379 390 432 656 724 764 786 903 1095 1159 1219 1253 1332 1376 1386 1400 
22 111 165 259 343 792 806 828 905 1113 1295 
119 808 933 952 1083 1302 1394 
58 203 603 644 674 852 1027 1167 1179 1328 1333 
119 147 184 393 423 478 641 736 849 913 915 973 1053 1096 1144 1383 1399 
530 927 1000 
63 390 870 897 1084 1123 1279 
125 311 435 442 728 800 856 
218 246 412 440 493 578 926 980 1214 1299 1333 
64 90 458 532 585 603 862 923 1047 1319 1374 
122 167 523 571 620 728 778 906 910 1049 1105 1318 1367 
144 198 278 317 352 378 515 652 705 779 801 859 876 1008 1035 1042 1092 1107 1114 1262 1345 1399 
115 192 236 388 404 697 721 974 975 999 1241 1353 
314 499 642 795 812 914 962 965 995 1089 1296 
464 817 1023 1122 1267 
54 277 278 320 353 360 492 513 563 605 613 642 746 814 997 1313 1378 1394 
68 282 339 361 414 583 943 949 1080 
183 238 505 686 777 831 1206 
211 339 367 421 448 471 573 654 682 717 846 850 925 950 1075 
214 231 239 273 315 354 356 489 685 930 1388 
218 317 452 732 872 927 
531 558 624 675 713 788 1208 1236 1252 1303 
76 100 115 137 220 499 881 890 1118 1296 1298 
218 360 919 999 1131 1265 1292 1390 
121 545 624 716 947 1079 1264 1335 1370 
170 216 229 361 406 437 490 640 860 862 913 933 959 1119 1297 1332 1377 1406 
12 465 554 573 662 815 977 1082 1176 1255 
133 373 471 525 692 889 890 1001 1293 
44 214 491 744 984 995 1098 1138 1191 1363 
38 109 133 209 210 478 521 569 816 980 1021 
8 184 452 507 516 1012 1024 1072 1097 1188 1214 
147 166 261 349 371 389 416 499 785 849 942 1161 
23 474 663 776 982 988 1007 1125 1127 1182 1190 1234 
3 158 166 818 853 1166 1211 1218 1230 1330 1414 
380 394 591 609 628 693 746 826 921 986 1094 1098 1105 1161 1168 1170 1224 
458 574 672 699 858 1105 1153 1399 
463 467 528 648 776 1020 1041 1086 1150 1203 1217 
137 189 395 1004 1052 1063 1098 1347 1367 1379 
20 81 234 413 443 977 1061 1247 1363 
277 589 667 678 829 834 928 935 952 953 1171 1339 
73 91 119 145 246 418 487 501 535 635 649 1071 1112 1173 1194 
184 346 431 523 566 601 637 780 1069 1291 1399 
27 40 154 166 378 529 558 590 1027 1080 1091 1119 1297 1336 
1 46 141 186 194 204 216 234 473 487 718 721 876 893 1076 1194 
57 135 233 265 318 467 669 978 1017 1197 1373 
5 38 49 171 174 260 416 590 910 1083 
24 98 115 126 236 249 386 570 591 704 855 
267 321 767 813 1346 1365 
41 49 197 219 306 477 484 508 536 622 716 899 962 1172 1339 1374 
35 50 320 321 324 580 595 922 932 1049 1074 1139 1299 1301 
68 517 582 732 870 1147 1282 
86 200 301 693 710 928 1013 1014 1264 1370 
42 96 182 741 842 865 1038 1070 1268 
43 492 506 546 651 750 845 1042 1114 1234 1323 
115 148 206 362 370 407 670 890 1156 1242 1401 
81 311 319 460 529 717 807 1064 1165 1221 1254 1263 1366 
77 155 246 621 638 746 843 1042 1266 1283 
86 649 693 797 811 935 1068 1179 1263 1379 
27 160 251 335 476 573 755 870 901 934 1037 1056 1138 1249 1290 
34 43 126 136 329 541 567 571 637 757 811 1067 1197 
7 34 245 260 273 398 433 542 592 688 861 1290 1354 
50 68 166 332 485 587 767 846 881 950 1102 1243 
100 117 212 465 551 569 681 813 1083 1221 1262 1380 
132 265 276 434 465 559 636 876 925 930 1148 1149 1323 
80 174 300 695 748 953 1144 1206 1358 
55 325 383 448 524 771 781 917 964 1077 1131 1150 1192 1228 1340 
21 121 173 174 199 254 298 383 392 406 429 592 746 785 
178 464 746 809 811 826 997 1074 1377 1379 
188 282 325 497 1014 1113 1394 
33 212 359 461 477 532 611 672 721 736 815 892 962 
117 132 367 499 512 1045 1146 1333 
169 272 356 386 524 614 678 879 927 968 1154 1213 1214 1345 
53 75 90 324 410 459 561 689 1256 
16 135 233 274 348 355 418 421 466 757 825 872 904 973 1031 1051 1069 1098 1107 1130 1205 1239 1333 
173 245 424 463 472 548 697 769 784 785 815 853 1049 
104 436 637 955 1104 1127 1367 1415 
496 793 850 912 931 1172 1194 1220 1383 1410 
99 115 302 342 369 377 425 623 733 857 1145 1251 1390 
108 274 358 758 814 913 1019 1098 1155 1250 1364 1378 
48 138 219 337 520 626 731 1028 1165 
7 200 283 303 339 616 636 724 815 1057 1237 
209 232 530 911 993 1361 
14 84 129 404 518 729 811 829 843 863 1022 1112 1239 1294 1304 
124 190 216 258 281 327 510 585 816 872 1088 1136 1408 
127 232 302 533 549 575 622 630 631 868 873 987 1115 1141 1236 1385 
207 542 585 620 724 851 1031 1049 1105 1165 
56 108 128 178 181 450 545 1022 1091 1143 1188 1224 1329 
127 147 224 403 502 641 832 855 867 902 987 1043 1052 1053 1127 1135 1206 1244 1375 
84 125 255 320 403 471 663 700 817 883 893 1074 1098 1128 1202 1327 1360 
156 358 714 732 734 875 997 1274 
250 338 385 556 559 773 786 829 908 
92 555 619 655 852 884 903 1056 1194 1241 1266 1350 1362 
16 27 87 156 186 211 402 500 573 811 845 1187 1205 1244 1249 1311 1314 1345 
218 356 601 647 773 929 1055 1061 1086 1089 1237 
49 276 295 440 744 872 1128 1173 1265 
184 394 421 445 614 727 778 807 884 928 951 991 1065 1122 1129 1131 1145 1227 1283 1372 
97 516 518 632 933 1136 1137 
166 176 270 300 317 337 339 468 487 524 575 684 760 1017 1036 1123 1410 
349 358 575 727 739 745 975 1066 1148 1168 1175 1216 1280 1289 
170 240 261 530 662 681 952 978 1096 1192 1214 1231 1306 
12 138 314 390 570 685 711 847 1168 1351 1391 
70 74 104 212 215 221 301 409 539 604 699 805 863 986 1001 1140 1379 
28 199 282 467 568 825 1216 1374 1387 
8 128 172 179 595 672 733 806 910 1003 1226 
59 367 450 520 610 733 770 1071 1252 1312 1333 1356 
6 17 26 134 163 439 541 590 614 677 723 742 776 1107 1195 1221 1288 
78 154 226 481 868 1004 1278 
244 535 555 604 613 667 767 802 1050 
75 82 119 147 235 355 447 522 532 857 
98 137 289 404 649 801 803 853 981 1051 1058 1123 1177 1332 1379 1390 
133 325 874 905 920 1341 
136 160 168 253 529 691 732 748 790 876 1025 1085 1169 1370 
64 249 324 439 613 904 991 1082 1118 1203 1253 
39 54 168 250 354 408 521 601 734 846 867 927 1026 1050 1213 1227 1235 1301 1359 
75 958 1206 
328 386 489 613 747 778 966 992 1119 1124 1175 1345 
113 480 673 734 841 938 967 1007 1060 1360 
120 130 243 307 398 653 803 816 849 989 1086 1305 1373 1397 
3 171 186 191 242 244 262 409 415 482 730 775 932 1143 1354 1362 
33 240 373 512 539 686 710 1157 1329 1357 
603 808 883 939 969 1121 1322 1368 
87 691 984 1081 1103 1187 1235 1332 1359 
203 220 243 396 469 528 1017 1180 1194 1269 1279 1376 
23 107 133 271 353 470 696 753 784 913 1149 1319 
296 376 547 557 684 761 913 1217 1288 
295 624 651 696 836 1164 1296 
1 187 225 309 327 513 625 704 768 904 908 1138 1239 1251 1278 1316 
84 315 415 498 621 636 652 683 771 922 1215 1361 1376 
69 315 456 481 602 624 745 763 889 938 
391 452 465 771 817 962 1120 1189 1265 1292 1352 
101 159 508 840 921 1012 1148 1374 
36 153 320 506 637 742 1196 1336 
81 276 285 382 561 964 1116 1234 1285 1358 1384 1415 
106 388 733 774 898 908 972 1250 1289 1343 1371 1410 
84 85 95 132 156 213 264 308 442 612 829 1095 1328 1383 1401 
2 76 135 323 548 610 717 835 882 1241 1363 1368 
6 310 519 948 1086 1093 1266 1308 
79 81 603 771 776 873 917 923 1091 1177 1256 1319 
113 287 315 802 975 1017 1053 1110 1278 1298 1308 1342 1350 1389 
109 229 246 568 650 698 771 802 871 877 1007 1040 1045 1303 
252 293 938 1009 1112 1119 
78 225 327 471 596 816 967 1051 1209 1217 
84 800 868 876 892 1207 1245 1317 1375 
64 386 491 625 861 875 887 993 1068 1117 1221 1224 1373 
254 306 344 495 527 621 822 1022 1138 1210 1325 
25 38 137 188 258 438 546 653 878 881 912 958 960 1121 1166 1170 1241 1414 
285 312 441 450 587 781 973 1213 1343 
107 228 316 553 780 796 939 1002 1025 1188 1260 
335 998 1069 1379 1396 
164 247 314 363 852 859 998 1062 1264 1318 1350 
153 186 211 212 443 690 730 1019 1074 1171 1206 1341 
5 88 341 362 619 1057 1217 1412 
60 133 346 401 582 665 832 996 998 1057 1078 1147 
2 493 537 545 599 675 740 1099 1119 1243 1256 1309 
37 142 853 
114 189 390 522 734 781 801 832 1023 1043 1044 1055 1389 
61 351 360 467 477 548 590 1017 1083 1149 1358 
39 302 435 590 679 804 811 845 1178 1223 
197 257 269 654 699 964 1090 1130 1164 1245 1252 1276 1282 
30 517 577 601 919 962 1030 1129 1196 1233 1241 
303 311 371 417 448 470 655 851 895 1026 1096 1108 1230 1295 1375 
25 127 230 296 357 365 456 601 648 649 876 1122 1153 1160 1226 
340 432 519 541 617 684 1062 1238 
230 575 619 904 
215 235 246 488 673 1017 1086 1121 1156 1174 1203 
49 106 108 126 196 307 440 638 1038 1062 1152 1225 1266 
59 184 367 429 805 855 1027 1193 
103 191 313 352 512 557 874 988 1159 1324 
24 29 37 339 387 388 435 985 1141 1142 
21 1156 1205 1317 1338 1374 
155 296 464 528 678 717 921 978 1052 1093 
35 226 283 333 385 419 489 513 516 696 856 892 963 998 1011 1021 1392 
21 29 35 107 161 165 425 580 624 970 
99 121 133 153 280 331 421 663 688 756 837 891 960 1013 1083 1087 1274 1386 
529 978 1215 1316 1373 
