1439 8310
153 183 215 263 372 811 910 1084 
4 446 1088 1097 1145 1161 1190 1225 
17 59 70 166 169 253 544 849 874 880 1157 1173 1257 1312 
2 66 162 251 325 541 800 890 927 1234 1397 
33 148 213 330 621 
18 35 46 139 244 307 324 569 610 647 684 728 768 1076 1178 1195 1216 1227 1288 1315 1395 
248 351 400 696 882 914 1294 1321 1333 
305 353 367 576 620 693 897 978 1020 1035 1040 1097 1335 1404 1410 
22 228 297 448 532 613 615 641 749 803 908 991 992 1073 1351 1409 1420 
123 157 242 264 451 492 647 666 718 864 1031 1088 1322 1334 
174 405 453 842 905 1069 1086 1354 
16 42 120 136 143 170 405 415 434 473 1094 1184 
753 760 855 877 1240 
227 302 443 562 565 876 897 926 931 1014 1055 1233 1241 1288 1400 1403 
174 217 278 684 728 806 864 1142 1160 1276 
12 43 349 541 622 628 672 788 809 818 925 1031 1091 1388 
3 44 390 395 433 477 703 877 941 996 1039 1214 
6 67 305 525 848 1057 1312 1430 
149 206 229 621 806 1236 1394 1423 
62 63 107 133 225 296 318 365 446 546 622 698 779 920 1244 1268 1320 
460 527 665 686 835 1037 1183 
9 79 129 133 257 313 350 361 1026 1096 
167 193 220 335 492 674 742 792 901 991 1118 1327 1431 
37 205 229 245 265 277 326 375 418 507 620 686 700 855 1220 1245 1311 1387 1428 
222 250 278 426 755 946 1008 1060 1256 1260 1295 1331 
63 169 218 227 376 449 588 996 1003 1031 1066 1272 1432 
100 190 466 468 552 566 603 730 860 
112 128 250 344 423 471 609 700 861 1062 1172 1196 1356 
97 265 277 398 562 674 875 930 958 1031 1122 1185 1237 1258 
177 579 672 780 787 803 973 1007 1034 
150 472 475 501 513 535 633 701 798 1033 1269 1342 1388 
102 208 296 463 523 635 720 737 775 791 1035 1180 1226 1400 
5 136 139 184 574 765 910 934 1253 1387 1412 
169 190 292 374 376 434 602 1044 1344 
6 40 185 269 375 516 640 657 662 730 750 756 767 792 1202 1227 1290 1306 1389 
40 311 324 348 569 667 838 1014 1087 1213 1214 1241 1263 1395 
24 488 604 750 980 1369 1435 
88 307 408 618 736 798 1121 1354 
45 154 212 660 719 793 811 1123 1189 1367 
35 36 110 263 366 439 591 694 742 803 989 1083 1255 1350 1417 1432 
44 70 217 303 367 394 692 771 856 1015 1111 1152 1169 1268 1410 
12 282 432 529 623 633 885 1012 1118 1143 1374 1386 
16 168 424 625 767 824 846 854 964 972 1123 1170 1286 1346 
17 41 426 478 1136 1283 1308 1347 1396 
39 67 78 84 169 218 391 1048 1238 1293 1397 1405 1433 
6 241 245 438 502 538 565 742 759 837 846 860 986 1066 1127 1230 1301 1316 1417 
429 556 591 724 905 926 966 1308 1350 
67 135 606 756 882 1016 1037 1151 1187 1390 
51 69 236 377 381 498 821 841 885 896 918 1022 1171 1186 1227 1292 
88 146 645 747 868 949 1167 1187 1345 
49 90 325 537 549 634 752 761 1038 1073 1406 
58 96 128 305 675 868 1035 1055 1064 1077 1305 1318 
153 293 398 637 769 777 955 1132 
58 84 185 241 305 546 642 651 657 797 868 910 934 1106 1179 
169 229 418 442 743 838 867 888 1040 1128 1203 1295 
58 258 294 556 691 761 1121 1191 1263 1266 1292 
409 442 466 484 595 758 803 1306 1319 1403 
52 54 56 108 117 252 296 385 1152 1295 
3 61 162 322 405 447 881 1050 1151 1254 1363 
81 111 164 236 313 437 481 544 581 594 703 782 857 968 1121 1258 
59 183 208 340 366 379 386 588 730 744 810 900 970 1037 1102 1122 1370 1390 
20 228 611 644 704 798 839 864 1322 
20 26 173 214 403 1122 1356 
70 207 379 427 430 440 444 580 673 689 976 1221 1279 1305 
153 319 388 456 653 686 698 836 850 857 904 1138 1195 1277 
4 673 699 716 727 890 1155 
18 45 48 307 411 574 593 693 759 806 1073 1165 1196 1261 1265 1429 
164 257 399 540 874 964 1027 1091 1124 1318 1333 
49 435 475 603 648 811 852 1089 1145 1197 1347 1348 1401 1425 
3 41 64 116 182 270 284 426 656 878 1044 1312 1409 
218 405 436 602 618 660 663 682 801 871 1010 1050 1077 1160 1176 
181 186 483 693 860 933 984 1330 1413 
117 268 453 785 870 880 998 1083 1232 1322 
139 242 505 548 607 966 1095 1257 
290 348 433 533 653 1231 1348 1384 1393 
119 202 287 289 341 359 368 604 741 886 888 1007 1020 1204 1363 1380 
101 184 321 594 797 1041 1205 
45 105 382 550 685 877 936 1197 1424 
22 97 185 342 440 567 579 770 785 817 1058 1336 1407 1408 
122 202 476 695 750 754 1007 1351 1430 
60 170 171 202 228 310 376 378 522 631 723 848 880 943 1402 1423 
137 156 182 264 369 415 461 582 1001 1203 1223 
178 469 472 701 722 773 920 1001 1197 1217 1263 1319 1326 
45 54 376 381 497 629 689 836 848 979 1010 1081 1324 1380 
150 170 417 501 903 998 1029 1174 1197 1216 1284 
114 240 258 261 431 506 593 654 878 1072 1203 1399 1409 
312 470 533 542 924 1053 1135 1334 
38 50 344 387 723 753 850 1052 1317 1323 1436 
92 244 274 302 306 392 682 712 782 829 846 873 923 969 1099 1146 1310 1400 1405 
51 101 146 283 477 612 621 643 723 753 980 995 1017 1053 1103 1342 1392 
98 377 432 612 614 933 1082 1135 1150 1303 
89 385 404 438 475 680 729 854 965 1004 1050 1100 1231 1255 1289 
117 247 326 462 544 568 736 1169 1308 1346 1376 
264 308 371 602 624 666 713 731 875 900 930 949 963 1047 1228 1315 1322 1426 1433 
313 359 361 379 423 493 821 958 1061 1203 1400 
52 443 668 693 750 807 845 1222 1350 
29 79 193 335 408 566 793 912 939 1187 1333 1388 
91 193 276 281 437 501 1136 1300 
228 235 328 535 740 848 873 934 965 1055 1095 1162 1172 1187 1266 
27 102 150 169 200 220 332 462 500 526 810 915 966 969 1013 1017 1107 1271 
77 90 203 222 392 483 511 804 1256 1376 
32 100 124 371 591 918 963 1010 1076 1082 1133 1135 1318 1360 1368 1391 
343 370 456 495 525 779 795 815 1132 1261 1304 1349 
159 209 305 330 353 408 478 713 879 1207 1277 
78 154 289 301 346 453 595 656 893 1000 1063 1302 1333 1352 
158 183 278 660 692 693 838 1167 1266 1302 1432 
20 166 229 432 497 498 499 612 959 993 994 1041 1105 1129 
58 612 720 775 859 930 1000 1375 
225 415 419 601 736 929 1009 1234 
40 138 332 351 503 577 595 739 863 879 1159 1164 1197 1254 1339 
60 164 197 337 372 718 780 1141 1199 1347 1416 
28 261 359 496 552 581 673 759 774 1023 1243 1307 
228 230 497 529 579 599 724 892 1180 1265 1282 1331 
86 185 337 518 544 672 713 823 1034 1317 1340 
316 416 596 710 737 1087 1397 1428 
70 120 169 263 279 378 462 592 695 869 872 1273 1289 
58 73 93 151 256 263 314 426 595 751 1079 1214 
171 202 354 545 593 690 781 949 950 1083 1154 1226 1353 
76 157 193 359 413 474 565 680 779 850 1294 1351 1407 
12 116 294 350 599 600 643 651 796 882 1270 
172 416 468 875 978 1063 1066 1175 1244 
80 458 593 665 776 798 821 879 973 1166 1320 
10 287 339 377 462 500 687 764 798 873 1035 1154 
102 269 533 567 590 616 884 905 995 1182 1365 1404 
262 344 357 628 644 823 826 838 871 1032 1034 
236 271 618 653 1028 1137 
370 429 778 853 903 954 1126 1161 1431 
28 52 169 203 218 302 455 537 647 729 912 1069 1148 
22 509 611 861 1018 1129 1269 1337 1431 
144 535 571 662 679 763 808 946 1113 1202 1367 1436 
384 571 605 651 678 721 1242 1377 
192 379 453 707 970 1007 1105 
20 22 203 345 460 501 693 943 972 1180 1280 
348 377 462 649 795 1102 1371 
48 308 351 439 860 1082 1187 
12 33 189 310 324 551 857 871 995 1075 1401 
82 239 319 409 857 976 1154 
110 219 606 621 890 920 969 1026 1053 1116 1177 1294 
6 33 74 317 425 498 599 637 725 795 811 865 1308 1412 
194 220 400 405 650 728 737 807 858 1055 1096 1137 1377 
195 238 680 697 1010 1228 1291 1374 
467 599 653 713 764 809 933 995 1373 1412 
12 299 550 660 835 977 1182 1303 
130 165 610 691 844 1023 1106 1242 
200 876 1079 1126 1145 1317 1377 1422 
50 90 209 299 323 345 813 849 970 
231 426 539 563 665 865 876 1053 1350 
5 281 311 350 362 514 677 1000 1297 1305 
19 263 494 918 
31 85 100 486 549 558 593 630 650 1050 1204 1247 1422 
117 220 430 544 659 695 886 989 1167 1295 1332 1378 1391 1414 
492 928 984 1068 1158 1205 1238 
1 53 65 202 228 436 482 516 778 825 842 858 1046 1203 1269 
39 105 196 259 525 579 650 675 832 972 1167 1178 
161 198 268 391 405 554 709 762 785 917 1082 1164 1184 1336 1343 
82 164 196 253 279 635 649 733 830 886 919 930 1058 1186 
10 119 355 427 578 594 610 911 1067 1268 1270 
106 182 197 424 425 477 526 702 750 899 989 1239 1335 1410 
104 247 268 322 383 520 627 885 892 949 1036 1090 1181 1330 1396 
210 360 688 771 786 923 992 997 1094 
155 313 369 543 764 819 1062 1324 1376 
4 59 196 233 281 540 603 674 675 727 930 1065 1134 1191 1295 
703 822 911 1057 1219 1245 1343 1419 
60 68 111 156 349 351 418 476 490 538 699 1225 1301 
144 180 196 217 306 440 604 694 1422 
3 107 229 415 460 547 588 613 638 840 856 890 912 986 
23 232 583 649 878 1020 1071 1205 1208 1294 1325 1369 1410 1422 
43 180 245 628 675 1330 1365 1404 1430 
3 26 34 45 55 100 116 128 326 344 571 610 616 694 722 947 983 1009 1435 
12 81 85 210 272 275 428 492 504 
81 118 550 778 885 899 1195 1295 
121 574 720 738 865 1122 1196 1283 
63 330 557 636 658 756 1087 1140 1373 
11 15 320 404 483 635 736 775 790 877 896 1035 1055 1114 1149 1254 1393 
207 487 1120 1368 1373 
337 583 709 1203 1379 1416 
30 223 270 281 285 333 799 831 842 886 1124 1200 1217 1372 1406 
83 202 264 340 668 721 727 884 936 1033 1228 1321 1377 
312 363 401 497 817 912 1037 1053 1256 
165 168 479 670 673 764 1344 
72 430 771 831 849 904 1098 1162 1254 1423 
70 82 158 322 402 546 735 881 950 1098 1101 1121 1124 1134 1172 1344 
1 61 106 369 1219 1273 1306 1317 1435 
33 77 337 480 671 717 734 799 978 990 1235 1262 1283 1330 1340 1372 
35 54 79 114 320 360 369 370 823 825 885 962 1195 1302 1320 1391 
72 189 681 1215 1301 1348 1404 
447 622 689 770 952 1026 1048 1354 
283 289 467 483 487 644 946 1028 1093 1118 
136 186 217 272 376 524 734 908 1023 1097 1114 1129 1130 1198 1286 
27 34 233 266 580 617 1153 1228 1319 
435 491 523 608 747 826 854 1218 1222 1392 1397 
132 308 546 789 959 1028 1115 1153 1248 1347 
23 97 98 119 678 729 809 839 843 937 1068 1218 1428 
140 360 766 780 833 958 986 1125 1340 
141 344 409 504 538 573 618 726 758 769 938 949 951 973 1034 1137 
154 156 162 165 462 524 659 867 1006 1284 
111 158 383 452 510 659 660 760 819 836 981 1025 1050 1061 1085 1195 1426 
155 463 637 672 785 901 1011 1217 1274 1368 
551 569 676 678 777 805 1014 1223 1254 1346 1367 
100 145 604 1020 1131 1346 
212 271 323 365 432 460 533 669 834 1056 1404 
76 80 81 118 153 178 337 377 409 492 496 600 710 807 861 1024 1150 1175 1430 
101 128 133 299 484 630 705 1010 1015 1109 
259 307 345 443 491 703 829 1031 1086 1212 1248 
24 244 311 362 507 538 553 621 623 1306 
19 260 469 759 842 1065 1131 
64 175 425 476 497 531 630 665 732 749 943 1056 1231 1250 1345 1352 
32 61 257 482 1151 1395 
104 146 309 493 598 647 832 1202 
160 170 221 438 660 1090 1146 1209 1400 1404 
251 447 545 619 781 941 989 1049 1195 1208 1235 1307 1397 
39 201 216 342 773 843 1031 1329 
5 242 557 641 657 703 711 
63 241 261 393 440 519 566 613 711 796 809 1112 1120 1121 
1 453 599 993 1112 
212 383 431 535 673 692 884 927 982 1029 1105 
15 41 165 189 263 289 398 400 582 921 1104 1218 1278 1397 1423 
26 45 71 128 269 337 415 629 763 968 1041 1166 1324 1414 
138 271 340 491 519 525 562 798 802 814 877 1046 1063 1396 1408 1415 
23 100 140 151 305 404 661 884 908 1197 
210 372 412 445 458 494 538 854 1005 1147 
25 101 252 333 387 412 515 665 881 887 1064 1120 
177 284 413 444 663 691 1073 1175 1256 1306 1427 
260 343 405 420 434 454 518 613 806 824 850 950 998 1022 1133 1432 
20 109 398 971 1094 1304 1336 
308 830 867 1045 
14 26 250 298 307 343 456 489 517 578 913 961 968 1169 1283 1319 1398 
9 62 81 99 113 153 254 405 418 431 738 741 759 1184 1235 1341 1412 1413 1421 
19 24 55 107 166 230 231 282 359 796 883 1009 1143 1283 1414 
113 229 356 896 992 1006 1096 1169 1236 1287 1362 1395 
147 229 240 456 525 573 698 868 1195 1219 1367 1377 1396 
167 287 489 785 1164 1243 1323 1433 
162 190 247 248 276 340 594 644 703 708 711 1184 1258 1321 
276 578 616 641 902 1039 1073 1307 
99 254 273 367 650 732 764 780 922 1166 1254 
49 60 126 295 450 479 555 574 885 1042 1062 1090 1174 1349 1355 
269 343 570 644 781 824 945 983 1287 1362 
141 270 400 557 571 669 748 762 840 895 1026 1072 1075 1296 1315 
137 408 437 528 579 631 689 1208 1273 1302 1322 1412 
86 231 303 406 466 618 657 732 750 859 861 1187 1267 
46 54 214 243 324 461 543 561 749 891 962 1148 1405 
10 74 213 280 458 527 828 1038 
241 440 599 602 676 726 770 1119 
6 89 205 257 406 475 500 705 731 800 910 1113 1153 
24 46 168 389 458 460 668 688 924 1113 1356 1379 1425 
301 400 422 463 564 634 763 1050 1057 1104 1225 1374 
93 159 233 586 651 719 746 772 1127 1133 1155 
7 233 295 329 426 433 439 750 814 1000 1054 1140 1200 1327 
323 452 687 1057 1180 1242 1255 1313 1437 
25 28 227 302 360 521 545 647 700 769 788 862 1018 
4 211 358 424 430 480 535 568 638 723 789 1076 1138 1173 
58 222 254 339 348 643 684 702 707 772 848 1066 1112 1233 1332 1402 
3 156 314 409 574 661 887 1068 1211 1322 1426 
228 235 252 363 379 398 809 1028 1051 1300 1368 
375 602 778 863 957 978 1017 1079 1224 1241 
117 542 683 693 710 859 961 1037 1180 1249 1260 1375 
22 68 208 244 262 299 313 526 534 544 628 988 1077 1329 1406 1419 
56 86 346 473 627 667 760 778 788 794 806 837 
154 204 417 583 730 774 776 799 935 1219 
206 224 566 600 639 868 885 1000 1324 
86 112 214 313 324 497 717 792 834 900 978 1043 1149 1243 1336 
125 257 286 305 450 609 617 746 873 970 1013 1061 1090 1116 1169 1237 1300 1398 
1 40 116 117 149 217 565 598 625 647 775 778 798 856 896 980 1073 1109 1156 1176 
10 82 94 178 321 809 967 1387 
24 29 333 358 574 639 990 1161 1180 1356 
190 339 405 482 663 666 942 997 1056 1187 1361 1408 
544 764 878 913 1058 1073 1082 1104 1132 1158 1213 1288 1328 1363 1420 
73 155 159 313 494 510 780 845 953 1098 1135 1181 1283 1391 
35 124 218 237 929 939 1220 1276 1299 1379 1420 
70 177 238 391 497 604 1053 1084 1224 
126 201 219 347 470 690 734 783 859 1053 1214 1327 1382 
170 189 298 334 336 377 436 518 651 1239 1272 1324 
235 306 371 770 777 1007 1092 1113 1324 1412 
89 302 392 420 496 677 694 760 990 1410 
170 532 536 754 896 936 1374 
98 233 234 361 367 525 633 830 866 963 999 1024 1042 1137 1210 1235 
24 29 339 538 664 722 772 1012 1281 1366 
15 25 106 606 677 905 1086 1104 1131 1163 1186 1213 1297 
116 156 394 423 481 516 523 568 581 669 735 894 1021 1034 1387 1400 
242 799 845 848 895 897 1042 1115 1116 1227 1245 1282 1368 
98 148 162 177 321 356 556 578 588 609 642 785 1013 1043 1141 1284 
42 229 574 698 738 801 961 990 1022 1130 1259 1279 1300 1408 
90 188 334 359 509 521 528 774 820 1067 1083 1178 1432 
70 223 352 440 458 955 1112 1139 1193 1199 1281 
177 325 340 431 477 839 1019 1039 1189 
262 492 666 716 788 796 1055 1268 1278 1378 1387 1413 
76 123 232 416 425 487 636 693 736 803 856 953 1000 1315 1378 
503 525 806 850 901 919 1024 1031 1112 1307 1436 
76 105 188 217 682 703 780 881 949 956 1046 1080 1205 1349 
75 453 598 664 708 787 1025 1092 1271 1436 
370 438 473 510 795 892 916 918 1008 1052 1088 1116 1123 1150 1208 1323 
34 372 467 587 734 743 765 810 977 1083 1303 
53 329 404 509 522 824 829 1314 1343 1368 1422 
56 120 401 407 513 548 933 961 965 971 1083 1111 1136 1299 1405 1415 
236 248 677 680 816 892 1016 1081 
20 32 58 351 533 607 899 985 1196 1270 
9 304 456 500 542 735 1241 1291 1318 1423 
227 272 363 430 480 485 625 772 861 886 1009 1049 1422 
143 146 203 257 364 528 669 799 936 950 1088 1322 
378 462 612 778 792 1023 1076 1159 1254 
105 246 462 534 642 684 724 742 838 886 992 1266 1267 1278 1302 1328 1356 1385 
14 89 128 250 274 879 910 957 1097 1100 1390 
41 240 492 741 785 808 1048 1197 1375 
297 881 933 972 1137 1152 1263 1418 
8 18 52 54 104 220 262 428 690 695 830 890 1037 
89 165 273 388 401 557 578 651 755 857 904 1137 1306 1401 1424 1438 
6 38 67 204 227 324 593 732 780 798 903 994 1087 1100 1182 1202 
94 135 192 226 351 357 383 452 459 477 901 1032 1166 1262 
209 401 816 965 1053 
81 136 614 678 850 1183 1321 
36 148 205 371 379 637 699 726 831 863 1046 1216 1370 1428 
87 179 388 453 475 710 793 992 1065 1253 1313 
22 60 95 161 257 261 268 397 569 655 660 724 734 789 900 944 1017 1071 1280 1315 1339 1393 
117 253 554 684 834 870 1100 
357 361 647 806 1090 1203 1214 
115 328 437 776 1128 1375 
139 331 436 499 737 1010 1167 1243 
20 1133 1226 1270 1388 
65 137 333 451 463 611 775 897 1029 1047 1078 1335 
174 185 576 703 720 932 1006 1124 
77 264 281 365 405 417 664 854 905 940 1033 1093 1172 
59 159 182 361 403 431 956 964 1415 
146 201 249 500 675 843 1016 1123 1291 1417 
6 36 136 241 261 307 507 516 638 652 655 821 872 894 904 932 951 962 1178 1342 
4 51 285 417 443 621 
24 93 169 677 695 710 728 835 1000 1117 1260 
332 336 369 628 875 980 1322 1356 1370 
99 316 453 466 546 587 602 846 1200 
248 293 472 623 666 854 886 912 1063 1148 1162 1167 1174 1181 
5 104 173 479 599 630 648 765 819 1377 
317 377 539 669 708 736 766 856 890 929 985 1078 1126 1323 1339 
100 110 327 464 657 792 811 945 1014 1036 1084 1235 1357 
177 222 265 319 416 426 552 672 691 748 955 986 1068 1118 1123 1168 1279 1318 1381 
272 283 451 486 740 834 840 861 1016 1054 1130 1163 1197 1379 1437 
23 97 434 693 1371 
272 327 541 656 1075 1097 1313 
111 114 176 184 202 218 508 591 695 754 930 1130 1262 
510 724 771 793 811 883 1000 1252 1350 
123 252 266 277 347 472 496 654 775 829 1020 1105 1247 1264 1360 1437 
61 178 219 233 285 393 415 615 736 782 841 1006 1175 1192 
76 688 947 1094 1173 1275 1282 1402 
79 212 354 415 566 758 819 951 1005 1195 1253 
103 224 227 237 351 402 422 490 566 601 722 734 1066 1209 
28 88 125 169 195 451 469 677 716 855 864 1172 1275 1348 
133 146 204 537 558 587 604 606 773 900 1002 1036 1388 
105 258 357 607 762 824 836 845 912 1151 1152 1232 
271 339 426 427 562 633 779 978 996 1195 
36 75 134 252 489 497 766 767 991 1014 1043 1185 
16 164 381 666 673 722 937 1158 
22 120 148 498 691 709 940 1014 1035 1091 1142 1217 1373 1386 
7 110 135 164 296 308 343 445 453 597 876 926 991 1017 1307 1308 1352 
284 612 685 828 1034 1125 1158 1253 1292 
8 104 542 1012 1126 1365 1386 
118 342 610 645 674 742 945 1341 1359 
157 418 637 684 1022 1348 1418 
230 281 405 505 519 562 577 668 781 1150 
125 308 315 346 455 595 635 660 817 1083 1234 1316 1382 
251 265 453 541 633 1111 1249 1270 
76 95 112 119 229 283 587 599 714 828 861 970 1298 
160 185 194 250 366 418 511 1062 1249 1258 1340 
22 95 276 315 322 376 506 617 951 1067 1137 1322 1437 
148 205 458 662 740 1075 1237 1321 1356 1379 
179 254 298 534 591 763 869 917 1311 1329 
299 512 530 762 850 926 947 1052 1277 
20 201 321 408 433 438 594 655 668 763 832 997 1223 1309 
40 61 360 473 862 914 944 978 1118 1395 
8 41 235 276 413 417 434 577 710 1025 1121 1130 1239 1256 
76 792 886 1108 1125 1233 1412 
82 161 183 185 327 529 559 617 835 883 1005 1199 1293 1409 
103 127 185 291 480 595 690 836 974 1103 1113 1154 1167 1426 
94 102 273 311 477 494 644 699 941 985 1038 1348 
1 111 221 292 509 854 929 955 1121 1208 
425 557 649 664 672 673 965 1005 1059 1439 
34 470 481 690 1040 1082 1213 1214 1372 
24 35 255 541 568 723 752 815 885 945 1066 1175 1353 1371 1391 
26 34 81 84 189 361 396 431 631 783 891 908 994 
49 91 123 134 202 272 331 421 447 484 768 1060 1305 1339 1343 1394 
81 116 300 481 579 907 957 1313 1325 1340 
61 64 95 132 254 311 697 773 824 1064 1093 1281 1354 
415 742 911 977 1015 1044 1078 1202 1220 1271 1427 
49 84 349 415 643 959 1037 1289 
78 384 397 511 578 828 961 1006 1109 1292 1347 1368 
159 197 216 308 418 587 623 694 1016 1087 1103 1401 
131 382 675 827 866 914 952 991 1150 1212 1295 1342 
58 92 506 745 763 894 944 
61 420 763 854 979 980 1176 1281 
88 222 877 1075 1332 
65 306 312 811 973 1043 1167 
245 463 952 1060 1116 1281 1295 
17 479 516 668 853 885 896 928 1305 
45 155 270 543 546 591 600 778 937 1113 1288 
89 101 274 478 715 724 912 1007 1273 1279 1280 1334 1344 
214 340 515 666 737 981 1232 1419 
41 279 420 645 1220 1359 
17 467 541 581 790 829 906 1056 1098 
376 770 833 866 1040 1078 1415 
313 382 796 802 
29 53 217 225 254 417 428 650 683 760 844 896 1012 1071 1094 1102 1104 1121 1201 
68 616 645 818 938 1290 1342 
7 140 217 238 246 909 1232 1249 1259 1312 1432 
179 294 306 309 443 463 684 756 1012 1105 1200 1241 
182 343 476 560 749 764 852 922 1017 1183 1250 1272 1294 
63 322 430 592 848 1237 1255 
92 174 220 293 423 430 528 531 602 853 854 1136 1155 1283 1285 
11 12 59 71 140 155 224 228 266 321 356 531 678 846 948 951 1272 
240 244 427 452 557 625 631 659 974 1332 1371 
294 648 662 729 934 956 1007 1100 1167 1437 
38 97 104 239 365 471 500 710 747 1041 
57 137 195 202 253 471 503 528 688 731 938 1185 1298 
521 535 553 1043 1372 
67 543 977 987 1069 1202 1287 
221 222 630 651 750 771 813 947 1123 1219 1244 1280 1387 1398 
119 223 367 551 579 798 986 1126 1187 1338 
542 601 760 761 810 1010 1180 1221 
12 82 109 166 218 340 342 380 381 487 914 937 1042 1046 1054 1145 1167 1272 1302 
115 121 287 333 477 516 652 723 1079 1144 1244 
85 259 321 325 367 398 596 767 801 1107 1170 1206 1213 1417 
24 55 164 228 355 360 383 627 992 1061 1062 1090 1312 
109 579 867 874 946 1282 
224 274 386 394 690 843 1032 1157 1376 1414 
377 426 495 756 761 823 945 979 1062 1072 1193 1254 1410 
246 343 425 477 544 565 574 597 636 727 871 876 1128 
28 95 279 404 569 638 682 760 791 1046 1394 
43 158 251 474 741 765 913 924 932 936 1119 1217 1329 
139 158 207 287 373 422 430 466 914 933 1148 1224 1281 
25 44 70 117 147 248 333 347 421 646 745 947 984 1144 1253 
64 157 347 406 550 732 917 946 987 995 1185 1364 
170 305 398 549 626 685 859 960 981 1038 1054 1214 1421 1431 
47 127 593 722 723 962 1116 1249 1333 1403 
64 151 181 251 298 403 404 425 535 579 597 632 677 759 819 925 1095 
86 216 228 285 322 376 593 699 908 928 1033 1272 1312 1384 1401 
42 91 107 201 545 1027 1072 1075 1095 1177 1212 1401 
17 75 248 365 657 734 793 959 1009 1110 1346 1366 1404 1426 
12 34 224 335 367 504 540 551 625 817 940 956 1028 1189 1256 1375 
69 191 698 931 1005 1248 
71 153 272 317 531 590 620 928 935 1043 1061 1067 1161 1167 1437 
60 98 239 316 656 882 1027 1044 1155 1284 1355 
46 92 210 291 365 583 743 921 999 1074 1190 1344 
40 135 248 575 912 928 1109 
64 79 165 214 243 284 642 733 810 856 895 965 995 1312 1429 
757 803 852 913 992 1051 1092 1118 1187 1365 
55 57 698 892 1013 1140 1226 1425 
14 96 204 325 401 556 682 885 1002 1297 1355 1416 1435 
64 223 839 1102 1351 
221 351 511 514 640 877 1133 1155 1294 1327 
2 20 451 457 707 1277 1323 
59 187 211 377 590 696 740 743 751 855 979 1045 1113 1207 1225 
9 478 562 577 688 840 854 870 919 991 1077 1157 1180 1197 1271 
26 722 1078 1165 1212 1214 
236 262 464 480 704 814 815 1116 1294 
10 319 334 344 446 459 470 660 693 812 826 847 930 1286 1439 
197 249 308 406 675 747 850 940 1021 1076 1265 
11 73 105 132 215 290 312 328 351 358 509 847 895 907 1133 1206 1300 1352 
224 503 630 832 1033 1077 1119 1132 1157 1331 1426 
128 357 493 758 891 1298 
65 103 227 231 297 529 728 894 940 1055 1240 
446 491 593 677 716 752 1146 1151 1178 1287 1372 
122 221 242 245 284 362 540 593 690 778 782 875 968 990 1201 
308 451 534 624 629 758 767 772 1057 1362 
21 133 166 201 245 682 936 1166 1236 1303 1311 
82 241 471 626 709 846 1120 
93 100 116 123 134 196 300 301 475 793 834 1090 1284 1304 1432 
32 198 246 319 389 401 554 623 637 912 952 1065 1144 1153 1199 1231 1288 1348 
332 450 782 900 967 973 
544 899 944 1317 1437 
27 57 240 328 425 507 583 787 799 877 1022 1048 1066 1194 1324 
142 188 292 395 537 591 597 690 753 892 1247 1341 1373 
27 121 490 680 723 770 1088 1296 1389 
83 206 344 495 582 631 651 750 886 1048 1072 1203 1238 1286 
87 271 374 451 580 611 650 915 1093 1409 
28 408 409 461 513 541 571 1073 1090 1209 1231 1232 1294 1311 1356 
31 83 329 339 675 885 1191 1340 
12 258 291 366 792 986 1262 1343 
119 424 822 912 989 1293 1347 
31 69 92 244 312 462 609 650 804 919 968 1033 1044 1087 1127 
80 164 207 402 483 504 770 941 1025 1059 1164 1284 
17 90 158 285 308 371 416 422 543 963 998 
44 104 392 448 526 696 841 922 1086 1248 1422 
180 236 330 390 485 522 640 828 844 1187 1312 
184 251 298 370 450 568 619 772 927 959 1105 1332 1439 
60 279 374 378 612 820 982 1007 1083 1185 1250 
153 208 266 581 717 822 922 929 1031 1048 1426 1438 
72 101 174 188 476 569 611 695 925 1010 1018 1041 1048 1143 1172 1309 1329 1402 
57 203 377 576 699 737 1154 1294 
298 479 621 650 653 698 705 764 849 925 1255 1419 1427 
150 334 636 943 1082 1296 1302 1367 1386 1412 
175 188 287 415 663 679 687 880 977 1051 1188 1252 
37 797 828 963 1037 1045 1075 1193 
227 232 348 629 835 1059 1272 
164 343 468 557 672 908 975 1011 1027 1310 1323 
191 204 219 457 502 519 588 646 1000 1099 1385 1437 
10 23 152 170 202 286 303 507 624 643 747 792 874 882 1048 1083 1088 1357 
95 209 455 570 666 1064 1086 1367 1383 1392 1408 
149 221 268 371 521 543 637 801 822 866 872 891 950 1049 1050 1051 1130 1227 1353 1405 
103 421 469 587 777 857 895 1015 1060 1126 
112 202 274 339 561 581 697 863 878 943 1203 1228 1300 1439 
84 107 113 179 207 261 270 348 563 573 770 870 909 1147 1183 1302 1358 
49 107 139 350 573 591 1075 1128 1240 1242 1266 1279 
107 317 739 903 922 1040 1070 1071 1075 1377 
100 123 244 297 323 408 758 1030 1290 1300 1393 
31 85 98 133 672 845 883 1048 1159 1258 
46 491 609 626 692 779 951 1055 1174 1289 
110 288 409 454 520 610 776 919 1316 1345 1425 
170 195 434 476 603 639 656 876 1093 1125 1154 1182 1334 1353 
74 356 519 610 790 995 1067 1174 1354 1370 1394 1398 1435 
86 361 385 592 632 766 774 832 1092 1139 1164 1308 
24 205 324 466 492 939 1021 1022 1075 
337 557 663 810 905 1062 1142 1266 1333 1377 1382 1431 
129 283 293 372 453 571 666 854 864 979 1053 1246 1253 1333 
197 268 291 338 553 559 1219 1281 
101 360 382 445 513 642 930 
364 733 814 866 921 940 1191 1347 
31 294 471 511 527 673 843 957 1400 
148 445 616 720 976 977 1035 1116 1185 1309 1409 
222 393 553 567 852 882 1013 1173 1343 1380 
35 153 279 324 390 416 746 982 1003 1187 1189 1272 1313 1323 1405 
227 538 687 925 951 1098 1168 
114 224 272 932 942 1079 1180 1280 
214 219 356 491 505 673 732 808 879 921 1087 1240 1430 
159 503 548 912 1004 1278 1379 1421 
250 283 410 494 545 713 882 965 1354 1368 
81 293 479 534 762 797 1112 1232 1263 1300 
32 191 279 659 724 808 814 926 1155 1219 1325 1350 1406 
189 196 649 738 785 886 893 1269 1364 
18 103 154 219 231 276 288 612 619 709 714 848 891 1051 1077 1091 1394 1422 
100 158 257 478 574 596 607 778 1080 1400 
21 242 513 575 621 633 692 818 863 949 993 1043 1205 1296 
239 283 299 404 409 570 692 712 840 964 1090 1133 1228 1236 1411 
42 113 369 456 602 694 754 808 838 843 883 1038 1086 1107 1176 1321 
364 591 612 644 720 756 947 984 1093 
207 404 405 436 642 848 1301 1345 
9 275 687 706 937 1149 1198 1216 1258 1371 
75 87 124 201 296 585 602 613 687 696 697 863 869 899 1032 1234 1419 
257 301 363 459 522 689 802 950 1120 1186 1191 1254 1350 
31 99 130 216 251 410 430 781 853 1038 1205 1237 
275 644 666 669 832 837 889 1193 1282 1285 
51 128 345 467 557 580 620 813 849 978 1004 1264 1349 
46 164 195 205 221 277 517 576 674 688 754 859 1135 1150 1164 1267 
147 331 703 771 791 968 1151 1377 
68 162 434 458 614 701 998 1275 1290 1292 1366 
4 16 336 358 375 395 471 596 775 850 914 1077 1121 
87 256 297 353 414 719 749 1054 
161 241 391 411 477 494 547 560 746 861 985 1075 1126 1141 1145 1153 1211 1355 1368 
3 60 93 114 151 257 267 422 465 561 708 893 1015 1067 1095 
118 211 250 432 521 644 957 976 990 1089 1345 1395 
20 54 182 192 328 391 669 701 849 854 1082 1207 1355 
166 543 556 598 752 753 754 769 873 956 1043 1134 1352 
74 294 520 648 963 1083 1437 
51 150 428 829 1055 1417 
78 143 171 427 625 633 666 671 969 1177 1244 1312 
136 199 413 434 579 672 715 871 1210 
27 112 333 617 743 802 844 891 897 1203 1208 1300 1306 
205 410 510 515 590 756 779 1196 
155 314 463 562 659 701 838 964 1173 1293 1373 1396 1407 
236 1170 1190 1276 
47 56 281 443 547 634 646 718 774 789 892 989 1023 1077 1104 1114 1192 1252 1309 
173 213 238 306 373 406 490 508 537 637 679 837 1208 1279 1310 
150 345 566 573 576 591 595 723 903 911 948 1206 1344 
369 510 834 919 952 1150 1243 1380 
402 543 756 757 772 957 982 1006 1307 1330 
241 496 544 651 859 1080 1172 1200 
14 29 219 347 356 448 554 688 816 892 959 1109 1184 1203 
147 497 680 785 897 938 970 1052 1166 1203 1233 1434 
246 591 593 1009 1204 1363 1403 1423 
14 46 119 263 422 695 726 773 963 1253 1313 
27 97 214 260 342 343 558 778 957 965 1079 1085 1413 
79 124 515 1104 1207 
93 251 279 375 480 906 973 1060 1100 1266 1280 1286 1368 1370 
6 36 199 313 423 483 669 723 899 962 1002 1039 1089 1120 1332 
237 493 528 698 757 892 1235 1382 1405 
130 131 169 238 471 509 737 752 758 1077 1098 1129 1163 1370 1432 
582 722 1016 1144 1154 1265 1288 
195 231 497 498 558 684 720 1012 1189 1279 
33 67 172 236 253 265 282 422 526 633 894 989 
439 527 673 807 1012 1087 1134 1166 1192 
8 320 484 538 558 753 815 823 893 897 918 1231 1398 
110 356 367 448 841 889 967 1099 1278 
157 227 234 281 306 382 602 655 770 1129 1155 1257 1402 
30 79 113 154 239 378 413 419 430 551 613 689 692 833 1052 1307 1337 1345 1398 1409 
64 190 470 537 814 836 954 1229 1230 1233 1303 1323 
60 112 279 395 482 496 609 633 760 814 1076 1089 1168 
82 217 469 572 748 804 916 941 1155 1169 1254 1257 1378 
167 176 259 438 466 790 875 935 965 970 1131 1194 1291 1391 
590 722 753 840 1122 1137 1191 1302 1391 1432 
533 606 663 1030 1419 
247 795 1182 1212 1261 1318 1323 
292 328 345 359 383 495 592 647 829 
26 61 166 281 491 857 885 924 1049 
599 
124 436 447 553 584 624 712 930 988 1175 1279 1312 
40 47 102 337 363 391 467 498 530 558 564 783 1119 1122 1144 1193 1236 1314 1431 
116 403 506 587 623 683 1054 1355 
67 86 118 122 150 307 429 431 457 458 564 1015 1230 1270 1312 1352 
60 77 157 233 365 717 821 980 1062 1319 1341 
57 105 110 117 357 370 558 667 681 709 835 929 1160 
115 417 526 541 802 938 1340 
351 422 430 467 606 704 839 935 1071 1089 1202 1355 
209 263 290 547 694 759 1032 1358 1415 
113 120 139 142 215 243 330 359 589 629 774 953 1291 1366 
120 202 260 391 808 858 888 901 1118 1206 1232 1425 
109 343 414 609 889 1043 1113 1152 1159 1413 
34 71 94 243 255 328 404 529 533 578 786 967 1028 1075 1118 1143 1207 1243 
27 69 162 504 659 835 961 987 988 1149 1196 1297 
37 76 165 200 270 345 683 772 792 841 890 901 1037 1079 1085 1284 1358 
131 671 731 887 1002 1160 1237 1262 
48 138 278 345 585 597 633 1062 1195 1262 1397 
74 296 346 526 632 641 696 720 738 771 793 1137 1231 1339 1355 1392 1436 
191 732 739 796 820 988 1028 1126 1256 1272 1373 1439 
28 262 281 475 502 581 601 682 838 998 1051 1054 1109 
6 144 157 169 354 503 505 709 717 1066 1094 1184 1269 1341 
62 129 319 470 483 773 992 1037 1208 1220 1347 
90 91 107 108 300 352 481 525 530 631 718 746 801 931 968 977 1007 1063 1103 1160 1192 1225 1431 
9 166 214 224 533 579 743 862 958 1019 1177 1385 
91 310 540 742 863 894 1000 1096 1268 1285 1338 1381 1384 
9 340 637 869 1238 
124 169 234 399 514 700 720 754 778 1076 1090 1172 
190 262 361 369 552 917 1044 1364 
38 71 126 195 240 686 725 896 984 1008 1042 
211 480 525 728 744 753 761 1034 1202 
8 24 436 537 820 1051 1137 1138 1292 1295 1428 
5 19 90 138 205 325 485 527 678 741 753 871 959 1089 
16 20 187 839 865 920 1014 1049 1296 1349 
42 205 329 383 463 592 784 826 1010 1024 1130 1234 1241 
94 459 492 590 655 665 750 824 845 878 880 1029 1141 1312 1323 
43 263 298 406 434 550 663 811 831 943 955 1013 1108 1206 
428 461 502 707 864 914 915 948 964 1039 1103 1141 1287 
159 258 418 663 1232 1233 1275 1386 
16 125 168 257 327 742 744 864 913 1056 1148 1269 1395 
84 218 459 489 599 639 653 656 683 703 730 853 946 1062 1224 1280 1439 
150 203 207 330 412 454 716 952 1079 1233 
81 239 376 406 469 612 837 936 1024 1216 1296 1347 
430 506 607 658 816 821 916 955 1175 1249 1437 
31 42 276 347 358 527 550 574 581 606 915 987 1261 1274 
51 246 556 873 1273 1352 
32 156 174 357 814 1097 1207 1319 
173 287 422 486 789 794 879 992 1243 
53 139 198 311 355 463 494 557 615 711 1083 1121 1149 1349 1434 
166 251 324 423 658 706 730 842 922 1021 1269 1418 
260 265 504 629 788 938 1166 1192 1245 1262 
35 445 479 687 862 976 1009 1338 1361 1369 
9 213 234 607 
54 281 301 440 511 531 668 773 780 877 994 1007 1115 1155 1167 1199 1322 
90 120 252 381 492 1149 1310 1348 1428 
62 125 188 233 237 371 530 536 545 747 1032 1134 1343 1430 
50 354 394 399 921 1001 1157 1170 1231 1264 1303 1304 
426 491 556 851 1198 1217 1321 1381 1389 
6 10 128 209 250 263 315 587 665 780 796 832 924 1019 1238 1315 
69 330 407 548 833 871 933 1017 1124 1139 1206 1401 
134 156 167 373 524 863 1119 1163 1387 
140 150 154 235 398 470 475 485 692 766 985 1195 1242 1290 1407 1425 
54 120 131 247 272 306 412 469 561 709 735 788 822 944 
324 416 858 913 991 1137 1159 1281 
65 75 126 142 485 629 725 880 932 1111 1115 
86 339 766 839 858 892 954 1116 1349 
313 324 365 578 624 871 1023 1383 
70 105 336 437 504 629 1078 1108 1308 1376 
35 54 213 240 332 433 824 954 1348 1358 
173 632 638 804 945 954 1019 1284 
151 196 197 406 523 554 603 920 1117 
39 71 106 143 197 210 313 357 451 879 947 977 1054 1093 
220 253 691 888 1091 1127 1130 1165 1230 1345 
35 130 362 407 759 964 1063 1359 1397 
71 223 266 487 508 585 625 627 834 948 
277 290 321 373 797 881 898 904 
21 122 147 207 222 624 647 684 865 962 985 1099 1241 1379 1408 
10 94 266 286 329 349 393 493 509 536 550 822 1015 1108 1124 1380 1389 
36 258 595 891 1013 1170 1210 1262 
96 178 245 356 365 390 642 740 900 979 1173 1251 1277 
201 238 279 299 331 536 546 569 743 934 1036 1070 1217 1310 
180 1011 1048 1051 1103 1240 1405 
184 550 605 688 912 928 971 992 1084 1207 1223 1232 
16 30 114 198 333 373 490 501 551 887 1259 1284 1407 
64 66 112 180 216 349 373 513 519 575 734 1029 1203 1303 1342 
23 29 162 354 538 683 689 862 1025 1075 1345 1392 
52 154 162 168 323 384 452 472 734 877 938 1119 1245 1405 
199 243 892 1240 1386 
148 274 278 295 326 344 430 457 728 737 910 1251 1272 1282 1287 1316 1373 
131 193 199 310 405 621 689 802 911 967 1375 
130 487 557 748 775 936 1249 1262 1286 1343 1396 
92 119 141 295 468 563 682 749 811 938 1286 1289 1371 
186 595 763 873 1328 1407 
71 89 289 423 443 460 609 680 1085 1161 1362 1383 1390 
256 398 592 604 629 674 831 1275 1398 1407 
6 15 252 301 314 355 401 573 665 689 961 1209 1236 1347 1394 
78 352 428 989 1098 1103 1346 1428 
21 24 65 618 710 870 1164 1348 1376 1433 
123 249 487 517 532 533 640 897 898 1273 1362 1369 
160 245 341 409 448 538 562 671 752 862 873 944 996 1115 1422 
64 84 187 239 534 579 674 678 684 747 1185 1272 1316 
118 271 305 370 374 420 458 467 697 790 947 1111 1249 1257 
56 144 223 333 350 661 
41 106 216 502 527 528 579 650 838 874 928 1094 1212 1232 1413 
8 67 72 96 106 133 256 287 335 451 755 766 932 1101 1149 1292 1363 1368 1380 1416 
40 165 169 274 383 529 598 804 847 1164 1273 1275 1280 1333 1366 
80 116 151 305 326 337 483 565 790 803 852 1021 1164 1168 1347 
7 447 478 533 607 827 829 883 907 1156 1293 1354 1377 
141 379 496 533 690 802 894 1152 1402 
20 65 231 282 435 442 485 570 699 820 954 1032 1108 1419 1420 
66 164 311 371 431 484 698 729 983 1165 1282 1283 
24 28 250 616 705 957 1065 1104 1259 1260 
31 83 540 546 554 761 765 851 1122 1139 1378 
158 252 715 723 971 1014 1024 1107 1430 
17 60 163 204 213 233 289 320 539 629 830 868 1066 1074 1129 1209 1289 1386 1437 
62 450 597 901 919 983 996 1011 1017 1054 1319 1386 
203 244 485 700 736 846 1008 1136 1292 1328 1370 1417 
532 638 898 1026 1129 
132 252 446 626 803 1083 1155 1428 1436 
233 290 331 544 792 857 958 1104 1299 
155 176 350 461 525 595 610 651 933 1086 1137 1270 
115 202 256 312 326 367 408 686 1000 1312 
213 214 233 637 914 990 997 1059 1233 1247 1294 
89 528 590 744 828 929 1049 1220 1282 1325 1330 
94 104 114 142 521 725 746 754 767 949 1110 1329 1380 
359 525 791 820 929 935 1096 1116 1335 
392 551 702 803 815 865 931 1017 1363 
66 286 344 457 630 795 939 1131 1157 1244 1316 1371 1391 
184 261 482 594 610 906 1248 1272 
10 111 556 612 901 903 944 949 1014 1065 1096 1104 1206 1222 1235 1315 1343 
39 247 542 867 903 948 1238 1372 1414 
32 108 172 320 514 530 573 607 616 736 744 952 965 990 997 1078 1405 1428 
131 178 792 914 980 1040 1066 1095 1242 1437 
83 169 277 343 349 429 449 572 584 780 884 977 1020 1040 1344 1349 
81 88 90 251 375 416 429 468 558 569 702 781 793 1052 1162 1270 1389 
47 113 301 313 338 392 523 1099 1235 
139 618 653 713 908 1373 
195 243 311 565 867 876 896 995 1016 1073 1094 1136 1138 1337 
66 162 178 422 828 888 1001 1111 1234 1312 1331 1338 1381 
6 15 140 326 456 619 677 764 814 980 1097 1243 1248 1345 
92 128 193 407 699 888 1301 
27 35 61 259 629 638 792 796 894 932 1075 1233 1241 1275 1323 1350 
94 244 409 605 759 801 902 938 1129 1150 1175 
207 235 240 307 427 519 608 817 844 889 896 918 1006 1086 1120 1175 1215 1255 1301 1373 
156 440 512 957 1267 1347 1402 
184 189 271 292 313 343 433 673 675 753 756 892 1071 1294 1406 
182 279 297 651 1106 1358 
38 93 109 174 287 331 340 705 720 1051 1150 1199 1394 
32 115 140 317 393 484 571 677 747 1002 1143 1163 1202 1293 
172 228 282 524 607 740 845 997 1088 1339 
110 499 608 922 935 1004 1135 1212 1417 1425 1439 
99 334 362 447 668 738 771 872 921 1006 1050 1198 
76 228 303 424 621 1209 1272 1433 
23 40 46 301 354 380 614 628 867 920 1189 
55 292 438 447 552 613 669 821 1096 1289 
61 619 628 712 720 891 1164 1198 1199 1310 1400 
385 426 1001 1220 1435 
247 262 516 543 612 713 835 852 1419 
50 191 408 452 492 644 689 737 1384 
238 333 582 679 790 830 1193 1209 1250 
9 207 241 402 542 680 750 899 1029 1033 1044 1060 1093 1149 1308 1313 
35 37 80 96 158 240 248 412 469 624 749 808 968 985 1027 1310 
117 447 888 965 1028 1262 1331 1430 1433 
51 375 457 547 571 688 783 886 999 1056 1067 1132 1161 1328 
13 88 90 467 547 576 584 619 621 734 756 857 875 1167 1303 
80 275 337 529 538 547 616 713 886 994 1086 1278 
25 306 693 938 1056 
35 48 173 401 421 530 553 560 734 753 782 854 935 974 1099 1116 1312 1328 
441 560 570 800 816 828 917 955 977 1050 1061 1402 
57 195 342 455 459 500 571 860 902 1169 1325 1361 1395 
46 67 112 206 228 430 598 662 731 891 1024 1192 1230 1427 
13 197 258 274 398 414 423 581 779 1099 1157 1277 1322 
51 56 414 421 619 701 855 990 1063 1143 1227 1250 1264 1343 1394 
155 238 346 364 522 828 845 1065 1172 1244 1280 
130 218 246 363 365 385 386 681 1386 1402 
123 142 161 180 235 267 402 485 728 875 881 920 1258 
33 292 330 424 701 878 931 942 
194 331 348 506 650 654 693 819 898 1182 1309 1323 
35 43 348 417 459 713 824 882 1178 1354 
6 377 770 1254 1300 1435 
53 195 250 547 843 1199 1226 1303 
79 187 243 273 396 468 476 497 578 768 1094 1102 1170 1336 1374 
41 160 181 338 412 539 607 740 932 1122 1436 
247 252 277 298 459 480 560 604 903 911 960 993 1005 1131 1158 1294 
83 212 345 379 565 611 642 815 854 1060 1067 1186 1216 1309 
112 259 283 506 556 599 838 855 881 1047 1073 1090 1151 1329 
32 108 174 263 319 339 541 679 791 874 1234 1315 1339 1399 
122 259 316 503 877 1131 1214 1267 1308 1437 
53 199 273 495 828 920 941 
127 153 171 255 258 263 300 391 458 526 566 616 886 1004 1134 1399 
20 103 119 347 502 553 760 887 898 1044 1172 1182 1430 
30 111 194 235 268 289 307 642 647 722 1020 1147 1185 1314 1337 
118 211 237 356 535 723 805 870 891 916 923 1136 1147 1236 1241 
60 89 340 458 464 756 852 981 1163 1242 1304 1346 
271 376 591 752 806 918 925 1087 
623 978 1306 
73 79 155 198 232 281 303 524 563 793 1214 1264 1270 1355 
160 602 794 936 1005 1186 1285 
30 290 466 854 940 974 1161 1256 
16 250 258 286 639 651 842 857 1045 1047 1289 1294 1331 1343 
192 251 313 556 636 1032 1052 1139 1239 1263 1391 
174 395 505 583 690 695 748 873 897 1093 1192 1247 
32 423 539 714 775 857 1188 1262 1321 1402 1434 
23 35 261 300 332 368 473 492 604 708 721 730 811 872 931 1176 1232 1290 1321 
39 97 312 338 433 462 607 723 785 1109 1159 1162 
258 636 786 1115 1132 1305 1317 
103 134 139 291 586 716 845 854 899 1094 1146 1192 1251 1315 1340 
120 214 229 286 397 608 647 730 812 856 942 1171 1231 1410 
54 77 488 522 664 798 815 943 1066 1314 1347 
31 38 62 122 123 219 263 307 413 797 825 957 1108 1129 1260 1416 
177 184 259 280 299 466 800 830 859 897 
4 244 757 799 924 1153 1285 1320 
71 282 417 494 612 731 928 955 997 1070 1347 
219 397 534 552 596 678 697 817 853 1004 1180 1182 1354 
9 30 40 57 287 441 695 707 715 891 895 944 992 1003 1152 1260 1287 
101 475 582 658 694 912 1174 
199 781 1180 1256 1299 1407 
15 19 67 224 258 288 315 783 921 987 1074 1357 1422 
96 140 202 575 935 1084 1413 
130 303 519 523 529 600 750 860 901 1140 1232 
16 142 193 214 254 264 813 838 902 1066 1167 
61 100 292 414 440 508 912 1001 1049 1351 
1 39 69 139 332 338 388 625 680 792 1004 1014 1119 1416 
451 796 945 1090 1237 1281 1291 
146 412 537 809 933 1112 1115 1358 
219 248 450 512 523 580 581 635 728 837 874 1035 1039 1076 1099 1178 1406 
103 375 450 576 715 773 797 861 911 1017 1225 1353 
295 309 562 632 757 818 861 915 991 1061 1117 1143 1267 1370 
79 179 357 434 732 802 934 985 1434 
16 399 527 816 1046 1202 1385 
161 197 330 342 430 766 828 1082 
283 481 608 620 698 714 838 979 1115 1281 1376 
49 95 122 324 594 632 743 956 1015 1051 1103 1105 1200 1302 
163 474 482 494 651 666 837 1126 
114 125 185 421 576 850 1035 1164 1253 1398 
43 224 237 293 346 379 624 657 767 836 881 935 1060 1200 1322 
153 185 798 839 999 1094 1308 
125 191 451 623 906 1053 1236 1249 1259 1349 1353 
384 696 952 1014 1046 1107 1167 1214 1429 
242 352 359 382 479 488 712 727 757 762 777 819 860 866 895 1005 1117 1221 1431 
89 204 293 339 395 549 587 696 882 910 948 1074 1179 1235 1243 1337 
156 226 276 305 703 748 799 851 1038 1258 1437 
177 181 311 625 683 987 1249 1330 
154 209 365 454 506 536 647 1000 1057 1159 1185 1209 1254 1395 1424 1436 
194 396 579 648 843 1019 1147 1372 
201 261 314 334 462 559 663 842 1014 1157 1285 1312 
21 143 326 369 489 595 603 746 1210 1223 1281 
65 84 197 346 370 580 824 859 931 1101 1223 1278 1375 
46 258 536 557 631 814 822 890 1034 1085 1420 
36 55 106 125 301 529 554 609 692 774 809 820 858 992 1032 1163 1264 
62 193 285 444 597 622 654 825 901 983 1305 
166 238 334 448 528 584 852 943 987 1145 1372 
49 340 478 577 604 1218 1228 1318 1412 
11 153 177 206 638 788 834 855 1255 1337 
193 212 323 420 513 529 769 833 902 920 1030 1250 1359 
144 398 479 552 732 861 1040 1063 1250 1325 
96 268 280 346 501 624 738 762 795 917 1132 1155 1337 
43 46 89 328 405 461 705 1099 1224 1373 
451 453 694 1051 1053 
18 81 84 99 252 280 403 525 531 1020 1177 1221 1360 1394 
3 146 181 485 537 546 875 886 1056 1070 1242 1351 
65 88 119 224 288 310 364 452 541 823 1029 1173 1301 
646 701 830 938 971 1240 1350 1389 1432 
69 402 441 515 695 746 782 840 890 1020 1029 1137 1203 1211 1234 
127 390 404 535 629 802 999 1017 1091 1101 1406 
43 92 191 221 321 329 372 386 404 448 509 546 756 773 787 795 984 1006 1035 1107 1152 1181 1208 1209 1309 1400 1435 
13 24 344 447 761 774 842 965 1141 
41 166 263 287 331 440 796 1015 1046 1054 1058 1275 1318 1402 
60 65 136 137 306 495 588 708 753 788 791 948 1086 1092 1164 1260 1278 1401 
140 153 600 652 654 838 1072 1075 1101 1334 
108 240 256 271 428 538 561 799 836 878 1226 1285 
27 46 72 135 758 808 828 1256 
28 129 202 240 298 334 359 543 815 816 844 920 985 1122 1151 1231 1249 1306 1338 1359 
250 366 613 640 674 688 1065 1128 1223 1270 
110 255 311 496 527 533 614 649 867 868 881 891 941 1283 1406 1437 
10 15 62 344 509 626 628 889 1079 1147 1157 1175 1187 
139 147 172 622 665 715 1017 1037 
276 384 396 494 512 828 1215 
55 196 226 419 719 726 742 863 883 908 1308 
50 52 54 231 260 703 863 976 1210 
116 363 533 615 870 1104 1303 1309 1388 1406 
73 314 448 497 686 781 869 886 1154 
71 125 136 422 551 621 648 655 912 1055 1060 1091 1407 1423 
116 324 494 740 792 992 1016 1061 1119 1184 1266 1335 1370 
89 99 123 262 547 634 681 688 790 1047 1053 1229 1300 
3 68 419 492 692 775 814 904 1028 1042 1338 
29 94 121 327 458 583 753 764 849 895 976 1078 1118 1173 1381 1436 
14 145 147 351 422 504 726 1078 1172 
13 17 78 174 219 387 445 466 642 675 776 889 999 1043 1050 1092 1109 1381 1403 
70 86 167 267 496 624 765 859 983 1341 
104 110 122 302 519 636 660 944 1045 1157 1271 1435 
3 73 81 487 624 653 903 1054 1101 1116 1198 1263 1438 
59 182 222 289 304 664 764 774 824 863 1046 1307 
7 48 120 437 492 515 521 767 829 1406 
229 338 369 501 529 696 867 912 1094 1188 1376 1428 
124 178 216 220 722 916 1039 1075 1146 1312 
42 49 159 171 185 236 260 375 390 443 472 588 975 1003 1104 1233 1249 1419 1424 
76 151 156 177 298 301 329 368 469 524 752 754 778 849 870 978 1032 1137 1263 
222 253 605 672 779 988 1036 1355 
55 76 600 661 727 729 751 914 1080 
536 577 601 732 864 877 955 964 1002 1131 1167 1303 1335 
4 66 138 166 305 331 604 837 852 894 921 
241 376 455 494 525 552 667 744 759 781 803 863 974 1170 1194 1304 
113 159 291 295 442 467 556 562 570 654 676 734 1055 1273 1281 1337 
105 524 544 576 903 1233 
279 324 385 456 574 614 697 730 890 925 943 970 1105 1155 1287 
238 280 440 453 495 803 828 875 927 972 1028 1046 1148 1180 1267 
49 174 230 263 275 390 398 618 726 732 930 950 1039 1166 1208 1430 
8 14 280 319 552 563 576 687 790 799 1051 1274 1342 
664 687 706 766 779 968 1002 1379 
158 171 296 465 533 569 749 795 1003 1032 1034 1133 1319 1363 
61 94 261 313 345 464 668 1058 1115 1376 
23 198 288 308 600 604 704 718 808 839 1031 1229 1330 
234 731 758 809 843 1016 1296 1298 1335 1386 
85 127 307 499 558 718 719 772 880 893 960 1092 1184 1256 
65 181 306 324 664 874 1119 
11 47 124 278 321 508 965 1106 1151 1206 1255 1278 1307 1363 
395 568 717 826 1049 1062 1153 1156 1253 
378 453 696 1225 1288 1303 
9 189 220 376 431 490 725 867 991 1198 1344 
400 497 1061 1138 1204 1257 
1 33 54 244 302 677 829 1018 1085 1104 1153 1183 1259 1287 1363 
157 163 380 558 678 772 815 1013 1014 1071 1116 1158 1223 1242 
97 128 166 179 329 346 392 439 463 474 520 671 804 810 871 883 1027 1242 1273 
227 267 424 441 628 652 915 931 945 1014 1050 1074 1118 1142 1233 1305 1325 
7 366 384 415 425 541 626 711 721 888 947 965 989 1042 1159 1266 1286 1340 1422 
100 470 626 633 816 913 984 1088 1203 1303 
291 582 632 781 884 988 1028 1170 1233 1412 
155 363 427 617 757 845 1311 1338 1406 
49 102 149 291 576 732 783 931 945 1009 1108 1145 1213 1270 1281 1322 
156 288 448 475 503 559 704 1024 1037 1270 1368 
20 83 138 622 659 742 764 777 843 861 1010 1142 1157 1344 1345 
217 438 512 519 645 740 806 890 1058 1094 1103 1148 1313 1348 
235 402 478 482 499 638 739 1093 1110 1311 1355 
89 160 781 942 1058 1085 
87 245 424 588 647 800 1155 1177 1387 
16 430 483 485 517 783 894 948 1029 1125 1292 1401 
14 47 351 364 523 985 1146 1420 
4 216 480 895 966 1079 1112 1145 1200 1280 1310 1326 1431 
152 390 431 436 439 671 692 801 965 1007 1008 1391 1424 1429 
109 269 331 372 482 595 712 714 1242 1302 
29 94 108 156 162 337 451 511 590 896 947 1011 1063 1068 1103 1259 
14 435 612 715 765 792 836 913 918 966 1234 1331 1421 1432 
320 324 424 518 653 693 730 771 943 956 965 1050 1376 1416 
72 91 142 294 304 425 648 709 813 938 965 1047 1050 1211 1329 1400 1438 
33 54 99 407 669 817 1052 1089 1382 
259 436 583 597 714 739 756 807 824 970 998 1181 1204 1372 1399 1401 
78 178 275 299 424 460 631 679 786 946 962 1027 1196 1241 1405 
193 349 391 415 532 980 985 1252 
195 399 409 563 596 639 675 680 731 755 851 933 1028 1266 
97 269 507 716 1094 1121 1153 1178 1207 1275 1434 
321 350 434 452 456 512 787 1323 1331 
17 211 371 476 582 777 863 980 1050 1099 1151 1239 1360 1382 
266 518 765 796 923 1124 1338 
81 133 207 486 496 625 797 840 894 932 1185 1255 1276 
313 366 385 465 651 688 718 803 879 1288 1349 1371 1386 
237 332 354 375 421 658 812 913 918 980 1036 1408 
25 130 188 419 427 629 936 968 1057 1315 
169 341 364 412 426 530 660 690 914 930 997 1178 1315 
405 558 626 663 719 829 857 925 959 987 1149 1186 1252 1399 
50 94 118 159 195 289 527 713 718 1017 1154 1208 1247 
118 182 224 299 494 534 896 1141 1241 1330 1375 
195 324 342 361 405 502 517 956 967 1014 1177 1202 1236 1329 1421 
187 384 389 463 559 630 720 827 1174 1178 
268 287 599 1023 1090 1137 1181 1197 1231 1287 1388 1406 
127 580 654 657 658 698 1198 1283 1330 1369 
53 284 333 372 625 632 757 801 889 991 1347 1363 1439 
289 322 407 434 547 821 932 951 1008 1203 1277 1281 1422 
255 302 378 513 545 560 566 700 733 798 973 1039 1067 1305 
29 95 194 613 708 1066 1112 1170 1395 
107 192 381 433 480 562 621 948 995 1079 1149 1223 1375 
428 772 903 1024 1078 1182 1242 1416 
227 256 282 294 382 603 684 972 1001 1201 
185 241 324 429 569 665 936 1106 1144 1176 1205 1337 1357 1416 1430 
94 102 276 477 488 548 565 1051 1102 1401 1415 
43 68 322 528 554 626 662 889 
92 99 294 309 373 440 521 566 583 720 751 855 905 914 928 932 933 1119 1191 
47 74 100 927 931 995 1009 1049 1176 1384 1433 
264 464 577 602 678 951 1286 1431 
60 218 227 458 475 539 612 750 898 946 993 1032 1033 1338 
89 100 138 550 1000 1039 1092 1166 1221 
61 132 146 262 359 563 583 894 935 1010 1076 1127 1392 1428 
225 294 671 702 851 1124 1275 1309 
43 133 154 304 895 961 1134 
30 122 195 388 464 568 957 1024 1131 1146 1268 1419 1433 
370 406 756 787 891 1048 1080 1112 1184 
490 885 1064 1207 1229 
64 137 514 545 640 868 875 1057 1163 1304 1327 1422 
143 292 380 411 487 514 612 660 722 757 1086 1310 1435 
8 121 184 255 261 347 366 537 784 886 1014 1024 1080 1153 1199 1411 
84 386 421 447 509 668 820 1038 1162 1281 1372 
37 90 263 327 386 594 721 728 937 941 945 1054 1069 1230 1313 1418 
197 393 428 782 1166 1198 1216 1222 1284 1311 
216 481 516 560 1377 
169 237 699 704 839 878 988 1064 1129 1212 1225 1325 1329 
72 152 426 530 618 854 915 1291 
296 331 371 543 650 665 750 817 861 926 937 
46 166 194 333 413 473 1161 1198 
411 427 603 633 806 831 840 948 1020 1325 
257 590 603 608 887 916 983 1169 1331 1373 1378 1393 1430 1432 
40 151 158 211 474 556 574 685 914 1000 1170 1319 
184 265 274 282 458 545 711 720 761 994 996 1016 1071 1128 1218 1248 1269 1307 
9 23 348 351 384 448 652 816 908 955 1361 1420 
9 160 230 301 312 418 441 611 636 671 803 838 872 1067 1202 1254 1330 
107 215 527 772 968 1027 1074 1385 
107 307 376 642 754 990 1136 1302 
90 124 136 142 427 440 505 726 959 966 1046 1064 1126 1141 1147 1250 1325 
17 26 347 688 704 990 1162 1403 
160 266 365 711 720 738 801 947 1008 1078 1290 1415 
73 85 224 477 540 609 935 1062 1178 1229 
276 438 752 825 853 877 1073 1091 1133 1155 1181 1202 1225 1239 1252 1274 1299 1400 
105 108 148 248 260 287 326 338 491 614 710 832 969 989 1083 1254 
82 83 645 727 745 810 961 1249 
345 443 569 605 737 889 898 1010 1168 1396 
26 516 803 885 899 1122 1187 
92 520 537 739 778 802 811 1094 1325 1356 1372 
221 342 369 373 435 772 786 828 1114 1325 
196 230 320 340 382 560 732 740 854 1099 1126 1376 
30 76 80 132 273 392 407 481 612 642 928 1065 
25 291 618 705 928 956 997 1223 
109 169 229 298 433 564 640 918 966 1021 1300 1320 1335 
71 84 102 141 203 317 414 483 623 920 970 1002 1048 1070 1168 
198 490 670 704 930 1020 1030 1124 1136 1268 1431 
42 277 353 398 401 573 575 1209 1329 1342 1410 
100 262 281 442 515 625 667 911 1054 1288 1383 
14 36 199 332 348 350 622 702 718 811 827 834 911 913 951 978 1293 1295 
41 203 380 495 544 593 666 821 856 1194 1287 1297 
48 295 323 334 383 572 726 872 902 990 1132 1248 1291 1349 
90 100 255 313 351 402 648 704 715 815 853 865 949 1025 1035 1047 1154 1298 1374 1410 1412 1430 
129 250 483 910 1252 1268 
285 613 647 658 833 1121 1255 
8 76 167 200 339 722 780 848 852 987 1011 1084 1203 
279 452 507 638 695 1009 1029 1278 1319 1407 
49 224 282 355 466 507 1035 1317 1331 1413 
112 144 189 300 556 655 953 1155 1390 1439 
202 276 288 623 631 702 759 919 960 973 978 1095 1119 1189 
197 290 367 476 674 1017 1227 1231 1430 
22 138 187 238 706 1176 1254 1262 1294 1305 1395 1429 
68 432 437 490 750 912 936 993 1066 1132 1232 1376 
126 188 192 254 434 602 608 751 874 895 916 938 1062 
85 216 319 624 673 749 850 852 925 1021 1047 1069 1174 1175 1290 1323 1373 
500 585 843 1011 1098 1100 1291 1293 1355 1370 
10 16 26 29 204 212 288 482 901 1140 1202 1234 1376 
125 308 420 533 598 644 698 789 838 886 899 968 
31 178 321 431 454 475 749 968 1159 1173 1342 1354 1377 1413 
30 114 125 195 279 352 619 837 899 
8 32 52 123 174 350 514 814 823 854 1017 1022 1066 1104 1164 1333 
159 332 345 669 887 945 1129 1207 
21 48 61 179 256 305 381 488 604 611 865 919 1159 1177 1281 
51 242 371 428 529 535 830 979 1047 1204 1239 1370 1422 
17 234 285 569 626 814 884 896 957 969 1176 
8 55 374 396 499 721 722 844 1096 1132 1139 1172 1423 
77 107 218 408 483 1165 1173 1403 
236 276 280 415 618 874 914 
261 281 348 388 410 436 527 547 601 877 1074 1091 1288 
34 70 380 437 475 617 749 779 1134 1268 1401 1406 
226 447 488 788 879 1079 1232 1297 1400 
153 219 289 311 415 423 818 827 856 881 895 995 1231 1262 
94 319 774 788 873 933 1017 1029 1038 1282 1428 
45 187 303 466 469 482 483 492 501 670 974 1010 1172 1253 1313 1432 
211 298 494 588 622 712 810 906 966 1328 1413 
59 71 92 150 197 246 494 740 757 877 913 932 933 941 1318 1433 
254 441 487 494 525 609 620 670 736 821 847 897 963 1193 1273 1355 1426 
88 291 364 563 579 723 789 934 1271 1301 1348 
87 90 138 147 179 270 271 309 509 826 847 873 1093 1136 1142 1308 1384 1420 
248 334 415 428 542 592 609 660 704 856 880 980 1013 1075 1092 1334 1358 1394 
14 52 99 140 174 286 456 502 549 871 892 1125 1308 1360 1407 
201 207 266 395 628 752 755 849 1132 1179 1234 1438 
18 163 246 249 459 832 946 976 1101 1117 1236 1241 1351 1402 
79 156 267 856 900 921 923 1069 1138 1306 1351 1353 
373 476 489 711 1117 1275 1330 1356 
25 377 389 495 568 749 773 824 871 1164 
95 197 262 418 436 757 816 872 909 1139 1210 
28 161 236 360 418 421 508 594 606 629 906 998 1028 
105 121 219 329 612 662 761 844 930 1217 1227 1241 1323 
52 222 379 493 975 983 995 1235 1388 1405 
162 206 312 463 700 718 762 862 1007 1125 1128 1152 1314 
26 46 121 252 343 375 466 610 703 721 797 809 958 1027 1035 1297 
157 283 361 436 505 544 752 773 957 992 1111 1386 1394 
152 193 253 333 930 1124 1183 
11 128 411 980 1029 1058 1162 1240 1293 1402 
499 669 801 849 1010 1141 1188 1282 1413 
167 313 398 499 597 734 911 990 1172 1190 1415 1431 
86 238 421 432 469 858 
9 51 67 223 234 263 267 471 726 774 999 1153 1181 1332 
438 703 806 829 913 993 1043 1119 1298 1381 
136 238 336 362 387 432 488 498 499 507 543 602 674 730 858 884 1054 1173 1266 
6 102 251 300 452 581 616 814 970 1134 1142 1175 1199 1246 
52 71 257 448 454 525 541 556 571 1105 1268 1416 1439 
319 331 380 396 449 656 720 875 876 960 997 1245 1280 1297 
117 145 255 416 518 566 604 630 864 927 959 1045 1104 1322 1334 1353 1385 
289 526 561 888 974 978 1241 1335 1427 
84 295 1092 1380 
91 102 135 155 267 374 486 546 819 1418 1429 
40 73 118 283 292 294 357 481 492 548 637 707 1000 1085 1382 
1 270 332 671 807 1020 1326 
197 566 604 682 837 910 923 1083 1130 
11 204 278 478 493 529 709 732 754 857 977 1105 1154 1286 1366 1399 1425 
36 115 173 307 383 475 519 575 783 1259 1277 1316 
2 10 291 299 468 492 738 915 1235 1294 1323 1330 1413 
69 545 569 581 597 621 934 1143 1228 1285 1316 
159 210 236 262 315 418 462 471 528 616 774 812 953 1229 1295 
16 68 350 525 661 853 871 999 1043 1295 1332 1377 
273 290 441 506 857 877 903 969 1054 1081 1093 1169 1278 1305 1355 
188 321 379 470 504 530 660 749 790 922 1053 1092 1190 
12 160 225 341 398 610 692 726 770 795 825 883 921 939 1004 1165 
74 99 430 432 544 721 1024 1174 1203 1295 1346 
22 140 230 614 714 718 743 1040 
2 8 189 302 336 635 728 1155 1221 1284 1295 1350 1379 
181 182 268 395 517 571 685 1030 1219 1361 1429 
89 491 577 665 724 756 760 814 846 941 1006 
92 302 307 314 407 568 1030 1295 
182 693 836 853 858 880 1057 1102 1214 
61 134 398 444 770 963 1101 1296 1386 1417 1418 
90 370 383 612 626 670 685 821 921 930 1314 
217 246 267 278 398 556 567 700 708 718 869 885 910 1035 1079 1123 1191 1368 
107 132 216 339 401 480 821 894 1077 1086 1111 
54 144 735 905 962 1185 1231 1273 
100 417 529 702 827 854 1238 
368 625 656 666 698 798 918 1186 1213 1232 1256 1327 1378 1405 1434 
203 263 382 439 562 609 793 877 
433 713 922 1140 1245 1412 
41 294 358 653 690 727 1067 1105 
214 215 252 284 288 522 813 927 958 974 1145 1221 
130 244 245 273 370 391 447 601 
174 189 556 1005 1251 1313 
192 280 642 653 688 794 813 820 900 1237 1305 1380 
138 262 280 291 389 429 450 514 654 714 756 880 911 1225 1245 1280 1332 
326 659 816 828 1057 1059 1137 1246 
23 42 188 333 366 441 600 602 875 913 1163 1318 
243 424 454 591 649 675 811 872 904 965 1024 1074 1330 1401 
175 214 222 461 534 569 732 1214 1345 
38 56 60 182 214 367 372 398 541 637 939 1019 1199 1292 1419 
29 61 63 172 584 591 701 771 861 1003 1197 1279 
39 43 291 323 333 412 1104 1288 1308 1321 1334 1364 
68 177 182 320 648 666 942 971 1011 1068 1151 1213 1220 1252 1309 1333 1394 
194 352 368 504 925 1055 1065 1351 
127 145 331 353 413 495 543 608 822 995 1006 1154 1162 1197 1312 1343 1380 
46 247 475 661 970 1153 1299 
55 316 422 498 862 990 1065 
107 129 189 571 578 703 706 731 798 983 1036 
189 282 334 337 367 494 623 661 1085 1131 1150 
200 206 278 583 716 772 776 889 973 1130 1365 1394 
53 103 267 454 752 794 845 1016 1027 1040 1056 1302 1316 1355 
102 224 247 318 445 453 528 899 999 1211 1373 
162 182 547 575 644 778 972 1044 1076 1237 1253 
87 91 102 268 538 739 1345 
44 98 294 404 705 726 781 994 1011 1053 1339 1349 1390 1429 
126 140 195 276 304 306 361 584 607 620 652 709 852 886 953 1117 
65 251 620 726 909 1058 1185 1234 1412 
284 506 648 701 789 1040 1061 1291 
173 248 442 808 1031 1110 1197 1216 1228 1341 
111 281 543 624 626 855 950 995 1070 1152 1286 1365 
15 350 508 913 920 1053 1076 1163 1334 1431 
42 229 483 602 737 761 816 1089 
416 426 463 572 591 962 1166 1168 1191 1271 1385 
2 69 145 415 543 840 918 927 1112 1333 
89 210 457 795 884 926 973 1174 
221 497 780 781 833 864 995 1181 
128 241 329 425 628 895 921 1241 1314 
174 261 532 603 637 643 693 749 948 959 1192 1194 1277 1354 1383 1427 
91 202 291 356 384 538 559 731 736 1130 1392 
48 59 208 346 457 539 774 861 905 941 1124 1303 1306 1400 
41 58 304 346 601 697 803 854 1065 1141 1329 1346 1439 
190 192 244 463 543 800 906 910 939 978 1073 1127 1157 1340 
118 123 137 370 484 504 572 870 949 1017 1086 1126 1257 
66 247 404 437 445 523 578 582 642 707 845 894 924 999 1023 1097 1179 1222 1272 1379 
263 696 906 1191 
3 420 448 454 645 716 760 834 864 879 920 1153 1164 1227 
152 267 349 352 772 911 1183 1268 1398 1427 
110 300 501 601 652 793 832 914 1033 1037 1194 1329 
15 71 595 605 612 1222 
2 127 265 436 682 752 787 986 1398 1416 
99 181 329 723 793 979 996 1069 1126 1166 1278 1361 
278 334 571 649 737 782 838 976 1118 1142 1173 1219 1276 1294 1302 1329 1359 
110 155 232 476 506 538 686 694 695 744 823 857 1035 1060 1157 1361 1400 
67 449 661 699 1041 1094 1199 1308 1372 1399 
122 218 235 308 460 563 575 639 896 969 981 1144 1162 1438 
50 106 151 154 317 329 370 388 407 415 436 642 753 809 827 889 1280 1395 1431 
333 517 581 695 1002 1010 1144 1175 1181 1282 1379 1398 
41 93 227 230 262 582 758 988 1092 1295 1366 1418 
43 417 555 645 667 770 891 916 958 989 
49 796 1291 1305 1335 1340 1355 1365 1435 
28 99 182 321 344 483 561 616 762 779 876 1040 1048 1071 1285 
3 251 341 515 554 668 850 875 1033 1041 1075 1163 1184 1189 1368 
85 236 329 502 505 804 952 1029 1095 1146 1267 1275 1338 
121 202 223 340 375 590 632 731 732 864 1029 1076 1168 1205 1225 1237 1416 
71 263 386 529 792 962 966 1026 1039 1229 1421 1424 
138 432 550 613 848 924 951 1037 1295 1307 1429 
6 154 283 324 457 767 814 939 947 952 998 1246 1331 1348 
54 829 1056 1155 1318 
32 113 133 249 256 265 414 448 518 802 805 895 1199 1226 1352 
159 268 329 854 935 953 999 1073 1147 1168 1348 1373 
124 143 307 504 586 766 779 802 960 1189 1258 
21 310 402 497 910 1068 1158 1350 1432 
12 155 228 233 562 610 872 903 974 1173 
29 348 409 427 481 514 689 780 832 943 1106 1138 1265 1283 
49 156 278 534 773 786 948 1108 1266 
48 50 97 99 135 240 266 413 441 479 516 864 1003 1275 1277 1359 1402 
487 791 883 1070 1270 
39 285 434 516 573 742 1024 1173 1182 1280 1344 
2 438 555 1071 1093 1334 1421 
56 162 472 512 534 584 965 1104 1144 1156 1277 1325 1335 1390 
340 556 575 612 639 759 790 795 1149 1368 
284 421 488 536 591 748 1051 
466 583 891 1015 1149 1159 1235 1240 
6 65 171 185 197 211 231 342 347 606 650 1395 
28 67 172 296 553 603 936 1293 1304 1405 
69 78 83 85 110 220 303 334 448 953 1122 1126 1140 1201 1208 1233 1375 
189 532 646 740 744 880 908 954 981 986 1260 
111 284 369 463 642 736 744 769 978 1076 1121 1165 1180 1239 1399 
177 248 328 401 561 821 824 927 1235 1279 1291 
398 458 961 1197 1211 1244 1329 1408 1423 1424 
35 130 209 307 380 411 597 619 737 818 951 992 999 1031 1317 1408 1437 
55 82 86 95 153 176 315 469 496 552 562 563 673 852 915 956 1020 1095 1279 
76 150 564 909 935 1038 
77 152 167 289 527 535 962 1175 1305 1429 
417 453 558 600 625 648 718 905 
104 447 546 567 602 635 671 939 975 1036 1210 1279 1317 1395 
167 211 239 291 372 552 557 611 854 896 949 1197 1269 1349 1366 1383 
210 343 471 684 703 741 748 832 854 1012 
276 551 667 835 868 1061 1207 1264 1408 
253 543 852 933 1133 1201 1394 
204 384 432 449 586 692 739 983 1412 
36 267 278 374 417 918 1108 1124 1229 1429 
17 36 117 271 315 374 428 449 776 785 827 1101 1120 1278 1292 
186 732 866 1260 1280 1315 1417 
6 85 311 532 631 773 981 1140 1342 
83 177 198 350 424 646 669 1063 
191 193 217 841 990 1241 
163 183 231 259 412 510 523 1098 1163 1241 1301 1390 
24 269 380 394 611 712 745 1124 1287 1338 1400 
64 414 828 848 969 1097 1112 1232 1339 
96 191 718 981 1155 1160 1271 1381 
82 199 365 671 835 836 862 911 959 1008 1329 1360 1400 
255 270 425 629 846 1255 1256 1347 1369 
2 164 246 447 612 815 907 983 999 1116 1175 1405 1426 
32 118 318 442 769 859 1180 1234 1306 1321 1365 
6 35 49 280 494 761 1025 1063 1157 1232 1246 1351 
94 141 178 190 496 528 841 1089 1140 
580 873 901 975 998 1090 1176 1213 1420 
46 580 593 661 759 980 
75 92 207 463 471 576 607 645 796 861 953 1025 1046 1106 1324 
73 346 393 400 471 522 600 627 671 692 792 808 1027 1045 1108 1221 1227 
14 252 368 563 580 627 630 711 730 885 893 913 916 1197 1304 1339 1422 1433 
4 109 357 533 623 727 775 852 931 1031 1056 1138 1226 
184 211 228 276 332 570 718 724 829 1064 1088 1194 1200 1271 
19 230 460 528 591 684 781 826 951 1057 1318 1356 
29 262 362 403 535 605 812 1115 1134 1175 1431 
45 152 469 615 647 719 1107 1368 
158 272 367 789 941 999 1038 1199 1344 1380 1414 1439 
13 456 498 519 670 676 851 1069 1194 1260 1376 
14 36 255 297 401 623 665 730 781 936 950 1057 1063 1080 1148 1218 1219 1314 1375 1390 
131 144 249 498 650 721 782 849 911 912 929 960 
112 232 261 317 559 602 636 728 829 1306 
20 121 412 416 550 716 762 1201 
24 163 280 639 675 1078 1110 1116 
509 1076 1117 1178 1227 
150 339 467 711 790 949 1422 
192 204 435 478 717 728 990 1016 1296 1303 1355 
256 358 360 400 429 632 679 690 826 831 861 885 1001 1289 1360 
207 402 481 748 761 843 844 995 
668 677 795 1114 1269 
338 487 556 937 948 999 1018 1124 1322 
33 312 342 352 426 509 565 823 906 1048 1134 1287 
59 110 174 181 199 235 300 421 534 582 768 832 992 1000 1026 
40 92 249 403 485 732 842 905 943 1019 1224 1288 1390 
25 101 179 223 367 434 608 787 805 860 903 1108 1224 
3 74 578 582 690 909 1154 
29 60 233 360 501 532 764 830 1182 1268 
282 400 672 700 826 910 930 1087 
25 256 326 700 798 803 857 1198 1215 1240 1338 1346 
67 103 586 633 1399 
184 308 337 473 605 606 639 667 679 751 791 1026 1046 1307 1403 
36 56 83 304 522 789 880 886 1273 
339 537 645 761 785 838 1210 1328 1394 
67 113 452 572 1185 1277 1367 
56 99 106 301 498 508 568 872 914 938 1075 1186 
240 301 538 733 776 816 895 1174 1432 1434 
20 41 157 286 614 973 1011 1018 1044 1077 1158 1258 
31 129 153 524 610 628 638 990 1208 1251 1276 
120 157 296 318 358 593 709 723 785 862 918 919 1188 1285 
100 290 380 448 879 1052 1144 1222 1235 
26 272 402 405 415 431 489 516 608 677 689 717 741 1155 1436 
116 183 239 392 634 687 694 892 912 1051 1106 1263 1360 1414 1420 
198 633 897 999 1359 
341 344 540 627 683 694 730 856 939 971 1059 1174 1187 1325 
15 269 555 943 1163 1269 1297 1397 
65 104 364 446 668 760 956 1087 1149 1187 1191 1265 1407 
217 286 301 520 577 754 836 857 905 1021 1092 1162 1214 
64 282 333 392 498 557 573 590 1122 1200 1203 1207 1403 
133 313 392 412 518 568 629 694 762 927 1078 1116 1167 1189 1215 1323 
277 284 379 386 389 425 510 652 812 820 835 892 918 956 979 1037 1433 
113 280 341 419 536 677 699 712 1047 1070 1168 1396 1427 
44 172 184 227 229 268 404 699 863 954 1185 
85 196 281 437 462 476 604 658 672 981 1097 1331 
404 536 614 786 800 834 859 1089 1172 1270 1432 
43 189 451 469 568 679 680 914 967 1086 1141 1299 
230 237 411 457 626 677 803 894 910 953 1015 1220 1253 1319 
6 14 267 391 463 572 907 944 1013 1043 1123 1255 1303 1439 
92 116 381 502 680 703 743 788 1249 1426 
35 399 500 540 650 792 997 1029 1346 1353 
141 297 323 583 599 812 984 1016 1030 1139 1171 1200 1400 
49 56 352 382 540 620 693 705 925 1121 1214 1311 1426 
45 369 474 554 696 737 1014 1030 1069 1196 1342 1356 1420 
7 119 138 167 402 445 450 471 484 711 734 772 788 1026 1088 1163 
25 55 58 151 162 171 384 389 620 1014 1090 1091 1095 1097 1100 1169 1177 
238 468 486 527 622 631 902 1102 1248 
148 278 443 603 1015 1045 1066 1078 1276 
359 409 455 902 1017 1074 
269 294 708 805 999 1127 1286 
98 254 262 282 453 496 500 522 552 768 873 1009 1354 
46 164 186 531 729 732 850 1052 1219 1348 
105 106 185 239 301 415 486 497 584 821 929 994 1132 1163 1332 
91 143 292 460 580 645 673 753 769 869 889 907 915 1151 1248 1288 
103 225 462 645 782 891 976 1196 1233 1312 1348 
52 64 148 377 390 794 839 913 957 1026 1092 1115 1171 1205 1388 
35 57 183 205 223 306 552 784 861 1058 1151 1226 1243 1423 
112 211 234 288 351 560 579 881 905 990 1177 1262 1400 
44 47 93 139 351 506 656 749 776 825 867 1053 1055 1123 1165 1330 
365 483 514 556 766 773 854 869 971 1124 1413 1415 
89 490 557 643 669 744 750 927 977 
24 363 460 471 917 922 981 1292 1373 
3 18 70 400 418 431 440 479 550 590 593 624 710 727 756 834 884 1126 1304 1416 
249 312 336 378 516 565 749 921 980 1048 1114 1388 
293 591 780 797 1065 1103 1148 1241 1324 1352 
6 94 238 287 313 647 718 775 795 946 947 1215 1427 
46 357 503 677 689 716 1087 1089 1132 1351 
88 114 145 183 465 794 1022 1202 1207 1321 
52 68 102 297 333 586 841 856 1050 1118 1179 1236 
57 83 190 227 594 635 704 899 989 1021 1287 
20 122 185 800 1009 
7 178 233 310 362 529 646 791 792 1123 1226 1317 1358 
10 62 73 94 239 253 299 327 361 642 760 824 918 1079 1252 
88 232 291 331 446 490 516 580 586 624 730 766 940 1029 1063 1088 1280 
84 161 218 260 272 273 466 1231 1314 
167 378 523 712 758 844 913 983 987 995 1004 1005 1191 1275 
83 927 1084 1337 1382 1409 
23 248 271 445 976 1108 
267 301 681 705 752 756 1049 1264 
212 257 363 424 483 713 774 933 951 983 1012 1152 1159 1163 1201 1223 1331 1410 
72 159 168 184 560 712 831 901 950 954 992 1059 1088 1119 1308 1402 
25 113 454 727 751 788 931 940 988 1022 1178 1284 1329 
151 252 387 406 480 569 1073 1091 1116 1302 
7 68 97 105 429 508 509 694 1035 1124 1145 1356 1425 
10 87 392 504 858 1054 1079 1123 1142 1190 1402 
8 158 319 714 872 889 902 1009 1080 1171 1191 1372 
79 155 225 261 770 1361 1371 
129 579 726 780 829 842 845 892 962 1326 
413 614 640 727 861 874 917 942 968 1174 1220 1260 1360 
110 313 331 377 607 738 775 1136 1221 1233 1403 
114 184 194 360 378 472 596 795 914 1153 1171 1428 
228 354 467 594 610 878 1140 1377 1401 1422 
31 90 324 384 399 673 897 1012 1033 1216 1293 
155 163 293 377 473 515 644 679 718 761 788 1126 
34 180 182 392 438 558 722 908 920 1189 1239 1404 1427 
50 207 503 531 545 579 661 674 728 920 1120 1135 
43 93 199 200 433 685 782 1095 1152 1260 1290 
44 69 111 192 382 474 512 611 631 684 695 733 797 801 955 1224 
69 75 186 344 355 371 463 643 657 686 921 1052 1178 1181 1301 1304 
103 236 289 537 622 637 654 722 826 944 1016 1136 1208 
40 47 96 147 338 523 534 730 851 1097 1183 
9 80 119 444 810 849 1057 1058 1125 1227 1316 
105 207 351 453 547 593 634 1180 1314 
118 375 494 504 815 826 1058 1079 1290 1410 
11 38 187 379 505 521 696 767 802 1033 1149 1300 1435 
236 437 443 543 546 592 597 607 785 887 922 1030 1051 1092 1132 1171 1248 
28 63 245 265 301 327 362 471 1004 1059 1236 1293 1333 
332 492 806 962 1361 1379 
497 598 604 657 735 813 1054 1321 
354 394 662 843 861 1163 1187 1274 1384 1414 
102 339 848 941 1055 1223 1249 1273 1338 
266 640 758 991 1098 1162 1164 1336 1357 1376 1432 
230 237 459 682 687 1376 
59 76 267 564 693 715 899 905 910 955 1381 1411 
427 524 617 1123 
124 168 353 441 1131 1141 1171 1226 1404 
277 433 540 599 694 1086 1169 1208 
39 130 199 231 486 493 1265 1431 
102 175 198 254 280 293 382 521 543 568 693 919 1104 1173 1192 1238 
37 167 640 687 954 1224 
61 311 327 505 568 571 705 816 872 1030 1038 
134 335 375 406 532 680 716 944 1336 1420 
177 184 374 410 457 719 833 840 935 979 1004 1165 1335 
142 173 175 350 467 554 608 677 725 732 846 988 1029 1133 1181 1311 
42 141 246 275 770 1017 1394 
108 256 303 316 434 678 836 950 959 1197 1241 1420 
93 101 161 420 656 686 820 883 900 932 1006 1027 1031 1240 1361 1362 
131 140 145 178 231 330 499 508 539 696 982 1033 1091 1341 
151 286 287 582 701 988 1108 
176 245 269 334 362 520 665 898 1097 1155 1168 1357 1425 
76 84 515 559 666 693 713 1081 1115 1126 1239 1434 
333 614 646 727 875 877 1074 1222 1363 
271 357 508 570 934 941 1083 1326 1413 
493 655 682 1013 1149 1208 
75 431 614 747 966 1053 1359 1404 1434 
301 491 613 818 993 1079 1144 1403 
42 350 353 486 627 676 703 704 763 902 944 1067 1102 1413 
24 33 264 279 286 412 649 924 1394 
16 31 97 318 345 869 953 1064 1305 1313 
35 468 646 666 723 851 
48 61 302 682 1023 1136 1191 1219 1241 1255 
102 151 185 268 375 583 584 716 789 928 
90 191 493 607 674 970 1150 1409 
75 174 313 500 988 1404 
19 377 423 505 525 684 736 761 848 1054 1067 1124 1131 1211 1264 1374 1387 
6 36 208 230 366 545 628 758 832 958 1026 1167 1195 1207 1439 
44 159 219 231 554 679 1002 1282 
4 45 115 191 211 217 606 662 1276 1416 
227 262 412 505 576 579 683 823 1158 1161 1168 1433 
86 775 778 935 948 1086 1165 1199 1261 1418 
14 32 89 95 210 279 513 526 744 854 933 999 1045 1151 1164 1220 1223 1291 1307 
69 136 306 383 431 432 648 857 925 935 963 1044 1119 1341 
81 252 341 483 578 697 733 757 763 791 856 1057 1069 1187 1330 1334 
14 57 429 564 877 996 1041 1262 1279 1339 1385 
8 124 168 186 201 210 433 1344 1365 1384 1393 
45 89 241 294 494 516 570 670 675 720 936 1064 1108 1196 1225 
51 177 257 523 734 814 853 863 869 882 917 953 1044 
79 119 554 650 672 681 683 805 871 1021 1055 1277 1411 
79 219 266 282 493 665 945 1201 1202 1210 
9 70 86 369 470 514 579 1326 1392 
8 41 158 167 274 421 796 1012 1017 1329 1353 1434 
528 978 1363 1407 1423 
33 139 142 228 239 273 368 486 841 916 1017 1110 1138 1212 
72 228 286 566 601 692 807 1022 1033 1049 1070 1088 1309 1382 1386 
151 218 229 420 719 1239 1273 1359 
219 294 322 396 598 963 997 1071 1309 
111 176 443 693 798 811 932 960 962 1077 1161 1175 1312 1397 
40 46 323 417 549 705 739 1102 1215 
304 355 638 980 1082 1102 1169 1399 1431 
163 257 393 485 533 585 698 746 885 973 1121 1428 
9 267 269 698 837 926 991 1053 1229 1273 1293 1371 1375 
228 428 520 931 951 1176 1190 
145 150 165 167 293 298 478 525 688 806 914 956 976 1038 1233 1247 1341 
19 81 181 217 297 564 871 1040 1201 1306 1411 
78 306 832 885 928 1176 1201 
69 245 442 503 600 650 739 1086 1333 1379 
94 197 253 370 433 454 482 1051 1225 1289 1292 
223 380 485 759 1080 1149 1158 1282 1315 1344 
24 115 193 311 620 643 685 707 720 883 970 1047 1340 1419 
67 440 827 928 1026 1082 1098 1136 1177 1205 1213 
18 80 168 202 519 644 702 751 779 896 962 988 1017 1025 
23 127 129 428 508 591 612 828 927 967 1011 1071 1142 1167 1237 1367 1418 
26 40 106 224 283 400 462 571 584 851 931 988 1048 1183 1267 1285 1361 
45 94 232 686 741 751 966 973 1050 1233 1281 1398 
563 637 791 817 939 1108 1267 1380 1384 1410 
37 169 183 443 505 745 768 854 879 977 1171 1354 
88 130 288 290 607 707 771 832 875 1272 
249 334 339 361 407 436 465 491 548 632 703 721 776 830 863 1202 
306 482 880 933 1056 1166 
373 451 480 496 608 629 739 955 1023 1077 1152 1239 1288 1395 
