1486 8798
14 124 187 641 746 766 827 837 848 920 1001 1070 1113 1118 1143 1219 1296 
33 115 207 238 457 522 540 593 611 616 924 1053 1163 1227 1301 1387 1424 
93 174 196 215 242 253 261 646 873 916 1058 1301 1342 
7 12 16 129 168 361 452 527 601 1022 1188 1411 
37 74 146 425 499 591 645 878 1140 1267 1339 1384 1454 
215 337 490 583 628 801 851 929 967 1277 1346 1356 1486 
4 181 255 406 518 563 605 607 717 741 826 846 892 985 1200 1381 1429 
99 117 160 264 317 431 501 621 1005 1196 1210 1215 1270 1275 1405 
142 495 560 704 714 799 806 892 961 967 1405 1415 1455 
71 77 199 542 647 694 727 1057 1104 1409 1414 
27 368 483 605 675 684 710 883 1073 1230 1261 1290 
4 96 156 422 471 510 528 704 919 1470 
199 207 440 552 657 735 745 796 1072 1128 1466 
1 20 159 231 449 606 878 944 1162 1252 1352 
92 178 186 307 416 557 579 631 739 923 939 1082 1099 1285 1319 1478 
4 129 552 771 876 910 946 1137 1332 1415 1427 
155 223 492 708 753 907 1337 1407 
71 172 207 337 512 551 671 802 1125 1304 1410 1423 
244 629 861 1024 1125 1323 1342 
14 529 716 727 1000 1209 1226 
69 122 408 441 1007 1085 1164 1203 1213 1372 
134 387 498 523 624 632 816 1160 
137 319 379 403 410 567 590 645 701 737 833 854 887 960 1052 1382 
207 413 496 710 738 757 1017 1100 1178 1330 1455 
202 319 369 606 646 659 858 891 902 928 1038 1077 1079 1344 
167 634 725 730 964 1035 1072 1093 1177 1306 1308 1339 1434 
11 85 203 331 490 630 636 781 783 848 857 1119 1203 1415 1475 
166 190 405 412 519 539 555 558 594 791 839 1004 1104 1138 1202 1231 
247 674 675 706 742 755 849 1031 1037 1119 1230 1438 
148 445 476 540 734 738 793 1223 1246 1261 1289 1377 
453 579 715 735 836 870 948 1001 1103 1184 1241 1436 
139 314 396 554 572 793 846 912 1088 1108 1142 1192 
2 185 452 498 574 853 1027 1165 1205 1294 1390 
321 878 907 921 988 1041 1079 1086 1095 1164 1247 1447 
411 469 747 958 1005 1047 1281 1462 
137 234 360 486 523 750 1096 1191 1268 1464 
5 400 423 671 746 748 781 904 1130 1139 1165 1211 
153 202 217 308 375 496 547 816 836 888 936 958 1036 1071 1170 1256 
42 434 534 545 655 901 1163 1209 1228 1264 
350 429 508 629 798 928 949 1086 
331 425 730 795 908 931 1368 
39 152 182 688 745 825 1017 1187 1363 1375 1414 
117 611 632 676 752 907 935 
72 174 199 210 456 711 842 1261 1381 
147 217 675 863 1007 1132 1176 1277 
233 378 450 480 511 644 661 730 929 1073 1132 1149 1165 1300 
152 265 313 707 979 995 1040 1051 1156 1180 1483 
108 143 201 390 590 887 953 1141 1249 1294 1465 
59 78 208 329 506 779 864 1083 1257 1432 1473 
66 73 89 391 578 828 880 914 986 1048 1123 1190 1301 1315 1459 1472 1486 
224 225 263 365 384 758 924 1289 1330 1418 1484 
145 176 376 588 1230 1276 1397 
209 462 533 558 600 682 829 1014 1017 1056 1212 1329 1393 1412 
135 290 317 325 372 439 463 672 750 773 875 920 1200 1313 1481 
57 66 70 298 339 657 764 799 899 995 1010 1283 1399 1478 
109 165 434 448 487 488 526 752 797 874 920 1293 
55 121 361 403 524 764 925 1015 1314 1326 1339 1427 
476 581 945 1225 1290 1442 1468 
49 247 634 827 854 1000 1127 1199 
126 177 482 522 767 1006 1021 1046 1095 1104 1347 
70 74 460 534 574 625 824 916 1051 1223 
217 283 381 436 601 656 742 964 982 1086 1228 1287 
101 480 524 528 638 665 695 894 962 1021 1037 1060 1194 1228 1269 1375 1442 
137 236 238 357 762 896 977 1024 1219 1269 1276 
211 260 319 553 785 1067 1094 1296 1319 1413 1482 
50 55 78 136 284 366 594 715 740 878 1149 1225 1231 1271 1468 1470 
142 422 458 549 772 1124 1180 1218 1244 1299 1402 
216 439 459 560 652 661 705 719 728 813 836 886 943 984 1180 1237 1350 1357 1371 1387 1388 1448 1449 
21 92 223 270 342 378 455 461 478 532 615 655 746 750 989 998 1031 1167 1191 1193 1245 1292 1305 1386 1471 
55 61 348 351 728 1104 1347 1471 
10 18 90 863 915 1048 
44 264 386 825 858 1037 1079 1122 1323 
50 406 538 752 936 1266 1308 1446 1472 
5 61 98 148 179 615 736 857 897 1342 1384 
778 896 974 1083 1354 
99 216 424 478 746 848 884 910 1074 
10 143 167 172 301 480 512 539 580 622 659 707 720 836 880 934 1110 1140 1156 1224 1277 1406 1415 1454 
49 66 131 140 164 192 344 410 449 1279 1283 
170 188 220 376 414 540 758 784 794 798 913 919 1041 1124 1154 
170 517 520 620 640 751 754 1109 
259 389 574 644 661 807 830 995 1011 1022 1221 1249 
110 120 235 238 340 449 630 649 761 836 881 1076 1178 1335 1406 1425 
93 464 476 553 560 726 768 860 943 1380 
324 466 512 532 711 781 987 993 999 1030 1086 1097 1195 1350 1372 
27 116 123 157 264 411 570 639 757 826 1056 
164 243 506 566 672 679 903 906 983 1029 1115 1395 1421 
197 239 240 272 552 772 779 907 998 1246 1420 
187 229 230 378 581 595 670 808 816 892 920 1097 1304 1383 
50 106 416 574 744 764 816 893 1029 1191 
71 104 142 159 313 382 662 789 1169 1218 1395 
228 230 341 502 580 659 765 965 1091 1126 1323 1398 1413 1458 
15 69 188 280 324 458 536 602 626 684 859 867 953 1014 1096 1269 1347 
3 83 294 591 1138 1168 1229 1240 1303 
299 514 515 623 671 821 1026 1099 1226 1257 1258 
291 360 370 503 505 593 595 679 752 1010 1047 1168 
12 166 167 239 464 554 741 841 1068 1102 1124 1462 
225 424 531 549 643 1217 1412 1439 
74 108 283 347 561 600 711 713 989 1007 1012 1406 1452 
8 76 483 615 779 883 1182 1279 1377 1381 
178 289 308 380 1064 1099 1217 1437 
63 122 768 888 1039 1070 1130 1145 1391 
244 247 298 418 426 606 695 723 806 811 893 935 1250 1411 
492 967 1196 1211 1313 1422 1429 
90 259 335 392 415 465 523 693 736 803 823 861 1066 1118 1275 1356 1459 
191 420 424 601 618 619 655 697 725 751 971 1009 1224 1267 1351 1369 1409 
89 151 291 441 638 737 756 758 833 889 1116 1157 1363 1388 
406 414 659 1051 1061 1072 1231 1305 1307 
48 98 208 307 432 551 853 927 1253 1357 1448 
56 307 382 807 812 1000 1002 1181 
82 237 750 799 883 920 1060 1249 1320 1485 
336 739 776 1007 1065 1265 1342 1416 1462 
723 994 1357 1371 1374 
138 177 297 403 717 815 1009 1053 1061 1157 1217 1374 1390 
214 234 476 500 530 697 927 967 1007 1084 1145 1351 
2 167 328 385 391 436 568 632 679 1095 1153 1473 
85 197 230 263 345 837 874 1229 1333 1412 1427 
8 43 150 272 316 333 347 409 440 635 675 684 872 1019 1288 1477 
265 426 505 638 708 742 790 1046 1096 1181 1203 1224 1397 
132 187 404 738 1066 1082 1276 
82 154 224 443 633 648 828 1060 1165 1245 1248 1308 
57 126 162 238 344 497 509 530 602 649 826 971 1117 1270 1274 1294 1400 1449 1485 
21 101 387 460 635 643 899 1387 1400 
85 214 356 491 552 960 1140 1242 1480 
1 145 157 419 538 822 1096 1149 1175 1353 1470 
179 274 277 417 447 677 725 730 843 886 901 1051 1148 1321 1455 
60 121 133 161 322 470 1097 1270 1458 
166 535 571 706 732 748 846 1028 1196 1235 1316 1370 
260 439 563 569 675 755 843 896 998 1035 1454 
4 16 245 301 633 929 980 1325 
293 667 813 888 982 1230 1249 1415 
78 608 1056 1432 1469 
119 329 569 616 726 874 916 984 1049 1061 1185 1209 1303 1364 
126 159 252 336 344 345 433 551 1318 1332 1383 1475 
22 163 167 194 214 391 527 586 597 641 787 810 860 880 940 1024 1099 1241 
54 532 670 708 831 1000 1030 1041 1052 1132 1441 
66 162 365 433 464 490 521 825 859 881 934 998 1151 
23 36 64 188 346 494 638 655 734 738 787 845 863 1040 1153 1199 1435 1482 
113 371 378 435 575 867 1043 1057 1373 1470 
32 255 288 474 524 776 806 912 1486 
78 227 374 421 452 639 1216 1277 1297 1330 1353 1359 1380 1439 
170 188 339 555 697 798 822 828 957 1076 1114 1156 1213 1277 1316 1371 1476 1479 
9 67 90 234 288 392 398 600 726 820 843 849 950 980 1068 1112 1397 1452 
48 77 159 362 478 559 653 799 1104 1140 1178 1390 1452 
509 643 861 905 1009 1397 1450 
52 124 248 295 421 625 803 927 1086 1144 1440 
5 328 350 622 684 692 765 812 865 888 1025 1246 1296 1439 
45 247 598 608 709 731 824 940 1023 1309 1441 
30 74 153 189 726 772 840 915 988 1068 1093 1172 
359 458 605 816 943 1087 1148 1202 1282 1311 1318 1335 
117 269 272 376 606 876 887 1068 1156 1251 1276 1360 
106 267 278 279 758 886 
42 47 271 425 536 571 621 687 932 1130 1208 1246 1320 1340 1381 
38 148 351 600 773 774 885 1169 1185 1294 1348 1378 
120 375 593 736 895 905 951 968 1005 1055 1423 
17 293 420 701 923 928 962 965 967 971 1202 1342 
12 175 353 415 449 466 478 725 788 884 974 
85 124 539 896 948 1149 1160 1257 1275 1317 
230 268 318 322 469 722 915 1143 1273 1346 1413 
14 90 133 143 766 820 845 959 974 1167 1307 1344 1411 
8 184 312 437 460 578 876 963 1083 1237 1273 1457 
126 253 332 495 900 1298 1315 1334 
121 136 188 440 798 842 1005 1126 1409 
134 309 314 382 484 581 623 755 780 1017 1059 1078 1259 1302 
78 86 239 321 377 509 513 1092 1184 1231 1279 1335 1392 
56 218 404 442 548 1039 1103 1310 
28 96 127 339 618 869 890 1455 
26 77 96 115 134 312 438 765 770 859 1068 1160 
4 250 367 671 1195 1273 1354 
364 980 1045 1075 1302 
79 80 141 355 409 444 749 816 961 976 1193 1205 
368 455 604 673 746 766 989 1086 1088 1089 1202 1294 1309 1354 
18 77 333 709 846 1282 1382 1407 
262 302 953 986 1213 1249 1326 
3 44 817 907 1112 1265 1343 1422 1428 1461 
156 186 386 396 462 488 579 646 685 993 1249 1472 
52 350 567 601 607 651 653 818 1044 1149 1447 
60 113 267 269 342 424 572 591 637 833 996 1341 1369 
15 100 179 228 280 307 328 439 552 606 643 695 703 766 812 974 993 1053 1159 1169 1399 1464 
74 125 178 191 388 400 428 462 646 982 1000 1033 1165 1464 
406 492 599 1185 1252 1286 1353 1387 
7 206 297 316 358 398 629 793 803 848 893 940 1127 1201 1231 
42 264 343 839 843 1019 1304 
378 426 1083 1188 1396 
160 311 764 1341 
33 303 365 567 636 660 671 691 889 997 1158 1260 1406 1426 
15 175 364 427 448 482 567 796 898 977 1177 1180 1200 1228 1338 
1 88 119 193 389 540 608 646 800 810 879 970 1035 1120 1170 1189 1402 
79 92 137 141 162 316 342 634 1350 
148 258 546 571 655 831 854 885 1097 1177 1271 1321 1463 
28 363 417 574 792 861 880 896 999 1061 1103 1177 1208 1245 1255 1382 
105 179 344 364 868 932 987 1007 1038 
78 248 257 332 476 510 695 1154 1187 1240 
187 230 251 315 323 538 577 857 1070 1147 1216 1242 1324 1426 
134 287 289 367 429 584 589 712 749 866 879 1276 1383 
267 358 408 451 772 848 975 1000 1068 1084 1301 1330 1373 1426 1484 
3 240 340 404 637 672 765 879 1062 1109 
87 116 301 549 585 860 943 1164 1191 1396 
336 573 726 1086 1129 1149 1251 
10 13 44 286 813 961 1068 1129 1157 1194 1438 
235 303 312 761 762 768 823 1180 1240 1288 1466 1478 
48 479 517 686 750 1130 1160 1227 1262 1412 
25 38 525 690 789 879 967 977 1031 1176 1193 1464 1485 
27 282 307 633 651 678 699 812 821 935 991 1001 1035 1199 1261 1295 1347 1427 
259 411 494 668 956 994 1203 1364 1415 1468 1480 1482 
393 434 761 1021 1068 1112 1236 1368 
181 667 818 887 943 1066 1384 1466 1475 
2 13 18 24 241 594 759 777 826 857 929 1165 1223 1354 
49 108 451 631 1102 1106 1109 1159 1347 1418 
53 221 400 581 1002 1018 1251 1357 
44 380 514 588 618 848 994 1090 1154 1183 1335 
65 244 463 1128 
229 445 484 662 770 833 907 969 998 1043 1052 1214 
355 765 864 876 937 1126 1131 1257 1326 1437 
114 123 134 313 346 369 505 542 792 817 1357 1363 1444 1462 
3 6 284 297 302 489 810 865 883 1023 1183 1291 1404 
68 76 494 559 564 728 923 1038 1051 1184 1190 1229 1246 1300 1398 
38 45 62 579 651 762 766 780 990 993 999 1231 1381 1453 
165 614 629 659 727 743 947 1106 1337 1359 1481 
242 338 774 928 1212 1254 1257 1354 
79 390 537 875 986 1035 1131 1263 1289 1430 
209 274 530 532 537 649 750 902 934 1068 1105 1156 1184 1344 1408 
258 278 432 510 650 663 774 895 941 979 1226 1477 
17 69 243 362 383 467 489 641 774 889 1205 
51 120 348 726 858 875 975 1013 1184 1233 1289 1298 1476 
51 97 388 468 636 751 915 944 949 1244 1329 1347 
256 409 431 537 550 559 576 612 740 796 873 1098 1121 1353 1375 1392 
140 231 507 575 781 856 878 983 1076 1113 1148 1154 1208 1219 1358 
91 178 251 462 586 861 1156 
88 212 234 604 821 999 1022 1046 1052 1107 1151 1314 1366 
88 91 116 158 193 398 482 515 539 549 734 820 901 973 1094 1380 
14 227 244 277 426 551 685 730 1174 1229 
443 452 508 806 815 1249 1320 
46 235 414 762 983 1330 1381 
36 114 142 229 408 511 651 653 697 740 835 842 845 889 937 1157 1212 1217 1249 1264 1420 1450 
82 200 233 447 585 627 675 763 783 941 1264 1362 1434 
64 337 367 427 528 539 680 710 942 972 989 1022 1212 1337 
110 282 380 889 946 974 1008 1049 1050 1092 1142 1187 1258 1327 1355 1370 
2 64 82 121 385 780 870 884 1074 1169 1372 1468 
87 96 164 277 616 794 943 948 971 1166 
87 196 476 554 736 758 927 1009 1041 1059 1234 
207 255 406 443 458 649 658 708 933 1124 1144 1208 1245 
3 219 267 326 391 426 533 702 769 
86 223 337 416 490 536 587 617 635 917 1188 1191 1396 1417 1482 
19 102 211 231 280 346 543 597 695 780 796 863 896 1003 1010 1078 1096 1235 1247 1271 1299 
129 336 455 467 598 711 815 1048 1239 1434 1462 
307 347 656 799 1151 1236 1351 
29 59 102 147 261 445 530 772 839 984 991 1174 1226 1389 1442 
145 192 602 761 769 789 817 945 1001 1149 1201 1361 
415 482 498 596 745 763 910 989 1080 1411 1454 
168 495 608 727 851 1067 1138 1367 
193 228 374 376 431 481 517 590 612 640 781 782 991 1029 1037 1047 1057 1069 1108 1204 1233 1411 
133 385 492 732 825 826 922 1096 1264 1310 1482 
3 161 405 676 903 995 1261 1265 1286 1287 1327 1396 1476 
322 377 455 581 649 860 1169 1220 1407 
7 139 241 508 512 640 1144 1177 1204 1217 1454 1465 
226 628 686 773 976 1039 1108 1125 1467 
192 286 397 401 417 449 462 548 695 710 908 1401 1407 
189 222 477 569 711 728 831 1069 1241 1292 1335 
81 104 204 267 447 698 868 1049 1205 1450 
65 128 276 361 456 659 661 844 1018 1241 1300 
3 247 294 307 
173 705 739 952 1120 1225 1243 1288 1437 
51 116 341 352 364 633 684 871 892 970 993 1105 1158 1247 1450 1486 
8 72 85 182 278 460 509 585 672 708 789 983 1037 1045 1108 1191 1284 1326 1388 1420 
47 118 309 501 757 1106 1366 
664 684 850 1201 1442 1454 
151 177 195 242 259 400 531 595 704 714 742 759 849 931 1041 1148 1336 1392 1455 
158 710 735 966 1256 1318 1389 
150 177 345 571 586 703 941 1194 1209 1233 1302 1364 1416 1456 
69 483 620 803 862 914 961 1127 1168 1212 1264 1265 1304 1351 1457 
152 282 605 920 942 1442 
87 117 150 459 491 555 565 905 946 1027 1145 1156 1297 1311 1337 1455 
476 535 634 680 1282 1312 1346 
125 221 495 557 617 707 754 799 875 878 1008 1027 1111 1206 1249 1354 1374 1420 
320 410 420 451 653 900 945 947 1029 1040 1185 1192 1206 1217 
260 374 612 842 1191 1272 1313 
125 231 239 369 469 480 611 633 636 714 765 796 1216 1333 1394 
151 222 264 623 892 897 983 1131 1466 
151 330 337 756 777 814 884 923 976 1016 1047 1464 
92 178 244 561 618 629 691 932 1277 1301 1450 1480 
311 365 526 796 1283 
203 237 271 294 543 561 622 697 976 1043 1256 1306 1329 1470 
62 98 364 528 541 624 794 1074 1134 1201 1317 1387 
66 215 417 641 659 713 810 856 882 1249 1273 1434 
313 407 448 492 814 965 1159 1215 1240 1340 1467 
199 257 379 414 438 878 1228 1415 
194 340 608 1111 1168 
139 142 598 617 738 792 894 936 979 1197 1232 1237 1433 1463 
100 194 313 930 1469 
54 329 675 905 972 1039 1046 1154 1183 1348 1368 1387 1391 1413 
95 106 427 458 534 739 1142 1313 1333 1413 
330 439 489 491 509 534 664 716 726 1166 1227 
130 155 631 656 672 687 1399 1427 1475 
93 261 282 305 634 702 792 859 861 1303 1327 1365 1456 1473 
145 487 617 682 732 820 841 863 1054 1137 1206 1337 1381 1442 
429 446 496 947 1075 1123 1143 1287 
113 181 215 358 373 386 522 676 792 814 866 1051 1328 1362 
55 102 378 682 737 908 1025 1074 1078 1242 1313 1384 1395 1423 
94 300 484 696 936 1220 1347 1479 
299 322 419 549 568 571 746 828 860 873 882 1013 1106 1132 1287 1348 1384 1405 
77 129 197 449 544 616 834 891 946 1011 1018 1152 1176 1302 
173 215 522 726 744 767 829 897 1200 1245 
185 200 483 486 499 956 1051 1121 1224 1314 1440 
381 384 419 475 576 677 697 712 880 1014 1090 1153 1236 1270 1350 1397 1424 
294 406 472 477 497 611 725 731 959 1033 1299 1407 1453 1469 
416 517 654 899 1045 1198 1351 1467 
15 108 109 178 203 246 261 459 770 772 815 843 917 946 1108 1343 1351 1443 
38 100 354 660 1140 1201 1211 1247 1350 
163 265 375 595 652 754 909 932 1138 1216 1242 1325 1425 
428 688 729 735 1323 
184 281 519 525 532 589 1142 1169 1189 1221 1290 1343 
160 167 200 514 571 850 861 883 951 1026 1121 1211 1268 1359 1466 
47 90 214 285 289 509 646 712 745 759 995 1016 1055 1350 
32 163 379 397 501 653 765 855 1014 1322 
193 503 547 563 601 614 802 839 951 968 1004 1074 1114 1262 1384 
117 181 188 362 372 376 637 657 673 964 982 996 1429 1463 
8 54 376 555 600 674 701 712 1080 1136 1293 1368 1384 1439 
158 322 519 540 590 649 665 714 728 818 819 853 1230 1401 1456 
23 25 65 420 437 445 512 707 728 763 773 855 1005 1097 1174 1350 
275 433 464 600 660 915 1001 1003 1257 1342 1483 
34 164 397 467 645 757 951 952 1024 1355 
126 158 254 300 318 512 588 959 1056 1175 1246 1261 
193 492 557 604 804 1257 
84 92 440 1065 1162 1352 1359 1394 
54 428 440 569 604 653 1092 1152 1165 1179 1288 1388 1476 
242 362 553 567 818 832 919 1200 1240 1265 1368 1390 1434 
399 421 624 1037 1201 1249 1332 
115 146 178 572 893 929 1009 
49 132 290 525 564 591 680 822 1155 1353 1356 
279 292 442 630 713 818 890 1040 1041 1172 1202 1311 1363 
27 41 570 695 698 983 1050 1291 1349 1457 1472 
161 192 403 478 501 586 611 696 1201 1403 
117 172 487 564 590 692 888 918 940 1205 1353 
691 860 917 921 1060 1115 1185 1361 
104 372 446 517 563 716 758 814 863 917 1406 
111 133 198 245 354 399 1084 1101 1219 1485 
6 18 236 243 279 405 581 623 651 676 834 926 991 1102 1145 1218 1238 1251 1274 1448 
219 575 624 652 758 763 770 818 1059 1061 1122 1356 1366 1408 
55 141 166 415 501 544 630 812 949 1089 1234 1375 
82 196 287 364 434 452 471 493 831 1066 1350 
91 263 428 496 498 553 739 809 848 887 977 1211 1298 1462 
69 177 188 535 649 658 696 748 983 1194 1224 1236 
182 388 469 562 774 849 1009 1228 1254 
78 121 133 191 360 593 695 928 1027 1069 1196 
116 133 269 411 465 478 589 610 1250 
137 214 244 392 716 717 1016 1179 1214 1377 
98 117 246 557 636 702 864 919 1144 1396 
70 224 613 675 949 1002 1029 1113 1163 1205 1211 1324 1447 
413 560 720 747 765 894 1118 1160 1258 1472 
40 146 176 399 425 567 840 854 1186 1329 1443 
70 153 377 474 543 969 1076 1401 
263 361 369 985 1387 1465 
156 563 654 686 691 794 825 1259 1281 1340 1412 
308 336 421 521 798 823 1196 1207 1285 1446 
170 213 531 558 597 714 749 915 945 1020 1115 1287 1366 1460 
123 475 763 833 1170 1204 1215 1285 1386 1432 1443 
64 494 513 542 703 889 1047 1091 1212 1464 1466 
181 195 297 536 682 871 982 1107 1115 1211 1272 
149 591 890 893 1048 1051 1245 1274 1320 
36 95 344 815 957 963 1106 1135 1199 1302 1365 1414 1425 
4 57 260 352 398 515 734 914 949 961 979 1177 1214 1243 1284 1357 1374 1418 1444 
143 223 316 326 406 468 574 593 1010 1060 1417 
190 428 1026 1067 1388 
169 186 191 263 283 340 544 553 723 793 961 1023 1191 1306 1483 
51 136 185 281 428 700 710 884 938 950 965 990 1277 
66 408 482 587 754 873 1112 1288 1316 1334 
168 194 236 434 482 623 649 996 1133 
11 171 509 638 656 723 832 837 860 1030 1112 1187 1189 1203 1376 1423 
25 214 277 352 788 833 901 1080 
95 812 821 1073 1168 1231 1262 1430 
138 444 706 742 746 888 937 1119 
54 316 335 444 484 643 680 705 818 820 860 912 1057 1265 1458 
297 427 492 576 907 1285 1382 1383 1391 1418 
140 251 276 401 935 1055 1133 1145 1247 1387 
38 154 309 383 540 703 1097 1360 1379 1398 1443 
52 79 150 251 316 317 432 771 845 848 990 1192 1261 1296 1356 1481 
164 254 351 507 899 921 992 1168 1469 
46 69 88 138 183 298 480 569 635 856 906 1288 
23 286 314 415 477 836 1206 1231 
100 210 237 399 797 889 1123 1134 1235 1298 1332 1372 
62 304 631 1032 1170 1374 
90 109 163 387 451 861 943 1169 1230 1252 1437 
223 375 408 460 540 569 631 681 800 912 940 962 1117 1134 1153 1186 1273 1352 1385 
51 304 404 411 475 531 830 836 911 1031 1074 1282 1462 
115 238 252 574 676 780 797 806 921 982 1128 1247 
72 175 297 436 742 946 1034 1095 1172 1312 
22 122 382 774 868 1081 1188 1265 1300 1363 1368 
179 225 343 620 628 637 644 846 856 992 1005 1044 1142 1195 1302 
81 187 400 448 484 659 738 933 1167 
48 220 704 707 802 878 945 1054 1149 1206 1231 1303 1365 1426 1453 1472 
50 115 134 242 421 481 522 977 1004 1081 1207 1434 
104 142 346 484 530 690 771 780 852 864 951 1000 1054 1305 1336 1403 1486 
205 592 675 770 922 
487 511 566 628 828 841 920 941 1025 1031 1171 1284 1331 
506 720 772 773 798 926 1200 1269 1387 
32 175 522 600 643 661 700 908 1139 1181 1268 1281 1293 1308 1319 1352 
257 314 321 404 459 521 568 641 661 680 1057 1106 1116 1194 1214 1258 1392 1483 
142 181 230 361 419 445 448 514 543 596 790 806 975 
327 336 350 380 558 712 774 833 973 981 1061 1189 1219 1241 1482 
37 179 209 267 389 657 798 916 992 1197 1445 
257 374 758 841 1024 
1043 1136 1243 
23 57 113 332 461 510 671 1035 1349 1457 1486 
119 165 196 384 397 724 733 765 860 1169 1198 
28 253 337 573 579 587 593 614 793 814 1108 1229 1234 
7 73 107 180 241 305 362 619 706 740 794 1016 1122 1327 1329 1343 1458 
285 548 579 727 794 844 849 879 944 961 1363 1430 
21 195 234 366 383 603 841 882 888 1048 1049 1102 1180 
117 170 226 678 1097 
23 78 275 475 496 551 620 719 793 811 1080 1147 1152 1176 1345 1444 
35 85 204 345 384 735 914 966 1082 
28 419 761 820 948 1118 1157 1257 1276 1376 
24 349 528 615 655 708 768 798 1289 1373 1466 
79 107 233 286 490 504 521 557 662 994 1092 1115 1374 1414 
104 156 249 339 379 585 611 661 687 984 1106 1296 1372 1378 
15 89 243 306 508 533 629 667 794 954 1048 1067 1073 1135 1364 1449 
125 190 257 284 478 659 752 875 1100 1165 1241 1298 1424 
102 424 482 485 548 829 847 874 884 888 902 1028 1065 1078 1130 1140 1302 1342 1461 
124 300 304 398 412 602 1000 1004 1136 1351 1425 
105 155 275 319 467 596 642 714 986 1191 1217 1352 1480 
140 145 327 354 391 869 975 1030 1038 1103 1171 1289 1296 1386 1401 1418 1477 
12 67 451 611 1018 1081 1346 1380 1382 1415 1416 
37 504 719 878 1024 1043 1182 1216 1217 1265 
76 97 105 177 418 459 607 850 1260 1387 1425 1461 
5 41 152 350 514 882 935 1137 1425 1456 
102 118 183 231 242 504 631 869 1156 
186 236 291 373 840 977 1000 1053 1150 1181 1445 
179 310 325 341 363 365 433 467 598 759 815 912 945 1013 1040 1122 1165 1239 1265 
40 194 296 537 630 831 912 995 1001 1129 1191 
633 775 784 1396 
8 226 251 444 524 1097 1172 
108 222 376 621 755 810 821 875 939 1106 1171 1342 1478 
133 136 320 428 525 613 679 1259 1323 1387 1447 1464 
39 56 205 340 367 618 676 816 968 1049 1051 1123 1139 1213 1268 1474 
138 476 856 887 901 1144 
62 115 386 496 528 754 755 844 877 1160 1213 
160 319 507 595 672 1003 1174 1375 1459 
167 286 450 730 737 826 1007 1009 1053 1116 1134 1193 1326 1477 
54 68 128 178 292 517 617 681 716 740 810 859 1032 1118 1347 1410 
13 117 162 324 325 614 619 645 702 728 755 926 1068 1157 1324 1393 1477 
21 106 473 563 946 1297 
165 330 730 808 865 1061 1164 1196 1283 1312 1332 1443 
120 232 241 569 613 685 695 809 846 1067 1210 1259 1368 
170 371 372 431 836 957 967 1002 1163 1308 
30 212 247 319 398 623 783 818 929 957 1003 1223 1248 1303 1334 1466 
296 335 560 794 889 916 1160 1187 1372 1375 1378 
125 235 259 563 754 987 1075 1101 1111 1120 1150 1481 
56 186 285 389 398 670 706 902 1048 1106 1248 
14 78 82 156 257 301 467 482 602 725 907 909 1322 
46 438 771 797 981 1008 1111 1142 1163 1174 1336 
195 208 275 382 422 525 604 914 927 989 1135 1169 1349 1436 
4 33 140 232 340 662 719 771 928 985 1219 1222 1290 1404 1415 1438 
31 700 777 1045 1161 1406 
582 610 670 757 861 1007 1014 1031 1294 1381 
69 171 245 254 480 772 773 783 849 904 1007 1127 1221 1305 1353 1383 
44 260 508 627 634 652 884 930 1083 1089 1178 1190 1403 
2 961 1167 
67 92 149 241 291 483 537 661 788 839 951 962 1042 1063 1137 1167 1476 
68 272 307 397 424 518 680 727 771 1179 1249 
61 122 160 264 383 670 671 811 819 890 997 1030 1285 1420 1431 
69 403 558 982 1128 1166 1193 1375 
53 175 179 228 257 502 575 881 938 1157 1171 1178 
54 211 527 563 755 765 926 961 1091 1145 1322 
83 96 136 320 477 602 714 769 942 1036 1249 1308 1455 
104 345 577 587 615 676 725 1044 1087 1094 1199 
84 156 528 649 674 741 762 1113 
223 245 321 420 428 449 535 675 681 721 945 1172 1275 1451 
225 362 494 957 1273 1346 1357 1405 
35 158 277 343 674 703 848 1078 1286 
126 474 782 807 931 1112 1161 1341 1454 
12 340 505 565 656 730 869 926 994 
305 522 612 654 720 772 902 952 1001 1012 
441 609 683 700 803 812 822 1326 1389 1451 
139 351 470 491 521 686 838 1082 1450 
304 356 384 410 653 913 1057 1122 1128 1252 1253 1260 1321 1389 
30 58 83 114 192 240 273 435 585 724 798 933 1249 1273 1344 1351 1402 
258 305 379 464 917 1350 
69 76 143 156 332 345 417 624 728 1059 1185 1195 
201 824 839 855 1019 1253 1440 
46 63 77 277 378 455 849 1102 1232 1269 1422 1470 
251 391 556 971 1139 1294 
60 186 230 249 366 367 418 449 691 778 944 1087 1100 1141 1191 
11 99 270 303 458 849 943 1065 1173 1296 1359 
163 212 299 372 389 392 523 749 864 1098 1103 1196 1369 1384 
418 524 937 1205 1312 
36 303 511 583 669 906 1033 1166 1220 1309 
56 295 333 394 743 777 883 1424 
56 175 533 589 689 969 1099 1257 1330 1361 1399 1416 
215 223 292 860 861 1048 1198 1234 1278 1464 
6 27 136 243 414 593 625 953 1006 1021 1061 1386 1396 
123 272 292 474 494 567 628 771 775 815 1065 1100 1425 1439 
17 103 180 252 285 323 373 530 647 849 1129 1352 1478 
340 714 724 857 1219 1234 1339 1372 
137 204 216 357 468 491 523 631 640 670 817 1058 1079 1163 1326 1471 
9 161 250 274 575 648 800 988 1268 1410 1469 
24 38 296 341 410 436 657 729 987 1036 1057 1082 1302 
121 305 554 632 689 822 1067 1084 1143 
22 33 249 341 503 596 658 869 1011 1139 1148 1263 
5 303 600 671 713 764 791 795 893 943 1112 1253 1452 
114 918 994 1168 1356 
8 265 314 332 339 932 987 1010 1030 1031 1033 1131 1192 1313 1396 1421 1482 
91 462 566 1422 1456 
95 315 498 718 814 893 925 957 999 1017 1098 1102 1357 
414 423 426 773 957 1202 1320 1428 
95 118 214 471 880 929 983 1154 1174 1184 1244 1262 1375 
49 86 395 788 797 799 888 1043 1107 1255 1377 
227 377 437 614 645 1077 1103 1261 1270 1305 1484 
40 232 255 416 456 515 756 790 887 1411 
121 144 164 264 292 313 368 537 592 608 665 706 756 795 1082 1235 
12 192 222 403 511 530 690 862 908 964 1042 1193 1397 
46 234 394 486 510 518 661 671 786 816 1118 1189 1244 
18 77 84 255 319 322 519 669 672 762 974 990 1083 1087 1122 1409 
164 357 829 835 897 1223 1335 1458 
94 210 312 398 425 533 566 834 1315 1376 
94 230 361 508 584 621 627 1091 1175 1234 1286 1455 
636 653 1069 1311 1323 1383 1481 
80 201 251 306 335 439 627 734 800 1009 1100 1211 1217 1222 1249 1267 1386 1461 
7 459 511 831 910 977 1008 1088 1103 1109 1125 
28 311 318 512 577 1002 1206 
80 711 735 899 1089 1106 1119 1131 1134 1209 1259 1306 1388 1415 
136 354 397 414 474 705 921 988 1000 1023 1266 1318 1337 1417 
2 60 297 302 391 396 472 584 745 825 891 893 1373 
22 36 104 484 494 592 676 730 911 982 1048 1128 1202 1428 1477 
57 63 139 431 485 609 630 826 883 973 1155 
202 311 329 433 451 752 880 934 1125 1204 1318 1388 1389 
56 281 599 635 812 931 980 1112 1235 1483 
4 134 463 709 726 864 920 935 1021 1054 1069 1275 1332 1406 1472 
12 63 236 283 413 436 466 569 982 1057 1090 
20 534 547 557 632 717 739 1114 1146 1251 1353 1370 1415 
114 121 221 247 392 492 510 534 572 771 809 854 903 975 1014 1184 1321 1459 
97 267 355 384 543 851 868 1059 
69 84 135 221 311 610 627 650 909 
53 242 416 488 514 645 715 719 791 888 1173 1244 
39 61 291 292 529 530 596 638 693 726 769 851 940 947 961 1002 1038 1222 1358 1413 1417 
127 273 342 467 545 561 630 715 824 848 981 1400 
92 152 243 358 610 878 1044 1077 1197 1247 1255 1309 
220 221 226 429 458 509 733 766 786 1114 1422 
73 124 193 767 796 1015 1052 1057 1476 
28 77 157 230 236 690 990 1049 1096 1281 1430 1445 
2 30 79 187 318 375 383 552 729 738 1156 1363 1420 1464 
283 549 684 900 1118 1159 1301 1396 
10 214 357 650 718 725 748 833 973 1021 1049 1287 
244 282 351 398 531 552 670 725 766 873 991 1014 1043 1309 1331 
301 339 364 565 847 851 870 1271 1379 1426 
39 535 948 1050 1362 1411 
189 616 825 1148 1194 1328 1367 1368 
38 315 529 660 1010 1392 
165 257 407 418 608 616 643 687 914 1380 
67 97 197 230 300 541 1097 1208 1422 
226 911 1214 1241 
18 108 133 231 410 553 576 777 850 1004 1299 1306 
13 16 87 123 178 540 543 576 611 709 817 1014 1324 
65 83 326 341 364 551 576 593 648 763 778 804 843 958 1045 1094 1136 1253 1282 1323 
32 96 240 497 661 732 767 793 869 890 959 972 1029 1237 1268 1277 
28 141 272 317 780 801 1166 1197 1275 
481 748 772 839 888 916 1379 
15 274 323 347 414 529 584 927 949 982 1015 1049 1363 
28 53 355 399 461 569 801 816 1076 1302 
143 216 226 583 643 743 810 1320 
9 68 83 349 446 570 571 616 839 1057 1231 1259 
98 280 282 535 604 850 900 926 966 1000 1023 1054 1071 1288 1456 
343 627 871 907 1228 1319 1407 
7 128 315 335 353 441 447 463 579 606 1045 1057 1285 
216 329 333 701 754 773 
272 471 544 922 968 1051 1089 
86 394 502 514 597 1050 1200 1418 1478 
23 176 185 186 326 350 491 681 701 744 778 1101 1185 1278 1449 
115 300 397 656 733 836 936 983 995 1210 1264 1361 1478 
128 132 258 325 378 383 443 528 558 795 872 895 926 984 1025 1108 1134 1219 1289 
85 331 560 619 795 828 1156 1272 
127 152 189 269 300 312 560 737 868 874 1058 1096 1127 1420 
32 177 328 530 760 844 1142 1144 1306 
198 405 1063 1193 1268 1340 1356 
33 61 81 89 190 362 385 580 605 685 890 1174 
138 227 338 462 495 664 757 811 1036 1303 1374 1471 
226 304 373 551 552 553 1094 1156 1227 1291 
193 465 519 772 780 937 1156 1158 1279 
50 160 593 750 1152 1253 1461 1465 
15 31 175 217 405 407 563 655 1144 1189 1313 1364 1384 
77 91 574 727 752 761 855 919 1019 1038 1136 1271 1333 1369 1396 1409 
58 88 163 209 254 337 600 713 720 788 908 909 1101 1247 1457 
454 593 607 675 949 1081 1178 1263 
6 486 559 755 1030 1320 1327 1387 
194 515 522 557 654 733 991 1090 1262 1324 1465 
197 235 264 415 476 663 787 944 1486 
134 228 269 332 596 626 629 849 1113 1392 
243 366 405 465 743 1178 1286 1391 1397 1476 
52 210 322 716 752 955 
194 311 345 488 659 805 907 911 937 1349 
23 48 251 318 333 774 782 1077 1243 1270 1293 1428 
5 93 177 329 359 605 1179 1336 1447 
393 509 523 605 656 833 1052 1127 
2 95 154 344 362 405 490 553 578 582 595 632 666 877 977 1130 1271 1301 1387 1447 
28 66 207 596 680 775 781 987 988 1030 1035 1318 
88 95 267 309 437 593 786 879 958 1021 1205 
249 398 420 498 534 586 594 728 835 837 1167 1304 
134 244 355 566 656 692 889 900 1007 1013 1064 1193 1218 1442 
147 245 288 428 939 1029 1398 1433 1476 
180 526 817 827 839 881 1144 1240 1310 1342 1390 
53 98 142 153 317 320 396 499 581 643 664 701 722 841 848 994 1262 1364 
4 62 105 176 315 823 1055 1130 1131 1259 1380 1473 
92 121 248 419 449 464 605 699 1123 1375 
408 632 655 807 817 1115 1188 1196 1197 1241 1262 1417 1429 1483 
171 229 323 325 451 561 659 680 748 953 1256 
7 11 149 271 574 591 592 602 929 1218 1451 
14 25 102 150 178 563 815 843 882 929 1100 1119 1141 1253 1365 1375 1416 
7 176 424 582 704 1056 1105 1177 1187 1408 
131 147 187 250 287 509 548 650 901 969 1481 
473 524 697 845 881 892 1022 1046 1137 1151 1230 1265 1296 
345 454 532 536 657 835 1245 1354 1466 1470 
2 43 277 305 332 415 422 552 686 698 834 1095 1458 
226 251 276 472 732 786 926 1232 1235 1246 1341 1376 1468 1476 
348 433 443 813 976 1216 1393 
218 315 405 440 507 707 709 972 1009 1214 1355 1405 
69 74 99 413 465 616 660 805 1059 1062 1164 1223 1372 
2 132 239 301 546 548 560 615 707 789 795 975 1018 1057 1061 1085 1186 1243 1267 1336 
243 274 288 295 439 635 707 711 714 1044 1455 
105 166 210 280 434 640 700 1044 1097 1114 1318 1409 1418 
105 406 440 570 780 928 986 1038 1262 1338 1351 1409 1484 
80 270 388 410 700 738 865 868 957 1029 1365 
8 152 432 515 689 958 1128 1136 1343 
77 146 282 648 922 935 964 1260 1293 
94 163 278 337 367 445 625 789 882 1149 1192 1423 1425 1471 
22 283 327 338 478 709 815 855 1078 1380 1408 1411 1479 
61 145 490 623 678 694 777 788 873 1151 1159 1207 
92 586 715 741 778 804 935 1065 1213 1284 
235 456 515 517 532 562 724 777 780 799 812 873 1045 1082 1286 1309 1344 1416 1451 
6 256 388 394 491 841 1175 1187 1208 1390 
19 40 181 218 280 416 586 685 770 819 878 883 945 971 1033 1385 
27 82 330 339 429 524 535 691 796 838 860 988 1009 1373 1457 1481 
15 208 293 381 383 426 494 640 653 679 844 999 1087 1117 1259 1298 
22 43 115 497 529 593 603 760 823 883 1051 1197 1215 1343 1377 
120 129 203 263 277 430 671 686 725 760 854 939 1011 1114 1120 1216 1298 1299 
26 59 188 273 294 456 754 843 948 998 1031 1068 1076 1359 1366 
117 122 243 378 526 617 909 957 990 1104 1186 1228 1324 1387 1395 
27 185 225 277 347 516 965 1243 1250 1351 
177 196 316 388 833 937 995 1133 1472 
63 106 118 137 368 534 654 783 924 955 996 1204 1397 1464 
85 140 644 690 731 868 957 993 1029 1030 1117 1209 1343 
80 251 255 494 618 631 731 751 837 915 965 1276 
1 134 223 284 397 799 1012 1094 1405 
420 881 899 930 1326 1362 1446 
97 122 144 178 372 396 548 559 600 1416 
46 81 388 639 1049 1130 1134 1165 1200 1376 
5 23 321 440 507 533 706 738 917 1090 1180 1204 1317 1329 1348 1388 1451 
3 25 175 179 187 313 661 686 946 965 968 984 1047 1105 1215 
10 492 714 772 926 1235 
120 495 553 622 1273 1291 1477 
82 121 221 241 254 318 342 367 466 683 742 758 797 923 1339 1351 1371 1427 
222 532 542 608 654 727 1039 1066 1431 
176 203 217 234 337 707 757 851 859 906 944 1038 1275 1340 
68 309 338 456 816 1032 1125 1168 1235 1385 
143 176 234 275 314 325 475 516 631 826 827 838 900 927 947 1073 1096 1160 1400 1464 
306 353 472 584 638 650 820 958 1226 1227 1230 1486 
39 69 105 137 189 413 579 603 918 924 1266 1337 1442 
62 246 293 368 471 568 592 597 913 1015 1084 
13 55 316 400 496 610 1091 1273 1281 1356 1424 1431 1467 1478 
241 342 498 986 1315 
25 77 91 107 218 260 284 389 417 589 604 686 743 782 885 958 999 1064 1090 1279 1477 
185 308 320 547 615 1072 1288 1399 1459 1461 1463 1481 
46 68 81 260 396 397 415 458 511 554 646 748 783 1007 1078 1222 1353 
90 212 414 452 731 924 1026 1059 1104 1247 
222 585 840 961 993 1000 1122 
266 292 575 600 704 1128 1148 1185 1360 
63 318 509 802 899 1010 1208 1354 
593 794 808 1130 1133 1225 1409 1469 
130 206 416 708 921 953 1061 1166 1194 1341 1400 1423 
204 700 751 785 822 823 879 989 1283 1306 1309 1482 
486 512 715 954 1246 1451 
88 135 448 454 460 494 543 746 787 793 925 934 940 974 1081 1095 1253 
18 37 94 168 185 403 460 499 511 633 811 813 849 878 1143 1199 1219 1301 1346 1349 
54 86 196 264 293 437 512 791 823 1021 1143 1150 1365 
171 316 731 795 833 836 889 1079 1125 1194 1290 1308 1368 
29 317 466 469 898 987 1172 1264 
11 29 45 117 128 235 290 348 393 467 582 811 896 933 1329 1453 
43 253 297 337 385 434 465 523 682 709 857 984 1311 1428 
125 304 1084 1158 1448 
203 409 625 851 1164 1265 1317 1329 1338 
86 95 115 433 631 1356 1456 
236 273 329 372 397 459 594 604 781 906 1085 1164 1168 1325 1430 
383 439 467 567 877 936 1251 1324 1410 
53 295 298 358 676 823 876 960 979 1324 
473 649 869 885 932 1006 1131 1151 
11 92 117 146 263 266 541 712 720 753 754 782 797 877 939 1316 1334 1360 1446 
175 231 443 574 629 769 1402 1408 1410 1437 
201 256 353 474 611 633 646 659 721 727 807 871 1023 1028 1223 1266 1435 
152 293 415 548 703 763 1039 1273 1360 1373 1432 1470 1479 
42 310 748 847 1062 1125 1194 1242 
488 497 621 952 1012 1261 1470 
202 392 510 539 639 776 988 1048 1111 1241 
185 280 334 353 482 630 709 803 925 1214 1295 1323 1399 
146 333 597 853 938 1289 1427 1443 1444 
104 534 820 831 918 935 1194 1272 1346 1355 
10 625 732 773 794 975 1126 1127 1173 1327 1394 1453 1464 
63 102 178 192 244 257 331 344 443 800 823 1069 1182 1231 1236 1309 
299 332 342 751 846 1087 1143 1181 1211 1230 1389 1456 
105 114 141 234 282 304 609 938 951 961 1025 1223 1231 1263 1294 
259 331 611 986 1258 1434 1477 
203 602 744 842 930 1423 1427 
365 396 453 473 618 620 668 706 1092 1299 
23 155 317 564 567 600 753 762 813 954 1087 1105 1290 1314 
242 294 347 440 719 742 754 961 1086 1113 1125 1148 1215 1308 
178 269 357 375 469 687 832 968 1004 1241 
9 12 267 390 607 664 743 820 855 1069 1218 1247 
68 262 372 521 758 811 823 843 914 926 1068 1085 1139 1187 
29 127 371 406 448 509 645 700 1129 1213 1218 1237 1250 1336 1483 
47 77 274 319 390 614 616 617 651 884 886 1031 1114 1221 1332 1358 1421 
17 118 135 241 264 413 667 813 947 1079 1138 1172 1383 1452 
147 172 527 552 614 624 676 691 722 927 951 1021 1025 1114 1193 1460 1478 
11 24 236 257 268 365 766 923 960 972 1222 
44 84 98 245 258 520 617 968 1103 1210 1290 1409 1421 1469 1482 
194 304 313 317 399 684 1004 1021 1148 1170 1227 1246 
98 284 330 499 581 753 1014 1114 1319 1367 1427 
9 267 277 318 355 420 464 493 617 647 859 1080 1229 
31 66 533 535 626 669 858 990 998 1397 1452 1458 
20 292 335 346 439 588 1202 1238 1254 1396 1432 
7 113 346 529 804 949 1089 1115 1150 1277 1358 
503 542 1130 1444 
68 410 423 452 533 702 737 770 851 1268 1335 
77 349 395 472 581 684 812 827 863 893 934 950 1098 1343 1401 
467 686 1107 1284 1434 
158 600 709 724 761 791 924 1322 
102 112 364 368 942 977 978 1113 1217 1240 1277 1286 1475 
404 476 493 627 722 1396 1459 
26 105 125 156 305 449 465 542 543 633 924 944 1010 1302 1345 
83 132 142 148 198 224 292 302 527 534 927 1081 1195 1299 1436 1457 
10 20 218 250 407 459 580 650 686 746 785 817 907 912 1180 1383 1396 1402 
68 70 216 258 318 319 440 478 596 822 1043 1049 1419 
310 496 540 864 938 1031 1343 
26 41 46 125 231 438 442 471 523 849 1015 1197 1208 1245 1291 1372 1386 
147 305 639 640 662 673 837 945 1030 1040 1242 1318 1320 1361 
127 252 295 554 612 694 772 832 976 1164 
404 537 568 584 796 832 933 1056 1276 
30 137 230 361 517 830 908 1085 1160 1368 
13 31 268 310 411 520 835 895 1074 1108 1114 1177 1184 1465 1466 
74 104 154 240 786 871 1170 1206 1348 1366 
23 106 298 438 571 719 761 1100 1219 1345 1424 
24 30 119 137 288 389 540 620 645 855 896 916 930 1016 1063 1302 1448 1458 
15 111 262 291 341 529 763 820 1187 1270 1389 1453 
66 226 234 406 439 741 1207 1232 1255 1446 
7 96 466 626 740 863 1031 1217 1343 1379 1380 
29 62 118 267 371 386 649 702 824 964 1240 1338 1436 
218 487 559 587 659 704 854 902 916 1045 1135 1285 1330 
89 302 567 699 772 900 926 1068 
13 42 249 313 522 758 762 793 935 953 1265 1268 1289 1375 1380 
1 37 69 76 171 300 371 670 727 842 894 911 961 1110 1245 
35 349 748 862 911 1059 1239 1409 1448 
37 127 342 542 556 604 661 688 747 757 971 989 1047 
170 194 355 484 845 849 958 1038 1072 1406 
36 54 69 110 201 221 578 1162 1455 1473 
80 105 225 640 668 696 855 1027 1101 1163 1274 1290 
43 56 73 95 417 525 580 588 836 987 1064 
17 684 701 713 856 930 1085 1168 1289 1334 1421 
80 274 309 366 436 447 564 634 684 702 829 967 971 977 1210 1282 1291 1358 1448 
29 128 163 432 436 440 463 583 762 778 982 1168 1263 
106 279 508 509 829 857 990 1025 1211 1254 
24 85 265 321 454 575 651 748 903 1009 1204 1269 1293 1296 1306 1324 1329 1394 1422 
51 79 106 151 240 335 338 401 649 705 745 784 797 881 1296 1303 1342 1359 
207 267 313 428 818 1025 1114 1145 1165 1308 1330 1342 1348 1386 1464 
572 632 633 827 840 888 904 939 1077 1102 1123 1201 1223 1471 
82 200 205 248 412 580 722 737 783 814 897 959 1052 1391 1467 
64 200 217 233 466 512 701 745 755 893 1018 1037 1190 1391 
235 249 319 338 356 553 687 739 794 966 1030 1152 1158 1236 1390 1396 1404 1481 
55 57 89 184 499 904 966 1366 1424 
91 146 167 196 213 277 314 349 404 463 810 1204 1335 
1 159 171 178 217 537 543 710 802 897 924 1042 1046 1176 1321 1338 1348 1449 1486 
60 302 538 554 895 926 988 1340 1412 
83 101 200 413 827 852 919 1057 1412 
242 248 464 534 685 1028 1077 1174 1274 1454 
167 212 307 338 393 629 719 891 985 1011 1019 1231 1305 1318 1346 1364 1421 
16 376 392 450 452 459 491 530 884 1007 1133 1321 1329 1446 
67 87 148 195 247 307 395 455 472 556 577 647 732 744 940 968 1030 
54 153 256 319 395 455 504 564 694 940 1012 1194 1455 1481 
153 219 222 223 343 387 399 590 806 989 1035 1112 1236 1288 1456 
430 491 594 901 1044 1233 1277 1410 
111 139 690 835 914 972 1167 
207 279 453 487 551 625 627 840 1084 1238 1286 1393 1465 
75 482 553 567 626 755 793 861 987 1017 1049 1074 1151 1284 1407 
49 87 99 827 1124 1296 1459 
163 217 238 244 385 392 555 577 619 627 844 1011 1066 1132 1210 1291 1422 1460 
27 37 84 227 251 594 680 1197 1355 
251 470 590 659 684 808 1128 1168 1410 
27 235 445 455 638 661 761 1126 1193 1276 1433 
79 430 758 947 1079 1164 1176 1318 1440 1444 1459 1463 
65 668 727 863 931 967 1364 
511 537 595 612 736 806 868 893 973 998 1056 1140 
134 137 585 670 853 990 1038 1445 
156 369 458 506 581 625 969 991 1003 1041 1079 1260 1340 
90 202 248 264 616 623 1124 1403 
118 398 508 1231 1326 
28 499 533 672 722 809 917 1033 1035 1103 1192 1279 1401 1461 
190 214 288 294 297 831 1022 1132 1173 1382 
30 32 181 364 405 410 554 670 745 778 846 1098 1209 1290 1399 
79 239 283 353 406 407 416 446 666 694 763 859 1102 1110 1162 1254 1453 
41 499 509 569 570 616 673 1145 1206 1228 
13 186 226 244 277 281 538 630 733 803 872 1227 1287 1322 1327 1386 1405 1467 
56 380 385 450 506 649 684 758 809 1052 1361 1363 1379 1474 
40 79 141 162 354 395 400 413 476 799 920 1331 1420 1468 
9 55 110 143 246 274 506 627 641 798 852 889 940 1117 1140 1206 
187 383 495 517 695 852 
6 555 558 1126 1134 1152 1223 1309 1326 
18 315 390 665 766 828 959 1011 1092 1120 1190 1336 1401 
104 145 181 270 473 691 796 1089 1100 1113 1150 1168 
323 553 626 717 983 1074 1413 
589 615 848 875 1122 1191 
9 102 139 232 385 398 774 786 1005 1046 1394 
81 109 470 603 686 854 903 981 1133 1173 1213 1403 1422 1477 
88 442 666 782 894 1155 1256 1278 
341 443 530 791 797 873 956 1153 1390 1436 
134 187 215 284 432 439 559 765 916 926 1342 
102 410 460 575 671 675 705 1278 1322 1468 
109 146 178 203 339 370 473 526 627 720 1018 1184 1197 1255 1446 
68 130 199 613 671 701 708 955 1102 1204 1453 
279 285 297 335 405 503 761 999 1075 1130 1138 1149 1283 1383 
113 232 245 307 360 428 491 606 624 865 917 998 1127 1148 1241 1254 
22 38 88 89 149 170 434 511 558 652 898 952 1109 1132 1201 
174 214 248 494 552 599 603 727 863 1081 1140 1178 
176 206 318 326 330 338 372 445 759 848 923 935 979 1124 1198 
318 460 629 1120 1232 1317 1453 
142 159 230 295 372 412 654 693 704 739 875 964 1005 1091 
94 203 229 370 432 825 948 951 1014 1055 1072 1252 1345 1391 1392 1456 
124 141 329 473 497 668 728 893 1021 1143 1367 
104 200 354 601 632 668 672 682 695 705 859 893 1024 1085 1181 1328 1369 1374 1472 
61 147 479 535 742 873 1113 1247 1365 1428 
42 72 136 252 353 522 546 821 909 920 
7 85 121 207 252 438 524 653 829 833 945 
1 59 599 653 720 760 768 779 910 1087 1218 1236 1284 1357 1376 1433 
50 120 141 300 394 570 802 885 1001 1082 1117 1172 1387 
53 302 418 513 754 756 826 957 1283 1334 1352 1359 1371 
81 384 734 858 1033 1146 1353 1398 1407 1413 1422 1477 
135 189 258 340 429 518 693 792 968 986 1319 
326 368 703 732 733 926 1112 1133 1171 1173 
23 106 177 212 356 369 399 542 592 637 673 826 842 1020 1187 1271 
301 337 514 611 1005 1363 1474 
234 513 596 610 735 776 861 1154 1178 1460 
31 38 68 77 82 379 384 444 568 673 752 854 1164 1186 1315 
1 116 368 596 640 731 862 914 981 1053 1066 1105 
474 630 653 1020 1029 1116 1292 1465 
28 182 247 315 458 479 556 560 599 962 1056 1067 1096 1298 1355 
148 350 427 663 760 777 1022 1025 1247 1274 1334 
96 295 394 401 408 600 628 873 890 919 992 1000 1062 1200 1241 1328 
44 162 234 276 699 746 833 869 919 1213 1238 1260 1356 
125 128 142 182 307 553 606 634 705 926 966 1011 1018 1272 1333 
260 407 436 572 631 780 1024 1058 1139 1164 1375 
137 159 234 376 609 749 1442 
7 32 127 172 388 443 696 793 872 1182 1397 1437 1448 1479 
418 544 688 861 1021 1052 1100 1145 1247 1446 
1 27 76 181 195 210 341 376 469 535 600 805 818 870 909 1114 1142 1178 1221 1238 1263 1341 1461 
29 142 267 343 407 455 480 483 492 586 671 730 749 891 994 1251 1400 
266 312 424 551 561 1285 1322 1336 1347 
6 250 531 534 544 651 678 719 988 1143 1322 1379 
392 768 799 800 919 996 1342 1386 1389 
33 108 318 692 787 984 994 1141 1158 1200 1282 1480 
23 59 189 350 530 633 743 807 836 866 892 948 1013 1016 1074 
314 319 479 580 624 704 738 751 869 944 992 1074 1124 1206 1224 1297 1411 1415 
227 284 378 388 435 753 998 1071 1154 1162 1188 1392 1434 
27 74 193 207 493 676 756 1053 1146 1189 
25 72 224 715 830 922 923 942 1161 1210 1325 
92 136 167 294 439 651 714 794 823 971 1191 1214 1238 1304 1355 
83 134 197 254 300 334 368 372 404 489 630 980 995 
19 104 144 190 228 294 312 382 454 489 778 835 847 970 1056 1317 1419 
270 510 747 837 873 897 946 1052 1258 1318 1474 
45 71 137 244 295 335 720 741 785 817 934 1050 1127 
49 213 347 392 484 527 729 1009 1081 1114 1369 1475 
146 215 442 620 815 1156 1219 1477 
194 297 854 886 1014 1062 1285 1295 1297 1405 
92 138 948 1148 1149 1165 1272 1401 1420 
191 259 387 531 571 620 639 786 1024 1035 1039 1055 1065 1079 1200 1206 1267 1287 
166 421 426 471 498 554 683 842 855 899 1019 1061 1194 
31 238 544 848 871 1134 1474 
263 358 562 686 736 870 893 1057 1106 1270 
117 569 796 846 1033 1049 1050 1270 
3 226 300 366 543 625 627 809 824 841 862 891 977 1081 1263 1318 1342 1399 1414 
56 116 132 418 571 1033 1041 1049 1202 1306 1354 1381 
54 220 224 274 417 432 805 820 1252 1328 1412 1462 
16 150 160 213 682 947 1069 1181 1349 
436 593 681 684 972 986 1054 1107 1158 1209 1276 1374 
5 14 34 66 227 274 286 390 423 536 629 671 928 1115 1245 1272 
187 194 196 202 407 595 668 1030 1088 1201 1392 
50 77 134 190 304 505 525 1060 1090 1147 1432 
82 136 462 599 609 642 758 1397 1452 
284 300 408 425 606 623 1304 
11 99 110 215 312 487 524 629 632 900 1086 1205 1363 
76 156 238 279 365 418 456 707 771 901 971 1008 1115 
153 189 659 683 828 1076 1142 
68 125 151 707 866 1014 1031 1188 1244 1269 1317 1343 1448 
23 48 150 206 341 435 508 917 927 1066 1143 1198 
38 101 130 146 333 371 408 418 506 533 556 760 994 995 1266 1268 
106 185 223 234 237 357 380 446 597 673 799 902 926 1066 1279 1427 1444 
166 330 359 460 554 574 841 946 978 982 1030 1102 1303 
25 301 522 770 849 873 1191 1209 1452 
7 9 88 263 278 609 854 1152 1209 1276 1333 1465 1479 1483 
89 102 181 328 359 499 503 522 720 762 786 822 823 871 1128 
63 288 349 746 808 958 979 1065 1235 1281 1294 1306 1335 1367 
154 222 569 735 767 1195 1218 1276 1304 
64 75 128 157 190 244 675 738 913 1059 1246 1390 1445 
74 278 302 513 761 766 862 1023 1073 1279 
186 674 816 980 988 1038 1095 1126 1194 1202 1279 1318 1392 1469 
55 122 306 377 520 642 665 869 959 996 1134 1142 1213 1232 1236 
161 275 541 561 597 653 744 883 1056 1106 1130 1184 1302 
39 125 230 369 435 608 775 884 920 1090 1148 1484 
25 221 418 448 472 743 889 906 1017 1047 1053 1332 1387 1430 1486 
86 253 530 757 807 909 997 1151 1347 1365 1388 1405 1485 
37 455 760 764 1207 1320 1347 1397 1446 
144 154 272 290 1058 1117 1126 1211 
86 378 486 651 680 902 941 960 1112 1372 1433 1470 
17 34 43 87 174 212 373 449 562 589 727 994 1001 1196 1297 1338 
41 257 298 396 510 581 734 961 1165 1178 1194 1304 1362 1400 1431 
309 449 532 581 635 825 848 903 1164 1351 
16 76 249 518 827 1032 1112 1186 1341 
384 523 550 589 746 747 1018 1047 1049 1108 1127 1290 
32 139 372 383 428 429 727 948 1004 1110 1164 1213 1313 1448 
79 475 656 896 955 992 1454 
50 270 361 411 451 548 705 776 837 944 1130 1178 1186 1268 1305 1307 
71 148 158 225 320 355 640 1097 1429 
3 61 132 400 446 556 738 743 810 1061 1162 1327 
243 307 334 335 477 645 791 815 887 1007 1377 1383 
333 500 655 693 1064 1084 1114 1205 1454 
12 79 326 347 580 768 841 842 852 1017 1260 1288 
1 54 56 88 110 271 394 527 798 825 901 1148 1234 1341 1420 1434 1468 
34 334 377 385 521 667 961 979 1056 
252 393 565 622 858 930 1002 1149 1216 1230 1441 
15 155 216 279 649 710 818 858 943 1041 1085 1111 1210 1227 1250 1325 
2 51 638 655 662 722 725 766 945 1102 1225 
57 503 670 691 997 1044 1048 1116 1244 1421 
337 395 440 463 471 561 569 612 647 705 744 767 810 832 843 889 1327 1337 
108 114 145 240 451 557 653 709 726 887 1049 1153 1185 1252 1393 1467 
25 40 155 219 344 452 619 878 983 1018 1354 1366 
6 46 129 207 328 445 505 605 606 1074 1205 1239 
289 456 642 699 738 753 922 1356 
41 267 470 526 785 1046 1131 1235 1370 
152 191 280 309 501 683 998 1231 1235 1247 
241 389 476 675 733 948 1280 1412 1430 1452 
77 136 221 525 670 720 863 978 1074 1128 1329 1331 1360 
43 102 203 374 425 527 622 626 693 745 818 1104 1154 1250 1369 
38 73 288 299 568 681 1269 1337 
213 234 371 485 577 589 637 1089 1132 1228 1359 
365 462 692 697 729 1040 1047 1148 1151 1153 1155 1230 1405 1426 1440 
15 432 598 633 684 760 1072 1425 
134 147 181 333 383 534 670 772 773 799 1018 1107 1387 1451 
222 235 269 394 906 999 1142 1150 
236 271 464 723 858 1076 1241 1300 1327 1361 
68 83 149 197 206 239 382 483 499 923 1065 1189 1485 
14 225 407 482 585 651 725 855 914 1049 1054 1066 1114 1195 1278 1341 
58 248 275 355 390 428 467 629 731 826 924 1069 1358 1477 
16 237 272 301 307 386 441 646 862 890 1140 1255 
218 275 296 534 653 708 784 876 1001 1055 1063 1117 1293 1382 
31 157 239 412 545 634 821 854 867 912 933 953 956 975 1122 1143 1331 
40 225 339 348 361 557 582 717 952 1148 1407 1422 1443 1476 
142 365 720 1010 1113 
154 312 315 321 392 458 697 709 821 1260 1273 1399 1466 
262 321 472 689 816 949 1079 1209 1221 1230 1237 
48 92 173 490 604 667 745 948 970 1029 1092 1159 1183 1424 
416 669 701 969 
588 638 813 913 1066 1287 1360 
204 303 809 948 970 1136 1448 
141 360 444 445 468 503 504 620 635 639 829 1009 1136 1137 1273 1274 
35 38 553 595 621 654 659 749 894 1081 1379 1458 1471 
159 305 322 554 761 802 899 1048 1422 
23 123 682 710 906 1114 1129 1173 1197 1238 1275 1307 1370 1454 
9 170 199 270 361 364 407 457 463 534 663 697 702 746 908 921 1107 1211 1437 1452 
63 155 383 458 839 965 1004 1228 
160 360 1053 
26 62 316 510 622 742 820 1062 1118 1324 
91 155 285 365 636 640 646 962 1007 1016 1024 1116 1297 
268 411 561 763 764 843 1062 1124 1154 1303 1306 1329 1406 
6 9 103 114 155 202 444 754 785 1031 1139 1152 1335 1358 1418 1482 
154 315 434 565 646 703 711 772 831 1114 1144 1211 1312 1325 1349 1357 1359 
212 351 488 608 788 954 1076 1245 1354 1440 1444 1461 1467 
187 263 861 953 956 1202 1310 1367 1482 
105 121 155 239 481 629 748 754 859 884 1220 
236 290 554 614 710 776 877 1181 1354 
230 399 524 542 786 
75 156 159 178 237 512 670 1221 
195 224 398 421 530 616 694 948 1015 
170 256 279 282 613 732 1162 1189 1363 1447 1464 
64 186 202 341 391 427 518 593 723 754 873 1012 1215 
723 890 934 1015 1348 
47 222 288 361 682 818 894 921 1027 1059 1068 1282 
129 142 169 526 860 898 1109 1123 1311 1404 
399 450 535 807 837 1031 1396 
62 130 179 316 358 385 461 523 528 557 755 890 1043 1079 1117 1136 1337 1420 1458 
86 227 233 264 278 331 342 505 568 804 928 1183 1209 1270 1390 1394 
68 132 247 415 569 646 676 853 1029 1077 1124 1247 1387 
7 352 452 770 1278 1350 
50 173 220 420 619 658 698 831 877 1139 1159 1292 
84 191 447 496 501 594 674 752 778 1037 1177 1275 1393 1480 
34 148 495 521 594 630 690 767 851 898 1055 1168 1224 1401 
69 98 171 236 249 451 668 748 774 1016 1222 1309 1424 
217 365 376 512 539 635 715 756 787 1089 1189 
203 247 251 337 543 584 788 1042 1080 1297 1356 1403 
377 388 400 841 855 913 1201 1271 
84 175 178 217 263 639 663 1237 1276 1322 1483 
112 204 210 414 471 500 600 849 853 888 907 1091 1101 1153 1307 1325 
47 55 81 253 313 429 568 637 860 888 1005 1085 1116 1229 1283 
177 316 367 638 852 899 1030 1342 1353 1364 
185 460 903 925 1008 1335 1370 1451 
69 87 128 136 212 634 715 786 815 856 932 1083 1179 1263 1379 1409 1418 
84 190 217 229 503 631 659 814 941 1068 1070 1207 1227 1363 1376 1452 
20 59 109 135 179 195 392 419 427 521 561 663 841 1071 1329 1414 
1 31 203 248 320 429 472 828 907 947 1028 1163 1202 1257 1297 
109 209 348 444 519 534 922 1090 1098 1282 1305 1409 
244 320 437 445 788 1004 1201 1262 1303 1326 1440 
28 315 391 419 551 703 712 912 962 1003 1202 1225 1389 1459 
8 35 154 162 319 388 806 820 834 995 1021 1031 1183 1235 1313 1315 1440 1464 
60 490 683 1160 1167 1371 
21 45 98 111 114 191 438 454 455 597 661 771 917 965 1189 1197 1210 1242 1286 
237 274 450 518 884 997 1055 1083 1084 1276 1465 
105 113 144 240 328 343 438 517 614 630 757 864 957 1089 
55 95 244 362 501 547 665 725 950 1087 1124 1339 1351 1471 
81 301 498 633 770 780 802 843 1184 1236 1264 1308 1395 1461 
98 472 641 689 773 977 1032 1162 1179 1224 1388 
224 300 428 597 854 1402 
53 92 304 314 454 530 543 552 713 821 866 886 1281 1334 
57 538 557 656 730 975 978 1345 1478 
279 313 346 406 738 854 965 989 1131 1161 1190 1275 1380 1381 1387 
24 42 53 163 503 778 902 919 1227 1241 1354 1416 
209 260 301 422 616 762 812 843 911 928 940 1219 1266 
117 182 479 580 770 869 1075 1284 1308 1410 
355 833 838 1026 1112 1176 1309 
60 63 205 490 527 542 595 672 709 712 822 847 1005 1075 1094 1102 1206 1295 1315 
4 81 229 236 609 792 840 1075 1243 1252 1415 1485 
147 215 364 521 561 686 897 1025 1061 1326 
19 64 134 321 401 423 823 844 868 965 1062 1075 1284 1324 1413 
146 298 394 569 697 709 756 759 840 1023 1098 1170 1360 1437 1477 
94 312 363 662 1020 1149 1181 
33 272 274 344 751 979 1049 1199 1251 
127 418 686 769 1001 1306 
86 89 251 275 348 554 598 620 639 838 953 984 1069 1339 
84 135 368 421 460 501 583 594 639 731 763 772 879 890 996 1151 1216 1228 1328 1479 
29 69 202 384 394 454 501 634 707 729 741 886 967 981 1005 1143 1227 
381 439 652 910 1012 1058 1190 1283 1479 
179 305 486 501 629 791 830 872 874 1138 1239 1268 
386 1070 1080 1191 1296 1403 
26 128 187 203 220 403 594 774 791 868 1353 1408 1470 
38 464 496 575 1078 1185 1197 1417 
29 63 72 251 264 327 762 987 1102 1271 1315 
25 191 216 421 534 580 619 651 749 787 898 1075 1116 
101 165 256 290 650 687 868 1147 1267 1295 1299 1337 1454 
47 137 275 330 428 731 938 
34 79 135 240 267 330 788 874 923 1058 1109 1118 1163 1274 1310 1478 1481 
458 510 766 991 1241 1293 
138 212 282 402 423 506 543 728 982 1257 1448 
176 388 465 536 617 618 775 925 1257 1424 
169 264 306 453 553 563 627 743 1229 1393 1442 
60 118 229 290 609 766 806 931 1075 1233 1326 1408 1445 
35 95 251 279 357 646 748 902 911 938 1107 
50 71 245 359 408 416 448 489 523 690 925 959 1141 1320 
132 237 259 408 434 539 542 557 644 728 778 872 874 911 927 944 1027 1063 1083 1252 1344 1395 
237 331 545 566 863 872 1323 
47 61 107 125 216 297 303 359 434 565 632 1364 
23 135 212 229 538 592 761 797 847 862 1076 1164 1194 1289 1295 
2 113 178 427 438 837 857 902 963 1350 1386 
295 390 392 527 561 877 944 1104 1212 1391 
154 313 374 601 821 868 947 988 1008 1126 1197 1213 1347 1445 
53 85 131 322 607 733 786 839 861 900 921 1402 1443 1484 
10 138 251 372 397 475 496 528 538 560 563 616 768 871 1151 1165 
3 494 571 844 905 1032 1041 1134 1247 1286 1329 1370 
163 240 338 478 531 615 662 747 896 979 1079 1098 1116 
63 110 120 334 362 880 1140 1147 1156 1437 1466 
107 113 132 190 338 399 442 490 616 667 869 916 1023 1136 1253 1368 1390 1393 1465 
196 615 688 841 866 964 966 1024 1112 1176 1312 1442 
458 573 738 947 1049 1227 1373 
100 597 659 752 918 1156 1188 1383 
111 324 418 483 491 626 868 894 943 1084 1225 1298 1364 
104 119 206 340 650 780 837 887 889 944 955 1101 1129 1448 
65 250 363 416 443 497 839 1083 1085 1118 1413 
96 142 148 150 167 195 199 205 221 440 634 705 744 979 999 1257 1370 
251 258 344 516 527 695 704 876 945 1029 1121 1218 1291 1322 1474 
1 101 193 999 1034 1091 1399 
38 561 856 1000 1302 1434 
13 26 107 660 749 821 939 1131 1164 1267 1466 
11 46 370 416 653 897 1088 1090 1143 1150 1348 1412 1420 
76 238 283 298 315 384 735 778 804 854 855 929 934 1236 1314 1376 1480 
169 296 447 814 1019 1021 1022 1024 1038 1046 1212 1329 1355 
82 141 227 351 558 634 885 942 969 1052 1159 
25 507 536 590 760 769 984 1242 1280 
163 244 298 418 469 624 661 1036 1219 1306 
25 34 72 494 673 708 784 788 868 952 982 1059 1104 1365 
249 317 369 410 714 991 1034 1100 1312 
387 391 422 582 670 726 817 864 873 958 1259 1361 1385 1429 1437 
15 119 411 474 496 509 627 828 1191 
49 75 160 183 456 512 998 1008 1049 1067 1102 1134 1170 1297 
114 195 336 497 656 677 777 918 1008 1065 1100 1305 
21 616 680 705 734 753 823 923 995 1067 1200 1349 1382 
34 40 62 84 145 171 198 702 883 1102 1274 
149 465 482 512 631 696 701 827 1010 1114 1198 1250 1289 
32 171 518 879 1073 1102 1213 1288 1328 1482 
171 339 456 520 565 717 803 937 990 1009 1133 1303 
210 304 528 584 645 659 880 901 1002 1073 1190 1473 
91 357 463 515 657 820 994 1070 
164 237 325 414 700 802 953 1128 1155 1359 
26 148 1387 
65 230 465 553 576 641 1021 1181 
34 60 115 386 611 670 898 1237 1339 
36 92 118 124 244 252 539 571 653 839 1120 1133 1240 1396 1411 1486 
84 88 126 189 319 375 409 431 549 618 915 1276 1388 
226 484 503 720 793 1002 1025 1059 1300 1442 
15 94 100 134 488 1109 1160 1367 1374 1419 
24 417 482 491 517 606 737 803 847 1080 1084 1250 1266 1299 1475 
336 447 567 581 751 994 1066 1221 1466 
96 208 337 408 480 503 760 794 813 890 924 1021 1037 1083 1086 1088 1195 1213 1320 1385 
31 165 190 421 484 507 518 711 791 1138 1349 1438 
10 28 60 70 143 635 662 935 1054 1079 1311 
221 263 607 646 701 837 1198 1339 1433 
208 218 265 300 360 397 415 432 448 520 871 900 1131 1237 
229 358 506 721 877 940 961 1047 1171 1198 1230 1396 1450 
32 251 256 264 307 405 569 735 911 1152 1159 1184 
80 196 208 518 816 980 1041 1099 1217 1307 1330 1348 
77 746 794 912 1165 1273 1356 1372 
274 287 447 450 690 923 1339 1367 1370 
142 174 205 366 368 470 499 526 774 832 906 910 1020 1062 1174 1179 1398 1420 
1 227 348 466 586 702 723 803 824 950 1417 
141 315 529 537 618 633 707 709 713 735 759 848 864 918 944 960 968 1087 1259 1302 1335 1438 1443 
86 334 355 358 414 603 717 878 884 1183 1206 1213 1306 1322 
106 397 438 838 925 965 995 1038 1059 1436 
121 383 631 639 799 828 905 947 982 1125 1275 1452 
1 104 349 412 439 511 541 964 1041 1067 1238 1336 1369 1447 
27 29 371 520 606 1251 1318 1351 
187 262 447 633 802 819 1096 1206 1352 1443 1449 1458 1485 
226 303 312 1069 1210 1231 1238 1266 
72 338 406 428 475 512 663 805 948 1153 
50 296 380 434 602 760 980 1171 1217 
67 79 96 241 779 789 818 855 966 984 1010 1218 1251 1312 
18 19 256 518 525 652 673 688 702 1117 1477 
91 162 213 694 783 801 898 905 1055 1129 1213 1273 1321 1438 1477 1483 
59 181 270 455 571 592 694 815 863 911 1308 
13 211 385 461 475 523 621 664 782 893 934 1092 1224 1282 1324 1389 1455 
198 199 429 492 706 960 1066 1126 1170 
37 101 152 201 418 593 601 644 666 718 814 900 914 1202 1399 1450 1483 
213 220 278 501 520 601 683 931 1016 1072 1106 1360 1395 
45 46 135 300 780 792 816 937 1155 1212 
367 374 637 666 771 807 832 1089 1096 1203 1286 1406 1421 
283 380 383 438 520 569 644 801 870 899 1058 1083 1245 1288 1329 1352 1388 
360 416 451 743 1288 
317 402 419 553 580 621 956 957 982 1061 1253 1459 
16 295 425 458 609 957 1248 1306 1392 
28 93 250 309 708 814 1033 1103 1149 
37 396 434 481 498 705 844 967 986 1398 1459 
5 77 123 143 308 418 786 799 817 946 1060 
48 482 606 853 1048 1279 1324 1397 1454 
32 237 291 311 388 450 572 848 885 899 941 1370 1448 
1 158 296 497 671 672 696 822 851 887 948 1031 1073 1170 1188 
145 241 255 347 435 572 579 599 968 1283 1365 1480 
101 114 272 337 374 463 759 795 847 1258 1262 1311 1404 1422 
529 830 857 1272 
193 410 880 1039 1060 1226 1401 
125 149 227 267 498 546 664 702 712 815 867 901 920 938 949 1186 1213 1302 1402 
46 66 124 157 176 198 248 390 623 814 867 922 1026 1138 
427 447 672 717 803 941 1073 1439 
136 229 246 609 625 683 778 903 938 1030 1057 1352 1392 
301 325 410 578 763 801 892 967 1108 1181 1328 
115 137 304 383 809 927 938 994 1122 
79 192 210 227 290 505 835 856 935 966 1305 1381 1395 1412 1444 
329 524 808 938 1092 1132 1265 1377 1384 1411 1423 
47 77 141 150 221 228 272 426 540 570 576 577 865 1060 1064 1256 
106 113 199 234 412 440 462 1163 1191 
185 263 577 677 763 853 877 1186 1220 1316 1352 1442 
178 208 285 541 625 953 986 1076 1108 1287 
22 157 167 201 349 436 446 653 734 1006 1099 1401 
453 470 858 1016 1179 1246 1295 1301 1376 1433 
14 324 750 794 856 916 976 1012 1243 1462 
2 39 348 444 450 494 751 1001 1041 1157 1269 1328 1408 
21 34 197 442 615 678 680 732 784 836 844 909 912 1052 1072 1275 1301 1320 1401 
33 37 46 120 179 207 325 417 428 644 759 867 908 1057 1110 1280 1392 
239 292 461 486 555 667 1186 1334 
69 159 389 457 458 596 776 1006 1181 1357 1404 
93 95 270 287 370 377 500 652 680 753 755 782 803 988 1240 1296 1316 1467 1485 
90 153 178 238 254 311 382 404 451 1190 1228 1347 1450 
38 187 356 381 712 736 1025 1083 1129 1143 1233 1270 
394 421 432 462 832 1107 1123 1228 
148 330 386 431 467 674 708 828 1359 1444 
483 533 694 792 807 832 960 1200 1238 1295 
231 247 319 437 450 505 574 769 1112 1201 1240 1269 
124 322 515 628 
45 202 301 410 766 784 1020 1062 1213 1262 1269 1377 1431 
26 186 189 190 255 361 607 735 987 1208 1220 1313 1339 1350 1424 1455 
24 82 143 456 462 582 587 817 835 848 908 914 1316 
325 346 459 591 998 1012 1112 1161 1466 
47 67 68 186 200 408 645 727 
109 118 396 427 696 823 876 972 1026 1094 1152 1167 1191 1237 1410 
99 423 695 846 1202 1324 
210 215 290 953 983 1005 1115 1186 1203 1316 
31 164 216 221 224 505 530 735 812 900 1011 1108 1222 1320 1405 
132 153 180 275 334 478 567 664 927 1036 1237 
350 383 616 635 836 910 914 1148 1158 1166 1183 1270 
42 192 237 368 446 607 628 705 739 833 1327 1362 
4 183 243 387 603 856 886 1064 1143 1428 1431 1437 
187 311 368 399 511 579 857 943 976 990 1007 1416 1455 
50 216 456 762 802 1016 1032 1090 1169 1255 1278 1309 
36 69 89 197 243 264 276 364 420 429 482 805 859 891 1034 1082 1157 1181 1280 1412 
32 275 376 501 623 791 1244 1280 1304 1426 
69 170 202 438 461 510 573 597 709 783 1207 1407 
63 199 269 342 397 546 667 673 688 693 773 869 898 908 1052 1358 
84 168 388 478 726 895 944 1102 1199 
8 103 127 344 354 442 484 603 907 1458 
288 400 536 555 603 632 730 781 812 960 1007 1036 1055 1326 1335 1371 1396 
306 404 489 818 887 1087 1105 1107 1216 1256 1271 1279 1280 1454 
59 137 203 360 465 671 1027 1195 1482 
7 54 186 302 326 395 566 644 841 853 868 1085 1173 1233 1272 1357 
181 248 266 283 308 327 332 760 816 879 992 1003 1174 1294 1352 1422 
28 149 155 171 330 504 523 716 874 898 970 1001 1004 1130 1182 1288 1348 1382 
21 27 118 204 368 1133 1183 1281 1298 1367 
251 255 356 525 638 645 757 765 813 1249 
33 170 223 259 333 348 485 595 883 918 929 1221 1281 
274 275 295 379 390 519 736 795 799 855 868 1021 1115 1120 1253 1322 1370 1403 1431 
354 391 625 740 904 999 1193 1256 1471 
152 190 227 241 549 628 665 730 1177 1264 1316 1323 1485 
20 39 132 269 520 639 793 877 891 892 952 983 1313 1474 
8 443 568 711 754 780 858 923 1007 1121 1302 1408 
37 103 308 312 341 348 358 517 696 756 905 961 968 1295 
53 219 234 236 270 357 1054 1075 1132 1308 
21 141 173 434 436 626 706 807 842 899 912 1055 1088 1102 1115 1126 1148 1176 1307 
212 346 361 397 550 614 691 859 1320 1419 
8 285 356 632 646 702 977 1222 1330 1390 
140 193 277 309 423 613 633 922 1030 1198 
97 100 113 234 255 275 420 423 517 723 741 1109 1123 1293 1425 
67 90 337 597 605 704 706 827 895 1069 1124 1299 
1 64 227 336 399 452 493 569 671 737 865 1018 1078 1295 1301 1461 
254 299 486 971 1158 1177 1221 1373 
81 311 455 707 848 952 974 1101 1205 1220 1226 1284 1294 1369 1390 
452 517 534 661 710 989 1184 1215 1243 1272 1284 1469 1482 
30 61 207 445 513 615 686 697 760 801 1246 1384 
77 105 118 303 342 855 988 1012 1128 1310 1315 1447 1472 
58 66 262 666 924 1004 1065 1268 
20 94 222 247 654 1147 1221 1237 
2 201 292 576 654 712 796 923 999 1017 1031 1063 
39 62 63 186 286 343 562 635 795 937 962 1030 1169 1171 1267 
93 116 216 231 405 714 995 1045 
11 29 52 130 318 382 609 654 696 922 938 952 1107 1464 1468 
28 66 107 164 181 217 370 379 390 560 695 697 770 790 932 1121 1477 
288 480 612 740 819 899 1428 1451 
224 251 269 775 1046 1170 1200 1260 
240 339 405 489 493 515 920 
127 244 380 509 526 612 647 652 894 931 932 1005 1276 1415 1460 
205 246 304 342 695 763 774 827 899 1011 1074 1396 1443 
68 160 288 554 706 952 993 1095 1106 1181 1185 1226 1390 
337 716 777 842 848 859 960 1118 1121 1173 1393 
245 428 747 929 1033 1325 1335 1342 1361 1363 1377 1463 1486 
93 192 200 285 326 599 723 742 1096 1168 1174 1361 1413 
31 134 258 260 399 417 550 603 690 703 815 841 942 1017 1042 1289 1294 1300 
123 193 298 309 688 731 1007 1077 1308 1480 
262 361 402 590 616 636 1022 1162 1222 1275 
67 225 505 511 533 886 925 1192 1382 
69 120 190 241 302 359 610 730 746 878 969 1134 
30 87 146 152 216 322 612 669 712 896 1161 1223 1279 1280 1379 1455 
34 244 263 308 374 385 536 581 662 704 824 840 847 932 984 1058 1303 
120 445 448 1137 1374 1445 1448 
48 81 110 130 173 175 232 234 274 284 327 459 464 476 517 1204 
102 345 636 706 923 935 1087 1100 1413 
150 198 209 337 529 681 849 1027 1119 1124 
14 180 382 475 821 875 927 1022 1049 1255 1358 1417 1461 
108 475 479 499 553 578 606 670 1061 1136 1206 1405 1448 1476 
219 343 716 756 794 815 
190 506 536 740 812 946 1190 1252 1321 1476 
38 268 282 604 808 1156 1198 1207 1335 
49 94 157 213 219 320 323 412 488 1001 1043 1044 1068 1424 1450 
94 237 349 397 698 862 1145 1318 1321 1475 
163 353 433 443 520 560 601 631 1081 1114 1265 1348 
185 424 475 622 788 842 919 951 1233 
11 30 44 203 253 322 376 507 689 1407 1428 1483 
201 315 370 505 584 600 603 619 1003 1145 1176 1292 1455 
220 498 582 697 755 848 873 998 1435 1448 1453 
39 234 235 252 270 568 674 1011 1208 1283 1289 1358 
111 174 253 270 326 372 387 423 428 609 678 745 1155 1259 1266 1280 1333 1394 
73 521 655 686 888 1018 1100 1121 1265 1380 
5 105 517 616 868 1039 1072 1228 1305 1363 1373 1474 
36 312 396 434 495 554 573 719 745 888 914 1033 1225 1274 1392 
63 64 92 395 480 757 886 936 1163 1174 1176 
8 121 126 304 507 590 739 871 872 983 1170 1186 1330 
66 189 244 544 580 593 833 992 1037 1198 1302 1346 1375 1410 1430 
276 358 570 693 843 867 878 1146 1200 1222 1290 1368 1380 1396 
158 160 168 284 383 468 476 648 657 687 951 957 1110 1126 1390 1428 
121 337 359 751 769 840 957 1041 1086 1268 
8 104 157 467 527 555 651 960 987 1016 1117 1164 1243 
52 64 119 150 194 412 640 733 783 877 892 895 993 1008 1097 1235 1306 1425 1484 
6 45 77 140 141 280 365 554 717 723 775 1363 1433 1448 
489 567 808 811 944 985 1190 1392 1417 
78 99 164 577 659 791 889 897 898 1141 1198 1246 1392 1415 1467 
933 1077 1165 1191 1192 1198 1246 1265 1284 
35 353 396 539 657 894 1014 1203 1205 1341 1347 1433 
149 172 273 384 553 754 853 979 1002 1128 1365 1443 
55 78 281 442 668 814 829 995 1032 1144 1264 1349 1423 
264 361 394 626 721 778 827 1019 1024 1221 1222 1280 1471 
15 354 356 373 460 563 743 850 866 
180 253 469 515 587 627 723 777 1007 1058 1133 1308 1317 1330 
62 253 296 300 355 542 796 868 955 1159 1291 1387 1413 
117 200 262 325 366 378 561 660 774 919 1088 1134 1135 1202 
30 51 220 224 413 421 569 692 745 753 1052 1087 1241 1264 1436 
11 58 311 452 673 701 711 751 793 911 1272 1382 1389 
215 331 576 648 730 754 780 1069 1287 1456 1457 
69 258 838 986 1262 
56 317 396 590 622 757 947 1042 1217 1307 1310 
33 48 121 153 171 454 481 697 894 1201 1221 1241 1332 1372 1373 1377 
203 691 866 1021 1039 1052 1161 1173 1211 1219 1485 
1 65 146 376 415 421 483 609 757 758 779 1034 1168 1377 
140 272 441 855 866 907 965 991 1001 1083 1431 
161 224 341 380 417 631 633 839 1065 1203 1310 
67 244 305 551 633 700 726 1039 1100 1218 
46 216 260 387 942 1098 1241 
2 3 50 195 280 541 593 671 1161 1164 1219 1389 1402 
163 169 269 301 360 388 418 496 558 725 738 900 1071 1114 1148 1210 1271 
93 132 294 390 445 575 758 890 966 1003 1089 1247 1407 1455 
18 88 182 270 596 859 882 895 908 1192 1413 1430 1480 
69 107 392 455 507 770 914 1002 1084 1154 1267 1398 1453 
26 282 364 520 551 572 668 757 874 894 966 1028 1078 1115 1137 1276 1442 
107 159 914 960 994 1109 1213 1293 
26 73 120 396 444 464 673 702 759 1011 1019 1127 1212 1242 1286 1385 
147 171 486 536 543 627 668 695 801 989 1020 1190 
165 252 599 970 1041 1224 1293 1298 1362 
149 272 330 516 676 980 1104 1145 
273 386 442 485 968 1062 1080 1124 
54 103 276 291 298 501 579 912 1005 1177 1209 1379 1395 
57 229 303 701 1074 1459 
50 161 514 658 836 1005 1021 1037 1224 1397 1403 
127 141 366 684 1158 1168 1178 1183 1208 1361 1465 
157 283 645 678 819 861 886 1286 1346 
133 149 268 521 525 594 618 731 770 784 862 873 898 1119 1258 1429 
15 65 396 562 713 831 
110 152 232 359 504 559 583 731 904 1048 1102 1164 1184 1214 
125 189 475 530 766 771 1126 1255 1258 1410 
314 449 463 722 796 811 850 851 993 1069 1115 1206 
19 72 91 310 433 516 553 691 1050 1208 1345 1477 
193 348 440 552 584 635 681 682 757 964 1024 1128 1141 1182 1387 1426 
129 309 680 858 923 968 994 1239 1338 1478 
57 173 213 264 438 473 494 642 790 801 1003 1023 1046 1197 1410 
237 253 294 406 583 694 796 916 926 942 1187 1426 
297 546 823 841 875 1030 1088 1152 1163 1342 1425 1463 
53 225 282 350 406 645 675 678 757 771 934 966 1000 1058 1075 1134 1461 
24 51 140 195 233 488 743 759 1109 1215 1270 1286 
394 543 798 934 948 1476 
16 133 327 380 442 527 707 902 1294 
116 277 291 580 843 892 1265 1434 
161 366 445 684 753 829 840 1014 1166 1351 1474 
82 149 164 210 258 513 719 765 894 967 997 1114 1197 1239 1256 
267 392 450 591 616 706 802 850 1118 1338 1344 1382 1410 
17 218 236 272 295 521 655 926 936 982 1039 1438 
186 619 678 742 766 907 1325 1336 
5 26 57 493 649 1010 1029 1095 1105 1111 1177 1442 1455 1475 
152 285 353 573 651 767 788 
177 184 470 612 667 848 910 920 944 1281 1463 
3 19 74 111 155 320 418 432 599 758 759 810 852 873 996 1239 1328 1402 
174 307 311 406 621 632 639 720 729 741 886 1373 1389 
25 159 221 476 627 1049 1336 1354 1390 
410 725 737 821 1015 1323 1362 
6 158 273 422 468 671 693 770 1271 1317 1366 
60 70 92 203 208 225 299 439 850 903 904 1055 1169 1281 
153 290 300 645 736 759 766 978 1073 1109 1202 1259 1350 
331 403 451 589 671 876 968 1085 1103 1283 1363 1397 1453 
68 84 188 304 308 313 319 340 477 985 1053 1177 1348 1455 1473 
105 114 246 270 306 307 419 476 619 636 649 909 1010 1119 1334 1376 1469 
14 324 383 396 420 492 829 1120 1134 1151 1158 1201 1386 
124 140 180 226 329 333 455 529 661 830 996 1035 1473 1485 
75 168 171 207 219 274 610 665 874 928 969 972 1017 1344 1393 1437 
237 321 614 693 781 839 859 1075 1371 
6 104 329 338 376 500 573 657 679 842 930 991 1110 1482 
68 108 112 209 214 361 468 503 827 968 1167 1200 1402 
227 534 707 717 754 945 967 1194 1252 1264 1460 
140 218 312 324 483 634 758 829 937 968 1092 1172 
150 375 664 684 687 934 955 1025 1131 1372 1432 1457 
248 334 488 568 731 797 942 1081 1239 1240 1316 
235 297 545 642 908 1187 1310 1345 1421 1462 
42 106 214 330 387 407 540 557 797 834 883 976 999 1239 1267 1277 1349 
132 204 269 416 579 600 770 785 996 1051 1065 1366 1403 
294 360 390 606 620 672 824 903 1079 1144 1282 1393 
229 265 338 355 634 736 764 928 1346 1364 1484 
250 546 713 822 894 970 1099 1111 1203 1476 
41 205 290 317 326 387 443 546 673 734 1061 1272 
105 177 484 580 823 864 935 1118 1221 1384 1439 
127 237 529 931 960 997 1058 1068 1111 1142 1206 
68 112 141 649 829 1006 1197 1355 1445 
21 84 238 380 415 446 493 615 730 906 1110 1294 1360 1405 
138 195 413 522 630 687 1063 1220 1267 1294 1343 
112 113 274 361 381 414 575 823 877 1099 1248 
42 63 226 339 437 446 461 505 602 606 745 844 1271 
368 412 514 612 644 827 999 1074 1161 1351 1394 1486 
30 99 346 506 632 917 1155 1176 1239 1294 1296 1383 1443 
153 415 446 
375 544 556 741 797 851 958 998 1246 1313 1443 
83 140 230 422 548 601 624 741 745 1016 1266 1272 1392 1449 1467 
7 44 99 152 217 233 295 454 874 1016 1154 1473 
23 172 190 373 422 792 947 1085 1202 1244 1290 1336 1450 1467 
88 133 194 373 455 516 708 727 814 917 1064 1377 1411 1444 1458 
5 74 206 298 300 315 317 484 579 1155 1223 1369 
383 629 652 1081 1102 1308 1444 
69 356 421 490 517 730 759 796 852 1053 1352 
2 68 122 180 283 290 352 374 395 424 433 583 593 635 828 902 940 984 1016 1093 1287 1324 1425 1447 
68 106 264 325 363 520 525 645 903 1012 1097 1134 
247 268 473 475 525 696 739 852 1004 1128 1290 1301 1343 1417 
33 113 143 326 599 628 763 809 896 983 1061 1215 1221 1237 1273 1344 1405 1422 
101 290 373 587 761 762 821 1054 
164 226 267 397 547 586 821 856 879 898 1137 1151 1165 1268 1278 1279 1380 1418 
53 440 613 777 927 987 1045 1061 1238 1354 1365 1407 1479 
277 324 694 757 806 983 1265 1376 
86 90 298 635 1011 1049 1131 1154 1313 
183 197 243 253 347 430 490 501 541 580 716 724 727 763 981 1096 1107 1197 1236 1272 1403 1435 
52 118 142 144 304 510 587 638 715 846 881 904 1141 1315 1349 1403 1405 1431 
91 216 375 598 830 1112 1139 1305 
55 178 293 488 660 691 793 873 951 1070 1130 
121 122 535 653 667 849 908 1476 
257 318 351 421 720 791 802 867 988 1147 1160 1164 
67 187 476 685 727 1013 1056 1148 1301 1342 1357 
332 392 456 789 807 991 1034 1206 1315 1364 1396 1397 1420 1459 
215 452 763 980 1145 1167 
8 9 300 468 614 641 796 866 903 938 1184 1253 1372 1390 1397 1416 
77 82 98 185 335 453 527 749 966 1133 1476 
17 172 254 257 305 562 778 830 949 1193 1261 1303 1393 1482 
221 338 607 624 685 1035 1046 1163 1210 1421 
10 105 162 512 580 618 619 666 711 747 998 1002 
18 439 495 681 685 775 782 1019 1181 1271 1321 1326 1336 
4 102 159 249 251 508 545 624 855 1096 1155 1383 
53 97 116 201 353 767 768 875 933 1073 1154 1191 1466 
65 91 158 290 291 534 804 830 1024 1067 1240 1250 1287 1304 
10 42 360 414 873 1000 1466 
9 16 27 77 130 204 286 422 452 520 529 855 1022 1235 1279 
111 269 422 488 606 627 643 1017 1189 1405 
243 362 521 534 603 1036 1113 1252 1278 1389 
51 208 361 373 421 566 618 967 998 1392 1446 1486 
728 861 1099 1214 
87 234 264 274 460 540 571 798 867 920 982 1073 1112 1403 
86 501 707 711 753 770 925 1133 1362 1408 
103 174 480 502 537 549 757 780 807 830 949 959 1145 1201 1390 1450 
18 154 298 368 623 667 699 1155 1283 1451 
2 304 417 487 657 737 764 953 989 1044 1177 1257 1446 
82 309 360 419 424 425 491 623 939 1217 1276 1328 1387 
185 193 195 390 544 938 1192 1324 1327 
16 57 116 203 293 649 692 699 713 889 
174 504 523 590 676 824 1188 1232 1261 1273 
7 103 316 603 915 1081 1318 1454 
220 370 407 539 680 902 933 1271 1304 
460 650 657 908 1176 1188 1206 1297 1397 
49 131 356 687 716 880 1360 1448 1456 
288 598 783 827 906 1105 1161 1277 1281 1462 1470 
26 235 245 284 326 391 698 721 856 920 1071 1333 
137 686 1263 1396 
31 451 726 742 809 1116 1289 1440 
100 213 262 382 685 846 961 1025 1060 1081 1188 1354 1478 
29 199 452 1103 1114 1126 1337 1455 1479 
97 140 146 317 491 1150 1369 1453 
145 303 479 784 938 969 1003 1005 1436 
135 147 922 
58 63 247 266 271 295 597 655 845 1045 1062 1098 1158 1306 1339 
307 350 356 375 442 692 949 1056 1114 1120 1236 1282 1377 1379 1484 
214 361 410 692 718 784 889 969 1154 1172 1383 1385 
400 427 539 787 896 1046 1055 1248 1371 1457 
73 354 642 684 740 771 812 847 904 1418 1424 
34 176 348 433 591 593 976 1118 1224 1387 1465 
68 108 337 677 738 747 754 846 886 912 956 1043 1066 1142 1248 1253 1263 1277 1432 1478 
68 121 416 567 766 1120 1380 
144 234 259 263 280 474 1107 1130 1169 1257 1382 1422 
467 473 605 627 645 669 940 997 1232 1423 1457 
98 142 143 499 708 715 881 891 933 961 999 1117 
217 305 390 675 694 739 794 813 819 1263 1305 1349 1439 
5 77 128 249 255 266 470 769 913 918 960 1039 1141 1198 1429 1478 
9 24 125 166 267 272 464 515 617 750 773 1128 1177 1189 1246 1262 1303 1339 1350 1438 
269 294 318 425 502 561 679 696 774 821 1291 1432 
160 270 331 403 581 630 726 1291 1360 1445 1451 
91 126 372 406 513 611 715 738 958 982 1120 1196 1383 
50 104 437 530 660 724 779 784 1004 1136 1139 1314 1403 
355 709 780 835 1235 1358 
174 418 424 517 578 660 791 848 969 1011 1219 1252 1329 
35 96 111 214 245 341 384 875 1162 1362 1433 
189 288 316 660 784 1239 1328 1341 1472 
36 178 179 202 279 357 433 489 540 638 653 694 759 976 1005 1230 
48 255 352 578 584 735 777 838 892 1008 1061 1316 1447 
13 200 206 278 312 357 413 445 610 735 951 1060 1072 1101 1179 1412 1414 
256 285 306 657 761 796 927 969 1168 1279 1380 1382 
58 66 204 238 612 798 811 920 1230 
131 289 305 377 495 666 711 898 1222 1351 
12 66 124 138 282 480 610 687 689 906 1035 1433 
69 70 494 575 623 760 958 1010 1207 1284 1478 
50 73 175 331 349 390 527 637 823 1224 1463 
49 115 294 601 750 1090 1350 1353 1381 
434 797 834 862 870 1069 1209 1267 1334 
27 133 206 293 723 864 1100 1258 1339 1484 
141 224 253 325 458 538 587 598 612 949 1253 1255 1331 1367 1400 1406 1486 
117 222 421 438 440 523 648 659 698 807 830 865 945 1025 1125 1126 1231 1323 
15 55 200 432 492 566 568 657 709 1015 1041 1325 1437 1448 1454 1471 
141 299 624 687 846 892 1030 1032 1393 1438 
123 204 280 420 853 987 1074 1144 1242 1304 
54 218 376 447 516 608 630 660 763 773 1041 
65 137 204 243 252 399 501 668 711 967 970 1088 1199 1222 1356 1407 
47 320 364 397 526 603 706 892 993 1126 1130 1261 
51 195 507 619 901 1056 1276 1366 1443 1475 
110 121 202 336 903 943 1022 1120 1168 1208 1295 1353 
6 50 139 263 392 403 585 654 766 902 1096 1239 1376 1418 1476 
