1465 8482
60 110 222 302 689 809 936 992 1009 1064 1150 1160 1205 1257 1289 1407 
66 121 230 375 674 715 1079 1454 
15 19 95 172 228 247 531 652 932 1047 1221 1266 
74 350 360 552 703 847 952 978 979 1014 1348 
41 103 129 185 254 308 596 694 696 715 806 839 904 1000 1100 1242 1336 
485 494 513 712 1118 1157 1159 1285 
58 196 226 240 626 633 686 723 887 1050 1062 1085 1101 1148 1160 1169 1227 1322 1354 
518 634 905 915 938 945 989 1250 1339 
20 54 146 160 315 472 487 506 531 616 685 839 913 1158 1376 1381 1449 
183 221 442 603 988 1247 1438 
18 170 212 536 560 616 681 781 896 1056 1292 
161 206 264 389 747 829 921 1015 1133 1156 1455 1457 
160 542 697 768 884 915 992 1080 1201 
18 91 106 208 725 743 916 994 1452 
3 103 215 258 374 385 557 564 577 621 785 870 1022 1182 1316 
42 52 308 498 729 736 761 790 1038 1157 1185 1225 1283 1315 
76 249 333 399 413 497 573 648 779 811 849 1001 1048 1054 1058 1256 1337 1455 
11 14 249 625 834 1004 1131 1158 1224 1226 1229 1231 1261 1376 1459 
3 100 165 217 393 395 577 624 989 1319 1361 1427 
9 110 117 121 156 197 334 534 537 631 668 808 833 857 901 1145 1267 1427 
79 292 434 480 619 722 803 897 968 1267 1303 1325 
82 215 338 450 539 678 711 852 907 927 1030 1067 1174 1407 
166 184 212 256 266 435 522 604 778 954 1006 1132 1194 1293 
200 510 537 560 656 665 716 913 944 1211 1280 1282 1449 
312 430 668 933 953 1046 1062 1095 1097 1198 1416 1455 
100 211 473 679 767 886 966 1099 1102 1456 
90 201 322 483 916 984 1047 1162 1202 1210 1426 1453 
227 303 323 443 544 792 925 1010 1028 1222 1239 1251 1278 
147 265 563 852 903 910 914 991 1053 1090 1249 1365 1405 1421 
131 133 178 229 273 418 427 493 510 609 775 821 902 922 
123 231 293 524 527 636 698 718 808 1058 1105 1144 1190 1225 1243 1331 1438 
310 379 521 534 567 586 667 746 788 809 850 923 1001 1009 1122 1225 
56 58 419 666 849 1077 1152 1364 
185 230 338 396 756 1040 1142 1198 1358 1412 
45 472 530 556 589 618 688 993 1102 1122 1208 1227 1387 
143 502 584 619 652 716 902 913 1075 1080 1125 1236 1239 1287 
230 252 283 285 368 740 1313 1391 
162 217 224 353 356 395 426 625 645 695 754 1115 1186 1231 
113 181 250 371 590 624 713 995 1005 1119 1205 1231 1419 
71 196 367 406 417 522 767 1081 1291 1417 1461 
5 149 325 402 496 513 533 551 646 660 987 1010 1033 1109 1253 1443 1462 
16 82 423 571 579 746 1297 1304 1403 1458 
208 275 280 281 917 1069 1212 1221 1322 
138 143 162 252 254 304 699 762 912 994 1036 1049 1072 
35 242 312 338 438 471 479 515 541 844 1003 1028 1076 1081 1142 1185 1293 1312 1395 1409 1424 1455 
446 805 868 878 905 1310 1391 
77 214 447 520 596 862 1017 1028 1068 1109 1201 1205 1324 1443 1459 
85 309 366 377 384 438 580 689 710 896 1164 1432 
147 203 295 505 704 706 782 1072 1185 1343 
56 387 479 542 645 829 921 972 1134 
205 402 650 657 701 719 1148 1185 1446 1454 
16 137 142 303 327 431 708 929 1120 1250 1434 
113 406 466 493 619 877 1018 1061 1273 
9 260 814 1013 
515 797 1001 1056 1072 1073 1106 1131 1169 1261 
33 50 688 730 929 1147 1210 1306 1423 
209 228 273 452 471 670 855 864 1142 1464 
7 33 103 104 137 230 615 706 736 836 984 1184 1193 1247 1302 1347 
118 510 813 997 1129 1414 
1 173 342 515 611 773 862 872 980 1023 1102 1183 1249 1271 
64 470 526 575 935 944 1143 1261 
67 87 314 558 587 638 685 714 983 1081 1102 1111 1182 1234 1453 
71 161 164 400 460 479 511 994 1069 1325 
61 297 442 710 
381 477 596 711 857 971 1183 1196 1202 1205 
2 107 198 202 277 445 454 651 799 887 1188 1210 1368 1416 
62 166 177 185 216 295 498 556 939 1028 1242 1265 1345 1449 
243 366 777 778 872 882 1116 1128 1176 1269 1351 1360 
87 197 207 218 592 662 679 754 1011 1095 1179 1282 1343 1362 1417 1422 
117 603 660 693 845 1349 1364 
40 63 232 250 438 481 652 894 1157 1373 1415 
342 370 529 720 1120 1246 1390 
182 230 232 293 380 561 1039 
4 608 633 684 777 926 1071 1341 1361 
104 233 303 306 514 588 731 785 873 902 913 1163 1207 1313 1381 
17 141 325 377 485 921 1048 1128 1342 1460 
47 213 897 1046 1227 1269 1410 
103 193 442 465 473 674 893 1193 1228 1332 1451 
21 466 492 515 811 915 1086 1353 1378 
179 233 259 405 690 702 808 954 
219 232 281 344 448 701 969 1244 
22 42 145 254 443 558 580 597 868 1190 1234 1289 1402 1454 
86 131 212 278 284 533 625 881 1227 1396 
132 177 184 295 319 361 372 504 510 628 690 702 812 1095 1174 1224 1227 
48 359 408 442 1018 
83 168 265 351 424 473 476 596 707 742 769 786 1273 1401 1441 
62 69 206 295 469 640 764 1040 1051 1272 1392 
170 198 289 311 328 383 887 910 1057 1190 1301 1432 
94 133 137 252 383 581 582 675 692 758 1295 1420 
27 118 129 228 258 305 383 485 514 788 913 958 
14 233 325 334 354 478 602 622 635 869 957 989 1049 1070 1131 1223 1357 
151 188 282 314 451 588 614 754 969 1360 
183 243 263 297 440 499 1117 1240 1327 
89 341 544 557 843 850 871 969 1280 1291 1419 
3 405 423 470 917 942 1017 1039 1303 1317 1435 1444 
177 699 784 852 991 1003 1095 1127 1300 1393 1409 1450 
100 157 158 279 361 426 462 524 699 810 955 1068 1138 1308 1343 1450 
115 128 207 311 518 766 942 
353 366 497 548 1142 1237 1265 1291 
19 26 97 142 246 325 398 612 808 1106 1162 1360 1404 1428 
106 210 907 1125 1148 1323 
224 329 492 536 720 754 891 902 1030 1443 
5 15 58 78 220 355 785 790 1283 
58 75 124 346 518 535 541 636 669 768 876 1017 1164 1391 
232 239 375 406 499 512 617 898 1112 1116 1187 1399 
14 101 419 731 788 807 891 1071 1121 1146 1195 1249 1257 
66 275 277 313 807 867 920 980 1252 
386 397 423 519 624 749 854 960 1023 1276 1371 1410 1453 
115 151 640 741 915 921 1304 1357 
1 20 167 323 762 801 900 905 998 1076 1111 1160 1165 1168 1203 1280 
255 276 469 511 644 1171 1248 1323 
160 215 265 269 375 403 423 812 947 1101 1164 1206 1236 1251 1259 1286 1371 1377 1437 1463 
39 53 120 554 565 774 866 925 979 1022 1270 
191 253 355 667 958 989 1121 1218 1221 1234 
98 109 231 378 386 532 545 570 664 727 771 988 1070 1238 
170 643 666 736 742 787 838 919 1142 1202 1206 1275 
20 70 173 382 690 912 1271 1281 
59 90 250 298 473 496 622 659 677 946 1221 1384 1436 
165 223 823 950 1016 1042 1254 
113 336 432 683 1180 
2 20 233 391 392 427 853 976 1130 1175 
316 457 496 1192 
31 443 448 449 666 693 975 1021 1289 1364 1376 
104 202 207 300 335 357 381 385 399 474 570 693 884 943 1170 1230 1270 1459 
174 254 852 1037 1048 1208 1260 1403 1414 1420 1447 
309 403 407 945 1018 1046 1219 1221 1338 1381 1428 1439 1458 
254 543 600 647 908 1030 1088 1175 
98 239 323 331 540 741 793 827 1133 1342 1397 
5 90 234 278 299 419 483 484 490 568 896 1119 1387 1448 
234 299 401 425 469 683 723 782 907 1000 1331 1363 
30 83 234 319 475 505 574 888 891 923 1044 1292 1379 1386 1422 
84 194 281 292 427 469 521 565 854 902 1372 1382 1411 
30 89 168 210 327 386 403 452 571 572 668 686 722 1082 1175 1323 
174 195 370 465 483 484 570 583 638 854 924 1097 1409 1435 
216 280 445 507 848 979 1389 1406 
183 304 318 484 511 639 650 1254 1304 1383 1421 1458 
52 58 89 259 466 658 893 1072 
44 140 279 414 466 562 577 717 911 939 948 1331 
298 448 470 502 594 1024 1027 1098 1352 
138 200 283 340 362 377 507 512 570 751 1014 1274 
76 142 172 229 566 597 795 802 834 1044 1051 1068 1238 
52 100 141 209 259 477 573 622 690 699 741 777 903 958 1203 1275 1465 
36 44 176 186 639 876 965 1057 1218 1389 1447 
326 375 439 449 586 602 658 719 795 892 1085 1258 1274 1414 
82 850 866 867 939 978 1070 1076 1106 
9 185 271 367 368 397 890 909 974 1427 
29 49 306 534 564 919 1035 1050 1155 1293 1368 1372 1426 1462 
186 322 760 839 982 1070 1130 1332 
41 311 409 454 634 763 788 797 879 1271 
182 207 367 665 706 829 1109 1120 1397 
92 109 247 456 624 697 757 764 793 879 1000 1110 1341 1384 
169 214 240 265 594 617 698 1060 1295 
187 250 362 384 631 664 719 834 964 1108 1256 1257 1338 
157 255 330 400 522 581 601 668 684 724 984 993 1040 1285 
185 323 488 664 947 1048 1226 1233 1277 1339 1393 
20 300 545 563 630 701 764 913 959 1015 1016 1164 1227 1455 
97 154 167 720 1089 1319 1420 
97 870 952 1020 1097 1115 1176 1202 
187 246 939 1055 1090 1201 1379 
9 13 112 213 460 693 736 1195 1221 1244 1388 
12 63 201 220 323 653 739 841 865 883 1090 
38 44 524 543 579 619 639 642 1060 1221 1249 
315 335 535 660 861 972 1195 1249 1282 
63 424 588 842 896 975 1043 1052 1276 1426 1429 
19 119 345 559 572 648 666 786 831 940 979 
23 67 342 540 1040 1172 1175 1287 1303 1410 
110 157 291 474 523 654 840 984 1141 1208 1317 1318 1384 1419 1465 
86 133 351 505 565 647 792 1282 
152 195 210 346 406 593 707 883 953 982 994 1301 
11 88 116 197 204 246 258 266 423 531 715 810 1009 1197 1218 
275 435 472 593 827 926 932 954 1009 1020 1070 1149 1167 1193 1314 1339 1423 1453 
3 141 196 239 266 271 292 381 515 617 811 822 1200 1401 1431 
60 117 267 320 330 363 419 486 575 763 765 801 1003 1074 1225 1359 1423 
125 134 393 419 450 518 535 618 802 871 878 1075 1207 1273 1424 
410 494 667 819 857 1170 1286 1346 1402 1448 1454 
143 400 565 711 791 822 881 969 1000 1045 1296 
67 84 96 257 264 284 285 351 539 720 739 765 807 1060 1231 1259 1428 
30 198 344 969 1360 1455 
80 413 458 662 770 1338 1418 
184 297 301 439 492 623 918 1216 1230 1412 
39 416 792 1165 1246 1317 
73 150 359 370 627 681 840 913 1044 1111 1219 1309 1325 1437 1455 
10 93 136 184 320 334 503 504 874 916 1218 1304 
23 84 180 183 206 449 523 530 540 842 864 967 1017 1028 1247 1313 1416 
5 34 67 146 155 231 324 378 608 789 811 852 918 952 961 1252 1307 1329 1421 
143 148 259 293 337 826 942 1110 1268 
153 159 377 758 808 955 
92 213 301 358 498 576 700 819 1004 1078 1199 
237 425 567 617 878 931 934 1108 1134 1137 1176 1276 1345 1362 
251 395 521 631 859 876 983 1124 1275 1384 1399 1462 
114 203 327 475 518 529 613 693 721 960 1132 1165 1243 1337 1370 
285 370 373 494 735 849 899 997 1018 1158 1235 1292 1426 
78 294 401 777 785 863 
132 291 413 597 1108 1190 1331 
134 169 305 425 489 1109 1130 1160 1197 1206 1257 1412 
7 40 172 208 487 514 531 550 656 1022 1170 1366 
20 69 170 242 316 510 527 576 702 788 827 867 919 1343 1348 
66 88 178 295 639 832 889 1250 
631 936 1264 1426 1454 
24 140 205 230 249 574 588 617 801 869 916 985 1003 1067 1104 1434 1447 
27 161 204 229 307 439 543 596 774 819 858 977 983 1100 1185 1188 1207 1310 1385 
66 124 235 280 394 395 461 487 521 625 889 1133 1243 1310 1354 1391 
49 191 461 535 560 1092 1096 1136 1228 1276 
170 201 232 268 490 497 702 749 790 852 908 1142 1266 1369 1382 1399 
51 200 454 544 856 1106 1287 1372 1414 
12 87 184 343 533 564 952 1257 1387 1401 
69 98 124 150 227 318 520 581 706 1218 1258 1288 
14 43 196 428 614 870 1342 1371 
57 142 233 335 532 717 734 863 1119 1215 1240 1454 
101 133 169 271 446 499 527 621 640 676 1055 1299 1357 
26 278 415 611 926 948 954 981 1302 1321 1368 
11 23 83 502 544 793 975 1020 1111 
77 160 188 292 342 359 362 581 619 840 847 1043 1184 1236 
47 152 372 800 832 851 1103 1461 
15 22 112 223 283 335 390 421 529 576 585 797 842 909 1443 
67 135 240 278 337 699 1044 1119 1404 1454 
19 38 887 968 1110 1252 
69 356 468 547 590 777 894 975 997 1113 1433 
81 289 372 382 417 549 584 625 680 980 1273 1290 
103 161 387 464 559 597 825 832 860 1054 1163 1228 1263 
10 263 322 425 622 672 801 897 1000 1025 1044 1190 1332 
1 256 641 722 980 
119 215 257 436 597 708 806 819 1018 1042 1079 1087 
38 102 234 350 367 916 982 1092 1170 
228 370 393 427 674 689 800 824 1054 1115 1147 1210 1257 1348 1454 1463 
7 235 249 565 736 956 1024 1154 1251 1286 1340 1389 
28 207 293 328 385 412 434 721 744 771 783 1386 1391 
3 57 90 225 371 375 376 386 431 442 623 626 691 732 786 828 911 988 1018 1087 1179 1265 1441 
30 141 201 529 593 605 620 739 972 982 996 1153 1318 1373 
2 34 37 58 73 200 301 314 375 820 824 853 919 1101 1316 1378 
31 115 185 346 418 445 454 766 960 995 1175 1254 1301 1323 
71 73 81 105 204 298 690 729 741 1028 1147 
75 80 91 121 209 262 365 722 1113 1160 1352 1446 1462 
129 130 131 224 301 410 549 752 792 1054 1055 1151 1213 1456 
202 226 422 539 584 1127 1273 1333 1358 1418 
413 420 472 640 709 764 852 885 947 952 980 1012 1061 1257 1293 1328 1370 1421 
189 281 317 363 590 635 680 699 728 838 1031 1039 1198 
278 290 297 490 555 797 1200 1209 1271 1378 
105 128 172 895 1324 1342 1438 
7 152 216 313 323 436 786 961 977 1106 1128 1173 1219 1329 
265 272 292 352 433 444 621 817 849 1138 1248 1430 1465 
45 197 557 595 610 640 645 732 1015 1246 1394 1415 
68 93 244 339 562 711 1128 1273 1299 1366 1372 
243 281 360 367 384 394 482 867 881 910 928 944 992 1092 1422 
382 470 589 618 685 704 857 920 1020 1026 
100 159 170 357 403 406 657 788 850 868 873 927 938 959 1002 1016 1112 1183 1185 
3 151 370 458 633 857 924 1037 1134 1279 1290 1432 1441 
300 591 603 1193 1279 1294 
17 18 200 226 267 342 442 497 573 740 797 984 1118 1214 1336 
39 71 118 153 258 381 502 514 556 714 809 1016 1230 1283 1345 
190 291 325 674 807 998 1218 1287 
37 44 89 361 379 388 634 718 841 960 1391 
114 367 423 987 1182 1332 1381 1406 1443 
5 44 82 125 127 298 521 528 545 636 944 1001 1003 1207 1210 1356 1363 1394 
111 154 700 824 907 
23 222 442 444 464 515 532 600 698 773 994 1030 1110 1260 1452 
177 223 295 629 814 881 986 1013 1112 1352 1395 1424 
15 90 170 250 341 965 1000 1007 1241 1376 1396 
80 137 142 186 456 464 491 863 933 1067 1170 1172 1411 
54 402 418 507 508 624 711 741 748 825 1241 1279 1300 
473 631 675 785 905 1234 1289 1425 
233 604 650 712 757 894 1043 1097 1307 
93 221 401 409 415 504 538 566 591 697 766 798 915 1193 1254 
12 177 276 349 371 408 479 494 630 634 670 744 851 1047 1063 
29 86 112 152 241 405 454 645 905 942 1100 1263 
23 170 172 508 517 702 866 1371 
173 249 357 562 758 807 880 931 932 1047 1093 1152 1272 1285 1412 1458 
204 601 774 1149 1177 1339 1362 1384 
112 311 526 572 660 676 692 1016 
310 381 474 499 1039 1087 1102 
146 172 210 299 609 613 617 637 740 762 1264 1394 1439 1454 
241 292 354 456 617 621 657 900 1139 1141 1269 1286 
30 57 340 368 424 463 482 609 748 852 856 926 1155 1206 
305 481 552 674 765 823 836 860 1054 1126 1186 1224 1241 1255 1300 
43 107 171 989 1205 1372 1374 
111 264 324 434 540 595 1052 1184 1233 
66 107 396 650 803 814 899 1048 1056 1185 1311 
83 129 211 216 238 340 513 679 762 837 856 972 983 1040 1216 1219 1249 
97 138 284 414 520 587 650 701 805 871 1126 
43 135 202 450 576 895 983 1097 1313 1378 
43 81 132 237 244 409 567 668 908 928 1188 
92 345 367 457 586 756 1223 1298 1345 
37 140 215 393 508 511 594 621 915 927 1122 1416 1421 1457 
83 177 279 342 528 585 612 1003 1327 1330 1368 
37 177 192 313 389 599 641 1164 1174 
332 585 718 810 858 893 904 970 1234 1311 
627 1028 1094 1104 1233 1335 1400 
321 639 700 731 737 847 1015 1051 1183 1199 1255 1443 1462 1463 
88 219 543 549 606 910 999 1118 1322 1411 
238 557 763 833 942 974 1070 1167 1206 
167 194 251 463 475 608 712 833 916 957 1127 1385 1396 1407 
21 132 172 213 241 272 586 614 697 708 974 1176 1353 1437 1448 
31 73 186 227 295 409 444 731 750 761 931 1016 1065 1314 1377 
193 462 498 588 698 738 1142 1198 
49 67 84 87 198 257 293 339 346 577 819 885 1056 1083 1086 1209 1258 
390 405 597 617 867 913 1110 1122 1216 1263 1405 
64 93 180 238 329 399 535 604 627 647 705 878 900 1015 1077 1240 1282 1283 
118 139 232 254 327 420 440 457 569 644 693 737 824 1015 1076 1179 1237 1262 1385 1448 
129 130 271 342 656 660 845 848 1039 1040 1299 1418 1436 
124 156 248 658 703 877 912 1022 1109 1312 1398 1430 
180 188 230 234 667 670 692 738 793 973 1093 1217 1425 1449 
1 366 745 753 1022 1148 1453 
28 52 75 423 438 450 563 569 624 793 1046 1116 1127 1220 1464 
44 136 476 506 592 598 656 776 
90 195 274 314 326 327 483 557 640 726 748 749 886 945 1070 1093 1401 
75 147 359 637 910 1104 1107 
201 367 575 615 812 
5 16 336 393 498 535 646 672 776 1063 1090 1295 1440 
48 126 329 339 342 354 356 428 574 712 805 978 1022 1084 1142 1149 1261 
32 270 363 440 485 605 812 911 919 926 954 1001 1026 1032 1034 1068 1182 1239 1322 1449 
88 98 149 269 423 593 664 701 738 1106 1308 1334 1421 
25 45 352 763 870 894 946 1152 1414 
107 240 285 333 340 415 419 482 642 849 861 1347 
62 92 230 305 582 768 848 965 1208 1431 
9 163 451 502 699 877 971 1185 1355 1405 
122 197 626 733 875 896 936 1028 1162 1356 
237 526 579 666 883 984 1031 1205 1352 1426 
136 207 380 507 556 562 642 781 816 858 872 1145 1269 
84 131 372 514 638 801 844 903 911 992 1100 1344 
173 183 330 724 917 993 1028 1421 1432 1448 
288 327 342 360 558 1182 1326 1332 1353 1450 
27 148 221 528 644 657 667 727 838 1031 1082 1213 
28 110 128 155 161 240 328 423 490 711 836 910 996 1085 1124 
185 276 583 675 776 843 884 911 944 1001 1056 1125 1361 
41 76 91 100 251 339 463 508 510 522 610 631 942 946 1057 1377 1417 
144 305 341 380 554 690 725 772 955 957 1104 1116 1307 1461 
52 133 191 298 305 321 421 573 631 650 669 751 753 759 768 1044 1104 1163 1276 1294 1316 1351 1391 
88 227 323 619 665 857 932 1004 1042 1381 1384 1424 1463 
102 297 309 417 469 669 679 688 712 796 958 1207 1256 
154 173 320 384 472 529 573 772 878 891 1243 
128 408 663 787 869 1243 1444 
286 353 605 984 1059 1302 1416 1428 
17 313 424 491 668 709 1061 1215 1278 1389 
20 91 183 374 430 560 688 736 822 1003 1322 1442 
124 163 209 215 391 547 578 588 697 852 876 946 1001 1166 1316 1319 1370 1442 
120 308 446 561 571 703 827 845 1101 1209 1442 
186 216 345 445 598 646 744 776 905 913 1117 1202 1227 1307 1363 1446 
22 34 45 346 417 451 489 725 757 758 849 905 1052 1115 
243 295 309 325 361 381 956 978 1005 1054 1207 1270 1378 
140 273 278 313 443 517 560 677 748 1064 1452 1453 
94 258 326 454 549 727 784 1017 1269 
60 72 166 213 249 284 299 309 321 356 358 452 746 860 871 931 1034 1155 1224 1333 1452 
206 350 375 439 443 469 498 603 634 870 994 1106 1121 1309 1415 
81 178 476 555 666 705 840 943 946 1221 1226 1295 
165 282 337 471 706 710 717 1035 1051 1232 1462 
104 169 231 295 338 417 482 591 596 676 728 748 886 1020 1171 1192 1267 1427 
364 390 404 702 709 809 1061 1180 1435 1450 1455 
393 529 631 748 777 924 1068 1073 1110 1125 1126 1193 1412 
264 410 626 912 933 1003 1094 1128 1134 1317 1346 1402 
4 224 343 563 781 841 926 955 956 1097 1098 1303 
86 168 177 534 604 626 823 1007 1063 1106 1247 1312 1318 
241 312 569 698 754 774 1053 1071 1108 1139 1268 1280 
38 99 332 415 432 445 472 557 672 708 807 863 1080 1382 1444 
91 272 309 518 650 744 748 1065 1131 1185 1193 1200 
103 114 658 820 1353 1360 1437 
38 218 309 342 496 594 611 825 876 925 1095 1230 1301 
124 246 267 431 666 717 742 808 815 834 898 1192 1250 1389 1414 1416 
188 342 585 639 667 799 1211 1252 
85 182 213 306 655 1000 1196 1442 1445 
4 244 321 380 423 647 687 746 1421 
84 97 252 339 481 644 1254 1403 
140 153 213 647 651 653 662 945 950 1220 1444 
173 237 310 402 429 453 500 523 546 581 1180 1353 
347 574 748 1264 1308 
233 479 683 812 911 1146 1321 1351 1453 
48 68 99 302 490 598 724 864 902 964 1119 1285 1312 1360 1448 
40 146 150 224 244 253 282 307 403 410 485 535 557 692 924 1169 1194 1204 1341 
37 146 273 635 729 1214 1305 1316 
486 640 655 752 941 1148 1161 1208 1229 1258 1415 
72 134 182 192 225 247 445 690 800 823 1021 1055 1091 1137 1341 1408 1444 
39 228 264 749 753 846 1298 
84 214 219 319 405 450 586 724 1111 1115 1206 1228 1352 1366 
192 471 779 781 816 820 847 952 1334 1364 1365 
15 334 441 745 786 1050 1053 1351 
2 105 112 144 228 230 343 394 515 685 729 993 1008 1037 1069 
228 443 447 581 1141 1221 1277 1392 1444 
48 76 140 187 661 917 1004 1220 
115 185 587 821 834 845 990 1284 1386 1400 1441 1460 
32 252 442 447 466 547 831 1032 1279 
73 318 326 360 588 638 695 703 801 827 960 1004 1093 1311 1391 
65 124 172 250 270 339 455 480 617 898 935 969 
117 219 245 526 569 666 934 1030 1062 1079 1135 1153 1170 1191 1273 1446 
88 89 90 415 457 587 647 776 865 905 959 1006 1166 1354 1388 1462 
48 153 244 330 429 451 485 570 722 826 1029 1121 1226 1372 
15 124 227 395 975 1081 1090 1349 1361 
108 115 133 228 585 767 1234 1254 
50 220 494 573 590 642 654 729 784 942 1239 
252 686 771 803 1023 1123 1424 
12 285 537 608 800 1349 
215 296 347 754 783 894 993 1097 1128 
121 335 619 801 1136 1204 
121 394 417 483 508 529 630 912 1175 1189 1241 1299 
19 174 225 283 308 348 547 644 871 935 1135 1139 1324 
202 244 375 392 425 480 537 765 770 851 1238 
19 38 190 202 385 746 988 1052 1147 1205 1440 1457 1460 
34 277 399 964 991 1000 1067 1142 1221 
108 146 501 542 563 612 621 685 751 874 1014 1053 1076 
100 481 575 578 632 788 891 892 1039 1081 1109 1349 1377 1400 
17 124 297 396 630 711 
63 154 176 462 902 906 1244 1336 1371 1427 
130 193 263 617 705 805 944 1010 1048 1091 1164 
41 51 260 363 511 818 1009 1061 1132 1161 1403 1449 
112 126 133 246 367 622 638 857 995 1258 1458 
347 470 540 779 781 948 953 993 1188 1383 1389 
80 95 265 296 372 428 474 498 500 552 700 763 792 1168 1380 1385 1417 
40 53 105 169 246 420 547 609 624 625 673 686 713 1181 1199 1310 1362 1396 
126 431 576 811 888 1044 1224 1253 1272 
85 264 331 619 1022 1062 1398 1405 1414 1434 
149 263 281 293 501 700 1357 1407 
175 234 349 367 428 478 748 814 
564 601 830 869 899 1062 1104 1157 1298 
227 602 710 717 800 916 1121 1320 1436 
17 179 194 236 465 637 677 771 990 1293 1434 
138 279 475 595 640 741 848 1092 1128 1133 1421 
211 263 313 353 383 627 701 732 756 825 851 1264 1278 1364 
181 426 455 561 587 603 637 680 838 972 1063 1131 1140 1236 1404 
40 219 329 338 346 392 603 637 798 848 859 969 1133 1138 1200 1436 
30 231 260 434 833 853 889 994 1004 1105 1168 1375 
33 106 129 173 174 313 477 547 579 738 914 1084 1229 1420 1464 
236 298 406 510 600 655 896 1089 1129 
215 327 457 635 778 782 805 806 1030 1251 
235 436 713 927 945 1132 1172 1232 
42 95 108 112 170 253 303 311 323 360 568 1016 1156 1438 
86 164 273 333 487 542 721 800 932 1170 1225 1289 1363 1367 1385 
130 189 195 221 394 588 637 687 729 819 845 875 910 934 1010 1185 1304 1448 
38 97 416 578 651 737 971 1113 1136 1296 1304 1359 
30 121 132 225 468 664 680 1018 1115 1152 1200 1216 1252 
208 309 405 410 434 451 529 653 770 1284 
363 384 746 784 805 858 1078 1133 1295 
25 334 890 937 955 1013 1088 1092 1100 1304 
52 228 357 407 511 918 980 1018 1083 1120 1185 1228 
120 353 459 637 644 1058 1100 1105 1112 1224 1390 
241 569 597 640 829 1246 1355 
21 227 276 418 428 580 712 725 756 768 881 918 1325 
23 171 447 457 612 648 649 812 945 975 1107 1189 1261 1324 1358 
223 240 422 559 885 1043 1114 1187 1221 1452 
478 915 1072 1127 1148 1162 1194 1247 1287 1454 
45 48 71 303 757 997 1036 1215 1257 1421 1425 
144 180 201 343 504 870 1270 1428 
93 298 310 579 690 898 916 1010 1024 1046 1090 1229 1324 1327 1416 
374 943 947 1067 1090 1238 1247 1283 1291 1300 1337 
10 64 78 85 228 249 256 379 598 697 1043 1161 1234 
28 82 123 340 343 376 478 985 1049 1140 1265 1435 
241 256 293 457 528 593 666 741 994 1330 
66 135 231 337 353 370 483 586 725 
46 210 336 612 646 660 752 1428 
47 376 379 435 530 601 723 846 1228 1241 1286 1349 1462 
81 123 139 458 578 662 1083 
123 144 184 494 495 514 516 532 676 714 764 1042 1176 1228 1235 
22 174 280 303 372 470 582 999 1144 1463 
92 315 338 384 428 488 618 768 1008 1076 1180 1260 1403 
57 133 342 605 951 1029 1209 1381 1412 
363 477 720 735 755 1145 1172 1277 1417 
66 149 205 231 265 341 478 666 709 835 955 961 1258 1337 1371 
381 416 608 807 847 920 951 1081 1377 
151 259 272 740 953 971 1192 1343 
122 282 298 383 421 435 444 546 595 1003 1063 1241 1294 1309 1316 
179 247 448 653 951 1036 1163 
432 544 554 574 583 850 895 1287 1403 
63 160 616 640 1010 1310 1378 
202 203 521 662 687 839 1210 1310 1369 
97 294 400 1095 1255 
273 291 325 811 821 901 978 1096 1101 1123 1151 1247 1331 1427 1441 
220 256 259 717 995 1231 1263 1264 1399 
78 134 413 498 734 1116 1135 1246 1339 
53 79 137 138 379 531 542 566 694 726 731 842 1030 1035 1196 
546 563 634 779 866 1115 1129 1171 1292 1346 1440 
218 427 604 706 1046 1260 1412 1420 
87 111 130 132 329 343 614 859 933 1223 1363 
61 95 139 245 404 450 834 940 1008 1318 
45 57 345 373 518 784 829 900 1425 
9 35 171 236 330 353 484 536 1029 1058 1259 1322 
26 78 86 118 261 563 677 1107 1150 1338 1391 1419 
124 167 270 405 818 851 1131 1386 1392 1443 
131 191 291 414 567 597 857 1151 1279 1303 1421 1437 
86 304 344 508 509 533 673 893 1124 1158 1218 1322 1358 
65 142 419 453 675 745 789 912 927 1096 1181 1351 
91 410 437 443 454 512 548 625 885 921 1078 1183 1282 1345 
45 50 63 264 365 489 787 941 1130 1448 
21 381 394 511 831 923 1073 1081 1210 1373 1427 
71 274 361 398 670 856 972 1071 1142 1146 1198 1335 1364 1439 
244 273 313 346 591 636 782 995 1164 1305 1355 
27 129 134 305 392 445 566 697 827 833 1339 
129 134 136 472 526 540 620 840 844 1231 1323 1351 1376 
6 76 90 310 367 384 605 775 907 1013 1039 1044 1218 1224 1410 
173 369 656 735 765 902 922 965 1119 1195 1284 1298 1317 
9 196 202 424 536 664 1013 1201 1228 1341 1448 
155 451 628 697 737 738 820 936 1062 1094 1174 1431 
195 338 479 511 537 625 699 743 750 945 1062 1071 1164 1183 1271 
129 204 238 323 366 548 617 687 970 1165 1176 1187 1209 1318 1331 
259 333 560 650 703 723 727 923 1147 1222 1366 
79 102 180 494 577 585 634 875 881 955 1101 1123 
30 53 616 626 642 706 726 732 782 814 835 840 998 1119 1164 1335 1386 1417 
6 175 192 264 387 449 492 497 524 607 671 677 886 1124 1347 1352 
449 879 1072 1195 1232 
41 118 122 356 497 645 741 833 1030 1099 1100 1146 1257 1283 
17 99 204 249 494 496 577 578 713 842 846 952 997 1136 1138 1155 1240 1377 1393 1409 1462 
16 67 188 294 308 343 405 465 541 588 611 712 793 917 1239 1287 1302 
93 105 210 270 515 604 773 979 990 1218 1225 
363 405 504 515 616 627 656 722 826 972 1138 1216 1317 1332 1345 1395 
397 409 544 714 744 762 1133 1167 1298 1334 1364 1453 
36 139 212 250 315 650 763 865 1005 1123 1240 1245 1331 1461 
183 631 670 820 865 1012 1059 1122 1248 1379 
84 183 263 439 500 593 597 799 856 943 948 1002 1160 1183 
49 131 168 601 733 763 827 955 1217 1284 
9 304 800 1145 
135 140 260 318 511 708 747 923 973 991 1225 1269 1437 1446 
260 266 283 325 392 476 664 715 853 865 1072 1355 1387 1458 
476 633 665 679 740 904 950 972 976 985 1021 1146 1373 1439 1446 1453 
24 30 59 84 197 325 420 977 997 1000 1336 
63 111 136 283 402 431 480 489 507 530 578 766 782 797 822 933 1145 1421 
105 140 478 552 615 731 853 1023 1114 1378 
6 41 278 1045 1051 1151 1274 
75 90 196 250 319 449 689 720 970 1169 1202 1421 1436 1438 
45 55 60 79 172 256 375 499 500 530 594 648 1313 1440 
449 517 732 767 871 908 936 1055 1136 1205 1235 1314 1331 
266 340 516 719 986 1103 1217 1314 1424 
8 98 104 174 191 354 471 635 728 1104 1180 1317 1397 1407 1414 
108 546 547 705 796 871 985 1122 1272 1428 
47 207 279 644 799 900 1154 1386 1398 
32 132 190 202 254 461 1001 1433 
23 40 154 325 547 901 1051 1216 1300 
167 184 363 626 718 747 878 899 1038 1080 1339 
31 97 162 494 601 712 718 751 945 1019 1061 1232 1316 1429 1445 
790 913 956 979 1157 1231 1334 1345 
61 269 317 382 484 546 987 1359 
31 197 210 530 839 922 930 951 1065 1139 1305 
254 284 322 444 564 666 670 855 859 916 1261 1336 1430 
72 191 215 229 330 348 392 428 640 827 1000 1085 1119 1136 1197 1338 
35 184 447 511 515 527 532 587 896 921 961 1421 
3 9 170 196 466 668 784 827 845 1137 1456 
115 209 256 449 530 665 713 743 882 1083 1166 1178 1225 1326 1332 1417 
41 83 206 476 605 745 788 888 916 952 1124 1177 1212 1380 1416 
20 32 147 351 544 547 656 839 1319 1345 1403 
104 163 174 203 297 308 367 715 1345 1354 1401 1431 
11 102 472 487 672 698 774 826 847 867 959 1102 1302 1405 
20 24 389 394 489 564 625 655 1022 1173 1261 1305 1465 
263 627 661 754 930 938 1017 1138 1273 1397 
22 177 235 562 602 639 693 799 984 1091 
128 166 184 276 404 484 767 891 1043 1196 1218 1268 
45 104 498 786 909 1197 1377 1420 
13 50 397 424 466 1161 1232 1244 1347 
127 162 201 289 751 868 1228 1287 
28 94 205 212 459 501 534 1009 1105 1141 1353 1371 1391 
115 156 254 733 744 
363 457 467 519 526 652 891 1024 1038 1320 1376 1465 
218 335 379 393 406 419 519 522 534 585 668 785 830 875 901 916 949 1347 1359 
99 478 490 684 867 1046 1116 1141 
219 234 289 341 642 918 992 1183 1234 1353 1456 
196 554 584 672 719 853 888 930 1092 1163 1328 
41 562 668 1041 1158 1346 
4 274 405 512 588 731 1017 1040 1293 
558 569 591 671 735 765 798 911 951 971 1171 1408 
113 326 459 550 556 622 997 1170 1375 1429 
238 344 675 717 982 1078 1303 
35 67 250 318 554 691 890 1133 1180 1267 
15 94 242 290 305 353 367 615 808 898 899 955 1099 1176 1233 1344 
62 82 321 553 740 759 788 830 836 1197 1367 
165 220 436 573 600 947 1059 1359 
11 24 203 334 340 491 627 681 868 919 1072 1106 1169 1172 1251 1278 1343 1387 
73 336 416 679 719 733 828 982 1043 1058 
138 243 267 318 539 551 660 823 1075 1206 1326 
29 156 303 350 397 467 473 997 1031 1056 1059 1167 1348 1375 1377 1413 
15 147 206 411 528 537 779 781 866 932 976 1015 1035 1150 1185 1271 
113 132 168 176 226 685 809 826 881 928 1126 1169 1321 1439 1457 
141 263 466 483 635 642 653 670 707 778 795 802 848 935 1035 1099 1409 
32 189 281 475 569 681 709 1100 1239 1330 
129 423 679 700 1048 1240 1436 
298 303 352 382 433 553 567 738 1446 
115 124 134 140 384 730 767 1087 1363 
42 133 336 844 1153 1247 1249 1294 
133 165 269 653 713 935 1022 1053 1227 1236 1292 1395 
17 142 249 327 330 387 559 656 680 711 789 801 965 1001 1055 
131 200 309 364 459 736 750 848 1059 1195 1303 1391 1404 
61 173 307 398 812 891 1190 1241 1309 1398 1437 
188 197 215 280 407 586 677 976 1033 1184 1334 1394 1456 
15 19 138 295 492 497 782 815 914 1450 
335 398 426 448 497 511 613 667 717 807 823 843 1184 1216 1314 1320 1326 1372 
42 162 317 419 440 603 753 778 856 880 929 937 968 1034 1135 1194 1217 1250 1256 
48 82 434 654 835 898 1117 1153 
89 154 207 213 363 376 774 1109 1304 1449 
89 314 450 614 756 1236 
134 324 459 693 1039 1205 1312 1316 1465 
36 219 235 550 643 663 773 801 1333 1350 
215 284 286 358 386 492 547 601 627 744 969 972 976 1414 1462 
32 144 282 292 372 445 576 784 914 1031 1179 1218 1325 1394 1417 
62 279 378 383 416 530 728 905 1103 1220 1354 1383 
75 92 164 200 294 335 380 425 498 552 692 740 861 911 1197 1306 
35 245 792 1020 
39 218 237 387 699 768 783 825 1076 1121 1271 1295 1383 1444 
248 263 346 482 553 698 1254 1297 
69 304 635 1151 1171 1187 1346 
169 171 229 311 444 504 1172 1273 1341 
139 152 283 356 515 723 786 850 902 974 989 1072 1181 
242 276 414 457 806 880 1008 1014 1040 1146 1190 1196 1438 
5 47 65 86 201 346 682 795 843 865 893 935 940 1113 1175 1245 1282 1289 1386 
82 141 194 220 223 296 433 475 504 599 701 924 1034 1166 1460 
304 337 366 442 623 704 714 851 1076 1083 1142 1246 1254 1455 
285 597 713 722 1313 1431 
127 256 420 559 941 1133 1238 1302 1435 1462 
154 268 411 447 505 524 585 607 717 721 744 825 990 1055 
91 144 412 539 660 705 713 897 1044 1125 1329 1364 
10 70 248 343 416 417 579 737 771 786 1025 1103 1135 1285 1351 1356 1358 1403 
23 262 297 351 468 499 652 655 869 892 1046 1173 1195 1280 1399 1456 
229 310 332 452 485 533 730 1044 1050 1118 1196 1231 
289 684 946 1260 
494 601 763 865 905 1415 1438 
74 185 291 389 455 615 758 1149 1270 1272 1326 
30 271 273 406 783 799 831 883 1023 1071 1118 1158 1178 
242 325 627 792 885 909 1241 1301 1330 1436 1444 
60 211 356 498 663 935 974 1108 1218 1224 1273 1358 1430 1442 
100 284 397 435 446 668 710 758 818 836 872 992 1146 1417 1452 
191 271 578 773 836 1119 1382 
92 208 292 469 582 970 1056 1120 1347 
58 307 512 557 608 691 796 811 1025 1304 
9 11 460 493 500 720 742 754 775 864 955 1114 1145 1242 1249 1347 1451 1455 
105 152 172 189 200 271 272 296 381 401 490 641 657 949 1003 1043 1054 
35 174 245 451 799 1322 1344 1395 1426 
21 36 53 162 213 328 391 408 761 950 1008 1012 1140 1254 
229 484 978 983 1275 1348 1379 1409 1420 
15 210 241 272 283 397 682 845 906 1098 1281 1347 
91 118 142 221 403 554 629 762 801 813 1016 1156 1277 1280 1346 1397 
180 228 598 651 676 811 910 956 1131 1252 1258 
19 39 108 151 260 303 406 792 911 944 1081 
18 38 83 202 219 406 478 489 537 785 844 847 1051 1407 1430 
7 228 316 349 351 493 523 679 692 945 967 1074 1099 1409 
182 287 297 415 500 538 560 585 610 1104 1281 1300 1337 1348 
84 488 933 941 986 998 1141 1156 
257 622 643 868 983 1061 1450 
156 264 392 399 775 960 1220 
20 153 190 199 261 325 327 348 503 640 828 1017 1169 
398 883 1036 
7 74 247 509 738 963 1016 1121 1157 
8 149 252 264 343 467 492 1008 1115 1158 1222 1255 1326 1353 
91 237 368 421 518 566 592 695 894 1113 1133 1394 1416 
31 104 254 482 637 721 755 874 939 1149 1205 
271 306 413 416 417 425 432 636 687 760 893 896 949 973 988 1013 1186 1279 1352 
62 134 319 380 403 672 919 943 1005 1116 1221 1351 
136 143 162 198 288 358 539 703 960 1049 1116 
87 109 210 236 242 305 369 414 433 460 529 631 649 1064 1134 1294 1313 1375 1443 
222 285 617 926 
162 313 318 387 493 549 566 706 830 1100 1172 1230 1286 
116 584 629 657 856 944 1238 1369 1423 
111 298 322 361 393 432 520 724 814 843 965 975 1033 1082 1172 1204 
38 50 242 265 496 722 770 839 872 1116 1264 1336 1449 
41 308 337 446 1119 
127 168 297 360 362 383 677 998 1290 1420 1457 
17 165 435 515 978 1093 1190 1207 1240 1253 1327 
435 640 851 922 964 996 1003 1025 1054 1148 1288 1312 1353 
51 136 262 277 279 327 354 491 502 
66 362 426 623 687 702 748 752 843 1055 1139 1145 1206 1308 
3 36 71 546 604 835 860 883 1006 1402 1436 1459 
161 362 428 458 566 572 760 855 921 990 1149 1158 1229 1434 1441 1462 
167 387 580 715 926 982 1036 1069 1138 1266 1272 1341 
359 369 420 537 604 1037 1159 1176 1211 1291 1382 1396 
24 196 299 304 486 500 534 573 764 894 963 1420 
51 246 272 322 617 643 836 1047 1067 1217 1223 
137 144 300 355 811 972 1129 1211 1399 1463 
118 729 820 974 1065 1213 1426 
41 70 163 269 299 446 562 602 664 762 884 894 1049 1075 1119 1153 1348 1360 1422 1440 
377 538 758 1000 1012 1069 1158 1329 1402 1418 
69 179 362 448 461 690 752 830 909 1023 1432 1439 
331 584 611 831 908 1297 1312 
115 153 155 311 427 487 508 660 689 1024 1136 1235 
24 150 328 509 532 932 1089 1179 1232 1269 1312 1368 1379 
33 116 123 165 317 344 357 382 444 454 528 684 702 861 911 994 1072 1147 1172 1195 
32 114 175 301 322 358 578 680 792 815 917 945 1289 
20 25 133 154 281 333 531 547 551 612 811 918 921 1199 1253 1345 
104 327 329 801 872 942 982 1006 1074 1116 1161 1285 1314 1402 1453 
57 264 301 481 503 528 566 680 810 856 863 1007 1056 1330 
494 553 707 1066 1143 1150 1277 
221 308 353 536 550 638 774 789 1159 1181 1195 1308 1372 1380 1443 
406 476 733 776 891 942 1044 1206 1286 1372 
2 78 225 251 274 734 743 751 777 807 914 971 1024 1094 1118 
89 261 324 477 555 875 894 1011 1265 
210 269 346 449 623 764 828 836 1041 1168 1274 1287 1462 
118 340 413 473 494 576 647 825 831 853 977 1037 
22 987 1167 1430 1447 
26 69 278 329 509 561 568 626 776 942 1437 
219 237 416 427 573 667 670 810 816 911 981 1154 1176 1194 1224 1457 
11 182 560 567 728 833 1175 1185 1418 
596 621 887 1155 1236 
120 130 365 745 1025 1235 1294 1402 1435 
74 154 548 606 666 789 1031 1168 1191 
9 62 245 375 397 565 861 1048 1218 
7 133 388 406 726 771 795 843 968 973 1114 1137 1190 1232 
360 425 461 490 637 651 767 768 922 1031 1065 1219 1330 
35 56 329 334 718 733 768 821 1067 1225 1246 1320 1344 1370 1449 
1 48 225 514 664 924 1121 1141 1144 1390 
80 84 117 142 232 326 370 440 662 791 802 895 1055 1310 1321 1358 
228 556 615 884 1037 1169 1423 
89 269 301 367 588 626 801 827 1248 1278 1462 
70 123 124 160 191 298 539 583 837 945 983 1082 1123 1241 1452 
5 466 936 939 1010 1038 1134 1259 1378 1399 1457 
38 380 635 717 989 1048 1128 1144 1192 1333 
5 1239 1284 
13 151 263 292 335 442 483 488 752 763 776 825 921 1000 1219 1362 1405 1428 1445 
31 152 256 294 352 536 591 735 808 1027 1171 1257 1322 
44 96 97 142 216 237 315 489 590 769 813 815 985 1045 1245 1328 
188 255 288 405 409 568 772 883 1025 1032 1264 1370 1436 
51 81 156 279 311 415 597 745 1161 1226 1253 1256 1270 1404 
80 84 197 204 266 347 651 666 736 760 791 1075 1315 1429 
4 300 336 380 491 639 748 779 946 988 1012 1081 1129 1256 1341 1433 1443 
49 245 598 713 771 867 914 1016 1079 1325 1362 
297 344 401 519 602 1223 1260 1349 
49 58 150 207 345 468 493 642 843 916 1246 1274 1328 
86 169 566 671 867 901 993 1038 1166 1291 1431 1465 
52 223 292 353 507 838 879 1022 1198 1388 1416 
236 333 347 454 567 1002 1055 1204 1407 
48 64 345 412 612 901 940 1011 1074 1096 
22 65 176 243 260 323 399 573 955 1185 1193 1271 1284 
6 262 291 309 329 434 498 524 735 737 758 792 850 860 977 988 1026 1099 1250 1252 1393 1448 
39 406 422 497 532 572 599 602 704 869 953 993 1107 1206 1390 
62 250 449 501 598 805 856 896 968 1155 1439 
2 5 170 508 535 654 751 1205 1325 1375 1395 1425 
24 36 802 967 1044 1058 1230 1239 1269 1334 1376 1387 
138 209 345 357 412 464 555 578 601 695 951 999 1047 1105 1329 1332 1335 1336 
31 252 286 523 524 688 1311 1330 1356 
51 144 153 517 550 561 763 866 1316 
72 102 157 177 453 514 616 836 1318 1322 1353 1386 1428 
191 227 424 601 636 730 835 846 962 1143 1194 1233 1404 
21 133 222 233 384 500 599 645 1100 1244 1336 
7 130 447 491 594 854 1069 1339 1364 1365 
154 320 366 372 644 836 947 1304 1369 
14 326 338 434 445 987 1043 1057 1211 1220 1253 1384 
305 466 493 686 730 1020 1044 1261 1392 1427 
115 322 341 491 769 850 860 868 879 997 1149 1327 
237 346 518 587 681 807 823 996 1041 1044 1140 1182 1392 
16 232 368 375 387 425 659 837 1151 1194 1215 1217 1441 
56 570 605 721 726 901 924 1024 1033 1171 1196 
75 106 288 293 466 512 552 785 804 1073 1079 1337 1388 1392 1436 1461 
228 242 415 493 516 931 1375 
316 505 545 561 673 688 806 812 878 920 1068 1186 1213 1361 1393 
209 465 674 790 823 831 939 1212 1407 
192 453 486 553 698 712 1098 1304 1376 1382 
16 58 116 160 226 334 574 702 750 1110 1133 1287 1292 1317 1319 
288 298 426 488 603 712 1291 1309 1358 
294 301 311 419 488 569 633 961 1068 1142 1275 1334 
161 177 229 1082 1285 
37 249 271 456 509 558 588 881 949 997 1075 1106 1421 
109 128 142 232 260 414 444 496 868 881 915 1005 1119 1222 1345 
86 116 357 616 857 892 1243 1300 1452 
14 489 532 674 842 855 1030 1367 1391 1415 
227 264 337 354 501 545 585 601 749 947 963 1211 1296 
302 374 477 533 683 701 864 921 1148 1172 1293 1364 1458 
32 42 342 360 395 429 792 795 919 965 1034 1039 1314 1403 1454 
12 507 523 801 1114 1157 1190 1458 
260 273 305 340 346 348 354 364 410 651 703 769 1104 1146 1211 1214 1270 1458 
108 204 305 371 744 807 868 885 
293 489 574 736 819 893 1020 1076 1158 1311 1401 
140 327 397 524 543 674 715 1033 1295 
234 369 446 651 662 697 881 960 1218 1228 1266 
302 327 371 579 1032 1075 1126 1171 1267 1295 1461 
38 69 92 102 352 390 538 616 757 762 941 948 1237 1335 1346 1368 1437 
453 636 957 1092 1114 1197 1268 1342 
34 282 415 434 582 952 1035 1141 1254 
151 262 338 438 754 959 1005 1323 1328 
89 187 267 338 608 612 661 712 798 922 979 1014 1046 
327 558 864 1096 1221 1343 1385 1386 1414 
148 637 653 702 857 1077 1370 
16 293 619 947 995 1019 1388 
44 110 271 278 501 622 660 754 1096 1148 1272 1356 1431 
149 173 290 312 405 502 505 607 697 719 816 850 1189 
87 151 156 236 449 656 676 978 1099 1104 1152 1372 1436 
173 177 274 394 486 553 1294 1369 1407 
98 231 263 511 849 875 923 1151 1180 1295 1390 
26 40 386 516 540 570 687 891 1140 1180 
13 104 314 327 434 451 590 687 688 875 929 999 1099 1174 1188 1284 
86 699 727 748 808 811 848 1078 1122 1128 1249 1315 1382 
179 394 428 645 927 952 1144 
115 227 388 413 603 686 704 879 979 1217 1292 1298 1340 
326 330 700 1043 1410 
60 256 499 584 613 1007 1111 1129 1192 1308 1375 
113 201 268 352 536 581 672 790 792 869 924 985 997 1002 1383 1458 
30 485 616 630 953 972 1008 1018 1034 1050 1237 1253 1288 1464 
304 308 324 337 383 673 679 697 1087 1305 1463 
68 74 142 193 218 348 674 812 907 1094 1305 
23 68 421 566 579 833 1169 1209 1370 1452 
17 373 404 467 564 703 919 1451 
994 1064 1077 1142 1183 1225 
11 318 350 373 404 564 916 965 971 1433 
49 130 421 482 493 511 577 792 885 1107 
227 390 590 609 804 885 898 1017 1146 1367 1440 
96 341 387 429 471 531 586 1141 1148 1179 1308 1340 1410 
15 75 103 193 261 547 625 731 
86 165 228 240 374 541 594 603 836 849 1138 1149 1156 
116 331 479 896 1030 1308 1460 
32 90 106 149 197 246 398 533 558 860 887 1296 1453 
185 477 573 672 684 798 1004 1090 1258 1282 
16 103 204 525 734 774 875 879 967 1035 1269 
176 690 702 843 851 907 1145 1182 1327 1437 1458 
28 168 181 234 405 589 610 624 667 712 746 774 782 815 873 917 963 1135 1428 
128 151 212 301 303 498 929 1075 1136 1145 1237 1293 1371 1415 
813 929 961 1150 1300 1382 
141 144 566 596 686 746 827 901 1110 
329 519 615 919 1040 1206 1397 1448 
55 149 215 238 249 511 798 882 943 976 1049 1144 1269 1298 1303 1376 1451 
263 417 553 758 789 797 911 997 998 1002 1056 1383 1386 
66 358 504 520 539 609 618 1002 
214 225 370 389 412 424 506 856 886 956 1296 1314 1367 
110 173 200 221 319 380 391 573 584 622 669 692 747 862 877 895 963 981 1123 1425 
141 174 566 690 716 895 940 1109 1223 1329 1383 1464 
21 277 388 866 
731 783 873 927 947 1295 
46 279 309 401 421 429 714 812 907 929 1071 1093 1144 1257 1286 
5 223 421 595 733 853 960 963 1094 1134 1264 1299 1344 1373 1408 1444 
106 107 177 251 267 353 455 578 674 728 749 933 1139 1386 1434 
20 31 80 100 187 357 557 698 769 852 1074 1081 1114 1148 1178 1316 
1 32 250 347 565 841 959 1054 1333 
97 170 286 670 680 832 875 1039 1132 1350 1413 
17 79 172 185 407 463 615 623 658 668 769 984 1028 1037 1070 1101 1366 
84 112 307 310 365 435 575 733 777 805 899 959 1206 1441 
59 622 699 794 830 1007 1077 
54 257 277 410 493 644 976 1031 1233 1353 1393 
357 577 667 699 792 906 923 950 1092 1215 1430 
318 373 680 763 836 850 1009 1021 1134 1237 1266 
241 898 940 950 959 1258 
402 474 612 918 1038 1141 1376 
175 188 201 223 295 425 750 840 880 893 1014 1112 1307 
230 355 373 488 503 659 853 907 1114 1213 1297 
30 378 463 688 978 1329 1376 
172 176 334 511 896 1033 1063 
119 274 351 370 562 578 728 734 979 1170 1402 
225 230 255 298 1072 1127 1224 1383 
220 260 356 415 590 601 677 697 890 913 1078 1105 1242 
186 384 500 536 565 856 879 1056 1281 
128 171 197 336 380 483 505 529 531 692 795 1134 1384 
228 561 631 676 957 1076 1140 1371 1374 1454 
12 50 150 433 471 1365 1405 
411 547 558 642 662 813 1001 1029 1135 1177 1204 1441 
165 379 480 609 663 677 734 881 1091 1338 1347 
198 214 220 810 874 1067 1086 1325 
20 290 291 418 483 496 681 778 1087 1099 1216 
18 141 153 357 378 470 872 922 992 1290 1443 
454 493 580 652 721 1151 1166 1405 1443 1447 
58 274 323 558 612 613 657 676 720 724 786 816 907 1232 1330 
278 693 729 936 973 1040 1105 1312 
116 237 322 416 708 1023 1041 1351 1352 
5 9 148 461 527 534 645 936 1008 1016 1077 1151 1329 1427 
167 182 213 344 484 493 819 882 975 987 1013 1020 1265 1294 1413 
161 252 350 809 941 1205 1378 
164 184 215 466 497 743 871 1387 1388 
94 324 578 596 644 651 686 706 791 1042 1307 
45 319 484 571 625 923 934 1050 1136 1227 1247 1285 1371 
70 299 336 378 425 531 621 872 896 1229 1246 1349 1372 1461 
371 447 497 721 894 915 1288 1350 1428 
4 213 288 373 455 536 625 853 878 957 961 990 1044 1046 1239 1243 
135 299 314 414 417 566 574 769 954 1036 1172 1196 1336 1394 
17 33 192 241 313 338 766 786 941 1274 1316 1360 
32 94 145 246 459 594 712 727 763 816 878 892 1065 1078 1102 1430 1432 
214 264 394 415 474 598 649 791 858 876 894 1229 1263 1408 
22 29 96 125 185 204 236 273 335 808 912 1247 
121 230 418 508 512 550 677 806 820 847 981 1087 1138 1318 1405 
108 132 134 723 877 1007 1181 1192 1328 
57 528 653 743 1009 1139 1221 1256 1297 1405 
205 273 278 481 504 579 643 670 714 800 826 1023 1114 1193 1448 
20 65 175 245 247 328 403 475 742 760 874 892 1129 1429 1450 
201 286 318 429 851 1056 1085 1204 1276 1308 
190 417 469 528 931 1113 
220 274 342 652 712 727 788 1025 1086 1124 1157 1369 1417 
163 313 588 666 685 942 965 990 1179 
47 60 801 897 964 1248 
193 209 259 353 670 904 924 1087 1119 1282 1411 
57 184 366 616 745 759 915 992 1059 1305 
161 383 502 503 508 596 607 867 
113 145 266 467 564 719 803 1242 1355 
107 145 197 244 296 536 548 704 707 865 966 979 
46 82 246 543 560 629 727 741 749 989 1136 1176 1181 1219 1294 1319 1376 1390 1452 
91 200 331 411 604 713 774 924 1357 
15 158 208 312 343 439 915 1035 1416 1460 
94 174 279 342 393 516 519 842 1060 1135 1136 1155 1177 1392 1427 
60 68 318 612 645 669 834 845 917 988 1132 1142 1293 1323 1392 
75 246 792 804 958 989 1010 1270 1425 
183 397 636 832 857 1191 1359 
316 425 492 547 675 766 768 790 810 952 1022 1085 1235 1329 1349 1409 
104 143 190 335 356 851 1151 1167 1171 1351 
53 300 315 801 854 879 987 1045 1209 
46 174 189 297 330 523 733 847 850 930 942 1114 
149 151 495 708 727 771 790 826 877 1046 1071 1108 1186 1195 1327 
267 579 595 819 1023 1031 1084 1281 
83 176 244 257 434 492 565 740 741 752 831 992 1146 1271 
68 532 797 840 1007 1320 
161 169 317 609 632 652 700 886 1065 1162 1252 1253 1341 1374 1379 
13 124 324 660 691 896 956 1001 1003 1035 1058 1142 1284 
236 295 436 478 610 749 782 783 910 1101 1177 1200 1408 
26 305 346 494 800 883 997 1004 1122 1303 1465 
7 66 88 217 682 788 943 960 1026 1183 1306 1388 
131 407 533 550 907 945 1204 1395 1417 
198 202 418 890 942 1026 1089 1299 1379 1406 
146 430 556 825 889 945 1065 1207 1286 1293 1319 1374 
102 106 131 330 398 540 546 575 673 767 1031 
144 398 604 742 850 857 969 1053 1298 
78 137 286 476 596 637 750 819 919 1182 
71 218 262 312 390 635 656 660 675 846 851 971 1341 
239 280 459 690 801 802 936 1007 1141 1261 1379 1422 1423 
11 48 129 164 316 420 530 637 714 787 822 845 884 927 947 
21 77 221 602 862 995 1241 1279 1334 1338 1399 1423 
105 357 381 440 557 580 783 817 957 1020 1076 1177 1190 1226 
192 277 411 523 557 812 906 1093 1301 1397 
110 272 297 471 520 942 1090 1173 1314 1390 1413 1441 1445 
20 463 522 547 707 710 730 795 993 1303 1326 1388 
30 36 75 102 132 366 400 486 594 1017 1233 1259 
29 142 319 930 1186 1339 1384 1422 
5 286 509 863 919 1020 1169 1350 1379 
8 46 110 261 265 337 338 383 587 607 992 994 995 1007 1095 1208 1352 1446 
400 621 815 899 1038 
22 101 130 255 485 777 791 805 820 836 888 1088 1378 
127 204 281 516 663 928 1015 1021 1157 1294 
146 215 541 610 662 1092 1220 1465 
29 88 244 289 306 323 425 623 885 1032 1175 1274 
138 228 310 319 324 365 553 588 624 666 680 798 941 966 1003 1116 1159 
44 117 300 349 392 477 852 970 1145 1179 1257 1385 1411 1445 
9 24 36 75 90 156 182 296 337 525 825 1110 1157 1184 1287 
29 419 577 586 674 704 1099 1192 
8 13 79 109 263 283 437 741 846 864 870 978 982 1222 1250 1254 1378 1441 
14 27 183 200 224 291 412 440 528 533 547 706 781 941 1034 1048 1081 1242 1248 1390 
43 95 320 377 498 667 792 872 1167 1347 
180 185 431 434 549 668 818 941 1020 1053 1225 1234 1448 
116 147 197 230 310 560 638 746 779 796 893 904 972 1082 1312 1408 1430 
107 245 455 733 921 1021 1087 1159 1161 1400 1463 
12 50 76 109 478 530 653 668 697 745 920 1021 1068 1287 
30 486 527 649 687 758 834 1029 1158 1457 
32 131 480 491 507 766 815 844 1019 1028 1067 1120 1233 1318 1461 
134 247 348 367 597 689 730 774 863 869 946 1171 1357 1417 
28 113 356 936 1102 1239 1325 1382 
74 171 211 273 310 350 641 654 987 1017 1245 1249 1358 
22 246 283 422 477 770 804 896 993 1263 
244 281 565 908 948 1187 1291 
52 56 579 768 793 794 805 1086 1415 1448 1452 
527 538 550 878 903 979 1047 1049 1373 1404 1456 
189 267 293 342 732 859 1075 1104 
3 171 267 328 424 564 665 1025 1032 1216 1463 
25 259 349 469 511 628 807 1031 1032 1119 1124 1275 1294 1366 
189 382 425 844 1188 1206 1365 
61 381 393 566 572 596 611 949 1009 1184 1213 1410 1451 
1 199 316 488 516 694 837 839 895 925 1067 1287 1329 
430 579 1007 1304 1335 1454 
8 246 538 1247 1424 
67 138 145 159 636 694 734 1193 1210 1363 1390 1439 
165 470 596 710 802 817 1042 1054 1068 1285 1405 1411 
369 479 600 628 754 841 849 911 916 918 1049 1158 1185 1247 1332 1431 
95 98 186 265 290 325 387 669 673 679 861 878 889 900 1042 1131 1371 
124 344 441 504 638 797 887 1008 1103 
24 61 244 254 324 401 624 643 1095 1126 1171 1287 
8 126 305 362 422 435 489 524 626 667 693 888 890 1387 
118 312 325 335 344 606 703 924 1249 1270 1393 
112 155 236 441 559 724 744 761 804 896 1054 1194 
138 211 404 504 754 928 1008 1087 1183 1296 1358 1399 
547 617 637 740 935 1052 1247 
119 362 509 619 815 817 964 1070 1103 1241 1400 1452 
452 455 458 527 553 717 1027 1133 1186 1212 1368 1382 
4 158 185 206 236 373 497 533 756 770 875 1014 1216 1339 1341 
25 169 404 456 713 775 1001 1122 1227 1282 
23 80 171 211 310 848 1027 1105 1278 
97 187 326 350 430 454 492 505 557 616 711 1030 1067 1156 1173 1377 1442 
226 339 350 525 623 800 884 979 989 1006 1104 1163 1170 1246 1247 1333 1349 1399 
91 291 326 755 828 847 898 966 1102 1111 1183 1277 1442 
90 114 142 329 873 986 1175 1180 1385 
156 246 383 536 757 809 812 817 1043 1072 1189 1242 
108 191 231 252 380 630 639 752 806 887 1325 1459 
185 240 454 530 738 794 847 1043 1189 1340 1348 1407 1412 
721 1146 1414 
633 656 744 792 801 806 1011 1196 1293 1302 1314 1406 1440 
153 366 396 649 862 950 1005 1229 
143 258 314 486 573 644 746 781 861 1189 1198 1267 1344 
26 867 911 957 1073 1156 1182 1234 1250 1283 1346 
184 626 716 790 1342 
21 217 579 686 714 1049 1288 1343 1363 
81 92 94 176 178 381 417 585 892 1200 1242 1388 1408 
286 490 514 614 912 1397 
65 315 426 456 553 674 781 894 1029 1052 1054 1123 1196 
50 163 229 278 416 481 500 509 585 658 775 919 1103 1121 1178 1247 1412 1421 
301 507 637 686 837 1257 1258 1410 
146 290 292 594 611 659 1043 1104 1207 1218 1383 
123 164 212 218 385 435 644 840 1172 1279 1288 1326 1459 
121 509 564 576 585 797 814 1121 
201 240 510 677 712 1130 1239 1441 
4 145 309 339 463 620 648 764 821 915 994 1001 1059 1073 1255 
4 113 135 165 499 525 758 771 823 867 930 956 1006 1033 1312 1387 
60 107 219 222 236 431 1086 1118 1352 1429 
211 680 801 853 1079 1084 1128 1179 1182 1311 1348 1374 1397 
148 169 224 229 555 561 654 669 915 1027 1127 1194 1258 1344 1418 1436 
62 190 201 278 280 620 629 693 1223 1427 1432 
27 58 154 167 249 317 332 539 811 1089 1116 1177 1307 1345 1420 
200 443 509 519 699 774 1058 1078 1147 1259 1360 1371 1432 1463 
257 517 628 958 1147 1201 1307 1330 1351 1358 1403 
41 253 526 678 725 840 877 926 1045 1134 1345 1356 
10 115 228 395 637 703 712 872 1034 1050 1289 1451 1452 1457 1465 
8 19 91 114 275 594 695 868 873 956 1001 1200 1423 
378 413 499 601 653 847 861 996 1132 1183 
29 96 396 507 1082 1174 1450 
1 13 244 319 549 612 834 864 881 905 1013 1116 1290 1369 1460 
35 154 320 375 390 404 707 713 901 927 1215 1340 1399 1430 
14 44 63 169 256 343 418 444 666 780 905 978 1124 1197 1320 1380 
39 231 403 464 482 761 897 905 1135 1199 1308 1418 
229 323 649 728 990 1285 1368 1441 
59 192 218 438 497 510 554 563 727 740 774 798 886 1175 1362 1414 1464 
110 251 493 628 647 798 1048 1213 1272 1435 
289 450 717 768 1015 1060 1223 1249 1345 1428 
5 130 151 176 221 258 359 396 510 529 661 697 1008 1017 1027 1381 1382 
17 32 55 254 310 324 335 521 573 830 884 953 978 989 
246 504 709 774 798 799 1106 1144 1376 1387 
45 96 173 200 254 284 334 349 457 617 649 884 911 1004 1094 1132 1251 1323 
18 188 328 377 380 418 789 886 1003 1082 1115 1247 1276 1373 
39 339 502 638 741 757 964 1006 1172 1420 
23 383 652 669 956 979 1005 1143 1359 1416 
258 351 670 773 813 854 882 895 905 937 1059 1103 1313 1428 
375 451 470 595 619 634 775 839 943 948 1000 1009 1045 1213 1274 1344 1445 
1 32 170 171 402 544 816 855 935 1008 1067 1103 
28 41 401 425 440 460 694 873 1220 1329 1390 
69 675 710 963 1209 1260 1335 1405 
236 503 619 661 703 1088 1318 1322 
54 257 430 485 487 637 840 992 1048 
4 140 397 595 758 819 952 1077 1219 1242 1268 1322 
12 156 242 288 297 298 564 908 999 1366 1392 
119 156 246 250 269 293 423 622 633 704 839 
47 95 104 184 341 538 552 631 783 902 926 1000 1103 1264 1317 
53 85 126 192 223 228 427 431 775 1119 1210 1302 1405 1418 
524 761 923 1215 1256 1340 1415 1463 
158 171 212 245 346 589 726 750 840 898 904 918 1084 1307 1348 1383 1393 1403 1406 
123 370 509 816 908 920 921 1033 1065 1183 1283 
15 113 196 300 302 309 408 537 572 708 875 1034 1059 1091 1267 1299 1345 
60 108 388 512 609 662 838 856 880 1043 1226 1404 
139 226 440 546 664 674 730 1033 1415 
221 603 615 649 683 700 860 932 1086 1182 1267 1330 1346 
245 310 712 887 889 1291 1318 1342 1442 1457 
139 698 951 954 982 1000 1109 1122 1134 1223 
28 45 47 67 184 232 287 316 320 811 923 1059 1287 1296 
384 452 472 830 922 971 1033 1105 
22 102 127 256 382 421 466 496 743 787 955 1170 1280 1307 1405 
237 317 322 563 586 684 687 814 880 891 933 1058 1135 1202 1235 1362 
310 379 700 753 910 932 933 1063 1083 1184 1346 1385 1413 
41 576 644 730 751 822 979 1021 1024 1029 1182 1404 
310 342 579 597 746 775 916 988 1022 1238 1406 1461 
147 345 466 564 566 756 790 870 884 1076 1239 1276 1305 
44 438 458 632 654 848 1189 1324 1397 
125 247 375 655 677 691 811 1098 1234 1293 1299 1394 
16 523 546 694 707 818 906 1244 1388 
73 95 237 270 299 398 485 583 746 810 1096 1246 1247 
34 87 154 166 278 299 552 595 796 837 1092 1143 1257 1415 
551 676 728 838 
119 223 328 449 843 940 942 1294 1452 1456 
164 213 262 436 442 540 561 617 725 772 959 961 974 1023 1286 
131 141 182 216 221 327 407 485 602 605 673 716 726 728 847 1091 1108 1188 1403 
176 513 699 877 987 1008 1090 
25 77 126 303 440 468 548 604 758 847 879 1071 1084 1331 
3 27 264 267 657 717 930 1100 1292 
17 76 125 155 277 401 568 685 695 916 998 1013 1190 1333 1335 
44 91 443 639 660 797 930 941 968 1054 
7 147 374 605 775 844 988 1214 
87 141 288 345 513 522 625 1090 1195 1205 
164 276 338 395 949 971 1264 1317 1341 1456 
29 352 374 397 572 892 918 1328 1411 
17 220 225 234 274 339 617 649 809 940 947 971 1049 1260 1272 1453 
159 210 234 370 516 573 601 651 690 709 1123 1362 
11 55 277 295 324 563 614 670 798 826 858 1317 1436 
88 143 325 725 1226 1272 1307 1365 
17 31 432 472 561 716 884 985 1031 1257 1278 
332 503 559 563 574 864 978 1007 1022 1028 1135 1411 1419 1448 
152 162 177 871 999 1120 1215 1324 
53 236 333 347 402 524 629 1162 1205 1445 
7 25 382 408 411 488 489 1169 1269 1278 1344 1355 1392 1409 1425 
264 308 351 416 457 822 1032 1107 1449 1455 
1 340 640 780 1085 1181 1295 1447 
293 354 527 659 687 850 883 890 1021 1243 1305 1422 
671 1082 1150 1209 1290 1398 
22 200 259 396 441 657 688 832 923 936 955 1009 1106 1164 1264 1427 
47 97 141 310 348 733 738 921 940 1089 1108 1315 1370 1390 
43 63 375 654 661 723 1091 1107 1136 1254 1289 
91 115 145 148 171 290 305 811 950 1105 1291 1442 1445 
74 106 352 481 489 609 805 879 1046 1146 1384 
44 49 55 137 437 495 508 560 594 666 824 959 1157 1197 1250 1434 
55 348 480 731 966 978 1236 1389 
173 626 669 710 808 1120 1166 1335 1435 
36 174 562 660 702 740 753 793 931 1130 1446 
45 110 145 298 397 451 590 598 750 828 898 1035 1091 1423 
33 297 760 780 813 839 1014 
188 429 478 555 769 825 850 985 1105 1169 1337 
2 223 382 704 731 981 1226 1237 1304 
13 36 353 523 
40 45 62 385 398 455 480 624 703 808 916 1195 1222 
133 322 644 693 739 919 991 1004 1066 1206 1240 1288 1364 1386 1430 
295 431 448 532 598 1032 1136 1371 1378 1430 
309 419 880 981 1020 1046 1204 1248 1406 
7 144 323 529 858 875 1064 1110 1406 1449 
79 295 832 860 929 980 1025 1244 
223 228 270 570 776 833 853 863 920 948 1138 1253 
127 430 907 1012 1093 1213 
157 420 665 889 984 1068 1119 1208 1299 1363 1395 
29 159 161 308 385 440 441 789 900 1045 1051 1112 1303 1306 
370 401 539 831 1022 1044 1069 1076 1105 1184 1234 1286 1323 1347 1424 
203 224 244 414 430 550 755 815 909 1040 1124 1218 1341 1346 1374 
267 301 305 380 648 805 899 1088 1263 1266 1297 
287 349 488 674 777 806 1003 1220 1226 
25 69 84 96 356 462 905 944 1341 
203 463 477 710 759 762 1039 1141 1284 1288 1458 
25 134 158 262 280 350 390 1274 1349 
139 350 621 735 1037 1139 1141 1264 1397 
26 496 557 566 626 712 764 768 833 914 
5 201 265 319 430 432 496 567 642 722 1047 1146 1274 1412 
7 112 230 336 463 492 811 885 1339 
26 35 60 62 270 536 850 925 957 1112 1393 
214 517 587 603 943 950 972 1007 1009 1017 1390 1441 
200 287 306 326 327 411 518 627 748 764 931 956 974 1147 1330 1350 
31 418 432 544 717 825 837 954 1029 1070 1078 1091 1430 
55 100 145 205 240 311 343 351 560 740 1002 1067 
306 435 473 713 782 1063 1069 1281 1377 1396 1452 
153 189 194 352 611 879 1044 1068 1444 
41 47 150 195 300 398 581 802 1027 1111 1123 1266 1323 
151 186 217 256 296 348 736 795 913 1085 1277 1330 
62 110 182 212 372 773 957 1109 1117 1190 
105 246 257 432 819 1090 1102 1400 
218 233 426 596 635 859 1400 
436 512 616 686 747 755 808 820 856 878 1271 1313 1384 1454 
38 158 225 338 372 427 467 634 1004 1140 1174 1189 1261 
68 105 303 326 465 548 638 639 645 669 911 984 992 1167 1381 1390 1393 
93 337 580 1111 1192 1239 1413 
6 249 289 605 609 674 980 1251 1464 
39 129 209 216 366 486 493 529 613 646 660 741 863 933 1018 1089 1131 1431 
52 72 150 431 614 923 1060 1074 1203 1362 
106 114 343 384 412 590 633 689 972 976 1184 1225 1269 1318 1333 
32 35 283 296 503 519 769 886 953 1027 1267 1331 1386 1424 
388 463 492 502 693 801 971 1055 1109 1353 1383 
190 323 476 494 533 860 933 994 1092 
36 101 324 348 602 1209 1257 
274 279 348 565 753 944 1161 1198 1201 1209 1396 
96 235 291 303 437 824 982 1277 1309 1435 
68 76 240 243 349 390 414 695 769 981 1218 1261 1356 1366 1418 1437 
59 420 467 658 703 773 857 1367 
121 148 195 479 977 1075 
18 55 91 354 416 474 623 942 1119 1202 1413 
23 191 402 422 810 872 990 1003 1232 1317 1323 
12 128 202 414 417 429 501 556 600 635 736 951 1138 1151 1172 1194 1224 1367 
50 189 247 349 640 694 806 816 827 987 1027 1301 
382 393 465 579 603 792 830 871 995 1031 1059 
203 391 426 497 516 529 664 793 844 868 871 1069 1083 1152 1198 
189 370 531 686 1152 1202 1262 1302 1356 1391 1399 
97 241 417 497 500 538 654 786 853 1087 1133 1231 1367 1459 
272 352 393 527 651 807 855 1098 1332 
416 443 619 728 767 828 1115 1261 1449 
167 272 376 544 548 628 689 756 784 818 895 1096 1098 
34 45 57 99 116 204 294 309 396 481 598 738 780 872 884 1200 1442 1450 
61 671 721 1006 1040 1182 1261 1333 1416 
31 450 689 695 770 797 805 1002 1239 1295 1331 1349 1391 
20 318 453 506 511 616 651 791 793 912 1203 1259 1360 1443 1450 1458 
106 365 481 496 509 595 612 748 783 881 962 1071 1100 
56 225 232 395 491 666 985 986 1104 1324 1447 
7 51 101 302 369 437 649 745 762 784 808 1426 1447 
171 268 309 608 636 653 727 786 1396 1421 
1 473 564 671 794 1066 
234 463 475 513 592 729 766 835 839 876 1133 1211 1271 1453 
33 267 312 427 764 1136 1137 1272 1320 1364 
229 382 571 580 660 1201 1219 1279 
226 520 680 1271 
147 273 342 497 682 714 871 1216 1326 1432 
12 423 622 628 786 955 966 1210 1436 1445 
6 16 71 411 525 633 747 860 908 913 1072 
9 18 192 476 551 609 634 653 661 750 922 941 1199 1203 
6 655 672 911 920 1287 1437 
1 7 110 195 233 504 1217 1306 
369 402 442 542 669 701 920 1126 1249 
27 100 316 437 883 1061 1444 1458 
75 220 327 458 550 956 1387 
48 104 112 156 285 401 482 489 493 1067 1207 1218 1438 
110 181 191 490 
335 383 532 597 707 835 1074 1319 
171 290 501 563 678 876 917 1116 
110 405 418 676 684 1373 
7 55 367 514 560 565 631 691 778 904 1062 1078 1175 1205 1212 1235 
124 175 196 224 259 382 424 554 823 956 1030 
111 346 467 553 592 698 730 753 876 924 944 1232 1237 1288 
166 259 422 453 560 593 642 644 666 745 848 975 1005 1133 1332 1351 
240 537 604 900 955 1201 
22 84 285 488 768 991 1115 1207 1235 1252 1257 1416 
121 127 133 166 231 392 596 681 910 958 997 1169 1211 1347 1364 
68 158 189 292 449 490 557 655 680 868 1192 1338 1450 
268 533 830 871 885 898 984 1181 1212 1378 1452 
532 609 808 972 
69 228 298 586 665 784 861 912 981 1243 
120 347 363 451 518 556 766 767 958 1183 
406 477 594 672 854 868 1064 1177 1207 1264 1396 1411 
15 62 253 310 321 728 791 893 966 981 1025 1033 1143 1183 
60 65 246 288 478 489 504 549 780 887 948 957 990 1021 1180 1182 1268 1388 
58 213 276 576 578 913 935 1032 1091 1121 1199 1215 1276 
16 45 49 51 201 246 277 315 354 425 431 564 681 711 941 1197 1233 1238 1423 1441 
38 274 637 733 879 903 951 1209 1223 1227 1234 
105 436 490 592 928 
66 201 281 404 768 934 1044 1352 1359 
392 435 763 959 961 965 1036 1115 1364 1465 
31 82 88 194 221 575 595 648 686 747 898 1048 1111 1221 
382 684 874 1430 
122 346 357 456 695 773 854 914 1117 1176 1287 1333 1396 1430 
58 78 171 248 263 348 354 711 856 939 1351 1382 
23 367 437 579 680 721 729 947 982 1133 1228 1452 
106 160 163 486 495 574 604 666 672 879 1051 1081 1311 1432 
65 359 466 540 595 605 730 848 963 971 1279 
170 195 529 541 558 588 755 994 1072 1185 1198 1411 
25 34 237 294 481 708 965 1126 1136 1197 1225 1346 1365 
188 288 406 668 995 1158 1184 1210 1320 1338 1361 
172 238 354 417 427 885 969 989 1142 
13 47 159 487 986 1126 1153 1173 1258 1292 1371 
27 65 116 158 337 514 1031 1131 1137 
110 142 1120 1145 1158 
367 391 644 709 830 858 888 1084 1267 1292 1453 
1 39 47 65 275 317 395 516 583 636 715 841 1051 1061 1169 1206 1289 1331 1400 1420 
112 116 195 273 290 372 562 651 673 713 796 812 934 1082 1205 1320 
75 174 201 254 329 339 648 890 974 1164 1174 1181 
35 125 167 314 369 905 1089 
238 295 336 452 490 778 877 1011 1066 1125 1126 1186 1251 
27 56 66 225 254 461 480 939 1018 1156 1199 1403 1463 
24 358 655 658 725 744 748 1151 1175 1309 
43 533 734 951 1169 1177 1445 1464 
234 322 659 733 820 935 998 1008 1088 1252 
249 368 748 1050 1238 
209 333 438 729 815 993 1019 1060 1184 
180 278 296 427 500 522 578 833 932 952 1155 1241 1446 1458 
301 505 517 579 657 729 771 1160 
114 143 170 183 207 251 476 485 499 540 586 611 685 752 974 1092 1128 1164 1235 1373 
126 182 240 278 687 697 868 1014 1153 1412 
303 362 377 587 630 725 909 1010 1094 1247 
3 43 114 118 126 160 162 344 376 396 436 638 759 855 1190 
28 491 634 741 915 1081 
91 282 469 657 705 802 983 999 1027 1186 1305 1324 1355 
18 84 274 342 407 432 485 611 680 824 1133 1247 
16 31 32 173 424 499 507 532 688 780 918 1121 1198 1367 1412 
18 155 344 384 701 898 1023 1057 1079 1094 1461 
7 35 77 83 84 156 337 572 844 953 1186 1322 1378 1412 
78 203 220 372 431 447 449 487 543 752 1194 1283 
18 369 419 440 653 845 851 964 1247 1256 1386 
124 180 250 356 642 716 
18 38 39 177 464 484 525 605 1138 1246 1339 
345 422 495 524 542 665 686 836 1132 1171 
155 276 287 557 721 814 902 923 1185 1324 
62 82 114 261 286 386 442 549 918 966 1037 1091 1186 1382 
192 449 516 664 683 875 1031 1169 1174 1218 1240 1331 1339 
36 112 213 416 572 582 682 1073 
99 298 754 775 793 816 1079 1171 1271 1430 
115 141 394 441 600 643 1034 1185 1214 1339 
28 36 310 387 498 567 696 716 847 925 977 1035 1117 1144 1361 
93 209 297 497 502 568 648 1082 1235 1276 
258 260 274 392 447 457 575 610 693 897 950 1216 1248 
5 67 616 825 866 916 959 969 1014 1342 1383 1406 
31 191 202 330 331 742 847 1065 1179 1393 1413 
81 160 400 542 722 1038 1086 1348 1427 
502 596 699 926 
72 181 242 433 465 598 688 706 845 956 1039 1231 1247 1325 
10 58 184 351 437 441 463 571 844 852 938 941 949 956 972 1004 1039 1220 1224 1229 1246 1276 
111 241 503 692 862 916 1084 1241 1386 
29 60 106 162 163 278 571 616 769 926 946 999 1161 1364 1431 
8 52 198 357 579 712 915 966 1072 1372 1426 
28 112 226 421 560 1003 1118 1209 1253 1351 
107 185 217 358 427 623 712 883 1174 1213 1417 
41 407 648 668 701 725 775 883 1087 1251 1451 
119 136 231 263 361 386 591 598 619 756 915 1069 1257 1374 
274 288 462 634 978 1286 
17 153 329 579 701 703 855 1019 1229 1260 1266 1296 1323 
1 106 153 195 206 225 236 438 496 698 805 912 973 1040 1058 1125 1174 1254 1456 1457 
144 207 295 369 403 454 623 789 817 973 982 1201 1342 1396 1447 
112 177 472 694 902 985 1145 
125 256 451 468 606 705 1011 1054 1256 1334 1364 1392 
18 55 61 309 435 528 537 726 895 1115 1128 1140 1143 1326 1358 1398 
298 1137 
220 265 296 464 851 927 1093 1332 1456 
199 271 364 415 464 645 700 806 1017 1052 1067 1098 1181 1392 1460 
67 99 228 443 675 840 1322 
3 204 654 752 816 1093 1109 1256 1398 
20 21 346 556 753 965 1022 1025 1122 1204 1280 1354 1380 
186 352 540 755 1014 1183 1404 1438 
68 77 272 318 341 507 665 716 790 797 1062 1121 
113 124 339 439 608 701 748 873 946 1447 
60 117 149 238 489 564 590 711 881 1114 1151 1154 1237 1285 1365 1413 
87 267 407 519 608 654 762 998 1054 1057 1152 
53 86 174 219 235 243 382 538 593 611 1339 1387 
140 144 513 676 706 849 910 1008 1097 1100 1364 
116 142 190 620 738 933 1318 
108 164 189 203 327 858 1004 1035 1184 1240 1247 1358 
155 376 453 622 671 957 1110 1127 
28 333 415 560 692 954 1058 1062 1351 
247 248 260 379 475 637 897 975 1153 1196 
24 94 110 352 604 622 1030 1267 1306 1319 
117 621 627 826 880 1107 1295 
24 69 163 168 297 478 596 789 863 953 
16 103 250 297 441 496 966 1021 1228 
378 428 486 505 696 711 768 884 1096 1312 1380 
6 154 267 366 603 669 739 844 940 996 1271 
112 175 226 272 447 642 673 805 890 1043 1091 1255 1289 1346 1437 
36 166 205 251 437 459 498 543 676 736 913 921 936 944 1028 1159 1192 1354 1423 1445 
207 649 775 846 968 975 1082 1096 1171 1350 1364 1385 1409 
1 82 123 261 424 596 667 988 1069 1205 1286 1317 1397 
219 247 647 834 992 1066 1308 1424 
40 94 99 441 655 707 737 928 1026 1070 1303 1360 
11 131 192 467 572 736 771 1047 1201 1204 
23 45 147 236 413 552 745 793 872 890 963 1037 
248 327 457 571 640 683 765 840 868 908 933 1042 1299 1402 1451 
89 152 308 344 429 590 751 753 766 804 1064 1144 1281 1424 1441 1463 
176 426 744 788 800 948 1028 1256 1317 
42 591 663 820 855 1093 1425 1460 
282 371 411 486 501 771 797 892 1333 
210 243 299 392 806 889 1022 1037 1089 1294 1413 1441 1446 
96 260 274 441 522 627 742 794 1378 1408 
88 169 231 356 610 899 1134 1302 1392 1456 
58 211 332 498 536 600 963 1018 1137 1301 1414 
21 95 166 350 475 555 574 797 886 901 1090 1291 1372 
42 109 136 183 425 426 430 581 615 724 735 937 1079 1410 
368 482 527 537 776 777 864 1035 1065 1223 1452 1454 
56 588 887 1090 1160 1280 1394 
185 262 326 337 819 843 984 986 1020 1030 1057 1350 
97 311 364 651 672 773 784 787 858 995 1290 1362 1388 
182 343 457 575 737 1127 1211 
46 201 202 406 460 461 690 1352 1407 
277 286 380 718 750 981 1195 
45 300 351 366 583 649 663 665 837 919 979 1284 1359 
37 75 184 280 515 599 640 1007 1114 
171 293 516 517 578 669 746 800 900 963 1329 1394 
16 702 769 1068 1348 1381 
15 230 327 335 368 457 524 583 719 808 849 1405 
95 167 181 349 486 500 518 736 1017 1052 1056 1132 1289 1296 1365 
167 229 351 470 490 720 853 923 1012 1026 1121 1275 1420 
19 157 335 534 736 868 890 1166 1280 1402 
412 546 578 688 882 994 1152 1199 1206 
211 365 565 690 1364 1436 
7 43 289 310 334 472 476 618 698 720 1012 1014 1227 1265 
101 111 133 231 484 757 872 1003 1091 1109 1132 1256 1377 
47 239 393 435 440 1036 1060 1147 1223 1233 1375 1436 1460 
21 63 182 434 586 704 715 832 925 960 1246 1331 1336 1451 
321 532 562 578 608 634 901 975 1155 1261 1360 1450 
93 284 440 648 727 791 879 
236 550 699 706 757 854 1053 1346 1360 
185 240 602 661 717 802 821 839 875 936 1010 1314 1459 
284 444 567 610 670 687 718 836 986 1025 1104 1110 1457 
31 130 138 194 463 490 502 516 1046 1122 1144 1205 1235 1325 
78 148 221 253 321 500 532 717 941 1139 1172 1263 
235 342 584 695 809 956 1048 1121 1143 1192 1298 1385 
311 373 501 525 576 716 738 897 1260 
287 481 493 717 754 937 1011 1048 1074 1424 
5 249 400 510 528 645 717 722 848 1325 1372 1374 1455 
17 191 441 454 627 731 1078 1423 
126 153 179 473 529 831 897 1176 1199 
8 155 171 268 465 483 523 723 903 952 1101 1231 1235 1238 1273 1362 1414 
226 771 784 961 993 1019 
74 151 367 370 487 593 654 703 883 894 952 1052 1092 1095 
76 128 208 239 755 967 1026 1242 1258 
49 69 97 197 456 560 759 968 1351 1378 1436 
319 557 618 688 806 965 982 1008 1062 
67 189 250 282 478 500 525 534 535 668 741 984 987 999 1022 
175 349 467 551 592 622 754 966 1025 1032 1092 1198 1286 1328 1443 
58 313 494 542 547 614 616 621 831 917 1091 1175 1416 
4 197 225 563 620 627 660 961 981 1020 1244 1315 
70 385 389 398 447 705 845 875 956 1097 1144 
584 810 846 904 1104 1288 1307 
68 327 365 374 477 484 603 638 838 876 986 1172 1193 1251 1278 1343 
139 233 257 317 372 494 637 838 905 980 1188 1310 
79 292 321 355 363 544 549 634 649 720 814 1123 
7 202 383 535 587 1267 1287 1460 
315 433 482 508 866 1062 1223 1434 
254 316 603 718 762 987 1128 1137 1443 
91 109 210 409 869 924 1442 
34 235 435 476 603 611 690 737 926 948 986 1261 1276 1361 
173 426 526 547 559 874 1006 1188 1312 
68 92 100 178 355 366 660 849 985 1145 1291 1326 1328 1425 1438 
19 74 324 385 733 1199 1239 1358 
69 189 268 406 697 704 997 1031 1055 1120 1308 1339 1431 
130 254 337 424 469 570 939 968 1089 
33 70 123 373 415 481 501 602 723 745 1082 1152 1175 1189 1249 1260 1274 1288 1321 1457 
29 373 723 829 934 1057 1198 1271 1317 1380 1382 1398 
196 243 372 491 811 933 1015 1128 
424 558 743 783 800 1129 1133 1138 1225 
66 147 211 284 665 754 951 996 
204 461 643 724 765 860 992 1404 
191 236 335 688 700 760 778 1068 1445 
108 112 208 266 400 454 544 793 828 844 942 985 1083 1201 1372 1378 1408 
132 147 205 243 275 384 578 672 673 764 845 1250 1303 1336 1371 
71 229 480 509 806 930 1004 1168 1218 1410 
275 828 883 890 981 1092 1254 1336 1377 
418 554 563 640 715 732 773 1324 1411 
9 18 123 258 484 546 716 735 797 818 821 868 1002 1459 
112 293 325 398 455 497 541 563 955 1107 1323 1374 1392 
79 230 238 280 339 460 512 694 841 907 915 1083 1177 1227 1300 1343 1371 1389 1390 
131 159 503 620 665 883 889 895 904 1460 
405 533 672 994 1267 1284 1365 1400 
9 75 126 253 328 452 1000 1116 1315 1441 
132 204 353 613 655 735 769 794 925 951 1000 1193 1234 1365 
136 404 587 590 774 798 802 824 974 1020 1123 1242 
118 151 167 190 268 328 725 827 903 1071 1114 
201 291 298 405 424 759 912 958 1032 1288 1333 
131 227 378 474 493 520 596 720 759 798 807 1082 1122 1229 1248 1425 
35 129 206 508 560 716 842 945 979 1002 1163 1273 1445 
160 383 708 731 761 842 887 901 969 1038 1183 1308 1398 
135 143 226 333 357 404 1073 1378 
72 432 689 713 766 868 900 916 939 1010 1068 1103 1116 1378 1402 1419 
37 46 104 202 227 252 327 380 473 544 574 743 1137 1144 1434 
87 376 474 726 728 731 871 872 1015 1062 1260 1264 1301 1377 
96 155 497 712 733 814 946 1020 1102 1116 1243 1397 1431 
242 254 271 576 586 635 848 1037 1306 1314 
45 257 500 572 618 715 888 1089 
83 258 291 406 655 1107 1126 1149 1181 1192 1258 
128 150 518 538 622 796 899 970 981 1036 1098 1289 1393 1410 
300 408 520 575 1066 1261 1266 1365 1388 1409 1424 
105 190 204 464 604 658 694 897 948 956 993 1137 1400 1432 
287 378 398 920 950 1112 1113 1205 1380 1399 
86 172 206 305 535 750 1405 
82 175 349 652 661 669 683 823 1294 1319 1390 
42 125 361 402 451 459 534 603 746 986 1020 1044 1210 
100 216 416 574 701 721 930 1023 1033 1268 1369 
29 296 315 408 536 697 829 835 853 855 940 1011 1018 1030 1316 1401 1429 
135 253 889 963 1020 1034 1084 1085 1242 
1 22 291 409 518 625 709 734 765 961 1310 1415 
370 553 806 851 885 919 969 1300 1371 
45 96 134 497 566 620 626 875 1062 1288 1398 1443 1459 
77 108 166 485 772 784 935 973 1304 1373 1397 
132 259 289 863 912 940 1053 1059 1181 1197 1375 
34 180 195 267 348 452 468 961 972 1100 1219 1225 1227 
563 810 840 900 1032 1117 1131 1243 1271 1299 
59 125 144 205 312 357 408 518 585 759 962 997 1302 1339 1435 
71 242 343 369 607 743 793 929 1019 1024 1040 1407 
25 66 184 283 332 357 440 533 635 708 870 1006 1143 1174 1347 1417 
40 69 325 405 453 493 532 586 612 860 888 924 1252 1416 1446 
179 235 299 661 681 982 995 1018 1128 
39 94 167 473 1059 1390 
89 125 157 419 468 541 620 647 656 984 1005 1205 1318 
29 136 185 236 283 311 320 360 414 438 475 511 514 530 740 972 1149 
69 131 244 660 895 903 1065 
56 171 173 643 691 895 897 989 1076 1185 1287 1337 1455 1464 
45 174 257 328 388 517 938 1091 1122 1290 1295 1335 1398 
261 301 438 471 715 801 873 1062 1297 1360 1386 
27 147 164 192 199 317 618 659 1148 1250 
19 20 146 346 400 463 480 726 839 871 983 1067 1244 1455 
100 126 177 332 439 446 519 697 720 792 846 999 1007 
164 524 554 702 857 980 1405 
241 300 528 611 625 678 815 850 919 993 1082 1083 1105 1191 1192 1237 1439 
172 314 488 535 599 707 762 941 1119 1249 1362 1393 
48 88 247 320 662 850 983 985 1155 1195 1399 
218 521 703 781 1461 
52 200 408 413 653 807 1072 1355 1391 
95 134 347 443 600 683 998 1074 1127 1414 
118 299 412 417 514 568 610 652 700 731 764 982 1056 1156 1321 1324 1343 
112 182 292 355 475 507 575 679 754 791 1128 1159 1286 1463 
10 31 239 423 514 595 607 1164 1268 1360 
126 271 481 509 565 662 714 939 1430 
308 395 467 515 660 783 963 
86 228 247 378 463 653 729 812 830 900 915 977 996 1103 1185 1295 1299 1381 
334 335 336 359 611 955 957 1026 1070 1142 1357 
41 47 102 215 253 288 474 640 672 703 834 835 1145 1346 1356 1409 
95 331 353 362 370 376 590 610 806 1108 1162 1464 
359 524 697 900 912 1008 1061 1070 1156 1212 1287 1370 1387 
51 233 337 382 507 509 569 905 1075 1216 1299 1417 
125 143 200 678 835 1064 1147 1148 1258 1270 
129 175 292 298 320 366 425 479 487 712 796 856 918 929 1059 
9 24 67 301 310 402 581 645 688 1063 1085 1140 
96 97 321 347 577 629 857 991 1142 1145 1176 1326 
78 616 779 797 935 988 1253 1294 1325 
14 256 340 342 436 612 693 742 778 868 929 950 988 1042 1107 1177 1194 1305 
27 62 108 171 302 340 365 501 509 669 788 1054 1151 1204 
2 51 82 175 199 209 216 225 271 437 746 828 937 1114 1305 
12 17 25 45 156 178 182 347 598 616 1063 1336 1423 1427 
26 234 531 549 576 604 930 1042 1052 1257 1263 1301 
12 283 395 565 647 680 694 922 988 1026 1257 1330 1364 
42 126 136 267 403 508 745 747 748 774 791 1096 1145 1162 1216 
18 47 124 652 960 975 1138 1329 1376 1409 
76 378 395 597 787 870 992 1264 1297 1324 1354 1379 
40 214 326 502 731 753 845 923 1034 1226 1433 
41 147 190 233 288 345 383 447 497 585 600 653 676 692 
112 225 288 328 450 658 776 920 932 985 1019 1210 1295 1437 
57 303 419 775 802 997 1118 1212 1423 1444 
142 167 241 537 546 583 707 886 909 988 1189 
