1449 8324
65 199 328 380 499 511 882 898 1117 1392 
39 206 257 281 432 445 493 537 548 934 1011 1023 1281 
367 388 467 488 509 523 606 664 752 833 873 892 1168 1175 1242 1434 
53 58 72 293 416 497 815 1160 1250 1267 1375 
39 40 474 603 737 959 1053 1151 1244 1267 1292 
77 242 343 586 589 757 758 868 913 1038 1321 1345 
54 238 296 526 559 569 869 1029 1352 1401 1422 1448 
67 141 150 174 256 356 363 412 500 762 1004 1068 1207 1322 
130 180 389 561 710 1209 1213 1319 1350 1367 1394 1404 
172 212 240 277 310 320 369 471 544 657 1123 1136 1202 
158 241 344 372 1032 1100 1263 1278 1400 1426 
48 582 801 835 849 855 878 989 1071 1150 1365 1432 
135 188 420 558 636 641 872 1013 1104 1235 1418 
188 289 308 358 388 469 613 889 1084 1218 1294 1351 
127 170 173 204 384 411 602 770 859 944 947 
65 182 413 841 931 947 965 1085 1104 1186 1259 1443 
54 245 321 733 900 927 1048 1103 1105 1157 1335 
60 66 401 627 701 1060 1279 1337 1350 1441 
227 327 328 394 488 512 703 745 770 879 1195 
89 200 374 671 914 1020 1225 1309 
187 354 412 502 607 726 1244 
65 209 221 228 362 656 690 921 980 1347 1361 1425 
43 233 424 588 644 657 668 875 966 1127 1289 1292 1295 1315 
46 103 118 157 298 441 549 575 644 947 1037 1142 1165 1250 1388 1397 1418 
558 625 707 
173 402 408 502 549 658 1146 1275 1286 1355 1367 
57 74 225 413 612 681 730 780 815 1362 
179 208 631 636 679 697 776 880 949 1110 1130 1241 
178 191 324 384 468 481 515 614 864 982 1235 1339 
40 79 92 402 429 689 795 1159 1227 1351 
157 225 402 461 599 707 899 1194 1297 1329 1373 1404 1406 
62 357 384 780 1000 1024 1056 1141 1183 1237 
34 44 244 337 631 634 660 665 678 688 913 1056 1119 1128 1251 1363 1374 
33 149 303 502 530 567 741 919 964 988 1212 1424 
117 131 426 691 711 1233 
178 207 308 436 704 767 965 1151 1229 
150 238 276 337 499 624 637 777 1012 1068 1092 1119 1237 1263 1298 1357 
91 136 142 216 632 666 668 926 1090 1114 1255 1293 1294 
2 5 152 312 328 623 659 878 1020 1297 1335 
5 30 473 513 643 750 1120 1431 
81 98 147 214 249 393 475 557 575 929 980 1132 1327 1391 1425 
434 798 815 851 874 880 993 1041 1346 1372 
23 255 306 363 415 514 589 742 867 884 1113 1230 
33 112 323 365 473 482 504 616 866 
180 362 465 495 600 1098 1124 1192 
24 131 165 290 691 729 796 1015 1289 
141 452 474 484 502 600 646 694 716 810 814 869 900 1053 1122 1138 1245 1275 1441 
12 367 393 429 802 953 1011 1083 1134 1197 
66 161 179 431 498 499 549 576 625 733 959 1240 1405 1414 
116 402 466 506 671 702 807 1323 1352 1442 
62 82 91 127 223 300 503 1147 1382 1393 
101 129 359 382 430 497 883 906 986 1022 1163 1342 1449 
4 247 278 590 733 904 1052 1112 1348 
7 17 417 568 647 759 1212 1405 
143 281 430 457 495 509 519 550 640 651 739 866 894 912 1177 1350 1367 1446 
94 151 157 238 469 731 934 979 1214 1300 1448 
27 454 622 726 859 909 1095 1212 1445 
4 158 242 283 288 400 502 510 704 747 756 765 783 884 1051 1114 1288 1414 1436 
154 245 267 361 498 1101 1103 1326 1420 1433 
18 67 137 208 336 370 478 488 661 1257 1285 1342 1347 1359 
500 687 860 994 1035 1390 
32 51 65 128 339 385 748 839 911 1146 1169 
108 234 386 401 420 777 817 1145 1193 1331 1367 
239 296 428 442 563 618 682 752 912 1095 1235 1319 
1 16 22 62 103 170 197 232 441 454 825 966 991 1017 1165 1287 1296 1411 
18 49 113 307 410 688 830 891 1049 1163 1223 1340 
8 60 343 492 885 1106 1250 
75 279 596 696 724 751 835 899 1009 1041 1081 1141 1233 1424 
282 526 704 708 841 1009 1420 
357 596 730 811 975 
105 161 185 317 447 564 673 892 932 1005 1143 
4 238 299 417 524 584 695 852 875 927 964 977 988 1157 1162 1216 1254 1278 1359 1406 
427 519 672 691 797 1122 1414 1417 
27 318 709 890 979 1088 1131 1276 1366 1446 
68 221 282 326 597 673 763 773 774 837 892 1292 1330 
127 424 658 699 735 876 1077 1149 1403 
6 218 222 431 631 704 736 880 928 1073 
123 170 184 413 659 731 753 1298 1322 1428 
30 317 497 526 729 748 857 970 1014 1059 1363 1404 
147 335 615 627 807 929 937 972 998 1108 1310 
41 230 333 368 600 604 772 845 888 997 1128 1315 1409 1417 
51 132 267 404 430 573 769 936 963 1102 1139 1364 1399 1429 
114 191 253 449 1029 1038 1080 1129 1156 1291 1322 1439 
160 305 322 813 871 885 994 1210 1244 
206 412 553 582 617 759 774 872 1108 1137 1206 1353 
336 337 470 750 758 819 890 
100 121 178 293 316 468 470 496 547 554 1219 1231 1354 1375 
113 115 157 210 246 251 382 519 621 805 810 836 905 1116 1286 1399 
20 242 303 397 430 568 928 1141 1243 1263 1390 
261 694 860 964 1003 1020 1026 1073 1258 1290 1339 1404 
38 51 109 116 233 524 554 576 580 756 795 802 937 943 
30 250 268 502 
255 332 375 592 779 867 1031 1120 1142 1262 1266 
56 165 447 844 1201 1431 
165 265 333 363 364 666 850 853 1063 1268 1329 1340 1366 
136 154 207 224 620 668 787 921 1212 1449 
148 203 208 270 300 398 545 680 743 842 854 888 1203 1361 
41 253 330 407 586 595 658 751 1023 1304 
251 407 600 705 1061 1174 1305 1437 
87 236 286 299 307 373 426 572 1234 1257 1309 1334 
52 177 207 372 654 1247 1254 
449 620 714 792 834 862 931 1052 
24 65 140 334 360 363 421 627 739 780 1051 1146 
284 332 569 647 762 819 1096 1113 1197 1225 1408 
71 181 232 401 447 448 532 539 798 874 893 976 1098 1108 1126 1197 1244 1292 1368 1429 
785 864 920 1178 1202 1248 1295 1418 
120 246 327 448 538 628 643 1006 1048 1066 1077 1438 
63 348 388 525 742 874 926 957 1038 1081 1218 1246 1449 
91 128 386 666 814 1045 1298 1318 1344 
194 498 753 757 784 794 957 964 1041 1046 1190 1207 1304 1362 1398 
202 466 621 636 699 840 958 967 975 1100 1134 1239 1391 
44 124 128 494 601 943 1184 1187 1200 1307 1369 
66 88 146 302 497 671 771 882 941 997 1308 1368 1398 
83 518 520 634 911 1019 1068 1142 
88 350 396 714 721 925 1022 1104 1113 1142 1164 1222 1258 
50 91 164 219 263 292 403 498 567 727 733 838 883 899 1067 1130 1187 1334 
35 131 143 439 550 845 870 983 991 1156 1182 1248 1258 
24 128 250 356 442 582 711 995 1088 1127 1179 
216 662 688 717 767 872 916 1002 1040 1216 
107 261 356 434 455 492 536 619 646 669 712 737 882 961 995 1023 1139 1189 1361 
87 166 421 519 531 565 710 876 886 916 950 983 1271 1389 
263 266 404 435 481 558 752 766 825 1087 1155 1329 1443 
78 313 432 449 623 984 1020 1134 1267 1340 
112 316 365 519 614 712 781 918 931 1201 1248 1286 1304 1369 1440 
150 508 575 889 1121 1190 1195 
212 276 281 285 522 710 811 1055 1112 1405 1445 
15 51 76 657 668 683 908 945 951 977 1069 1088 1172 1322 
62 109 112 118 305 661 707 905 929 1025 1202 1329 1426 
52 435 506 557 595 602 756 
9 550 777 839 846 913 949 
35 46 117 324 379 472 508 535 694 719 739 929 1185 1250 1321 1324 1325 1340 1429 
82 181 296 572 685 809 893 949 992 1026 1135 1243 1247 1425 
274 291 399 408 483 545 608 625 746 1216 1274 1324 1342 1370 
236 246 282 347 504 522 702 704 712 987 
13 213 332 440 504 710 744 840 981 1149 1309 
38 96 171 300 432 479 911 963 1189 
60 197 353 506 806 956 1047 1164 
183 294 305 312 386 447 489 949 1100 1214 
202 252 447 459 540 564 701 753 759 1085 1129 1290 
103 152 164 174 221 336 370 507 635 676 724 1035 1322 1336 
8 47 400 552 672 752 758 842 879 975 1136 1327 1349 1395 
38 148 196 259 393 497 524 610 644 722 838 900 911 1180 
55 117 671 744 765 944 961 1189 1245 1448 
192 207 339 343 507 642 743 971 1064 1128 1169 1246 1283 1319 
336 375 397 509 689 1136 1275 1276 1390 1414 1429 
113 413 492 953 1065 1070 1123 1142 1266 
41 80 255 268 366 448 471 568 723 980 991 1037 1118 1235 
97 142 265 350 391 477 552 572 763 806 878 1003 1257 1367 1402 
34 162 290 301 445 499 528 740 776 778 853 908 1049 1065 1203 
8 37 125 400 433 697 766 779 785 1000 1177 1204 1356 
56 205 285 659 877 974 1280 
39 140 275 406 447 719 760 1073 1173 
276 532 633 761 846 1078 1309 1394 
59 96 213 224 435 491 573 961 972 982 1052 1349 
159 312 358 1123 1229 1338 1399 1430 
189 345 363 860 1292 1366 1374 1379 
24 31 56 88 195 197 210 239 320 460 539 646 689 738 815 885 949 988 1214 1225 1292 1295 1323 1375 
11 58 235 394 511 1059 1080 1089 1187 1189 1286 
155 319 461 822 1019 1108 1336 1360 
84 556 561 571 674 848 922 952 1114 1277 1296 1315 1371 
49 71 183 320 327 437 908 1434 1449 
149 288 289 497 499 601 716 723 874 934 935 967 1028 
337 435 491 663 666 774 890 1131 1207 1392 1410 
116 140 283 514 604 630 638 682 702 793 819 1008 
46 94 95 399 407 490 529 532 680 708 723 987 1161 
121 227 388 658 750 863 952 1048 1159 1215 1241 1248 1412 
227 253 448 475 666 770 795 797 849 999 1004 1021 1130 1222 
180 303 440 826 831 1129 1295 1336 1383 
173 254 435 495 734 758 952 953 1159 1398 
15 65 78 193 262 430 575 794 885 1016 1110 1129 1280 
136 249 452 455 494 536 770 1157 1393 
10 214 248 521 611 773 940 975 1099 1149 
15 26 169 477 811 859 967 1028 1088 1109 1163 1213 
8 140 190 315 427 731 814 919 977 1295 1323 1387 
473 580 865 888 958 988 1177 1236 1446 
252 261 315 332 369 376 430 445 633 735 859 1095 1394 
101 208 301 371 431 504 584 605 971 1022 1073 1087 1096 1132 1216 1236 1381 
29 36 87 302 359 396 1087 1264 1273 
28 49 254 322 334 434 662 845 857 1017 1412 
9 45 168 207 842 955 1353 
105 132 372 410 450 588 812 819 1041 1066 1345 1380 
16 923 935 983 1086 1239 1255 1314 
138 161 312 390 402 426 483 546 803 903 968 1011 1143 1419 
78 190 368 372 456 586 
71 211 772 789 900 999 1145 1196 1293 1305 1307 
191 195 266 267 319 549 795 812 835 837 856 987 
21 327 347 925 1193 
13 14 329 330 700 827 909 1057 1062 1079 1313 1353 1364 
156 217 222 267 295 402 545 658 1130 1377 
174 184 222 265 311 464 469 544 830 852 1218 1246 1265 
29 83 186 219 457 729 1174 1219 1285 1351 
144 823 847 879 943 1111 1194 1305 1384 
170 240 273 420 775 798 820 861 1049 1148 1289 1294 1320 
110 277 504 596 942 1128 1188 1448 
157 186 433 491 594 688 711 821 938 957 1055 1142 1240 1406 
142 206 250 669 855 968 1072 1125 1136 1168 
65 137 157 360 376 474 698 754 929 1032 1127 1188 1217 
375 581 873 947 
1 277 433 457 717 751 889 909 969 972 1172 1230 1240 1283 
20 201 295 518 584 593 647 1159 1300 
200 230 441 640 795 1111 1146 1404 
111 139 253 419 466 593 604 638 754 1080 1119 1131 1154 1160 1174 1299 
97 332 550 634 704 957 1093 1132 1206 1212 1294 
15 229 955 1078 1213 1236 1255 1351 
151 223 290 368 456 464 574 748 794 1090 1093 1180 
2 85 196 255 268 468 496 538 643 999 1125 1442 
36 96 101 144 180 285 627 640 834 1048 1346 
28 60 97 177 372 452 563 909 1247 
22 264 318 745 927 1361 1449 
88 157 333 363 442 863 906 919 1040 1123 1197 1294 
185 292 307 327 593 607 717 812 1132 1144 1152 1178 1416 1447 
10 126 657 690 1013 1094 1132 1180 1182 1197 1202 
135 154 241 373 405 444 733 966 998 1036 1148 1430 
41 172 463 595 686 841 1167 1206 1322 
216 242 349 413 463 474 494 1153 1241 1256 1320 1330 1385 
38 119 215 284 635 669 804 807 898 942 1086 1421 
189 312 511 555 570 610 628 680 725 789 1088 1390 
77 1023 1102 1155 1185 1400 
116 191 445 552 801 1222 1319 1329 1397 
483 498 529 630 735 1002 1140 1253 1309 1408 
22 75 140 227 329 693 1132 1187 1296 
77 189 190 367 541 567 690 700 1090 1355 
51 205 225 294 352 538 579 670 766 1344 1366 1401 
96 154 233 645 699 749 826 959 1187 1302 
27 31 223 232 243 417 457 530 613 627 992 1101 1288 1319 1346 1358 
699 718 1117 1221 1242 1301 1363 
19 166 167 221 372 376 405 581 748 1269 1397 1401 
22 332 353 393 836 932 1076 1250 1438 
204 272 274 379 563 573 737 766 839 846 864 1031 1080 
81 201 335 682 757 813 926 1007 1293 1370 1375 
259 270 309 323 364 662 744 1007 1146 1293 
65 105 225 349 536 626 656 1040 1055 1086 1104 1150 1233 1258 1277 1295 1371 1400 
23 91 224 236 241 266 313 341 597 759 1048 1169 1311 
63 307 452 457 509 565 607 682 688 907 959 968 1072 1115 1234 1245 1292 1296 1316 1358 
158 254 274 423 637 706 754 809 846 1109 1134 1430 
100 134 233 410 417 567 616 746 754 1222 1362 1389 
497 537 648 687 855 907 1016 1033 1112 1194 
7 37 56 72 323 420 456 529 566 645 759 836 877 1035 1078 1132 1170 1406 
64 157 309 319 716 806 1178 1275 1338 1425 
10 193 242 319 363 541 680 941 986 1052 1103 1292 
11 213 233 533 690 849 860 1035 1051 1170 1184 1226 1263 1292 
6 58 89 215 240 438 544 762 1377 1420 
225 257 272 320 337 577 637 827 910 916 1270 1360 1434 
33 451 518 567 568 932 1104 1281 1440 
17 59 848 947 994 1446 
88 107 134 574 629 630 670 794 1218 
53 452 472 812 912 987 1129 1230 1388 1421 
172 346 583 904 914 984 1013 1045 1093 1150 1433 
41 171 293 338 655 693 827 1153 1353 1380 
92 118 196 265 388 400 553 559 658 855 1170 1374 1428 
88 99 401 628 707 770 810 1193 1316 
139 176 475 566 1096 1173 1184 
83 98 167 202 258 345 366 511 656 731 1103 1143 
169 179 235 578 592 605 773 835 1007 1066 1071 1282 1285 1444 
43 93 147 206 627 673 1133 1152 1185 1430 
8 358 705 710 733 770 962 1012 1033 1435 
2 243 278 361 488 554 739 748 759 833 955 959 1094 1210 1328 1367 
253 448 503 578 608 722 819 1063 1211 1270 
142 231 398 907 
459 469 604 718 902 948 1406 
90 120 176 590 822 1063 1126 1305 1307 1418 
170 265 426 925 1281 1340 
116 122 710 723 865 1043 1072 1084 1186 1209 1230 1251 1354 1419 
209 353 390 396 403 546 597 888 929 1361 1365 1387 
95 148 190 250 262 293 357 433 577 598 869 946 958 1174 1388 
122 186 233 375 409 517 589 761 1139 1214 1278 
59 82 186 189 472 519 824 864 980 1087 1373 1424 
92 147 206 274 280 376 662 749 882 898 1181 1317 
471 495 564 575 644 658 739 823 1032 1091 1375 1433 
97 231 349 373 493 538 550 597 824 1056 1123 1177 1348 1365 
408 487 514 644 933 1200 1201 1222 
229 243 531 647 827 939 998 1107 1160 1335 
193 479 559 631 692 918 975 1210 1375 
133 229 235 268 356 494 790 960 1013 1044 1082 1086 1141 1233 1309 1337 1343 1353 1440 
152 730 794 996 1296 1433 
37 126 153 332 337 438 606 656 717 737 748 776 836 857 1035 1077 1420 1446 
10 194 199 305 324 577 654 738 917 924 1127 
53 257 823 893 948 1028 1170 1400 
68 287 418 508 633 762 766 781 911 918 934 977 1118 1153 1373 1441 
268 667 674 1258 1393 
2 55 126 432 446 556 639 645 707 874 883 914 946 1047 1105 1184 1233 1276 1317 1342 
69 75 134 563 866 906 934 1055 1079 1173 
58 164 333 422 446 588 706 815 1048 1296 1297 1338 
104 216 392 578 811 907 950 1008 1220 1235 1289 1372 
126 151 207 448 581 604 659 819 1317 
100 387 571 623 804 967 1234 1264 1330 
279 412 488 508 532 713 906 963 1052 1081 1088 1203 1441 
58 162 328 756 871 1311 1401 1405 
14 162 636 702 746 828 882 1104 1158 1270 
46 149 205 562 592 600 759 762 802 996 1000 1039 1042 1170 1311 1348 1412 
133 603 625 747 761 798 868 1049 1093 1161 1291 
116 211 482 808 828 868 891 1012 1079 1197 1418 
4 87 249 265 578 593 821 902 1034 1122 1212 1399 1412 
138 223 355 359 686 771 997 1109 1152 1261 1418 
189 200 341 396 409 443 515 533 616 722 757 1000 1059 
7 64 132 323 535 761 854 1028 1095 
524 682 860 1034 1044 1068 1290 1403 1420 1432 
24 338 1070 1104 1182 1321 1361 
72 100 551 596 641 1015 1126 1222 1331 1362 1374 1402 
51 97 136 367 384 486 631 704 762 763 1083 1245 1260 1285 1439 
149 177 318 538 662 727 739 829 987 1143 1422 
113 178 303 425 441 475 560 875 885 993 1100 1305 1439 
34 89 168 302 499 504 692 697 842 951 1203 1208 
346 482 596 659 731 817 951 1160 1267 1324 1326 
84 128 138 277 755 1066 1322 1435 
43 353 497 779 819 827 833 1101 1213 1250 1384 
66 100 211 234 335 876 1007 1092 1308 
14 36 339 524 555 935 958 1230 1258 1388 1392 1400 1417 1423 
231 239 363 563 590 1016 1221 1229 1237 1298 
10 498 544 783 934 966 1016 1025 1082 1280 
190 381 481 851 892 903 1145 1211 1289 1408 
39 138 155 183 217 359 397 612 790 861 1063 1193 1219 1334 1419 1437 1446 
123 233 546 710 712 803 814 1104 1308 1372 1417 
365 593 604 661 701 1084 1206 1341 1431 
174 176 536 554 556 637 669 749 921 1078 1349 1359 1405 
87 124 318 344 400 486 798 868 906 976 1275 
71 79 787 1028 1275 
74 209 301 316 499 660 820 978 1080 1143 1250 1262 1311 
159 186 239 240 322 496 534 574 754 857 871 958 1054 1085 1124 1134 1159 1172 1188 1286 1368 1405 1419 
10 157 161 243 341 448 818 953 1027 1302 1435 
17 479 647 1043 1052 1383 
84 179 319 326 397 411 495 536 627 955 1039 1087 1437 
44 231 238 296 340 389 398 430 602 609 657 846 987 1297 
29 131 277 406 547 551 882 885 1012 1064 1093 1183 1275 1296 1389 
343 499 703 805 892 914 1039 1138 1224 1436 
75 322 530 536 700 845 1195 1371 1411 
19 107 161 187 211 479 555 574 1322 
1 19 39 288 781 887 1006 1057 1129 1150 1151 1401 1415 
188 221 421 522 685 1160 
98 188 402 579 672 683 804 1026 1033 1072 1116 1228 1408 
394 461 689 722 837 899 970 1277 1360 
93 104 135 176 203 228 276 458 600 782 843 1150 1168 1203 1216 1253 
81 95 210 283 494 543 703 717 1228 1327 1337 1372 1382 1429 
103 179 337 368 407 545 638 657 704 830 909 912 964 1006 1032 1089 1092 1323 
80 230 307 350 432 439 601 822 823 1012 1389 1396 1421 
60 86 140 145 641 859 876 964 1063 1288 1299 1420 
33 37 86 163 243 276 334 348 380 481 552 579 626 757 823 828 1029 1095 1171 1191 1408 
249 298 451 503 580 705 1132 1142 1288 
62 144 308 377 494 520 592 693 756 951 1239 1253 
323 508 560 608 701 725 1201 1293 1298 1351 1367 
233 295 320 403 633 819 905 970 1053 1309 1320 1353 1373 
431 434 549 559 625 654 714 723 1133 1333 1415 1421 1449 
6 67 144 325 384 491 956 1028 1202 1260 1391 1414 
11 316 435 540 639 724 802 954 1047 1060 1071 1118 1362 
156 253 615 737 957 1081 1128 1149 1150 1195 1197 
248 304 555 582 666 800 825 847 898 1235 1331 1373 1445 
134 187 584 609 812 862 1039 1175 1238 1265 1323 1353 
108 337 377 613 698 958 1131 1267 1271 1318 
215 232 270 351 358 420 445 533 757 806 998 1092 1259 1301 1355 1362 
115 148 335 394 418 640 670 761 1028 1072 1154 1348 1396 
349 372 428 488 604 967 992 1015 1105 1107 1210 1301 
223 458 612 627 668 677 758 827 950 971 1093 1105 
137 228 264 306 428 762 852 1020 1112 1230 1446 
21 362 495 862 882 983 1285 
294 426 843 929 1255 1350 1372 
8 118 120 274 443 515 637 855 890 1060 1173 1175 1410 
32 70 265 412 428 529 969 1299 
14 155 256 349 366 469 620 740 757 796 839 842 901 979 1088 1091 1269 
52 178 294 312 521 561 674 900 993 1026 1102 1150 1164 
103 197 375 540 564 602 744 749 793 818 998 1079 1108 1301 1330 
59 257 570 651 656 938 945 1007 1037 1169 1388 1438 
22 45 354 382 397 560 580 733 755 779 786 1327 
8 43 95 103 156 210 240 309 515 529 659 687 741 959 1016 1079 1195 1248 1265 1341 1384 
95 231 428 873 995 1235 1317 1352 
44 124 314 494 729 942 1165 1281 1339 1398 
147 253 358 539 644 648 787 907 1073 1260 1360 
3 48 222 300 374 409 447 555 589 611 728 732 1208 1215 1390 1417 
81 184 205 334 758 787 909 1015 1204 1448 
10 176 456 467 609 764 1193 
60 140 378 513 628 999 1093 1107 1400 1436 
177 502 635 664 1060 1083 1115 1129 1301 1339 
11 101 181 184 208 227 351 483 495 539 749 775 821 850 874 958 961 1314 1361 1389 
100 213 270 553 828 1111 1239 
20 367 650 670 900 955 1040 
93 145 198 266 360 574 643 778 913 1005 1134 1162 1246 1263 
176 197 227 268 594 822 829 1135 1269 1402 
339 348 644 719 789 834 842 
370 458 465 474 499 514 1024 1043 1099 1239 1431 
131 229 494 578 672 791 793 907 939 1270 1375 1393 1415 
1 337 543 624 735 988 1117 1156 1275 
311 455 571 632 729 764 794 828 1034 1270 1375 1377 1432 1445 
52 88 362 474 668 885 1139 1170 
430 521 633 1261 1274 1306 1360 1425 
15 29 32 300 343 404 665 710 720 818 889 892 983 1291 1305 
62 523 544 766 787 790 814 867 1124 1361 1443 
63 109 138 402 647 824 990 1064 1100 1166 1381 
286 461 870 880 967 1109 1435 
3 14 108 166 250 406 447 452 513 626 953 1174 1206 1272 1333 
9 323 501 520 534 726 878 1100 1121 1338 
183 264 551 587 795 1006 1070 1377 
148 558 648 673 925 1131 1339 1346 
284 411 576 666 778 837 1069 1105 1126 1266 1331 
41 48 142 228 425 763 826 882 962 1237 1351 
19 158 331 350 705 738 797 1126 1259 
502 591 626 672 825 1117 1135 1219 1437 
115 178 264 295 565 678 723 952 
89 145 312 322 362 448 522 555 692 732 853 898 1175 
97 259 323 546 583 663 1150 
133 165 455 592 960 1088 1096 1234 1290 
58 141 150 250 316 430 531 815 846 886 931 941 1134 1205 1232 1264 1425 1433 
18 63 105 251 471 515 575 618 741 924 968 1041 1049 1129 1325 
26 30 31 50 183 189 330 386 420 660 775 835 939 994 1088 1249 1286 
116 264 341 536 817 825 873 882 902 1050 1061 1161 1273 1324 1400 
82 122 384 435 512 548 629 631 984 1049 1239 1374 
213 227 504 604 722 901 961 969 1109 1161 1277 1320 1396 
152 324 388 616 1196 1253 
98 99 165 334 712 721 744 749 775 1168 1322 1389 
26 133 271 459 844 883 1128 1292 
266 295 367 527 610 703 705 928 981 1015 1313 
66 181 236 491 566 616 797 908 1048 1236 1328 1365 1383 1418 
15 322 392 414 640 652 730 1021 1083 1204 1366 1367 1440 
8 21 85 287 357 594 631 1082 1432 1441 
16 27 78 146 215 428 491 535 760 917 1178 
411 422 462 573 651 673 1016 1113 1263 1293 1309 1323 
43 457 480 619 622 824 981 1043 1387 
4 442 477 872 946 1298 
54 72 225 236 455 735 1066 1301 
279 350 431 521 634 1112 1365 1435 
202 564 618 824 910 973 1404 1426 
13 63 193 238 349 402 564 820 833 836 843 882 906 918 1020 1069 1152 1211 
103 121 329 513 587 672 747 875 929 1105 1295 1304 
283 414 445 818 843 1027 1351 1409 1419 1431 
235 672 797 880 1094 1272 1432 
23 76 444 467 582 584 898 903 1000 1059 1253 1256 
302 393 600 721 790 819 830 855 931 951 969 1125 1138 1193 
35 100 183 262 355 489 532 911 1080 1105 1331 1339 
73 174 512 611 636 647 814 932 978 1084 1122 1241 1270 1277 
64 351 353 357 364 413 538 631 712 715 1247 
30 48 553 994 1039 1173 1362 1433 
52 55 82 89 170 176 323 383 400 459 484 610 664 688 853 881 921 1065 1116 1147 1156 1362 1407 
49 77 177 342 418 440 451 480 551 798 880 938 1028 1052 1175 1217 
2 123 136 281 335 620 673 803 895 990 992 1013 1182 1327 1334 
150 195 199 265 452 515 606 645 943 1007 1098 1171 
42 120 179 342 616 631 833 1170 1324 1333 1425 
122 129 154 163 169 344 404 446 460 777 800 1038 1324 1371 1390 1422 
36 524 606 726 730 804 810 1422 
161 692 990 1250 1299 
242 276 560 645 875 940 950 1034 1139 1372 
117 335 451 474 647 675 1041 1233 1240 1336 1411 
135 168 431 456 614 792 849 931 941 1168 1169 1217 1365 1396 
24 65 201 302 503 521 923 1077 1235 1276 1448 
64 118 210 416 546 584 826 856 865 969 987 1051 1277 
295 356 468 688 741 1065 1322 1383 1392 
213 424 459 519 564 640 744 823 878 1028 1054 1345 1379 1438 
2 149 176 219 349 422 531 551 624 728 753 795 842 861 1167 1223 1374 1378 1423 
281 283 435 451 469 490 551 887 1288 1329 
71 94 105 138 139 152 367 388 530 661 714 746 845 920 1074 1281 1284 
105 107 147 167 258 285 320 397 545 658 740 947 1016 1062 1353 
83 102 123 494 513 571 640 643 728 805 818 995 1218 1315 1381 
181 453 586 825 871 996 1014 1236 1309 
244 338 431 439 446 616 704 735 903 973 1023 1131 1147 1251 1286 
47 171 208 234 247 388 433 643 826 862 958 1004 1308 1314 1346 
450 610 720 895 912 1060 1072 1111 1119 1145 1284 1322 1331 1382 
57 65 522 704 1012 1111 1445 
120 171 381 399 417 739 811 847 970 1114 1146 1206 1418 
184 205 238 369 440 526 639 645 858 1046 1077 1165 
55 191 199 225 234 415 508 529 698 729 865 941 967 1028 1311 1397 
332 352 378 478 620 623 754 
139 260 408 430 444 883 1126 1149 1245 1361 1412 
157 435 589 753 863 920 1392 
31 159 331 387 545 842 
414 465 540 691 1088 1189 
214 215 492 636 698 704 723 1262 
190 205 678 833 867 927 929 970 1128 1148 1311 1337 
45 378 462 510 681 804 996 1029 1272 1295 
50 111 202 507 858 863 902 1134 1198 1419 
3 369 424 615 973 1114 1237 1334 
29 87 206 443 545 580 663 746 780 799 830 856 1140 1350 1417 
14 56 190 260 358 446 780 795 825 879 
86 87 566 642 649 696 838 940 1078 1103 
10 147 269 401 546 603 835 857 1160 1259 1338 1403 
131 247 267 633 748 874 947 1084 1125 1225 1324 
40 44 175 524 574 593 736 810 1164 1327 
5 47 197 215 378 382 439 495 550 566 621 824 889 1024 1051 
41 167 252 302 615 731 793 996 1066 1328 1341 1447 
562 563 595 630 759 921 1154 1337 
148 173 416 522 534 537 549 718 915 1054 1179 1180 1238 1283 1390 
60 458 623 693 718 737 857 929 1233 1258 1280 1373 1442 
136 273 321 327 524 783 790 866 882 982 1120 1175 1238 1274 1289 1296 
415 431 687 1117 1156 1334 
29 122 311 337 586 612 831 957 1048 1241 1349 1355 
44 292 304 644 849 1323 
133 183 220 372 587 634 646 771 877 976 1060 1321 
47 430 546 583 678 847 892 986 1206 1223 1265 1280 
569 621 684 707 725 1184 1233 1341 1418 
300 316 525 588 595 598 692 740 803 942 1072 1184 1229 1262 1344 1400 
271 534 591 750 751 834 915 922 1028 1037 1120 
3 19 60 257 287 351 511 698 739 748 
138 426 558 665 812 906 907 1026 1103 1286 1290 1308 
165 446 557 585 1059 1115 1160 1162 1172 
154 163 195 343 410 413 502 507 651 676 886 943 954 1361 1420 
67 120 146 463 559 712 745 919 1018 1045 1219 1242 1295 1327 1426 
2 270 508 598 678 760 769 793 920 1061 
112 171 215 274 333 339 365 379 449 510 582 608 879 923 931 1164 
45 55 169 269 322 354 372 474 518 527 570 688 852 900 1312 1441 
87 206 319 506 735 820 829 1006 1157 1233 1296 1438 
4 52 79 113 142 162 237 306 771 895 900 910 1061 1291 1370 
49 59 110 116 220 310 528 538 1008 1152 1434 
1 37 49 149 162 303 318 325 378 553 636 665 764 911 961 1203 1385 1394 1418 
8 61 502 528 579 585 637 659 697 800 891 991 1314 
389 528 938 950 1052 1060 1212 1221 1260 
21 26 34 47 58 92 371 395 491 500 850 866 1028 1067 1088 1219 1292 1322 
51 258 338 441 653 661 681 954 1005 1036 1065 1254 1271 1286 
44 134 135 177 194 303 405 639 756 796 944 1218 1449 
525 656 679 692 694 852 1176 1217 1407 
50 129 137 496 632 828 951 1072 1226 1373 1397 
140 144 466 491 822 848 1104 1156 1292 
125 131 279 287 340 457 493 555 673 927 967 1035 1433 
3 55 145 234 678 724 827 830 1112 1199 1223 1409 
58 465 494 778 816 886 1223 1291 1419 1431 
1 158 217 253 488 663 670 1041 1059 1120 1440 
19 404 427 578 620 623 741 894 1082 1084 1193 1239 1252 1262 1433 
40 370 388 421 449 515 682 900 927 1164 1199 
43 164 271 378 529 779 1064 1257 1278 
29 295 356 363 401 433 513 555 644 678 785 909 994 1004 1096 1132 1142 1155 1327 1400 1415 
628 1084 1221 1239 1257 1322 1335 1362 
266 567 603 720 909 957 973 1056 1079 1117 1137 1389 
114 200 244 495 605 620 632 768 878 1109 
55 73 88 121 124 267 444 552 598 642 645 651 681 786 791 1296 1330 1389 
114 339 389 991 1370 
172 359 383 418 441 534 945 1020 1195 1389 
126 134 329 397 454 477 539 714 779 943 1042 1349 1408 
3 385 596 734 745 979 1053 
72 91 142 297 308 436 473 479 552 953 962 979 1012 1413 
108 486 505 890 1021 1137 1236 1284 1368 
7 69 79 456 574 701 756 911 930 938 978 1102 1138 1190 1241 1264 1333 1377 
409 495 809 859 880 1049 
149 498 500 501 573 748 852 877 925 1034 1038 1140 1162 1171 1178 1392 1431 
165 220 238 357 363 457 514 585 590 606 695 854 968 1172 1181 1229 1390 
34 225 326 447 664 706 840 1260 1322 1404 
121 272 400 445 718 1249 1381 1427 
105 153 165 287 426 551 862 908 1034 
241 295 349 574 897 1056 1071 1153 1212 1224 1392 
319 389 477 487 521 566 691 1267 1344 
131 296 413 554 622 766 804 806 962 1007 1111 1141 
120 171 232 315 322 326 403 594 706 898 916 925 1102 1143 
2 237 477 597 606 666 798 1191 1338 1346 1384 
107 206 223 270 301 428 498 614 989 1177 1208 1395 1425 
105 157 366 372 522 582 595 798 808 858 974 1222 1243 
139 344 360 462 866 876 1007 1081 1112 1234 1422 
222 240 922 1020 1113 1158 1189 1350 
651 797 1424 
333 380 746 866 1094 1223 1245 1292 1419 
10 190 242 310 385 607 711 921 1111 1181 1438 
97 133 189 334 448 461 468 975 1046 1150 1189 1293 
183 264 313 398 442 471 484 549 725 906 926 1033 
87 324 758 1009 1088 1108 1235 1295 1310 1433 
2 404 589 646 745 972 1065 1091 1227 1320 
24 26 49 186 342 477 546 726 936 1088 1182 1236 1331 
55 117 130 203 270 474 885 1098 1118 1422 
299 324 390 431 445 446 532 577 763 811 851 859 875 904 922 927 970 977 1300 
141 148 219 337 519 524 638 868 879 1101 1286 1431 
85 250 373 429 499 1005 1244 1297 1335 1357 
87 91 257 315 535 654 698 706 748 825 963 1039 1120 1159 
217 308 327 346 367 397 508 515 577 858 900 1116 
160 281 315 791 837 862 935 940 1084 1212 1330 
41 129 490 705 1191 1332 1422 
13 25 122 391 489 608 716 785 859 892 907 1083 1252 1373 1397 
7 250 273 342 492 682 714 974 1064 1071 1186 1238 1365 
302 340 362 438 576 704 742 1175 1183 1320 1406 
9 160 359 798 962 1220 1286 1312 1362 
290 476 761 781 808 1042 1130 1442 
64 208 229 282 309 476 578 609 749 791 869 951 1080 1104 1154 1360 1392 1435 
71 139 269 360 419 420 444 704 938 1030 1104 1110 1254 1316 1345 
121 234 396 615 620 629 667 770 1018 1095 1138 1294 
238 252 410 470 474 534 627 715 1039 1068 1080 1087 1105 1125 1168 
34 116 222 236 244 517 629 778 871 1154 1184 1341 
54 89 147 244 570 600 620 667 863 997 1129 1221 1297 
7 104 485 585 684 767 773 849 1340 1398 
217 361 495 568 714 818 848 1126 1146 1198 1232 1298 1304 1337 1449 
160 286 381 449 769 816 1126 1182 1210 1376 1428 
100 132 148 996 1131 1133 1134 1256 1416 
82 154 229 414 528 846 915 1000 1246 1249 1355 1388 
205 246 319 327 375 473 526 533 593 796 849 957 1054 1121 1191 
24 41 125 170 269 401 611 705 929 967 985 1010 1060 
49 91 392 560 833 1350 1406 
243 265 277 551 555 581 739 784 913 1124 1366 
254 258 284 293 379 512 563 644 747 795 969 1105 1205 1304 1343 1439 
223 330 337 500 867 951 1004 1102 1202 1329 1379 1424 
91 175 338 362 468 684 736 796 816 840 919 976 1070 1187 1240 1319 
198 227 285 577 677 757 825 847 939 996 1207 
12 85 118 346 424 494 539 912 980 1101 1320 
248 398 484 740 1088 1139 1146 
72 177 200 347 424 442 644 785 877 987 1420 
490 500 529 569 621 716 962 998 1066 
6 98 184 450 481 632 670 773 1202 1235 1345 1349 
390 421 483 631 786 892 894 1144 1167 1188 
23 181 283 486 609 789 806 820 859 869 1006 1271 1284 1343 1347 1372 
6 43 266 367 460 548 929 1037 1344 1398 1444 
53 261 309 529 654 808 887 931 1136 1152 1159 1220 1229 1285 1299 1340 1406 
395 487 789 972 1449 
93 254 290 339 399 825 939 1389 1438 
200 202 211 293 314 473 574 718 728 813 900 919 969 1096 1355 
195 376 412 536 791 840 1045 1179 1198 
98 129 214 476 486 539 648 665 700 888 
68 70 194 299 304 523 667 851 1120 1275 1288 
75 233 264 270 537 661 671 740 756 757 784 893 909 986 995 1311 1371 1391 
265 486 493 519 604 653 659 854 860 1125 1156 1158 1365 1391 1415 
31 635 713 753 773 936 976 1044 1133 1188 
45 47 81 99 290 332 425 568 712 724 792 985 1056 1085 1250 1426 1444 
112 162 335 617 665 713 857 862 1059 1153 1166 
15 129 323 360 725 759 783 1067 1291 
5 291 471 517 1153 1252 
81 164 202 260 285 314 351 405 598 614 751 1156 1346 
177 254 518 899 912 1060 1136 1164 1385 
3 276 433 436 529 537 775 776 901 1002 1025 1078 1099 1146 1424 
21 211 234 544 643 824 845 921 1017 1384 
133 258 340 494 558 688 754 1101 1191 1192 1262 1363 
323 347 369 563 588 714 891 971 1097 1355 1438 
142 217 409 430 453 623 655 758 814 1011 1208 1338 1363 
172 367 427 575 1103 1134 
27 312 352 481 843 863 882 912 1028 1198 1404 
14 225 348 838 1084 1366 1417 1420 1430 
29 124 440 538 604 768 788 867 1125 1197 
80 345 467 475 565 1181 1206 
44 236 295 406 410 434 451 653 733 840 914 984 1043 1146 
85 601 639 757 884 926 1061 1068 1091 1182 1225 
64 401 419 633 785 970 1112 1113 1122 1226 1338 
120 415 708 1354 
96 102 358 432 458 512 518 565 568 762 833 903 1390 1421 1437 
88 111 474 485 585 690 797 1025 1046 1157 1198 1375 1397 
57 415 535 760 776 871 899 923 986 1105 1134 1137 1141 1295 1312 1400 
39 123 286 458 478 512 610 782 879 921 990 1032 1351 1355 1393 
37 380 445 683 685 715 746 940 985 1087 1113 1114 1234 1308 1339 
25 49 133 291 342 765 835 836 843 952 1003 1016 1043 1267 
232 337 388 395 642 716 801 937 1050 1095 1256 1328 1331 1385 1402 
18 80 103 207 225 255 322 352 566 741 758 880 1235 1240 1247 
107 217 251 370 516 995 1229 1241 1254 1327 
246 404 565 567 651 723 823 840 862 1058 1069 1219 1251 
164 220 246 476 899 1108 
28 33 77 273 300 404 412 428 434 587 688 726 754 1113 1266 1325 1410 
38 381 506 518 586 715 823 935 939 1010 1025 1258 1278 1307 1354 1444 
153 176 279 341 383 472 618 762 1201 1360 
33 114 203 418 483 895 933 949 1175 1265 1330 1444 
140 216 371 599 712 860 862 898 1165 
13 28 111 289 427 463 499 801 894 1144 1284 1423 
37 235 243 315 356 500 651 1058 1079 1401 
164 202 334 552 805 841 1021 1028 1106 1211 1292 1365 1377 1396 
281 344 456 504 617 685 851 979 1048 
55 201 207 350 411 444 449 851 946 1142 1307 1389 
13 299 336 867 1168 1213 
144 470 519 626 737 790 916 1055 1334 
40 107 206 375 449 452 607 775 778 1150 1315 1352 1402 1426 
23 24 142 269 271 366 377 482 515 578 584 731 781 833 872 1348 1364 
224 238 281 433 438 456 519 735 747 849 867 1041 1119 1144 1149 1223 1313 1368 
47 120 157 483 548 857 920 1203 1271 1323 
54 104 200 272 321 386 427 439 648 930 1011 1026 1086 1177 1440 
237 366 391 595 647 706 869 1186 1199 1271 1419 1429 
470 804 977 1167 
374 738 856 1185 1264 1341 1446 
55 361 414 491 519 542 629 637 733 940 1298 1336 
411 959 1049 1073 1111 1195 1214 1381 1437 
503 598 616 661 783 877 974 987 995 1278 
101 277 342 554 590 1110 1142 1245 1299 1350 
249 610 837 1119 1143 1178 1210 1293 
22 232 253 276 361 505 693 741 891 894 995 1113 1120 1389 
10 23 127 212 323 334 728 754 808 976 999 1035 1072 1317 1397 
26 76 98 166 189 250 269 448 812 968 1075 1236 1264 1372 
39 78 151 285 304 363 500 598 693 778 885 1066 1132 
33 318 402 746 847 929 1075 1206 1293 1435 
60 128 314 447 503 597 653 735 1060 1171 1257 1309 
119 179 231 268 301 702 882 1011 1032 
163 398 468 511 711 827 955 981 1022 1184 1397 
3 371 430 530 690 834 975 1303 1403 
33 384 489 499 595 601 761 1283 
38 95 109 163 167 346 392 537 843 1158 1168 1304 1428 1441 
280 565 568 596 889 922 959 1040 1087 1239 1291 1315 1338 1387 
23 38 96 127 352 382 1039 1350 
120 196 216 315 730 741 1106 1239 1264 1353 1441 
223 246 350 374 511 586 703 736 788 896 949 953 996 1065 1121 1264 1265 1379 
20 50 113 143 597 676 681 690 1232 1309 1386 1408 
73 141 330 379 395 421 423 814 909 952 960 978 1124 1286 1288 
71 75 255 391 414 432 508 818 851 983 989 1000 1045 1251 1433 
160 280 359 685 717 870 905 936 940 992 1005 1069 1273 1364 1399 
439 788 936 938 955 1153 1180 1204 
140 491 671 693 707 900 908 937 940 1025 1142 1198 1268 
352 581 842 964 1003 1065 1080 1337 1394 
33 396 464 484 493 509 515 855 914 936 985 1262 1284 
28 505 703 742 949 956 1049 1062 1092 1258 1445 
97 165 217 240 1136 1206 1257 1324 1349 1432 
27 465 503 519 671 962 1116 1258 1411 
64 164 230 234 297 513 559 827 854 936 976 1194 1289 
127 330 624 906 1004 1244 1356 
485 569 580 738 769 867 923 1036 1079 1198 
132 329 624 639 674 896 1126 1178 1434 
214 294 689 884 949 1006 1163 1211 1217 1427 
61 237 363 480 800 1245 
33 66 119 195 234 430 443 495 608 631 766 794 824 896 937 966 1286 
30 145 157 331 686 893 1232 1367 
22 212 222 241 621 664 671 814 946 1083 1102 1147 1159 1244 
35 46 73 462 534 716 748 850 908 969 976 1208 1255 1275 1291 1308 1422 1438 
273 303 397 437 486 505 975 1204 1268 1327 
221 249 339 478 656 659 676 747 807 1017 1048 1065 1295 1418 
47 90 131 505 699 930 1259 1339 1414 
72 529 711 902 904 
68 470 697 764 844 940 1015 1060 1098 1213 1309 1344 
28 150 303 500 696 715 772 1019 1063 1157 1206 1325 1360 
197 348 457 463 488 554 740 939 1086 1091 1183 1216 1407 
76 111 224 226 694 758 797 990 1003 1142 1191 
188 222 326 595 828 839 858 956 1126 
18 139 314 340 526 887 1097 1157 1187 1203 1433 1439 
50 134 164 289 662 705 867 890 999 1013 1138 1181 1311 
19 325 333 409 670 679 710 837 901 972 979 1070 1118 1121 1387 1438 
36 58 69 77 134 203 300 334 451 454 463 560 564 708 745 788 964 1027 1076 1238 1309 
99 256 338 394 409 557 575 702 811 1119 1190 1237 1264 1333 
235 283 530 536 554 648 849 1148 
25 31 128 251 281 485 676 729 799 897 902 1078 1141 1143 1225 1351 1359 1373 
69 165 619 704 876 975 1003 1062 1067 1120 1263 
74 776 994 1093 1096 1099 1194 1255 1346 1362 
9 121 126 135 256 263 313 384 703 832 842 1098 1133 1216 1288 
35 118 195 544 663 695 898 998 1130 1211 1371 
120 124 134 313 407 428 492 600 635 727 935 1059 1337 1362 1383 
287 599 601 779 786 1302 
102 115 342 447 522 559 570 609 841 964 1026 1250 1263 
428 566 624 632 697 733 794 852 909 922 999 1010 1240 1255 1270 
47 162 239 558 585 626 691 730 774 796 879 987 1048 1184 
119 199 211 276 333 674 909 935 960 1293 1387 
226 260 477 478 531 593 770 776 902 944 953 993 
131 152 377 916 1063 1366 
384 453 517 752 772 780 793 980 1009 1340 
115 407 425 1060 1094 1204 1255 1421 
142 258 295 331 405 748 870 998 1031 1043 1150 1363 1434 
147 162 165 263 342 396 463 629 790 1246 1288 1308 1366 1439 1443 
68 140 344 509 600 1018 1254 1264 
217 340 485 546 602 779 862 871 1035 1106 1403 1434 
21 57 389 436 549 631 821 839 887 991 1066 1425 
116 301 712 1068 1105 1434 1441 
367 445 449 593 657 962 982 1109 1367 
46 79 191 365 381 457 707 934 1013 1316 
27 70 275 411 436 669 716 899 1139 1229 1297 1299 1368 1404 
56 78 174 253 304 475 644 1038 1057 1070 1149 1238 1246 
367 397 744 1104 1141 1149 1446 
17 49 53 116 213 256 362 616 651 715 804 833 879 887 924 1016 1054 1222 1274 1322 1439 
169 523 895 1132 1194 1253 1255 
76 176 220 380 417 451 496 645 661 737 817 916 920 931 1067 
77 473 580 670 1012 1029 1089 1116 1187 1268 1285 
5 120 229 276 345 478 642 735 768 864 872 935 1079 1090 1302 1388 
157 277 394 650 684 876 919 1137 1210 1280 1368 1431 
55 103 131 257 269 301 455 488 577 782 925 1199 
149 358 448 486 583 597 698 1008 1153 1354 
34 363 401 443 512 627 656 669 836 942 973 1091 1302 1427 
43 108 560 679 819 848 995 1247 1437 
97 144 798 950 1085 1342 1429 
135 143 231 360 407 444 732 845 988 1201 
19 209 492 523 548 704 783 891 1275 
133 236 289 447 468 543 624 660 833 958 1196 1369 
58 291 421 578 645 693 782 
62 79 205 227 257 276 472 488 528 554 691 722 848 1276 1317 1338 1355 1365 
224 268 315 360 372 407 563 843 987 1260 1346 1383 
40 86 166 487 859 
68 98 199 487 604 757 763 912 1016 1185 1274 
3 64 122 141 720 1023 1099 1165 1283 1331 1431 
78 110 139 445 460 599 853 877 897 1168 1206 1237 1336 
197 202 235 236 319 458 608 631 657 1035 1041 1307 1345 
305 362 757 874 1001 
58 91 129 288 339 504 526 597 1370 
6 110 230 295 337 349 358 581 597 617 751 755 833 994 1060 1103 
6 86 141 169 352 368 547 610 627 699 780 814 940 1019 1041 1079 1087 1169 1336 1357 1378 
54 85 139 233 238 257 290 476 602 803 941 971 1168 1170 1237 1405 1416 
152 413 493 622 768 796 811 1097 1155 1289 1299 1448 
153 266 291 296 350 562 665 855 884 1004 1272 1290 
8 104 242 279 290 300 353 620 633 869 1020 1075 1229 1232 1253 1279 
75 148 300 393 551 751 916 1098 1221 1242 1279 1283 1328 1437 
369 381 499 696 801 973 992 1078 
58 143 625 1040 1224 1281 
122 150 223 229 279 385 535 688 808 871 968 1060 1146 1315 1358 
36 119 569 924 949 1181 1386 1404 
518 614 737 760 1111 1279 
82 493 571 684 799 820 1071 
15 19 167 171 251 256 565 718 1082 1185 1304 
113 294 483 497 976 1060 1357 1448 
81 185 697 720 814 1028 1078 1170 1326 1369 
75 172 254 569 586 599 1422 
75 85 163 716 1288 1324 
193 372 402 407 606 643 821 873 991 1086 1222 1225 
28 149 276 606 622 709 718 790 858 1081 1115 1220 1254 1306 
37 63 130 435 823 883 1329 1402 
149 375 392 510 567 643 659 801 865 901 1020 1026 1131 1271 1300 1395 
93 150 306 362 514 522 713 725 961 1093 1225 1276 
27 32 103 468 469 720 758 966 988 1062 1128 1226 1291 1352 
124 279 328 562 644 920 1129 1185 1284 1420 
332 623 739 747 979 990 1193 1197 1198 1264 1275 
58 310 479 602 653 745 942 955 1084 1173 1182 
110 577 597 810 889 896 1083 1137 1351 1378 1433 
106 150 515 558 584 618 868 1168 1192 1354 
362 519 587 713 903 998 1029 1088 1112 1197 
96 317 366 368 385 894 932 1089 1280 1380 1396 
614 670 675 704 823 944 990 1175 1338 
185 217 377 588 591 971 1245 1252 1279 1299 1306 
274 312 385 425 479 642 723 776 859 880 979 1021 
379 519 556 563 594 1001 1029 1362 
102 440 600 823 830 1094 1140 
164 360 379 475 493 720 808 824 871 1035 1145 1182 1255 1326 1337 
110 170 205 246 275 381 688 715 833 874 1073 1092 1272 1316 1317 1426 
30 91 167 186 201 390 445 469 578 984 1006 1052 1168 1209 1239 1263 1436 
46 358 504 574 580 716 760 797 912 938 997 1026 1319 1358 1403 
73 167 394 410 423 542 621 699 796 810 1011 1186 
42 105 193 291 316 431 537 539 561 743 941 984 1003 1273 1446 
468 707 769 942 1161 1277 1379 
346 435 500 687 836 864 884 1166 1247 1434 
12 219 626 636 764 778 897 925 964 984 1065 1141 1224 1449 
48 91 290 344 1125 1327 
183 313 432 486 759 830 1007 1069 1210 1342 1363 
216 286 330 436 465 535 649 733 1176 1300 
88 325 449 638 905 985 1059 1164 1219 1233 1278 
137 148 239 349 535 588 878 999 1187 
50 80 216 693 1089 1205 
292 539 562 590 657 766 793 972 1066 1272 1321 
132 235 527 880 1287 1310 
47 88 251 436 473 784 797 896 898 1255 1378 
70 126 173 284 455 551 705 760 915 985 1012 1138 1279 1337 
181 186 211 247 347 489 658 1093 
84 230 593 998 1036 1122 1306 1368 1425 
47 109 174 313 385 427 610 672 690 758 772 864 930 935 1193 1294 1313 1428 
4 27 42 157 283 400 1045 1075 1157 1165 1381 1416 
510 571 580 922 1268 1341 1399 
63 304 403 735 829 836 909 967 1068 1181 1390 
320 360 384 422 449 570 673 1126 1300 1302 1329 
86 104 164 181 258 285 306 341 425 742 979 1060 1227 1329 1334 1393 1438 
193 318 420 496 588 769 854 960 1174 1249 1266 
195 293 372 726 775 843 913 1325 1358 1388 
159 261 335 376 507 944 987 989 1016 1039 1065 1172 
192 269 278 335 337 444 629 632 777 788 792 833 1121 1140 1168 1213 1234 
267 270 386 415 419 474 607 688 793 1082 1323 1413 
65 122 346 395 403 450 469 554 581 592 918 1042 1113 1135 1212 1369 
168 224 393 442 452 984 1073 1211 1318 1356 1383 1448 
188 243 249 272 306 352 509 663 682 1026 1069 1071 1108 1126 1128 1138 1262 
289 292 337 373 381 506 700 838 916 962 1159 1292 1360 
301 376 496 817 871 1157 1199 1312 
66 190 334 425 468 509 792 803 860 1030 1083 
168 481 1036 1046 1159 1222 
710 894 1215 1258 1351 
3 257 306 420 434 464 576 620 644 733 746 757 794 823 1027 1082 1248 
102 207 377 487 664 1105 1394 1424 1431 
12 68 186 254 402 471 625 854 1172 1174 1278 
88 228 238 276 420 625 741 800 817 870 904 959 1043 1061 1091 1334 1373 
75 186 331 392 556 655 703 1142 1351 1353 
116 142 470 613 828 
62 130 229 358 700 726 966 969 1077 1082 1134 
111 135 530 580 594 616 629 924 1118 1224 1341 1349 
16 69 214 638 714 850 865 1089 1247 1299 
97 141 180 303 358 377 445 461 677 710 918 927 954 1165 1324 
332 355 420 422 612 625 666 749 821 878 1039 1094 1134 1344 1357 1392 
94 408 696 877 1073 1147 1331 
81 117 179 326 447 607 744 1055 1128 
130 153 229 235 323 400 573 918 1348 
192 346 455 484 581 660 955 967 1132 1183 1344 1417 
160 245 507 570 742 748 872 1022 1096 1164 
12 167 241 440 482 569 574 645 706 1050 1133 1163 
95 372 502 691 841 1214 1348 
42 311 551 596 639 640 673 854 881 986 1240 
72 190 353 495 505 528 715 1040 1144 1216 1367 
95 149 397 430 753 973 1078 1149 1151 1200 1279 1299 1311 1350 1409 
97 296 529 598 682 820 835 851 1153 1236 1255 
12 196 237 250 356 425 678 761 890 1018 1045 1136 1239 1256 1287 1331 
186 442 468 650 948 971 1308 1322 1332 
79 179 276 319 471 478 601 646 1229 1400 
456 466 539 555 700 776 966 1045 1206 1230 
15 57 173 176 336 527 551 558 588 750 790 920 1027 
61 90 156 241 297 598 635 830 899 1405 
193 312 445 910 988 1093 1134 1289 1344 
102 347 354 452 532 556 601 629 635 725 891 902 1202 1262 1352 1405 
166 210 460 466 568 612 990 1095 1314 
29 106 229 267 737 800 814 998 1055 1156 1272 1331 
175 263 442 457 778 841 1029 1035 1171 1240 1250 1314 1445 
44 55 282 479 502 540 543 949 1000 1333 
43 93 385 464 579 614 641 645 684 702 913 1012 1165 
6 291 292 316 552 785 882 1010 
7 47 265 563 588 648 762 872 880 1080 1130 1338 
117 387 674 722 836 1085 1123 1131 1136 1416 
84 288 319 450 567 622 725 766 793 829 1247 
13 85 119 416 644 737 848 869 1001 1032 1109 1350 1433 
3 198 364 403 775 957 979 1222 1265 
42 105 108 162 281 372 472 755 794 1093 1231 
23 72 302 421 438 551 976 1080 1143 1173 1277 1398 
76 121 307 336 540 708 738 901 909 964 1010 1076 1107 1117 1196 1232 1309 1380 1438 
151 238 483 528 584 653 753 844 1026 1147 1384 
12 39 148 389 444 518 806 843 983 995 1196 1201 1369 
19 141 192 469 494 552 623 716 733 1039 1059 1199 1247 1261 
28 42 77 387 423 431 527 627 790 809 869 942 1011 1027 
430 851 940 966 1023 1114 1200 1217 1290 1396 
1 113 120 268 289 324 354 393 403 420 479 612 662 868 967 1039 1070 1087 1181 1435 
52 116 281 408 459 777 988 1050 1173 1210 1387 
43 58 617 686 761 800 1185 1206 1310 1383 
67 84 157 170 302 324 382 550 659 903 942 1419 
121 400 491 510 951 997 1168 
328 446 590 701 726 733 1009 1024 1033 1281 
81 97 175 264 595 946 1079 1157 1206 1304 1392 
14 125 199 384 474 667 784 976 1256 1329 
74 86 163 356 525 702 855 976 1168 
66 292 500 609 656 745 862 919 969 1001 1048 1111 1282 1369 
3 71 75 311 325 384 484 558 587 986 1385 1435 
105 132 278 597 689 1318 1424 
55 512 587 636 656 787 832 917 1216 1218 1288 1306 
432 453 497 634 734 950 1142 1371 1389 
670 685 688 784 810 1025 1073 1141 1399 1418 
533 707 753 801 970 1007 1155 1166 1186 
1 216 268 346 397 424 536 635 711 810 983 1180 1206 1301 
31 68 116 331 605 622 630 730 860 918 934 986 1009 1245 1302 1358 1359 1361 1402 
17 47 142 185 359 374 495 497 513 555 593 676 1071 1333 1348 
358 405 606 703 778 876 920 975 1156 1270 1369 
260 293 403 466 695 707 718 862 1013 1261 1357 
183 311 424 451 620 786 885 1116 1145 1286 
53 248 551 695 836 1254 1443 
88 128 341 674 805 1015 1311 1347 1446 
52 210 282 287 316 420 489 546 683 1020 1106 1196 1263 1335 
234 237 259 284 366 379 489 558 1214 1308 1325 1336 1382 
127 149 161 410 532 676 691 998 1040 1054 1158 1171 1329 1415 
57 188 199 208 334 368 515 517 597 672 715 717 817 876 987 1051 1079 1192 1271 1407 
243 419 497 861 1205 1321 
62 114 136 142 279 426 499 526 919 1068 1102 1166 1328 1339 1356 
55 64 247 334 453 582 605 612 751 796 1132 1158 1308 1413 
6 33 130 375 577 821 867 1045 
20 248 281 325 616 678 1125 1292 1304 1395 
477 487 573 811 919 982 1158 
119 121 243 536 642 719 735 763 828 929 974 1131 1172 1207 1268 
277 413 894 1077 1099 1178 1392 
124 273 279 420 825 842 846 899 1018 1192 1244 1255 1387 1390 
34 174 210 492 580 593 738 891 911 915 950 1178 1252 1258 1432 
106 447 460 493 646 735 781 859 901 1111 1198 1405 
22 96 315 430 476 544 607 623 984 1000 1007 1028 1173 1297 1389 
160 487 541 551 667 715 816 1157 1218 
182 441 494 622 684 962 1163 1172 1362 
277 401 733 767 840 1044 1176 1238 1270 1286 1299 
115 187 262 391 528 536 739 801 1022 1250 1439 
38 108 230 546 617 980 1085 1131 1181 1346 1352 
17 72 209 464 508 513 551 842 1053 1358 1376 
77 89 409 971 977 1071 1099 1202 1416 
41 80 128 131 197 264 355 421 464 478 575 589 660 916 933 974 998 1123 1147 1152 1359 
526 647 694 814 1074 1128 
16 102 124 400 425 440 494 590 735 1057 1077 1110 1367 
71 228 244 427 787 1011 1094 1235 1315 
271 634 929 998 1044 1118 1122 1209 1339 
2 56 162 279 282 310 729 899 1100 1118 1129 1173 1254 1328 1342 1394 
162 182 308 556 632 712 717 737 814 987 1020 1187 1223 1269 
82 549 599 674 675 678 682 956 1033 1352 1369 
80 91 626 676 688 1302 1421 1441 
195 361 431 501 526 564 675 796 1143 1283 1339 1390 1405 
272 379 402 581 592 632 698 1182 
172 438 470 556 624 651 674 676 696 758 881 992 1006 1315 
113 240 400 440 457 759 798 1024 1149 1207 1208 1291 1345 
194 216 365 486 741 783 799 880 885 1135 1237 
91 112 192 433 491 522 960 989 993 1004 1173 1213 1276 1371 
15 143 504 718 788 822 1005 1175 1443 
127 361 521 966 982 1065 1124 1266 1341 
265 281 416 640 690 888 1055 1166 1254 1365 
15 16 24 198 245 448 472 999 1104 1354 
260 278 856 1162 
28 130 132 138 157 634 670 679 686 767 866 972 1355 1449 
121 284 352 438 501 743 895 919 
127 303 304 339 425 506 563 579 886 1001 1168 1216 1260 1387 
160 166 169 396 625 672 955 992 1135 1136 1211 1291 1413 1419 
48 146 169 320 388 524 670 718 959 1107 1207 1333 
344 491 503 842 1027 1211 1236 1293 1309 1363 1424 
180 204 257 322 374 663 675 783 847 952 961 984 1262 
137 343 679 700 936 1135 1178 1223 1240 1269 
108 110 195 203 345 481 517 574 873 1145 1244 1248 1395 1437 
111 175 265 308 319 348 372 452 746 1246 1304 
5 49 224 234 257 363 652 667 836 953 1311 1393 
274 399 672 717 820 943 1134 1178 1180 1312 1335 
120 143 154 372 405 499 779 955 1258 1299 
256 393 524 535 561 585 681 728 828 923 1028 1212 1245 1261 1404 
82 136 287 554 1341 1367 
34 72 90 110 334 336 677 704 714 801 876 1232 
16 36 1015 1409 
23 65 213 310 688 780 839 858 881 945 975 1070 1150 1212 1295 
111 162 173 286 351 387 457 508 575 817 847 882 1078 
183 196 234 401 529 658 766 1257 1279 
199 357 405 425 442 578 593 691 839 891 1019 1055 1221 
79 331 341 455 464 551 618 897 1009 1127 1301 
144 177 352 609 759 789 856 928 1157 
80 154 199 548 591 703 808 949 999 1242 1271 1381 1448 
419 451 467 517 741 764 853 1005 1074 1412 1440 
151 539 559 653 916 929 1023 1067 1109 
70 111 141 172 273 545 664 692 708 901 966 999 1032 1045 1138 1310 1372 
105 316 483 580 599 657 682 691 771 875 889 890 1286 
72 127 174 279 551 649 928 1173 1215 1262 1300 1313 1365 1374 1417 
318 427 526 672 1022 1031 1204 1232 
56 74 358 523 524 639 703 782 790 819 873 1162 1273 1281 1323 
22 41 147 267 582 720 926 1106 1158 1185 1350 
135 409 415 663 1203 
29 154 479 728 915 945 1037 1162 1279 1329 1365 
117 121 182 354 384 673 878 898 1248 1272 1287 1321 1359 
123 248 404 616 795 798 801 826 921 955 1032 1136 
575 600 624 678 805 811 1012 1014 1032 1067 1286 
52 240 484 597 622 851 892 899 1354 1428 
134 165 186 247 301 323 442 584 653 716 749 822 909 935 1012 1249 1341 1424 1446 
34 72 157 175 380 744 780 861 883 1135 1193 
12 538 673 822 943 1055 1081 1113 1200 1226 1404 1446 
386 432 437 623 699 782 788 863 1111 1181 1290 1336 1342 1361 1381 1448 
65 117 147 500 520 726 775 1058 1268 1360 
132 225 351 432 674 764 940 952 1066 1137 1194 1300 
42 302 359 718 943 1094 
61 84 245 402 429 515 709 757 1171 1173 1251 1446 
118 120 364 449 597 628 653 656 742 878 999 1171 
275 290 450 465 475 572 581 670 1006 1181 1321 1360 1416 1426 1443 1449 
81 113 294 568 796 886 1096 1195 1368 1428 
80 213 272 349 360 585 711 722 786 813 864 908 929 933 1235 1378 1449 
167 185 206 370 657 702 715 806 947 972 975 995 1203 1206 1355 1398 1402 1446 1447 
32 150 290 295 424 573 673 866 921 1028 1128 1144 1314 1320 1331 
755 791 872 891 951 1043 1107 1124 1166 1186 
119 220 606 1008 1076 1124 1284 1320 
90 148 625 677 699 708 798 1024 1129 1176 1224 
8 167 452 515 579 683 761 943 1229 1258 1304 
71 375 503 553 674 944 973 1100 1178 1241 1380 
107 328 334 390 496 588 686 795 940 996 1021 1313 
230 231 254 307 361 433 535 540 803 897 921 1205 1231 1299 1424 
164 284 498 740 1002 1016 1090 1100 1119 1389 
68 69 547 720 887 899 970 1266 1371 1381 1414 1425 
575 632 715 868 876 1176 1219 1223 1279 1413 
2 48 183 610 647 662 797 880 932 1067 1076 1246 1277 1360 1439 
37 256 292 324 335 454 524 736 811 867 985 987 1207 1257 
13 212 248 274 432 702 729 902 1120 1130 1270 1337 1378 
79 450 985 1089 1204 1226 1399 
46 299 351 368 409 696 905 965 1156 1333 
170 237 309 310 363 414 448 625 733 751 822 1008 1161 1235 1415 
65 179 607 693 1125 1417 
492 565 724 855 918 1025 1127 1324 1427 1446 
114 159 697 758 969 1188 1201 1293 1316 1364 1394 
20 39 90 123 353 420 521 541 762 778 906 935 1025 1083 1210 
167 411 525 638 790 1006 1200 
52 115 177 663 848 925 978 1034 1042 1051 1075 1262 1361 1418 
2 98 120 218 451 752 881 974 1314 1403 
32 378 474 887 941 1003 1089 1110 1132 1226 1239 1373 1408 1426 
128 310 606 621 632 676 896 1018 1020 1375 1393 
90 132 330 359 489 647 714 778 796 827 877 1307 1344 1374 
320 422 704 833 859 880 954 1148 1269 
162 173 278 296 317 343 350 431 444 457 487 502 612 638 772 921 962 1000 1043 1338 
7 83 337 465 736 786 791 865 1104 1403 
564 830 1089 1126 1144 1310 1393 1435 
93 229 722 978 1086 1253 
11 197 269 334 623 662 872 975 984 985 1073 1274 1428 
237 256 330 546 887 936 1064 1214 1221 1311 1341 1418 
293 297 381 438 528 532 1022 1078 
61 140 238 241 276 508 657 725 754 793 865 1266 
213 503 684 813 831 1229 1429 
24 147 361 487 589 982 1106 1118 1267 1311 
6 83 108 435 528 731 1050 1315 1366 
290 322 325 347 429 554 566 668 822 843 879 882 1208 1338 
119 210 232 374 667 765 852 908 
42 68 110 181 401 439 511 645 754 758 1176 1208 1253 1371 1403 
290 522 562 825 1022 1208 1381 1415 1422 
263 321 378 415 616 625 722 836 1001 1028 1348 
274 297 599 924 933 1158 1396 
109 248 492 594 673 815 855 858 913 975 1097 1109 1153 1287 1359 
110 456 545 621 831 1051 1079 1308 
137 281 344 1265 
17 107 166 207 233 283 410 481 639 693 716 891 1076 1114 1416 1428 
66 149 193 291 401 404 527 652 679 1403 1407 1416 
403 626 849 883 1038 1054 1448 
58 103 241 442 474 909 1022 1046 1233 1296 1318 1425 
53 102 154 240 287 321 431 501 795 1109 1232 1419 
5 47 341 523 927 1109 1184 
319 444 477 574 733 908 1050 1085 1098 1306 1408 
126 195 232 282 642 845 864 946 969 989 1115 1191 
32 33 270 517 533 600 
188 328 731 931 1101 1238 1290 1294 1397 
629 637 991 1078 1118 1341 1353 
79 158 295 424 490 511 601 712 805 879 1222 1428 
18 344 356 371 453 483 501 575 605 661 696 721 757 766 771 819 1074 1094 1361 1443 
99 403 493 497 617 836 1367 
188 448 679 708 780 1196 1377 1418 1423 
95 258 261 312 336 697 719 1374 
144 324 386 514 559 1033 1213 1245 1322 1432 1433 1448 
146 149 430 443 503 548 670 677 693 801 822 945 1157 1339 1359 1390 
107 181 254 305 417 475 585 659 726 808 992 1404 1412 
116 502 602 708 735 974 985 1011 1084 1097 1103 1302 1308 1368 
8 37 114 297 566 617 727 817 911 1082 1148 1197 1236 1267 
127 392 420 629 674 803 827 1274 1300 
146 298 390 580 703 731 882 966 1182 1357 
12 254 344 533 559 769 827 900 928 1133 
196 234 263 330 350 453 486 506 657 1124 1140 1327 
77 90 152 177 366 652 794 826 844 896 1032 1256 1291 1314 1411 
447 930 973 1060 1096 1114 1191 1271 
658 660 762 815 1022 1173 1345 
228 704 876 1002 1011 1048 1419 
76 107 276 441 456 839 917 931 1106 1128 1147 1238 
153 204 238 315 470 606 707 764 772 853 967 1034 1058 1107 1223 1357 
188 282 292 360 363 517 637 684 737 758 888 909 1046 1402 
83 158 202 229 318 426 563 566 677 869 875 1182 1223 1342 1434 
68 108 287 345 540 776 989 1215 1343 1369 1414 
274 310 412 512 770 824 833 839 1068 1098 1260 1262 
48 300 371 411 558 690 784 830 1020 1399 1448 
14 263 314 427 472 512 516 556 613 783 1067 1195 
16 139 319 600 743 870 926 1054 1162 1235 1262 1272 1331 1427 
182 216 232 274 647 698 775 1031 1236 1392 1418 1433 
122 177 178 267 322 566 624 667 758 882 1113 1184 1332 1371 1448 
74 118 127 173 217 287 358 399 402 462 502 547 549 583 786 1180 1204 1322 
158 334 736 787 807 841 1014 1024 1030 1107 1426 
38 205 222 737 1008 1446 
269 358 548 617 698 741 836 1098 1120 1429 
37 307 334 349 679 794 1103 1299 1352 1355 1401 1403 1433 
203 205 248 291 324 352 370 709 779 812 861 874 1095 1147 1206 
212 257 423 543 721 792 843 932 993 1060 1244 1307 
57 64 176 296 337 565 626 863 1093 1135 1288 1295 1397 
104 177 252 399 515 593 709 848 997 1074 1232 1248 
609 701 760 1045 1067 1139 1241 1326 
45 105 433 550 696 710 763 1054 1082 1091 1409 
172 378 606 709 752 917 928 1176 1251 1442 
11 111 138 302 386 389 934 1005 1008 1129 1332 1395 
59 225 306 552 582 608 1057 1189 1280 
82 218 359 526 536 579 690 911 1214 1216 1362 
17 59 240 253 470 489 611 757 1067 1092 
13 16 115 232 244 289 298 313 507 563 564 732 947 1029 1386 
17 281 351 352 392 421 426 566 578 622 727 834 1145 1147 1393 
67 638 669 725 906 980 1037 1077 1191 1356 1423 
272 351 370 876 953 1001 1078 1089 1395 
80 85 105 159 360 547 630 827 1376 
173 235 294 387 405 518 728 872 974 1045 1052 1053 1171 1219 1236 1290 1310 1446 
28 170 564 654 931 1024 1114 1174 1276 
192 201 373 453 454 535 544 652 768 891 920 990 1161 1168 1174 1177 1179 1350 
53 126 237 353 418 509 540 618 786 1255 1257 
43 104 115 414 541 618 624 631 656 825 989 1087 1140 1152 1243 1283 
38 58 160 455 467 624 881 1048 1074 1110 
234 371 490 776 1055 1187 
88 330 430 555 681 736 903 1385 
1 226 380 395 480 517 876 
147 279 344 550 703 840 933 934 1037 1058 1125 1347 
33 37 202 453 645 655 705 1008 1314 1393 
40 93 479 487 511 554 596 656 708 1013 1091 1260 1329 1381 1393 
125 389 574 670 703 823 1429 1449 
47 73 293 427 618 813 933 1200 1266 
10 146 155 210 270 870 929 1273 
45 319 385 577 672 945 1001 1002 1072 1233 1377 
196 206 425 472 566 598 614 802 914 1017 1118 1272 
105 261 299 392 394 459 570 571 685 700 818 827 1030 1167 1335 1351 1404 
23 118 197 277 970 1018 1160 
33 81 144 194 345 408 464 780 827 845 930 1000 1077 1230 1326 1354 1439 
83 139 168 170 247 328 371 401 568 781 934 1003 1100 1186 1273 1322 1422 1431 
28 116 167 189 562 711 869 1013 1214 1279 1280 
74 163 202 348 391 451 572 778 870 916 926 1390 
41 177 203 211 212 221 238 338 515 659 734 847 912 1024 1248 1253 1435 
255 342 572 599 710 849 1071 1309 1327 1333 1383 
48 111 123 235 319 375 400 466 572 611 622 839 843 861 960 1225 
132 376 395 825 942 952 956 988 1095 1185 
10 141 145 196 590 605 680 855 870 952 984 1208 1277 1381 1445 
85 517 525 622 738 784 992 1236 1246 1435 
47 325 425 526 565 702 811 827 975 1162 1258 1275 1380 1431 
82 120 266 382 438 583 730 1097 1186 1271 1314 1416 
220 468 528 792 823 1072 1113 1307 1365 
32 68 89 274 535 622 707 732 801 896 1268 
24 93 114 115 146 195 338 515 640 654 676 699 837 895 1203 
71 183 253 301 318 536 655 707 875 938 1211 1444 
211 587 636 645 852 1000 1030 1421 1430 
63 185 311 453 793 903 957 1105 1285 
26 62 103 201 231 455 570 583 606 616 766 1193 
51 430 451 690 844 877 929 1077 1093 1105 1171 
193 213 464 706 1027 1068 1158 1429 
76 135 172 345 459 645 731 732 853 941 
12 232 248 328 332 345 359 398 545 643 722 966 1270 1376 
5 36 328 853 1250 1348 1434 
211 255 294 420 498 590 929 1113 1214 1254 1354 
215 249 279 533 601 603 675 740 854 1045 1238 1298 1345 
202 350 476 563 567 1372 
122 218 515 760 897 1270 
83 117 380 430 480 507 598 604 864 901 1015 1245 1255 1272 1329 
17 72 171 496 621 697 701 815 829 888 922 971 1065 1158 1264 1267 1282 1358 
289 541 598 666 908 912 915 980 1044 1148 1157 1174 1178 1216 1398 1422 
30 166 169 200 319 554 590 690 828 831 1247 1254 1420 
4 202 272 304 329 471 490 1127 1341 
165 291 403 405 799 1016 1111 1237 1295 1444 
72 375 490 528 948 979 982 1085 1138 1278 1370 1444 
52 66 173 686 849 923 1193 1253 1350 
115 137 359 473 494 513 605 805 848 1438 
24 65 365 456 635 752 815 842 867 
386 601 800 897 911 946 1001 1169 1223 1282 1342 1349 1405 
214 445 587 649 1126 1431 
3 196 332 407 440 566 641 666 753 759 785 795 823 886 890 951 1111 1176 1301 1303 1305 1351 
62 144 233 361 440 758 1166 1217 1257 
238 241 250 278 290 382 434 759 772 
337 433 528 661 865 908 994 995 1109 1147 1270 1375 
127 199 319 490 529 822 835 916 923 
152 252 282 356 429 783 875 883 921 934 943 977 994 1075 1311 1326 1343 1398 1442 
99 191 202 265 388 820 835 1110 1111 1158 
3 347 356 397 431 479 560 634 788 944 1196 1228 
505 804 924 1003 1010 1041 1099 1168 1340 1343 1375 1410 
55 150 175 270 538 647 1111 
106 211 239 413 528 655 685 917 919 956 960 1005 1158 1197 1308 1318 1445 
118 477 594 1111 1208 1341 1415 
142 205 212 477 675 898 960 1088 1243 1325 1343 1359 
268 529 544 615 702 767 817 882 926 990 996 1303 1309 1366 1394 
117 212 298 432 549 571 617 783 793 939 1070 1080 1219 1364 
32 324 560 698 847 1276 
112 241 252 281 485 486 567 663 716 1053 1087 1427 
131 218 255 650 751 770 781 884 980 1135 1259 1300 1346 
16 263 559 648 797 897 1001 1129 1139 1245 
112 116 158 221 224 580 701 736 806 935 1115 1353 1439 
194 197 319 587 599 1019 1247 1266 1416 
120 136 143 158 462 541 545 1101 1216 1234 1312 1341 1381 1419 1438 
110 125 526 705 1224 1354 
337 537 557 574 608 699 1055 1074 1106 1395 
45 608 785 909 918 
63 187 251 312 369 425 512 782 814 988 1146 1163 1208 
31 192 237 682 709 734 992 1338 1378 1389 1394 
19 125 326 345 363 521 652 997 1084 
185 406 746 876 878 906 1062 1175 1344 1414 
48 104 105 210 212 292 345 614 782 786 1068 1178 1288 
466 570 594 612 621 676 684 782 920 1394 
509 513 648 739 829 879 1393 1442 1447 
112 271 853 881 989 1021 1122 
94 124 271 340 633 744 878 1019 1229 1439 
10 106 128 212 343 579 586 862 928 1307 1313 1413 1415 
97 149 287 303 332 499 646 701 981 999 1142 1386 
150 368 411 675 692 721 978 1014 1088 
400 578 807 910 1007 1260 1281 1358 1416 
85 203 214 314 388 455 484 615 660 680 697 753 858 884 888 898 999 1093 1233 1326 1376 1410 
8 110 163 581 916 941 953 1012 1321 1355 
303 367 538 610 691 941 1039 1041 1042 1136 1179 1193 1211 1216 1304 
9 263 795 933 1260 1313 
84 257 273 351 571 655 738 803 883 1020 1392 
258 311 420 638 686 711 826 952 954 1143 1208 1267 1324 1339 
34 54 57 96 203 293 501 533 556 825 962 966 1218 1305 1376 
9 173 204 306 641 696 823 943 1064 1275 1330 1337 1375 
56 138 157 266 652 850 907 1033 1102 1130 1152 1304 1340 1363 1439 
166 367 832 977 1081 1304 1313 1323 1357 
72 119 133 177 332 698 710 852 894 951 1102 1158 1189 1208 1318 1401 
197 431 440 505 686 881 1169 1239 1344 
14 108 190 246 449 504 894 922 1212 1262 1301 1443 
87 191 312 395 492 502 629 805 1010 1109 1182 1342 1386 
284 561 590 776 1346 
226 309 501 516 568 763 969 1033 1244 1391 
115 167 219 236 271 299 539 733 775 831 873 1059 1249 1268 
66 445 484 509 510 543 645 935 956 1010 1078 1080 1166 1278 1283 1357 1391 
325 533 765 801 840 1003 1190 1366 
20 104 157 472 617 707 775 779 1134 
241 506 618 780 989 1014 1024 1427 1443 
30 548 819 1228 1303 1329 1369 1431 
330 333 1175 1227 1369 1406 
36 155 309 486 529 590 628 730 762 857 1004 1036 1201 1330 
43 199 247 263 308 353 858 1128 1303 1445 
87 874 1007 1381 1413 
400 570 671 689 762 876 964 978 1052 1096 1248 1250 1254 1260 1443 
35 68 232 274 281 439 478 485 496 805 1051 1124 1206 1300 
100 234 286 399 540 624 823 1189 
13 29 64 147 284 346 364 441 547 586 627 932 998 1016 1085 
175 177 204 410 450 525 549 658 854 954 1068 1086 1109 1137 1272 1286 1327 
32 37 309 393 467 705 753 759 942 1161 
347 477 479 559 704 731 924 1057 1077 1153 1327 
111 182 339 373 378 404 512 516 667 669 795 855 1024 1217 1323 1342 
49 195 199 439 580 627 715 851 865 956 1378 1436 
28 166 215 427 481 526 628 1005 1097 1382 1413 1430 1433 
3 226 492 763 972 1323 
89 132 539 1113 1180 1306 
5 21 84 105 553 683 690 918 957 1094 1221 
47 143 234 300 459 543 654 687 789 899 962 1064 1156 1186 1392 1400 1411 
108 144 190 375 573 723 731 958 1011 1137 1304 1415 
101 132 208 428 627 742 800 841 871 879 1159 1188 1328 
106 117 124 166 363 833 957 983 1096 1132 1232 
402 531 573 820 987 1222 1262 1332 
4 24 67 131 228 306 318 437 600 714 865 925 1151 1232 1289 1305 
33 263 451 629 673 994 1099 1322 
512 558 603 789 919 
220 332 339 406 424 734 762 1031 1041 1132 1163 1300 1311 1394 1395 
72 101 503 564 628 724 776 904 934 946 1152 1159 1232 1285 1322 
38 182 204 355 691 709 715 721 734 793 810 854 918 1112 1156 1384 1418 
215 424 572 626 855 889 1073 
60 100 148 514 516 661 680 968 1012 1112 1169 1314 1329 
90 115 117 232 280 308 478 632 679 681 832 919 961 1004 1138 1374 
16 349 394 471 694 1185 
300 343 366 501 530 749 951 1082 1120 1205 1209 1232 
294 383 879 902 962 
93 318 463 486 512 608 678 827 862 955 977 1022 1082 1085 1218 1249 
11 37 89 241 375 414 708 714 795 906 1287 1397 
178 286 400 526 650 658 669 670 705 724 782 1157 1401 
190 347 363 484 634 670 873 1047 
93 146 392 631 820 945 1009 1035 1122 1188 1317 1381 1404 1439 
4 5 123 304 348 534 625 1037 1068 1157 1211 1285 1340 
95 676 692 736 816 916 991 1141 1222 1287 
227 358 376 935 956 1027 1339 
243 258 289 379 381 427 715 901 924 1013 1150 1155 1171 1435 
121 348 503 588 646 648 778 909 972 1074 1139 1330 1413 1432 1445 
388 423 465 761 794 808 864 983 1085 1125 1156 1236 
178 403 674 798 979 1123 1129 1312 
133 383 479 733 751 1032 1069 
26 47 145 239 316 317 324 380 596 691 745 782 1138 1213 
74 145 281 441 748 779 943 1110 1183 
160 232 331 405 427 442 799 875 1011 1136 1281 1318 
11 72 266 514 632 653 805 835 1162 1223 1380 
18 762 763 768 789 811 853 968 982 1010 1130 1329 1438 
151 170 310 478 484 738 787 1101 1130 1363 1439 
2 244 262 365 447 765 887 979 1205 1277 1357 
254 891 1157 1166 1367 1413 
144 199 477 665 752 763 938 1113 1223 1368 
447 453 525 588 636 678 781 1002 1321 
60 191 254 300 354 590 736 1145 1254 1267 
26 88 124 158 319 402 451 489 503 552 561 672 688 903 924 976 985 1236 
65 809 855 983 1045 1263 1268 1352 
58 225 336 338 446 596 672 710 723 774 894 1095 1197 1310 1330 1357 
23 46 193 284 311 479 682 760 861 1250 1432 
90 139 297 399 489 761 881 990 1057 1109 
83 291 384 497 510 602 667 691 780 941 952 1073 1448 
5 23 75 105 156 157 234 240 241 408 502 507 543 638 828 914 
38 185 230 231 340 414 545 655 660 717 954 1019 1310 1314 1318 1374 1418 
14 38 193 203 210 565 814 1057 1302 
23 106 157 168 174 232 421 465 492 547 622 693 966 1095 1161 1431 
65 160 221 234 275 283 324 479 496 519 1051 1426 
31 39 283 323 553 568 730 921 1315 
37 78 109 309 340 416 570 651 1153 1389 1395 1422 
202 336 357 437 590 654 730 760 789 841 853 924 961 1007 1092 
56 200 551 778 804 818 977 992 1069 1185 1233 1253 1364 1407 1431 
226 349 351 360 371 417 898 970 1168 1218 
224 320 713 737 741 818 899 937 1067 1294 
664 1168 1181 1227 1230 1327 1387 
98 110 124 421 570 578 666 770 888 914 958 1004 1208 1214 1215 1246 1334 
99 185 192 261 302 384 1168 1212 1250 1375 1391 
383 776 789 813 894 1054 1243 1348 
112 185 261 632 640 754 1026 1094 1140 1202 1434 
113 307 313 452 489 624 691 723 856 907 912 1046 1067 1178 1328 1396 
20 100 135 153 220 274 341 414 450 661 671 696 704 876 954 1133 1181 1407 
80 547 809 884 975 1030 1109 1288 1293 1420 
233 288 290 318 457 464 597 702 853 905 959 1033 1037 1173 1253 1334 
495 561 622 829 960 1189 1273 1420 
188 409 645 814 977 1006 1202 1209 1215 
182 372 452 500 863 865 1000 1023 1073 1119 1139 1257 1293 1415 
23 81 160 449 643 667 766 932 940 1038 1297 1440 
234 251 564 729 794 1019 
268 281 285 364 657 748 794 1266 1434 
109 348 826 893 1051 1178 1216 1277 1293 
9 64 144 219 225 580 796 1366 1415 
193 215 341 405 548 560 582 1000 1002 
6 131 298 483 808 910 983 996 1207 1284 
8 78 83 127 140 214 305 327 407 443 453 502 516 530 733 856 1064 1088 1129 1251 1254 
50 157 174 334 347 414 482 646 824 979 1215 1239 1242 
131 133 304 403 434 435 472 680 774 842 1018 1211 1412 
131 401 631 697 821 907 1180 
59 304 772 793 1097 1128 1173 1206 1332 
41 141 333 362 432 473 492 515 628 692 802 1072 1133 1236 1238 1303 1409 
257 410 475 626 763 911 934 1247 1308 1386 1412 
31 95 122 128 219 446 579 777 818 819 889 908 982 1120 1156 1227 1257 1279 
75 215 286 360 519 556 634 1213 1229 1271 1288 1364 
63 299 346 392 426 453 549 626 752 844 855 864 1000 1085 1393 
557 856 1087 1100 1249 1326 
342 388 434 526 705 866 900 953 1015 1133 
100 116 312 432 467 480 642 819 836 1304 1311 1383 
17 39 272 516 553 906 960 1126 
140 159 168 439 651 753 758 907 990 1369 1404 
18 274 333 464 476 570 677 712 793 811 1013 1213 1360 
155 239 283 389 471 537 610 618 667 748 788 869 1028 1039 1194 
29 90 365 371 391 426 624 694 911 933 938 1065 1211 1269 1444 
66 95 123 131 262 569 590 720 1176 1214 1267 1364 1394 1412 1425 
314 363 475 485 567 650 816 840 945 963 987 1033 1058 1160 1179 1189 1401 
52 60 133 281 743 803 934 990 1080 1166 1219 1239 
274 578 588 1081 1173 1176 1180 1438 
109 223 486 534 589 696 843 847 861 1026 1196 1217 1425 
6 181 444 564 586 754 941 1075 1153 
42 207 225 391 452 537 604 709 749 926 1185 1220 
22 60 588 905 1118 1356 
53 270 290 350 644 846 850 900 1043 1151 1306 
141 154 315 481 522 586 680 840 1166 
9 18 55 355 468 541 576 654 668 853 872 980 1111 1163 1385 1449 
14 30 191 204 340 393 422 623 707 784 832 837 1126 1168 1385 1396 
7 50 364 643 780 862 926 936 1092 1287 1372 
85 180 188 249 274 341 347 448 669 837 1058 1187 1439 1444 
87 263 619 632 740 785 947 986 1128 1152 1190 1370 
26 222 349 481 573 593 609 623 748 949 999 1092 1207 1367 1440 
150 683 826 911 1106 1347 1405 
37 553 758 771 843 902 1070 1078 1215 1223 1281 1288 1383 1405 
225 234 766 796 821 899 927 1157 1205 
60 72 315 707 899 929 983 1045 1065 1180 1374 1395 
159 243 331 366 383 563 633 697 828 991 996 1011 1337 1383 
22 97 120 209 264 298 372 385 459 491 899 990 1022 1060 1393 
27 110 236 299 344 349 429 430 516 561 709 712 791 923 1102 
33 79 226 608 610 722 803 954 1214 1280 1385 
82 188 644 674 1019 1182 1300 1330 1340 1391 1396 
12 264 270 410 418 440 559 598 638 748 946 977 982 1140 
74 95 156 223 411 577 613 719 723 1038 1181 1224 1319 1384 1399 1446 
9 26 55 63 148 257 340 411 689 728 852 931 963 1061 1282 1355 
105 113 319 525 645 730 738 813 997 1067 1283 1405 
112 124 746 772 825 878 891 901 936 1081 1227 1228 1336 
133 230 497 520 756 1162 1354 1414 
160 232 326 435 597 711 895 943 1009 1041 1087 
42 284 313 333 355 438 588 658 975 1154 1352 1434 
31 267 279 341 346 478 506 558 707 836 1024 1405 
33 156 250 299 404 445 977 1026 1063 1258 1293 1359 
4 87 157 230 269 273 379 381 621 1025 1171 1176 1213 1305 1386 1396 
571 927 1108 1150 1206 1212 
189 242 381 390 526 638 1062 1124 1399 
445 758 784 810 998 1013 1194 1240 1437 
156 444 579 670 799 
181 249 787 876 1005 1138 1278 
177 386 449 531 652 815 972 990 1009 1042 1120 1136 1189 1231 1266 
51 333 453 907 1241 1449 
168 321 410 443 712 749 826 884 1133 1334 1357 1360 
192 306 363 537 607 877 1255 1366 
215 499 605 626 892 1116 1350 1351 1363 
671 767 1104 1203 1219 1328 1375 1418 
174 264 415 667 703 717 883 918 951 1303 
24 247 265 308 361 573 737 821 1423 
121 236 324 335 372 407 517 519 521 592 640 656 895 921 1008 1194 1298 
61 89 145 217 367 435 477 529 620 817 918 938 1065 1131 
41 111 343 597 598 1221 1223 1305 1364 
1 163 308 443 460 528 533 563 843 888 917 1086 1210 1245 
51 171 280 379 623 819 959 1025 1030 1105 1119 1120 1199 1331 1361 
9 153 176 499 677 834 934 1019 1181 1194 1198 1253 1340 
141 538 778 914 957 1100 1107 1191 1253 1298 1359 
335 350 405 440 638 787 881 1044 1308 1351 1364 1375 
24 219 227 457 506 558 621 657 663 1057 1095 1263 1410 1418 
110 113 169 365 569 589 875 999 1158 1173 
82 88 155 293 674 816 896 1014 1083 1366 1377 
11 218 232 278 308 370 403 486 515 622 857 1245 1411 1434 
7 223 227 288 328 637 1092 1216 1264 1341 
148 299 376 626 643 777 899 999 1079 
76 297 471 664 725 796 1023 1029 1041 1049 1092 1413 
9 31 79 90 201 419 530 612 730 767 962 989 1066 1126 1266 1336 
49 54 126 288 315 319 759 860 862 920 938 1166 1356 1357 1368 1373 1435 
31 72 195 238 260 560 576 590 1228 1413 1447 
430 505 698 909 1049 1300 1309 
104 220 311 330 337 522 671 1024 1054 1426 1441 
81 422 509 853 965 1098 1327 
163 356 631 1176 1206 1397 
65 326 439 681 1073 1245 1400 
166 179 290 293 459 973 1066 1324 1328 1340 
524 824 912 952 1010 1202 1231 1241 1271 1282 1403 1406 
49 58 73 145 343 694 1009 1081 1196 1370 1429 
328 342 379 515 598 908 1016 1042 1179 1202 1246 1314 1319 
211 572 759 815 870 928 996 1048 1049 1139 1188 1205 
73 81 308 313 367 468 613 847 977 1017 
13 24 106 261 292 294 410 455 485 499 693 896 1022 1033 1062 1086 1255 1293 1386 1397 
183 263 312 319 422 466 510 543 648 885 952 1052 1076 1189 1430 
59 69 242 276 297 336 491 584 613 781 1159 1310 1312 
216 247 335 342 620 721 937 1144 
7 301 435 436 540 550 557 691 773 1042 1129 1158 1298 
308 445 636 1062 1106 1388 
34 68 267 542 579 606 834 893 954 987 1007 
22 41 132 239 383 400 434 538 726 813 1009 1051 1340 1344 
11 128 419 492 600 643 794 996 1024 1089 1296 1408 
531 686 741 1018 1085 1184 1226 
78 250 571 666 814 986 997 1032 1048 1059 1439 
82 105 131 145 333 648 743 1036 1091 1121 1148 1414 
155 213 235 255 613 1144 1241 1419 
40 94 314 378 422 510 528 552 738 752 834 1129 1138 1167 1227 1295 1300 1435 
12 297 381 412 423 680 919 1064 1271 1289 
59 248 269 275 400 429 508 512 547 673 701 784 872 1064 1086 1092 1241 
3 161 243 498 685 722 725 727 800 1080 1151 1307 1317 1372 1400 
256 305 320 387 418 563 660 882 892 1030 1132 1137 1270 1405 1431 
58 325 370 795 1240 
99 312 322 395 620 652 742 763 957 1378 
107 228 361 444 496 544 592 609 691 703 819 876 1164 1189 1279 1343 
83 300 302 578 701 723 733 925 1011 1128 1187 1201 1214 1266 1280 1353 1428 
124 244 274 411 511 647 973 1315 1355 
18 47 279 287 412 495 666 669 727 937 1408 
50 206 478 562 1099 1173 1199 
16 122 385 723 904 944 996 1060 1218 1226 1232 
254 589 600 632 634 1143 1161 1162 1339 1353 
57 126 346 381 454 679 865 1136 1178 1230 1271 
55 74 175 245 276 312 353 650 732 798 905 987 989 994 999 1018 1090 1109 1366 
211 475 999 1199 1406 
7 56 143 194 368 441 760 771 826 972 990 1050 1064 1083 1087 1291 
52 96 108 161 209 342 504 570 591 801 949 996 998 1121 1350 1382 
