1463 8549
71 83 273 388 400 460 546 721 792 828 834 905 920 1185 1453 
280 302 318 334 494 643 904 1005 1218 
91 129 784 812 967 973 984 1093 1291 
158 257 300 535 908 1215 1277 1345 
240 317 322 368 593 722 781 892 1016 1064 1249 1289 
90 305 339 357 431 556 667 730 736 818 887 918 1016 1294 1319 
101 345 893 964 1025 1039 1134 1139 1160 1301 1335 1439 
835 837 867 1080 1181 1197 1377 1445 
17 273 307 321 635 678 801 1076 
74 143 356 417 901 968 1021 1123 1124 1302 
106 243 391 398 642 683 765 1030 1228 
48 122 208 216 419 496 499 545 670 708 882 1181 1214 1234 1243 1328 1359 
83 89 132 367 457 492 537 578 1076 1255 
58 313 517 630 817 885 910 952 1034 1193 1263 1458 
847 973 1344 1402 
171 255 324 674 893 988 1055 1155 1212 1233 1302 1383 
9 50 212 429 496 594 634 635 953 
198 333 414 584 611 915 958 1135 1183 1273 1383 
73 156 208 259 304 332 365 461 519 542 612 794 927 928 1279 1316 1350 1421 1441 1445 1451 
69 82 198 209 483 562 590 668 1004 1192 1237 1303 1390 1433 1447 
243 328 333 976 1003 1060 1129 1340 
65 175 256 331 364 607 1168 1172 1235 1238 1246 
82 421 467 638 725 839 911 1233 1322 1329 1398 
90 263 269 482 525 854 1126 1236 1305 1365 
95 208 425 810 820 1005 1229 1364 1392 1444 
100 452 501 586 803 806 902 1047 1406 
346 400 619 693 933 996 1352 1411 
390 423 642 713 978 1112 1338 
33 45 82 233 247 310 343 445 613 620 659 701 787 937 939 1199 1219 1230 1373 
290 321 487 682 1121 1143 1358 1359 
291 367 397 403 470 520 647 923 945 1005 1097 1218 1229 
61 185 259 310 968 1017 1054 1101 1105 1118 1124 1301 
29 71 332 445 450 484 907 1060 1173 
62 326 401 405 464 698 848 985 1113 1194 1232 1277 1312 1428 
180 522 1248 1271 1296 1380 
156 205 298 370 456 540 633 903 904 1117 1149 1373 
281 626 676 826 881 1265 
171 406 500 610 661 682 701 795 882 970 986 1003 1041 1156 1185 1244 1372 1428 
157 258 570 597 602 802 939 951 1032 1180 1322 1390 
105 234 275 290 592 650 684 885 1151 1252 1304 1432 1434 
113 162 201 216 274 376 514 561 728 730 1154 1244 
307 358 755 812 847 934 1068 1152 1204 1272 1326 1335 
125 378 441 586 602 657 702 750 887 949 1147 1281 1320 
333 586 591 755 882 887 913 960 1055 1194 1232 1317 1404 
29 86 118 157 306 364 372 395 643 1011 1017 1234 1287 1407 1408 
129 153 343 491 550 844 854 994 
117 208 330 444 499 532 563 834 1079 1215 
12 225 259 295 386 405 472 537 831 836 911 1017 1189 1378 1405 1435 
146 149 336 387 490 539 556 817 869 884 1069 1175 1333 1430 
17 230 286 614 653 722 804 950 962 1105 1184 1263 
213 270 398 505 585 605 610 640 719 732 810 926 972 993 1053 1119 
177 179 423 533 556 912 938 1071 1158 1168 
197 381 555 1078 1119 1269 1360 1454 
98 434 598 764 799 833 887 1019 1083 1094 1121 1216 1261 1290 1302 1310 1316 1415 
222 248 309 375 385 394 455 574 576 604 734 789 829 1053 1084 1321 1407 
179 193 208 221 237 247 354 440 558 608 611 807 825 875 1155 1351 1387 
236 290 556 595 790 869 896 1070 1077 1266 1337 1348 1366 1386 1405 
14 86 194 397 433 605 705 747 957 961 1179 1285 1431 1445 
85 109 223 418 588 873 944 1026 1068 1207 1278 1284 
150 375 428 517 707 974 1010 1128 1149 
32 124 472 524 541 729 749 834 945 971 1140 
34 134 212 218 234 261 300 408 609 701 778 788 951 1050 1142 1281 1436 
103 281 320 382 425 842 897 955 960 1042 1320 1370 
171 216 284 288 302 444 492 561 717 727 754 806 1000 1065 1161 1250 1286 1356 
22 115 377 444 539 554 618 652 737 757 959 1005 1223 1384 
71 145 222 539 597 670 1184 1329 
114 176 181 211 224 490 537 613 637 698 725 813 886 915 973 1124 1191 1243 1328 1401 1435 
89 253 266 268 516 681 725 870 894 1006 1010 1040 1113 1185 1426 
20 79 285 400 728 770 891 1054 1306 
215 251 391 437 700 719 786 798 800 831 840 913 1028 1071 1276 1377 1422 
1 33 66 278 409 422 580 781 817 1054 
530 570 587 605 802 1037 1060 1078 1088 
19 138 145 151 246 287 362 709 996 1032 1303 
10 88 311 318 446 469 500 586 609 681 718 777 795 838 1013 1045 1153 1245 1320 1406 
491 622 1099 1358 1451 
85 114 214 245 321 327 538 610 659 881 1113 1124 
82 99 106 108 281 321 578 666 730 767 836 1125 1132 1374 1425 
199 208 222 456 512 621 642 680 805 855 1165 1354 1385 1435 
69 150 164 242 288 304 359 493 551 566 609 698 720 806 1061 1062 1205 1251 1264 1463 
252 457 471 733 834 1140 1172 
173 325 466 598 615 682 1046 1178 1255 
20 23 29 77 171 307 982 1151 1310 1421 1427 
1 13 334 379 524 530 538 784 791 901 1036 1041 1117 1269 
140 162 234 337 536 616 893 941 1197 1319 1388 
59 76 137 453 477 617 719 1010 1029 1267 
45 58 131 206 643 712 951 1452 
237 281 294 342 398 436 481 804 813 1039 1069 1071 1282 1435 1436 1448 
74 121 184 269 391 520 590 707 793 812 1007 1326 1347 1448 1463 
13 68 378 482 756 855 1000 1207 1421 1450 
6 24 168 412 465 468 514 701 774 957 958 1027 1179 1181 1188 
3 248 258 275 373 515 621 626 878 1076 1128 1257 
249 306 373 402 446 504 569 598 802 979 1280 1406 
158 254 301 589 614 658 745 937 1006 1076 1184 1277 1419 
209 342 395 681 812 1066 1116 1121 1148 
25 323 417 427 428 587 595 605 622 885 1243 1256 
119 136 165 252 360 550 551 569 826 1120 1129 1211 1332 1351 1414 1458 
299 302 462 589 657 710 825 868 1168 1437 
54 280 374 411 518 664 976 1253 1302 1445 
77 578 617 959 996 1071 1105 1163 1224 1277 1446 
26 235 243 259 350 354 360 421 497 579 605 1370 1380 1391 1418 
7 260 280 385 540 578 584 610 1020 1447 
135 344 385 497 501 507 617 632 1144 1271 1361 1364 1399 
63 221 278 389 622 635 689 775 797 1098 1105 1351 1381 1452 
116 168 369 421 454 756 923 1066 1164 
40 152 219 268 367 569 1275 1323 1432 
11 77 682 894 1084 1086 1231 1367 
232 280 335 472 539 771 872 1010 1097 1212 1227 1387 1441 
77 250 371 402 500 575 753 938 998 1112 
59 229 244 343 554 606 701 828 999 1011 1114 1121 1155 1171 1237 1251 1385 1460 
195 310 489 507 523 615 634 659 668 776 798 920 1027 1296 1356 
204 211 276 304 322 359 425 885 887 943 1222 1434 
171 231 332 388 534 610 690 724 1101 1168 
41 256 291 333 396 522 523 667 767 811 1213 1297 1399 
67 76 125 143 234 337 577 634 803 872 1074 1105 1345 
65 145 1044 1091 1119 1140 1336 1380 1386 
104 143 277 280 281 546 554 750 794 958 1081 1222 1429 1450 
47 185 595 817 885 946 1204 
45 242 691 829 951 1073 1107 1232 
96 124 134 188 298 309 605 832 977 1001 1279 1380 
191 494 501 556 678 690 695 959 985 1167 1199 1354 
88 467 630 636 699 759 804 870 875 1131 1209 1386 
12 133 566 698 891 927 1086 1146 1242 1307 1350 
173 368 750 752 980 997 1174 1324 
61 119 427 891 993 1303 1373 
43 114 387 468 567 614 718 869 1010 1096 1170 1247 1372 
215 254 324 397 481 514 532 641 757 826 830 880 914 927 936 1061 1117 1122 1189 
333 622 825 984 993 1174 1234 1382 
183 186 254 290 339 351 361 439 443 495 554 556 565 642 859 1207 1313 1353 
3 46 494 702 850 855 913 1184 1272 1346 
135 217 294 982 1044 1067 
86 316 998 1050 1058 1110 1362 
13 194 218 521 817 847 997 1061 
122 247 332 345 384 466 620 1073 1135 1179 1242 1257 1262 1352 1429 1433 
62 119 158 484 563 722 859 937 939 1092 1126 1142 1151 1163 1322 1353 1370 1404 
102 130 157 174 277 300 322 433 454 576 849 
96 160 288 397 421 529 550 789 870 1027 1040 1173 1263 1315 1422 
85 213 355 402 414 536 604 756 843 917 1215 1380 1382 1463 
73 227 249 371 547 890 921 986 1007 1017 1030 1056 1073 1096 1125 1294 
231 706 833 1260 1424 
84 252 253 320 497 617 744 762 852 1141 1285 1295 1345 
148 376 377 383 534 601 650 675 702 877 1060 
165 194 196 460 471 505 696 738 933 1090 1128 1140 1143 1234 1357 
10 114 116 220 226 492 539 855 910 936 951 1002 1291 
213 236 312 379 426 463 576 620 699 789 794 944 1213 1247 1401 1451 
66 73 115 256 265 467 885 940 1097 1194 1225 1305 1336 1364 
49 363 421 444 636 667 746 843 
227 430 495 512 854 922 969 1101 1122 1325 1459 
141 168 294 335 581 596 622 740 766 1032 1180 1188 1337 1369 1411 1426 
49 167 219 340 418 473 745 1254 
60 79 214 412 575 756 784 864 977 1140 1237 
73 166 263 338 601 611 615 691 750 845 919 1123 1256 1314 
105 258 687 698 703 742 1187 1247 
46 429 502 771 822 877 931 965 982 1116 1460 
264 378 387 474 663 783 1045 1062 1064 1137 1178 1224 1246 1285 1338 1437 
205 326 381 428 493 579 894 983 988 1092 1203 1283 1411 
19 36 184 216 283 374 485 500 616 1013 1185 1289 1293 1427 
39 45 135 231 235 295 340 449 473 650 847 916 960 1177 1394 
4 93 134 173 235 339 373 450 595 781 904 1010 1396 
228 358 407 482 533 537 564 620 641 711 778 1088 1251 1424 1456 
136 231 287 311 353 430 451 499 639 897 978 1088 1188 1193 1415 
239 465 624 812 829 953 959 962 1041 1185 1325 
41 84 255 298 345 417 638 717 723 742 764 833 1261 
268 347 445 708 755 806 1001 1028 1310 
79 398 809 837 1110 1138 1245 1266 1269 1282 1327 1380 
96 142 201 221 238 266 268 327 432 510 545 688 798 936 1173 1228 1410 
151 438 464 519 520 1021 1025 1101 1119 1265 1365 1375 1378 
149 221 265 297 460 463 587 691 880 944 964 1023 1029 1157 1368 1420 
90 104 148 626 647 882 1122 1237 1350 1394 
235 424 535 544 545 568 600 629 699 743 881 1006 1190 1231 1283 1310 1429 
275 524 575 667 695 903 1110 1186 1190 1242 1435 
16 38 64 82 112 245 339 435 835 931 1046 1147 1228 1266 1321 1368 1395 1397 
222 460 496 810 986 1250 1327 1385 1386 1388 1417 1461 
81 123 158 217 434 438 476 678 721 867 1165 1216 1290 1307 1340 1348 1368 
135 183 286 301 332 350 438 612 652 692 770 900 909 992 1025 1052 1414 
22 260 446 537 620 738 745 969 998 1258 1371 1376 
67 179 223 237 327 421 478 645 726 759 780 858 960 1052 
52 459 655 822 960 1015 1099 1276 1326 1334 
189 457 654 662 728 740 862 877 991 1134 1197 1208 1230 1312 
52 56 176 188 242 350 1154 1250 1278 1295 1438 
35 302 666 829 967 1006 1136 1169 1410 
67 245 256 729 903 1113 1274 1296 
288 432 439 571 662 795 1012 1302 1395 1411 
128 174 194 461 935 1276 1329 1379 
88 156 356 412 680 1109 1189 1207 1309 1320 
32 117 208 267 436 442 499 542 568 807 871 967 968 1117 1338 
128 333 459 629 631 740 794 967 1114 1332 1361 1418 
226 464 501 689 759 828 1010 1020 1045 1052 1103 1144 1158 1221 1397 
119 179 301 327 362 389 439 484 521 617 761 898 971 1403 
178 231 285 430 479 518 519 755 817 978 987 1021 1235 1443 
523 561 944 1048 1437 
120 267 359 435 505 557 684 700 713 879 1046 1062 1449 
426 581 583 771 970 976 1324 
56 223 251 391 488 643 712 778 864 1168 1218 1247 
58 132 142 183 384 430 514 711 928 1080 1086 1202 
110 297 299 306 564 602 655 825 949 1034 1046 1109 1246 1388 
142 325 504 544 571 684 1004 1249 1266 1315 1354 1419 
53 323 738 773 1246 
18 20 238 282 339 533 882 902 1040 1148 1283 1302 1321 1326 1353 1383 
78 214 225 270 499 545 637 677 900 914 1023 1161 
258 495 639 720 755 792 820 827 1068 1127 1282 1324 
41 165 225 366 410 553 566 701 930 1235 1404 
284 436 466 704 837 862 1356 1366 
283 367 373 442 707 741 1080 1096 1148 1167 1217 1287 
111 223 299 395 471 562 725 996 1258 1310 1352 
36 155 370 393 539 586 611 742 764 858 911 1010 1155 1236 1365 1424 
86 229 289 363 435 1126 1324 1372 
327 397 496 501 681 740 768 979 984 992 1129 1151 1261 1368 
12 19 25 47 56 78 185 224 318 602 654 847 1134 1153 1222 1321 
20 94 256 487 526 552 723 867 1009 1109 1114 1185 1205 1282 1363 
294 330 431 505 617 778 1002 1065 1215 1279 1457 
67 111 259 370 684 985 1052 1153 1371 
17 62 230 326 333 443 497 520 574 622 709 971 1100 1113 
51 137 144 481 515 566 761 1095 1234 1239 1287 1305 
76 150 199 309 736 1235 1240 1338 
70 126 250 456 632 1077 1125 1447 1460 
12 41 64 156 996 1045 1106 1185 1264 1433 
130 173 361 374 612 720 726 739 744 890 894 906 1045 1185 1261 1337 
62 132 363 525 890 931 981 1077 1201 1217 1362 1420 
105 149 368 513 706 712 1210 1231 1293 
143 576 644 782 1071 1130 1263 1421 
56 103 165 167 431 516 550 600 694 963 965 1078 1175 1221 1256 
55 66 78 172 238 498 549 828 898 1073 1271 1283 1341 1387 
59 176 193 204 497 552 686 1422 
67 208 285 299 455 459 957 1060 1074 1134 1245 1259 
48 199 201 227 262 427 434 642 751 854 877 1173 1233 1305 
143 187 266 475 733 874 915 1019 1056 1124 1249 1281 1329 
138 147 225 601 622 691 790 903 944 1003 1046 1170 1182 1199 1250 
159 284 469 542 666 710 879 999 1193 1347 1403 
109 206 321 396 614 841 1033 1125 
50 212 251 430 609 634 691 1134 1324 
112 139 157 160 189 263 337 471 625 713 958 973 1076 1296 
107 291 433 651 829 1117 1313 
29 254 370 384 566 676 949 1076 1109 
40 62 84 114 378 459 562 702 703 1069 1144 1221 1231 1276 
100 157 158 169 243 389 460 849 853 859 985 1389 1420 1455 
57 144 326 472 571 594 724 731 803 971 1296 1413 
56 87 176 559 710 785 1149 1292 1344 1429 
165 198 222 296 306 538 580 601 633 726 1029 1162 1290 1318 
161 312 319 572 665 803 878 1117 1308 
5 255 343 506 535 911 1365 1442 
693 732 1031 1042 1138 1175 1255 1342 1426 
79 118 179 326 993 1157 1260 1320 1411 
11 21 100 235 456 819 1114 1191 1194 1347 1434 
109 300 336 341 369 539 567 647 739 770 1050 1181 1287 1402 
76 171 181 620 801 943 1119 1201 1284 
73 367 458 983 1167 1298 1355 1393 1432 
29 56 133 506 640 663 734 779 1252 1381 
55 91 311 335 448 586 763 894 1177 1260 1304 1360 
92 138 298 309 423 637 651 736 949 977 982 1120 1249 1276 1286 1438 1455 
108 215 408 798 848 935 960 972 1025 1035 1042 1100 1236 1358 1404 
70 193 230 289 323 385 479 593 1014 1357 1370 1405 
80 96 140 266 267 702 725 785 1004 1073 1389 1419 
68 140 415 620 860 912 1050 1138 1139 1153 1306 
93 126 128 233 435 466 500 703 738 932 954 1062 1166 1195 
16 162 240 661 872 1334 1410 1418 1433 
22 113 145 181 209 415 767 1032 1067 1076 1141 1189 1387 1401 
4 296 407 429 699 741 806 1027 1036 1055 1131 1195 1296 1362 1375 1379 
39 91 152 200 360 418 582 591 887 1090 1134 
19 32 48 100 211 428 439 453 487 491 495 570 655 664 876 940 1052 1388 1422 1454 
101 175 359 663 666 1403 
62 288 616 719 956 1166 1200 1369 
225 425 438 470 535 605 650 697 759 815 1172 1394 
24 151 231 289 627 683 736 773 778 867 1048 1257 1318 
154 626 644 660 693 710 737 746 763 832 869 927 1327 1332 1355 
145 167 336 455 585 946 996 1071 1213 1250 1259 1442 
68 165 226 252 326 460 797 955 1038 1157 1301 
185 191 252 277 316 390 991 1079 1185 1399 1422 
68 105 163 165 315 374 628 701 760 816 845 1004 1028 1203 1340 1357 1372 1446 
24 88 283 335 361 412 468 595 675 709 798 800 857 934 982 1046 1154 1178 
51 199 483 488 530 910 1013 1440 
281 302 378 444 452 541 612 620 677 768 784 825 857 905 960 1462 
323 493 629 678 719 854 1024 1092 
1 9 752 879 1255 1348 
41 388 431 613 723 940 1088 1121 1185 1210 1260 1266 1287 
40 91 170 373 459 691 783 785 890 1177 1232 1255 1326 
111 437 450 513 575 615 642 735 944 963 1023 1178 
116 135 267 345 381 398 435 497 578 582 854 969 1221 
71 103 327 585 597 778 799 932 994 1026 1035 1044 1051 1123 1189 1263 1316 
292 344 642 699 781 793 916 957 1068 1450 
2 98 101 107 116 442 471 487 528 552 654 655 668 790 1052 1147 1197 1232 1347 
37 63 77 87 116 271 318 333 449 794 828 1066 1099 1169 1227 1334 1434 1442 
198 324 700 901 1403 1430 
156 203 269 586 739 776 788 946 999 1136 1275 
64 202 228 413 705 774 797 883 939 982 1052 1228 1451 
69 189 224 496 591 622 883 1364 
50 174 627 632 637 664 711 756 860 873 977 1406 
73 160 642 725 747 1057 1134 1285 1421 
64 79 136 182 261 461 497 585 1162 1351 1366 1370 
206 251 263 360 396 406 490 512 665 917 985 1090 1157 
30 40 57 128 338 383 757 794 931 961 1133 1161 
31 113 232 645 772 773 848 989 1182 1270 1404 1459 
279 527 973 1019 1075 1230 1304 1385 1393 
351 472 838 856 916 919 971 996 1190 1207 1310 
87 130 148 210 393 835 911 1102 1126 1247 1288 1350 1421 
48 157 301 351 359 463 505 507 573 658 664 687 785 931 1043 1083 1271 1402 
238 257 318 346 369 607 848 1241 1253 1420 
167 195 346 484 521 676 855 1191 1232 1283 1373 
36 119 162 249 306 516 857 944 1151 
97 195 204 224 386 544 584 718 1089 1380 1406 
4 62 135 244 537 541 1236 1318 1330 1453 
93 174 188 295 353 438 914 920 943 1420 
2 64 97 180 271 372 782 1121 1460 
306 493 642 721 1033 1072 1463 
19 79 111 311 343 453 559 1080 1085 1130 1194 1307 1339 1381 1441 
6 484 510 707 1122 1268 
45 92 195 238 298 303 408 489 874 886 903 1179 1189 1339 1404 1434 
9 42 82 479 499 637 779 1103 
413 553 1111 1243 1281 1355 1380 
55 119 214 249 336 754 793 1008 1182 
29 32 110 633 679 815 825 853 882 911 1069 1209 1218 1224 1243 1304 1448 
74 160 248 304 511 594 863 1020 1201 1313 1442 
144 239 448 463 479 554 689 875 917 1106 1125 
14 458 551 660 729 833 840 1180 1354 1428 
381 386 582 784 900 974 1162 1265 1361 
268 326 503 590 934 955 1097 1159 1189 1222 1387 
131 267 468 803 921 1102 1412 
5 380 687 709 776 808 873 895 1104 1256 1349 
2 74 208 281 296 424 452 596 624 1010 1030 1082 1101 1271 1272 1287 
239 419 1003 1141 1144 
63 140 694 782 835 1060 1250 1418 
9 30 76 77 229 327 482 527 583 835 1146 1301 1316 1366 1434 1452 
5 111 135 348 360 546 1035 1113 1287 1374 
95 197 251 272 438 496 607 801 879 960 1149 1219 1352 
16 126 282 689 757 760 1064 1129 1159 1179 1258 1300 1334 1370 
81 196 345 404 506 746 784 834 918 937 966 981 1019 1190 1192 1372 1406 
34 155 212 236 242 266 315 335 467 516 612 686 687 742 869 
76 165 176 188 207 278 321 357 366 385 544 842 1097 1210 1252 1309 1350 1360 
21 421 450 470 1028 1379 
599 606 679 822 832 859 944 949 1016 1107 1144 1198 1289 
47 210 344 403 509 575 621 871 890 905 939 1087 1294 1371 1432 
22 352 685 714 769 896 958 979 1004 1039 1069 1118 1329 1341 
19 33 112 133 174 421 494 683 698 730 755 920 1220 1231 1414 1421 
18 21 44 113 127 186 212 281 407 547 782 848 944 1056 1173 1233 1333 1347 
2 83 546 619 642 712 871 946 1099 1151 1374 1380 
107 148 248 269 326 336 421 534 652 727 740 940 1116 1202 1314 1423 
49 244 265 309 335 562 594 615 774 972 1039 1087 1246 1325 1366 1369 1382 1444 
84 114 231 462 644 687 849 896 
151 290 417 521 668 775 802 828 851 1084 1137 1239 1411 
6 128 158 171 198 372 410 456 652 667 819 900 1156 
149 157 465 474 503 641 704 757 982 1152 1325 1438 
244 679 764 893 1151 1184 1230 1338 1378 
87 94 558 568 630 821 949 
29 46 109 240 304 453 702 725 740 890 963 1189 1219 1444 
102 279 330 442 707 793 927 993 1072 1075 1151 1409 1424 
7 133 162 277 325 467 471 627 664 736 836 1049 1352 
27 296 297 547 625 708 758 799 965 1140 1168 
163 464 602 657 906 988 1110 1116 1266 1306 1413 1457 
322 380 774 779 963 1033 1113 1212 1284 1455 
369 686 707 912 947 969 1053 1119 1139 
100 174 179 359 848 861 1101 1222 1299 1369 
128 293 295 482 754 864 1085 1117 1207 1326 1415 
331 409 467 587 621 639 686 724 987 991 
160 301 486 651 743 807 808 878 1028 1098 1342 
56 100 634 715 825 845 919 989 1035 1255 1369 1407 1440 
137 396 624 729 934 991 1025 1269 1433 
10 184 440 724 872 893 894 963 968 1007 1021 1196 1237 1282 
6 327 904 1002 1055 1083 1446 
42 159 467 566 703 901 922 1133 1240 1365 1428 
79 111 191 260 295 350 372 752 942 1016 1023 1025 1294 1448 
96 100 258 289 322 748 817 829 898 1144 1379 1418 1444 
128 217 269 449 542 554 742 805 1139 1159 1183 1256 1382 1407 1420 1449 
73 188 489 626 802 807 994 1011 1079 1132 1149 1410 1413 
146 206 218 621 734 760 845 1067 1071 1433 
22 45 406 448 455 460 702 924 980 982 1113 1190 1301 1392 1451 
19 415 594 638 880 961 982 1243 1266 1406 1461 1462 
201 327 388 502 726 741 1115 1170 1350 1381 
13 31 105 203 246 508 569 635 653 657 1192 1240 1283 1415 1446 
5 123 219 565 572 626 784 929 944 1127 1135 1196 1261 1269 1309 1415 1430 
104 244 296 349 415 488 559 1098 1108 1109 1156 1193 1196 
36 205 211 233 429 461 553 577 601 665 942 991 1018 1078 1363 
108 138 572 604 620 651 737 809 831 950 1011 1074 1210 1218 1224 1241 
45 302 339 359 479 493 612 701 715 752 891 924 947 1020 1074 
91 92 158 203 275 415 493 683 820 1072 1130 1184 1246 1409 1425 
98 156 217 268 393 531 640 641 647 665 754 787 821 891 1016 
55 60 456 636 774 849 885 931 960 1032 1190 1215 1262 1282 1399 
41 141 671 757 832 888 1049 1154 1200 1291 1394 1442 
65 141 423 691 706 944 1068 1122 1242 1460 
43 89 154 234 271 488 712 768 799 1038 1279 1299 1329 1370 
83 144 446 650 772 807 1049 1343 1387 1425 
317 348 406 752 1132 1138 1170 1206 1305 
53 155 277 314 496 519 921 998 1092 1280 1283 1346 1450 
63 407 548 593 639 934 1004 1080 1174 1197 1305 1381 1444 
141 290 593 703 816 1111 1114 1148 1182 1274 
133 194 233 412 430 443 520 697 713 935 1000 
55 101 102 251 327 543 606 656 769 779 909 1014 1065 
48 299 314 399 440 495 504 621 733 748 836 930 1070 1097 1377 
49 125 154 425 670 781 811 886 949 957 1064 1126 1148 1230 1241 1299 1438 
1 112 274 366 451 709 738 742 754 768 1417 
103 188 235 492 985 1100 1327 1349 1410 1429 
28 267 399 543 575 688 727 745 962 1336 1427 
11 70 88 193 463 469 549 624 687 833 891 913 925 1106 1265 1364 1446 
403 540 575 851 955 988 1378 
205 294 374 526 531 573 737 775 805 819 870 889 987 1080 1397 
55 715 769 800 1403 1425 
45 94 204 676 687 939 1044 1181 1298 1341 
113 229 289 355 516 545 736 873 1011 1098 1149 1155 1162 1327 1350 
31 58 126 136 207 659 735 812 813 840 951 991 1062 1454 
11 51 87 164 277 768 1273 1275 
386 390 428 435 673 864 1008 1026 1124 1159 1378 1458 
1 27 69 464 686 956 997 1085 1148 1222 
34 460 1032 1038 1376 
92 108 137 632 699 820 902 1004 1122 1253 1323 1420 
31 330 392 422 767 812 886 941 1055 1234 1237 1284 1444 
325 426 546 749 853 962 1048 1182 1271 1373 1442 
34 48 556 608 892 894 1066 1212 1374 
38 289 364 380 429 
159 257 333 382 425 463 476 509 715 768 824 1059 1454 
62 250 306 474 995 1151 1156 1180 1325 1343 1355 1443 
71 352 481 772 792 930 1011 1251 1256 1346 1429 
201 339 862 945 1026 1195 1260 1356 1357 1404 
98 508 550 596 732 788 1143 1363 1376 1377 
90 150 184 269 384 482 861 1001 1225 1267 1339 1393 
284 308 613 679 949 1007 1039 1051 1204 
18 137 484 611 940 1013 1403 1415 
253 256 365 369 373 469 526 623 728 739 1055 1090 1316 
457 465 590 601 633 703 897 977 1078 1269 1271 1310 1403 1429 
10 95 162 338 430 435 470 635 812 936 1010 1045 
59 149 258 467 1115 1153 1412 1454 
12 319 428 476 497 504 958 1028 1046 1107 1196 1217 1460 
829 1004 1155 1288 1300 1441 
23 100 104 136 146 176 328 332 335 586 587 611 910 1040 1042 1397 
71 403 467 572 756 757 908 921 1368 
28 52 249 377 568 971 994 1045 1077 1119 1343 1376 1390 1430 
169 318 517 702 752 983 1067 1233 1391 1412 
25 63 111 262 387 407 527 631 662 749 801 933 1068 1243 
144 192 404 457 459 473 523 766 878 1052 1288 1301 1338 
95 124 225 571 588 673 1036 1331 
60 95 155 259 399 419 430 431 773 784 824 880 1105 1121 1149 1402 1435 
17 153 257 370 406 453 543 709 712 1357 1407 
147 160 189 194 230 384 417 428 638 649 870 917 951 1319 
6 210 221 274 428 525 576 641 826 827 880 998 1181 
165 182 625 760 836 838 923 1069 1267 1394 
58 135 232 460 544 552 671 913 950 966 1093 1121 1143 1310 
54 173 225 698 901 977 1002 1116 1185 1293 1368 
171 191 206 254 277 399 417 457 498 589 651 711 881 1004 1213 1251 1320 1401 
87 185 202 888 1018 1118 1144 1169 1219 1246 1261 
70 276 966 1027 1037 1055 1134 1258 
166 173 174 262 301 323 905 937 1006 1073 1176 
128 182 188 259 583 614 969 1195 1326 1336 
56 356 386 581 705 742 758 1086 1092 1169 1208 1319 1376 1411 1449 
43 503 893 1165 1208 1211 1348 1447 
185 203 280 344 563 748 761 766 857 1002 1151 1375 1390 
128 212 384 578 616 891 995 1036 1175 1375 
47 64 65 146 271 582 585 796 812 918 1144 1231 1303 1309 1407 
29 33 163 809 840 855 1073 1102 1228 
74 92 175 379 508 605 620 622 1057 1200 
456 496 625 830 846 976 1024 1311 1394 1438 
248 312 364 480 536 778 810 1007 1074 1216 1299 1318 1444 1453 
157 281 361 549 571 578 655 864 1074 1192 1334 1344 
33 158 276 328 452 553 565 576 1259 1318 
160 388 760 769 1133 1318 
26 271 318 450 496 634 803 971 1061 1084 1216 
85 259 304 343 429 582 584 665 716 719 902 1170 1438 
104 135 937 
55 224 265 364 636 645 673 962 1020 1023 1046 1081 1141 1233 1262 1265 1343 
36 78 215 243 339 375 447 532 874 1121 1235 1242 1285 1287 
13 80 178 416 426 435 813 830 928 1016 1226 1235 1283 1384 
246 313 547 593 671 716 740 915 916 1141 1190 1232 1338 1357 
177 186 224 234 275 426 469 654 689 767 1160 1247 1381 1441 
1 142 167 172 235 266 364 401 433 594 715 832 1007 1233 1251 1421 
19 183 288 370 592 673 881 893 1001 1103 1158 1242 
97 337 637 1028 1317 1438 1452 
144 167 295 312 391 407 532 603 1302 1340 
34 166 187 347 400 576 678 758 1039 1298 1333 1354 1445 
90 161 340 416 506 509 628 671 758 866 944 975 995 1112 1156 1263 1293 
81 133 202 254 687 785 893 
23 121 145 326 345 352 358 418 422 546 624 750 760 892 983 985 1249 1301 
90 125 269 316 563 836 1151 1289 
74 228 391 415 459 516 675 908 957 1179 1240 1351 
31 262 328 417 485 495 741 805 897 974 1246 1256 1308 1453 
80 142 204 231 280 345 643 858 907 990 1106 1125 1132 1244 1270 1277 1342 1348 1376 1380 
48 61 107 236 293 586 705 1024 1283 
149 157 426 584 761 773 1107 1159 1298 1345 1371 1383 1401 
154 340 408 493 1080 1096 1289 1405 1414 1417 
226 577 727 741 792 840 928 990 1144 1462 
173 407 419 848 932 1124 1142 1359 
85 618 626 637 894 1008 1044 1074 1221 1239 1272 1433 
176 599 631 782 858 882 976 977 1107 1122 
189 251 307 312 372 719 721 823 1217 1463 
448 849 990 1008 1171 1209 1219 1280 1309 1315 1320 1397 
87 126 213 409 518 553 686 831 995 1042 1080 1186 1331 
24 89 159 321 351 412 558 584 846 1109 
20 270 854 944 1070 1222 1253 1285 
33 134 188 297 305 414 580 671 690 789 938 994 1035 1177 1389 
156 470 534 794 840 1004 1017 1066 
353 777 949 1118 1146 1152 1172 1285 
30 209 259 280 1087 1279 
193 270 369 378 760 999 1125 1270 1296 1350 1356 1401 1416 1455 
110 306 362 500 562 1120 
49 67 289 523 739 1042 1228 1293 
46 75 259 510 893 1314 1430 
13 64 143 389 540 775 1240 1255 1459 
79 155 272 303 372 373 474 577 599 656 685 688 845 1000 1009 1242 
2 120 129 332 570 571 686 746 975 1105 1377 1412 1451 
128 147 200 259 386 470 510 687 797 932 1136 1196 1253 1301 
12 17 172 207 285 323 381 447 452 606 618 701 827 833 903 1053 1237 1238 
100 102 140 212 223 277 288 419 557 713 912 930 1441 
222 435 535 545 605 677 710 805 830 1251 1305 
12 47 160 185 199 307 694 849 932 1085 1243 
38 74 108 156 254 489 574 688 879 903 916 933 1080 1441 1446 
26 102 120 187 207 600 644 692 728 862 904 906 925 1031 1130 1189 1334 1365 1419 
153 366 538 547 676 797 890 958 994 1168 1218 1358 
315 340 441 734 818 844 1108 1129 1136 1271 1292 1370 
92 196 386 419 711 1116 1123 1376 1390 
51 142 191 210 295 574 633 734 746 887 1037 1196 1238 
240 247 325 465 695 719 730 834 906 1230 1268 1352 1452 
102 110 295 667 746 749 898 1081 1300 1337 
367 411 446 526 564 702 1087 1188 1301 1327 1344 1349 1424 
330 407 465 664 913 1002 1063 1267 
165 305 491 495 529 708 762 833 
311 598 666 676 885 935 1024 1033 1215 1275 1341 1350 
78 147 289 539 639 725 733 742 745 926 933 1143 1299 
219 276 544 629 850 954 1078 1123 1178 1256 
41 90 126 194 551 816 1201 1287 1306 1375 
91 213 552 564 637 1042 1177 1265 1419 1431 
68 221 298 326 396 469 785 978 1101 1162 1284 1389 1400 1407 1418 1454 
14 60 424 764 774 792 885 1024 1072 1289 1332 1391 
98 189 481 574 610 629 885 947 1069 
19 166 189 381 790 1183 1191 1231 1277 1435 
31 88 166 212 384 547 586 636 679 696 837 871 918 920 921 941 1009 1125 1405 1412 
132 188 297 338 601 627 730 910 958 1176 1377 1452 
35 113 648 837 915 1095 1216 1376 
110 113 190 426 490 581 602 609 744 753 759 882 1073 1405 
61 83 170 740 861 869 908 1014 1030 1138 1199 1246 1328 1372 1419 
24 218 431 538 647 1004 1044 1099 1203 1374 
209 393 415 508 559 592 656 671 676 1078 1146 
292 321 425 557 613 750 931 960 989 1075 1220 1414 1452 
280 536 567 621 793 1037 1309 
136 510 553 554 636 723 725 903 907 997 1032 1039 1100 1222 
72 83 270 540 581 683 686 690 905 965 1055 1115 1281 1288 1396 
374 393 579 739 949 1072 1246 1334 
47 126 456 463 667 771 872 949 963 1097 1268 
52 159 198 569 658 682 991 1012 1137 1319 
112 141 335 485 794 912 1177 
4 169 240 262 498 569 1199 1218 1253 1282 1423 
84 137 448 528 622 713 762 764 770 847 1235 
13 48 67 159 175 300 538 547 1166 1209 1239 1288 
76 83 238 502 525 537 581 776 943 1070 1086 1093 1147 1153 1158 1164 1261 1314 
49 65 66 107 143 205 244 512 691 743 877 900 1110 1452 
36 101 392 492 530 836 875 1241 1361 1446 1457 
61 271 300 596 918 959 1238 1248 1289 1292 
19 185 228 361 813 831 865 904 1045 1082 1250 1397 
385 390 429 801 1060 1184 1334 
169 196 299 327 433 513 1068 1183 1237 1321 1419 
12 165 169 199 396 498 560 622 737 749 823 859 934 1285 1391 
1 116 322 334 404 467 607 685 802 1030 1048 1076 1321 1445 
138 333 346 458 502 520 537 948 962 999 1197 1227 1412 
382 630 903 929 1095 1454 
222 391 449 564 606 979 1025 1046 
46 96 136 221 411 577 985 1149 1155 1326 
79 96 313 514 681 1083 1222 1340 1398 
209 223 280 433 515 742 766 844 1196 
201 308 370 450 481 529 760 1129 1241 
65 109 116 128 312 361 529 622 719 783 795 1316 
53 656 817 830 910 1006 1029 1383 
6 49 52 57 120 128 405 927 994 1332 1356 1397 1452 
191 497 527 730 748 756 838 883 909 912 928 1195 1232 
56 342 482 699 886 1136 1444 1446 
237 304 369 526 946 1066 1077 1090 1290 1423 
545 821 1021 1166 1199 
41 64 190 618 683 941 
20 204 234 336 489 622 698 1223 1230 1256 1284 1437 1461 
47 134 442 468 690 960 1040 1072 1284 
159 195 508 515 549 593 667 798 882 1087 1141 1393 
128 368 450 784 876 1077 1263 
79 122 201 213 233 358 639 1016 1165 1236 1254 1281 1368 1387 1392 1435 
125 244 528 808 827 923 1105 1113 1234 1367 1405 
169 185 342 423 593 662 703 707 765 779 1183 1354 1442 
92 96 105 367 533 535 627 631 684 709 878 1228 1293 1388 1428 
39 72 259 494 697 702 1061 1073 1132 1181 1200 1390 1418 1420 
182 196 236 427 449 494 627 718 721 783 863 982 1094 1154 1162 1311 
239 368 371 422 709 748 786 793 821 840 870 878 919 971 1040 1061 1077 1367 1379 1428 1435 
295 393 695 773 795 986 1103 1137 1171 1350 
55 212 500 505 518 700 1053 1106 1350 1366 
108 150 170 276 330 390 392 592 642 927 983 991 1007 1076 1091 1392 
55 135 144 220 431 450 464 688 1064 1275 1400 1462 
114 370 475 493 550 627 699 757 860 1064 1225 1359 
13 77 99 101 277 443 449 714 784 894 938 1065 
100 155 531 747 1108 1240 
71 238 484 593 756 860 942 1073 1132 1351 1410 
148 192 440 523 530 538 632 702 791 840 1140 1209 1263 1399 
258 277 314 444 453 799 890 1034 1064 1130 1323 
192 321 439 689 740 802 925 1058 1061 1135 1320 1383 1399 
18 101 299 453 473 482 612 659 817 960 1083 1181 
51 265 278 288 444 657 662 701 704 774 865 999 1119 1279 1366 
26 43 44 74 205 248 283 421 472 520 921 924 975 1276 1416 
72 95 167 352 421 669 959 973 1101 1139 1438 
59 427 844 1049 1073 1237 1365 1414 
93 97 435 631 739 1096 1172 1263 1343 1461 
20 88 315 416 699 804 1010 1144 1261 1265 1281 1455 
44 258 285 650 674 675 742 760 817 969 1267 1439 
40 461 526 575 861 864 1032 1123 1201 1240 
5 251 382 383 458 564 568 580 646 844 970 1077 1160 1216 1247 1459 
17 236 311 336 365 460 668 710 1114 1219 1224 1377 
57 95 117 158 269 1211 1242 1268 
148 318 411 541 671 687 691 752 1001 1100 1122 1277 1295 1339 
39 66 278 674 772 992 1095 1127 1131 1244 
54 81 92 511 1231 
329 478 493 911 988 1182 1183 1232 1299 1333 1344 1415 
169 221 501 866 903 1069 1092 1106 1280 
141 151 227 238 370 416 521 807 995 1115 1158 1339 1404 
39 43 195 208 347 523 620 925 941 946 1020 1023 1439 
463 693 845 964 977 998 1398 1422 
55 137 371 699 820 948 1068 1308 1447 
51 58 72 95 100 119 262 446 498 1298 1370 
109 329 385 496 549 675 962 1101 1114 1148 1203 1298 
22 296 323 546 1250 1461 
56 405 652 1034 1102 1179 1258 
62 74 79 230 523 713 763 908 1055 1135 1389 
38 51 76 101 112 518 1227 1242 1400 1433 
18 56 151 205 414 421 719 878 1035 1118 1167 1426 
19 174 217 271 326 372 584 679 720 727 1161 
29 67 274 413 527 666 718 898 903 935 1026 1086 1117 1121 1222 
50 93 125 229 439 620 699 719 749 992 1135 1402 
81 110 151 276 336 800 872 1214 1369 1408 1420 
84 156 261 443 728 1019 1267 1280 1409 1457 
85 99 102 140 188 210 653 834 1095 1172 1196 1277 1336 
65 477 496 561 645 951 1039 1391 
27 334 640 746 761 840 1132 1316 1398 1405 
29 133 144 159 175 245 253 271 371 446 602 614 789 958 1004 1082 1113 1316 1440 
78 91 330 352 363 386 528 774 1068 1217 1311 1347 
75 95 103 127 148 212 227 285 446 536 545 554 562 680 847 919 1153 1175 1292 1330 1343 1386 1410 1435 
415 691 876 987 1249 1282 1459 
161 318 355 391 467 628 686 930 945 1093 1150 1200 1387 
231 346 432 447 726 1014 1245 
37 91 168 264 362 368 477 636 721 764 997 1095 1184 
263 286 345 521 569 571 577 726 791 878 1160 1234 1387 1430 
268 465 624 701 974 1056 1126 1322 1446 
169 186 272 513 518 631 674 858 1281 
14 121 342 548 673 1019 1026 
186 425 478 569 589 629 684 705 892 1185 1233 1248 
102 215 286 402 581 1039 1095 1171 1242 1338 1357 1384 1422 
36 238 310 416 505 719 932 1076 1088 1203 1254 1341 
17 110 114 230 354 452 638 685 959 1131 1149 1226 1323 1407 
9 17 103 367 417 662 668 793 841 1031 
121 146 375 455 520 529 626 637 733 870 909 995 1103 1312 1360 1367 
67 199 249 286 307 462 477 515 636 755 913 972 1180 
23 162 365 430 634 988 1086 1101 1106 1220 1390 1406 1456 
160 200 352 382 512 566 775 1091 1173 1258 1323 1325 1349 1418 1460 
51 247 374 619 831 982 1150 1214 1387 1393 
126 159 340 374 431 665 719 886 1010 1037 1039 1204 1211 1257 
11 28 78 128 225 276 279 287 303 334 575 743 890 1248 1337 1367 
2 45 86 193 471 872 949 1022 1339 1350 
220 264 337 501 653 825 883 1072 1364 
176 291 455 618 956 1217 
593 667 676 782 790 809 929 931 1011 1093 1307 1364 
31 168 244 374 525 703 805 808 828 905 971 1189 
522 731 765 837 917 1065 1251 1328 1419 
430 710 822 1013 1126 1175 1215 1238 1260 1274 
40 141 157 262 379 591 716 933 1054 1066 1274 1414 
232 249 353 371 435 655 711 1312 
65 174 335 339 608 778 1126 1129 1177 1413 1428 1459 
50 367 617 644 734 783 960 1021 1320 
178 208 280 459 732 763 765 791 890 912 1259 1451 1454 
177 195 259 280 449 651 1166 1266 
385 493 526 555 953 1026 1082 1154 1199 1422 
43 97 347 367 585 921 929 1014 1043 1294 
93 295 533 883 931 987 1450 
29 76 110 397 584 689 761 815 822 
264 313 662 880 976 1250 1361 
38 255 841 896 1182 1268 1301 1345 1459 
178 182 425 568 585 635 660 713 800 826 1004 1069 1297 1389 1462 
154 247 260 783 913 964 1096 1258 1410 
98 259 286 295 345 509 1053 1133 1338 1351 
239 289 370 374 453 641 695 702 1005 1041 1080 1131 1324 1352 
77 180 228 260 511 613 760 868 881 1007 1216 1333 
6 113 146 170 339 507 532 564 646 930 1004 1098 1136 1368 1391 1425 
20 110 280 338 594 635 828 947 999 1009 1023 1037 1082 1203 1422 
587 753 797 836 866 
12 66 387 1254 1305 1306 
376 433 458 465 484 526 596 1004 1058 1129 1267 1374 1395 
744 823 885 1012 1085 1145 1266 1459 
399 427 455 461 630 1080 1198 1249 1342 
16 591 597 629 791 883 950 1110 1130 1164 1260 1325 1342 1404 1413 1426 
141 269 469 591 606 987 1018 1021 1051 1133 1321 1324 1389 
37 233 297 395 502 511 526 646 1027 1155 1176 1352 1412 
199 271 498 746 798 1160 1180 1210 1316 1419 1452 1456 
9 120 173 272 464 863 883 1205 1267 1281 1334 
310 329 341 413 520 612 690 864 1395 
78 184 622 796 947 1031 1113 1135 1360 1392 1445 
68 74 94 207 551 752 764 847 1226 1241 
30 38 81 106 533 887 966 1044 1088 1288 1426 
11 263 332 373 530 561 865 1078 1183 1360 
40 191 196 211 569 631 749 1073 1074 1133 1202 
331 493 546 634 740 1107 1228 1373 1375 
223 326 349 352 400 481 494 530 624 850 963 1080 1122 1169 1305 
152 295 317 326 337 391 395 466 495 596 808 957 1347 1350 
165 390 493 500 576 720 897 1265 1270 1316 1409 
103 187 312 324 459 583 659 822 857 899 960 1112 1132 1343 
112 120 484 530 563 679 833 920 1414 
118 151 167 227 230 275 377 539 596 623 834 851 931 1102 1103 1179 1257 1278 1321 
174 501 703 871 960 982 1065 1086 1329 
27 241 264 603 891 905 1094 1455 
221 320 499 782 835 846 1160 1300 
120 170 506 573 665 709 728 762 876 886 963 991 1238 1248 1281 1344 
142 520 705 727 1095 1112 1293 
262 384 570 699 824 981 997 1109 
34 67 79 122 152 332 434 562 855 874 921 999 1029 1071 1256 
121 144 169 257 279 402 558 577 590 604 614 697 778 871 882 924 1038 1453 
70 191 282 574 1055 1104 1121 
29 38 62 90 109 201 268 372 496 585 628 829 909 1045 1195 1235 1321 
43 129 141 234 252 343 364 424 508 570 581 665 794 934 1227 1458 
152 234 254 358 383 416 568 647 692 708 852 903 1025 1055 1172 1332 
202 340 585 798 1074 1187 1223 1339 1362 
58 284 440 472 631 696 912 940 1024 1187 1246 1304 1354 1450 
139 219 377 714 764 937 1005 1042 1224 1240 1241 
60 88 203 305 344 349 568 863 1129 1169 1213 1257 1329 
12 163 346 510 703 1127 1213 1280 1461 
73 212 269 317 388 429 569 572 695 723 823 838 1342 
97 228 237 264 498 594 649 804 813 1060 1297 1318 1363 
159 194 286 435 504 651 850 992 1176 1178 1344 1451 
86 193 219 334 378 429 728 753 803 827 1061 1105 1203 1319 1404 
28 191 231 384 497 536 609 662 832 917 1007 1160 
331 578 706 1183 1419 
354 372 394 407 460 1164 1186 1305 1438 
453 458 650 985 1026 1041 1083 1459 
64 162 914 979 1053 1066 
74 125 299 571 613 771 1034 1051 1267 
51 70 85 261 272 453 479 506 554 611 614 633 641 739 908 912 
79 200 217 612 688 751 756 806 1045 1184 1217 1379 
1 173 303 479 571 626 1404 
5 50 134 776 1021 1140 1270 1298 1396 
162 209 274 529 709 728 740 975 1023 1073 1123 
112 236 352 356 742 882 915 923 967 1141 1179 
23 67 68 204 252 287 343 512 529 977 1013 1053 1099 1326 
176 217 238 366 625 627 1086 1120 1333 1389 1406 
64 335 390 475 612 696 871 1089 1154 1220 1419 1443 
41 69 178 415 501 616 695 712 723 815 983 1025 1051 1280 1415 
61 181 313 355 753 776 825 997 1074 1134 1148 1362 1429 
6 41 77 332 506 521 557 781 909 1065 1204 1212 1303 1411 
236 648 798 851 1040 
51 241 411 654 748 1073 1083 1150 1151 1353 
80 226 386 512 636 869 1071 1097 1237 
55 247 363 503 505 653 764 1011 1047 1073 1086 1199 1211 1456 1461 
276 397 781 824 1114 1207 1414 1452 1453 
6 214 249 263 345 396 915 937 975 1090 1124 1300 1364 1453 1462 
65 264 371 393 545 782 900 1058 1088 1371 1444 
142 175 197 254 388 885 955 1036 1085 1129 1143 1203 1376 1400 
217 244 283 415 490 531 589 719 852 1005 1150 1184 1439 
148 178 186 207 335 343 458 524 583 685 723 777 820 918 1091 
203 257 366 470 475 784 1028 1085 1089 1092 1210 1225 1233 1332 1394 
152 162 205 326 361 388 440 512 552 591 724 764 784 850 1063 1091 1221 1354 
169 353 539 642 795 923 1123 1192 1357 
140 217 523 672 882 1003 1033 1076 1139 1298 1359 1377 1402 
93 149 175 390 512 923 968 1105 1187 1202 1236 1317 1427 
146 264 325 494 505 507 619 677 953 1108 1397 
58 287 579 941 1047 1098 1146 1296 1307 
360 386 442 557 572 732 827 1186 
61 404 425 507 545 614 684 901 1049 1166 1233 1387 
43 116 123 151 467 527 762 828 1046 1161 1229 1267 
225 720 852 982 1061 1069 1111 1424 
123 273 359 372 380 424 596 681 805 847 1012 1031 1386 
108 523 669 712 729 1050 1115 1123 1173 1234 1308 1425 
64 309 351 374 388 1125 1179 1229 1403 1411 1434 
42 44 163 189 200 332 637 1221 1283 
89 104 137 150 286 422 557 580 720 783 810 876 938 1045 1234 1264 1273 1416 
65 126 290 324 340 376 422 577 840 959 1026 1070 1071 1097 1123 1174 
346 440 464 465 1372 
121 176 187 262 523 1084 1262 1458 
268 324 363 432 451 467 488 553 591 666 845 848 937 1107 1190 1225 1443 
188 213 442 473 619 659 1058 1167 1229 1257 1372 
140 510 536 695 750 784 921 1086 1120 1153 1198 1441 
248 264 609 654 837 868 955 1046 1345 1418 1444 
54 162 205 341 517 536 626 681 706 734 742 1023 1206 1435 
11 568 648 654 797 917 1013 1041 1390 1459 
148 426 442 552 823 991 1094 1123 1135 1245 1311 
77 113 256 403 459 821 931 959 1216 1279 
207 271 378 388 398 407 995 1258 1321 1366 1454 
331 385 394 451 818 848 1030 1172 1396 1410 
69 174 244 536 789 885 946 1063 1348 
107 153 192 532 718 799 800 839 952 972 992 1002 1048 
291 379 409 597 897 1011 1151 
197 263 291 428 473 573 830 845 1007 1055 1226 1283 1298 1333 1383 1442 1452 
90 284 336 348 375 517 585 621 838 1148 
103 338 393 492 639 857 1044 1062 1080 1113 1185 1203 1418 
110 283 317 538 722 729 787 1062 1147 1257 1280 
74 486 740 861 1017 1024 1140 1144 1312 
62 159 193 210 263 278 448 652 699 820 971 1018 1207 1235 1262 1298 1305 
247 307 348 385 568 897 918 964 1152 1414 1425 
176 788 799 984 1072 1227 1384 1428 
5 71 158 279 387 730 735 920 990 1371 1391 
220 302 320 333 478 646 694 737 832 1023 1147 1193 1362 
154 275 554 571 653 663 756 925 933 1331 1342 1362 
3 83 150 271 314 325 368 428 565 578 741 742 762 893 969 1191 1381 
237 252 275 295 466 516 916 999 1053 1125 1208 1381 
70 572 1215 1304 1365 
29 374 776 802 1165 1278 1304 1403 
62 283 411 780 975 991 1025 1076 1151 1178 1255 1301 1406 1429 
55 136 144 484 620 770 806 944 949 987 1049 1127 1140 1164 1361 1388 1395 1452 
57 227 280 519 646 1129 1441 
83 581 627 654 674 925 949 
1 200 409 475 517 823 1067 1219 1292 1368 
88 279 309 344 528 572 635 975 1022 1052 1065 1087 1179 1328 
19 116 144 186 281 290 485 534 702 1005 1038 1299 1330 1380 
38 74 182 554 573 743 862 864 929 1008 1104 1208 1238 1364 1379 
444 680 806 1048 1289 
103 266 284 495 502 669 765 924 945 1066 1075 1106 1293 1362 
70 110 165 250 269 564 677 704 731 1100 1334 1355 
54 278 346 378 582 771 780 809 1080 1282 1348 1423 1434 
70 269 394 615 662 771 921 957 999 1024 1069 1221 1445 
9 245 323 425 543 803 1012 1036 1040 1149 1161 1250 1368 
39 72 92 338 362 546 583 787 832 1447 
26 114 236 239 316 452 712 801 809 913 1133 1205 1217 1383 1457 
50 87 121 590 710 1090 1118 1211 1228 1358 1367 1401 
78 361 393 470 498 647 752 863 1000 1036 1067 1243 1362 1429 
26 64 79 163 257 720 789 796 817 889 939 1307 
56 185 353 362 379 601 810 1036 1368 
317 353 567 647 687 1303 1383 
164 371 445 646 799 803 881 1166 1247 1248 1370 1381 1440 
25 51 172 448 756 807 857 943 961 998 1166 1267 1314 1375 1417 
113 387 827 1078 1423 
3 42 88 94 161 397 403 417 444 912 1053 1063 1342 
67 87 397 457 542 710 880 901 917 946 1051 1054 
910 1022 1048 
262 310 659 728 1006 
268 383 514 1028 1084 1172 1338 1352 1380 1445 
14 49 71 117 132 189 360 555 584 591 806 927 992 1003 1009 1152 
6 503 769 935 1032 1221 
243 339 393 874 913 938 
25 200 373 402 604 740 778 1071 1143 1340 1343 1422 1444 1445 
342 374 560 572 767 844 1151 1182 1226 1244 1252 1375 
153 177 329 649 659 689 828 871 1002 1163 
479 545 672 709 766 792 909 1235 1323 1324 1437 
407 428 697 735 877 930 1053 1110 1455 
56 97 127 195 271 310 354 644 729 1091 1111 1193 1255 1258 1288 1411 
37 96 126 431 662 864 1228 1400 1454 
200 431 496 567 712 748 811 864 905 942 1101 1197 1254 1267 1320 1348 
1 109 187 222 281 338 647 668 750 822 868 889 965 1017 1047 1155 1250 
55 118 161 180 232 360 420 701 937 1378 1381 1408 1424 
126 447 457 498 555 773 943 1008 1035 1107 1242 1340 1398 
48 70 371 481 542 640 923 1170 
119 264 329 376 460 713 782 802 849 934 1024 1164 1212 1220 1221 1223 1248 1342 1410 
54 139 162 313 391 496 510 690 848 906 963 1070 1169 1197 1278 1367 
1 47 61 80 325 506 617 691 1232 
8 171 294 320 321 694 879 928 1046 1108 1258 1293 
48 77 345 386 432 468 540 669 880 930 1281 1332 
8 164 202 520 522 648 763 1142 1292 1374 1396 
74 293 432 557 709 774 1171 1373 
23 771 1158 1225 1355 
70 313 397 445 475 485 572 581 619 757 980 986 1039 1148 1203 1415 
229 635 661 910 929 1208 1408 1463 
63 327 938 1009 1063 1378 1432 1454 
137 146 891 991 1122 1218 1253 
46 503 552 588 593 821 876 952 1144 1215 1440 
151 268 354 363 493 603 760 773 1006 1024 1094 1256 
447 482 694 904 1026 1103 1109 1246 1449 
15 42 132 157 208 536 622 681 752 972 1070 
34 250 291 296 333 350 476 760 769 833 887 913 984 1116 
135 235 337 375 480 499 832 977 1318 
129 513 686 711 742 1161 1204 
338 392 691 731 1037 1279 1345 1369 1458 
140 703 739 751 1080 1145 1169 1360 1431 
235 310 404 855 895 1073 1129 1249 1278 1301 1318 1351 1400 
24 46 147 225 272 277 483 874 930 944 1192 1359 1430 1440 
78 89 129 143 297 445 698 853 970 1244 1387 1394 
293 870 937 991 1136 1197 1367 
269 271 298 442 689 775 810 910 
176 205 471 478 629 875 966 1206 1231 1237 1251 1384 
128 134 235 329 545 1244 1278 1304 
253 286 577 580 865 1112 1420 
350 412 524 592 777 955 1023 1065 1261 1435 
178 202 410 501 795 1066 1185 1238 1307 1421 
311 571 678 707 805 888 911 937 1008 1286 
150 193 351 399 449 592 679 795 826 827 881 906 1015 1041 1127 1406 
542 585 683 860 926 971 1045 1124 
465 600 669 977 1044 1177 1462 
8 173 209 263 898 1084 1348 1375 1387 
97 666 763 828 1172 1284 1294 1297 1315 1321 1328 1423 
49 57 125 264 326 524 733 936 1019 1070 1178 1254 1309 1338 1357 1376 
68 121 136 393 430 572 636 856 1078 1453 
185 330 334 520 692 699 727 822 1100 1146 1265 1373 1375 1425 
107 114 255 356 532 615 643 1014 
59 286 317 396 937 939 1112 1463 
226 306 456 698 819 854 1053 1223 1241 1288 1292 1394 
56 121 312 540 858 1052 1142 1167 1297 1383 
259 565 623 695 756 844 990 1183 1246 
141 153 178 225 539 824 879 914 974 1194 1261 1429 
91 239 353 426 569 572 611 627 982 1071 1184 1252 1331 1349 
191 228 273 323 500 835 877 968 1041 1242 1438 
126 167 365 428 431 660 813 836 889 1251 1383 
37 76 169 435 461 666 809 864 997 1082 1182 1285 1392 1424 
12 38 44 168 198 310 478 523 564 699 724 744 920 977 996 1035 1130 1182 1335 1353 1379 
284 285 557 644 658 674 678 895 1053 1068 1160 1198 1207 1296 1398 
49 972 1067 1140 
14 40 95 111 117 145 375 511 517 518 672 738 770 1062 1064 1093 1105 1183 1349 1371 
67 306 387 403 558 641 695 1032 1116 1310 
6 43 44 54 111 258 505 682 848 1064 1257 1294 1333 
376 436 863 1007 1332 1413 
393 806 828 880 916 923 1140 1264 
138 217 218 275 330 343 502 582 642 654 993 1008 1065 1095 1135 1183 1199 
69 122 124 372 374 391 443 693 843 1230 1255 1343 1394 
5 405 467 631 900 962 1031 1171 1460 1463 
7 16 84 341 356 441 461 466 491 784 907 916 1213 1250 1314 1335 1389 
68 106 155 217 248 356 405 477 578 907 917 1031 1267 1339 1462 
317 853 883 981 1044 1121 1142 1174 1175 
57 331 337 661 1117 1261 1284 1287 1370 1421 
63 160 416 470 688 772 779 1064 1266 1273 1274 1286 1304 1315 1362 1370 1401 
188 222 360 507 613 867 906 917 984 995 1115 1153 1190 1240 1307 1391 1422 
689 1074 1191 1404 
174 199 314 339 539 737 892 1033 1043 1122 1249 1376 1424 
10 83 282 358 434 749 813 970 1090 1365 
26 198 402 453 942 986 1130 1150 1302 
36 170 181 227 306 496 500 529 548 600 613 703 1106 1337 1349 
2 36 158 357 501 542 846 919 967 1312 1329 
1 271 330 438 530 647 693 827 1166 1185 1191 1302 1435 
217 347 501 506 833 864 898 935 
33 471 529 893 894 955 1000 1059 1064 1087 1223 1421 
4 422 469 524 609 719 1026 1414 1425 1453 
174 385 557 636 701 730 823 1175 1247 1276 1458 
14 143 270 421 521 555 814 841 857 947 1069 1174 1215 1362 
23 48 205 240 294 310 599 863 931 1067 1211 1309 1332 
52 253 349 497 534 557 654 705 719 812 951 952 969 1014 1246 1406 1457 
44 70 129 391 433 509 637 663 803 819 848 933 958 976 1074 1170 1215 1287 1332 
126 199 301 717 877 1141 1165 1199 1208 1278 
18 67 226 458 522 724 736 1004 1198 
157 279 293 458 500 785 889 893 1315 1463 
137 289 312 430 648 713 765 813 894 898 928 1068 1070 1164 1193 1197 1244 1314 1363 1454 
6 325 444 520 541 740 779 1377 1397 1427 
151 293 354 572 622 904 927 984 1085 1191 1240 1292 1339 
1 110 301 332 520 690 781 882 1121 1164 1439 
138 316 381 422 520 586 657 698 762 800 993 1096 1109 1198 1270 
147 358 1062 1143 1175 1186 1212 1436 
31 104 432 567 724 743 745 831 889 1263 1409 1422 
364 372 586 699 797 975 1077 1116 1284 1348 1362 1364 1434 
391 501 583 602 783 791 1066 1099 1141 1169 
51 512 865 940 975 980 1046 1102 1249 1442 
19 122 126 264 344 556 575 817 919 982 1145 1237 1367 1419 1444 
19 194 457 475 557 835 917 1059 1152 1371 
368 548 646 657 795 841 980 
201 386 409 497 624 667 824 836 854 974 980 984 1052 1182 
153 171 218 290 295 375 527 646 658 691 767 911 949 964 1026 
254 278 476 495 499 633 1033 1066 1331 
27 142 425 500 512 650 783 913 955 1027 
42 269 315 355 382 545 702 832 1021 1072 1115 1167 1237 
183 250 384 511 613 818 906 936 1029 1302 1310 1366 
126 143 165 417 869 935 1134 
29 93 134 325 438 454 706 736 760 829 856 863 873 1212 1244 1306 1311 1332 
52 108 484 578 756 819 842 995 1148 1167 1220 1362 
29 39 134 284 330 395 806 873 1004 1066 1242 1372 1420 1453 
145 259 274 335 414 705 926 1130 1157 1161 1336 1362 
84 403 520 561 602 747 992 1242 1261 1307 1461 
359 370 580 827 902 1004 1097 1161 1233 1254 1308 
111 245 301 538 810 830 1221 
59 144 167 190 227 276 298 329 333 368 377 465 483 789 854 1054 1098 1136 1298 
31 61 410 624 797 1000 1294 1306 1381 
117 265 283 334 559 602 770 813 1152 
349 372 518 668 680 910 1024 1038 1098 1121 1154 1365 
547 604 985 1016 1258 1361 1375 1392 
43 195 233 249 329 342 387 413 486 531 532 643 789 791 931 973 987 988 1425 
50 371 433 674 989 1005 1040 1239 1354 1362 
39 62 86 118 143 397 430 618 912 1120 1213 1333 
14 771 844 912 1035 1096 1108 
17 161 656 746 959 1063 1101 1210 1239 1386 1418 1454 
254 513 1034 1048 1068 1147 1184 1282 1296 1443 
63 266 315 392 738 763 861 907 933 1059 1309 1451 
261 400 645 1009 1052 1154 1200 1238 1311 1357 1461 
58 90 224 279 387 469 687 800 1033 1101 1230 1351 1441 
18 90 116 231 331 419 502 521 620 913 1278 1309 1343 
65 99 120 161 541 587 634 757 767 953 1099 
44 63 157 176 177 250 271 323 375 527 563 584 653 689 692 1173 1228 1270 
58 290 365 810 1029 1090 1300 1391 
50 161 390 404 455 547 606 892 1313 1373 1405 
221 276 343 348 356 532 686 695 833 1055 1333 1382 
7 167 603 663 779 931 1004 1106 1165 1207 1280 
153 221 346 530 828 969 991 1322 
325 433 437 682 858 967 1051 1092 1205 1312 1357 
3 180 185 186 724 904 966 1075 1091 1106 1313 1395 
10 32 185 356 745 879 998 
147 175 277 349 439 591 784 912 965 1135 1179 1333 1380 1443 
38 192 593 855 901 1023 1173 1236 
61 188 212 236 293 423 452 572 647 778 865 1143 1207 1258 
51 250 336 637 771 847 884 1303 1394 
3 15 67 231 292 587 949 1186 1236 
60 314 470 628 877 930 990 1083 1322 1337 1414 1417 
465 494 586 723 736 788 793 924 926 977 1264 1344 
21 98 192 447 478 660 913 1416 
119 150 249 286 416 434 478 603 725 849 866 882 975 1068 1088 
28 160 189 516 1069 1096 1227 1287 1391 
92 207 331 549 717 1184 1443 
123 364 840 926 929 930 1060 1282 
218 325 697 895 1045 1303 
82 130 153 249 269 284 340 364 365 571 640 692 751 878 927 1422 
155 246 424 467 575 728 1009 1029 1199 1248 1307 1430 
3 127 207 780 848 898 919 930 1196 1301 
34 120 211 235 289 389 467 550 716 948 1013 1122 1401 
38 138 172 573 840 902 1094 1142 1216 1434 1443 
189 352 393 623 658 675 789 949 1288 
16 155 347 392 599 638 949 1010 1178 1370 
291 354 527 950 1088 1089 1122 1173 1238 1260 1451 
471 475 480 781 876 974 1000 1163 1204 1231 1317 1414 
178 267 352 355 370 397 533 575 695 766 788 843 856 965 1193 1277 1281 
174 207 597 614 711 771 817 941 1023 1048 1110 1378 
51 124 127 242 344 890 921 1011 1118 1145 1311 1318 1366 
46 278 362 423 484 502 556 1027 1276 1427 
408 443 465 481 601 636 768 898 938 1173 1322 
27 73 99 204 216 265 293 882 997 1133 1134 1354 1397 1452 1455 
123 132 400 529 626 697 729 881 996 1063 1067 1170 1430 
108 131 175 381 431 603 810 968 1243 1411 
109 228 283 488 547 585 668 698 785 800 1133 1266 1314 
64 89 384 493 805 907 945 990 1129 1192 1207 1442 1460 
119 163 412 461 596 1025 1027 1041 1137 1154 1307 1315 
143 210 357 434 442 509 771 822 1003 1069 1104 1363 
21 38 227 319 744 817 1002 1094 1179 1422 
20 196 252 268 331 382 402 420 435 485 525 620 662 667 671 915 939 942 964 1152 1216 1444 
2 25 31 65 665 706 739 794 950 1164 1232 
68 93 169 180 438 555 815 845 
88 138 356 413 448 460 575 666 713 773 888 1059 1079 1288 1343 
309 399 477 480 795 830 863 890 
209 493 520 668 817 842 956 983 1251 1259 1334 1442 
60 68 85 107 125 158 187 205 318 417 590 641 988 
45 109 362 371 396 409 646 734 772 993 1012 1302 1458 
182 533 672 752 801 1011 1132 1176 1307 1322 1455 
74 156 270 414 649 725 765 985 1095 1126 1318 1371 1388 
251 385 524 625 657 872 912 1183 1195 1240 1282 1454 
177 864 1432 
5 6 329 359 374 457 566 948 1185 1391 
32 45 48 138 485 777 828 1110 1129 1285 1314 
370 436 675 778 1159 1196 
54 226 292 325 616 630 869 1109 1181 1184 1195 1350 1460 
101 187 311 372 455 602 1344 1423 
10 166 189 356 560 653 675 722 934 1067 1201 1321 
643 793 814 1130 1150 1215 1260 1297 1383 
167 199 276 359 455 602 668 723 764 782 861 970 992 1228 
272 447 472 511 517 705 777 800 832 845 947 1049 1116 1167 1281 1357 1422 1456 
7 166 174 250 355 359 549 703 728 788 1001 1078 1209 1215 1345 
59 278 399 410 613 630 656 716 757 846 908 931 1059 1178 1248 1313 1422 
90 110 136 257 437 676 933 994 1001 1420 1455 
70 163 268 328 353 419 462 741 816 1091 1130 1181 1231 1300 1318 
85 167 238 555 698 935 961 983 1097 1221 
11 138 318 524 546 769 1055 1230 1347 1446 
241 501 635 680 752 892 894 1136 1160 1164 1313 1328 1385 
39 73 148 256 375 401 529 592 818 886 1064 1133 1203 1225 1270 1310 1448 
229 303 348 511 744 900 932 957 1182 1401 
14 195 582 608 718 954 1150 1263 1359 1404 
250 278 322 354 484 611 830 882 952 1171 1210 1258 1386 
83 257 427 443 738 801 805 807 1209 1258 
72 437 505 528 641 668 851 1117 1198 1230 1326 1363 
266 378 401 699 794 947 1176 1366 1437 1438 
7 87 331 336 413 464 529 618 632 641 840 1099 1111 1174 1246 1262 1307 1381 
68 136 198 421 563 572 731 801 950 1230 
38 83 161 665 716 765 864 879 1001 1139 1153 1195 1263 1325 
63 241 250 421 481 490 515 706 1069 1133 1246 1292 1312 
295 657 900 1310 1356 
115 130 278 395 477 525 682 775 866 895 1219 1376 1415 
74 154 187 216 217 417 423 542 701 720 756 865 981 1202 1271 1421 
81 171 191 195 227 269 419 455 549 750 763 835 926 1049 1248 1280 
26 734 747 828 1103 1116 1159 1222 
190 263 404 546 771 796 814 954 992 1108 1129 1210 1271 1426 1444 
345 376 379 588 749 789 1024 1046 1283 1310 1431 
62 131 244 253 753 1249 1374 
278 413 675 718 728 813 966 1151 1175 1378 
174 176 187 211 259 280 284 426 793 875 930 956 1194 1209 
51 55 349 496 574 664 717 725 785 812 824 874 883 1113 1218 1237 1341 1423 
32 69 71 650 813 944 1188 1259 1398 
16 44 257 357 403 415 437 530 609 700 703 773 963 1030 1153 
138 226 333 628 1330 1444 
287 446 1085 1137 1273 
131 583 671 737 761 1180 1283 1352 1405 
407 907 928 955 1007 1026 1162 1201 1203 1214 1252 1253 
21 33 72 141 224 320 543 710 980 1126 1211 1422 
79 126 132 452 570 572 583 712 751 1122 1135 1137 1169 1181 1200 1417 
79 154 191 254 397 775 776 885 922 
509 742 770 812 842 953 997 1068 1156 1159 1443 
5 154 324 387 576 577 582 885 887 897 907 1032 1073 1118 1275 
64 210 385 578 648 692 730 793 861 890 1365 
94 104 281 405 485 559 650 717 797 862 925 932 939 1122 1198 1239 1241 1269 1361 
130 256 363 424 792 805 884 911 997 1021 1107 1144 1148 1295 1371 1451 
42 59 200 279 377 425 544 604 621 883 917 954 977 1063 1243 1260 1292 1330 1345 1402 1409 
49 87 234 310 331 432 518 600 662 751 800 910 978 1002 1042 1085 1124 1128 
57 386 483 538 757 833 847 869 917 1200 
52 70 87 99 220 265 363 698 733 757 820 878 1250 1461 
303 344 373 517 531 563 644 780 934 1185 1441 
118 133 138 222 252 438 445 523 570 580 588 684 723 732 734 853 1064 1187 1244 
114 224 371 372 448 449 477 684 704 729 899 913 1297 1426 
292 344 527 797 967 1110 1206 
9 13 91 93 231 233 256 546 575 633 744 788 1116 1139 1189 
57 215 218 423 559 565 572 593 924 1099 1115 1119 1197 1310 1313 
53 72 221 370 416 513 526 683 811 870 1025 1357 
47 267 362 1007 1208 1340 1348 1435 
8 194 203 304 382 393 474 481 500 665 673 686 775 799 852 1199 1286 
116 455 507 
318 542 620 656 668 881 1144 1150 
54 295 357 551 584 716 732 974 1429 
55 106 338 452 759 816 867 1137 
304 351 400 499 672 738 741 919 1057 1069 1266 1305 
106 122 194 440 538 613 638 692 726 734 762 1149 1322 1396 1414 
330 336 487 508 564 793 907 1183 1443 
72 159 160 274 633 682 737 977 989 1362 
299 727 741 989 1125 1226 1279 
142 258 289 415 559 736 804 901 961 1161 1188 1413 1448 
115 575 639 740 742 825 967 1028 1139 1275 
134 155 272 381 440 600 741 966 1232 1336 1351 1355 1420 
3 433 538 624 646 885 1179 1413 
54 571 693 766 845 986 1003 1103 1129 1146 1176 1203 1230 1251 1357 
213 522 548 597 617 626 632 696 890 1013 1118 1158 1178 1210 
125 138 203 474 589 663 921 952 978 
31 107 145 315 327 386 532 733 757 942 1029 1394 
103 353 369 396 667 747 944 947 1141 1402 
75 177 281 334 525 725 925 959 1039 1077 1112 1218 1449 
212 250 389 529 596 798 871 1141 1156 1204 1206 1223 1275 1363 
32 112 147 166 318 350 516 587 606 638 827 953 957 1142 1196 1207 1209 1321 1407 1426 
294 316 445 608 691 926 1451 
187 307 461 573 636 691 846 1047 1094 1109 
317 700 795 1002 1346 1365 1443 
32 50 99 103 114 428 494 567 712 745 885 1121 1376 
216 312 391 471 574 600 638 797 903 964 967 1128 1399 
118 329 419 473 478 685 760 830 1067 1127 
369 503 579 746 835 952 1048 1121 1190 1200 1352 1454 
184 195 209 233 369 482 697 846 921 1019 1103 
131 164 170 347 539 674 824 992 1017 1075 1127 1170 1273 1447 
308 383 751 825 1039 1158 1326 
28 108 465 689 696 860 873 1099 1459 
34 68 76 181 212 322 348 364 567 620 680 775 1053 1203 1242 1414 
109 186 209 243 383 594 606 735 1176 1224 1368 
366 418 530 601 753 898 934 1077 1413 
94 153 335 347 434 504 848 886 924 1024 1047 1076 1153 
36 83 126 185 232 239 351 613 896 1037 
32 331 436 486 611 804 993 1064 1095 1154 
51 53 115 166 245 349 423 585 1077 1171 1214 1250 1414 1437 
96 249 489 726 762 951 1159 
30 54 94 109 274 302 428 433 456 613 700 895 920 947 1105 1108 1139 1140 1311 1329 
126 147 168 305 377 402 478 596 686 843 900 985 989 1061 1066 1130 1264 
10 151 278 504 513 592 723 743 753 757 766 1255 1383 
10 32 67 76 226 399 476 736 865 1069 
77 138 215 229 312 471 488 520 754 785 1089 1170 
24 134 206 294 387 628 649 652 1013 1060 1382 
200 368 597 708 789 864 1107 1110 1160 1185 1237 1304 
60 91 142 1069 1106 1273 1291 1405 
21 96 207 324 503 553 652 671 707 738 790 853 1000 1017 1048 1094 1163 1339 1431 
220 304 373 501 582 674 882 902 940 1022 1028 1122 1189 1283 1442 
121 257 597 634 665 1237 1318 
77 362 380 471 570 580 619 689 1012 1160 1446 
290 358 451 664 675 684 803 996 999 1032 1042 1235 1287 1373 1455 
7 178 208 224 230 258 287 437 729 936 996 1172 1237 1326 1382 
18 133 368 583 609 614 680 766 890 969 1061 1139 1225 1326 1392 1449 
180 283 495 503 558 667 856 944 1031 1147 1163 1175 1228 1313 
154 338 533 573 1001 1057 1061 1084 1164 1175 
164 241 253 380 524 1179 1184 1406 1451 
7 253 349 361 587 744 1041 1076 1091 1121 1135 1140 1352 
61 80 115 142 150 346 581 722 777 789 884 889 1121 1139 1183 1243 1291 1438 1439 
140 256 319 455 458 564 724 914 925 1098 1100 1160 
62 134 476 837 875 895 986 1101 1402 
30 142 411 433 512 738 820 922 971 1228 1342 1395 1409 
102 187 234 319 329 360 436 444 475 590 777 844 1067 1082 1355 
672 852 927 993 1147 
122 321 486 526 747 871 1094 1454 
43 171 280 538 776 782 954 1136 1145 1284 1443 
94 198 203 383 387 400 606 729 774 840 938 1067 1196 1286 1290 
36 60 237 323 362 396 428 550 634 801 1086 1282 1397 
624 640 732 739 902 1022 1034 1082 1175 1309 1373 
40 82 134 207 298 334 341 344 408 442 468 732 772 788 821 1051 1163 1202 
42 340 486 779 817 928 946 1004 1238 1275 1302 1404 
74 208 211 253 418 538 622 762 898 1041 1055 1116 1178 1249 1300 
41 179 269 376 571 656 727 947 956 1001 1118 
16 56 109 205 396 420 550 676 828 1339 1346 1351 
38 339 369 408 465 1063 1100 1268 1274 
167 242 266 289 940 1158 1172 1261 1347 
52 187 461 538 601 839 1095 1111 1157 1283 1364 1449 
315 324 361 399 473 1018 1047 1063 1120 1175 1185 1252 1325 1415 
7 459 593 627 677 694 713 883 1031 1127 1132 1141 
64 199 290 612 750 801 850 940 942 1090 1210 1445 
238 288 314 396 516 571 1059 1300 1338 1366 1428 
99 134 822 990 1129 1136 1151 1226 1229 
104 538 674 715 789 832 917 920 1005 1031 1137 1190 1448 
78 173 441 566 787 914 964 1284 1345 1410 
254 261 537 560 655 749 809 810 905 1273 1304 1375 
120 203 246 611 761 875 934 938 1024 1277 1385 
22 52 97 112 193 346 502 1300 1370 1421 1439 
180 281 436 440 686 707 833 852 925 1061 1254 1315 1426 
125 227 366 380 453 831 913 997 1110 1125 1194 1344 
109 480 573 632 838 892 1035 1119 
22 80 262 486 589 617 703 769 816 868 1134 1157 
33 136 165 225 333 639 753 960 970 989 995 1268 1451 
123 127 382 757 895 910 1039 1194 1220 1225 1298 1336 
49 221 241 443 622 649 895 909 922 1051 1136 1137 1150 1159 1263 1401 1414 
438 521 676 711 1012 1038 1094 1114 1255 1341 
157 248 275 484 515 534 652 866 1228 1256 
81 154 269 276 513 711 788 869 988 1026 1095 1153 1309 1350 
58 90 133 306 324 469 608 691 724 754 793 969 1003 1093 1138 1245 1252 1432 1447 
39 148 313 408 637 677 1058 1239 1242 1277 1461 
8 12 90 244 395 431 570 584 1019 1028 1061 
227 291 309 383 404 599 661 821 881 882 930 1033 1356 
18 361 519 544 568 599 683 714 876 885 890 1014 1087 1140 1372 1379 
50 66 93 129 341 373 543 626 720 739 878 954 979 1019 1138 1254 
1 38 68 156 161 209 216 217 267 274 434 631 775 862 905 1016 1072 1127 1159 
170 481 715 748 922 973 1246 1391 1422 
152 704 705 745 1073 
90 148 160 508 1054 1090 1273 
48 126 184 256 278 306 315 343 501 647 1076 1130 1254 1262 1345 
169 170 293 325 364 375 458 760 898 1108 1164 1251 1318 
67 243 297 519 784 899 905 919 1236 1266 
20 325 367 449 743 854 1000 1245 1400 
14 160 228 369 782 825 917 991 1318 1393 
34 44 145 243 304 877 1052 1170 1174 
254 257 410 439 557 701 1014 1019 1041 1410 
356 368 369 419 495 505 552 617 984 1018 1101 1148 1441 
8 84 178 280 382 547 827 833 856 917 1077 1198 1315 
329 673 762 883 915 921 1037 1066 1197 1272 
29 120 227 524 535 560 656 734 890 914 983 1080 1375 1442 
261 376 446 570 624 956 1061 1070 1108 1351 1402 
218 245 311 514 592 1021 1059 1208 1257 1262 1287 1402 
194 335 684 745 1045 1151 1236 1317 1372 1445 
155 268 525 606 633 668 712 738 775 840 1032 1059 1094 1113 1242 1368 1421 
42 117 413 641 730 850 990 1100 1371 1406 
79 209 678 803 966 1317 1422 1424 
380 764 858 1075 1100 
59 89 128 184 293 351 735 778 883 964 971 1000 1101 1422 
178 440 441 785 795 841 914 1079 1201 1239 
121 310 480 537 581 1025 1036 1052 1101 1247 1314 1395 
219 274 327 371 677 741 953 1035 1048 1095 1161 1243 1304 1306 
96 441 595 641 734 804 911 1060 1222 1324 
16 107 348 405 730 832 922 937 1233 1335 
113 144 265 435 707 708 893 951 
12 615 640 1059 1119 1237 1311 1459 
4 47 137 210 375 511 649 786 844 910 913 1022 1025 
54 173 448 452 522 593 666 767 986 1004 1436 
203 218 419 479 621 645 720 803 1381 1427 
2 31 193 310 371 502 535 843 1053 1099 1333 
29 323 343 436 480 594 792 1044 1400 1417 1424 
332 527 638 727 832 938 1174 1441 
187 221 234 277 477 742 755 800 818 832 943 1029 1248 1364 
111 116 208 315 350 400 483 529 551 613 1047 1211 
65 562 704 832 874 907 1100 1241 
99 154 310 371 594 706 1114 
145 412 577 741 760 839 1032 1135 1174 
457 634 681 773 821 1089 1163 1268 1291 1295 
107 281 547 610 702 780 978 1323 1372 
11 165 171 284 445 490 569 685 804 826 960 1023 1136 1143 1177 1358 1396 1409 
25 31 750 754 761 1163 1425 1460 
29 178 292 341 387 506 562 891 957 1030 1037 1040 1094 1385 1441 
106 169 219 234 332 444 519 598 858 990 1028 
34 44 118 275 280 297 458 557 599 834 1005 1092 
16 23 225 333 424 455 460 631 741 749 942 1212 1239 1366 1382 1454 
12 45 127 142 213 403 567 627 753 756 1310 1366 1385 
22 189 201 214 456 457 536 701 778 823 1133 1280 1296 
24 205 250 300 566 745 970 973 1191 1202 1354 1411 
20 109 150 168 356 403 496 544 588 733 858 927 934 1053 1127 1131 1134 1214 1256 1362 1363 
22 496 505 541 649 695 795 862 956 989 1152 
213 338 477 537 950 953 1066 1180 1208 1233 1330 1339 1454 
214 358 367 469 492 579 592 706 898 919 1014 1385 1463 
296 371 387 540 553 681 706 874 1066 1223 1409 
122 133 170 377 456 461 493 595 610 632 830 879 939 941 1113 1180 1203 1280 1282 1310 
12 67 95 308 310 365 425 499 805 998 1068 1140 1210 1262 1325 
38 41 471 597 821 855 859 917 937 1073 1272 1347 1405 
74 164 224 625 766 1179 1192 1454 
22 154 195 197 336 373 436 470 524 531 705 846 876 912 1039 1042 1186 1326 1337 
125 144 152 193 294 459 593 809 909 1209 1271 1353 
35 541 631 642 695 809 832 983 1026 1046 1221 1329 1340 1445 1459 
5 196 226 249 467 623 673 853 900 926 1050 1153 1275 1360 
64 172 179 227 265 320 542 607 660 801 828 893 1071 1119 
79 109 159 409 435 460 498 648 858 880 1009 1094 1190 1258 1301 1342 1426 
40 247 327 821 878 1059 1159 1179 1367 1452 
98 296 402 483 495 535 843 1059 1313 1456 
149 566 633 670 827 869 942 1169 1184 1189 
13 81 241 273 275 354 492 788 825 891 1123 1176 1304 1363 
95 151 221 317 361 409 470 513 562 698 845 1177 1237 1263 1353 
91 133 263 641 691 707 761 776 887 1201 1303 1395 1401 
175 204 324 437 608 639 663 768 825 835 948 971 1035 1036 1251 1435 1457 
224 265 450 654 1009 1054 1443 
139 242 248 274 410 649 674 989 1022 1068 1280 
54 162 207 217 368 436 538 590 861 877 896 941 1157 1312 1443 
133 375 455 759 778 1039 1189 1201 1243 1281 1333 1408 1430 
14 50 136 220 278 465 565 581 589 923 1034 1041 1175 1256 
79 216 756 889 975 1122 1378 1435 
37 166 314 391 455 515 590 688 871 1381 1392 
57 164 171 196 274 347 365 655 672 897 999 1085 1191 1331 
85 412 432 509 591 616 671 678 718 750 810 827 894 1303 1344 1372 1397 1436 
305 506 532 595 661 1156 1173 1226 
53 83 164 355 368 416 1066 1439 1445 
291 471 488 688 722 921 960 1032 
35 102 222 295 318 404 416 503 1045 1048 1247 1308 
42 129 318 477 1198 1244 
18 398 756 897 1057 1110 1128 1166 1188 1337 1377 1403 
181 383 649 650 897 1156 1298 
105 283 398 511 576 1064 1091 1100 1152 1249 1314 1407 1445 
70 177 183 234 249 586 909 994 
4 34 93 99 471 519 596 617 991 1167 1180 1343 1351 
59 179 691 787 833 853 859 914 958 1326 
19 119 210 378 487 585 767 851 1089 
92 381 480 600 616 708 728 776 964 1046 1235 1242 1260 
43 62 226 308 530 566 590 629 678 695 836 991 1024 1262 
87 164 200 209 356 375 535 623 799 954 980 1014 1149 1242 1383 1404 
155 169 198 222 297 367 381 457 472 755 773 1049 1058 1130 1158 1302 1310 1375 1381 
59 245 348 403 516 562 563 868 896 924 1147 1165 
58 140 154 287 456 483 486 545 881 1017 1286 1320 
64 249 863 897 1080 1148 1285 1452 
45 203 213 244 274 318 322 456 514 896 913 978 1133 1201 1339 
294 420 426 530 537 682 825 874 987 1007 1372 
5 156 329 468 474 517 541 796 1290 1339 
54 173 238 559 1148 1289 
3 143 376 1128 1140 1226 1395 
237 503 541 622 792 837 874 919 1042 1068 1295 
156 219 434 465 490 569 696 797 835 1342 1461 
6 138 330 359 657 868 887 945 1307 1376 1439 
140 179 596 1067 1226 1292 
35 110 181 231 236 257 488 747 883 954 1235 
113 662 710 868 875 1022 1074 1381 
246 395 464 473 605 606 722 744 773 778 944 1174 1274 1447 
350 378 387 448 512 599 794 1364 
324 420 507 694 736 961 1028 1153 1162 1168 1329 1352 1425 
7 32 266 321 364 426 467 495 508 661 788 853 984 1251 1364 1434 
10 16 54 98 182 198 463 902 905 935 1011 1152 1283 1424 
20 73 124 444 730 808 972 981 1257 1267 1383 1390 1405 
40 248 292 310 705 786 787 859 897 1127 1166 1210 1255 1338 
24 145 213 225 380 382 498 670 686 715 778 1085 1330 1450 
69 253 347 514 670 937 945 1210 
122 173 304 646 747 806 862 898 941 983 1001 1012 1039 1294 1396 1434 
239 470 604 753 942 1271 1321 1359 
184 327 368 444 480 528 869 911 955 958 1150 1178 1419 
54 82 163 169 204 293 416 433 886 935 1032 1043 1049 1077 1234 1242 1283 1409 
447 571 621 766 937 956 993 1121 1214 1368 
34 178 636 651 777 904 966 1042 1261 1326 
128 232 311 962 967 1026 1031 1077 1136 1253 1336 1413 
151 335 491 538 810 893 917 999 1017 1209 1275 1357 1406 1459 
136 196 480 868 897 916 1001 1169 1197 
19 54 278 321 415 554 619 620 677 688 1334 1337 1436 
44 462 745 990 1202 1205 1347 1356 
238 263 300 448 450 451 710 849 853 993 1013 1028 1131 1190 1193 
6 84 430 440 533 712 1427 1429 
43 63 74 184 242 435 480 583 653 827 1285 1365 
55 171 198 208 544 546 675 691 701 768 868 1021 1101 1308 1329 1412 
23 39 134 628 965 974 995 1012 1086 
105 402 582 634 639 823 1227 1329 
123 192 200 206 230 665 675 823 1211 1330 
147 161 336 340 408 639 674 1041 1159 1243 1391 
42 88 177 198 275 351 439 550 725 1037 1111 1134 1135 1246 1278 1312 
164 172 264 389 396 508 
12 67 524 648 793 868 1031 
23 66 183 226 331 378 692 707 904 1121 1248 1300 1321 1323 1333 1457 
300 622 794 1056 1068 1239 1305 1324 
427 481 783 878 932 1266 1338 1400 
96 186 264 517 556 703 741 836 888 911 913 937 
49 333 464 599 666 726 773 887 951 963 969 1218 1262 1329 1417 
177 255 281 324 449 501 531 543 678 798 1009 1316 1432 
7 42 882 893 1212 
115 145 390 439 617 940 1092 1174 1313 1367 1379 
57 148 217 507 642 903 974 1246 1273 1316 1347 1360 1396 1432 1462 
28 154 185 214 341 426 458 632 664 816 869 1162 1304 1331 1347 1406 1419 1439 
304 306 412 596 601 643 704 894 919 1129 1155 1239 1287 1289 1426 1436 
21 173 268 463 551 820 830 1079 1248 
222 331 395 511 633 1053 1176 1430 
241 353 471 673 674 709 783 812 832 1143 1251 1293 1456 
379 408 423 455 589 622 689 820 891 958 1007 1277 1441 1447 
15 237 449 508 599 695 711 975 1020 1170 1267 
4 114 140 473 661 763 851 1025 1068 1165 1189 1451 
129 381 409 1104 1155 
88 228 243 280 333 621 687 1030 1157 1244 1317 1337 1338 
57 173 273 441 471 770 799 827 867 924 1079 
317 389 508 639 878 885 903 1367 1412 
19 122 168 294 327 366 396 488 511 573 574 643 687 1019 1178 
56 96 103 288 469 580 664 853 957 1092 1155 1200 1277 
27 133 204 323 345 506 665 676 816 1058 1108 1139 1300 1412 1437 
128 134 198 732 882 1247 1256 1400 
78 120 196 313 464 568 705 742 950 996 1236 
246 264 308 408 798 839 1092 1144 
64 110 202 410 488 556 1043 1182 1317 
142 251 268 410 429 458 632 743 869 956 966 1024 1078 1094 1314 
30 75 250 502 804 1228 
12 30 476 577 744 854 1034 1308 1407 
53 248 327 636 680 683 852 1249 1337 1446 
102 186 314 540 660 789 948 1066 1428 
131 218 257 704 729 782 783 797 805 897 910 924 938 940 950 1088 1237 
209 370 411 710 917 1002 1037 1100 1237 1255 
25 102 145 285 391 644 646 736 795 924 1158 1221 1299 1301 1392 
24 166 205 240 358 501 588 786 901 947 1065 1104 1320 1463 
57 202 288 321 336 574 585 768 935 993 1038 1162 1233 1234 
106 567 572 636 642 804 833 856 927 1252 1336 1349 
167 171 173 207 422 434 566 667 792 801 807 1114 1203 1311 
148 261 336 350 354 615 851 
63 100 134 251 288 324 378 503 605 809 896 897 988 1168 1459 
175 211 330 473 737 781 885 928 1013 1067 1204 1462 
38 125 206 268 325 524 758 761 939 1183 1202 1227 1267 1288 1394 1453 
29 36 124 297 404 685 838 871 962 1133 1150 
77 322 334 405 525 671 837 1050 1400 
166 257 442 443 514 685 810 821 867 871 948 1166 1199 1283 
175 401 411 423 440 471 504 522 738 869 900 1044 1105 1294 1392 
8 70 386 411 494 521 594 744 918 1273 
48 166 341 392 399 829 842 992 1051 1264 1396 1423 
183 257 328 360 572 720 795 882 1183 1336 
35 100 115 119 137 164 299 308 334 471 794 816 969 
103 247 304 366 382 459 784 785 809 829 945 1039 1217 1265 1283 1297 
127 137 336 361 963 1126 1134 1233 1434 
16 18 198 473 555 583 773 803 808 875 880 1022 1123 1282 1303 
65 457 632 780 858 1416 
78 109 172 292 1031 1167 1230 1234 1240 1452 1457 
57 115 121 172 622 752 953 1035 
56 107 222 256 315 379 566 624 627 640 749 855 867 1404 1439 
84 172 195 259 569 789 1013 
235 252 484 516 609 662 675 726 893 
20 39 423 442 504 570 638 765 1303 
100 424 517 545 618 667 781 898 961 978 1016 1186 1325 
25 364 566 575 680 881 948 1135 1265 1364 1376 1420 
246 292 412 564 640 1193 
157 168 262 376 432 447 741 855 874 891 972 1097 1372 1430 1437 
171 182 671 679 789 967 1143 1209 1257 1291 
158 530 722 769 837 1086 1228 1307 1337 1378 
171 187 393 421 480 542 556 746 918 996 1149 1267 1422 
23 551 603 619 830 883 1054 
102 113 267 375 581 583 1106 1422 1437 1458 
516 576 610 738 826 853 1192 1219 1331 1353 1374 1413 
67 144 256 435 473 488 804 897 985 1033 1175 1257 1460 
15 244 295 428 614 744 1068 1098 1142 1200 1201 
188 228 260 282 394 414 416 754 787 1273 
44 134 201 250 291 306 410 601 674 712 721 899 1034 1152 1282 1387 
48 57 251 474 520 523 567 619 962 1058 1128 1244 1303 
26 74 92 286 299 325 365 638 726 788 864 912 1138 1204 1314 1338 
45 55 354 361 429 444 516 634 1101 1275 1359 
45 615 829 841 1262 1434 
344 373 616 688 923 1068 1143 1228 1241 1310 
165 180 255 362 389 580 622 663 769 832 1165 1195 
27 148 155 182 242 338 440 730 754 825 998 1236 
316 418 424 494 520 547 676 1321 1349 1352 1463 
236 347 362 652 674 888 1090 1093 1115 1313 1400 1419 
96 174 332 474 527 588 650 690 735 779 908 974 990 1086 1113 1119 1175 
54 160 351 367 368 414 599 728 840 1044 1159 
488 586 756 976 1384 
172 388 474 810 974 1061 1219 1333 
100 186 255 320 360 516 570 639 763 775 953 
93 196 252 501 515 524 544 648 677 714 727 927 1309 1338 1413 
167 218 235 296 301 361 402 570 615 860 939 1027 1092 1392 
19 82 89 220 287 294 332 460 862 896 907 1045 1168 1203 
70 136 223 259 267 603 632 656 668 820 898 923 982 1003 1024 1026 1060 1186 1205 1207 1397 1399 1434 
335 535 559 799 811 868 1020 1053 1378 
139 159 205 344 508 751 829 881 900 1205 1219 1302 
77 373 379 394 667 753 779 871 908 949 1229 1300 
68 148 241 611 674 682 1048 1074 1101 1169 1251 1339 1441 
82 156 390 745 918 994 1217 1319 
34 38 313 358 569 572 652 780 1162 1361 
116 133 169 237 389 409 416 729 788 805 877 1083 1319 
49 282 368 423 491 627 854 983 997 1262 1341 1394 1463 
58 515 852 1049 1129 
40 105 246 330 842 1015 1179 1334 1337 
20 133 216 255 355 363 477 610 
40 111 243 281 306 321 754 799 924 986 1301 1307 1382 1408 1422 
48 67 78 87 170 428 519 566 572 622 764 861 905 1079 1258 1264 
62 87 922 1216 1267 1316 1339 
97 154 190 562 823 1038 1119 1352 1394 1399 
179 249 340 387 447 453 462 587 715 879 1038 1140 
7 591 602 739 920 1140 1168 1269 1294 1338 1387 
270 354 620 809 844 854 
19 107 304 420 459 497 500 762 790 957 1072 1196 1220 1230 1343 1426 
240 265 281 311 376 404 568 773 926 1000 1009 1130 1199 
189 408 727 760 954 969 979 986 1063 1087 1104 1147 1259 1261 
25 336 343 360 382 403 448 558 737 763 820 927 1004 1048 1056 
8 19 58 98 464 546 680 800 816 820 1161 1202 1248 1269 1275 
99 268 357 367 391 500 540 558 628 1030 1132 1360 
20 101 215 441 604 802 1110 1179 1298 1343 
87 88 310 359 1032 1090 1164 1451 
191 361 440 846 1099 1135 1158 1457 
89 116 279 381 658 705 1305 
19 75 144 284 364 494 654 711 955 989 1067 1102 1138 1173 1345 1448 
86 103 321 462 506 521 527 539 556 677 735 773 789 996 1252 1286 1385 
1 300 448 470 699 735 736 870 908 939 1372 
53 259 397 407 418 516 548 654 768 826 842 917 953 1014 1108 1146 1233 1239 1245 
235 249 348 488 590 693 824 996 1012 1027 1133 
159 638 677 734 1024 1253 1342 
210 347 540 616 803 912 1258 1329 1385 1449 
14 96 399 702 759 851 909 1011 1399 
147 291 492 593 623 652 661 672 716 765 1112 1214 1248 1314 1370 
109 153 215 302 377 419 639 892 1000 1019 1229 1401 
172 365 562 589 607 708 734 941 956 1071 1180 1293 
271 365 475 576 662 736 866 894 1337 1371 
79 88 137 303 479 841 873 892 916 1240 1365 1412 1430 
