1412 7920
15 44 66 86 134 242 357 490 703 744 753 820 914 1110 
737 777 800 832 1150 1276 1279 1305 
152 187 194 476 781 829 1012 1069 1105 1364 
213 324 332 416 494 545 553 590 834 853 1060 1071 1287 
212 245 283 482 588 677 715 735 758 1000 1051 
32 350 380 444 468 495 566 638 791 942 944 953 1036 1063 1069 1120 1183 1353 
10 122 187 239 253 539 649 804 819 938 1164 1339 
40 143 530 810 825 931 1283 
16 612 692 832 1170 1262 
7 101 158 245 498 562 728 1108 1161 1203 1282 
145 147 368 555 861 876 888 1034 1069 1190 1212 
123 244 298 328 405 438 556 651 767 780 801 977 991 1125 1198 1262 1405 
58 330 347 393 441 463 472 557 636 864 902 1184 1240 1334 
245 296 337 401 636 802 823 
1 82 326 774 988 1012 1182 1196 
9 312 361 453 509 524 645 813 1107 1315 
356 375 500 579 664 733 1025 1070 
68 107 175 283 416 773 776 854 992 1045 1132 1184 1199 1256 1317 1343 1349 1358 
68 111 163 176 200 266 601 713 805 933 942 1037 
291 633 687 731 737 824 1025 1132 1133 1300 1303 1387 
220 297 523 711 1002 1149 1186 1323 1347 
38 60 160 273 347 404 412 533 616 694 778 986 1320 1333 1337 1390 1394 
249 453 463 909 946 1003 1029 
147 235 305 483 573 601 804 893 1009 1052 1122 1234 
30 119 307 335 471 591 727 932 991 1023 1043 1077 1159 1160 1185 1328 
127 209 273 293 460 626 673 831 962 1096 1124 1177 1303 1354 
75 123 233 250 381 579 779 839 888 1063 1136 1178 1261 
54 80 236 509 623 805 1258 1354 
158 276 278 324 484 508 527 664 877 883 951 990 1082 1098 1307 1353 
25 184 186 225 243 353 684 778 882 1038 1102 1113 1143 1157 1172 1189 1281 1293 
148 366 748 883 1039 1132 1352 1374 
6 62 234 267 356 397 524 736 802 812 826 886 1095 1378 
36 79 97 240 318 440 450 543 671 995 1238 1245 1349 
43 143 179 284 538 849 949 1004 1028 1080 1345 
49 66 391 404 488 493 569 746 943 958 1087 1234 
33 599 656 674 842 916 1100 1392 1399 
263 386 390 464 471 670 751 981 1127 1304 1372 1381 
22 309 983 1144 1308 
59 74 162 234 391 538 540 647 1076 1198 
8 188 189 258 275 382 477 512 514 522 535 624 630 653 674 691 790 799 818 873 896 1055 1086 
87 213 230 236 274 600 914 924 942 1016 1071 1201 
44 63 323 358 359 361 542 587 660 989 1054 1127 1128 
34 289 389 559 605 700 998 1028 1059 1082 
1 42 79 96 614 953 1058 1140 1347 1383 
117 257 261 335 384 577 684 822 935 978 1223 1261 1281 1314 
108 128 320 681 751 889 927 1100 1106 1163 1235 1283 1316 
164 283 340 435 459 682 731 770 785 826 972 1088 1239 
128 253 370 375 586 604 634 640 669 703 
35 97 935 954 1023 1062 1100 1106 1128 1221 1315 
94 111 156 192 333 494 792 1009 1070 1108 1204 1214 1330 1365 
127 372 380 621 627 654 770 922 931 991 1055 1064 1186 
227 495 633 645 678 1104 
193 208 312 331 387 582 617 634 829 958 980 1078 1092 1132 
28 76 111 215 248 253 270 318 470 522 715 745 793 916 984 1024 1086 1103 1313 
217 257 276 431 697 784 942 1180 1339 
131 143 172 388 409 531 534 561 693 720 738 933 1049 1194 1233 1327 
85 308 468 545 727 734 894 945 
13 209 407 458 679 692 738 803 824 971 1010 1045 1211 1220 1260 1299 1404 
39 273 289 304 415 509 555 667 668 766 1083 1194 1334 1349 
22 123 176 208 454 485 732 1053 1106 
130 212 598 685 771 1184 1211 1229 
32 85 111 133 194 220 346 357 630 767 786 859 895 960 1123 1163 1225 1279 1350 
42 94 117 326 410 547 582 779 1001 1038 1087 1358 1408 
81 115 279 290 365 556 561 652 818 832 936 1048 1185 1224 1238 1271 
117 170 239 525 1084 1087 1245 1327 
1 35 140 192 373 569 674 904 934 1394 
106 284 349 358 407 935 1178 1328 1364 
18 19 420 860 1140 
103 174 250 295 370 525 542 660 885 889 935 1097 1121 1195 1355 
394 518 560 673 812 821 883 1014 1023 1216 
87 634 928 982 1054 1356 1366 1405 1407 
393 440 554 727 889 932 990 1059 1165 1171 1285 1290 1383 1403 
190 240 420 445 621 803 847 1030 1039 1137 1280 1311 1382 
39 108 166 256 331 447 651 829 841 861 902 934 1208 1251 1337 
27 391 722 766 895 935 944 984 1295 
54 177 256 365 455 511 1061 1300 
140 195 321 438 546 741 846 1022 1183 1208 1251 1272 
230 517 613 650 844 869 887 1189 1248 1362 1376 1387 
33 44 101 117 383 998 1135 1175 1177 1222 1245 
28 350 492 885 1007 1099 
64 323 551 778 1029 1299 1353 
15 246 366 395 439 552 616 749 897 926 1167 1174 
240 334 380 438 513 569 590 675 771 827 1036 1155 1206 1262 
103 172 230 273 418 529 548 722 868 1009 1015 1322 1348 
57 62 373 531 561 687 965 1015 1297 
1 109 191 234 282 395 443 453 489 542 719 782 900 
41 71 187 260 371 375 587 809 818 871 
177 346 497 577 677 697 
160 241 247 427 467 675 868 942 1131 1317 1400 
150 161 234 253 270 709 872 953 1103 1198 1220 1224 1296 
351 549 972 1121 1254 1279 
207 343 459 813 846 903 982 1070 1370 
294 401 407 438 441 594 596 604 952 1034 1075 1181 1189 1196 
50 63 265 296 321 394 617 805 807 827 911 1025 1041 1085 1115 1150 1205 1235 
155 161 310 692 704 710 725 806 941 1025 1027 1111 1295 1352 1377 
44 236 429 514 589 738 1031 1100 1173 1221 
33 49 125 153 453 586 674 1185 1203 1298 
187 189 213 268 312 352 391 581 917 1038 1236 1287 1333 1401 
261 494 740 864 878 984 1010 1251 
108 140 165 250 350 563 779 832 948 976 1001 1115 1137 1354 
10 79 242 326 405 414 523 712 905 914 1372 
114 561 595 625 717 799 928 951 992 1012 1020 1123 1133 1177 1202 1279 1384 
69 84 209 226 333 566 640 753 931 936 970 1104 
381 500 734 773 
155 239 276 309 350 375 515 560 565 597 919 1183 1235 1276 1393 1399 
67 217 296 513 552 688 789 922 1301 
18 151 367 459 521 794 822 917 953 1140 1170 
46 74 100 377 638 903 
86 140 149 325 347 404 432 468 616 636 770 1096 
673 696 719 1104 1144 1309 
19 50 54 62 232 244 297 331 350 359 406 512 802 817 1139 1274 
217 262 289 348 917 927 928 958 1147 1314 1340 
331 348 555 561 564 606 735 916 1073 1172 1267 1353 
102 167 405 524 588 690 699 704 888 996 1248 
64 164 459 632 733 746 765 785 877 1242 1276 
252 334 437 492 527 549 567 867 971 1003 1062 1210 1215 1311 1393 
45 63 65 79 408 658 702 735 756 767 1146 1339 
349 722 741 1056 1393 
25 213 250 279 285 405 688 1048 1159 1222 1326 
318 645 850 1093 1120 1188 1382 
337 521 621 673 769 1039 1167 1212 1239 
7 138 206 243 290 381 445 470 632 760 832 911 957 991 1303 
12 27 60 256 258 622 687 739 917 1098 1214 1224 1269 1273 
301 447 820 854 1123 1146 1150 1384 
97 192 290 438 497 541 600 679 919 1383 1384 
155 225 283 653 699 720 846 896 907 1022 1257 1381 
26 51 204 242 276 304 454 540 574 828 863 895 918 926 1001 1377 
46 48 224 244 283 301 623 833 923 1062 1085 1108 1189 1195 1303 
311 330 338 364 385 552 715 1052 1377 
61 371 886 1006 1242 1349 
56 194 228 330 350 436 630 631 671 784 1030 1151 1232 1343 1389 1408 
140 273 439 766 851 972 1160 1190 
62 196 203 228 260 414 605 770 878 943 1144 1273 
1 240 730 763 1293 
744 750 807 916 950 1091 1164 1394 
662 693 778 865 869 1273 
265 312 403 448 536 652 673 732 848 880 989 1091 1098 1294 1353 1375 1409 
122 155 573 788 1017 1086 1165 1410 
247 443 683 745 878 888 1021 1246 
66 77 100 109 132 433 744 1007 1089 1126 1259 1283 1306 
150 210 262 283 284 474 483 960 1003 1148 1268 
227 482 502 601 652 1151 1171 1318 
8 34 56 225 361 414 520 1048 1114 1257 
408 518 763 804 808 828 966 979 1006 1014 1074 1159 1168 1232 1279 1306 1352 
11 195 220 294 342 353 379 822 901 1317 
280 529 638 879 1110 1186 1284 1353 1378 
11 24 215 416 487 524 826 851 948 1069 1249 1348 1379 
31 596 1140 1161 1182 
109 206 223 378 558 799 958 1077 1110 1159 1289 
90 141 161 356 558 597 651 684 720 909 933 1039 1084 1123 1171 1257 
107 192 264 318 437 454 531 662 705 809 811 969 1059 1060 1066 1411 
3 196 578 711 1351 1373 1395 1410 
97 185 404 639 808 876 1006 1186 1285 1294 1366 
206 1001 1355 
95 105 126 138 665 680 763 767 787 900 958 1143 1148 1172 1226 1227 1248 1378 
50 237 267 371 450 507 947 1241 1326 
167 298 477 849 982 1251 1271 1281 
10 29 159 291 454 500 507 569 894 1192 1264 1319 1338 
158 193 303 442 454 462 518 537 551 583 698 1070 1091 1187 1376 1403 
22 89 287 407 534 601 665 796 870 1173 1252 
90 95 150 298 499 716 821 895 901 1312 1377 
39 290 344 441 780 879 1166 1279 1389 
19 405 720 734 761 1023 1035 1095 1200 1228 1372 
47 115 351 355 406 423 750 966 979 985 1028 1036 1081 1256 1294 1323 1411 
100 512 540 559 574 609 785 837 862 883 917 1087 1297 1324 
74 406 442 513 547 735 1081 1255 1395 
114 157 214 226 250 260 274 411 451 453 630 917 962 1303 1406 
357 378 591 725 785 789 1187 1274 1318 1347 
192 342 545 689 708 818 906 1395 1397 
65 219 258 398 427 476 514 601 879 885 1097 
411 479 582 611 775 894 936 937 1029 1031 1068 1178 1247 1290 1336 1350 
56 84 291 327 840 841 1121 1146 1177 1202 1209 1267 1350 
875 901 941 970 1100 1166 1273 1361 
69 194 215 267 291 499 817 831 870 897 1135 1174 1249 1355 1356 1395 
18 178 616 760 776 803 824 939 968 1201 1363 1404 
19 60 183 202 257 331 381 707 918 919 935 1092 1098 1147 1150 1249 
76 88 287 428 725 808 1018 1304 
175 199 370 429 456 465 553 627 743 788 839 927 1042 1231 1376 
34 283 429 458 857 1151 1322 
224 577 718 816 902 1047 1252 
449 640 663 704 871 900 1373 1377 
267 387 406 415 492 541 563 585 617 754 811 936 1044 1350 
176 245 248 283 308 583 598 654 835 1016 1067 1202 1346 1380 
30 195 265 284 295 412 435 472 504 547 595 808 837 905 954 960 1031 1166 1193 1326 
153 253 395 605 623 694 718 904 953 1219 1270 1289 1402 
30 355 402 605 674 743 874 877 949 959 1220 1251 
3 7 87 98 301 337 1247 1388 
40 229 339 352 422 425 642 1248 1397 
40 98 232 278 520 568 599 707 955 1372 
73 255 299 543 607 625 651 660 674 680 735 839 980 1192 
86 288 357 574 804 959 1215 1304 1336 
50 66 125 151 169 223 225 236 555 650 1021 1144 
53 159 758 759 784 791 912 1063 1127 1140 1141 1411 
3 62 131 174 241 359 537 678 688 918 987 988 1034 1080 
77 145 184 230 435 747 922 946 1403 
133 152 309 390 401 549 937 969 1093 1095 1275 1370 1401 
319 421 555 654 703 781 1169 
262 314 373 382 383 420 498 577 589 923 970 1190 1333 1351 
178 205 359 610 871 891 1091 1296 
19 394 513 558 871 874 907 1040 1206 1352 
581 612 722 865 871 1182 1195 1228 1379 
176 392 741 1142 1335 1372 1383 
133 237 614 806 834 912 1001 1256 
127 328 914 975 1381 
199 751 778 826 900 985 1328 
122 149 154 476 1037 1108 1332 1362 
92 396 719 776 819 883 990 1343 
53 60 337 457 537 553 708 794 1286 1370 
26 58 103 368 654 727 759 833 841 847 889 896 1173 1181 1219 1227 1311 1346 1349 
141 301 310 392 397 422 460 639 692 779 820 969 1083 1150 1163 1208 1326 1385 
260 401 887 933 1062 1202 1215 1331 1386 
5 61 305 1156 1177 1292 
4 41 98 119 232 350 425 427 462 649 1013 1055 1093 1279 
167 252 503 622 630 660 711 1013 1146 1176 1196 1337 1394 
54 147 174 263 456 499 510 549 674 724 884 970 1069 1172 
223 444 799 840 1024 1035 1103 1191 1222 1316 1366 1388 
55 106 112 225 874 911 1047 1088 1116 1192 1392 
484 528 616 1000 1013 1051 1114 1119 1126 1204 1233 1312 
170 232 324 433 450 786 897 1170 1372 1389 
21 62 145 247 352 448 472 615 696 701 716 759 1079 1184 1204 1220 1299 
631 641 1279 1340 
312 383 451 885 933 1029 1108 1123 1277 1345 1370 1411 
149 192 216 239 494 769 924 951 
128 180 290 823 874 902 1072 1245 1271 1272 1370 
30 126 143 192 217 559 564 627 646 864 1221 1230 1232 1324 1379 
103 167 340 383 898 1135 1191 1373 
52 142 424 467 564 709 743 842 844 1000 1014 1351 
131 133 265 269 557 734 809 941 1079 1094 1100 1146 1185 
188 273 519 593 612 893 1096 1267 1375 
41 78 84 195 319 418 542 603 705 796 797 1075 1183 1186 1268 
254 363 369 623 743 776 871 1070 1410 
111 189 213 219 407 456 717 900 922 1046 1122 1265 
27 316 339 345 356 1171 1187 1371 
32 39 86 90 335 352 490 562 684 752 766 948 984 1131 1227 1339 1389 
24 408 488 778 955 1054 1196 
28 41 96 192 252 258 316 1011 1088 1328 
156 203 469 620 635 748 917 941 1238 1244 1253 
498 501 629 764 795 864 1008 1089 1219 1253 1276 1410 
7 65 105 223 533 819 831 953 960 1296 
33 73 83 134 539 560 664 1151 
89 194 396 635 658 740 785 983 1001 1021 1138 1287 
1 101 127 273 441 561 761 1007 1079 1122 1144 1150 1215 1342 1343 
30 122 557 574 704 710 782 799 913 1084 
12 111 128 376 408 480 800 935 1038 
5 10 14 183 267 318 371 444 556 587 591 795 837 938 1258 
82 345 366 579 639 690 775 907 960 1004 1029 1235 
89 139 220 648 745 870 871 1366 
54 183 276 449 541 563 584 590 683 738 799 813 924 953 1130 
23 740 757 920 1258 
27 69 100 119 167 268 288 574 596 661 704 710 744 782 873 1206 1342 
311 348 483 507 562 814 821 825 827 940 1241 
116 214 236 656 843 1222 1248 1315 1349 1351 
7 48 54 90 185 372 473 527 755 770 771 940 967 992 1240 1343 1346 
231 347 372 389 600 695 703 948 1014 1372 
190 380 493 636 1163 1200 1285 1320 
74 76 123 477 664 920 924 984 1179 1231 1356 1409 
45 55 176 288 520 523 798 1092 1339 1388 
40 123 170 236 389 469 530 770 893 917 920 981 1079 1133 
324 395 407 828 830 1330 1354 
87 133 167 211 400 518 741 744 969 1010 1075 1171 1194 1309 
45 99 269 324 383 410 427 438 520 624 702 1141 1147 1155 1259 
112 141 198 329 395 413 696 742 952 1247 1312 
37 215 280 284 347 523 920 1202 1264 1290 1316 1359 
151 365 441 491 572 741 785 966 1189 
94 137 184 228 445 524 536 565 603 1076 1203 1300 1354 
19 317 327 511 527 778 1084 1113 1236 1276 1323 1349 1388 1406 1411 
32 156 174 182 245 314 431 453 459 522 710 719 770 800 905 1060 1124 1300 1311 1317 
98 250 280 297 309 490 574 585 592 610 754 1080 1404 
228 261 385 424 514 595 628 793 831 931 1174 
54 90 372 527 697 703 1133 1180 1338 
319 321 364 528 569 805 1295 
325 330 458 717 776 836 877 970 1082 1209 1392 1398 
22 26 59 84 132 229 242 346 398 403 494 513 620 733 742 821 970 1068 1197 1217 1344 1399 
41 167 339 497 745 802 812 934 1095 1201 1242 1243 1267 
40 295 317 342 646 671 681 695 756 778 845 864 1068 1196 1217 1379 1382 
29 55 105 127 248 324 341 437 529 668 671 755 827 1372 
337 373 394 538 692 733 782 877 901 919 1138 1296 1374 
29 189 684 710 855 863 946 1352 1380 
64 119 500 540 631 701 762 945 1039 1278 1337 
146 263 268 667 916 1150 1399 
289 343 497 529 616 654 664 772 954 
86 455 462 647 728 770 858 985 1151 1166 
5 18 47 126 128 141 179 183 436 775 918 923 1199 1222 1242 
34 67 141 184 263 494 634 718 749 886 913 968 997 1019 1058 1119 
119 286 300 326 327 671 1243 1283 
285 423 555 603 686 772 969 1000 
160 177 403 404 463 753 998 1048 1061 1110 1350 
191 250 257 476 648 795 818 1217 
43 59 112 281 312 668 680 1049 1069 1320 1328 1340 1381 
64 122 125 162 224 295 485 495 608 649 689 1007 1062 1195 
20 158 172 174 408 452 604 625 693 722 984 1071 1095 1146 1226 1280 1303 1369 
349 568 658 845 884 1011 1104 1110 1168 1338 1381 1395 
26 620 841 850 1170 1181 1307 1336 1360 
93 145 493 800 870 992 1152 1181 1241 1359 
69 184 275 290 447 526 542 679 725 867 910 1191 1221 
14 94 106 479 517 652 666 916 942 960 1012 1025 1073 1308 
21 111 268 337 393 396 475 555 574 686 721 994 1029 1078 1089 1180 1270 1319 
12 157 161 500 566 752 946 1072 1154 
190 436 440 596 680 774 899 901 902 1126 
285 351 433 461 559 956 1107 1138 1291 1308 
124 128 187 210 544 565 635 645 660 746 894 915 949 1136 1180 1286 1303 
430 455 534 674 815 821 961 993 1087 1336 
159 532 550 849 1286 1309 1347 
59 127 585 749 918 973 1105 1256 1322 
24 212 515 609 766 915 1276 1330 
348 420 430 490 795 1041 1273 1386 
25 335 360 415 530 829 831 1015 1077 1126 1241 1277 1373 1384 
57 183 360 545 666 710 751 973 980 
38 105 196 268 365 447 519 604 640 706 709 841 1113 1154 1330 
95 210 409 589 831 
129 251 348 523 592 606 842 897 1025 1179 1192 1204 1244 
16 53 98 137 222 289 498 736 805 845 995 1017 1064 1085 1334 
440 482 586 649 774 779 797 860 864 1158 
198 267 586 804 1018 1230 
658 665 733 739 966 1042 1119 1179 1265 
233 236 319 440 479 535 917 925 1035 1135 
266 275 402 487 582 593 665 933 1019 1215 1266 1267 1368 1410 
33 54 120 151 245 352 503 549 807 892 1052 1159 1302 1315 
197 230 271 316 345 547 726 785 1041 1145 
46 325 490 514 616 812 1085 1148 1149 1177 1278 1295 1403 
77 94 271 636 1152 1212 1296 1322 
620 900 988 1265 
42 81 340 386 401 423 451 918 930 1025 1307 1385 1386 
4 29 219 259 261 276 349 732 790 1151 1153 1193 1198 1321 
109 272 320 422 433 661 669 1206 1345 
15 63 101 285 822 907 918 1077 1155 1211 1297 1399 1409 
172 266 285 455 588 692 775 1177 1317 
12 204 353 618 763 877 900 954 989 1115 1248 1253 1319 
262 374 451 617 671 776 1299 1329 
13 129 131 272 392 449 489 593 1069 1115 1225 1234 1343 1382 1384 
53 74 111 113 176 409 413 450 526 723 755 908 919 956 1223 1309 1406 
4 486 538 675 770 1013 1317 
50 103 766 913 1015 1022 1046 1156 1347 
83 116 468 615 713 967 
25 45 234 307 370 481 521 522 541 628 845 946 1015 1262 1317 1410 
433 450 954 961 1365 
14 121 187 208 277 297 338 523 583 592 1080 1182 1248 1351 
129 337 484 498 559 702 1136 1220 1296 1342 
188 233 274 644 813 850 1068 1151 1159 1170 1388 
47 226 323 450 565 647 768 782 797 841 895 1049 1211 1219 1362 
276 1181 1258 
145 169 275 418 497 562 612 757 879 905 1164 1186 
92 281 544 928 1087 1299 
162 378 518 645 716 778 883 1146 1289 
233 246 319 602 652 709 722 957 989 1228 1376 1410 
62 88 273 408 428 477 1142 1154 1356 1371 1395 
13 22 109 254 263 415 420 444 494 582 715 792 871 1253 1349 1353 
112 113 251 306 311 465 515 583 590 679 768 840 847 913 1071 1298 
67 118 292 324 443 503 753 1294 1296 1347 
6 80 100 105 111 131 213 437 511 582 603 751 793 1113 1131 1202 1230 1282 
91 164 300 400 765 819 885 
98 188 220 234 318 584 597 798 895 897 947 960 979 1037 1133 1196 1245 
30 145 328 435 696 742 847 1251 1345 
599 776 799 
164 186 589 646 753 764 804 977 
17 32 150 233 391 459 1120 1170 1213 
1 62 168 191 364 386 452 528 646 688 696 1068 1091 1137 1211 
42 67 393 639 912 1125 
42 111 194 199 473 553 640 1000 1140 1187 
307 308 723 1065 1070 1075 1247 1389 
16 42 143 472 491 635 651 1125 1259 1262 1265 1311 
444 614 681 685 697 1040 1140 1212 1276 1294 1360 1402 
231 544 552 622 655 1085 1152 1298 1356 
129 271 357 541 730 905 1193 1400 
64 76 264 309 441 649 834 836 902 911 1078 1231 
31 82 246 637 695 701 716 816 947 1023 1094 1101 1110 1251 1268 1307 1379 
107 426 629 635 663 735 748 776 895 1295 
11 209 467 585 609 651 727 802 894 1007 1235 1248 
231 419 560 603 692 712 761 775 920 996 1042 1143 1185 1215 1293 
48 69 178 335 383 838 1082 1131 1329 1353 
87 130 156 245 407 457 703 822 829 899 969 1083 1086 1192 1230 1296 1313 1343 1399 
51 253 254 270 552 709 726 885 913 1052 1100 1344 1392 
66 85 198 277 377 378 392 445 475 604 617 682 717 760 835 895 915 1040 1074 1214 1264 1320 
329 467 494 518 743 773 906 945 976 1017 1061 1157 1260 
17 48 87 105 440 851 1069 1262 1313 
244 640 915 968 1064 1080 
108 373 467 468 502 516 580 659 889 998 1106 1300 
149 168 344 373 455 558 957 1282 
145 638 670 791 792 959 1240 1287 
6 51 83 255 732 822 993 
27 104 122 176 484 578 579 638 661 761 769 819 1134 1222 1337 
40 198 735 736 744 819 834 915 1093 1299 1356 1386 
79 198 222 226 261 370 667 814 941 956 978 1170 1270 
45 419 476 599 607 621 921 1022 1336 1385 
129 269 437 680 811 947 951 953 1034 1038 1125 1412 
37 323 357 468 576 933 1217 
53 182 568 685 726 744 791 905 930 952 1130 1272 1325 
56 438 531 930 1039 1187 1250 1270 1374 
43 254 258 578 802 1075 1096 1401 
37 196 469 518 656 1125 1202 1258 1412 
35 39 75 98 356 614 682 685 941 1295 
202 210 330 373 435 826 968 991 1138 1240 1397 1401 
13 72 297 358 433 936 984 1207 
70 94 200 277 445 924 988 1094 1130 1221 1275 1282 1346 
82 86 185 259 262 402 428 560 695 903 968 982 1141 1358 1404 1405 
207 241 297 429 556 654 670 790 847 922 1078 1157 1195 1373 
32 210 442 481 518 711 950 1104 1139 1180 1232 1253 1281 
170 273 452 572 654 724 992 1008 1058 1120 1146 1273 1325 1336 
624 957 1080 1133 1178 1208 1282 1385 
260 351 519 798 823 857 1104 1207 1351 1411 
14 93 196 211 323 477 802 908 967 1028 1036 1104 1243 
186 317 395 664 781 1025 1067 1196 
137 273 287 422 506 554 731 755 1053 1076 1158 1167 1172 1206 1288 
22 35 109 153 287 658 669 926 1041 1092 1154 1186 1251 
12 101 114 119 163 532 795 852 986 990 1058 1082 1155 1285 1343 1373 
111 164 166 182 708 863 975 977 1060 1167 1173 1307 1327 1396 
58 67 93 160 232 259 371 563 622 633 668 866 867 883 1229 
117 144 235 244 291 346 460 554 791 1139 1316 1408 
56 310 331 589 830 875 975 1020 1120 1133 1139 
63 261 442 455 743 773 796 1004 1140 1147 1198 1229 1269 
167 171 490 565 747 777 853 1128 
22 184 491 542 624 742 780 801 954 1152 1373 
262 331 535 708 1366 
101 133 143 521 571 659 860 1062 1134 1320 1353 
59 182 307 347 542 692 768 862 1024 1029 1143 1324 
4 18 147 443 528 534 708 745 824 864 880 912 933 958 1013 1016 
712 919 1080 1214 1314 
84 230 342 433 495 516 1244 
369 384 445 563 579 613 636 704 770 795 1153 1191 
68 73 198 306 347 480 577 685 1227 
197 592 605 740 767 878 992 1041 1078 1112 1234 1251 1273 1366 1412 
188 210 325 403 651 657 769 829 833 915 1130 1169 1222 1234 
164 286 323 436 443 749 1128 
227 269 519 691 846 1136 1137 1280 
188 213 469 496 589 950 1383 
367 798 802 833 1127 1141 1149 1162 1216 
89 170 213 261 603 634 958 995 1007 1096 1240 1356 
177 346 395 470 537 539 745 912 1057 1115 1120 1138 1155 1254 1256 1291 
96 178 179 396 435 698 1123 1231 1235 
302 306 499 651 837 860 870 884 986 1004 1250 1293 1318 
55 267 441 667 895 932 1252 
109 1007 1348 
140 219 300 325 336 393 418 449 545 589 591 645 983 1211 1243 1347 
579 666 729 1138 1157 1263 1377 1410 
47 184 195 353 392 429 615 647 746 764 772 802 1285 1309 
131 283 299 423 453 459 617 828 840 954 1207 1328 
116 151 276 350 385 485 706 951 957 1130 1312 
12 77 83 93 125 261 388 602 616 755 884 915 993 1273 
82 132 539 788 878 978 1027 1040 1105 1164 
33 72 299 313 316 375 521 525 566 736 779 910 1181 1291 1372 
13 93 162 242 264 365 431 533 587 723 957 990 1147 1187 1192 
159 166 397 410 481 962 1191 1367 
86 139 349 416 423 511 684 694 863 913 1018 1062 1138 1401 
6 216 245 347 362 510 635 736 864 890 970 991 1034 1049 1150 1292 1299 1405 
73 122 265 373 394 419 573 970 1078 1339 
456 518 578 898 903 1056 1255 1301 1321 
74 124 295 309 500 509 719 851 963 1042 1245 1304 1335 
137 220 645 686 714 811 834 847 1043 1297 
181 248 330 433 462 796 895 934 1352 
33 156 219 331 336 340 600 774 913 1009 1083 1187 1302 1335 
167 222 323 329 605 704 730 739 901 974 1211 1345 
291 357 398 587 611 736 812 929 1054 1252 1385 
16 23 86 97 167 267 436 474 499 577 658 663 767 938 1119 
60 127 151 158 159 550 942 1229 
76 282 302 327 378 410 506 540 671 716 760 779 1132 1170 1219 1264 1294 
178 215 232 446 469 536 625 632 648 653 741 791 872 1316 
208 371 585 692 858 983 1190 1361 
58 179 272 627 714 822 
47 92 107 115 267 356 436 505 675 779 917 968 976 1037 1172 1209 1248 1334 1395 1403 1408 
26 210 408 660 880 1307 
300 500 548 562 843 891 1118 1183 1213 1354 
159 213 282 449 571 574 648 805 876 898 960 1193 1200 1230 
13 23 287 646 815 1264 1278 1332 
37 482 590 663 715 801 805 854 875 952 1121 1141 1215 1233 1344 
178 348 596 718 805 1086 1106 1239 
488 581 956 1280 
89 227 368 374 377 475 540 568 675 691 747 749 1143 1305 1328 1337 
6 57 109 334 377 386 493 719 883 931 1001 1029 1119 1123 1318 1354 
237 258 390 425 456 482 883 889 923 1268 1291 1297 
54 122 428 511 608 989 1011 1215 1312 1314 1383 
25 37 486 528 654 888 967 987 1016 1060 1244 
13 184 220 361 648 902 936 946 949 1014 1324 1352 
253 359 474 667 674 747 751 786 961 988 1141 1232 1322 1325 
141 453 473 478 543 608 630 835 918 1024 
297 373 467 527 1100 1132 1396 
3 170 206 288 384 535 796 864 946 975 1347 
40 157 256 346 401 485 488 538 602 631 830 902 1245 
474 552 812 1267 
171 296 316 755 932 1043 1136 1231 1262 1308 
244 420 534 680 743 838 869 
335 397 442 499 630 815 859 1364 
5 142 313 464 469 486 509 717 737 746 889 1046 1155 1225 1361 
24 141 251 736 761 776 1269 
29 218 338 381 695 853 1053 1369 
60 290 437 477 525 537 883 948 1011 1045 1083 1202 1361 
332 471 482 588 871 978 1034 1074 1083 1169 
147 317 620 689 773 821 839 895 959 1005 1054 1076 1153 1190 1405 
35 235 466 477 533 565 842 941 986 1024 1136 1331 1351 1365 1397 
86 330 492 497 512 540 577 661 808 1138 1291 
1 234 268 306 320 411 492 494 648 1079 1201 
264 361 412 581 689 782 926 1167 1231 1299 1336 1386 
80 116 182 489 490 605 789 794 1000 1047 1075 
35 255 294 468 521 554 638 668 699 789 791 1070 1228 1272 1330 1333 
4 50 99 223 273 284 347 374 490 495 604 606 728 817 1005 1067 1087 1127 1174 1216 1245 1251 
6 52 290 418 494 595 619 645 686 734 1079 1155 1286 1353 
425 564 639 712 872 880 925 971 1070 1219 1249 
88 125 274 281 342 489 515 655 696 833 990 1145 1156 1360 1389 1393 
10 198 238 312 338 583 654 754 907 1061 1150 1172 1399 
161 174 215 430 453 481 680 823 835 902 935 946 1138 1160 1373 
17 104 158 279 298 447 461 538 670 811 852 871 1033 1042 1107 1123 1133 1298 
238 579 1241 1380 
142 377 591 613 642 753 1019 1158 
214 318 349 694 721 827 969 983 1044 1154 1202 1288 
184 507 762 1039 1069 1124 1129 1164 1267 
459 696 715 728 771 997 1026 1094 1124 
403 455 705 785 1031 1308 1351 
156 158 251 504 541 542 579 793 933 970 1077 1183 1268 1357 
29 565 635 731 825 913 1187 1384 
16 28 59 447 482 597 641 734 975 1055 1145 1172 1230 1254 
215 444 551 594 742 896 926 
76 266 350 443 470 529 735 737 928 1192 1289 1291 
40 111 165 489 669 
83 106 166 200 273 867 876 895 920 1069 
40 96 170 269 320 732 747 1059 1098 1197 1259 1303 
105 305 348 497 517 749 955 1087 1095 1244 1283 1286 1380 
377 418 640 893 1001 1248 
78 296 515 572 580 847 1060 1228 
70 144 159 260 344 374 390 397 446 573 881 925 967 1178 1260 1378 
229 309 400 424 539 669 1015 1124 
143 189 257 261 539 567 611 617 631 660 790 1098 1109 1306 
107 121 335 414 440 493 684 759 863 1127 1176 1214 
40 54 267 335 595 631 697 711 850 931 937 1045 1068 1169 1174 1179 1198 
21 101 257 263 311 337 595 1224 1334 
16 32 114 147 265 641 668 832 1081 1105 1119 1201 
65 69 440 485 733 899 1355 
295 331 889 954 1014 1321 
29 116 253 266 270 475 567 603 774 807 824 1024 1089 
218 271 357 416 471 536 558 710 770 944 966 1017 1128 1356 
84 146 276 281 511 545 655 794 898 915 950 982 1054 1063 1174 1207 1214 1336 1395 
8 258 307 550 909 931 954 1014 
56 85 151 388 707 781 873 952 1155 1195 1395 
303 405 766 932 1137 1353 
22 239 441 488 939 946 958 1222 1313 1344 
56 160 302 416 480 804 894 908 1121 1203 1320 1376 
40 316 413 476 539 573 636 695 802 841 964 1062 1114 1151 1202 1272 1344 1370 1376 
137 265 456 528 560 638 809 876 995 1073 1381 1399 
159 194 208 428 485 560 980 996 1096 1181 1251 1370 
34 39 277 332 477 500 810 845 868 882 1011 1013 1041 1126 1151 1180 1195 1225 
7 240 428 439 519 520 535 671 672 711 817 994 1073 1081 1214 1254 1363 
39 127 165 279 455 467 489 789 843 1166 1225 1401 
125 182 248 335 364 507 555 564 720 904 1005 1073 1129 1208 1256 1260 1300 1351 
42 69 86 230 295 412 415 507 591 599 817 865 1082 1090 1327 1355 1397 
33 190 474 617 719 895 917 1111 1128 1134 1191 1374 1392 
301 343 363 753 854 916 1136 1310 
4 57 169 308 433 529 874 1048 1221 1228 1258 
77 577 856 980 
63 166 184 319 1068 1282 
84 461 668 1032 1141 1238 
91 116 196 215 318 627 664 787 805 850 1160 1241 1386 
303 454 530 725 762 799 1006 1031 1071 1227 1262 1299 1371 
81 159 510 633 779 983 1119 1191 1393 
82 106 129 363 372 478 949 959 971 1003 1090 1095 1106 1149 1347 
4 178 208 359 712 913 982 1086 
72 403 408 493 569 716 869 890 1133 1168 1376 1391 
11 59 113 192 197 286 297 541 964 1277 
12 64 245 396 579 647 1195 
13 228 243 641 725 895 926 972 1120 1134 1246 1347 1370 
149 150 200 378 528 780 1038 1326 
43 165 225 300 338 943 989 1011 1087 
70 105 240 369 395 536 537 822 1097 
56 64 85 102 113 242 612 752 855 1210 1409 
10 234 251 342 461 1088 1136 
100 182 248 407 419 641 822 854 
113 225 227 496 541 797 1123 1323 
105 265 301 340 411 488 508 724 839 849 955 1135 1157 1237 1260 1293 
6 103 298 440 637 772 781 997 1106 1156 1336 1356 
116 520 527 795 853 871 1211 1379 1385 
189 292 387 467 620 740 784 1067 
35 66 83 158 271 554 644 914 983 1138 1378 1411 
856 1055 1336 
414 462 657 719 849 880 929 942 1011 1376 1380 
264 398 517 693 1018 1147 1388 
24 138 445 518 535 634 644 974 1052 1063 1359 
127 165 191 243 250 268 297 462 676 765 790 1189 1192 
796 904 993 1208 
386 611 681 699 700 972 994 1041 1073 
45 88 180 198 420 453 489 546 770 827 834 878 914 1156 1170 
152 381 389 446 605 791 817 1014 
17 27 246 381 419 434 501 507 556 580 669 671 988 1067 
377 517 579 586 617 664 669 682 723 782 789 859 888 935 1085 1199 1300 
98 201 466 491 
53 63 171 317 347 350 703 774 795 847 1000 1041 1182 1264 
159 183 337 348 498 730 1061 1129 1295 1304 1372 
248 352 605 649 731 781 904 936 957 1166 1304 1326 1328 
182 268 304 368 457 745 825 836 988 1066 1107 1201 1307 1380 1404 1412 
48 97 313 314 580 886 1081 1375 
42 87 245 441 452 688 885 893 1009 1125 1141 1273 1355 
5 114 327 486 626 651 670 880 954 1366 
96 198 310 355 409 425 433 711 822 854 915 937 1016 1161 1327 1376 
4 83 248 348 464 780 890 1231 1261 1352 
25 168 245 433 502 542 598 1296 
268 311 337 421 714 861 932 1194 1296 1300 
229 317 330 635 764 920 993 1340 
93 510 738 801 927 1171 
102 184 269 495 522 523 689 703 765 1097 1170 1294 1298 1347 
93 148 250 299 465 1325 
105 150 352 509 715 828 1221 1230 1362 
61 183 591 667 1035 1209 
36 189 354 384 542 623 723 837 1071 1101 1197 1306 1394 
41 125 254 450 712 838 976 980 1185 1222 1238 1292 1318 
19 24 142 160 170 658 766 784 809 814 884 1175 1281 1322 
345 438 477 674 782 1006 1132 1140 1365 
230 265 286 350 369 427 527 692 822 853 889 956 1055 1090 1116 1162 1231 
48 93 291 309 373 494 630 786 868 939 966 1155 1191 
43 133 185 186 421 451 492 578 584 801 803 842 980 1081 1149 1203 1285 1351 
113 311 494 668 688 845 955 1062 1095 1113 1318 
190 384 694 907 1047 1116 1158 1233 1264 
290 470 474 688 705 706 723 761 774 825 850 1386 
165 305 368 675 752 836 1133 1176 1286 1326 
199 268 680 737 763 922 951 1074 1216 1397 1407 
171 452 520 576 764 915 1065 1340 1405 
9 201 229 342 561 613 614 631 780 789 877 1010 
78 419 502 612 618 750 812 892 1025 1084 1128 1410 
44 203 362 391 612 641 658 691 785 822 823 880 974 976 986 1012 1246 
220 334 435 753 784 830 909 916 1152 1364 
22 82 109 175 218 281 320 438 846 965 1051 1064 1087 1089 1131 1153 1295 
53 94 182 329 373 436 520 543 580 697 940 1080 1235 1278 1389 1410 
328 613 626 805 839 1229 1293 1298 
495 670 826 845 979 1027 1092 1160 1237 1257 1392 
237 273 293 322 487 568 664 734 904 1058 1234 1270 1333 1339 
51 73 121 384 633 756 1135 1155 1156 1200 1250 
123 214 363 407 734 820 965 1096 1215 1243 1250 
28 128 185 231 599 684 781 900 1044 1075 1095 1132 1162 1164 1209 1288 1346 
40 261 399 412 771 870 887 1005 1008 1189 1261 1316 
102 190 291 456 716 765 940 1160 1169 1198 1319 1386 
26 588 618 660 958 1159 1182 
51 178 225 458 549 852 1063 1071 1136 1138 1357 
269 335 676 777 819 842 844 1004 1009 1040 1231 1285 1373 
238 367 783 802 1052 1227 1263 1266 
40 62 131 167 214 474 481 604 741 847 897 1065 1221 1237 1351 1372 
131 221 279 477 520 522 612 658 917 920 985 1097 1117 1341 
115 122 456 689 699 891 961 1009 1182 1339 
20 52 407 551 621 643 892 1015 1033 1050 1072 1315 
48 53 71 284 427 573 638 716 861 916 1095 
237 241 301 361 367 444 508 593 853 871 1286 
13 14 109 255 321 419 535 639 655 676 733 751 803 1026 1298 
366 566 660 787 838 1253 1301 1310 1370 
6 108 146 379 381 493 536 634 645 708 907 1083 1085 1401 1410 
153 210 246 358 496 636 800 844 851 958 1292 
48 103 181 309 359 376 516 697 844 928 1177 
221 509 524 557 563 614 747 798 808 858 946 1096 1103 1104 1167 1318 
188 502 940 1154 1355 
633 730 1041 1157 
339 569 573 702 735 742 846 994 1011 1113 1162 
16 52 120 301 344 433 448 495 638 1337 
225 275 355 357 463 670 697 874 876 1143 1173 1364 
39 282 340 435 556 669 705 716 1100 1208 1323 1329 1337 1392 
247 288 456 462 472 490 708 740 763 773 783 816 911 1142 1322 1410 
7 213 290 313 365 584 682 685 747 814 1259 1396 
78 192 656 704 868 1096 1175 1360 
12 74 150 190 361 368 422 430 588 761 813 864 951 961 1015 1262 
64 137 142 296 345 808 903 929 1128 1315 1384 
40 126 456 656 671 705 743 914 1097 1172 1238 
51 183 197 209 281 396 398 471 498 686 976 1141 1257 1325 1408 
363 497 529 636 1068 1084 
36 252 390 650 653 659 693 785 824 978 987 995 1316 
422 571 700 734 875 963 992 
117 241 292 315 404 453 601 614 631 759 1122 1355 
377 414 656 687 713 839 873 1011 1071 1072 1105 1185 1196 1278 
42 69 190 214 301 460 520 626 637 674 738 1066 
250 325 381 489 863 988 1030 1066 1097 1178 1202 1339 1343 1408 
136 151 1198 1279 
181 367 453 464 670 777 816 846 1165 
17 29 240 256 281 402 549 580 620 895 1305 
155 160 315 317 787 942 1222 1280 
296 308 434 812 972 1230 1234 1369 
59 280 383 431 473 598 894 903 991 1063 1109 1299 1401 1409 
59 276 289 407 493 524 548 606 796 852 927 1085 1187 1287 
48 325 404 512 519 579 580 647 703 777 933 1002 1179 1180 1181 1331 1345 
37 379 396 500 588 619 646 663 706 712 715 790 918 1116 1381 
33 131 275 276 285 329 455 539 579 653 845 885 1105 1176 1251 1278 1345 1397 1404 
539 766 865 908 910 976 1014 1026 1154 1190 
26 70 110 121 137 832 1101 1171 
36 40 66 97 186 190 215 302 473 602 660 989 1319 
83 89 332 459 467 609 694 1042 1076 1150 
574 628 636 707 726 749 1153 1155 1220 1388 
5 88 727 743 777 844 862 995 1048 1081 1088 1121 1146 1345 
52 194 726 1056 1126 
58 125 295 348 682 729 787 857 934 950 993 996 1061 1207 1278 
155 190 289 299 385 480 499 610 709 721 983 1036 1108 1111 
46 275 362 576 804 826 854 911 1323 1351 
47 373 391 580 649 679 703 1003 1051 1103 1231 1401 
139 248 692 856 978 1050 1132 1245 1254 
30 45 150 234 278 443 521 623 691 975 1102 1142 1264 1285 1366 1406 
61 362 387 391 420 649 960 1312 1408 
286 297 448 495 654 690 948 1385 
20 85 123 659 704 788 790 820 872 893 1099 1182 
106 119 194 357 587 606 608 714 1003 1131 1140 1166 1265 
169 290 487 491 595 632 714 830 1039 1071 1254 1277 1292 
114 246 686 940 1236 1308 
40 424 467 614 684 780 1043 1051 1138 1198 1237 
9 58 95 210 277 327 369 415 457 603 683 833 910 1117 1223 
56 136 291 572 656 741 829 848 900 933 1085 1122 1224 1362 
22 185 443 503 607 675 776 913 1006 1080 1256 
254 275 366 395 484 535 728 788 1403 
110 220 262 353 357 497 505 795 808 891 915 1092 1294 1360 
55 88 270 362 522 617 640 646 712 778 1050 1178 1289 
159 429 768 1083 1324 
114 126 493 576 632 711 744 1028 1210 1266 1277 1342 
43 576 657 860 887 970 986 992 1020 1397 
220 279 366 1248 1275 1304 1358 
117 261 338 644 736 808 901 1274 
1 48 197 254 270 371 582 595 669 682 737 740 1175 1176 
95 114 181 243 250 419 451 650 687 770 775 810 899 992 1154 1223 1299 1309 1320 1364 1372 
151 230 506 608 647 653 890 1082 1106 1144 1396 
309 437 608 670 950 1127 
176 189 531 676 884 896 986 1087 1347 
169 208 406 413 416 638 648 724 750 1061 1190 1252 1280 1301 
90 227 309 345 372 680 740 816 1079 1252 1339 
95 243 250 267 278 308 528 886 905 915 1330 
21 152 214 397 522 539 589 699 736 962 
101 369 417 496 553 600 670 697 904 1201 1286 
19 334 659 734 769 917 1008 1041 1043 1048 1153 1352 
448 458 592 688 689 854 975 1231 1241 1356 1378 
5 54 129 347 464 505 597 670 750 794 944 1051 1231 1409 
161 220 344 366 455 554 625 634 647 744 809 867 1009 1233 1267 
102 232 272 373 482 804 805 916 973 984 1116 
180 185 284 465 730 799 1405 
86 110 207 267 447 468 543 571 920 936 1077 1100 1121 1309 1371 
56 126 150 163 541 997 1080 1244 
297 503 680 744 823 913 915 940 1008 1063 1169 1274 
75 84 118 201 291 345 1171 1291 1299 1408 
331 360 441 580 599 608 1346 
215 398 565 708 783 864 951 
95 168 177 295 550 557 
319 372 387 676 678 734 1004 1072 1133 1216 1287 1334 
25 57 72 209 368 677 878 933 1110 1198 1205 1366 
10 282 494 505 695 912 1141 
434 679 1071 1241 
134 364 451 583 643 718 802 862 867 907 1066 1121 1144 1162 1285 1356 1406 
20 47 403 508 584 787 1007 1036 1178 1185 
60 137 324 380 514 749 1353 
17 115 273 277 315 525 636 838 1109 1226 
57 104 163 228 495 509 620 622 657 713 726 821 878 898 938 1097 1148 1223 1375 
5 113 117 166 190 367 382 511 644 880 946 1183 1211 1220 1367 
32 312 382 440 444 452 483 702 711 775 813 979 980 1045 
2 20 482 511 610 703 769 913 1111 1145 1257 
56 58 96 248 594 660 892 1183 
123 315 451 1029 1030 1073 1359 
99 241 249 421 568 648 703 709 769 775 902 1145 1193 1283 
77 118 202 260 264 456 630 693 839 855 932 951 976 1200 
262 273 353 412 510 644 824 861 970 1154 
178 186 227 231 374 410 480 653 677 895 
1 135 140 250 260 382 387 699 716 721 767 919 937 1061 1120 
54 139 247 274 416 428 585 803 832 1147 1342 
35 115 301 435 482 977 1270 
195 411 467 473 514 641 649 945 1013 1148 1207 1218 
31 237 367 754 853 1289 1335 
82 284 304 423 467 515 676 732 880 1085 1107 1231 1361 
135 164 613 708 715 831 1141 1173 1275 1405 
37 46 205 308 350 473 636 1275 1301 
234 298 561 609 889 904 998 1050 1218 
1 103 287 349 355 502 544 615 762 850 961 1011 1022 1066 1100 1238 1340 
182 268 498 748 801 963 965 1019 1109 1394 
253 276 331 403 438 479 1087 1102 
117 275 621 885 1196 1206 1267 1338 1408 
249 342 888 904 1041 1049 1057 1147 1205 
5 193 1045 1089 1193 1204 1386 
193 209 220 521 658 1024 1044 1068 1079 1150 1157 1249 
122 175 373 455 811 922 942 973 1209 1332 
163 242 369 381 483 608 651 1173 1198 1240 1299 1375 
279 504 550 753 914 917 1109 1148 1400 
134 144 155 328 610 648 958 
238 355 435 593 611 945 953 956 1176 1326 1357 
115 351 574 595 625 786 1241 
59 75 132 234 305 333 532 601 672 892 977 1202 1221 1374 
12 62 117 155 421 453 744 953 1233 1260 
340 348 415 698 813 877 1019 1079 1191 1252 
121 223 381 422 713 737 740 1302 1332 1352 
47 51 109 133 253 258 267 282 332 419 528 577 704 924 
61 83 253 505 624 799 1076 1185 1310 1345 
281 286 435 566 846 875 877 1046 1134 1312 
18 104 374 410 487 648 832 875 913 934 990 
15 299 313 450 527 582 608 1334 1380 
171 246 283 327 369 704 736 740 857 976 1235 1307 1352 
18 175 207 231 272 329 354 367 483 694 858 893 908 1003 1225 
2 411 628 663 669 677 919 998 1026 1083 1165 
22 30 81 136 205 235 266 275 344 697 1211 1328 1379 
27 63 100 210 313 440 455 459 551 782 861 1183 
12 162 412 558 590 612 691 806 1167 1184 1217 1218 1397 1409 
3 197 402 531 566 584 623 849 956 960 967 980 1134 1153 
86 243 250 277 340 491 580 602 779 881 1122 1133 1144 1212 1254 1266 1282 1297 1341 1383 
629 648 724 901 907 946 1041 1070 1388 
55 131 193 568 601 615 980 1153 1376 
47 115 165 168 241 264 319 506 614 656 962 1056 1099 1407 
62 219 473 604 765 792 822 1066 1094 1188 1220 
155 549 637 665 679 731 827 1121 1135 1182 1252 1265 1375 
138 178 439 687 695 814 1107 1230 1238 
106 168 492 493 540 580 612 1159 1171 1230 1323 1409 
40 324 396 520 574 670 687 816 844 845 903 904 977 1380 
6 193 379 387 408 456 493 578 997 1006 1179 1293 1307 
50 347 379 786 802 849 870 893 1042 1246 1312 1330 1370 1404 
54 269 350 507 795 816 820 1210 1221 1335 1359 
107 208 492 529 715 803 870 872 919 967 1089 1233 1368 
238 245 288 306 405 419 567 582 696 793 799 842 1169 1191 1293 1324 
160 230 410 449 476 575 668 889 939 946 1359 
230 313 340 564 877 975 1016 1036 1133 1233 
257 352 400 426 641 930 944 973 1094 1209 1281 
40 102 149 216 243 248 354 550 718 771 795 913 999 1020 1100 1151 
2 244 267 294 639 815 860 1111 
12 412 464 594 605 754 1097 1196 1270 
14 32 111 274 368 389 401 426 435 535 629 730 792 813 818 992 1008 1054 1133 1157 1228 1232 
58 73 175 605 636 745 794 814 1212 1253 
7 24 144 191 314 355 534 681 717 950 1015 1138 1165 1236 
19 28 94 271 312 462 464 465 549 618 717 1050 1062 1190 1222 1270 1330 1339 1367 
95 203 780 901 1000 1026 1105 1135 
94 135 318 527 970 988 1115 1195 1263 1289 
144 153 177 184 489 641 652 696 702 826 1019 1028 1139 1150 1187 1384 
87 151 228 536 601 716 912 999 1132 1211 
8 538 704 1070 1110 
151 182 385 448 500 760 832 1011 1096 1192 1250 1283 1315 1391 
32 70 274 320 452 478 613 666 822 899 1099 1182 1369 
16 92 248 339 651 736 768 802 915 979 992 1084 
251 383 601 649 788 803 816 875 966 1073 1075 1099 1105 1140 1189 1213 
302 463 481 800 847 1041 1139 1203 1249 1260 1393 
180 366 648 663 709 790 793 814 821 1034 1145 1192 1205 
111 174 494 539 542 578 902 1095 1182 
40 64 87 169 288 802 1050 1091 1116 1254 1271 1371 
7 207 239 351 381 382 628 852 857 1102 1194 1208 1213 1411 
1 124 210 622 687 793 873 959 981 1317 
70 161 251 273 302 487 734 816 875 1002 1064 1218 1230 1267 1317 1336 1356 
45 107 145 326 371 380 458 560 563 589 603 614 786 812 858 889 928 1248 1385 
14 224 400 499 614 721 825 835 973 1090 1099 1189 1365 
20 58 175 416 527 656 742 926 1133 1215 1265 
8 251 508 585 608 823 943 1313 
32 47 147 205 392 619 681 808 1061 1089 1179 1249 1382 
83 94 251 276 503 577 787 1232 1325 1373 
127 144 259 436 597 874 961 1089 1265 
3 53 74 307 371 422 693 981 1141 1411 
259 409 477 615 689 1198 
26 174 239 269 307 310 750 952 1012 1194 1211 1230 
2 9 64 100 122 524 673 745 773 811 911 1055 1387 
128 209 422 426 497 692 902 1322 1354 
4 203 365 382 448 577 1040 1286 
183 373 474 499 823 936 1134 1166 1203 1254 
272 365 585 609 993 1093 1094 1118 
165 184 245 430 599 1255 1284 1370 
370 480 600 637 733 1263 1395 
27 178 190 487 565 618 659 741 866 869 1002 1009 1039 1043 1355 
172 216 348 436 860 956 1074 1109 1142 1267 1385 
74 172 209 293 309 340 535 1008 1125 1291 1387 1404 
36 227 311 488 605 628 795 932 1194 1403 1406 
252 461 540 1071 1137 1394 
78 227 628 639 640 677 790 977 984 1058 1073 
275 292 312 335 538 606 619 671 790 998 
77 92 126 424 616 644 663 772 869 918 1118 1158 1340 
73 209 348 353 396 448 517 582 630 815 1088 1197 1277 1367 
137 693 893 900 1117 1136 1242 1257 1358 
34 157 303 565 571 781 792 891 1046 
120 293 339 522 549 608 753 858 1000 
132 147 375 447 639 1032 1248 1263 1365 
405 500 627 668 819 914 1160 
4 411 484 567 603 635 748 867 939 1291 
18 124 464 544 563 589 681 714 888 968 1125 1269 
278 561 741 918 932 1041 1249 1369 
546 570 683 1073 1222 1380 
179 400 679 775 819 859 884 1032 
282 457 641 776 822 850 
62 481 580 857 1055 1259 
68 313 414 430 700 800 840 912 1354 
11 74 592 634 742 779 905 971 1004 1009 1074 1143 1175 1395 
165 415 677 730 1010 1135 1226 1378 
127 278 406 443 521 661 964 1012 1126 1244 
13 99 225 238 275 313 416 444 476 651 724 
136 201 542 672 920 994 1095 1235 1406 
407 839 1196 1388 
116 295 407 513 716 730 853 881 1111 1142 
84 89 538 604 650 1061 1173 1209 1212 1370 
78 136 480 554 839 846 870 910 940 995 1035 1149 1350 
160 174 247 294 430 624 792 794 869 1296 
87 181 199 200 201 231 247 347 486 500 567 635 878 1139 1194 1220 1370 
90 456 496 687 794 1023 1052 1140 1143 
40 250 531 659 820 1121 1179 1374 1408 
186 200 217 224 545 646 828 893 1069 1110 1239 1304 
173 409 464 657 772 773 814 821 973 1146 1315 1381 
11 153 462 513 536 646 1082 1160 1165 1251 
29 115 186 272 277 328 612 768 772 797 890 973 1114 1173 1281 1298 1305 1337 1406 
99 133 139 421 439 577 727 734 871 906 997 1013 1020 1045 1073 1200 1248 
146 162 170 342 893 907 915 1058 1368 1381 
137 416 460 496 571 588 614 735 749 1163 1322 
518 782 867 1140 1200 1235 1334 1385 
30 538 924 1378 
29 31 70 165 207 344 407 468 469 485 923 1169 1391 
215 292 430 438 601 707 857 944 1341 
69 80 170 222 351 372 587 671 756 943 1160 1284 1308 1373 
32 130 284 586 710 1192 1232 1239 1303 1313 1343 1381 
78 211 624 700 913 1016 
11 27 114 139 471 580 757 854 953 1191 1225 
46 69 72 209 377 469 482 526 603 752 796 822 993 1034 1260 1275 
444 554 590 705 877 966 1149 1286 1331 1335 1386 
199 461 632 696 849 1064 1159 1218 1222 
318 613 633 738 766 1092 1225 1311 1329 1387 
24 229 258 516 587 687 776 792 848 874 879 940 1204 
57 158 171 301 368 534 667 937 1108 1192 1256 
62 75 127 161 340 352 367 373 431 449 487 513 543 557 664 743 906 950 1090 1135 1252 
40 126 209 510 707 1012 1013 1027 1043 1230 
82 174 219 311 352 630 907 910 921 1030 1125 1160 1234 1246 1307 1353 
226 446 462 529 734 903 
299 371 525 704 812 1276 1289 
86 155 181 205 232 322 328 623 693 848 1056 1098 1184 1245 1264 
145 161 173 277 299 451 702 783 806 1071 1282 1370 
13 74 180 224 299 365 472 477 499 740 817 833 1247 
92 108 395 446 652 667 790 898 972 982 983 1316 1319 1393 1395 
66 185 541 575 584 620 712 752 757 790 
101 184 267 342 364 387 710 861 945 959 1004 1015 1367 
169 374 878 895 1053 1204 
126 200 246 326 498 607 638 730 783 879 897 1029 1099 1144 1207 1246 1363 
331 401 534 672 776 1133 1276 1390 
23 150 530 615 1028 
295 440 672 692 869 897 916 935 1036 1060 1091 1099 1296 1374 
94 122 217 365 648 681 832 1009 1062 
193 203 358 416 428 728 809 860 933 1068 1128 1147 1261 1372 
243 284 333 348 372 443 450 508 553 694 721 737 773 799 887 1360 1403 
1 41 101 204 569 577 653 762 852 950 990 1062 1313 
301 305 373 376 382 422 438 529 589 611 696 710 721 813 879 1049 1351 
36 54 113 135 280 296 544 615 634 717 910 972 1010 1032 1040 1191 1223 1353 
98 107 112 123 165 167 237 258 316 459 543 631 713 762 1195 1234 1355 1368 1403 
127 176 194 283 304 323 326 474 670 846 855 948 1021 1148 1270 
105 125 176 277 331 417 744 777 794 958 990 1174 1338 
249 256 258 263 369 513 593 631 719 865 1047 1082 1162 1204 1205 1295 1370 1392 1409 
384 897 1322 1343 1397 1409 
51 106 195 232 396 610 760 1093 1175 1226 1242 1323 
128 198 283 469 883 965 988 1017 1056 1150 1199 
41 223 248 256 394 770 882 1031 
316 496 518 1158 1292 1321 1324 
82 127 404 491 510 557 824 1202 1212 1253 
46 112 178 594 668 1199 1254 1274 
71 102 112 343 511 640 822 1025 1190 1290 1309 
452 571 652 1068 
323 387 388 798 958 1258 
8 51 103 269 468 522 530 1136 1152 1194 1298 1305 1312 1394 
25 72 431 479 532 592 741 842 855 980 1069 1313 
19 56 150 211 222 317 386 416 507 669 693 727 912 1146 1157 1202 1267 1381 
66 74 274 449 679 773 1303 1314 
45 49 67 69 75 176 244 499 580 910 991 1036 1054 1155 1385 1407 
64 103 171 182 393 472 584 719 835 992 1047 1208 1300 1306 
171 196 522 589 744 894 954 1045 1204 1232 1283 
7 245 453 734 967 1046 1137 1140 1151 1225 
175 533 604 796 853 1212 1351 
251 253 617 625 642 690 721 869 893 993 1022 1409 
95 173 228 237 383 391 488 1117 1147 1291 
6 19 41 55 89 296 454 571 665 760 1033 1040 1145 1372 
35 133 559 825 885 1032 1068 1293 
6 75 528 715 798 884 1031 1394 
57 279 374 747 764 905 1407 
23 195 278 298 335 472 476 499 533 641 735 783 796 1007 1073 1150 1248 1323 
156 352 366 385 1038 1322 
100 147 234 254 485 686 918 994 1138 1188 1241 1245 1301 1307 1334 
34 186 301 472 552 1220 
135 397 425 529 679 706 804 895 914 1028 1053 1080 1117 1139 1180 1331 
29 102 223 385 437 610 651 724 741 
93 262 387 464 531 831 963 999 1064 1391 
6 44 90 107 185 239 248 385 764 767 888 1344 1398 
49 184 281 328 336 412 436 526 530 588 937 1064 1218 1365 1389 
189 235 515 565 606 1023 1064 1257 
300 331 383 466 603 764 781 840 1180 1338 
122 345 378 399 437 441 584 1292 1303 1322 
35 53 112 149 155 416 427 533 626 639 763 919 930 1176 1197 1225 1264 
186 191 379 487 552 820 905 1022 1074 1266 
62 141 184 239 246 296 352 462 685 781 1299 
302 336 473 632 651 753 828 1135 
26 167 442 711 785 1054 
447 657 754 952 1041 1127 1302 1390 
535 555 863 1055 
85 616 622 754 923 1099 1136 1195 1257 1289 1357 
144 164 264 315 528 604 814 890 981 1044 1055 1374 1410 
253 334 401 471 518 781 794 938 995 1044 1334 
175 284 376 392 395 459 854 1090 1342 
151 196 210 260 286 371 503 1025 1252 1326 1368 
103 173 198 215 272 273 444 445 507 700 742 807 1066 1092 1215 1218 1336 1391 
58 116 496 552 861 1158 
47 91 132 557 576 666 903 916 
304 308 717 760 798 823 875 877 974 1046 1157 1295 1323 1361 1391 
451 573 614 973 1179 1306 1329 
204 406 409 476 509 684 714 797 1006 1048 1117 1164 1221 1354 
100 374 459 600 614 654 672 741 775 1067 1083 1101 1213 1367 1394 
12 355 406 746 766 790 844 1099 1280 1319 
45 383 439 486 656 683 989 1034 1057 1077 1087 1137 1153 1274 1331 1404 
144 164 352 619 736 813 989 1277 
53 190 308 537 546 600 605 736 781 784 932 1084 1126 1136 1252 1258 
37 258 820 829 966 1219 1280 1344 
71 92 157 395 529 553 903 1393 
38 241 433 457 503 551 569 680 903 1062 1251 1272 1335 
54 75 99 234 256 291 393 717 844 1039 1095 
164 205 282 631 1165 1241 1373 
22 405 430 488 614 700 707 991 1022 1075 1091 1127 
194 471 656 1008 1341 
15 194 322 394 473 579 585 661 807 923 1033 1112 1214 
42 137 328 345 470 559 674 978 979 1054 1265 1359 1409 
29 72 207 405 441 497 773 914 919 1085 1166 1208 
12 25 51 122 392 444 667 935 986 1151 1216 1218 1312 1393 
18 102 253 294 398 421 657 700 704 802 813 936 1208 1248 1322 
302 380 438 575 593 679 836 889 940 
297 539 576 644 865 948 1024 1171 1236 
33 312 427 536 656 677 869 967 1130 1187 1204 
114 369 537 679 1065 1217 1288 1383 
284 505 566 720 791 878 1020 1052 1169 1232 1308 
43 79 287 377 752 777 845 1329 
799 809 952 1008 1017 1226 1233 
5 218 227 286 359 492 582 806 850 1074 1363 
63 100 127 154 203 241 468 516 1101 1103 1181 
21 669 821 839 1023 1345 
23 116 141 552 682 688 776 1106 1174 1219 1398 
34 246 410 430 628 726 861 905 1031 1049 1060 1104 1191 1377 
487 494 541 624 
130 144 153 550 602 694 791 975 1110 1113 1166 1177 1264 1326 
80 140 242 290 368 427 432 731 946 1077 1258 1282 1311 
238 398 624 713 721 802 841 987 999 1022 1043 1061 1102 1237 1332 
24 50 84 450 587 628 632 716 839 861 911 1217 1225 1292 1309 1373 
58 99 260 612 862 916 1028 1051 1371 
236 292 470 485 538 559 571 644 659 753 811 1069 1157 
3 15 102 296 614 831 863 896 1047 1073 1120 1231 1232 1266 1375 1406 
213 214 218 332 416 538 747 878 896 1242 1268 
70 144 227 254 472 526 530 578 672 1064 1128 1175 1176 1324 1358 1365 1411 
84 85 307 333 335 519 633 651 804 905 1203 1323 
41 183 416 471 589 797 887 1051 1163 1257 
138 312 374 528 923 999 1060 1229 1385 
177 314 443 572 1045 1104 1215 1346 
284 317 502 754 768 808 1212 1272 1349 1400 
102 409 700 799 878 997 1385 
139 192 241 918 1060 1078 1182 1361 
77 126 333 384 753 940 959 986 1008 1197 
25 49 70 163 366 872 955 1002 1201 1338 
54 216 415 474 488 527 759 994 1237 1383 1386 
17 20 94 95 296 311 323 402 613 928 969 1038 1263 1281 1328 
505 636 672 777 806 1066 1257 
95 439 619 896 1037 1046 1069 1178 1184 1230 1355 
34 43 164 401 699 808 909 950 1010 1140 1196 1250 1270 1338 
23 81 171 222 246 297 415 468 739 907 1124 1339 1393 
73 131 661 739 897 1180 
96 171 184 506 550 924 944 1004 1198 
548 851 857 916 943 
500 633 942 988 1070 1288 1335 
11 93 194 385 444 486 816 889 978 1220 1293 1361 1378 
163 216 316 598 869 1069 
6 83 164 401 680 731 797 910 935 1255 1272 1361 
19 206 352 459 1027 1089 1129 1377 
30 63 98 244 385 558 947 1025 1040 1209 1219 1222 1245 
31 73 121 150 279 388 504 689 839 984 1137 1195 1217 1403 
200 362 373 439 628 834 916 942 1038 1301 1366 1408 
94 306 319 404 421 538 576 582 643 713 757 783 815 855 963 
178 315 369 447 500 675 792 1286 1303 1341 
25 448 479 691 713 839 896 1008 1185 1411 
182 503 623 759 966 967 1129 1149 1238 1380 
18 58 485 522 736 758 878 937 1018 1205 
232 333 482 772 849 938 973 1027 
180 217 492 607 920 936 1012 1174 1176 1302 1357 
64 119 143 287 545 677 713 975 1198 1248 1275 1277 
56 289 340 444 757 915 1004 1057 1153 1288 1372 
633 683 697 752 805 818 1073 1184 1192 1200 1305 1330 
5 218 616 682 691 715 1010 1016 1166 1254 1274 1375 1402 
24 129 318 372 573 629 872 997 1211 1271 
60 403 484 906 950 1309 
42 71 235 452 487 529 802 935 962 989 1087 1117 1274 1295 
40 51 213 509 570 603 832 859 964 966 1256 
118 446 678 785 900 923 1145 1153 1155 1390 
428 757 978 1049 1308 1330 
44 284 398 405 620 844 879 1140 
43 72 151 514 1066 1300 1319 1393 
4 151 267 406 471 517 910 1004 1017 1021 1098 1099 1159 1371 1373 1374 1379 1404 
76 287 374 498 583 679 708 744 826 868 1008 
49 116 128 211 290 414 443 535 606 805 911 914 983 1094 1327 
6 27 193 529 573 627 667 721 1132 1176 1178 1329 1354 
51 312 376 616 821 891 952 954 955 1014 1289 
360 611 630 996 1162 1217 1373 
151 585 660 661 730 753 786 970 1026 1059 1077 1247 1289 
183 402 494 568 579 976 1107 1244 1376 
171 273 275 339 357 522 547 655 759 912 929 943 1121 1130 
3 6 11 147 215 289 330 375 504 513 874 932 1011 1027 1035 1086 1135 1192 
17 50 92 159 231 360 493 496 783 810 1033 1171 1363 
4 41 291 348 550 599 627 659 689 729 843 901 1131 1371 
224 298 633 659 726 1088 1158 1351 1365 1383 
113 296 536 539 541 576 739 814 844 856 878 946 1012 1050 1283 1387 
144 373 486 610 840 861 959 1000 1214 1282 1331 
93 230 260 360 389 492 623 814 986 1228 1240 1302 
39 265 403 487 675 771 1136 1175 1256 
25 149 307 326 507 719 978 1007 1066 1085 1194 1290 1297 1353 
53 297 365 396 421 445 1021 1197 1343 
220 228 242 258 490 495 709 759 768 1096 1120 1331 1364 1382 1409 
34 194 268 337 376 399 417 617 694 720 950 1236 
164 166 524 539 586 605 677 1193 1254 1288 1408 
29 43 272 370 405 542 705 876 920 1166 1377 
59 210 371 450 485 486 638 698 777 976 1301 1328 
65 150 243 266 613 655 813 980 1185 1281 1348 1398 
94 128 312 320 363 580 638 668 693 749 990 1077 1120 1139 1361 
40 54 138 371 465 553 1069 1122 1134 1207 1330 
35 63 65 165 302 343 494 515 559 616 707 755 978 1054 1151 1173 1204 
47 217 236 562 677 847 1072 1146 1367 
140 238 297 527 616 758 794 826 828 1037 1285 
542 552 603 823 895 968 1165 1202 
135 137 159 199 357 818 910 986 1121 1155 
53 176 257 404 619 696 892 970 1104 1173 1402 1409 
120 196 213 382 836 922 1133 1383 
228 366 394 505 786 798 836 1062 1192 1205 1298 
32 163 196 274 291 515 552 606 623 634 817 865 984 1143 1370 1380 
26 109 229 389 427 537 622 641 650 811 1079 1167 
69 170 560 595 631 653 661 734 801 1129 1164 1211 1240 
29 123 137 176 514 520 900 1060 1123 1319 
80 687 785 812 814 823 907 910 965 977 1060 1101 1243 1331 
36 46 49 96 173 228 372 475 647 719 753 799 1156 1403 
366 599 673 976 1001 1099 1106 1165 1203 
30 684 755 819 1008 1124 1135 1137 1258 1277 
54 90 216 641 682 1001 1135 1267 
52 103 110 292 397 400 401 641 1004 1018 1092 1131 
3 304 439 524 659 671 806 814 1170 1204 1382 
46 49 60 377 465 552 566 705 1003 1101 1190 1235 
16 300 500 585 749 788 1067 1153 1188 1359 1401 1408 
10 50 128 206 222 680 894 1183 1247 1354 
520 667 733 754 762 840 1155 1171 1222 1318 
1 146 149 287 292 366 727 810 874 1006 1286 1370 
95 543 680 737 800 867 1156 1207 1277 
421 988 1389 
30 266 309 350 606 644 1006 1129 1187 1224 1318 
143 218 535 877 
94 100 328 330 428 807 1391 
217 603 607 670 717 818 1167 
631 692 848 941 950 975 1054 1234 1300 
461 836 846 1220 1245 1357 1403 
218 284 315 453 468 524 551 1325 
6 120 356 398 409 428 557 744 1012 1079 1085 1355 
69 91 172 464 534 677 719 730 787 873 1068 1091 1302 
24 232 242 658 693 782 1086 1132 1140 1209 
62 102 124 150 222 429 468 500 564 1098 1152 1274 
26 267 504 505 519 1029 1102 1185 1283 1287 
12 358 361 385 390 587 841 854 897 
140 218 299 307 538 678 863 980 1254 
37 42 193 426 494 521 706 963 986 1139 1143 1175 1196 1217 1406 
42 49 411 423 528 543 613 652 912 1014 1268 
504 541 583 1037 1044 1097 1113 1278 1371 1381 
248 387 394 422 437 995 1068 1325 1326 
89 234 350 370 616 688 1071 1104 1179 1278 1291 
18 20 31 53 455 475 602 623 683 809 1063 1122 1175 1209 1223 1365 
20 102 258 270 352 399 409 500 554 609 726 782 797 802 824 908 1093 1175 
381 414 543 557 772 781 835 1086 1135 1139 1171 1398 
79 174 226 316 565 621 787 806 862 895 961 1069 1102 1103 1134 1224 
27 301 338 424 479 488 544 562 627 848 931 965 980 1076 1224 1279 1296 
73 100 357 424 532 843 938 978 1039 1102 1153 1235 1242 1244 1245 
241 277 300 392 428 434 443 489 499 569 627 691 804 948 1162 1243 1316 1366 
111 397 408 409 808 815 871 950 1085 1127 1134 1164 1240 1352 1412 
44 68 107 148 193 359 362 410 602 688 814 872 881 938 1028 1058 1122 
193 261 395 426 464 473 548 587 654 728 750 829 1400 
202 346 648 684 840 867 1196 1300 
30 155 369 415 467 646 861 872 1095 1127 1145 1179 1190 1268 
38 110 133 192 242 705 730 782 907 1250 1308 1374 
319 497 509 737 740 816 942 1056 1143 1191 1298 
117 124 172 214 228 291 344 398 677 875 933 1088 1192 1296 1351 
112 176 261 410 441 572 745 757 912 941 1248 
141 155 320 734 747 762 918 1169 1223 1343 
21 320 426 552 605 869 890 1044 1275 1401 
2 94 124 176 210 242 280 444 498 675 759 808 923 946 1185 1197 1277 
131 142 179 240 282 324 339 535 538 799 938 991 1087 1264 1305 1409 
294 321 363 412 615 931 1123 1257 1283 
324 419 487 616 676 713 781 784 978 1049 1056 1107 1137 
298 309 346 404 503 642 672 704 742 1279 
83 261 326 405 428 482 495 531 604 621 676 935 1056 1091 1109 1160 1267 1376 1384 
212 333 497 566 577 621 1100 1111 1159 1299 1381 
30 374 396 434 565 643 759 802 933 973 1011 1172 1241 1334 
313 403 502 607 846 925 971 1072 1270 1285 
25 119 144 149 318 339 626 789 891 1060 1156 1368 1390 
25 132 499 549 619 625 852 876 885 897 1155 1191 
10 148 589 1248 1397 
426 603 623 644 730 920 1065 1138 
46 62 210 255 880 1016 1219 1296 
7 135 342 439 504 623 975 1097 1139 1183 1303 
72 138 663 777 804 876 985 1090 1101 1204 
162 173 184 282 540 584 688 835 990 1006 1051 1082 1278 
82 121 403 406 491 641 780 1096 1116 1208 1271 1278 1329 1368 
144 292 554 1277 1342 
197 422 486 522 625 721 795 883 997 1148 1339 
9 107 219 293 339 356 383 455 577 595 1105 1204 1271 1317 1393 1408 
72 142 150 233 260 594 673 722 789 994 1070 1109 1134 1356 
30 113 155 215 403 459 498 509 653 1157 1266 1392 
96 160 209 406 646 750 761 868 877 1087 1092 1322 
82 174 269 494 522 529 919 1003 1047 
79 601 650 703 861 922 1014 1076 1127 1132 1133 1307 1314 
214 521 609 671 703 764 958 1014 1047 1063 
26 79 102 172 212 320 327 640 1006 1236 
27 67 171 399 518 661 697 731 1027 1063 
256 311 315 522 669 791 826 873 974 1131 1143 1359 
55 270 297 301 397 538 669 950 956 1030 
93 209 293 294 341 440 537 669 1001 
15 148 201 337 582 626 632 687 787 812 817 1021 
6 77 105 230 461 507 735 738 779 1108 1164 1212 1242 
13 18 61 220 780 900 1027 1050 1366 
25 64 97 228 369 600 659 731 771 1043 1084 1124 1150 1278 1382 
21 51 146 153 230 342 404 1195 1249 1304 1330 
159 168 233 359 388 441 450 508 668 808 995 1113 1270 1302 
120 786 948 1107 1278 
30 78 93 128 264 574 624 814 823 1290 
11 132 198 457 487 672 708 805 928 1106 1143 1267 1377 1397 1401 
216 226 295 419 442 543 551 604 768 795 888 916 1004 1145 1160 1208 1227 1238 1394 1410 
158 190 217 311 371 441 511 574 811 816 886 894 1050 1069 1094 1146 1249 1253 1386 
184 324 364 462 740 758 1081 
56 59 260 592 819 831 842 871 931 1077 1284 
69 128 201 290 396 531 538 556 807 917 965 1039 1186 1348 1356 1361 
15 93 214 235 275 352 402 659 756 801 866 1028 1127 1142 1198 1382 
273 514 599 847 958 1022 1078 1150 1295 
12 39 90 324 410 522 625 662 691 727 761 830 1031 1048 1196 1245 
18 283 580 923 927 1336 1369 1402 
163 255 462 621 741 878 881 1050 1203 1211 1300 1338 1407 
41 175 274 490 524 585 712 1023 1268 1297 1369 
102 172 183 211 263 350 390 485 503 535 661 766 926 933 1090 1303 
10 97 265 534 605 815 835 1015 1101 1200 1257 1390 
50 218 220 311 758 893 906 920 937 995 1087 1105 1165 1170 1210 
94 727 757 816 920 1045 1094 1213 1289 1403 
83 200 250 325 403 756 1303 1339 1379 
393 400 436 529 679 747 907 1086 1111 
74 77 210 399 541 575 647 819 936 990 992 1167 1191 1259 
172 272 459 598 623 760 798 868 1038 1122 1132 1241 
116 561 699 793 1204 1374 
58 61 326 340 357 433 451 567 735 778 809 831 1052 1097 1200 1290 1367 1399 
11 121 321 362 782 803 868 926 939 1019 1183 
356 461 814 819 976 1205 1225 1248 1253 1355 
50 123 373 417 521 529 539 988 1074 1276 1318 1338 
116 191 211 242 317 369 464 470 622 824 970 1018 1245 1356 
70 426 494 610 726 991 1403 
273 275 288 386 780 996 1009 1039 1065 1127 
747 752 780 821 891 954 970 991 1386 1390 
185 209 238 340 455 496 981 1003 1038 1163 1225 
58 90 186 220 338 676 735 786 871 949 1034 1118 1253 1273 
49 96 225 295 394 545 597 630 766 793 975 1254 
79 119 216 252 283 381 422 533 600 665 805 856 891 1038 1109 1273 
45 331 692 704 734 916 1132 1148 1330 
64 90 123 523 693 1113 1135 1136 1320 
62 330 482 538 540 776 888 892 938 958 1009 1213 1219 
155 291 733 862 922 999 1227 1330 
155 209 234 420 550 629 1191 1226 1351 
163 201 345 493 517 545 802 1075 
61 407 410 454 618 1017 1288 1292 
225 314 350 371 462 509 597 666 788 789 821 831 896 1027 1366 
178 256 365 429 479 491 590 603 628 682 714 715 749 1012 
131 144 225 397 473 802 827 886 937 997 1012 1372 
56 218 464 607 716 767 794 797 999 1242 1283 
24 35 330 421 422 620 666 897 917 1117 1375 
46 94 105 246 368 429 617 775 865 881 1106 1137 
98 266 690 804 994 1080 1177 1360 1371 1389 
565 619 630 691 1008 1024 1342 
33 64 237 548 600 653 753 788 1044 1191 1304 
47 121 465 874 886 1336 1367 
13 253 379 392 427 761 1075 1097 1139 1311 1357 1364 
156 251 294 307 501 549 714 729 765 948 985 1157 1209 1362 
115 130 274 283 848 922 1013 1137 1183 1233 1252 
274 285 401 433 622 1099 1138 
237 311 418 471 515 720 863 1067 1137 
33 65 79 224 352 447 477 494 683 900 948 1038 1118 1137 1198 1215 1393 
139 557 614 792 897 907 1350 
171 187 262 360 902 1066 1108 1269 
78 114 155 188 252 328 337 368 459 516 701 822 851 878 946 992 1048 1147 1161 1213 1260 1284 1401 
147 174 176 496 759 815 826 855 1186 1192 1299 1341 
388 430 621 622 811 1028 1144 
74 77 99 157 186 353 366 404 421 494 537 671 876 983 1257 
160 180 431 452 708 709 768 787 895 969 980 1242 1353 
237 238 328 347 397 637 803 926 1192 1213 1220 1362 
91 428 509 539 683 689 782 818 835 927 1051 1081 1126 1221 
166 446 837 1036 1323 
18 164 203 304 428 541 694 894 1055 1076 1351 
126 143 150 619 654 737 848 955 965 1016 1026 1152 1203 1251 
28 245 249 341 390 545 930 980 1007 1102 
140 261 361 514 649 859 1208 1263 1368 
58 374 518 541 565 767 815 889 1248 
27 45 590 624 912 1337 
9 12 83 335 361 375 479 550 651 1335 
434 629 807 838 851 1025 1259 1367 1392 
158 263 373 455 463 582 607 684 900 958 1006 1151 1322 
232 315 322 361 688 787 824 828 989 1382 
317 629 699 782 959 1012 1172 1328 1392 
113 172 229 274 317 478 504 716 756 821 840 933 1103 1155 1190 1348 
141 230 366 469 507 1013 1128 1143 1201 
123 410 483 854 1247 1328 1338 1359 
185 297 383 388 620 746 801 805 918 1028 1158 1187 1300 1391 
64 157 224 818 1052 1167 1170 
77 224 387 493 535 983 1019 1036 
123 133 136 173 306 398 421 438 587 1220 1222 1393 
111 168 702 721 927 978 1051 1054 1123 
196 394 701 750 751 889 1048 1149 
2 105 115 238 266 305 362 899 908 1214 1282 
222 307 555 689 699 847 979 1048 1102 1111 1150 1168 1285 
279 320 463 617 659 671 679 1129 1131 1166 1167 1185 1188 1346 1392 
2 62 91 102 144 162 213 221 662 1136 1154 1326 
73 291 424 466 665 708 977 981 1409 
30 45 157 397 601 798 877 1025 1084 1317 1375 1387 
10 350 378 394 399 547 782 901 1007 1074 1276 1360 
8 46 140 285 515 740 811 937 1073 1124 1152 1233 1340 
146 837 885 1194 1248 1337 
72 153 255 405 435 605 628 684 730 1089 1158 1277 
208 301 303 495 515 609 635 712 834 890 1042 1110 1327 1355 1404 
4 98 241 379 668 726 1124 1295 1386 
403 503 623 996 1033 1049 1081 1229 
149 185 344 511 697 748 807 899 965 1064 1066 1205 
72 171 263 928 1077 1189 1211 
300 428 440 469 489 511 722 841 853 941 1131 
212 444 600 639 689 925 957 1009 1229 
30 134 369 430 565 618 791 795 943 1034 1362 
137 153 164 349 362 455 595 696 
75 95 271 320 367 391 583 616 920 973 1054 1197 1287 1304 1341 1356 
90 199 239 277 321 338 349 371 591 592 870 910 1136 1146 1163 
85 165 326 448 469 782 1077 1201 
97 348 363 500 595 618 636 877 931 1094 1145 1374 
58 81 220 329 343 382 444 491 550 667 704 722 761 960 1156 1249 
20 76 265 267 377 541 580 592 936 1059 1117 1142 1200 1270 1390 
106 446 637 708 751 948 1040 1083 
318 450 769 963 1047 1075 1121 1187 1368 
20 26 122 128 167 291 301 514 886 934 957 1042 1164 1202 1206 1355 
37 177 191 447 583 584 701 874 1186 1238 1295 1369 
2 467 664 877 931 1050 1151 1312 
140 144 520 599 936 974 1310 1365 
29 293 323 366 406 460 585 775 791 897 948 1175 1324 
38 296 300 479 506 690 885 997 1057 1144 
110 260 303 331 435 704 719 928 1009 1053 1369 1387 
544 637 771 1306 
73 116 209 267 361 892 1007 1240 
161 218 262 437 470 685 772 792 931 991 1305 1374 
54 371 375 533 825 886 914 932 1331 1405 
45 112 417 470 934 1175 1332 1354 
16 49 252 318 633 652 811 875 
46 216 263 408 456 624 656 903 1138 
18 89 145 267 327 332 335 820 821 1170 1281 
142 168 430 468 600 606 641 1109 1113 1214 1389 
158 297 328 625 674 903 977 1059 1098 1327 
22 255 289 373 414 534 704 1224 
324 446 526 925 1368 
84 179 304 321 473 601 648 833 880 921 947 957 992 1173 1264 
21 164 266 564 647 681 789 922 946 973 1015 1255 1398 
165 225 415 472 698 795 925 1014 1307 
387 398 473 596 654 827 1119 1130 1355 
119 156 184 210 558 584 609 764 969 1006 1130 1279 
56 65 406 542 589 1062 1286 1319 1360 
25 67 205 236 289 436 467 584 778 1025 1083 1266 1269 1348 
329 370 647 892 974 998 1063 1167 1370 
50 259 305 309 493 710 792 805 1050 1057 1086 1186 1223 1226 1358 
211 488 669 890 950 978 1074 1079 1099 1313 
206 463 760 769 1008 1314 
22 98 198 493 620 1347 
13 59 312 459 523 726 774 881 948 967 1157 
202 447 450 748 793 890 983 1033 1262 
171 191 293 302 384 398 491 529 566 570 821 970 1199 1239 1361 
22 74 214 279 381 467 645 647 877 1261 1284 1381 1394 
158 270 292 756 919 956 1023 1028 1200 1214 1269 1356 1405 
7 55 117 234 257 445 620 632 661 709 805 1029 1169 1206 
112 221 289 593 611 753 846 1283 
631 782 884 987 1042 1249 1295 
242 250 338 699 745 968 1168 1237 
18 131 207 242 253 330 371 405 661 886 921 1078 1148 1406 
273 372 464 533 535 953 981 
34 222 325 353 451 669 671 677 771 1002 
183 209 253 394 623 723 1018 1278 
21 44 168 303 333 349 433 476 552 557 595 707 1333 
84 147 432 1084 1195 1267 1328 
18 33 59 130 209 252 266 347 1019 1362 
62 171 172 182 287 869 1246 1375 
152 198 227 252 337 400 488 506 541 605 630 681 915 939 1072 1146 1227 1256 
31 95 144 200 278 449 472 590 713 769 775 1139 
6 29 81 113 137 146 347 370 414 495 532 732 897 916 1077 1252 1386 
26 28 100 259 265 461 468 833 860 975 1063 1108 1314 1374 1386 
69 154 174 525 542 587 642 658 839 917 1027 1120 1213 1286 1303 1325 
71 174 256 346 363 382 427 528 566 714 730 821 1171 1195 1215 1295 1338 1385 
507 627 764 965 1047 1118 1240 1384 1386 
18 63 395 701 848 1014 1330 
263 294 573 739 793 796 989 1107 1179 1269 1384 1399 
293 362 497 650 696 913 1236 1282 1327 
173 457 482 485 749 973 1021 1034 1036 1085 1195 1336 1397 
78 206 340 597 693 1241 1253 1293 1349 
175 539 907 1000 1070 
3 67 481 615 646 704 1079 1240 
50 336 488 602 823 851 954 1014 1072 1132 1306 
71 153 216 247 413 421 588 684 727 1040 1138 1184 1230 1386 
442 735 805 847 905 976 1088 1211 1239 1263 
317 794 879 917 969 1159 1167 1259 1302 1321 
291 484 666 812 855 1199 1201 1304 1309 
92 196 208 222 224 535 537 557 637 792 837 868 871 901 920 1095 1110 1329 1383 
233 346 550 719 818 1010 1060 1071 1129 1236 1398 
37 101 163 189 202 219 254 276 440 583 630 704 912 942 1049 1232 
152 181 226 307 396 405 412 499 628 827 885 985 1009 1060 1065 
31 277 388 543 766 873 910 966 1060 1144 1210 1298 1312 1354 
137 229 586 734 761 787 1012 1051 1234 1281 1350 
78 159 178 345 534 535 554 571 589 784 1067 1155 
95 127 129 161 181 434 1004 1037 1082 1190 
32 146 155 518 569 714 862 882 1034 1391 
147 201 225 275 366 567 778 1060 1206 
183 278 501 515 571 585 774 790 856 1044 1095 1399 
37 126 204 289 292 536 670 875 879 886 933 1129 1156 1337 1384 
73 120 275 330 826 1079 1105 1185 1196 1265 
44 72 125 202 425 470 782 996 1024 1072 1093 1370 1411 
102 124 125 307 330 508 652 808 1155 1357 1359 1381 
210 323 384 399 452 567 686 822 840 881 935 1017 1020 1356 1408 
211 306 323 382 491 549 608 625 758 890 1024 1192 1218 1287 1353 1354 1357 1366 
20 78 832 841 892 1073 1281 1309 
187 216 257 266 339 572 676 783 866 
131 162 219 234 360 497 617 954 1112 1236 1318 
22 908 963 1056 1159 1203 1218 1300 
554 811 883 952 970 973 1115 1270 1378 
36 217 272 372 543 619 647 920 1172 1263 1266 1278 
105 116 118 497 551 815 903 982 991 1029 1059 1170 1245 1273 
22 66 135 214 599 754 843 931 944 976 1191 1337 
152 166 169 174 292 346 459 529 531 838 861 903 
406 475 649 705 
169 188 392 488 542 610 671 700 780 921 1161 1190 1361 
272 953 1003 1084 1134 1323 1371 
36 105 273 280 326 371 498 536 1211 1359 1380 
89 364 762 1019 1141 
98 196 389 392 443 540 638 667 682 1107 1149 1190 1248 
185 362 1051 1092 1199 
72 159 195 320 459 695 842 913 917 1039 1100 1118 1205 1216 
58 175 268 395 585 671 792 841 978 1060 1286 
12 71 395 444 487 611 718 750 1313 1338 1407 
167 266 331 684 730 842 865 877 1012 1127 1343 
71 610 785 935 945 1200 1405 
63 131 408 459 654 661 685 722 756 873 1040 1081 1107 1170 1385 
137 256 326 561 667 715 780 789 920 921 940 989 1079 1092 1151 1280 
138 152 231 238 317 335 345 434 613 617 638 648 966 1191 
151 164 193 222 266 400 569 819 829 1014 1043 1383 
385 390 421 585 1139 
