1409 8012
109 277 624 948 951 974 
132 189 511 593 611 630 634 739 804 839 1328 1404 
18 112 317 323 554 614 626 636 644 865 896 914 1101 1111 1133 1191 1226 1383 
335 363 376 498 550 979 991 1067 1252 
62 105 266 311 633 670 727 956 970 1103 1134 1155 
102 174 218 450 576 1150 1229 
23 128 198 294 323 346 601 669 677 1194 1284 1309 1310 1315 1352 
555 581 716 774 837 842 875 959 1384 
54 124 167 270 350 488 529 609 756 804 1254 1264 1406 
103 251 332 460 523 670 719 907 986 1315 
26 193 408 629 648 838 871 903 1028 1099 
18 101 195 208 255 302 380 514 614 916 1094 1214 
46 157 190 463 493 569 616 624 819 876 902 951 1091 1106 1248 1358 1406 
281 405 481 766 905 964 1105 1179 1249 1317 1361 1384 
245 291 358 565 711 833 857 1299 1310 1332 
36 83 185 622 636 672 740 807 937 1004 1018 1227 
135 157 337 642 892 894 1006 
3 12 96 277 373 704 735 740 757 955 1051 1182 1237 1293 1297 
54 177 295 307 456 567 581 775 883 1016 1363 
34 171 397 424 579 616 670 775 1084 1301 1321 1348 
388 527 533 575 725 758 948 978 1006 1047 1134 1266 
82 105 192 283 476 803 860 1248 1301 1322 1358 
7 80 102 218 227 254 391 651 783 914 1068 1277 1302 
103 152 185 303 320 429 818 863 894 1197 
113 226 356 358 523 823 879 1223 1332 
11 177 293 350 374 508 579 597 598 707 809 817 1121 1155 1303 1385 
113 487 507 547 1222 1230 1377 
39 156 251 343 375 390 565 576 598 695 702 727 733 739 828 873 1020 1078 1321 1326 
430 433 475 580 612 645 730 754 871 894 1002 1238 1379 
386 498 1020 1061 1322 
646 755 948 1064 1099 1127 1133 1139 1178 1207 
50 62 298 452 490 505 561 628 858 981 998 1122 1368 1384 
109 350 537 607 747 774 893 985 1112 1117 1327 
20 55 253 382 474 533 585 685 940 1049 1064 1166 1333 
40 46 61 188 260 857 903 960 961 971 1175 
16 234 250 275 326 481 710 1011 1045 1232 1353 
61 80 218 299 311 524 563 631 659 897 900 916 963 1005 1052 1233 
160 217 309 319 399 635 777 882 985 992 1046 1377 
28 50 177 236 329 681 712 853 1110 1270 
35 210 221 655 691 851 992 1039 1107 1234 1240 1402 
151 284 589 671 791 906 948 1257 
192 498 529 579 639 726 727 732 992 1026 1027 1042 1181 1261 
293 638 680 753 1088 1119 1140 1217 1229 1365 
390 429 476 714 798 836 858 1071 1202 1357 
471 564 740 850 1113 
13 35 91 159 207 246 408 577 1081 1304 1325 1390 
178 299 317 612 686 698 795 796 804 873 961 1211 1246 1249 
79 294 524 553 586 710 915 961 974 1267 1284 1337 1383 
89 235 248 358 394 400 419 471 623 873 931 961 964 1090 1182 1210 1230 
32 39 212 276 460 598 726 774 807 911 987 1087 1233 
55 584 985 986 991 996 1325 1341 1350 1356 
77 478 592 595 807 887 1110 1281 
65 80 102 235 280 319 394 509 616 853 860 921 992 1108 1375 
9 19 185 501 631 841 919 1132 1135 1240 1262 
34 51 63 163 182 381 432 658 798 979 1054 1151 1233 1317 
115 211 444 515 849 
96 425 430 440 535 684 733 826 828 1377 
138 162 487 607 799 959 984 1062 1123 1151 1366 
280 285 445 468 488 624 642 739 953 1238 1389 
82 376 458 562 641 645 731 831 834 918 1220 1312 1317 1374 1408 
35 37 350 570 612 621 650 839 840 1030 1103 1249 1337 
5 32 264 306 449 659 901 991 1121 1305 1334 1340 1361 
55 104 261 357 933 1029 1126 1153 1157 1187 
386 473 586 683 1109 1138 1175 
53 79 140 234 351 441 462 477 489 644 693 756 766 782 999 1375 1389 
178 198 299 385 513 625 927 940 1000 1244 
147 401 473 516 520 530 683 1001 1293 1336 
115 229 403 551 586 760 908 1091 1200 1316 
201 230 372 573 838 959 971 983 1021 1083 1204 
158 176 205 326 459 758 1130 1177 1188 1251 
537 876 1127 1171 1305 1311 
327 549 706 822 896 1253 
163 406 457 519 565 602 623 740 820 1144 1172 1178 1289 1382 
596 723 868 938 989 1189 1258 1350 1390 
151 226 395 708 791 802 981 1007 1045 1068 1116 1209 1248 1261 1266 
94 178 356 391 435 570 847 877 971 989 1261 1392 
52 165 201 331 510 841 1054 1266 
384 683 764 900 1126 1228 1255 1355 1363 
48 65 89 143 183 191 412 619 620 677 828 1306 
23 37 53 203 317 322 823 883 924 1060 1180 
100 375 535 755 827 847 1033 1292 
22 60 244 261 384 741 819 829 870 882 897 1032 1096 
16 311 566 719 846 1019 1135 1147 1314 1345 
109 673 786 818 1023 1201 1235 1261 1333 
95 230 394 417 581 633 690 715 734 944 978 1175 
159 173 237 530 542 722 799 802 826 966 1084 1264 1288 1361 1392 
163 180 505 747 904 936 979 1163 1194 1289 1343 
124 339 675 1062 1074 1096 1126 1209 
49 79 201 464 494 587 589 619 636 641 683 686 749 752 776 803 953 983 1280 1340 
188 329 373 434 469 494 549 887 
46 176 262 265 301 445 904 923 1211 1318 1320 
125 193 415 431 567 589 593 853 1007 1283 1288 1294 1308 1310 1348 1403 
162 166 281 297 301 314 470 731 735 1110 1146 1188 1365 
76 637 993 1033 1132 1189 
85 181 434 611 774 799 897 898 1145 1357 
18 57 156 211 292 499 1226 1241 1349 
175 299 496 647 688 729 878 894 1202 
170 228 524 649 1062 1142 1167 1364 
122 266 634 908 963 973 1007 1040 1082 1119 1193 1216 1308 1393 
81 146 154 156 229 431 619 739 846 916 965 991 992 993 1025 
12 158 449 456 516 598 760 820 1311 
6 23 53 354 369 648 654 838 955 1006 1074 1298 
10 24 178 233 241 330 464 691 913 1003 1187 1260 1355 1398 
63 143 259 263 298 447 492 522 558 658 714 730 1187 
5 22 208 412 552 693 1031 1057 1068 1123 1155 1164 1187 
133 396 405 709 756 845 
177 272 289 291 496 583 895 994 1240 
228 676 680 840 929 1104 1335 
1 33 84 163 506 513 575 614 940 1090 1289 
139 182 197 457 973 1011 1096 1186 
263 274 327 345 437 467 477 555 560 571 818 897 904 990 1025 1243 1261 
3 169 228 441 640 668 786 923 1082 
25 27 180 259 275 452 625 1297 1349 1370 1404 
370 494 741 862 1018 1051 1215 1281 
56 68 341 382 830 1139 1234 1302 1341 
337 347 474 551 713 1136 1248 1340 1347 
133 227 263 348 606 691 1046 1056 1318 
234 547 700 757 773 1172 1340 
198 238 250 640 667 1026 1029 1046 1073 1113 1129 
399 462 496 586 655 665 770 801 813 832 902 938 1042 1107 
276 347 378 385 395 413 597 717 733 868 923 1101 1140 1227 
99 135 178 427 457 673 1037 1090 
176 326 376 641 795 1000 1027 1364 
9 88 389 414 652 816 1345 1393 
92 236 472 510 792 844 
182 378 541 568 944 999 1206 1211 1277 1312 
238 393 523 697 890 1317 
7 638 691 997 1121 1329 
139 144 361 387 417 431 1175 
211 259 262 277 282 387 582 721 814 916 1140 1368 
205 289 471 530 531 549 823 1102 1164 
2 227 404 517 663 728 754 797 1007 
106 117 276 303 367 425 493 676 911 966 1089 1174 1370 
150 154 253 313 343 583 697 706 1301 
17 122 225 291 465 486 516 810 948 1055 1274 1360 
279 321 350 795 834 838 1044 1231 
160 424 607 706 708 733 758 923 1145 1151 1155 1194 1400 
58 202 240 809 865 868 881 894 900 1061 1099 1201 1285 1402 
110 129 174 340 385 533 575 618 631 779 814 1021 1102 1215 
65 366 634 851 993 998 1074 1207 1334 
169 182 314 323 328 442 453 504 587 634 711 727 796 814 896 918 1162 1220 1364 
374 726 877 1013 1162 1236 1334 
79 104 247 385 458 650 654 1247 1374 
129 421 604 626 763 988 1029 1096 1134 1172 
194 280 353 546 585 587 621 759 937 1102 1344 
100 239 262 423 693 823 1096 1192 
67 1060 1077 1250 1259 1338 1357 1398 
285 635 672 753 807 841 934 956 980 1194 1222 
183 220 423 504 655 716 891 1018 1028 1290 
134 229 336 383 446 464 571 717 741 804 947 1000 1291 1358 1367 
41 75 379 678 769 1108 1320 
24 313 324 579 608 679 725 726 957 991 1052 
403 417 463 507 635 667 714 792 810 874 890 1064 1261 1275 1344 
100 134 261 340 364 552 778 972 1329 
257 305 528 542 717 883 1113 
28 96 100 239 299 583 599 650 661 682 694 1240 1308 
13 17 177 179 240 337 375 544 559 773 866 875 906 931 938 1321 
70 101 364 469 651 744 959 964 1022 1223 
46 86 435 483 513 540 641 715 827 1066 1373 
38 137 290 425 453 489 552 774 799 895 988 1161 1238 1309 
217 307 332 408 513 515 518 744 839 848 1084 
58 93 191 219 712 724 789 811 817 947 1027 1033 1185 1301 1387 
55 73 87 109 241 265 310 447 525 824 854 968 1026 1152 1257 1396 
209 283 302 342 493 740 857 981 1107 
77 325 442 479 786 1040 1062 1083 1341 
93 187 193 291 439 479 710 716 887 963 970 1285 1357 1376 
9 174 380 402 526 632 733 888 900 928 992 1078 1121 1252 1254 
233 376 441 489 508 542 718 725 848 932 986 1114 1397 1407 
112 141 551 592 843 978 1038 1108 1272 1374 1385 1388 1398 
98 219 269 284 293 297 437 458 549 605 881 1010 1189 
20 306 377 396 583 602 624 657 712 855 1162 1292 1295 1296 1385 
233 405 480 984 1248 1252 1348 1355 
86 255 389 477 638 695 1055 1307 
6 139 167 204 248 255 432 508 520 632 769 909 911 1016 1093 1283 1408 
97 297 514 1152 1261 1318 
70 91 123 376 404 423 475 499 657 709 804 994 1158 1173 1267 1326 
19 26 39 107 157 282 316 317 335 388 944 1287 
47 66 76 103 122 250 341 428 562 604 612 633 667 825 893 906 930 1106 1180 
157 192 419 576 685 847 923 955 957 1007 1135 1228 1259 
87 113 199 256 413 542 649 1211 1234 1368 
95 183 248 371 723 797 955 1023 1089 1189 1206 1312 
55 110 126 141 578 644 689 755 1006 1017 1106 1290 1315 1316 1334 
79 149 181 236 308 447 503 521 591 862 910 963 999 1013 1138 1169 1239 
259 261 540 728 769 781 838 1049 1134 1223 1258 1316 
16 24 54 191 325 443 825 1305 
328 388 420 557 646 725 1086 1124 1225 1250 1329 
166 263 403 557 815 824 840 913 1073 1139 1162 1180 1374 
35 90 256 708 766 792 809 814 942 992 1056 
2 326 496 691 692 767 858 932 1001 1085 1101 1104 1272 1345 1404 
13 272 301 362 399 573 966 1300 
79 162 185 239 287 480 497 583 726 892 903 943 995 1289 1362 1391 
22 42 179 243 258 792 908 998 1088 
11 92 166 197 501 563 580 678 743 750 1086 1142 1331 1372 
145 286 353 379 566 577 619 832 873 896 1221 1384 
12 310 320 647 717 969 1072 1131 1287 1306 
282 642 877 923 932 995 1152 1314 1329 
110 193 317 364 416 473 580 692 870 1094 1289 1327 1336 
7 66 119 231 292 338 427 488 540 723 819 848 963 1023 1053 1364 1388 1389 
180 336 357 439 551 577 718 813 891 1128 1138 1267 1366 1388 
627 742 816 931 954 1345 
69 77 89 248 509 566 636 644 698 
138 238 330 388 608 614 761 804 1138 1153 
80 276 415 517 573 606 834 933 971 1024 1389 
174 225 416 619 718 907 952 1028 1034 
70 131 599 979 1229 1247 
262 363 369 396 600 873 930 935 977 1028 1351 1363 
46 406 637 821 1051 1062 1229 
12 105 331 343 393 660 798 950 981 985 1007 1335 1348 
164 490 515 534 750 868 1090 1312 
40 254 322 488 536 762 826 875 1046 1081 1094 1100 1294 
56 96 130 319 528 1053 
50 230 283 377 423 425 466 523 678 801 848 908 1080 1194 1240 1290 1373 1408 
215 674 767 838 911 1046 1048 1096 1137 1233 
557 576 748 803 892 946 1005 1025 1096 1151 1156 1272 1347 1383 
213 304 351 585 858 920 1003 
350 424 470 504 547 710 778 913 962 991 1087 1350 1402 
38 161 443 530 677 960 1079 1148 1168 1378 
6 23 37 400 805 1203 1232 1297 1315 1369 
162 170 266 321 328 357 700 754 877 958 1195 
149 354 492 514 567 682 758 881 914 926 1238 1241 1289 1377 
40 407 528 728 739 1136 1232 
274 517 531 682 719 849 890 1084 1324 
461 720 993 1243 1349 
297 472 578 927 977 1006 1023 1237 
135 204 261 344 491 564 576 654 668 699 839 856 1053 1106 1226 1290 
25 75 244 391 604 650 780 791 881 900 935 982 1062 
23 117 132 256 313 419 571 617 705 929 968 1046 
98 108 112 267 596 640 946 949 1017 1175 1275 
68 100 150 388 708 986 997 1025 1162 
69 85 212 260 395 534 543 643 684 710 744 873 900 943 1056 1197 1319 1346 
198 233 307 331 470 510 565 876 921 1027 1058 1111 1323 1358 
239 817 914 1033 1093 1402 
103 168 172 231 248 308 387 483 505 595 734 785 965 1052 1083 1099 1186 1191 1244 1273 1301 
36 65 118 247 305 975 1015 1108 1136 1144 1248 1295 
49 53 243 251 357 433 497 572 626 673 721 829 1137 1160 1216 1354 
39 125 183 566 724 1153 1229 
86 245 339 530 548 718 835 879 1185 1256 1355 
119 127 202 399 575 665 684 831 915 1050 1327 
146 156 191 232 367 416 543 549 1080 1326 
138 157 385 509 679 783 815 955 1063 1145 1285 1289 1326 1344 
103 163 277 307 370 812 892 922 969 1033 1091 1299 
487 546 721 738 876 900 992 1154 1368 
192 235 247 352 487 533 630 639 1285 1390 
82 226 302 538 560 642 710 844 1001 1234 1263 
15 237 433 488 526 846 911 988 1018 1086 
46 337 404 474 534 840 1244 1336 
143 234 243 487 542 662 774 1372 
49 174 181 201 233 257 286 324 331 354 405 546 699 815 850 947 1068 1208 1284 1369 
666 671 739 759 898 
36 119 178 311 312 338 474 662 782 882 1272 1407 
10 28 235 268 300 365 419 684 1265 1349 1407 
656 675 693 967 1090 1367 
34 134 641 647 698 712 869 979 1127 1258 
23 210 365 431 653 768 898 947 1060 1094 1201 1250 1326 
12 173 174 500 637 785 1053 1084 1300 1324 1339 
180 188 227 323 361 365 652 699 734 751 794 828 892 948 1055 1126 1296 1346 
155 248 265 485 507 653 819 1076 1093 1113 1251 1280 
192 423 447 454 837 957 994 1009 1054 1395 
104 113 130 184 270 284 639 697 849 871 1022 1134 1225 
35 230 338 619 922 1109 1239 
63 82 154 184 225 298 307 389 396 525 881 888 1057 1153 1266 1355 1381 
91 130 146 206 381 628 708 733 825 1381 
104 111 117 187 410 535 610 711 918 1045 1160 
62 285 361 507 517 782 784 872 1059 1115 1120 1287 1326 
91 163 257 353 517 892 896 1114 
5 99 219 459 511 681 689 707 855 
228 592 888 911 1055 1345 
251 292 545 990 1110 1134 1236 1280 1343 
170 305 306 732 958 1063 1173 
9 259 323 352 391 454 1030 1033 1086 1132 1210 
355 479 684 783 1247 1259 
107 190 451 467 725 818 876 899 982 991 1251 1397 
276 425 554 572 840 903 
111 222 396 839 862 1182 1217 1398 
36 113 653 857 858 887 1008 1132 1175 1316 1352 1359 
50 121 133 203 273 371 460 558 833 848 850 1231 1278 1294 1401 
1 18 130 241 353 439 535 601 841 1041 1075 1279 1303 1342 
397 405 506 534 663 863 907 1159 1259 1292 1367 
136 337 359 703 741 981 990 1008 1240 1275 1302 1357 
53 59 145 552 678 807 911 1090 
14 93 377 400 525 545 839 1017 1081 1324 
130 177 196 313 415 433 704 781 862 980 1295 
22 164 212 406 676 681 745 985 1070 1340 
41 170 259 330 436 901 954 981 1206 1209 1253 1346 
59 148 264 361 372 410 464 513 572 636 756 774 777 825 879 976 1069 1177 1219 1272 1303 
194 248 340 342 443 573 696 779 825 918 924 
191 290 594 817 910 991 
713 829 902 936 939 1059 1220 1285 
107 131 336 739 740 750 890 937 1114 1172 1239 1240 1386 
160 287 356 413 416 441 473 516 594 615 992 1129 1184 1380 
15 107 135 166 641 647 681 710 846 967 1154 1235 1301 
96 198 268 582 669 724 783 882 1001 1321 
26 43 170 462 501 839 843 901 1308 1335 
7 48 314 388 449 506 870 926 1301 1374 1396 1408 
19 445 501 673 752 842 922 1138 
339 361 379 452 625 1093 1337 
93 170 175 224 619 653 796 811 1014 1165 1248 1267 
32 104 261 395 456 856 869 875 888 913 1042 1107 1356 
37 47 66 97 156 333 367 454 640 650 699 746 767 942 1157 1338 1400 
251 343 474 566 567 622 962 1083 1124 
91 93 190 395 428 561 626 646 734 806 895 949 1200 
12 164 244 374 436 466 556 617 740 826 1049 1071 1142 1242 1250 1308 
24 133 349 373 377 410 454 474 510 565 608 709 767 967 1031 1235 
215 355 669 741 745 782 985 1031 1058 1116 
155 234 269 417 500 767 780 789 827 951 1210 1249 1389 
62 171 269 358 422 442 465 596 825 859 865 911 912 1052 
19 161 231 241 261 425 640 711 900 941 1146 1206 1325 
183 233 629 1013 1161 1202 
38 314 559 955 1117 1313 1406 
163 195 344 378 439 446 484 513 571 655 719 922 985 1030 1225 1286 1331 
5 37 83 250 380 735 822 1010 1218 
250 326 399 479 500 723 764 774 874 918 
134 152 227 282 518 549 618 642 654 877 890 923 1141 1354 1391 
93 141 294 309 352 364 541 544 1075 1112 1189 1266 1324 
417 567 620 773 1008 1040 1041 1189 1254 1356 
177 327 413 428 461 486 515 558 923 988 1128 1140 1198 1271 1398 1405 
3 47 80 177 197 438 499 564 859 962 974 1083 1272 
457 541 697 
38 53 211 882 1042 
24 195 369 499 524 617 664 824 962 1097 1115 1124 1232 1259 
136 219 340 452 461 519 608 615 734 1087 1231 
80 210 335 367 394 411 480 691 799 820 854 1037 1042 1063 1071 1194 1314 1346 1389 
3 7 141 256 270 418 432 543 600 813 859 1085 1199 1402 
152 248 471 497 574 620 1141 1211 
165 185 656 801 885 988 1067 1304 1307 1372 
36 70 123 189 312 361 440 623 825 965 1264 
72 111 316 355 440 525 1139 
141 186 219 381 427 628 636 657 677 742 756 773 799 860 881 950 1080 1155 1176 1234 1295 1302 1330 
39 90 568 595 617 627 863 899 1124 1130 1207 1214 1283 1297 
103 202 284 398 412 486 617 687 918 952 1086 1168 1202 
77 208 231 248 337 448 610 708 759 911 1017 1042 1051 1161 
10 161 360 448 563 690 698 723 838 855 1048 1152 1334 1402 
299 445 573 609 637 962 1002 1147 1266 
353 392 623 714 728 990 1251 1269 1363 
4 177 322 558 772 913 927 1086 1141 1231 1279 
150 199 289 407 415 441 711 981 1066 1073 1212 1223 
17 116 157 246 279 331 382 422 490 525 542 558 704 855 868 
198 250 260 365 602 889 933 941 1059 1107 1147 1149 
88 237 296 357 387 554 628 664 914 949 1034 1129 1240 1367 
139 154 286 321 357 429 692 951 1094 1112 1181 1335 
115 178 786 810 872 966 1108 1219 1260 1313 1315 1350 1362 1402 
164 286 461 512 514 569 659 768 926 986 1006 1061 
28 134 208 300 389 464 698 753 
225 310 479 663 1008 1016 1052 1125 1133 1242 1249 
111 775 801 918 1229 1245 
7 601 778 967 1014 1337 
116 121 405 444 630 778 814 994 1271 
117 418 457 633 773 840 946 1171 1326 
303 376 432 757 797 886 932 994 1365 1390 
9 26 33 61 136 216 429 662 685 725 813 994 1158 1297 1346 
65 215 702 704 720 1035 1108 1188 1385 1400 1405 
243 270 314 406 502 575 681 756 1241 1394 
145 194 265 277 334 703 1048 1145 1280 1320 
102 220 248 486 646 858 953 1065 1249 
271 304 327 496 563 702 728 796 1144 1202 1219 1261 1272 
25 76 290 417 478 614 848 850 920 1081 1138 1141 1188 1318 1372 1390 
63 199 219 235 339 340 568 611 1019 1062 1142 1290 
15 25 49 306 485 920 1001 1059 1101 1163 1217 1296 1334 
279 414 544 743 816 928 1180 
332 582 621 713 793 800 922 924 937 956 985 1167 1347 
129 256 264 285 296 326 440 524 655 840 895 1035 1177 1310 
190 597 867 1085 1393 
4 206 437 593 637 653 748 811 862 947 1216 1340 1350 
154 158 197 314 430 491 602 626 1189 1263 
251 254 256 338 465 614 1196 1362 
140 434 624 845 852 887 1204 1257 1407 
133 239 299 322 375 410 422 462 493 765 780 848 861 1011 1046 1084 1133 1273 1333 1391 
377 419 467 533 664 685 694 710 711 799 867 868 950 1068 1201 1231 1242 1310 1317 1341 
102 206 320 612 710 744 875 888 967 1062 1250 1356 
114 241 405 461 517 925 949 1049 1052 1212 1227 1384 
181 276 456 491 514 702 742 757 945 1119 1198 1237 1319 1348 
69 285 379 439 740 786 831 915 1049 1114 1193 1298 1340 
18 90 303 457 478 516 877 1263 1294 1312 
26 142 302 416 424 593 695 719 785 940 1210 1309 1377 
28 81 157 367 605 961 1369 1395 
4 60 123 168 176 349 425 453 458 790 836 852 1370 
171 212 281 303 368 608 662 808 813 952 1004 1066 1140 1144 1310 
121 126 310 480 620 637 675 705 740 796 890 966 1030 1055 1235 1304 
151 194 296 372 464 476 597 652 794 860 
12 167 311 470 514 877 1115 1223 1243 1295 1372 1399 
55 262 328 474 577 697 895 1015 1021 1057 1066 1068 1106 1185 1227 1303 
34 115 337 394 485 785 947 1057 1317 
150 534 657 962 963 1006 1010 1033 1267 1285 1324 
78 82 567 611 672 686 1266 
66 121 139 143 240 392 511 750 861 1200 1227 1352 
30 64 583 752 832 1047 1094 1120 1311 1316 
129 130 233 339 435 669 798 1182 1217 
21 177 186 202 229 294 531 571 754 924 928 1072 1372 
124 173 261 343 531 714 872 1160 1341 1352 1383 
28 44 418 472 728 766 907 915 968 
23 76 226 270 560 663 839 865 1181 1339 
334 385 437 455 482 531 532 657 691 1049 1067 1236 1253 1292 
127 208 688 782 881 1110 1253 1360 
49 53 85 322 382 616 632 743 794 859 1057 1066 
75 121 230 298 301 522 728 758 1031 1088 1254 
106 171 206 261 274 454 521 1012 1166 1336 
20 278 404 442 713 785 797 820 877 882 909 931 1013 
330 555 703 736 975 996 1025 
38 120 190 238 312 417 437 446 475 541 953 1007 1157 1173 1246 1264 1281 
49 218 281 473 658 764 772 1022 1063 1298 
67 423 490 783 935 936 963 996 1047 1116 1223 1358 1407 
167 652 783 883 1055 1181 1278 
68 153 187 436 627 919 1166 1264 
132 176 246 397 409 1251 
14 106 172 248 278 347 370 652 995 1025 1046 
73 207 283 352 727 734 867 871 921 1007 1057 
221 336 515 557 572 741 932 936 963 968 1059 1211 1406 
11 46 161 868 884 910 1110 1137 1202 1398 
404 429 432 456 584 692 713 739 1195 1314 1334 1362 
263 285 303 367 416 544 607 892 928 1035 1160 1363 
322 588 622 636 742 796 1181 1189 1258 1292 1373 1391 
79 105 330 477 490 617 633 859 887 964 1093 1313 
121 180 290 316 450 630 636 736 762 804 1091 
124 359 443 570 571 666 684 740 872 921 931 1180 1197 1317 
92 203 282 336 757 809 892 1014 1049 1050 1145 1358 1392 
197 204 239 290 374 410 485 503 702 1022 1026 1370 
85 129 153 305 315 356 399 457 644 759 974 981 1013 1090 1213 1338 1373 
323 348 390 422 525 614 883 1153 1160 1286 1306 
49 179 227 251 368 454 609 732 792 899 945 948 1181 1244 
186 590 653 833 900 1156 1288 1289 1393 
144 443 614 1066 1094 1121 1163 1246 1287 1313 1386 
306 337 367 418 508 618 712 809 841 917 954 1012 1218 1258 1273 1301 1406 
146 149 176 212 258 401 574 712 758 767 956 1003 1080 1211 1346 
20 137 216 374 713 769 1197 1285 1323 
57 133 160 212 273 307 376 438 463 587 596 814 939 992 998 1128 1255 1321 
580 694 816 1177 1182 
122 198 328 512 655 745 826 983 
178 301 316 1035 1194 1214 
24 44 340 350 409 638 904 1071 1083 1109 1122 1167 1224 1396 
29 57 364 693 712 767 827 967 973 994 1367 
92 100 129 254 536 661 869 978 1121 1237 1334 
55 174 323 349 409 467 515 604 626 678 701 737 764 790 866 1180 1277 
29 235 245 282 437 643 798 955 965 974 991 1004 1073 1229 1297 1336 
90 95 366 470 487 528 672 851 934 953 1019 1409 
76 159 387 447 743 752 1120 1217 1267 1396 
284 302 403 543 697 1045 1174 
111 170 363 392 399 433 647 744 1171 1315 
317 425 443 450 574 605 718 922 990 1008 1061 1131 1207 1214 1273 
166 199 277 310 372 689 767 951 1211 1305 1336 
57 326 327 361 653 686 740 768 827 889 1063 1073 1406 
65 112 168 290 336 504 813 1113 1117 1224 1291 
141 165 306 397 526 825 905 932 1140 1171 1269 
185 217 286 414 421 438 567 943 1115 1189 1296 1377 
56 347 681 733 806 818 890 930 1037 1339 1408 
59 91 295 333 505 513 514 602 719 885 948 1128 1173 1206 1373 1387 
150 310 399 526 969 1051 1116 1178 1223 1304 
104 163 183 258 435 511 653 671 749 1294 1342 
331 332 627 660 700 866 928 1105 1211 1227 1356 
62 101 294 624 1265 
6 413 438 492 559 660 1120 1240 1402 
272 640 807 1021 1078 1176 1309 1352 
32 113 296 321 523 637 649 751 781 851 868 902 940 964 1034 1153 1218 1326 1406 
141 160 376 593 832 1012 1102 1148 1168 1195 1209 1398 
258 270 299 303 396 419 643 658 686 708 885 955 1173 
392 510 855 898 926 1012 1092 1170 1202 1252 1263 
19 101 298 371 409 599 625 772 924 962 1114 1151 1173 1225 1253 
73 110 122 318 348 373 417 493 551 586 623 944 971 972 1296 1342 
60 143 170 376 559 775 843 904 932 1007 1150 1370 
70 266 471 510 956 1151 1341 1350 
10 50 276 476 595 1030 1118 1235 1332 
223 316 321 342 370 507 551 630 635 726 901 935 1084 1239 1283 1330 
65 120 293 367 574 675 782 933 1323 
13 153 425 475 587 665 986 1090 1394 
89 103 150 285 343 379 491 572 909 994 1186 
135 306 365 586 696 815 863 1103 1167 1368 
212 302 513 1033 1064 1083 1187 1234 1345 
111 272 368 432 863 871 969 992 1038 1122 
59 493 536 592 657 731 804 841 842 1353 1370 
90 158 813 893 923 950 1367 
93 216 231 380 434 820 947 1095 1206 1251 1315 
45 49 131 324 459 853 1338 
125 224 390 518 529 604 875 897 1007 1064 1073 1126 1154 1172 1317 1393 
64 67 197 290 400 592 684 862 1165 
34 116 246 250 300 303 381 636 660 807 922 946 1199 
29 176 399 463 589 591 636 804 1191 
22 44 379 460 1064 1104 1185 1276 
65 111 173 412 748 794 829 852 903 1105 1184 1215 
52 356 373 572 682 733 1084 1106 1117 1153 1178 1225 1354 1380 
165 166 271 312 344 525 612 929 1085 1158 1181 1263 1295 1314 1317 
172 191 322 378 520 539 579 812 1024 1060 
14 36 571 914 953 1001 1198 1307 1346 
392 497 537 603 840 1033 1039 1167 1204 
159 233 576 771 844 1147 1166 1225 1264 
310 495 529 657 879 1071 1372 1397 
257 358 382 416 545 1151 
135 316 330 354 519 558 591 594 601 764 793 796 805 809 830 972 1016 1125 
27 58 242 243 247 434 815 1403 
9 59 198 210 245 534 592 823 1214 1383 
65 160 168 581 605 640 906 981 
32 209 337 401 412 504 642 721 801 806 832 855 945 1087 1332 
225 364 371 464 581 726 811 929 931 1032 1084 1220 
104 220 450 771 1076 1229 
13 133 164 367 457 468 517 640 665 861 869 967 1062 1110 1254 1347 1348 1360 
89 90 114 512 673 1088 1299 
484 693 760 887 1263 1355 
97 107 120 189 355 555 627 709 926 936 1081 1083 1092 1218 1226 1319 
191 235 324 482 657 826 971 1054 1140 1260 1317 1352 
4 30 42 571 578 650 699 721 839 1027 1051 1178 1183 1212 1316 
96 176 317 320 544 602 632 790 798 879 1073 1207 1338 1364 1390 
255 305 312 507 603 702 721 767 1003 1100 1161 1373 1387 
54 193 293 295 878 991 994 1032 1044 1147 1322 1374 
352 625 888 948 1007 1008 1090 1092 1327 1369 
183 416 538 759 811 1026 1090 1213 1221 1337 1402 
141 149 216 441 490 675 817 859 864 1337 1379 
32 87 233 445 585 595 601 688 1201 
109 278 294 551 647 708 734 863 898 966 1052 
27 153 257 264 461 500 535 756 946 1037 1228 1250 1263 
26 168 174 422 510 584 668 813 1029 1155 1238 1367 1373 
53 201 240 584 949 1014 1141 1200 1237 1371 
77 125 231 303 455 459 508 928 1167 1251 1359 
2 266 385 447 650 919 1090 1162 1212 1217 1307 
342 427 494 628 788 792 1153 1305 1385 1399 
66 109 159 161 285 310 445 466 676 715 853 1063 1072 1234 1327 1339 1364 
12 175 220 342 371 380 445 538 650 844 929 933 997 1005 1023 1070 1264 
56 161 209 316 407 432 553 567 656 713 759 908 1077 1226 1242 1253 1295 
67 101 135 290 373 770 852 
132 203 222 264 265 370 493 525 598 627 688 704 740 767 971 1038 1121 1232 
161 313 472 651 998 1057 1146 1258 1284 1347 1353 
73 321 486 553 654 731 809 894 907 928 964 1002 1066 1208 1341 
67 174 480 575 1269 1270 1374 1378 
183 396 543 681 985 1055 1214 1380 
104 395 580 740 859 1023 1296 
10 25 127 212 452 581 836 990 
37 48 98 320 361 810 880 962 1040 1140 1226 1337 
163 261 281 327 337 418 479 517 529 666 725 904 941 1326 
167 245 442 446 900 1006 1030 1405 
21 561 879 929 934 1036 1123 1262 
155 211 221 434 801 903 1191 1208 1230 
9 42 472 484 525 630 736 762 856 863 900 952 969 1057 1059 1085 1147 1259 
67 86 131 217 237 622 865 1010 1162 1168 1192 1312 1348 
131 222 388 389 392 547 767 793 906 916 932 1126 1243 
392 743 858 907 933 951 1060 1176 1289 1351 
21 34 139 243 368 612 866 1076 1082 1141 1242 
209 230 246 278 383 488 714 729 1034 1172 
57 81 263 277 507 731 776 873 919 935 959 1029 1338 
210 431 468 895 1006 
33 71 482 785 858 1068 1175 1264 1271 
244 503 514 610 644 1223 1254 1274 
480 582 774 781 954 983 1106 1107 1333 1393 1405 
159 184 198 590 607 618 730 803 1173 1196 
126 314 318 399 750 881 887 915 926 929 978 995 1028 1294 1350 
86 155 168 180 247 337 601 628 752 850 861 1037 1212 1225 1302 1333 
230 239 323 436 521 615 833 909 1385 
157 314 359 410 499 573 661 773 993 1059 1095 1142 1215 
268 281 485 631 683 687 825 
145 242 248 551 574 643 756 907 926 1107 1295 1345 
27 118 216 531 765 826 879 935 1013 1112 1116 1153 1208 1398 1400 
237 950 1105 1205 1220 1288 1407 
72 90 131 170 239 313 636 695 756 853 1076 1129 1159 1372 1379 
4 586 595 678 868 874 902 1050 1294 
68 116 169 199 457 461 506 546 694 1138 1174 1284 1360 1392 
105 154 160 280 691 797 932 
48 515 519 562 573 608 818 1376 
3 273 339 702 705 727 1097 1208 
8 111 398 496 785 841 1020 1067 1113 1114 1156 1185 1333 1399 
302 604 912 958 988 1020 1029 1243 1296 1384 
186 187 214 407 566 739 746 761 1179 1383 
104 276 316 335 337 486 690 822 842 933 993 998 1166 
157 309 450 458 649 1037 1127 1185 1226 
111 244 391 819 881 890 1013 1256 
32 301 527 832 865 903 961 1019 1095 1269 1283 1287 1339 
60 178 553 594 639 760 1311 
37 193 332 355 714 799 845 947 1007 1011 1069 1070 1136 1143 1155 
45 225 317 586 665 681 793 826 858 1219 1301 1365 
15 28 73 231 303 718 869 
83 194 201 236 300 557 700 1031 1115 1116 1156 1224 1341 
19 92 220 300 315 384 443 515 670 685 699 923 972 1015 1232 1299 1371 
126 329 357 590 904 946 1178 1262 1315 1319 1334 1358 1386 
13 342 573 612 777 895 1234 1235 1240 1303 
61 76 414 750 803 872 1010 1022 1055 1081 1132 1144 1170 1243 
111 150 227 310 388 414 481 498 584 726 911 1034 1036 1094 1234 1280 1353 1378 1382 
235 273 285 407 464 478 641 704 878 1112 1262 1285 1309 1325 
69 190 203 286 333 544 553 569 574 640 1067 1152 1217 1353 1404 
324 423 438 462 546 573 762 765 785 1048 1068 1354 
21 109 139 238 352 520 647 783 898 988 1120 1122 1199 1406 
6 28 179 214 225 483 598 703 755 853 977 985 1121 1132 
46 194 199 381 601 714 839 866 951 989 1104 1109 1242 
182 224 498 595 740 743 756 840 1008 1033 1037 1046 1130 1333 1388 
20 26 42 152 480 636 725 894 936 977 1064 1144 
29 193 197 426 522 729 1031 1140 
8 19 85 489 491 523 586 674 898 1408 
130 292 360 539 585 597 657 680 762 916 973 1033 1085 
107 134 156 171 191 386 664 700 909 1003 1027 1147 1275 
51 409 508 509 571 650 722 777 814 828 899 980 1013 1048 1074 1124 1383 1396 
34 145 215 505 582 688 1264 
48 64 68 120 457 465 550 564 581 722 873 940 1164 
89 141 145 425 463 624 689 949 991 1084 1211 1263 1309 
411 603 641 645 722 808 885 945 1103 1136 
41 89 92 475 756 819 843 984 1132 1165 1224 1260 1306 1313 
420 540 568 877 915 920 938 1021 1027 1085 1300 1326 1344 
183 475 486 623 763 832 896 901 941 975 1035 1057 1155 1331 
52 169 267 468 473 488 676 755 832 880 1082 1083 1221 1296 
2 92 363 374 453 660 751 817 894 933 1342 
287 290 486 562 690 
52 233 329 460 505 550 578 799 866 1036 1221 1272 
74 228 306 425 616 706 717 874 886 943 1184 1223 1324 
26 121 362 379 582 751 846 867 945 990 1001 1030 1217 1269 1312 
26 28 50 101 517 576 624 649 750 843 893 1174 1178 1230 1331 1405 
156 205 456 722 802 870 1017 
206 323 875 1123 1331 1361 
7 277 346 486 505 542 577 924 1056 1393 
73 171 338 364 445 499 864 1122 1247 1305 1339 1367 
482 500 588 922 941 1095 1344 1373 1396 
144 178 226 432 472 556 615 729 778 786 839 880 1002 1101 1109 1124 1172 
170 375 438 489 783 887 1054 1066 1075 1100 1189 1204 1381 
117 203 693 704 794 895 1388 
33 58 137 410 540 615 632 751 789 870 947 972 1151 1189 1264 1328 1346 
152 202 303 321 377 553 859 1110 1149 1245 1275 1284 1288 1372 1402 
9 333 419 820 932 987 1156 1303 1377 
263 331 538 664 677 733 775 1138 1177 1179 1315 1358 
2 95 357 384 685 838 889 992 1039 1121 1134 1387 1394 
29 47 61 178 369 479 533 569 638 756 829 1088 1359 
717 724 748 814 983 1094 1187 
3 12 109 202 356 365 418 421 747 790 853 879 1084 1251 1308 
290 321 543 604 607 628 688 783 991 1287 1289 1334 
13 20 53 394 596 671 721 780 785 984 1121 1324 1384 
227 302 320 329 330 412 629 920 954 1017 1020 1186 1304 1407 
139 313 422 540 915 1064 1123 1143 1409 
79 89 100 194 204 260 297 625 860 898 917 931 1073 1140 1161 1236 1365 
79 315 324 378 658 727 788 809 939 963 983 1060 
61 145 360 1007 1172 
16 300 411 530 801 1050 1091 1142 1163 
49 73 326 334 457 591 1049 1383 
1 13 59 171 366 449 587 598 770 1019 1071 1072 1246 1299 1384 
66 113 296 456 502 619 635 645 647 663 714 718 1079 1247 1353 1366 
3 144 235 301 364 432 640 834 848 976 995 1196 1247 1408 
200 329 403 448 496 517 927 992 1294 1338 1406 
32 262 328 339 512 542 615 738 855 940 961 1142 1278 1282 
11 308 617 741 791 796 988 1148 1180 1387 
2 243 347 413 461 529 655 823 876 919 949 1012 1058 1172 
37 54 139 545 648 785 868 927 939 1077 1244 1309 1369 
167 174 394 499 607 975 1018 1139 1294 
5 85 178 348 412 773 783 
2 99 140 141 651 685 910 964 1015 1190 1312 
38 148 153 461 625 882 914 944 1227 1236 1265 1279 1280 
3 16 89 201 285 328 411 413 474 475 549 579 831 838 1002 1103 1114 1318 1322 
94 207 255 333 363 378 452 738 823 1081 1106 1146 1211 
43 128 173 429 612 734 888 995 1255 1387 
42 243 259 562 919 1286 
112 119 228 299 307 451 489 493 573 626 641 643 671 951 1093 1125 1182 1263 1352 
60 89 123 159 253 291 572 588 640 675 817 826 1016 1042 
17 59 196 244 313 490 689 914 926 951 1168 1301 
230 433 454 546 640 729 884 921 1194 1364 1398 
3 65 182 201 417 538 693 775 1246 1254 1280 
29 60 588 625 795 923 974 1149 1262 1270 1293 1302 1303 
31 186 301 354 741 963 1050 1081 1086 1129 1223 
97 195 253 291 437 506 575 625 746 908 965 1149 1274 1386 
11 102 631 703 847 
98 180 452 559 598 715 883 895 914 1008 1081 1231 1359 
61 143 156 226 299 498 511 514 584 774 776 956 1295 1365 
23 158 518 634 681 1209 1287 1359 
124 256 379 402 405 687 713 840 1014 1266 1280 
254 257 275 297 363 420 440 447 746 853 936 999 1000 1073 1166 1172 
102 143 225 313 519 1375 1408 
40 120 149 310 361 427 630 823 844 920 966 1055 1114 1132 1187 1218 1232 1335 1350 
252 325 515 765 806 840 912 944 983 1079 1099 1199 1260 1332 1362 
171 176 328 383 392 468 484 497 582 686 693 812 1005 1009 1034 1319 
55 104 400 454 620 747 823 894 1066 1098 1167 1178 1183 1288 
37 62 342 750 808 1107 1192 
208 448 450 474 593 673 699 709 879 916 990 1074 1078 1134 1220 1309 1315 
156 431 544 932 936 1164 1206 1350 
247 250 350 377 792 806 965 1075 1107 1260 1293 1304 1362 
132 278 344 391 625 781 930 953 1014 1087 1251 1277 1354 
320 339 368 583 610 803 863 1182 1202 1252 1285 1307 1358 1372 
120 238 463 493 564 815 1023 1030 1174 1333 1359 
249 414 525 728 738 754 886 887 909 
119 153 178 760 790 1372 
112 225 508 896 935 1102 1207 
7 292 304 387 700 717 777 790 870 875 
5 10 20 567 944 1059 1072 1092 1151 1187 1366 
41 249 447 616 640 723 770 814 834 925 988 1011 1093 1145 1191 
16 148 384 434 804 912 975 1093 
84 122 235 295 494 660 915 
213 581 714 902 1029 1108 1338 1350 
88 252 378 462 504 641 686 864 1055 1408 
108 133 283 513 592 827 1143 
7 79 217 328 610 1049 1215 1265 
151 193 212 280 432 550 821 912 989 1078 1373 
152 240 721 1076 1208 1287 
43 108 582 713 775 784 948 956 1084 1146 1167 1211 1243 
39 266 283 291 352 444 521 564 651 859 884 1011 1161 1208 1236 1244 1274 
156 220 222 478 765 856 996 1016 1147 1302 
64 67 78 89 545 718 750 1124 1212 1270 1310 1317 
57 230 238 251 271 414 473 696 732 793 812 1038 1223 1258 
34 179 350 368 567 611 634 731 813 1040 1177 1238 1251 1365 1367 1398 
47 89 384 440 454 657 675 1329 
330 545 652 720 930 1335 
97 393 505 517 585 615 699 907 966 969 1027 1218 
182 266 439 587 642 727 777 805 927 1120 1304 1324 
85 332 558 594 711 780 811 985 995 1017 1160 1280 
40 103 117 128 189 322 392 552 983 
189 197 340 409 856 860 1027 1157 
65 105 146 252 430 495 606 644 657 1103 1149 1183 1379 
156 368 426 551 791 937 939 1067 1096 1156 1323 1327 
28 173 374 549 993 1018 1267 1303 
286 465 684 722 751 753 794 1059 1106 1317 1386 
127 134 259 318 381 436 933 1038 
47 201 253 332 343 772 895 915 935 1231 1292 
225 248 256 299 498 567 660 688 1261 
118 219 448 566 583 669 712 813 954 979 1149 1258 1261 
432 794 870 983 1005 1238 1361 
28 351 355 371 416 500 554 717 876 1033 1179 
279 353 398 576 648 714 813 870 892 907 1116 1133 1218 1377 
18 282 337 351 517 572 606 724 1142 1173 1199 1326 
227 378 554 746 857 975 1040 1172 1218 1359 1409 
72 134 137 596 729 905 948 954 975 1222 1230 
26 266 817 918 951 1021 1097 1114 1120 1199 1320 
75 137 188 229 262 331 454 506 1137 1139 1267 1284 1323 
106 176 303 496 660 895 1234 1295 
36 48 166 216 230 244 291 368 369 764 916 981 1206 1226 1327 
15 141 263 307 336 368 690 725 756 811 976 1115 
39 162 171 253 422 423 430 700 1232 
116 288 360 397 409 424 515 652 680 836 949 1064 1163 1302 
44 104 153 334 389 534 563 577 625 674 703 881 948 1001 1021 1181 1289 1387 1394 
85 159 513 649 789 841 881 913 938 1061 1070 1072 1154 1285 
8 149 166 746 996 1029 1134 1250 1383 
121 150 155 195 596 613 669 702 811 889 1144 1265 1390 
168 199 204 237 438 565 625 683 814 1040 1122 1165 1283 1347 
10 83 222 310 374 445 808 1228 
223 351 687 970 1190 1207 1283 
130 235 242 490 498 500 616 679 942 1073 1092 
86 584 586 588 599 696 751 1180 1282 1352 
74 181 198 312 332 671 1054 1227 1285 1339 1354 
162 236 292 613 704 874 977 1172 1303 1351 
21 152 168 186 272 350 525 579 711 735 873 954 1012 1075 1351 
42 50 142 152 191 461 491 571 1028 1064 1257 1375 
5 28 42 141 406 554 620 689 922 1117 
132 184 221 334 355 390 395 666 752 852 862 914 938 1176 1187 1361 
97 534 580 604 643 706 827 870 932 946 1137 1193 
29 104 540 1056 
60 93 468 519 535 685 1032 1052 1121 1134 1170 1194 1235 
42 269 419 684 872 902 942 1222 
28 57 121 137 167 262 444 478 610 944 949 1238 
85 233 256 301 321 406 506 638 796 1121 1140 1378 
18 93 311 725 803 838 875 877 962 1103 
398 413 529 876 897 898 
432 881 1072 1221 1247 
242 628 637 666 755 770 1003 1014 
2 28 59 100 221 249 289 409 557 868 1102 1202 
16 18 45 73 164 289 302 372 378 414 440 517 522 578 1104 1145 1213 
82 114 150 279 304 407 629 646 798 894 911 986 1057 1131 1170 1240 1273 1293 
200 328 371 411 1020 1108 1123 1162 
193 359 394 435 532 578 750 792 852 893 973 1013 1107 1174 1297 
158 161 230 369 437 753 1162 1176 1219 
283 304 427 1409 
299 557 647 653 705 716 845 971 1040 1241 1312 
33 87 614 658 1145 1154 1199 
214 363 477 613 817 838 1018 1140 1170 
89 447 909 913 976 1381 
193 209 289 385 541 570 598 659 683 743 980 1049 1263 1279 1297 
256 452 593 597 607 696 722 809 876 1024 1079 1083 1117 1301 1388 
89 295 386 435 542 728 772 809 1041 1076 1190 1337 
43 148 343 696 744 808 918 1089 1114 1145 
29 132 219 388 666 920 1082 1158 1243 
31 81 182 576 592 738 894 953 997 1028 1070 1183 1216 1242 1270 
9 65 106 285 328 352 507 546 549 578 589 612 711 806 823 937 1083 1148 1167 1198 
18 118 349 371 415 777 980 1056 1117 1291 
21 70 137 220 395 423 1064 1354 1395 
145 249 331 417 503 515 829 852 987 1153 1262 1304 
68 101 495 562 667 790 1180 1386 
202 557 829 870 978 980 1027 1265 
210 413 529 574 582 928 929 958 1068 1185 1204 1294 
144 591 816 835 887 958 1220 
78 312 400 432 486 710 921 928 1028 1180 1205 1304 1312 1393 1405 
367 547 574 656 682 803 827 923 947 1017 1224 
14 65 188 390 778 1203 
189 213 299 303 305 423 430 439 500 517 531 908 1356 1402 
254 342 440 898 902 905 926 938 1029 1094 1232 1237 1247 1293 
151 174 184 424 1324 1347 1384 
120 516 624 671 738 886 1072 1078 1079 1248 1251 1257 1265 1353 1400 
483 492 1262 1338 1340 
335 400 456 698 752 775 805 894 913 997 1263 1318 1364 
118 157 315 328 348 544 633 973 999 1076 1206 1253 1350 
8 33 50 95 160 247 285 312 539 650 1064 1098 1213 1367 
19 20 345 458 610 644 680 772 830 885 961 974 1016 1324 
89 535 650 831 918 1032 1182 1236 1289 
38 285 569 584 669 689 757 959 989 992 1029 1042 1224 1256 1271 
154 216 346 347 604 766 879 1070 1077 1377 1392 
139 286 987 1020 1051 1293 1401 
226 305 367 616 690 834 898 933 1010 1208 1273 
184 282 452 539 663 895 905 920 942 1190 1207 1209 1339 1402 
65 250 264 304 393 462 836 863 886 930 934 949 965 1141 1145 1326 1391 
23 240 271 292 401 402 575 605 615 633 1114 1244 1283 
264 680 956 1030 1077 1159 1172 
233 255 374 382 397 537 555 574 616 631 815 963 1277 1279 1285 
84 112 165 341 372 604 832 928 953 1081 
902 1139 1259 
512 620 864 881 964 996 1252 1272 
162 305 607 715 803 835 842 888 972 1096 1150 1391 
376 432 499 614 667 669 760 922 1016 1169 
41 75 226 629 694 831 851 1001 1110 1362 1382 
125 153 188 192 419 512 662 743 905 908 1103 
360 486 531 564 684 823 1011 1028 1312 
256 379 394 477 606 696 701 798 855 1209 1214 1257 1357 
47 123 136 645 799 1173 1198 1200 1247 
47 141 297 355 378 411 486 629 734 839 977 1038 1064 1093 1231 1385 
132 181 349 397 552 959 1071 1146 1191 1196 1270 1272 
44 55 208 387 433 499 741 794 803 806 860 971 1010 1027 1050 1060 
58 86 95 160 322 328 368 563 595 795 
360 1146 1196 1203 1223 1365 
120 212 325 345 490 528 622 874 1109 1214 1334 
75 86 599 832 894 913 1076 1223 1249 
22 89 214 540 570 664 735 765 789 798 1140 1195 1229 1271 
2 9 47 150 176 202 413 468 475 672 968 1004 1006 1144 1260 
218 486 689 772 1015 
301 444 490 656 662 756 798 860 974 
16 50 52 148 280 451 474 935 939 944 1023 1091 1213 1243 1254 1398 
377 588 659 719 753 1011 1323 1390 
26 138 188 415 422 486 519 620 751 752 832 887 944 979 1010 1032 1322 1382 
135 153 341 524 896 958 964 979 1102 1199 1350 
162 297 363 491 503 690 711 717 873 988 1073 1085 1202 
241 480 657 684 816 910 917 1056 1199 1322 1372 
120 199 323 350 377 441 469 508 685 700 703 883 891 978 1004 1008 1199 1357 
130 139 141 188 347 425 584 613 671 718 856 1232 1278 1306 
187 240 248 465 487 665 785 1094 1347 
124 200 359 426 763 812 1005 1109 1139 1239 1350 1369 
26 162 232 287 504 593 641 707 748 1011 1099 1184 1190 1342 
24 84 111 272 444 553 944 964 1112 
13 82 198 257 560 589 1004 1097 1159 1168 1273 1278 
73 101 322 397 470 609 1116 1126 1342 
207 678 846 900 904 951 964 1025 1334 
72 311 558 865 1086 1093 1270 1350 
25 80 131 146 488 630 637 655 658 756 793 824 852 1006 1082 1098 1121 1295 
163 187 320 823 1092 1206 1317 1319 
178 185 262 285 286 306 326 442 545 842 874 896 1017 1192 1227 1312 1324 1404 
57 86 210 302 427 497 547 564 641 865 872 886 1034 1056 1214 
81 159 305 430 440 676 729 765 937 1008 1017 1152 1354 
28 57 79 256 584 912 1073 1368 
82 235 288 477 612 759 761 896 956 1158 1234 1404 
115 486 775 871 1187 1211 1309 
60 238 372 636 776 791 836 1030 1042 1186 1210 1215 1309 
120 194 386 453 490 561 591 592 786 802 809 944 1276 
15 276 420 543 988 1029 1037 1058 1306 
60 136 203 626 671 780 872 1005 1059 1060 1085 1231 1267 1322 
237 763 789 885 908 976 1059 1063 1137 1178 1340 1402 
44 376 523 713 782 831 1169 1175 1328 1384 1390 1399 
8 258 868 1159 1324 
11 69 102 136 184 213 332 611 636 735 748 883 937 985 1144 1305 1332 1407 
2 61 161 225 274 281 293 391 498 577 604 796 884 894 942 1157 
61 108 187 246 273 348 361 482 578 652 656 1300 
54 77 148 277 422 468 555 715 912 965 1107 1143 1167 1202 
8 295 468 558 789 825 893 1121 1202 1231 1288 1325 1364 
169 293 458 589 598 1067 1087 1169 
125 244 483 514 655 1021 1294 1356 
106 366 563 746 965 1008 1053 1095 1199 1348 
83 100 245 291 597 821 859 1026 1063 1398 
76 81 179 648 939 1230 
161 168 198 212 276 356 367 626 898 1122 1306 1336 1368 
56 222 259 878 1073 1279 1354 
45 248 276 356 542 1127 1377 
40 140 434 452 791 1023 1027 1120 1154 1182 1298 1346 
366 376 477 516 728 743 759 823 945 965 1184 1198 
39 53 92 471 513 549 576 614 653 930 
163 322 1125 1377 1380 
171 266 332 337 455 490 628 794 1072 1279 1306 1395 1401 
225 298 529 682 692 814 952 1005 1022 1042 1138 1217 1232 1270 
15 35 164 275 705 958 1028 1193 1204 1212 1370 
32 44 189 215 275 354 532 537 564 959 985 1082 1192 1216 1329 1358 
306 317 323 394 412 504 522 608 681 846 886 910 925 929 1028 1038 1267 1294 1359 
22 53 328 379 619 692 798 806 1067 1222 1258 1384 
367 385 493 542 898 961 996 1031 1089 1253 1400 
114 183 274 282 363 473 728 913 1092 1162 1387 
24 278 329 465 467 506 529 664 782 906 1219 
504 602 675 788 907 1044 1275 
3 138 306 391 530 561 822 826 900 915 1062 1389 
157 432 448 533 577 595 925 1086 1106 1317 1356 1362 1405 
362 368 406 597 909 1037 1170 1270 1276 1289 1304 
74 121 138 209 337 368 408 452 550 631 739 837 934 1347 1400 
253 298 431 493 565 1227 1344 1370 1405 
82 197 294 599 607 669 701 703 729 761 876 951 1032 1138 1212 1321 1341 1389 
11 29 259 406 467 830 1109 
264 341 389 414 570 732 826 834 1236 1263 1294 
28 47 49 194 206 230 535 586 725 811 972 1071 1076 1150 1155 1282 1406 
153 312 550 596 724 801 825 1001 1170 1239 1247 1360 
8 157 210 298 369 472 600 669 735 988 989 991 1001 1131 1159 1171 
13 71 231 242 272 630 702 736 751 870 956 
76 142 196 219 313 373 380 397 590 735 896 
97 501 572 849 994 
25 237 285 484 499 527 547 614 660 778 1010 1037 1224 1381 
524 592 604 1067 1170 1213 1340 
138 170 220 226 261 328 393 541 560 714 715 737 788 1058 1227 
38 82 250 292 319 397 635 926 1069 1227 1322 1332 
19 80 155 402 418 649 813 838 1098 1219 
408 643 681 839 1022 1354 
325 445 454 588 775 835 1102 1348 1371 
349 596 666 770 782 826 859 998 1078 1096 1099 1141 1249 
52 90 166 275 366 412 495 541 605 666 763 809 888 944 965 1132 1151 1156 1174 1248 1328 
167 261 267 298 369 502 638 789 887 1303 1379 
338 440 611 717 896 
127 153 222 289 313 378 444 560 912 975 1008 1031 1199 1206 
149 199 813 909 931 1321 1389 
17 191 214 241 256 265 410 415 703 1102 1261 1264 1348 
33 178 469 598 743 842 970 1150 1166 
17 24 29 97 138 519 579 593 658 741 755 772 802 839 1059 1140 
107 160 301 361 381 536 569 606 649 698 709 781 993 1119 
3 72 141 194 265 591 668 810 825 829 877 889 952 
37 82 95 111 472 736 1346 1367 
95 249 254 455 506 575 581 619 736 768 780 848 861 902 1015 1189 1235 
272 329 419 584 914 939 1097 1154 1214 1222 1230 1310 1371 
37 78 138 167 226 230 242 307 420 526 529 821 865 1242 
62 284 293 461 591 911 1339 
13 120 288 452 550 674 732 768 787 898 940 1076 1250 
11 35 191 273 477 528 561 1084 1140 1141 1148 1206 
87 91 111 429 458 525 568 821 1175 
14 442 706 768 781 792 1064 1138 1184 1316 
41 157 178 489 531 863 969 1063 1168 1304 1318 1323 1355 
10 204 278 390 519 532 546 688 703 864 986 1157 1289 1291 1345 
68 99 192 212 515 647 767 792 835 1004 1220 1358 
174 397 464 543 583 666 749 867 891 917 1192 1363 1398 
183 287 408 634 812 859 916 1029 1033 
50 133 174 213 245 267 280 306 331 571 741 901 1034 1059 1062 1079 1260 1381 
306 556 656 672 678 828 841 890 1178 1409 
103 187 216 298 335 715 749 772 802 862 1008 1031 1103 1148 1227 
3 23 220 232 339 481 635 642 649 728 899 965 1294 1323 
48 238 372 390 541 590 618 673 698 865 1087 1185 1249 1313 
12 37 100 130 531 582 660 710 910 932 966 1146 1242 
422 619 812 909 1212 1390 
60 141 263 286 312 330 345 707 753 776 933 1030 1052 1079 1206 1406 
54 403 511 535 630 639 987 1111 1131 1158 1239 1268 
215 356 358 590 617 655 754 781 1055 1172 1196 1227 1269 
53 231 406 414 643 764 1071 1116 1131 1178 
241 260 295 310 360 438 474 603 727 790 954 1241 
91 112 121 137 179 196 313 316 469 567 645 765 1001 1038 1115 1121 1122 1259 
80 286 360 388 456 601 1071 1196 1201 1347 
370 671 859 866 1101 1203 1260 1289 1321 1350 
220 294 342 455 496 541 546 642 768 882 1261 1288 1315 
66 224 335 627 631 689 962 963 1101 
167 359 388 410 448 510 519 762 764 786 982 1188 1409 
108 227 479 491 514 527 541 762 859 1110 1144 1180 1262 1378 
178 206 444 663 687 782 853 1027 1074 1328 1350 
49 157 200 397 414 491 619 891 935 999 1175 1225 1250 1258 1356 
168 189 196 349 407 442 458 531 552 609 661 729 916 1141 1233 1347 
63 203 338 462 514 532 558 593 697 780 918 1011 1152 1173 1236 1357 1368 
148 434 527 782 868 1196 1354 
206 226 401 461 535 547 668 698 807 931 951 1194 1368 
87 288 401 407 496 579 653 661 1180 1380 1382 1396 
16 145 289 360 694 756 827 838 966 1065 
74 120 157 590 715 728 768 1067 1106 1321 1402 
288 425 620 631 694 807 847 899 1065 1085 1092 1112 1252 1344 
34 66 109 374 452 586 628 902 1362 
307 338 525 591 603 985 1144 1162 1176 1387 
188 299 721 732 781 839 984 1308 1318 
191 230 443 596 991 1061 1119 1313 1359 
85 126 177 457 635 656 670 733 807 809 818 832 887 977 1083 1092 1175 1272 1281 1341 1358 
371 419 490 588 597 852 951 1361 
214 228 348 474 507 568 729 975 1184 
150 162 248 254 363 382 470 563 607 765 1061 1215 1241 1397 
1 21 31 41 135 256 419 445 502 680 706 714 1162 1213 1404 
228 301 339 370 509 587 630 713 733 782 1002 1064 1170 1200 
208 328 368 469 548 1081 1159 
1 13 305 340 439 532 577 640 642 707 821 870 935 945 
204 330 377 529 856 896 985 
59 89 354 399 434 481 663 755 786 972 1102 
200 284 422 539 617 700 706 725 922 1035 1079 1161 
18 102 179 181 240 309 433 454 1313 1368 
5 148 360 423 459 650 680 784 829 876 980 993 1016 1381 1388 
152 179 258 1125 1310 1353 
219 269 556 762 763 810 857 959 999 1088 1224 1341 1354 
8 58 69 158 535 777 797 858 958 965 982 1042 1208 1247 
35 217 1094 1275 1368 
35 47 48 49 375 561 628 775 861 1100 1182 
216 300 317 320 333 383 456 524 735 927 1060 1062 1160 1238 1311 
37 99 166 183 198 383 401 407 620 646 785 927 982 1018 1050 1168 1195 1224 1348 1396 
14 49 158 412 452 519 634 788 810 818 821 1186 
100 233 326 433 647 662 782 841 845 852 887 914 959 977 985 1027 1231 
86 133 190 341 378 506 655 688 916 937 1033 1167 1224 1285 1320 1360 
252 291 303 346 369 430 493 1080 1117 1196 1305 
163 227 390 407 804 1012 1165 1166 1338 1368 
195 241 446 467 529 688 906 1003 1179 1231 1263 1291 
5 166 720 893 1267 1279 1280 1331 
35 69 76 203 457 497 517 746 798 1015 1064 1206 1296 1386 
154 457 486 567 607 789 873 953 1138 1228 
99 110 430 582 743 773 1064 1326 
1 48 317 417 433 645 775 806 1243 1327 
234 398 591 632 672 705 706 890 946 1294 1308 
285 626 711 749 835 1094 1185 1345 
206 224 576 579 724 796 944 965 1036 1136 1141 1248 1272 1352 
21 85 169 431 541 761 813 1114 1278 1374 1402 
4 55 87 205 253 700 809 810 990 1331 1375 
148 282 584 750 757 761 956 1261 1309 1401 
32 75 164 208 279 284 336 417 489 710 1042 1089 1161 1231 1319 
226 272 928 959 963 
69 89 427 539 613 620 656 691 701 1019 1039 1045 1066 1228 1236 
58 172 589 616 942 1064 1213 
33 38 51 208 283 304 310 360 521 576 690 838 858 941 952 965 1057 1144 1216 1341 1343 
10 51 168 229 342 463 741 907 1042 1068 1316 1337 
50 609 759 779 919 1004 1050 1167 
144 160 245 316 325 556 575 629 671 811 833 875 1032 1035 1148 1308 1334 
74 76 577 678 777 875 1024 1130 1226 1364 
111 268 279 334 438 523 597 660 979 1067 1127 1266 1277 1337 
4 51 62 100 152 216 272 287 433 501 587 615 875 943 
38 40 42 53 100 167 188 242 290 425 467 611 627 777 1197 1300 
94 100 140 223 544 558 695 895 956 1010 1131 1296 
107 176 258 347 349 350 430 464 501 878 1119 1381 
191 196 405 541 626 638 690 1150 1236 1343 1386 
51 398 401 682 716 788 861 1023 1051 1177 1296 1365 
128 229 514 755 772 1193 
32 140 192 425 518 558 886 1016 1032 1093 
65 126 183 653 773 931 958 1062 1303 
66 123 150 653 1059 1073 1171 1177 
67 189 244 292 358 481 597 714 791 874 875 923 1116 
29 333 519 604 636 949 1070 1085 1261 1347 
103 215 423 500 583 738 969 1078 1136 1147 1241 1308 
16 377 433 804 813 819 908 987 1065 1071 1164 
37 214 514 657 701 816 834 856 1132 1217 1297 
17 21 102 182 224 342 383 526 536 804 823 1011 1036 1094 1171 1194 1240 1274 1383 1405 
75 92 99 132 179 208 399 406 458 472 502 563 621 1114 1124 1156 1221 1229 
275 279 315 344 438 502 578 649 813 827 845 890 913 1044 1261 
258 657 1121 1276 
170 311 383 530 570 780 798 809 879 993 1184 1196 1236 
36 110 367 563 671 681 793 808 817 933 1006 1041 1061 1349 
396 422 453 455 630 725 968 1024 1100 
142 183 308 397 417 547 560 584 743 1054 1091 1114 1233 1377 
297 346 415 509 652 663 738 1211 1293 
234 381 567 634 805 898 971 1214 
19 174 344 486 641 682 775 790 956 998 1033 1084 1105 1288 1340 
182 228 281 331 599 617 690 765 825 827 1148 1234 1326 1328 1367 
16 114 149 245 632 695 748 963 1106 1302 
83 357 434 561 624 983 1105 1157 1259 
28 30 555 556 617 742 779 1073 1179 1196 1244 1318 1329 1369 1375 
69 139 381 451 590 707 714 844 1058 1089 1242 
158 259 400 416 570 856 884 1338 
84 181 198 224 514 522 665 807 851 996 1199 
203 480 751 989 1012 1153 1232 1290 
100 111 214 229 398 405 821 1150 1202 1265 
42 119 163 416 503 846 1028 1167 1192 1286 1307 
42 123 162 231 498 583 590 688 692 761 798 851 930 965 1090 1331 
11 149 204 206 541 726 755 764 793 857 859 1026 1159 1173 1254 1406 
63 119 144 508 535 556 674 716 768 777 833 910 1272 1327 
61 270 310 378 460 526 597 665 784 831 918 1083 1362 
105 303 304 395 566 580 861 890 913 1061 1179 1238 
82 491 501 731 776 809 870 988 998 1099 1170 
81 94 162 232 241 270 383 466 482 578 582 702 910 966 1016 1037 1184 1373 
204 339 452 534 571 657 826 911 1175 1224 1259 1268 1278 1341 
351 361 410 428 591 954 988 1198 1359 
527 571 595 977 1006 1082 
122 322 444 507 542 559 578 833 867 879 1033 1050 1245 1259 
169 467 517 684 697 796 859 923 1334 1337 1344 
40 482 611 983 1312 1314 
99 165 315 524 685 705 718 746 
277 315 752 1011 1153 1191 1286 
42 120 298 319 322 331 641 777 831 856 959 981 986 1053 1289 1356 
1122 1247 
136 501 864 1008 1157 1358 
36 75 263 436 983 1061 1346 
38 117 119 210 213 227 367 405 578 
21 386 401 1262 
213 332 353 574 584 1277 1307 
34 184 302 370 372 392 415 623 677 750 1098 1196 
238 415 550 622 646 798 963 987 1037 1173 1290 1324 1342 
18 114 207 331 446 498 779 996 1281 1308 1337 
37 152 233 306 344 370 506 731 918 1168 1212 1352 1359 
198 211 225 255 845 1042 1079 1214 1232 1237 1291 1301 1332 
55 77 258 497 605 723 1013 1275 1281 1299 1379 
135 173 256 267 378 402 521 570 655 675 920 1276 
117 188 230 601 730 757 812 826 1228 1260 1281 1283 1297 1345 
105 261 381 382 394 406 518 529 591 741 985 1353 
231 304 630 833 881 1021 1123 1128 1169 1224 1228 
264 288 338 358 407 529 544 670 696 834 835 894 911 1000 1164 1178 1243 
80 147 254 480 532 620 798 834 962 1078 1088 1113 1406 
30 138 342 438 715 943 947 1011 1031 1045 1100 1231 
58 88 98 165 207 226 357 369 493 865 911 962 999 1155 1231 1397 1400 1403 
240 269 322 400 440 513 835 846 906 1262 
31 34 153 466 472 476 579 618 713 726 758 774 796 905 949 971 973 984 1115 1247 1359 1405 
354 937 939 1004 1119 1218 1248 1338 1403 
159 336 377 381 394 421 519 605 658 983 1140 
4 325 392 555 573 694 843 860 880 938 990 1157 
23 75 105 248 368 381 537 574 762 986 1279 1389 
285 563 882 1126 1385 
283 514 563 715 755 778 1002 1088 1138 1246 1405 
44 302 322 429 484 624 797 873 921 924 1004 1273 1298 1371 
195 388 513 624 670 715 737 770 855 1078 1088 
119 187 336 433 440 472 499 619 653 721 811 828 849 1000 1020 1157 1180 1406 
88 102 140 584 660 930 
277 314 605 662 725 1103 1133 1151 
257 492 533 549 679 752 773 802 873 902 1158 1388 
147 515 631 778 784 
28 167 451 660 678 770 886 1003 1060 1072 1196 1216 
217 625 656 751 770 911 918 954 1053 1252 1299 
212 239 328 423 967 
46 210 281 356 496 570 637 646 649 786 950 1105 1111 1183 1267 1306 
99 112 533 592 754 823 858 1036 1191 
69 165 233 300 317 429 466 496 592 751 756 944 1030 1105 
20 86 161 222 255 367 461 478 491 587 614 680 903 1016 1090 1196 1222 1251 1310 
189 323 362 479 529 582 590 811 834 939 1002 1118 1266 1291 1378 1398 
186 193 245 270 330 335 646 822 866 1133 1333 
50 216 321 490 663 843 915 1259 
43 192 395 494 612 958 1060 1070 1072 1172 1331 
133 181 753 861 981 1021 1164 1320 
49 109 122 209 252 280 417 463 502 503 511 1027 1084 1156 1333 1375 
13 68 241 413 622 807 1013 1181 1208 
455 496 502 670 721 824 862 939 944 1126 
174 232 257 296 412 640 671 672 796 822 998 
12 197 210 254 340 386 421 571 613 768 815 960 976 1006 1136 1270 1299 
470 544 561 603 845 1241 1283 
82 88 110 144 146 213 214 694 789 886 1183 1192 
320 554 707 819 899 1170 1201 
658 774 823 883 1049 1121 1221 1291 1299 
11 31 138 233 656 817 886 1032 1138 1153 1312 1365 
210 500 605 961 1012 1061 1154 1409 
3 121 189 358 604 925 927 1157 
131 139 145 453 668 739 810 885 892 953 1181 1182 1193 1212 
5 61 465 588 636 693 735 792 913 1075 1114 
108 189 476 577 740 1210 
14 448 477 548 1016 1019 1081 1083 1175 1210 1268 1299 
13 178 182 225 381 478 539 637 696 866 938 1018 1397 
40 120 164 298 338 539 546 659 662 743 841 1297 1333 1358 1384 
53 151 169 234 341 351 674 742 1269 1311 
64 260 429 577 604 801 816 871 1298 1354 
39 52 93 268 393 408 493 608 791 929 1229 
3 231 919 1081 1247 1275 
33 314 340 547 572 818 939 1141 1186 
45 119 155 257 441 555 1060 1156 1342 
168 265 289 372 456 555 636 655 707 753 783 978 1007 1013 1103 1155 1293 1336 
264 320 380 443 566 711 923 1064 1215 1394 
75 304 401 446 547 566 703 820 921 1001 1127 1212 1236 1332 
33 309 441 478 727 751 757 967 1209 1231 1237 1314 
460 1085 1238 1247 1273 
43 99 371 895 943 994 1065 1131 1323 
264 386 435 450 575 689 707 851 1400 
26 62 128 167 421 431 517 576 611 616 731 734 823 842 923 1009 1098 1177 
32 429 467 575 602 718 848 923 1043 1154 1217 
58 105 527 600 618 742 1058 1224 1231 
186 300 320 329 584 604 683 1007 1301 1348 
344 486 640 854 957 1340 1393 
63 78 88 256 472 531 820 1069 1092 1156 1227 1260 1296 1305 1335 1359 
31 71 253 559 850 990 1116 1173 1240 1301 1322 
199 316 425 445 1058 1163 1301 1346 1350 1361 
119 290 339 549 646 1231 1266 
70 329 578 989 1199 1262 1338 
195 438 741 875 919 921 993 1119 1204 1262 1366 
54 94 270 275 570 576 589 655 887 1005 1326 
3 31 344 367 703 1075 1086 1140 1206 1267 1344 
5 21 144 184 259 268 611 660 716 731 
54 83 179 1240 1288 1395 
116 221 234 563 588 977 1003 1094 1217 
213 235 408 708 729 835 
64 183 199 202 295 356 551 610 856 870 905 972 1070 1099 1172 
31 115 187 327 632 708 787 816 1178 1223 1337 
43 121 130 316 377 442 497 524 580 619 734 748 803 894 903 1066 1133 
313 324 335 356 509 533 782 886 903 932 977 1112 
98 193 302 357 544 622 628 704 1292 
563 618 676 841 1299 1312 1315 
73 234 355 377 570 579 717 804 838 929 941 985 1210 1250 1253 1279 1333 
95 137 240 353 415 671 740 747 753 782 1383 
93 307 518 637 680 797 800 916 1197 1217 1266 1293 1356 1367 1387 
83 333 338 483 501 529 583 682 1003 1231 1320 
217 453 629 756 903 913 988 1017 1221 1278 1402 
338 608 645 647 693 700 
6 458 789 873 893 995 1025 1392 
55 58 137 214 456 459 485 607 670 887 1075 1158 1288 1322 
163 175 196 332 573 827 933 1164 1206 1385 
63 202 236 261 418 452 478 512 547 759 1024 1041 1099 1230 
242 291 472 715 747 851 899 1100 1122 1161 1299 1380 
5 26 105 137 328 508 563 591 873 1062 1114 
214 420 555 566 609 694 887 1007 1090 1113 1126 1166 1388 
63 299 399 692 839 907 1019 1044 1067 1073 1101 1192 
176 350 479 754 829 919 1076 1151 1322 
278 549 784 819 837 875 950 1028 1162 1384 1409 
235 263 389 410 418 690 962 1183 1186 1265 1269 1408 
160 308 331 500 619 681 954 981 1154 1208 1240 1270 1285 1333 
141 142 171 187 229 511 530 742 744 862 941 948 1159 1216 1352 
87 358 421 622 713 1128 1171 1185 1360 1367 1390 
105 131 586 661 1004 1059 1089 1152 1167 1184 1198 1347 1390 1393 1402 
297 473 589 718 968 1288 
34 396 403 483 558 653 893 968 1156 1216 1309 
98 360 429 465 482 510 658 680 756 841 966 987 1026 1164 1296 1344 
217 330 453 530 642 819 906 963 1052 1242 1265 1293 1339 1374 
183 790 836 843 1058 1170 1365 1398 
455 570 731 741 748 867 874 880 949 1032 1097 1169 1279 1314 1330 
71 348 437 442 875 1000 1006 1163 1199 1319 
73 118 144 289 472 534 604 621 630 653 705 724 784 920 1088 1138 1193 1235 1281 
176 269 399 445 454 456 540 704 795 933 1028 1050 1127 1264 1374 
133 436 551 598 665 743 887 1238 1250 1283 
35 64 85 129 228 275 537 836 904 931 944 1034 1105 1178 1187 
328 451 532 728 744 941 1187 1362 
70 285 361 426 610 685 996 1000 1121 1262 1364 
31 73 446 478 498 568 598 658 835 912 921 1059 1139 1175 1249 1292 1324 1385 
14 557 610 702 969 1020 1031 1334 
80 178 187 359 414 432 629 722 760 764 929 936 1073 1190 1255 
42 340 391 402 411 419 479 714 1091 1102 1293 1371 
18 49 274 387 426 640 664 776 851 961 1102 1243 1253 
498 658 693 755 1081 1096 1160 1288 
290 477 596 817 852 905 946 1010 1033 1164 1255 1308 1317 1365 
162 237 381 476 555 559 762 915 976 1163 1354 
110 233 464 617 831 964 1112 1160 1322 1324 
63 103 104 105 466 613 655 670 728 830 1175 1176 
70 93 351 356 928 1249 1283 
74 94 170 181 314 315 364 411 443 605 607 898 1233 1268 
634 720 752 781 817 1180 1193 
3 233 475 528 671 797 1041 1082 1196 1265 1369 
146 530 659 825 858 909 1026 1096 1157 1317 1322 1350 1394 
99 372 729 857 997 1102 1172 1190 
7 87 137 148 212 322 428 643 731 935 1006 
219 409 453 803 963 
365 540 626 797 800 920 924 934 967 1010 1020 1049 1078 1084 1191 1227 1352 
24 230 414 424 992 1146 1386 
316 371 481 756 795 852 1035 1164 1324 
323 474 575 656 704 707 747 810 812 813 845 890 1023 1130 1171 
68 301 385 509 795 949 1305 1311 
84 138 254 368 505 924 1097 
44 97 308 330 355 408 455 664 739 811 841 842 1025 1221 
218 766 800 925 1231 1298 1315 
69 366 482 605 762 857 1131 1399 
548 764 
126 181 284 307 445 470 661 710 773 824 890 903 918 971 1133 1152 1276 
31 140 329 438 499 668 720 781 1231 1248 1258 1289 1314 
248 519 528 547 554 679 681 780 959 1091 1161 1285 1287 1321 
75 88 284 453 651 781 794 1117 1314 1321 1324 
49 270 305 374 831 1104 1105 1144 
47 91 126 180 324 407 423 439 448 587 637 680 830 1014 1343 
336 370 498 511 542 683 857 870 917 1052 1102 1116 
417 503 740 774 807 880 948 984 1262 1276 1334 1406 
12 329 428 438 488 521 794 801 826 899 1015 1053 
114 139 477 544 677 831 947 1115 1328 
99 235 363 755 858 985 1078 1162 1166 1305 
43 274 358 387 435 511 573 597 856 1005 1122 1136 1146 1269 1352 1384 
311 422 452 496 655 688 703 705 1065 1250 1282 1387 1393 
285 341 355 564 744 863 883 1294 
60 141 288 491 548 660 763 908 1254 1331 1377 
194 503 592 595 737 1007 1098 1148 1202 
27 148 706 732 860 899 1084 1224 1365 
25 158 184 336 380 401 446 538 596 646 684 800 802 1139 1258 1265 
429 441 566 589 765 777 879 958 963 966 1034 1058 1123 1222 1321 
186 259 310 456 478 483 542 931 1360 
3 96 225 496 515 524 559 710 989 
16 121 370 381 385 448 635 723 825 869 881 882 913 920 1126 1196 1328 
78 179 507 719 972 983 1056 1058 1283 
6 43 205 207 236 345 433 492 803 1007 1110 1399 
27 49 528 598 706 847 899 1153 1367 
136 276 321 335 368 649 698 796 834 842 965 969 981 1061 1062 1117 1123 1129 1147 1203 1207 1260 
36 218 221 320 517 567 655 712 768 814 856 1024 1053 1266 
37 50 55 213 932 1013 1189 
40 115 180 244 328 466 513 569 571 709 829 1017 1272 
84 291 303 378 460 569 731 898 1172 1249 1393 
142 268 392 619 635 681 776 872 933 983 995 1010 1116 1261 1284 1376 
18 224 371 431 509 768 1053 1117 1330 1373 1384 
29 59 160 220 508 685 701 733 962 1031 1118 1174 1404 
183 260 289 461 816 874 919 1293 1330 
40 54 107 156 212 279 289 339 450 569 741 1006 1127 1135 1161 1402 
96 220 352 746 922 947 1003 1095 1288 
302 344 368 515 533 577 755 900 916 1021 1168 1288 1302 
111 223 380 531 556 570 680 754 807 974 1059 1182 
66 233 246 419 631 681 783 1020 
345 608 1037 1270 1373 
47 399 421 624 644 1070 1274 1294 1310 1326 1397 
143 205 271 602 625 626 737 768 795 874 959 1043 1064 1111 1118 1267 1306 
13 22 75 116 172 234 297 770 887 977 1065 1207 
14 47 61 305 344 354 802 886 915 1178 1188 1235 1307 1374 
147 186 254 302 369 507 716 902 931 1144 1174 1218 1310 1353 1364 1368 
70 257 272 334 404 470 510 614 663 685 770 1084 1298 1351 
4 167 172 455 664 788 939 1079 1373 1386 
72 284 392 393 456 515 773 861 1144 1182 1377 
9 167 315 395 493 538 644 807 1028 1220 
78 425 638 1180 1184 1399 
237 560 777 
41 163 366 726 770 794 1308 1361 1372 
74 184 253 411 422 518 684 700 860 931 1207 1223 1277 
147 179 271 278 320 529 787 923 1019 1034 1037 1087 1334 
103 341 497 589 656 662 804 911 925 1056 1126 1231 1261 1269 1378 
42 75 76 84 111 153 175 355 699 700 892 926 980 1002 1008 1236 1260 1293 1398 
54 527 568 572 645 759 771 929 1047 1063 1130 1131 1177 1213 
244 364 373 455 479 495 507 587 640 750 772 872 969 1384 
9 86 326 399 403 483 514 537 585 607 892 1173 
251 449 635 677 717 761 770 1025 1160 1168 1191 1223 1322 1346 1377 
21 75 77 261 314 333 384 652 990 1085 1129 1146 1232 1330 
48 176 199 297 383 435 695 708 834 859 970 1081 1133 1247 1322 
919 1034 1105 1189 
334 442 520 561 597 920 1108 1160 1217 1260 1272 1381 1383 
39 520 645 683 755 797 822 856 867 1094 1161 1245 1286 
316 347 537 777 803 1303 1398 
169 189 214 250 285 317 355 595 788 797 944 977 1029 1234 1269 1343 1362 
233 367 422 438 741 780 819 1071 1118 
135 538 647 681 1006 1246 
153 228 279 583 608 864 960 1054 1111 1390 
476 832 867 1009 1055 1206 1213 1277 1295 
23 126 432 663 785 990 1048 1258 1276 1374 
276 402 628 814 819 978 1034 1148 1358 1385 1400 
277 335 635 750 785 849 855 970 1068 1144 1170 
89 257 268 353 571 635 644 652 690 970 1326 1409 
52 114 399 944 1051 1054 1056 1172 1329 1348 
628 722 873 1218 
92 174 329 461 561 718 720 783 1056 1095 1174 1188 1228 
7 48 248 518 551 608 708 1236 1290 
138 166 240 243 288 383 424 572 664 715 723 785 966 1161 1208 
310 418 639 1026 1041 1270 
177 195 264 421 561 615 651 679 1208 1370 
86 92 420 548 608 658 842 926 1016 1135 1151 1165 1183 1241 1242 
73 87 109 191 197 220 240 420 532 615 714 776 867 907 925 1042 1207 1345 1359 
149 182 212 225 357 1024 1050 1284 
150 441 757 907 969 1053 1085 1098 1363 
81 171 278 392 411 698 1142 1178 
18 67 645 662 741 768 779 1014 1114 1146 1168 1181 1239 1261 1396 
92 210 276 373 447 541 550 627 632 762 844 859 872 914 975 1219 1246 
171 234 282 328 380 479 515 546 650 709 823 1276 
171 256 358 443 457 522 556 592 971 993 996 1126 1167 1302 
18 113 218 329 350 433 743 750 1005 1056 1107 1317 
102 372 400 851 1071 1109 1203 1251 
15 241 494 567 624 1054 1079 1094 1098 1105 1143 1154 1378 
190 255 590 840 992 
20 22 134 162 233 291 294 422 564 642 751 1053 1124 1127 1128 1357 
23 115 279 328 542 645 682 713 1018 1242 1296 1319 
26 277 285 381 569 609 645 695 724 888 999 1271 
46 325 378 446 617 662 689 759 764 867 906 1320 1399 
62 71 185 439 512 602 838 967 1126 1200 1216 1336 1359 
79 195 418 589 814 833 848 855 1081 1247 1329 1333 
173 325 481 511 664 1026 1048 1249 1323 
92 99 156 293 302 614 942 975 988 1003 1051 1184 1257 1384 
7 160 374 451 572 587 631 660 830 831 980 1166 1350 
7 15 92 361 368 377 683 899 957 1084 1246 1250 1335 1337 1395 1404 
71 101 386 562 962 1108 1200 1357 
60 126 181 209 373 530 597 634 746 764 793 825 1039 1099 1143 
309 341 412 421 589 915 943 955 1390 1403 
83 196 322 409 479 1039 1117 1170 1207 1209 
7 10 182 218 341 437 470 568 610 660 926 1143 1203 1381 
68 182 184 275 386 498 905 986 1384 
14 55 60 127 368 382 414 472 479 497 683 696 824 866 1184 1192 1297 1338 
91 117 175 356 636 772 906 942 1020 
230 371 496 568 657 824 981 1171 1302 1326 
91 151 353 707 966 1089 1147 1304 
20 28 157 292 425 870 891 925 938 1208 1209 1224 1345 
22 30 501 636 809 812 834 882 1127 1151 1158 1186 1192 1265 1267 
231 424 462 694 708 808 906 914 1119 1307 
222 255 281 314 383 596 616 689 769 775 825 837 1050 1178 1186 1198 1209 1387 
46 51 307 572 842 
28 176 239 240 254 264 348 452 525 590 704 782 973 1017 1132 1246 1280 1319 
33 197 238 502 513 694 710 974 1029 1343 
2 607 836 887 930 1017 1215 1227 1331 
128 154 186 196 686 858 1020 1281 1306 
328 461 1170 1237 1239 1266 
193 310 591 598 600 970 979 1027 1088 1220 1328 
15 25 460 490 656 838 882 1053 1116 
34 84 367 539 542 555 578 665 1086 1090 1107 1144 1161 1306 
62 140 142 182 332 358 409 431 568 615 801 821 988 1038 1179 1213 1259 
108 208 293 340 655 687 1126 1310 1379 1391 
67 197 246 396 433 439 848 1114 1305 1388 
48 61 296 346 503 504 524 752 986 990 1038 1051 1139 1310 1401 
147 299 417 471 499 535 627 674 771 968 1022 1065 1130 1317 
255 391 444 513 561 602 723 781 901 1168 
62 89 116 118 283 363 372 771 835 880 1016 1125 1350 
51 115 165 368 389 459 519 566 870 944 958 985 1034 
277 447 457 593 817 820 1050 1113 
87 268 985 995 1211 1272 1327 
145 153 240 590 603 869 939 1038 1133 1167 1387 
83 124 189 200 267 466 546 907 976 1056 1289 1321 
230 256 284 322 350 423 481 607 851 897 1045 1128 1265 
116 214 360 493 518 718 769 815 868 924 932 1002 1164 1406 
20 92 172 208 371 493 530 845 885 892 963 1124 1281 1354 
96 113 223 251 1011 1397 
51 74 216 341 363 459 541 655 661 674 773 810 816 822 925 930 1128 1192 1309 1340 1362 1393 1394 
206 532 724 725 1251 1368 
7 275 385 389 451 497 640 722 977 1052 1162 1196 1217 1353 1392 
36 468 518 571 573 625 770 957 1057 1250 1352 1367 
235 313 478 574 663 723 758 827 849 884 934 958 1109 1185 1348 1383 1394 
78 103 172 237 261 495 906 1386 1394 
51 298 315 369 448 767 844 866 931 1042 1146 1404 
44 95 147 166 279 794 813 933 1301 1311 
13 22 150 231 401 415 568 610 664 858 908 944 1044 1107 1278 
275 510 612 649 651 665 705 859 943 1035 1052 1064 1126 1289 1305 1367 
135 393 493 551 874 966 1163 1225 
14 62 86 600 701 728 945 1128 1257 1397 
191 341 365 409 656 662 791 866 940 1030 1176 1272 1350 
19 78 206 334 410 909 1291 
98 123 141 198 499 513 643 772 842 989 1177 1250 
43 93 349 564 619 650 685 800 996 1099 1169 1184 1222 
58 199 625 670 1131 
150 252 278 339 430 469 508 602 685 774 897 1017 1146 1163 1230 1353 1359 1401 
32 130 180 242 465 828 848 933 935 955 960 968 1250 1351 
218 248 375 502 631 816 1020 1191 
113 133 376 416 458 468 857 869 1287 
509 567 885 899 1071 1181 
193 247 325 356 380 388 484 549 608 664 667 812 1257 
159 212 411 417 445 500 508 603 678 1033 1237 1245 1252 
60 143 169 187 294 501 520 978 1168 1173 1249 1277 1404 
53 65 654 726 979 1020 1090 
166 553 1236 
27 38 57 220 374 443 609 703 778 850 854 1013 1220 1253 1265 
217 520 571 734 929 1085 1260 1299 
29 504 549 693 888 1054 1335 
290 478 521 854 936 1154 1402 
261 262 605 749 879 911 956 994 1269 1315 
73 571 791 809 936 
3 48 214 389 488 557 584 623 716 1006 1145 1269 1354 
8 14 32 194 370 556 616 624 769 836 860 1107 1159 1217 1237 1263 1308 1316 
26 169 171 351 512 543 796 1069 1152 1178 1278 
289 421 568 647 696 760 971 995 1197 1252 1355 
162 445 500 611 629 638 714 862 941 1146 1218 1324 1344 
169 198 199 578 606 751 956 1076 1156 1336 
59 65 198 203 305 322 865 870 891 1068 
46 74 243 349 356 499 717 808 836 917 1163 1164 1275 1313 1397 
191 313 367 411 782 789 1335 
76 86 415 551 778 1150 1352 1406 
99 124 362 420 472 539 601 764 1125 1164 1218 1235 1350 1403 
352 463 611 714 1115 1192 1350 1354 1355 
258 375 758 855 1135 1310 
163 294 429 435 584 603 936 963 1293 
168 272 484 947 1062 1106 1246 1349 1361 1390 1409 
103 147 169 274 316 408 453 547 643 685 807 846 909 1085 1169 1261 1271 
380 512 555 836 1204 1229 1255 1304 
137 299 351 547 770 861 868 1062 1120 1278 
276 779 855 980 1337 1367 
40 138 216 232 323 332 341 450 503 608 767 781 835 938 978 1148 1164 1240 1380 
92 487 1062 1065 1313 1393 
2 113 189 573 825 829 948 1238 1310 1356 1374 
316 351 526 539 598 764 866 869 1006 1064 1070 
9 13 309 407 422 440 452 575 627 873 918 1028 1060 1073 1213 1347 1392 
168 250 251 366 401 548 617 838 
60 174 212 294 444 581 626 654 675 1160 
434 618 705 745 912 928 1100 1159 1280 1397 
