1498 8939
65 239 290 458 487 507 707 907 1030 1049 1250 1262 1300 1464 
4 48 108 361 496 622 631 728 1077 1364 1377 
149 168 226 307 908 1100 1154 1158 1394 1463 1493 
2 129 192 232 364 445 684 864 930 1313 1458 
54 208 232 411 536 538 607 674 1052 1067 1123 1284 1455 
18 107 295 318 328 381 442 673 808 858 918 935 1172 1235 1399 1418 
19 264 271 492 517 557 803 1035 1428 
84 139 171 198 262 264 273 588 753 796 934 949 1006 1031 1152 1247 1256 1430 
316 618 944 1063 1239 1381 
11 167 233 341 718 719 1238 1394 1478 
10 51 175 381 462 496 748 816 1066 1154 1196 1282 
18 189 248 979 1083 1245 
34 174 221 374 666 748 789 1114 1327 1399 
132 350 395 419 442 513 715 732 804 1012 1116 1133 1162 1426 1450 
58 183 225 226 513 862 985 1159 1339 
149 164 169 319 391 510 980 1154 1284 1451 
143 219 243 299 300 402 568 611 655 1190 1202 1216 1264 1339 1343 
6 12 30 541 550 562 781 784 973 979 1009 1107 1120 1193 1232 
7 66 92 149 409 785 1070 1092 1100 1117 1215 
78 205 275 448 510 522 624 724 1382 
75 187 210 398 492 634 704 710 955 962 1082 1100 1229 1478 
46 56 207 733 767 818 882 1065 1399 
97 277 407 431 570 592 641 713 891 965 1052 1071 1273 1389 1444 
58 130 337 416 723 848 952 998 1016 1093 1174 1200 1333 1335 
204 530 1277 1281 
81 137 138 263 268 314 346 355 465 524 556 577 650 651 698 759 763 770 861 897 905 982 1164 1277 1384 
167 193 646 709 750 829 881 1086 1266 1490 
123 711 730 734 908 1289 
71 287 746 752 791 830 857 1065 1185 1393 1452 
18 55 269 372 391 925 954 1142 1170 1212 1218 
41 101 139 251 427 639 816 883 1006 1085 1476 
348 727 872 1031 1047 1295 1383 1470 
67 160 212 301 518 584 591 1433 1489 
13 165 247 475 554 625 723 930 947 974 1038 1065 1134 1272 1378 
85 208 243 336 337 365 394 476 727 739 910 943 1089 1142 1432 
357 427 473 731 915 1026 1149 1177 1285 1298 1361 1444 
217 315 377 439 606 675 878 968 1151 1170 1184 1240 1477 
49 319 394 399 402 768 982 1017 1107 
46 56 85 124 192 279 308 373 374 688 733 832 1340 
149 182 244 257 348 500 547 583 650 865 1009 1171 1379 1419 1463 1484 
31 81 124 129 235 250 301 315 481 638 780 1033 1262 1454 1480 
77 173 225 269 474 625 640 765 888 956 1061 1105 1242 1267 1445 
168 441 566 608 846 859 915 937 1251 1288 1328 1366 
96 101 158 641 722 772 802 824 838 963 1462 
143 339 364 439 465 705 965 1067 1437 1448 
22 39 105 111 216 263 378 384 556 664 712 845 991 1132 1189 1260 1423 
211 368 497 546 720 753 1030 1031 1059 1143 
2 337 529 575 889 933 1028 1229 1431 
38 75 155 669 682 896 949 1086 1155 1210 1216 1280 
168 216 302 349 392 510 541 579 597 715 1000 1240 1316 1346 
11 402 489 709 816 898 1140 1148 1177 1191 1360 1429 
455 458 633 658 855 900 920 997 1007 1465 
74 90 493 582 641 717 726 739 769 827 992 1200 
5 59 161 163 240 292 366 524 557 681 733 920 1072 1241 1333 
30 226 931 948 1100 1341 1408 
22 39 291 380 478 573 642 651 736 922 1273 1432 
188 324 363 590 625 704 896 902 921 1201 1459 
15 24 175 234 316 323 649 902 1048 1092 1268 1315 1338 
54 184 291 376 603 830 897 938 946 983 995 1067 1145 1237 1317 1453 
277 316 478 519 670 673 804 872 1054 1063 1267 1414 1486 
154 221 603 1049 1083 1255 1380 1385 1420 
90 232 459 718 744 818 1022 1041 1052 1417 
129 167 252 296 367 414 447 484 504 659 1219 1235 1291 1322 1431 1472 
133 229 265 340 440 653 712 774 841 918 1250 1302 1343 1451 
1 363 396 486 790 832 868 942 1250 1272 1407 
19 194 208 365 396 615 667 917 935 1176 1367 1452 
33 75 172 214 230 306 544 940 997 1073 1115 
85 247 471 577 794 840 887 936 1063 1072 1079 1215 1381 
480 641 642 874 971 1128 1177 1329 1373 
191 197 254 463 552 798 828 987 1071 1129 1216 1439 
29 195 317 489 801 810 885 925 1022 1102 1155 1227 1489 
395 816 907 940 959 1059 1280 1299 
295 595 663 781 1306 1354 
53 409 731 812 919 1298 1312 
21 49 67 111 115 185 193 325 400 405 814 1174 1293 1419 1443 
125 234 244 322 502 648 673 687 718 808 1014 1397 1465 
42 90 250 351 474 553 723 1042 1105 1163 1377 1497 
20 80 89 213 304 339 366 490 515 525 1204 1222 1400 
348 452 477 527 587 591 634 849 979 1068 1170 1378 1380 1415 
78 87 324 327 579 580 637 882 903 1088 1125 1263 1268 1422 
26 41 299 391 462 580 649 651 831 908 929 933 1113 1117 1138 
100 810 838 929 997 1432 
142 175 270 483 593 615 640 657 703 938 1011 1183 1348 1355 1366 1424 1465 
8 135 190 626 780 1003 1232 1302 1315 1351 
35 39 68 333 383 391 746 871 895 995 1038 1163 1305 1362 1387 
222 306 473 489 498 571 591 749 832 1061 1162 1262 1487 
80 193 244 316 921 1291 1304 
94 173 225 372 475 496 511 518 823 980 1057 1085 
78 93 119 222 230 272 313 340 342 491 823 937 977 1014 1030 1044 
53 62 77 327 487 604 737 1086 1112 1220 1326 1466 
117 130 167 263 352 505 826 881 1383 1388 
19 234 246 314 391 407 516 656 1012 1101 1102 1135 1166 1218 1299 1356 
89 256 430 815 1088 1102 1143 1192 1277 1284 1496 
88 138 271 284 596 713 1081 1122 1395 1435 1488 
156 347 540 599 702 769 870 915 964 1049 1189 1321 1350 1398 
44 351 455 528 609 681 765 803 1104 1270 1332 1336 1455 1471 
23 236 278 508 563 754 789 1045 1058 1088 1192 1479 
169 363 426 887 979 1227 1263 1303 1381 
119 198 291 393 410 424 493 508 701 763 873 1053 1347 1432 
82 436 442 508 566 1040 1188 1232 1305 1336 
31 44 460 663 689 703 737 752 1286 1288 
117 536 868 902 1135 1157 1161 1306 
476 550 590 670 704 722 848 983 1175 1188 1195 1211 1284 1443 
131 346 360 430 503 603 700 919 994 1002 1084 1103 1105 1146 1381 1422 
46 203 240 255 306 666 739 861 905 998 1023 1028 1155 1156 1240 1316 1329 1338 1451 
270 394 479 490 505 570 591 631 727 760 849 921 1021 1024 1173 1319 1329 
6 567 637 671 759 782 795 812 912 1056 1111 1231 1260 1355 1365 1431 
2 268 589 690 700 750 882 966 1005 1062 1318 
504 636 688 701 901 1023 1435 1466 
136 140 243 581 841 1045 1049 1135 1143 1207 1237 1328 
46 75 428 476 655 996 1080 1368 1375 
261 300 418 549 587 795 980 1026 1084 1090 1260 1307 1325 1460 
287 566 695 804 985 1054 1055 1178 1303 1420 1423 1429 1439 
129 199 222 518 732 834 1156 1297 1370 1469 
75 429 993 1032 1071 1172 1202 1262 1455 
187 252 322 381 510 542 595 869 878 1119 1255 1292 1333 1338 1467 
91 102 206 537 555 696 748 1068 1401 
127 254 529 533 615 882 1243 1307 1351 
89 99 127 305 375 412 523 918 923 1079 1232 1357 1373 
247 352 419 454 927 974 1009 1114 1311 1483 
152 174 448 570 630 1048 1146 
212 268 329 592 744 986 1197 1388 
28 400 586 606 878 1174 1243 1436 
39 41 153 257 361 536 538 631 658 667 765 769 852 987 1017 1470 
76 171 184 303 365 405 502 518 602 689 719 751 1313 1344 
152 327 544 626 770 791 878 893 907 908 1037 1150 1263 1403 1440 
118 119 140 294 432 463 756 1164 1213 1250 1352 1438 
397 603 905 1007 1194 1267 1311 1376 
4 41 63 114 165 272 520 539 687 843 918 1080 1235 1282 1392 
24 91 313 317 620 1068 1455 1477 
104 287 350 362 379 640 765 944 1066 1116 1146 1326 
14 404 497 520 529 616 879 966 1142 1298 
64 283 362 568 821 1164 1468 1470 
281 620 733 879 1152 1162 1174 1285 
84 392 446 491 552 698 880 1076 
110 274 337 365 391 530 613 915 949 975 1366 
26 211 322 520 671 794 866 892 1003 1091 1112 1121 1233 1265 
26 94 235 302 367 718 875 908 1399 1410 
8 31 243 309 380 419 437 542 629 659 678 698 948 953 1028 1196 1270 1290 1295 1441 
110 127 423 569 585 617 687 787 1072 1247 1486 
209 210 240 328 333 495 500 619 786 801 929 1008 1369 
83 182 247 353 456 553 573 882 1094 1300 
17 45 202 261 296 459 547 574 745 757 796 951 965 981 1073 1095 1194 1331 1408 1470 
145 251 405 418 570 905 1224 1373 
144 197 236 392 488 638 725 773 776 1190 
404 657 800 836 934 1019 1315 
289 359 510 715 724 888 1437 
155 263 284 321 483 592 735 957 1062 1065 
3 16 19 40 618 757 776 790 817 856 1123 1268 1282 1296 1493 
236 321 389 437 1189 1248 1361 
349 488 512 630 760 793 1061 1069 1403 1458 1473 
121 126 717 807 969 1110 1187 1265 1275 1396 
124 156 221 596 882 1297 
61 226 444 456 473 512 553 749 828 1175 
49 148 207 225 312 331 649 887 1023 
95 153 238 260 450 466 550 761 793 817 914 1040 1048 1270 1273 1456 
347 538 563 677 751 783 789 942 973 1169 1350 1430 
44 214 526 555 693 720 755 759 767 802 854 993 1008 1029 1173 1213 1366 1412 
708 857 865 1027 1452 1465 
33 166 223 319 384 391 505 579 720 866 897 933 969 1207 1326 
54 308 621 713 721 786 810 822 837 1059 1159 1391 1468 
166 352 418 545 616 901 1182 
54 277 361 668 787 814 1031 1177 1214 1227 1232 1335 1403 1475 
16 412 544 601 745 825 924 1226 1294 1351 1364 1482 
34 129 242 341 558 868 980 1003 1076 
160 162 172 187 206 258 382 407 637 917 1007 1090 1482 
10 27 63 91 280 320 541 580 958 1094 1412 1445 
3 43 50 252 623 1004 1112 1338 
16 98 360 480 536 601 747 763 826 1031 1099 1114 1149 1166 1312 
330 508 937 1050 1241 1258 1388 1424 
8 125 250 349 531 611 886 905 1145 1344 1371 1404 1447 
67 166 250 394 572 600 658 711 752 808 1332 1408 1468 1491 
42 88 211 242 348 524 761 807 838 1001 1007 1131 1152 1190 1481 1497 
13 121 385 401 416 426 515 666 671 703 721 903 916 1024 1261 1480 
11 58 83 193 210 347 431 462 626 650 855 863 1284 1390 1404 1495 
280 382 510 576 771 834 949 1096 1291 1495 
184 279 453 668 712 743 1415 
348 357 517 536 689 853 907 955 967 1325 1414 1471 
429 571 732 807 949 1100 1127 1159 1252 1259 1290 1388 
234 257 330 414 526 591 705 842 1007 1033 1056 1068 1261 
300 312 339 648 664 886 1082 1200 1213 1291 1340 1442 1446 
40 142 195 275 356 549 645 701 1018 1198 1213 
15 207 324 463 570 609 702 929 975 983 1053 1177 1247 1344 
59 125 177 319 331 436 465 600 623 653 775 823 905 956 975 1044 1170 1332 
75 570 682 769 826 874 1447 
229 251 281 356 482 541 748 814 959 1215 1225 1334 1451 
21 116 166 238 405 633 713 1228 1363 1455 
57 310 335 451 470 505 1148 1149 1225 1270 1306 1334 1344 1368 1491 
12 355 542 568 591 692 759 876 904 945 1129 1175 1459 
84 208 686 703 866 904 1164 1387 1407 
70 265 576 1098 1108 1173 1296 
4 39 207 245 440 503 615 654 750 775 838 1080 1262 
27 75 87 175 229 245 588 589 930 1151 1389 
66 300 357 616 672 698 882 999 1089 1129 1282 1303 1323 1495 
71 182 408 742 898 1140 
353 420 696 814 1285 1445 
70 145 275 434 449 472 550 674 721 801 841 1108 1116 1117 1284 1348 1427 1436 
8 99 600 797 970 1042 
114 231 256 330 681 1196 
424 588 613 625 757 870 904 1189 1266 1312 1430 
213 267 441 517 613 683 736 858 1156 1328 
143 218 274 416 466 1048 1090 1120 1146 1325 1479 1496 
105 208 287 360 434 500 553 655 735 759 769 846 872 1199 1287 1383 
25 451 498 544 558 585 608 674 839 902 1220 1288 1312 1373 1432 
20 528 576 745 778 840 925 1021 1028 1230 1323 
117 166 481 486 647 882 992 1004 1134 1142 1148 1427 
22 155 183 192 321 352 442 491 549 1097 1162 1294 1308 1471 
5 35 66 190 203 213 254 456 475 477 528 569 722 961 1025 1055 1473 
141 396 520 735 782 814 844 972 1063 1188 1281 1341 1482 
21 141 175 369 459 479 656 662 709 804 816 949 991 1069 1492 
47 137 173 300 378 512 1138 1407 1430 1433 
33 122 284 364 506 748 974 1355 
78 201 208 237 364 406 411 431 457 497 520 537 567 611 739 747 1016 1093 1289 
67 158 262 276 293 382 835 1408 1490 
409 420 434 516 589 793 922 926 1053 1171 1198 1214 1361 1382 1463 
46 50 233 278 608 720 846 860 948 1050 1113 1273 1425 1490 
37 270 416 546 628 803 817 938 968 974 1257 1477 1486 
202 225 256 318 384 504 511 528 658 667 850 876 1014 
17 424 449 540 571 589 672 996 1109 
374 375 579 619 635 698 724 736 801 1023 1110 1174 1246 1300 1368 
13 61 153 267 290 492 549 628 751 960 1137 1263 
86 89 114 356 569 580 877 977 989 
160 325 360 440 480 504 592 647 768 1103 1126 1393 
373 374 476 505 537 540 683 702 824 829 1016 1223 1283 1401 1418 1433 
15 42 88 155 218 293 391 457 587 704 944 1055 1139 1301 
3 15 55 154 456 457 688 694 904 933 1073 1082 1213 1249 1253 1433 1481 
260 317 665 903 999 1022 1039 1218 1423 1473 
229 408 476 828 1045 1054 1122 1133 1194 1224 1258 1342 1457 
64 186 193 228 469 538 624 741 854 925 980 1147 1178 1466 
67 89 316 557 606 825 857 1010 1045 1372 1469 
199 265 326 350 470 522 648 700 718 958 1092 1200 1258 1420 1443 
4 5 62 295 440 506 572 621 755 924 963 1092 1228 1408 
10 216 251 295 369 439 821 864 977 1093 1108 1149 1163 1438 
58 76 92 180 358 488 681 1001 1068 1097 1234 1394 1452 1494 
41 138 466 816 894 1005 1018 1178 1369 
97 145 150 260 266 321 406 774 793 811 933 1195 
213 552 636 824 1053 1409 
156 187 438 440 496 544 809 830 926 957 960 975 1071 1075 1136 1168 1212 1231 1237 1328 1395 
1 246 297 429 518 572 699 748 898 964 1170 1214 1256 1368 
54 105 141 248 399 495 583 645 1169 1353 1439 1462 
418 437 667 709 900 929 950 1088 1143 1242 1271 1274 1371 1474 
165 173 490 1197 1275 1289 1358 
17 35 110 139 497 512 516 534 538 603 604 693 809 976 1057 1201 1238 1249 1375 1396 
40 76 87 412 766 928 983 1012 1019 1184 
192 193 257 262 480 512 521 667 730 741 772 786 820 869 944 1316 1395 1450 
92 239 337 367 502 664 689 705 948 999 1007 1323 1328 
34 68 120 142 368 432 523 548 1122 1160 1251 1398 1443 
12 240 372 402 404 458 526 576 584 747 787 1013 1024 1105 1296 1395 1488 
255 426 453 676 706 946 990 1075 1081 1082 1198 1219 1274 
41 77 171 172 291 345 481 565 737 852 853 888 990 1302 1377 
31 144 186 233 484 495 527 755 766 921 1273 1290 
63 116 168 401 415 445 458 656 713 726 775 892 938 1000 1012 1183 1208 
261 576 805 962 1053 1430 1471 
70 118 208 301 371 695 714 740 897 923 1085 1377 1407 
105 249 352 628 765 857 961 1088 1228 1281 1456 
93 199 218 594 614 856 860 884 904 1153 1391 
40 124 180 245 266 822 930 1059 1166 1190 1315 1425 1447 1467 
166 1013 1103 1357 1386 
268 282 373 507 802 945 985 988 1226 1271 
156 227 236 313 317 657 833 882 891 965 968 1020 1132 1173 1232 1248 1288 1314 1338 1353 1362 1397 1474 
112 143 253 398 760 829 838 904 1220 1429 1451 1465 1468 1475 
8 214 245 562 574 698 759 839 841 973 988 1302 
26 46 91 148 424 556 585 605 625 836 850 871 1359 1398 1431 
7 8 565 639 678 831 967 1138 1266 1314 1442 
64 191 231 517 547 548 633 694 736 976 1189 1338 1406 
236 257 274 293 355 635 642 757 817 818 819 890 952 1260 
201 221 324 508 570 625 640 1013 1033 
26 108 122 259 276 378 488 536 870 888 1112 1250 
30 42 323 417 521 639 667 726 961 1018 1129 1281 1400 1407 1419 
83 106 217 353 398 549 1243 
7 94 413 490 505 584 642 648 702 730 802 970 1139 1378 
89 129 487 592 612 1048 1159 1423 1484 
8 1048 1066 1101 1255 
136 202 266 357 422 638 693 733 837 1085 1196 1364 1487 
20 182 197 320 384 463 736 961 1013 1167 1427 1456 
214 268 720 743 838 980 1113 1138 1172 1279 1440 1473 
23 60 163 573 590 621 718 825 956 1072 1096 1196 1268 1362 
97 216 529 680 942 1017 1243 1341 
39 177 405 547 732 785 799 833 1016 1179 
167 176 424 552 577 607 666 758 895 914 946 977 1159 1285 1375 
134 186 892 980 1102 1143 1230 
259 311 471 579 611 833 883 1017 1040 1049 1069 
133 368 423 456 492 547 622 680 836 946 1085 1148 
94 148 212 386 462 903 956 963 1028 1190 1196 1418 1427 1438 
371 443 543 596 600 713 726 784 984 1051 1065 1141 1147 1234 1298 1315 1400 1409 1475 1485 1494 1498 
435 672 1366 1386 
29 113 131 203 438 769 844 894 895 953 1028 1056 1280 1302 1370 1429 
316 334 362 399 583 645 659 835 872 1018 1035 1040 1177 1198 1360 1454 
147 313 334 382 397 460 462 915 994 1228 1235 
1 221 437 466 771 963 1050 1169 1240 1375 1413 
56 59 99 250 319 405 458 491 599 618 812 968 1078 1216 1252 1259 1405 1470 1483 
54 312 324 462 495 939 993 1322 1478 
214 225 266 384 467 1085 1150 1163 1218 1325 
127 380 477 672 691 692 859 1075 1286 1434 1446 
6 73 232 233 601 786 936 1054 1333 1427 
63 143 533 663 911 951 985 1018 1069 1223 1427 1470 
239 378 434 856 866 880 914 1070 1284 1453 
510 619 637 721 1297 1464 
17 81 352 384 474 525 542 610 907 926 961 969 1164 1245 1398 
17 112 181 194 211 320 530 531 667 1003 1146 1354 1430 1469 
33 41 254 559 712 804 810 811 919 1174 1175 1285 1363 
50 138 327 374 407 824 965 1085 1167 1168 1206 1234 1254 1313 1412 1415 
125 433 492 745 770 974 1052 1091 1273 1411 1438 1473 
78 398 571 618 661 953 955 987 1346 
119 350 544 727 748 798 1048 1089 1116 1320 
67 86 105 341 484 504 650 709 811 855 906 977 1099 1145 1231 1246 1288 
3 383 386 426 926 1025 1037 1057 1095 
39 161 358 388 570 588 602 897 938 1067 1403 
139 572 593 851 993 1122 1216 1299 
188 571 576 623 
282 446 647 760 804 866 1002 1278 1313 1414 1497 
155 181 292 344 366 394 493 550 647 789 958 1149 1196 1229 1233 1287 1353 1444 1471 
89 130 260 289 427 495 508 662 803 912 939 1111 1204 1377 1462 
26 92 473 486 590 614 720 857 936 1356 1381 1405 
37 41 370 410 517 794 888 1030 1121 1132 1179 1309 
9 58 60 87 230 288 619 642 817 854 887 922 1084 1292 1332 1360 1388 1421 1462 
71 130 227 260 404 482 568 609 622 690 824 1207 1311 1422 
6 218 375 379 401 462 539 788 826 1250 1401 
16 38 160 184 291 581 590 810 877 979 1146 1194 1202 
167 275 300 352 494 527 548 823 841 967 1148 1285 1442 
148 150 207 236 372 377 389 417 427 534 654 897 993 1238 1371 1447 
76 116 137 551 561 604 610 730 830 930 1005 1295 1389 1408 
58 269 426 1079 1236 1368 
57 80 183 267 292 331 371 497 548 624 827 834 1005 1276 1451 
75 223 858 902 977 1039 1151 1339 1412 
231 335 625 1299 1424 1434 
80 90 126 302 362 395 418 514 561 628 700 1118 1183 1190 1388 1433 
6 141 329 500 594 661 821 1018 1029 1144 1183 1192 1236 
122 328 389 400 1060 1080 1188 1367 1387 1470 1486 
170 180 199 352 367 637 847 1036 1122 1233 1331 
155 184 324 537 544 862 1132 1156 1382 1481 
439 630 823 1043 1128 1211 1274 1300 1471 
85 141 347 387 512 610 696 725 759 783 977 1053 1080 1105 1109 1178 1246 1377 1451 
288 289 482 492 544 734 1006 1248 1266 1307 1408 
188 326 528 616 635 769 810 984 1041 1215 1245 1364 1389 1457 
35 373 379 382 435 797 877 997 1301 1366 1440 
24 35 48 136 246 418 560 660 755 782 938 984 1102 1319 1351 
379 394 427 442 688 817 860 973 1059 1121 
45 78 181 567 664 845 1180 1182 1243 1249 1276 1371 1398 1416 1463 
64 89 700 812 823 931 984 993 1060 1100 1208 1238 1320 1420 
10 165 306 407 414 966 988 1233 1244 1341 1365 
89 649 688 772 1108 1148 1151 1212 1311 1334 
588 589 743 799 952 1129 1189 
312 354 433 461 785 916 933 953 
250 403 528 534 661 705 906 1152 1153 
26 104 449 474 586 668 698 817 909 959 1104 1328 1482 
95 157 175 333 380 689 800 1094 1190 1223 1347 1415 1432 
32 40 79 173 178 385 502 631 915 916 942 1136 1328 
50 151 171 380 746 767 924 1011 1086 1239 
14 131 231 305 477 700 786 814 862 872 1001 1061 1144 1326 1437 
77 96 416 708 795 807 960 1133 1205 
91 120 162 207 255 299 320 330 382 522 715 739 784 1034 1085 1139 1171 1387 
142 196 270 431 449 784 848 1110 1170 1181 1325 1367 1395 
344 472 637 697 755 778 1261 1438 
26 189 266 480 617 658 685 710 744 868 888 950 1345 1422 1486 
182 186 222 383 481 705 762 926 974 993 1034 1141 1160 1361 1421 
36 178 194 274 780 808 878 924 996 1037 1239 1495 
234 308 408 478 639 825 988 1067 1089 1488 
147 378 403 441 463 473 635 699 809 850 878 897 1053 1069 1317 1370 1386 1456 
104 169 203 223 365 410 415 448 879 886 1008 1476 
2 124 163 556 720 747 853 854 858 1061 1106 1129 1344 
131 133 288 327 569 803 973 1136 1437 
57 65 98 371 621 691 1051 1063 1116 1339 1387 1489 
4 45 212 213 550 555 580 1001 1161 1308 1321 1346 1358 1376 1479 
35 66 125 136 360 436 610 780 803 1238 1258 1307 
54 78 312 773 825 958 1222 1254 1293 
63 138 246 330 406 896 930 986 1129 1161 1180 1225 1309 1389 
47 247 283 665 687 717 966 970 986 1136 1215 1340 
210 233 383 446 502 510 695 835 905 952 966 1142 1150 1206 1207 1279 1456 1465 
315 775 1213 1280 1332 1447 1469 
254 285 324 363 538 647 741 777 963 998 1009 1265 1419 1452 
30 88 248 321 422 577 692 707 850 927 1147 1161 
39 224 259 336 402 499 714 762 795 851 1096 1147 1325 1368 
13 39 220 224 302 398 475 751 952 
119 220 318 427 440 485 660 796 963 1035 1242 1343 1488 
59 554 568 961 1270 1382 
37 321 569 652 750 1152 
46 211 268 297 359 609 637 731 772 825 1108 1256 1262 1265 1353 1462 
131 318 336 338 522 930 995 1020 1240 1292 1306 1358 1481 
56 139 294 347 349 431 503 532 664 749 761 762 815 820 875 998 1046 1112 1333 1358 
6 11 116 383 565 709 925 940 1001 1175 1338 
166 176 214 289 336 352 610 
85 307 356 369 381 888 971 1086 1180 1192 1361 
46 160 218 275 293 299 460 591 707 862 909 925 
174 348 695 844 874 1052 1057 1354 
284 307 389 442 535 692 1069 1106 1146 1208 1460 
333 417 444 489 507 756 872 884 1022 1222 1227 1237 1262 1268 1325 1366 1378 1448 
308 403 550 612 937 1130 1197 1493 
150 321 329 386 658 775 850 908 1176 
591 625 650 740 871 901 1003 1285 
16 30 81 85 92 136 160 225 524 1021 1219 1402 
50 135 145 620 826 904 964 1306 1397 
99 492 522 615 687 722 753 783 868 921 1040 1197 1358 
35 38 106 172 312 338 694 728 736 744 762 1039 1173 1188 1201 1220 1416 
14 72 327 557 695 808 847 910 981 1185 1218 1260 1491 
65 66 209 478 501 512 864 1107 1230 1287 1387 1471 
128 289 476 494 513 585 598 758 813 845 854 1386 1467 
21 261 270 304 374 464 685 864 870 872 891 932 1101 1396 1419 
38 240 288 496 1346 1487 
75 123 329 442 528 620 796 862 902 912 926 1101 1107 1114 1386 
174 252 318 484 539 887 975 1040 1080 1109 1152 1163 1182 1247 
17 38 51 248 373 485 498 514 624 778 896 979 1190 1284 
345 359 388 535 585 716 780 894 1041 1133 1255 1479 
132 146 248 317 412 431 440 583 584 651 658 784 1157 1223 1286 1337 1413 1453 
75 125 144 187 279 291 445 512 519 608 953 1222 1327 1405 1455 
213 236 367 566 836 854 869 874 973 1085 1225 1308 1375 1389 1454 
23 92 166 302 341 417 473 506 533 848 1119 1194 1364 1396 
195 228 358 411 507 749 769 808 1028 1255 1330 1370 1384 1437 1467 
19 74 215 630 711 751 865 1106 1371 1374 1415 
99 315 360 425 435 524 918 998 1001 1394 1452 1466 
5 213 408 463 490 583 688 807 829 882 1005 1291 1468 
119 164 244 404 494 535 553 667 765 1203 1395 
271 629 687 695 826 832 1048 1145 1183 1194 
63 180 341 550 567 694 747 1013 1094 1115 1183 1195 1203 1471 
252 360 633 1274 1276 
24 174 202 217 351 487 679 819 914 1213 1258 
269 321 387 407 532 633 659 759 778 858 1150 1281 1498 
112 144 162 241 327 337 576 634 650 668 691 700 740 989 1098 1144 
14 120 139 437 542 721 946 961 1028 1059 1070 1163 1237 1284 1454 1481 1493 
196 215 627 1067 1192 1267 1491 
565 639 727 898 1004 1039 1092 1392 1432 1497 
274 372 547 676 757 791 906 1047 1368 1473 
140 283 441 641 781 815 1075 1280 1371 
99 200 219 263 280 710 743 954 959 1000 1043 1093 1237 1274 1389 1430 
410 586 760 776 1012 1092 1139 1237 
98 174 249 307 323 435 509 548 575 746 882 1088 1150 1472 
31 36 313 321 338 375 518 730 766 876 1061 1077 1243 1274 1287 1469 
111 454 461 842 938 1125 1131 1158 1271 1281 1293 1298 
115 179 239 510 644 715 728 963 1035 1329 1386 1394 
93 104 543 557 720 769 770 1030 1343 1452 
23 175 213 353 380 404 593 785 1093 1291 1305 1344 
127 247 625 629 927 
303 344 646 647 698 793 1136 1487 
197 203 215 297 442 526 958 1140 1354 1406 
286 336 410 426 478 534 743 841 881 904 945 1187 1202 1215 1329 1341 
100 184 365 499 513 739 954 1055 1061 1172 1276 
139 150 241 290 419 477 489 677 732 840 1105 1311 1371 1378 1401 1412 
238 287 517 525 705 707 821 895 972 1021 1100 1113 1375 1454 
37 45 233 332 466 584 904 910 998 1197 1358 1466 
64 192 223 232 238 375 404 527 620 973 993 1347 
43 201 359 423 473 622 687 828 932 946 966 1016 1091 1233 1417 1454 
6 14 100 207 338 386 400 434 701 1244 
285 468 635 673 963 975 1296 1329 
154 387 454 465 619 676 910 1375 1446 
4 252 405 472 496 536 625 870 969 1016 1038 1100 1309 
135 311 369 528 634 635 726 1135 
63 494 994 1097 1098 1229 1268 
20 121 360 536 753 770 911 966 1120 1136 1288 1324 1361 1382 1463 
197 219 346 353 575 632 662 678 728 860 1025 1102 1308 1452 1464 
156 825 1034 1164 1198 
188 204 686 813 868 875 1080 1084 1197 1210 1230 1297 1389 
79 516 823 918 
177 249 499 715 887 1100 1141 1271 1316 1468 
120 428 444 684 857 
52 96 485 504 719 905 919 1077 1144 1223 
142 154 208 226 283 546 671 998 1111 1152 1274 1317 1323 
213 225 226 556 755 889 1064 1152 1170 1314 
1 52 248 252 291 481 557 609 640 688 863 879 883 897 1127 
62 143 210 484 503 915 927 960 1078 1114 1438 
101 289 384 468 469 545 657 750 786 803 804 1070 1196 1270 1294 1326 1492 
344 428 462 659 686 952 1118 1292 1384 
11 81 175 284 289 292 318 461 607 614 628 811 818 867 908 1080 1099 1219 1238 1380 1494 
70 127 183 275 359 411 669 773 1021 1113 1190 1227 1244 1498 
398 472 489 532 590 649 705 742 1352 1464 1482 
26 45 184 444 491 734 754 781 819 1380 
156 202 235 290 439 540 541 567 642 671 674 922 975 1182 1192 1348 1482 
293 644 757 920 962 976 1141 1363 1370 1430 
443 460 675 718 745 951 957 1073 1076 1209 1384 
229 460 751 760 1155 1427 
188 231 558 728 860 1194 1235 1316 1396 
68 282 502 514 531 546 1289 1402 
197 354 445 464 526 1227 1309 1347 1386 1448 
36 86 154 314 359 407 441 502 671 990 1098 1189 1281 1408 1434 
42 77 299 346 507 595 1304 1382 1437 
34 88 208 374 519 668 687 812 885 928 1033 1149 1185 1305 1336 1468 
35 103 111 224 228 397 751 841 1083 1130 1293 1405 
79 208 294 350 437 579 860 912 958 1027 1083 1175 1189 1290 1315 1351 1467 
56 60 358 396 435 744 841 1260 1366 1379 1408 1463 
106 210 786 815 1304 1358 1418 1422 1470 1491 
69 169 223 245 355 518 585 699 908 924 1030 1098 1139 1163 1373 1409 1436 
41 206 250 356 458 830 886 1083 1089 1140 1179 1482 
186 317 334 499 519 864 866 897 994 1033 1096 1131 1288 1362 1371 1390 1401 
83 148 523 623 657 804 845 893 894 906 1027 1190 1208 1362 
63 251 306 401 459 529 617 772 868 1014 1078 1123 1227 1251 1302 1479 
375 402 455 494 534 1131 1295 1398 1420 1430 
65 206 314 508 636 941 1185 1326 1382 1459 
1 90 272 416 533 812 972 1035 1100 1140 1351 
145 151 234 268 601 685 696 698 826 891 983 1043 1154 1434 1491 
51 71 86 387 437 464 615 746 764 968 979 1077 1080 1242 1245 1488 
78 106 242 271 411 553 941 1014 1119 1361 
89 135 207 291 465 526 603 628 872 1057 1327 1454 
7 21 221 283 303 334 393 502 507 518 764 846 967 1016 1426 1464 
53 99 312 509 567 637 862 1030 1040 
320 397 412 447 485 603 746 1081 1086 1118 1353 
141 240 251 292 313 573 680 936 1055 1058 1441 
2 11 88 238 399 445 650 681 759 904 932 1023 1069 1096 1129 1157 1276 1467 
47 132 213 243 324 711 801 997 1035 1075 1098 1132 1194 1316 1330 
86 204 402 663 741 822 960 1018 1319 1421 1454 
373 436 453 482 505 553 802 950 980 990 1066 1352 
40 141 203 328 552 627 876 933 948 1092 1200 1348 1482 
396 591 665 731 804 1110 1162 1191 1414 1416 
76 125 246 348 369 471 473 492 538 539 575 801 802 885 915 993 1024 1286 1346 
104 192 380 459 580 585 1050 1111 1330 1331 1335 
63 109 218 223 306 455 721 864 1280 
91 106 160 188 224 271 499 517 680 844 862 990 1037 1098 1159 1191 1231 1268 1417 
212 232 407 642 893 907 1175 1377 1395 
1 259 387 408 474 492 722 724 725 744 784 968 1107 1185 1270 1404 1406 1426 1433 
97 99 100 170 267 313 486 622 663 708 948 985 1029 1370 1419 1472 
426 493 530 1004 1245 1322 
16 20 50 116 147 176 298 369 429 575 714 729 763 1191 1390 
88 218 691 981 1039 1070 1169 1223 1236 1250 1273 
151 154 211 243 245 333 396 405 515 516 542 747 913 1065 1120 1371 1471 1492 
14 15 397 436 696 758 955 1018 1053 1088 1240 1309 1358 1455 
327 402 471 540 1061 1240 1394 
78 174 512 592 861 1062 1127 1164 1207 1388 
92 215 243 452 512 915 941 1020 1084 1115 1139 1177 1239 1352 1380 
7 178 201 265 315 438 505 683 719 1108 1138 1433 1457 
33 88 114 125 239 427 480 492 826 895 1125 1175 1231 1360 
60 405 475 482 580 594 742 788 859 874 883 950 1119 1149 1195 1286 1336 
129 132 137 209 213 552 752 779 785 878 1272 1334 1339 
245 269 648 682 1005 1093 1103 1141 1273 1319 1450 
20 231 352 379 393 543 585 587 608 742 752 908 956 962 963 969 1073 1098 1240 1269 1401 1480 
119 247 483 541 591 649 771 814 892 903 1175 1218 1275 1301 1371 1399 
26 54 173 391 410 629 705 887 1136 1279 1349 
78 299 438 562 719 1020 
158 180 248 434 472 491 666 766 836 850 909 933 1005 1080 1307 1327 
79 251 320 440 589 649 712 751 875 1042 1050 1296 1349 1431 
96 205 208 218 335 345 400 446 592 741 1246 1473 
48 118 132 278 484 680 988 997 1125 1147 1304 1354 
25 136 300 509 621 722 811 837 1016 1197 
171 300 471 756 906 964 1075 1157 1385 1466 
380 417 464 545 549 618 766 778 824 877 887 1016 1249 1360 
118 296 407 487 776 863 1028 1092 1210 1421 1435 
243 321 345 435 485 594 634 803 1011 1255 1365 1373 
386 403 412 572 647 722 990 1221 1313 1389 
5 102 124 169 178 268 445 448 541 882 995 1115 1180 1305 1341 1349 1409 1415 
117 213 224 331 735 1304 1422 1423 1430 1445 1498 
5 124 157 229 243 371 502 767 808 819 887 970 1021 1037 1294 1340 1443 
129 318 401 502 801 902 1004 1087 1112 1277 1281 1294 1450 
95 219 224 466 514 544 646 973 1039 1319 1367 
18 50 167 186 466 523 536 674 900 922 996 1097 1286 1491 
116 139 189 299 419 512 620 779 835 855 870 924 1007 1089 1225 
285 430 522 972 1394 
67 126 164 204 238 305 331 334 540 773 1206 1268 1356 
162 460 532 556 672 677 681 705 739 822 867 1094 1320 1358 1476 
47 217 456 471 900 957 1053 1100 1153 
40 143 265 279 283 422 639 741 1184 1416 
247 265 320 324 426 827 839 915 957 1035 1086 
112 182 207 221 270 532 753 862 1101 1384 1447 
18 103 156 197 312 364 388 414 589 824 951 1201 1242 1484 
322 625 771 901 944 1058 1092 1149 1178 1210 1217 1257 1280 1342 1494 
70 135 237 280 500 520 686 726 816 880 1128 1171 1360 1467 
77 142 154 203 412 490 499 615 637 649 666 789 845 921 1104 1191 1266 
34 376 611 613 733 1113 1135 1156 1261 1295 1375 1389 1425 1460 
117 158 364 586 747 882 895 953 1032 1163 1183 1410 1426 1457 
26 46 263 361 457 545 562 608 622 754 991 1304 1354 
7 54 230 395 430 458 837 977 997 1157 1168 1189 1259 1276 1421 1454 
165 204 470 592 636 718 733 747 800 885 1065 1251 1361 1403 1441 
301 662 921 999 1136 1209 1322 1422 
337 618 627 996 1041 1216 1293 1376 
322 327 648 678 713 1246 1297 1404 1483 
18 262 525 556 580 695 708 795 947 964 977 
97 157 751 890 1053 1097 1161 1309 1424 
765 771 853 1056 1141 1355 1487 1488 
250 264 381 421 587 660 1076 
43 100 113 406 604 679 787 840 868 952 1219 1378 1419 
107 213 339 414 466 493 663 779 814 904 1051 1109 1273 1340 1467 
17 133 189 317 376 741 745 946 1160 1208 
140 208 222 362 377 953 1143 1198 1271 1393 1482 
23 106 121 144 183 185 267 308 645 753 877 992 1058 1151 1237 
86 179 219 304 310 623 773 796 952 976 1062 1282 1460 
172 232 239 309 535 594 699 839 1034 1329 1332 1496 
56 142 277 495 718 782 920 941 1026 1139 1202 1421 1483 
143 262 804 835 991 1226 1280 
48 426 449 502 510 581 599 815 850 967 1076 1318 1326 1449 
176 191 205 248 253 310 418 616 630 692 856 1096 1224 1405 
26 68 280 372 975 1171 1364 1490 
613 670 690 735 898 1467 
50 80 160 220 282 477 602 676 678 1076 1188 1367 1382 
80 81 167 222 364 503 519 562 594 641 922 947 1227 1362 1411 
110 319 575 601 739 900 955 1042 1047 1076 1096 1401 
53 639 882 1338 
40 240 288 404 411 1088 1144 1179 1236 1405 1423 1433 
33 248 271 404 439 1084 1245 1286 1339 1342 
140 204 263 397 403 480 503 522 876 957 978 1027 1089 
123 346 425 555 650 659 710 895 965 1410 1432 1482 
79 112 225 522 565 689 811 1389 1444 1476 
8 193 200 308 343 847 1090 1161 1437 1490 
108 193 215 219 343 527 550 799 801 805 855 1013 1052 1080 1167 1343 1410 
57 103 277 314 319 464 797 954 1037 1222 1275 1294 1461 
33 79 86 106 180 189 384 390 501 523 675 682 744 853 1101 1118 1269 1456 1481 
23 122 148 223 272 515 528 558 617 809 865 1035 1253 1258 1374 1413 
83 309 431 1180 
256 328 519 534 572 580 767 1130 1350 1483 
73 116 474 634 836 913 918 
94 153 285 661 864 964 989 1103 1178 1404 1415 1452 1490 
50 638 689 760 853 1007 1129 1152 1307 1366 
397 635 852 1111 1433 1450 
95 291 575 623 649 687 698 896 999 1271 1403 1432 
172 184 198 285 671 723 998 1164 1167 1285 1460 
164 169 295 488 581 705 786 795 809 1056 1185 1396 
125 308 579 887 1116 1258 
59 61 104 128 243 491 494 635 775 895 1042 1186 1235 
90 243 322 566 867 868 922 1055 1227 1241 1409 1447 
263 1107 1116 1203 1266 1492 
37 123 230 641 794 823 831 836 917 1144 1189 1227 1322 1423 1443 
5 280 462 861 1016 1049 1338 
43 204 216 405 522 556 712 764 911 1019 1343 
96 183 317 378 458 628 670 691 714 732 771 927 1007 1046 1113 1142 1438 1457 
299 322 333 365 382 1128 1170 1190 1209 1222 1290 1462 
17 171 213 282 554 833 1101 1238 1331 1375 1407 
272 388 825 1004 1079 1108 1283 
136 200 201 554 578 625 854 949 1213 1334 1435 1437 
256 314 462 1003 1051 1189 1228 1232 1245 
66 83 118 192 393 489 553 630 670 797 894 1182 1238 1240 1246 1260 1264 
132 162 194 335 576 629 789 842 910 1073 1157 1245 1411 
140 355 484 592 624 760 821 877 894 1441 
9 149 291 304 532 560 724 769 897 
141 220 298 316 444 740 746 930 1044 1053 1157 1318 1423 
130 134 392 400 440 542 757 875 897 1246 1341 1423 1472 1483 
161 232 277 363 530 649 670 720 771 932 1062 1087 1174 1209 1307 1310 
2 283 317 441 508 556 750 978 1285 1319 1368 1488 1498 
168 184 310 483 571 599 783 889 905 935 1013 1086 
20 229 324 402 617 676 912 1040 1150 1238 
34 42 57 200 263 267 326 390 432 445 551 613 637 691 748 912 1070 1147 1282 1379 
84 126 175 774 782 803 1012 1221 1401 
420 500 560 665 694 755 767 885 989 1236 
217 221 255 327 462 491 609 682 812 868 940 948 1083 1118 1122 1128 1137 1215 1229 1271 1397 
139 413 432 524 616 677 757 911 937 1011 1153 1354 1436 1478 
121 151 332 409 576 615 661 686 794 1024 1091 1099 1206 1295 1337 1427 1471 
2 106 124 348 660 888 1088 1105 1173 1193 1456 
449 1304 1388 
52 187 265 415 417 637 748 875 915 961 996 1127 1190 1304 
21 79 418 446 534 595 791 998 1092 1185 1218 1319 1488 
220 266 335 359 443 446 598 603 822 989 1035 1064 1078 1176 1446 
109 237 486 558 717 856 864 955 1043 
80 107 166 298 330 354 378 493 553 625 633 732 821 889 953 979 1429 
41 145 274 597 640 733 936 
31 264 269 358 421 547 582 688 882 1174 1176 1267 1286 1322 1375 1419 
42 83 131 267 458 638 690 699 890 988 1008 1084 1228 1448 
23 44 53 69 423 580 606 690 691 1072 1106 1160 1303 
56 69 266 271 316 466 506 752 766 935 985 1089 1373 
716 1016 1032 1243 1295 1392 1414 1474 
429 467 758 817 983 1120 1178 1280 1477 
182 240 288 570 653 744 749 885 1037 1068 1134 
27 433 540 701 902 996 1210 1433 
206 223 311 312 371 433 535 1099 1151 1282 1289 1295 1309 1472 
76 181 231 271 521 561 960 1037 1106 1270 1462 
58 81 155 342 464 523 527 553 599 621 698 795 800 842 1112 1252 1284 1288 1345 
26 40 175 306 390 418 496 586 779 928 942 1000 1115 1173 1248 1262 
26 56 81 404 696 723 1332 1427 
377 664 1310 1364 1487 
64 184 645 708 747 802 1020 1034 1440 
192 321 988 1115 1316 1369 1460 
17 111 203 812 820 879 930 939 972 974 1008 1290 1339 1346 1482 
92 210 252 760 840 1124 1146 1154 1340 1456 1470 
83 146 260 460 483 906 1116 1141 1329 1382 
52 124 172 218 355 389 404 882 1035 1195 1246 1363 
63 139 288 417 461 586 672 717 1155 1293 1356 1402 1406 1417 1457 
337 375 565 631 696 876 895 933 937 946 1050 1074 1252 1291 1384 1447 
304 328 345 596 630 719 737 921 965 1026 1080 1093 1169 1229 1246 
210 313 449 559 735 849 895 951 1025 1059 1376 
73 101 296 498 508 567 745 755 772 773 842 944 975 1048 1103 1225 1245 1318 
46 181 246 339 380 652 725 750 1001 1191 1306 1383 
227 368 501 627 725 802 821 924 954 982 985 1138 
13 105 174 280 526 553 764 1058 1137 1214 1326 
66 124 218 241 245 269 300 412 1130 1386 1393 1420 1442 1443 1489 
163 177 346 418 475 1000 1062 1152 1229 1422 1495 
49 463 670 794 828 982 987 1155 1370 1388 1442 
60 103 578 609 615 621 669 750 752 799 1021 1094 1309 1379 1389 
107 137 174 456 466 473 600 742 755 1205 1351 
194 219 286 294 545 659 675 869 926 1068 1252 1406 1436 1469 
6 60 76 443 841 980 1043 1051 1206 
5 197 204 466 541 683 869 945 1114 1147 1251 1368 1481 
37 468 591 672 863 925 997 1010 1012 1284 1286 1294 1357 1397 1475 
249 422 444 579 624 976 1062 1436 
157 437 545 629 823 924 981 988 1107 1252 1324 1338 
139 264 449 561 579 693 866 975 1091 1234 1299 1367 1491 
416 566 835 895 982 1079 1126 1260 
278 283 495 505 529 1004 1053 1249 
54 96 199 234 496 545 691 830 984 1139 1425 
49 185 521 591 628 843 897 1198 1255 1307 
201 224 517 674 939 1118 1131 1148 1407 
4 454 702 737 856 868 1040 1126 1213 1227 1363 1420 
355 398 488 915 1343 
190 451 461 552 630 765 838 965 1123 1221 1270 1365 1376 
76 129 140 368 393 413 441 475 599 907 1151 1277 1334 1490 1497 
39 109 226 338 342 411 458 639 867 1088 1216 1233 1302 1304 1324 
101 125 178 246 347 587 597 725 778 911 1001 1038 1137 1143 1375 
108 317 578 640 641 720 754 835 875 1030 1216 1387 
294 363 418 511 609 625 641 681 775 906 1102 1130 1141 1186 1370 
189 294 372 386 576 882 1067 1386 1480 
158 243 274 678 710 821 908 1109 1201 1222 1271 1425 1470 1477 
226 265 394 414 627 701 755 941 963 1043 1144 1472 
113 254 369 385 395 413 562 721 952 976 980 988 
117 196 333 488 513 651 660 763 977 978 1072 1140 1190 1279 
354 775 1138 1250 1289 1395 1443 1461 
26 135 139 194 220 262 346 433 488 599 649 725 942 1276 1295 1398 1401 
239 359 480 572 640 916 1000 1146 1443 1462 
104 108 231 327 340 350 418 726 792 823 952 1170 1189 1274 1327 1333 1413 1449 
99 109 182 442 646 694 843 1288 
95 183 224 271 684 1021 1241 1280 
83 101 174 190 877 902 1089 1103 1108 1168 1202 1221 1279 1323 1443 
21 57 103 225 727 941 965 
45 180 246 345 356 438 464 524 545 601 746 796 868 1068 1217 1243 1392 
249 769 1034 1145 1270 1439 
1 372 384 438 718 854 872 883 1171 1254 
159 351 508 562 653 1080 1327 
27 51 210 241 306 381 721 724 734 838 897 931 1078 1412 1435 1437 1484 
21 355 424 586 693 756 1350 
28 172 409 497 755 927 1405 1450 
46 64 177 301 527 608 1225 1468 
23 94 161 187 252 285 561 720 807 860 889 1446 
254 373 510 609 880 945 1151 1377 1380 
14 50 147 352 429 453 726 761 910 1020 1028 1154 1260 1432 
403 643 1062 1095 1137 1211 
53 152 368 636 659 864 939 980 1376 1451 1479 
10 62 76 138 231 277 468 558 573 707 1219 1226 1293 1322 
10 125 455 517 525 661 997 1008 1081 1087 1119 1192 1197 1310 1435 
47 158 160 216 276 314 361 430 621 690 713 937 1025 1102 1180 1333 1336 1349 1444 1446 
161 174 197 298 419 504 695 709 932 1087 
44 103 208 393 507 530 535 1136 1259 1324 1330 
24 34 77 600 651 740 939 1010 1069 1187 
20 147 220 507 618 709 880 1006 1147 1287 1405 1447 
145 333 507 664 665 689 698 756 851 1225 1228 1251 1402 
53 252 269 285 446 552 700 715 829 1010 1160 1473 1494 
32 35 106 305 421 704 742 842 848 1066 1153 
2 394 429 449 470 930 1249 1344 1365 1450 1465 
510 931 993 
28 245 271 322 427 890 1002 1170 1263 1388 
36 74 378 501 774 847 891 904 1004 1024 
14 114 179 279 437 609 637 845 846 866 894 1062 1308 1369 1413 
22 39 54 134 274 554 558 638 745 922 932 1000 1037 1159 1167 
28 334 465 709 809 931 1027 1034 1094 1131 1213 1250 1257 1367 1417 
148 203 209 537 578 662 746 838 894 907 1045 1132 1207 1329 1411 1422 
56 201 220 265 275 394 1098 1244 1374 1438 1482 
90 101 250 661 684 1035 1051 1168 1257 1319 
779 805 911 1088 1151 1267 1272 1293 1413 
35 53 105 213 352 436 545 581 1032 1110 1149 1155 1383 1416 1472 
254 390 418 619 723 858 1271 1389 1476 
229 245 371 498 528 547 568 799 1030 1140 1149 1256 1263 1488 
195 464 519 522 671 727 947 975 1395 
177 276 343 424 435 775 804 1030 1041 1191 1458 
62 122 355 394 478 507 591 645 749 1031 1058 1246 1276 1449 
143 164 205 303 468 568 663 733 766 881 935 939 1037 1177 1275 1367 1407 1408 
29 85 349 426 489 494 619 705 735 968 1012 1193 1226 1287 1404 
169 213 248 361 414 512 555 558 653 827 967 1011 1037 1178 1247 1462 1472 
11 13 117 186 212 239 305 625 633 1212 1457 
86 154 380 408 645 744 843 908 946 996 1026 1113 1428 
27 108 192 377 460 622 664 670 1050 1164 
125 157 221 374 409 469 476 527 563 924 971 1186 1339 1386 1455 
29 101 172 520 522 642 670 770 788 1232 1420 
8 47 393 448 549 570 1018 1117 1220 1336 1369 1450 1454 
97 465 556 690 825 834 868 929 1267 1327 1426 
158 232 251 337 354 457 627 663 671 694 711 778 812 851 860 900 952 1019 1171 
127 387 531 710 725 1359 1457 
143 149 200 266 422 467 620 629 796 1038 1101 1470 
280 397 513 644 805 901 1141 1173 1181 
26 107 158 189 203 262 333 417 496 899 911 1018 1065 
106 151 261 311 425 469 597 617 656 899 1009 1156 1318 
156 173 380 715 807 821 890 1048 1104 1392 1450 
356 373 380 394 885 975 1141 1272 1366 
26 99 169 510 696 771 898 1242 1321 1400 1433 1447 
489 492 608 666 1053 1108 1150 1173 1392 1428 1477 1497 
42 96 124 131 255 412 564 686 811 1069 1074 1102 1360 1377 1443 1445 
244 251 427 526 532 642 745 969 
22 158 349 538 594 627 1222 1289 
38 223 774 779 919 1136 1174 1229 1392 1493 
53 95 124 185 203 287 335 408 430 618 706 843 853 1274 
26 126 303 430 448 752 897 919 929 1050 1269 1432 
176 290 523 551 564 609 621 763 1050 1113 1117 1184 1276 1319 
44 245 342 378 484 663 976 1088 1148 1222 1236 
145 366 463 544 571 663 983 1024 1033 1038 1136 1255 1268 1397 
64 236 626 731 768 957 961 1042 1462 
184 192 252 370 389 603 691 697 743 1033 1059 1102 1138 1316 1390 1407 1418 1459 
145 149 425 533 795 1310 1386 1409 1468 
371 820 825 910 992 1139 1154 1326 1338 1374 1388 
205 354 402 417 532 689 755 
520 542 567 650 738 768 799 996 1040 1077 1187 
41 84 357 365 403 865 1128 1196 1320 1374 1468 
18 73 423 465 846 934 1055 1190 1276 1297 1380 1431 1477 
107 209 337 573 626 893 916 1098 1100 1205 1284 1347 1391 1399 1432 1440 1463 
157 333 393 623 959 1027 1058 1243 1423 
18 285 352 353 404 507 813 1021 1340 1349 1405 1437 
19 279 344 431 520 1045 1161 1174 1190 1303 
141 161 245 295 350 460 479 601 1059 1272 1286 1335 1359 1425 1460 
140 163 248 566 887 918 1034 1053 1115 1177 1341 1351 1417 
318 519 752 790 817 1347 1435 
13 97 157 312 553 616 841 984 1017 1247 1330 1413 1429 1447 1455 
65 149 788 819 855 1277 1488 
29 126 422 634 1261 
700 844 936 1192 1308 1399 1433 1470 
151 156 215 236 433 943 
68 137 315 606 630 669 800 823 885 978 1181 1218 1242 
107 112 351 373 562 601 649 776 1016 1026 1096 1122 1152 1235 1376 
8 143 375 400 571 705 757 844 885 1030 1210 1301 1380 
198 336 590 615 826 840 861 984 1134 1263 1425 
70 305 833 892 913 1167 1205 1353 1384 1415 1424 1466 
279 343 589 670 741 779 953 979 998 1171 1238 1273 1398 1432 1450 1460 1472 
146 347 558 649 794 825 
71 141 197 220 497 502 539 589 968 970 1172 1234 1280 
44 158 259 271 499 502 653 665 850 1421 1497 
7 96 217 313 362 365 460 534 626 818 
14 60 113 210 301 311 460 483 501 574 743 843 874 1006 1070 1202 1243 1360 1411 1435 
253 589 738 758 858 895 1049 1101 1201 1290 1343 
823 909 913 994 1054 1067 1306 1462 
152 173 179 351 411 713 761 971 1029 1104 1256 1263 1334 
6 76 172 357 395 408 538 819 852 899 1030 1117 1233 1250 1335 1372 1381 1413 
238 243 359 592 601 734 1027 1056 1189 1269 1491 
71 82 161 301 319 335 813 958 1016 1125 1168 1264 1355 1464 
236 301 306 462 530 587 765 985 1006 1011 1103 
74 107 291 340 475 487 628 655 755 849 888 980 1086 1152 1161 1256 1344 1445 1446 
397 451 784 810 828 958 1097 1130 1171 1195 1198 
75 163 186 196 209 350 523 567 862 873 892 980 1018 1040 1133 1304 1376 1441 
93 380 423 479 575 967 1102 1179 1403 
11 31 51 72 210 235 552 859 1087 1329 1363 1408 
149 156 217 266 316 338 346 644 788 985 1043 1139 1456 1495 
22 62 266 462 803 987 1228 1376 1387 1397 1435 
266 416 465 538 790 808 852 899 988 1263 1382 1415 1460 
245 380 655 777 849 976 989 992 1095 1147 1356 
133 233 328 438 617 637 665 693 761 1038 1154 1155 1346 1491 
161 257 498 545 635 863 921 1049 
88 89 184 320 332 340 452 606 677 700 794 806 1006 1163 1430 1441 1456 1475 1488 
44 224 237 302 317 532 550 845 994 1007 1193 
164 230 277 358 366 378 450 612 754 777 800 925 1149 1226 1277 1401 1430 1493 1497 
91 169 185 318 392 413 488 518 797 895 1008 1013 1260 
53 324 548 747 857 882 928 1054 1315 
70 154 228 441 669 813 
27 224 261 411 726 868 945 
29 59 238 322 481 681 1026 1187 1484 
81 264 606 1003 1135 1165 1187 1239 1358 1480 
39 65 86 413 913 942 997 1095 1126 1153 1378 1444 
260 279 282 611 798 844 923 978 1149 1203 1321 1437 
114 176 324 754 868 1309 
214 288 369 542 574 679 690 1034 1079 1093 1163 1167 1340 1419 
146 263 283 406 526 595 606 843 1038 1154 1306 1447 
161 274 530 557 1047 1228 1279 
44 82 173 192 261 276 686 709 735 995 1145 1313 1362 
204 262 548 572 1019 1247 1265 1288 1494 
68 205 437 566 656 797 1000 1003 1115 1128 1310 
64 110 197 262 320 435 476 478 673 789 1160 
180 428 616 649 663 727 1131 1343 
129 682 701 749 769 804 836 859 883 1041 1235 1246 1278 1473 
209 287 385 505 792 796 833 922 1103 1108 1141 1158 1163 1440 
46 339 397 483 553 732 824 989 1247 1278 1382 
43 203 216 492 732 781 924 1057 
330 395 588 731 883 952 1069 1289 1304 1331 1491 
24 103 353 407 727 1156 1197 1208 1306 1480 1492 
79 106 662 812 820 1159 1209 1251 1292 1481 
218 263 359 372 389 526 575 802 952 981 1076 1119 
309 373 725 755 930 1111 1123 1302 1411 1455 
124 250 598 808 819 1136 1434 1459 1485 
178 250 361 564 591 597 769 1229 1240 1341 
158 229 316 361 397 406 613 707 861 904 905 1069 1383 1452 
52 175 306 542 589 790 955 1030 1044 1249 1427 
149 256 297 576 636 684 1076 1147 1203 1224 1343 
29 159 230 255 314 454 827 983 1301 1318 1319 1348 
6 201 325 361 417 740 805 870 888 1064 1134 
43 294 519 816 843 875 929 1214 1324 1453 
216 256 338 449 470 477 713 755 874 953 1039 1194 1230 1457 
26 105 515 607 797 854 899 914 1021 1048 1079 1199 1214 1239 1350 1352 1395 
15 331 350 384 400 493 505 549 814 1049 1086 1113 1248 1358 1360 1433 
175 458 533 675 822 931 935 1135 1260 
4 233 396 398 482 504 596 636 717 909 1004 1029 1138 1185 1305 1418 1425 1496 
40 159 409 592 780 926 939 1068 1177 
137 160 190 297 311 482 678 732 976 1029 1052 1066 1098 1144 
462 545 604 688 999 1113 1114 1129 1139 1466 
65 102 165 355 393 451 484 566 604 628 684 705 754 829 834 875 893 1018 1230 1383 1472 
116 245 406 672 674 910 1048 1261 1343 1483 
95 200 268 398 445 542 858 904 1026 1110 1391 1401 
85 263 390 966 976 1048 1148 1297 1347 1349 1488 
32 60 203 288 350 387 398 491 707 902 
99 814 1088 1387 1407 1414 1416 
69 185 385 406 519 804 860 1028 1050 1410 
138 380 451 527 620 633 690 859 868 1017 1467 
189 218 427 500 585 660 982 1053 1082 1173 1225 1235 1294 
222 319 336 532 570 617 703 1008 1054 1087 1379 1435 
37 116 123 126 357 359 520 1266 
132 134 360 458 655 1086 1101 1152 1184 
135 297 552 714 724 910 1153 1157 1182 1271 1273 1393 
27 91 435 745 924 1038 1057 1195 
22 80 108 118 142 153 194 206 260 411 426 536 555 582 639 658 692 827 966 1136 1141 1353 1424 
31 282 458 519 707 843 847 995 1148 1185 1255 1387 1440 
256 387 978 1231 1330 1375 1469 
71 475 502 558 627 645 762 794 796 898 995 996 1011 1054 1458 
171 181 360 481 893 1043 1066 1384 
68 98 155 316 401 453 524 532 538 602 787 923 1281 1402 1431 1459 
42 147 250 268 315 355 383 631 812 858 1012 1211 1307 
48 457 623 637 713 955 1140 1310 
266 563 640 730 761 905 1121 1194 1334 
23 260 398 488 731 917 958 1064 1142 1256 1350 1441 
137 252 281 523 798 814 1065 1206 1216 1223 
126 483 506 782 868 886 983 1109 1156 1490 
235 287 403 483 615 617 732 735 992 1066 
85 280 287 438 518 555 586 603 660 662 679 805 826 908 981 1193 1225 1404 1461 1492 
49 57 367 402 599 1083 1137 1318 1373 1436 1446 
26 59 160 254 308 321 359 458 482 618 620 682 709 770 917 1024 1133 1138 1363 1474 1492 
51 195 239 421 578 763 885 904 1025 1129 1272 1278 1346 1388 1423 1468 1486 
759 760 808 819 861 1028 1122 1244 
52 241 541 546 581 755 972 1069 1111 1197 1294 
109 162 390 551 758 951 952 956 1002 1070 1077 1312 1422 
57 58 102 204 325 400 539 646 703 872 1024 1186 1229 1234 1239 1423 1427 
80 174 227 284 523 918 945 954 1013 1228 1336 
189 190 200 226 256 261 392 435 439 496 567 731 854 870 898 937 1007 1106 1274 1318 1327 1440 
26 105 128 144 171 184 369 455 623 854 890 1002 1110 1125 1133 1197 1419 
306 345 422 483 531 657 691 1227 1486 
1 72 126 178 299 506 687 735 1000 1124 1148 1207 1307 1366 1435 
3 28 81 126 138 389 462 480 522 693 749 895 934 1140 1240 1304 1474 1477 
346 384 526 806 864 1133 1151 1248 1317 1368 1437 1462 
35 395 439 444 616 715 777 869 880 970 1034 1102 1112 1151 1169 1417 1463 
296 448 608 629 689 738 759 1226 1279 1415 1428 
107 313 400 477 624 625 990 1026 1076 1110 1208 1278 1385 1392 
512 595 798 806 832 1200 1318 1385 
156 280 297 416 861 937 948 970 1007 1228 
36 43 95 136 289 348 459 502 516 548 633 685 937 939 942 1075 1105 1112 1290 1351 
174 344 348 699 782 988 1358 1448 1461 1465 
66 166 606 891 897 1239 1276 1318 1475 
6 64 119 129 410 452 595 787 903 933 966 1069 1167 1207 1425 1429 
74 104 301 455 768 770 1291 1391 
52 54 467 573 971 1177 1313 
57 87 106 251 393 553 559 661 822 922 1125 1275 1373 1416 
56 215 316 466 541 580 604 733 844 921 1117 1145 1237 1309 
119 254 833 887 1051 1273 1472 
164 232 349 357 480 542 665 677 751 846 881 1165 1174 1257 1262 1337 1385 
30 71 205 229 381 384 675 825 929 931 974 982 1134 1428 
215 238 299 307 356 400 672 865 995 1015 1185 1316 1344 1345 1361 1466 
120 372 432 459 609 711 978 1024 1182 1208 1210 1267 1288 1395 1483 
244 475 650 827 933 985 1162 1217 1334 1352 1464 
81 82 141 183 241 754 770 859 925 1301 1348 1372 
4 34 193 257 322 367 379 619 655 728 851 1191 1254 1337 1449 
55 340 709 729 734 863 925 1117 1187 1330 1455 1489 
398 441 496 621 721 733 1333 
48 81 160 226 236 344 500 526 660 918 928 949 959 1091 1219 1298 1312 1390 1491 
8 146 781 908 1014 1070 1141 1359 
6 66 623 642 745 863 1120 
68 295 314 495 638 792 1111 1166 1263 1286 1314 1319 1343 
43 89 170 388 629 660 720 904 914 915 1004 1032 1159 1207 1297 1351 1445 1487 
59 83 217 252 308 337 428 979 982 1297 1381 
292 313 655 683 717 723 745 865 915 1001 1047 1059 1195 1320 1407 1490 1496 
67 72 381 628 1002 1261 1310 1405 1418 
486 490 516 573 694 704 1001 1113 1219 1252 1475 
65 157 278 348 650 698 832 915 996 1061 1256 1273 1332 
35 793 992 1142 1342 
9 131 225 245 551 663 987 1251 1263 1462 
189 259 435 674 714 829 903 994 1011 
59 249 280 283 419 441 568 660 749 1117 1178 1366 1393 1401 1417 
34 562 580 742 1167 1267 1326 
55 139 216 246 500 508 628 914 958 1272 
8 49 136 176 179 210 613 933 1144 1206 1428 
241 355 499 519 974 1005 1038 1039 1169 1201 1213 1251 1483 
143 296 468 550 662 901 1303 1459 1480 
24 266 343 369 374 461 566 571 695 700 755 847 850 901 1132 1149 1154 1196 1236 1254 1383 1392 1428 1458 
139 287 304 344 405 555 569 637 799 860 1142 1409 1414 
30 424 436 590 665 903 1461 
21 178 304 513 581 636 855 889 
42 184 277 284 522 901 1160 1405 
148 238 468 546 548 585 774 1295 1411 
167 231 312 366 434 477 810 813 891 948 964 1218 1465 
72 186 346 424 783 933 1110 1134 1228 1251 1403 1493 
221 238 351 459 498 648 996 1319 1418 
208 255 269 275 299 376 419 633 774 1178 1203 1317 1324 1391 
21 253 467 522 1037 1178 1200 1278 1339 1475 1477 
44 232 284 290 371 375 429 443 522 694 1090 1169 1396 1460 
95 239 392 531 562 596 958 987 1047 1062 1453 
23 45 143 260 302 586 661 686 704 1160 1174 1322 1454 
108 132 341 368 369 441 448 871 882 918 1006 1089 1167 1280 1424 
178 264 320 492 575 747 815 980 1137 1320 
37 217 260 291 489 507 746 801 1080 1156 1229 1459 
152 160 299 445 522 766 1221 1349 1355 1496 
198 271 368 538 801 910 914 1108 1183 1211 1338 1424 1487 
69 383 751 807 920 975 1108 1144 1147 1343 1362 1388 
209 438 487 543 655 900 1177 1292 1313 1399 
18 157 262 338 362 406 440 540 1014 1184 1346 1378 1380 1415 1434 1435 1451 1471 
34 120 212 217 303 356 655 925 950 1180 1401 1405 1437 
136 183 184 238 401 443 466 577 663 678 742 762 971 1289 1314 1448 
243 265 467 571 676 695 772 820 866 871 1065 
89 222 233 280 306 325 333 557 562 696 999 1246 1462 
585 622 696 794 833 884 927 1056 1071 1082 1217 1247 1377 
12 18 79 98 319 402 489 637 799 938 1122 1195 1263 1273 1317 1485 
16 88 112 165 229 276 281 499 673 695 717 812 814 967 1052 1115 1150 
143 395 511 677 850 895 1085 1097 1183 1227 1443 1449 
26 38 665 669 679 876 925 938 1069 1179 1366 1384 
59 103 183 244 488 644 773 857 893 1073 1144 1169 1259 1269 1272 
285 335 337 340 681 789 797 1452 
15 113 259 296 508 642 665 811 817 928 1022 
122 367 368 1046 1061 1159 1194 1405 
70 124 304 669 818 944 964 1313 1349 
259 262 341 358 529 640 654 677 695 819 916 1148 1271 1276 1315 1447 
222 418 596 627 635 820 845 1115 1116 
249 250 473 499 505 535 912 1028 1173 1232 1308 
46 210 556 574 1145 1370 1461 1486 1496 
53 206 570 777 820 894 943 1077 1230 1402 
115 158 292 309 321 340 356 440 502 729 1024 1090 1099 1141 1158 1186 1238 1385 1452 
104 289 447 482 806 824 945 1055 1086 1090 1140 1311 1347 
59 85 379 536 838 883 885 926 1016 1108 1157 1166 1301 1488 
111 219 357 541 560 633 646 749 779 885 942 960 1035 1077 1216 1250 1348 1360 
52 67 82 336 497 529 557 675 719 832 1134 1156 1463 
24 105 371 380 410 439 456 600 634 799 1069 1095 1148 1207 1216 1252 1335 
194 227 246 559 599 867 977 1165 1169 1350 1351 
50 252 424 650 668 699 733 840 907 1004 1257 
173 234 350 364 381 410 664 689 939 941 1110 1190 1266 1295 
104 311 730 901 905 940 1023 1069 1248 1346 1362 1417 
84 137 165 300 390 614 831 840 1012 1095 1105 1207 1353 1391 
168 206 421 509 539 612 680 731 864 937 1000 1131 1195 1286 1442 
108 235 322 324 411 521 526 950 1006 1137 1219 1422 
8 31 334 724 804 811 823 966 1005 1275 1415 1461 
52 128 166 173 180 246 542 597 609 824 904 914 1220 
141 158 360 640 655 719 826 877 1020 1195 1257 1300 1383 
18 40 120 371 760 1189 1250 1294 1374 1425 
230 675 723 726 1234 1319 
83 349 534 629 747 811 885 945 1125 1353 
14 92 244 252 425 626 675 746 888 1003 1014 1097 1471 
248 258 267 275 414 589 623 826 903 1065 1196 1273 1375 1384 1462 
76 89 218 484 490 934 973 1012 1017 1092 1472 
926 1262 1349 1385 1427 1493 1495 
24 213 224 279 441 445 492 530 532 607 643 795 810 995 1041 1096 1306 
38 124 278 282 789 875 1014 1062 1261 1431 
182 235 269 288 296 328 498 513 753 759 814 868 1192 
146 244 608 755 839 1025 1148 1168 1419 
260 379 516 525 653 715 1008 1075 1477 
106 205 391 438 463 538 670 702 784 861 1071 1121 1159 1186 1224 1293 1363 1490 
62 71 227 387 985 1063 1188 1277 1285 1464 
105 109 155 220 496 1002 1171 1283 1296 
106 174 248 502 630 731 773 897 902 927 993 1062 1260 1358 1359 1482 
208 307 449 662 720 898 1019 1107 1177 1251 1312 
36 112 573 661 749 795 830 870 912 1360 1366 1439 
159 477 483 585 734 783 809 1218 1396 1455 1480 
48 105 139 205 284 287 408 419 533 715 874 899 990 1306 1408 1436 
158 328 508 807 864 866 1062 1212 1352 1353 1407 
1 47 89 315 430 480 493 690 741 743 796 808 855 1226 1313 
8 32 47 163 169 744 1077 
115 555 643 739 937 1091 1219 1239 
41 180 267 475 482 773 775 1065 1483 
352 356 450 572 653 706 734 787 835 910 1404 
7 288 375 429 487 497 548 592 635 658 737 996 1052 1249 
330 
126 307 357 505 538 590 645 648 733 745 747 962 1038 1124 1129 1209 1255 1498 
34 85 445 689 757 773 821 836 881 950 1037 1136 1146 1170 1188 1229 1248 1275 1386 1414 
227 325 394 421 511 540 860 950 1308 1461 
100 156 282 288 393 401 493 624 684 779 814 1311 1316 1375 
62 335 403 560 743 843 1016 1435 
77 198 527 581 603 774 1157 1224 1294 1330 1442 1476 
332 424 488 636 673 694 817 886 1310 1480 
89 184 619 855 1074 1152 1188 1193 1383 
97 110 228 230 735 785 1238 
380 609 986 1299 1301 1357 1415 
32 422 581 837 939 964 1108 1115 1267 1276 1389 1405 
58 121 156 202 272 273 305 413 663 761 861 869 871 1092 1330 
1 61 95 110 282 607 805 822 862 1061 1074 1356 1446 
170 216 290 503 527 660 750 770 771 874 1284 1369 
285 363 567 614 673 737 923 1148 1274 1353 
5 23 62 303 385 589 866 980 1035 1108 1210 1339 1476 
99 183 215 237 253 333 359 513 546 563 619 680 764 787 876 1275 1376 
60 113 228 295 806 827 877 885 1057 1108 1109 1286 1302 1498 
113 208 225 436 495 604 781 994 1070 1245 1479 
107 180 287 564 601 809 978 1142 1209 1215 1276 1309 1427 1478 
88 243 307 385 491 846 881 1054 1074 1080 1105 1258 1486 
97 495 551 570 666 744 783 
47 72 161 257 338 419 662 775 786 939 1247 1263 1439 
329 340 1095 1412 
42 86 151 350 361 427 436 514 942 986 1049 1128 1270 1381 1416 
108 148 515 571 621 668 676 716 732 964 1017 1024 1029 1142 1164 1210 1255 
9 60 68 209 363 1022 1154 1218 1369 
457 635 858 891 1311 1441 
22 29 34 148 285 512 558 759 892 976 1013 1033 1119 1200 1370 1379 
11 131 273 499 727 866 886 894 1123 1231 1327 
5 45 59 308 358 420 692 806 1317 
79 117 130 180 234 645 672 705 865 1167 1218 1230 
151 210 282 296 359 386 496 723 765 847 854 900 918 982 998 1002 1082 1204 1319 
19 297 419 460 511 625 804 901 934 1055 1146 1457 
23 70 115 238 978 1021 1122 1139 1168 
54 68 140 277 641 696 1211 
67 143 226 468 522 616 983 1078 1207 1246 
660 765 1044 1049 1057 1086 1147 
238 249 294 423 497 531 915 1020 1106 1465 1495 
135 165 468 565 575 579 581 850 856 912 1098 1122 1295 1432 
2 427 455 489 779 901 992 996 1031 1193 1260 1372 1488 
291 459 484 635 709 1073 1362 
68 119 323 612 679 835 861 1149 1259 1294 1322 
111 129 192 329 333 401 451 462 489 526 589 661 708 968 1057 1098 1423 1456 
94 249 494 719 1114 1198 
21 181 226 249 876 978 1069 1298 1301 
12 61 476 477 481 628 896 1327 1338 1387 1448 
104 112 316 451 516 584 640 1093 1324 1381 
31 88 254 274 283 293 302 352 406 981 1162 1173 1192 1251 1274 
27 49 90 349 383 494 548 623 812 862 879 994 1074 1133 1224 1361 1402 
539 621 719 721 816 877 1385 1416 
80 93 97 241 255 426 513 583 631 688 738 772 873 1184 
35 194 305 358 481 542 585 642 703 966 1090 1158 1300 
112 166 202 588 963 993 994 1089 1275 
137 303 441 630 678 933 1032 1094 1124 1162 1355 
19 58 231 232 421 425 500 533 551 634 1014 1048 1186 1345 1389 
24 213 233 424 431 521 661 835 1084 1097 1099 1152 1169 1201 1299 
142 167 347 414 545 670 734 1091 1196 1235 
143 307 716 820 832 998 1003 1060 1361 
176 277 373 482 496 576 581 795 1016 1135 
207 234 447 541 563 813 981 1012 1093 1194 
191 418 447 473 480 497 505 522 736 782 866 1076 1080 
169 306 462 630 647 993 1093 1127 
3 19 21 55 179 340 438 445 453 487 546 782 1123 1335 
92 273 398 400 549 591 611 757 805 879 1119 1338 1423 
71 92 93 281 337 449 691 720 765 775 815 910 1111 1235 
104 223 258 521 596 663 703 811 844 1186 1333 1384 1396 1457 
96 346 553 761 807 1408 
42 77 104 248 333 437 631 915 1003 1057 1362 
361 386 409 641 648 904 1075 1194 1397 
18 38 396 400 507 605 677 1025 1177 1189 
191 197 233 342 378 517 612 703 764 844 970 971 995 1047 1052 1054 1195 1225 1307 1475 
219 333 401 567 693 893 1054 1290 1412 
152 220 353 501 739 870 905 912 959 1001 1127 1179 1370 
107 313 456 503 598 851 900 936 1102 1124 1159 1226 1390 1454 
90 137 168 268 380 539 649 910 915 1281 1287 1455 
81 216 276 438 463 554 609 749 771 862 867 941 1253 1382 1415 
13 120 169 400 459 674 867 1081 1200 1215 
67 414 516 536 650 654 787 840 980 989 1047 1192 1473 
14 131 197 305 363 602 605 657 989 1118 1259 1468 1469 1472 
19 81 197 753 771 808 922 931 946 1176 1212 1301 1339 1363 
327 461 494 591 628 683 1116 1126 1300 
116 407 490 519 719 850 1065 1101 1261 1304 1313 1375 
18 202 448 512 644 935 1126 1204 1279 1314 1359 1439 1442 
137 315 338 890 1021 1455 
94 228 247 309 330 628 795 899 979 1071 1076 1134 1224 1233 1244 1248 
5 149 484 686 851 1066 1100 1431 
656 907 1037 1091 1111 1224 1428 1482 1483 
80 428 518 529 810 905 921 1011 1247 1313 1338 
223 679 684 832 1118 1120 1164 1242 1297 1389 
179 458 515 633 1099 1110 1270 
69 332 552 610 628 780 840 1061 1145 1435 1485 
70 189 194 269 343 361 367 496 597 867 898 1037 1246 1351 1369 1467 
388 476 594 667 691 813 1190 1238 1430 
173 428 482 485 683 734 842 1004 
46 260 315 331 497 735 952 1239 
14 228 351 403 814 897 905 909 1086 1153 
34 206 645 797 858 925 959 997 1122 1175 1325 1370 
92 102 110 446 554 831 863 1096 1195 
238 348 362 368 433 448 524 559 722 768 773 852 882 1038 1216 1376 1455 1471 
221 628 666 689 716 896 967 1005 
81 211 264 276 517 665 697 775 864 897 1386 
225 271 352 425 480 516 573 681 777 817 867 1071 1269 1306 1377 
51 195 434 481 487 696 741 889 908 994 1146 1434 
285 356 453 467 521 564 657 691 758 762 844 882 934 993 1371 1450 
30 35 132 206 369 609 891 943 953 1056 1062 1163 1222 1251 1252 1269 1283 
47 93 110 241 281 569 689 1276 1445 
328 350 418 455 583 606 694 866 949 971 983 1266 1296 1400 1426 
59 171 306 413 706 838 922 991 1128 1146 1395 1396 
104 121 131 202 300 319 386 656 699 1038 1070 1140 1145 1295 1379 1440 
229 285 372 373 529 625 674 724 820 856 971 1074 1172 1175 1287 
51 188 206 283 320 342 683 772 871 883 907 988 998 1019 1051 1158 1217 1239 1320 1332 
36 169 188 233 312 475 519 551 739 741 825 833 952 1079 1174 1194 1288 1331 
126 293 369 417 426 624 764 980 1164 1464 
37 193 325 342 570 647 687 714 738 909 910 1221 1239 1406 1413 1433 1443 1481 
8 134 173 345 377 401 456 457 597 668 795 812 879 1044 1093 1160 1175 1291 1375 1465 1471 
256 345 546 629 727 832 880 1133 1399 
3 11 16 488 656 715 777 821 836 952 1063 1397 1417 
49 71 105 469 659 669 739 821 1162 1450 
105 114 201 331 554 760 848 893 968 997 1204 1211 1263 1317 1365 
102 404 496 531 557 616 619 880 995 1042 1166 1395 1407 1461 
3 428 844 993 1089 1148 1184 1340 
15 161 179 272 280 505 733 849 937 986 1021 1111 1327 1400 1488 
247 356 568 641 726 841 956 965 1152 1313 1356 
102 364 367 372 563 588 785 812 1352 1361 1400 1427 
14 86 134 207 501 928 1085 1091 1155 1257 1453 1492 
77 85 233 293 401 419 480 555 823 835 844 1142 1178 1180 1264 1428 
26 127 133 190 299 450 515 600 750 1062 1126 1150 1207 1315 1486 
831 924 999 1222 1405 
92 169 257 936 995 1157 1272 1408 1448 
275 302 589 600 733 798 835 918 947 966 1068 1426 
238 302 557 703 737 810 1019 1071 1201 1353 
157 240 290 511 661 910 950 963 983 999 1093 1362 1468 
30 37 79 184 239 353 457 610 700 730 1038 
40 215 352 552 577 707 755 799 813 1023 1372 1391 
6 115 276 436 801 1147 
106 158 191 260 394 631 650 758 764 876 990 1085 1199 1255 
24 75 123 134 220 301 621 639 768 785 924 965 1149 1246 1296 
103 154 189 301 381 477 506 518 523 1134 1147 1152 1186 1245 1315 1359 
66 389 635 639 1117 
36 51 69 163 183 288 516 745 787 865 920 972 1025 1107 1209 1301 
113 229 235 333 551 596 644 747 946 961 962 1163 1353 1467 
279 315 481 583 815 982 1110 1284 1287 1306 1315 1462 
339 367 383 536 593 720 974 1163 1204 1235 1272 1277 
353 758 794 1317 1341 1468 
162 339 401 466 615 880 927 1236 
83 252 327 328 413 414 555 970 981 1232 1281 
37 244 547 771 879 973 1088 1158 1365 1451 
29 395 475 486 507 601 634 864 883 926 
603 691 751 902 993 1021 1092 1103 1175 1369 1403 
152 435 723 779 830 831 931 
100 103 209 329 394 579 1022 1038 1044 1387 1473 
46 95 150 200 265 343 473 477 557 606 614 700 809 1009 1107 1208 1234 1265 1332 1384 1426 1498 
17 145 173 257 284 327 347 402 463 483 610 633 696 781 785 1001 1130 1328 
51 501 505 510 553 664 743 930 1351 1390 1498 
93 97 328 383 420 466 719 792 1018 1085 1115 1430 
18 631 746 824 895 1044 1077 1246 1318 1398 1456 
128 143 228 319 407 413 470 497 860 890 986 1097 1106 1149 1324 
103 236 414 519 658 813 881 939 979 1004 1008 1108 1135 1252 1309 1381 
11 139 199 274 277 284 312 460 780 952 1013 1094 
122 242 388 393 439 451 530 719 848 900 905 1349 1399 1491 
182 215 249 288 450 569 682 813 1081 1215 
203 861 1173 1338 1442 
24 53 181 231 500 913 962 1065 1114 1232 1490 
57 243 394 550 693 805 950 1093 1168 1365 1453 
17 115 319 435 573 703 804 1332 
412 414 605 833 856 961 1265 1286 1407 
78 313 1069 1120 1156 1180 1376 1475 1480 
351 671 782 798 1439 
302 369 544 630 673 892 949 1277 1438 1465 
110 160 317 369 515 735 907 918 937 998 1003 1073 1164 1241 1251 1337 
252 340 386 483 568 848 912 927 1189 1340 1409 1435 
468 559 610 621 849 1037 1056 1177 1217 1259 1292 1485 
49 451 533 551 646 796 927 1052 1062 1233 1287 1298 1361 1405 1442 
103 332 716 888 970 1072 1156 1244 1374 
30 238 342 748 1029 1117 1477 
127 158 181 182 226 370 416 613 684 734 950 1225 1362 
163 215 239 666 859 861 1230 1428 1435 1489 
19 68 186 335 368 435 628 1056 1114 1198 
17 49 70 291 309 560 688 690 892 996 998 1136 
551 705 928 978 1148 1209 1270 1361 1467 
30 92 227 293 395 523 634 794 958 1027 1063 1068 1255 1275 1416 
63 249 391 462 566 718 933 941 1005 1032 1276 1329 1486 
90 204 261 394 753 1007 1229 1245 1353 1471 1490 
535 626 686 703 969 1151 1294 1431 1466 
78 366 387 405 590 610 693 767 772 1142 1165 1415 1489 
224 296 347 404 455 511 892 1286 1289 
144 228 576 856 1021 1042 1086 1122 1124 1226 1439 
186 188 367 406 542 663 712 725 876 895 1108 1213 1371 1381 1463 
164 259 574 718 746 825 911 1030 1111 1224 1459 
71 98 163 387 463 472 484 580 604 606 684 906 981 1290 1319 1370 1436 1454 1496 
187 232 255 289 614 640 725 818 837 903 914 959 1240 1267 1286 1321 1393 1493 
21 48 312 447 628 661 668 768 853 902 968 1038 1220 1237 1376 1379 1443 
205 281 396 451 860 868 992 1068 1214 1469 1477 
107 238 306 505 518 884 1066 1353 1365 
18 84 100 119 163 260 614 752 990 1183 1200 1293 1334 1408 
137 312 330 341 441 688 808 1122 1210 1245 1424 
234 285 302 678 801 902 1010 1189 
6 63 129 289 470 603 795 843 876 1094 1102 1180 
323 328 511 583 627 772 952 1182 1402 1430 1436 
59 110 238 387 419 424 425 570 922 1229 1323 
10 243 321 340 365 462 611 615 624 799 993 1045 1130 1252 1306 1333 1372 
9 349 357 516 831 861 902 917 1032 1132 1148 1151 
37 50 105 290 379 513 514 522 615 853 908 1228 1256 1354 1373 1441 
54 170 604 702 1207 
42 241 375 489 550 763 794 1126 1266 
118 123 270 278 339 427 643 705 783 804 1251 1289 1310 
341 442 463 736 899 1122 1211 1465 
12 299 335 489 509 584 614 616 663 1055 1175 1220 1233 1269 1367 
220 306 333 528 561 615 620 658 661 744 843 977 1073 1129 1174 1193 1355 1356 1464 
8 140 183 401 747 789 839 845 978 1059 1125 1430 1473 
150 260 334 650 862 909 1002 1038 1122 1403 
226 243 339 532 680 728 855 1035 1276 1317 1333 1492 
1 64 65 127 268 318 511 697 734 808 996 1009 1262 1403 
43 247 484 558 674 725 849 944 950 959 1025 1085 1142 1207 1243 1358 1467 
179 291 649 660 672 677 941 998 1142 1195 1238 
226 592 1113 1312 1380 
302 366 707 930 952 1412 1436 1487 
61 116 273 403 408 534 682 773 883 1037 1062 1173 1218 1312 
8 239 378 741 807 812 891 942 1240 1417 1429 
217 551 734 737 924 1000 1008 1162 1489 
170 228 231 365 416 592 602 1057 
179 291 557 722 983 1079 1116 1209 1371 
46 107 112 266 395 478 615 679 715 826 863 1024 1077 1494 
174 180 354 554 791 869 940 1017 1119 1363 1379 
1 41 86 115 192 378 387 650 924 1015 1250 1277 
80 98 126 221 730 741 797 807 819 936 944 979 1059 1156 1478 
17 615 810 1163 1400 
137 152 371 378 839 1189 1203 1492 
27 200 264 334 553 605 878 1001 1144 1242 1446 
42 60 128 420 639 738 754 927 947 1047 1228 
58 80 149 277 387 447 505 544 773 1451 
522 591 770 809 983 1139 1142 1245 1331 
96 139 156 188 376 460 507 648 686 706 1061 1127 1217 1458 
241 259 428 453 569 599 628 693 740 880 988 
34 65 520 738 762 786 898 948 983 1166 1180 1370 1386 
23 56 156 216 251 303 511 521 567 799 880 923 942 979 1013 1390 1488 
241 249 332 415 424 427 456 700 769 904 1051 1085 1427 1472 
152 242 523 590 745 921 1006 1038 1053 1090 1218 1332 1347 1498 
324 339 415 436 496 557 698 744 771 781 917 988 1047 1056 1143 1219 1249 1324 1469 
25 26 93 539 687 790 825 1022 1180 1206 1262 1298 
311 843 845 898 912 962 1376 1468 
276 369 524 696 703 837 911 1120 1329 1359 1394 1442 
49 72 287 370 423 504 551 574 644 702 801 966 1389 1449 1489 
25 209 255 269 417 428 473 539 887 1112 1183 1292 1320 
11 129 149 194 571 625 647 1422 
224 612 1023 1142 1330 
5 16 93 103 175 197 297 402 419 649 675 782 1050 1179 1371 
36 134 196 280 301 320 390 600 622 1022 1373 
101 294 404 502 519 541 584 639 675 786 936 1004 1054 1203 1223 1228 1291 1333 1473 
203 312 396 427 724 746 1112 1147 1179 1210 1360 1373 1488 
43 101 204 260 306 448 482 649 701 839 927 1149 
28 213 242 471 647 697 767 847 975 1223 1243 1360 
139 179 251 477 610 655 805 915 1109 1227 1334 1456 
63 87 176 181 411 431 660 919 1152 1286 1381 1405 
116 316 379 461 849 972 1209 1281 1346 
75 366 428 476 560 659 718 738 1021 1232 1455 
164 207 460 538 539 590 675 876 900 1009 1042 1079 1221 1455 
32 139 322 485 554 630 643 647 698 957 1001 1076 1146 1362 1497 
149 191 248 443 527 1023 1144 1174 1432 1452 
114 153 298 451 561 781 871 937 938 1126 1401 
36 74 132 285 428 933 1082 1210 1277 1441 
72 92 309 326 678 1046 1093 1333 1428 
1 142 220 332 1008 1089 1118 
225 336 523 796 857 929 995 1046 1082 1117 1177 
64 84 250 262 287 484 688 851 1054 1483 
98 113 194 641 785 951 1418 
87 474 479 529 537 556 632 633 688 814 847 908 1119 1482 
85 100 431 475 536 864 1306 1309 1312 1349 1353 1398 
73 102 188 379 392 664 806 836 848 1016 1028 1139 1179 1238 1305 1389 
112 118 334 365 526 597 621 682 888 907 1108 1479 
207 364 406 449 732 792 990 1039 1312 1320 1393 1496 
315 367 445 472 513 563 647 670 834 922 1056 1195 1305 
621 652 719 776 840 889 940 1043 1243 
120 128 317 342 437 994 1040 1064 1415 
74 169 200 204 901 933 1025 1253 1255 1305 1308 1324 1367 
4 125 302 311 535 838 920 972 987 1030 1119 1125 1160 1387 
260 264 457 936 975 1120 1434 
58 84 146 257 285 477 827 988 1164 1175 1179 1460 
50 105 245 453 470 497 654 775 926 1040 1368 
59 359 456 909 961 979 1067 1156 1181 1249 1359 
108 575 619 663 760 857 896 904 913 917 1193 1354 
106 337 498 521 540 622 634 737 771 857 936 960 1010 1069 1227 1322 1372 
305 340 545 780 939 967 1148 1281 1308 1406 1436 
95 364 763 833 1228 1362 1466 
63 292 509 559 606 639 718 965 1079 1319 1414 
194 205 246 456 703 1237 1421 1444 
448 677 688 722 859 961 1084 1194 1276 1312 1467 
112 178 202 293 353 373 387 1134 1360 1401 
90 131 160 350 460 486 575 666 777 947 1440 
13 405 491 526 700 708 754 904 1066 1083 1159 1400 1451 
43 110 201 238 246 346 348 1190 1451 
69 105 106 429 435 443 572 657 735 816 1219 1279 1332 1395 
408 497 503 722 789 884 931 1042 1048 1283 1371 1438 
143 330 503 611 847 1149 1269 1373 
96 172 184 316 370 572 651 942 1148 1189 1202 1275 1329 1484 
24 54 116 295 380 700 720 932 1103 1238 1249 1286 1299 1401 1445 
186 188 342 520 613 687 807 890 928 1232 1290 1383 1405 1460 
24 163 503 786 808 998 1100 
96 100 475 519 720 753 903 1339 1350 1459 
404 630 924 930 1207 
58 105 116 168 260 265 381 582 607 677 777 970 1083 1101 1125 1199 
15 17 325 363 520 584 655 751 962 1052 1117 1336 1462 1482 
39 181 368 538 567 656 784 835 1158 1208 1366 1415 1423 
55 209 278 341 435 536 620 787 853 1181 1406 1418 
228 551 584 943 1493 
17 64 375 430 589 608 685 805 842 856 869 936 971 
125 171 183 188 361 431 728 812 926 1467 
355 649 926 1092 1424 
50 304 364 399 502 655 821 898 973 1002 1292 1474 
99 347 440 472 782 788 871 994 1275 
83 197 466 500 857 929 996 1416 1485 
524 527 536 720 784 871 969 987 1015 1197 1305 1362 1480 
95 157 594 710 861 891 999 1336 1493 
84 118 164 337 477 487 671 787 915 937 999 1129 1191 
127 464 499 516 861 928 1029 1161 1432 1466 1497 
240 260 312 378 494 798 882 1003 1011 1029 1051 1168 1178 1220 1231 1305 
73 300 385 434 529 556 629 1240 1318 1366 
83 107 212 564 810 969 1091 1246 1451 
92 314 544 659 820 1049 1160 1246 1369 
119 258 675 1046 1427 1460 
242 364 379 380 393 439 479 513 545 831 862 916 1024 1251 1366 
263 756 786 934 1024 1120 1175 1279 1317 1439 
51 288 316 518 532 552 765 804 862 996 1026 1287 1289 1325 1380 1430 1475 
36 150 215 356 383 448 490 558 926 1086 1095 1161 1210 1217 1416 1480 
85 260 277 482 483 580 838 971 1002 1078 1105 1169 1213 1295 1321 1349 1411 1418 
187 301 467 658 684 816 897 1021 1117 1261 1400 
2 164 274 335 407 577 652 1393 1447 
107 341 534 686 728 1156 1184 1201 1231 
43 83 136 158 286 336 387 478 597 762 907 946 982 1026 1340 1354 1358 1426 1487 
66 329 353 540 579 678 734 745 1245 1312 1372 
111 188 220 239 323 373 422 622 674 909 1316 1423 1461 1474 1493 
141 235 654 732 753 1050 1063 1129 1186 1356 1409 
114 287 359 408 467 508 669 691 991 1065 1110 1134 1227 1272 1467 
171 241 321 339 409 423 437 482 512 523 1141 1225 1259 1284 1330 
230 808 929 1077 1171 1238 1319 1367 
69 119 144 204 480 534 642 896 921 1240 1285 1287 1331 1493 
409 592 736 777 780 1009 1211 
111 243 280 290 406 438 444 554 611 639 689 884 1013 1040 1119 1152 
128 364 560 662 686 717 795 814 818 1053 1136 1204 1229 1278 1472 
2 77 250 254 313 333 506 714 765 978 1139 1415 
34 79 271 387 437 566 832 973 1408 
40 478 625 670 877 1065 1146 1229 1261 
61 79 462 465 516 714 781 796 973 1253 1360 1459 
9 68 98 104 314 808 938 1061 1084 1195 1225 1291 1494 
20 215 331 376 448 474 486 579 657 819 845 1113 
32 91 203 664 739 854 868 952 1008 1044 1334 
26 408 461 468 549 660 798 886 982 1013 1103 1189 
61 531 912 913 924 993 1015 1087 1453 
258 286 359 397 400 429 472 667 692 751 776 1038 1138 1272 1413 
85 190 329 352 363 396 690 818 873 883 1083 1188 1313 
91 122 170 179 316 327 515 632 669 730 777 898 971 1397 1447 
23 193 322 335 367 406 424 451 535 554 587 670 740 1047 1092 1126 1280 1306 
175 482 510 775 933 1111 1191 1273 1438 1440 
161 256 782 870 919 961 1003 1171 
129 421 643 705 761 764 768 912 952 1488 
29 223 569 667 880 946 1228 1308 1364 1401 1428 1475 
3 10 234 410 429 514 543 1279 1448 
94 238 245 248 353 412 506 697 742 861 927 1145 1157 1329 
152 243 398 407 470 601 963 1027 1103 1145 
76 260 392 628 675 773 818 1106 1154 1388 
95 247 263 299 339 485 698 799 1193 1305 
6 13 22 138 523 782 792 972 1153 1197 
78 269 285 763 1144 1159 1161 1264 1327 1363 
117 224 318 437 482 522 581 626 698 825 870 946 974 1297 1325 1333 1393 
391 471 659 725 887 992 1086 1236 
126 151 163 308 558 599 815 959 1186 1248 1250 1412 
171 175 507 561 596 746 895 1034 1454 
291 314 405 476 576 583 711 724 784 940 956 974 986 1047 1165 1210 1291 1334 
265 434 507 659 672 1151 1320 1341 1408 1485 
65 190 211 254 269 611 683 745 775 873 939 1029 1157 1203 
55 143 172 214 232 322 334 473 478 745 816 1028 1104 1166 1232 1378 1406 1441 
237 285 480 536 604 776 953 1208 1369 1493 
138 555 586 589 874 
303 580 616 735 804 851 957 1362 1431 
158 167 302 325 437 709 1060 1109 1254 1403 1473 
290 404 592 700 732 738 789 808 1151 1386 
60 178 311 501 643 873 953 1038 1322 
79 177 302 347 409 536 596 798 819 911 973 1006 1046 1113 1222 1311 1340 1377 1426 1445 1483 
339 394 501 547 739 873 921 1061 1087 1218 1348 1361 
62 441 505 659 734 787 910 946 1002 1154 1256 1456 
6 224 284 479 775 864 940 960 1303 1341 1362 
40 75 269 371 398 508 566 639 835 905 1019 1464 
61 113 231 340 485 667 684 752 1465 1485 
316 356 498 533 557 573 802 1323 
80 104 317 355 479 537 559 668 735 901 1005 1282 1423 
46 113 227 272 537 583 606 619 620 783 898 902 1080 1101 1340 1368 1422 
83 170 326 563 798 882 966 970 1233 1345 1442 1452 1460 
216 257 554 681 693 786 797 864 918 1009 
14 492 507 555 754 1144 1167 1189 1366 1415 1469 
197 206 275 284 295 296 469 630 651 855 902 1015 1056 1161 1274 1357 
7 749 764 911 925 949 952 1124 1163 1214 1299 1393 
51 113 261 287 637 789 918 1256 
8 157 200 211 253 300 424 467 485 537 823 825 1130 1192 1236 1247 1360 
48 63 107 263 527 781 887 1017 1123 1221 1411 
35 56 82 99 204 347 421 586 599 715 770 782 799 1076 1296 1352 1437 1446 1485 
33 211 224 226 327 507 517 583 598 646 763 792 862 1151 1448 1451 
294 326 473 488 852 973 1140 1314 1494 
94 109 533 613 709 719 788 804 818 877 907 973 1041 1128 1208 1214 
123 197 480 629 672 676 896 1028 1227 1236 1254 1320 
45 147 350 362 408 474 588 613 709 784 833 909 974 1432 1451 
127 233 284 303 354 459 609 736 1206 1330 1390 
70 113 240 706 1026 1059 1120 1205 1224 1359 1451 1495 
126 276 336 653 782 844 883 904 1146 1326 1390 
139 495 558 617 814 823 891 1064 1240 1298 1408 
181 264 320 667 669 1004 1042 1120 1199 1210 1279 1424 
75 103 231 247 538 606 667 697 699 703 765 981 1151 1229 1459 
23 36 312 587 720 832 1323 
42 167 196 537 765 812 937 1143 1333 1415 1448 
181 294 444 635 713 720 812 896 1049 1266 1432 
171 185 257 321 370 549 604 660 724 763 789 836 988 1364 1388 
45 387 472 640 916 975 1083 1166 1394 1433 1445 
575 700 744 930 981 1280 
14 245 521 539 598 711 728 753 761 799 1141 1155 1494 
16 64 105 186 261 324 333 717 973 1184 1268 1327 1328 1355 1433 1437 1439 
29 66 159 234 371 410 430 449 596 854 984 993 1296 1424 1473 
59 297 404 859 964 1162 1201 1385 
41 288 406 419 438 441 491 498 557 753 965 1111 1227 1404 
5 96 115 130 187 405 513 751 789 851 931 1027 1112 1121 1136 1293 1294 1491 
156 255 275 359 369 591 631 656 817 823 1080 1193 1290 1417 
228 335 517 555 609 659 748 756 860 1070 1103 
4 151 743 885 952 1270 
57 189 486 775 852 887 951 968 1226 1336 1380 1443 
112 386 554 571 600 654 786 799 819 963 1315 1334 1357 1424 1465 
590 697 895 916 954 991 1006 1039 1157 1368 
44 240 313 316 378 610 648 699 747 774 806 909 944 977 1013 1179 1339 1490 
3 40 215 339 448 478 782 910 997 1225 
1 298 449 464 492 810 928 1022 1150 1246 1419 
52 76 83 159 261 369 728 916 958 1075 1152 1206 1244 1420 1460 1473 
90 109 229 410 439 531 798 867 926 1221 1321 1352 
116 257 397 408 477 496 552 567 578 875 1129 1178 1217 1251 1324 1344 1370 
133 161 172 261 411 453 475 712 776 780 898 1116 1169 1181 1278 
114 230 300 370 427 672 884 1116 1230 1276 1426 
32 124 133 143 291 296 329 479 656 693 757 792 
96 178 207 253 312 332 396 414 512 630 973 1012 1136 1152 1220 
63 426 508 620 647 694 739 747 799 868 923 1014 1116 1274 1376 
151 208 227 276 303 422 528 726 843 1115 1188 1247 1286 1412 1452 1465 
241 260 643 897 908 1346 1368 
163 261 285 675 823 917 941 962 1108 1204 1360 1393 
31 360 545 587 740 1042 1052 
37 130 217 644 693 764 781 908 962 1020 1212 1230 
10 21 292 629 1056 1263 
97 202 364 403 484 717 1055 1307 
41 174 522 692 831 848 951 1027 1043 1204 1349 1361 1489 
173 226 331 379 419 591 674 849 1151 
164 166 209 346 464 466 481 500 569 586 655 736 1024 1124 1304 1339 
120 291 561 573 594 620 869 927 950 1033 1124 1302 1415 
40 272 550 709 830 1332 1493 
285 852 979 1128 1209 1348 1406 1420 1432 
60 140 217 329 355 898 906 991 1057 1164 1219 
86 274 399 433 564 652 937 970 1254 1366 
94 248 358 375 489 564 622 634 741 790 823 871 995 1077 1159 1273 1287 1392 
33 71 363 667 931 1214 1222 1257 1280 1480 
27 214 216 577 588 596 687 893 939 1021 1200 1220 1462 
172 188 395 420 479 488 541 678 809 821 847 933 1197 1455 
210 460 512 605 848 895 897 1162 1249 1265 
3 149 388 419 768 825 959 1015 1228 1342 1350 1368 1373 1409 1484 
234 285 462 551 726 839 1260 1381 1434 1450 
175 176 194 357 668 817 1015 1075 1439 
93 202 572 864 939 969 991 1227 1308 
77 173 311 421 687 764 802 825 1295 1352 
285 417 463 537 622 1037 1054 1189 1191 1275 
