1447 8226
7 295 349 450 536 761 801 821 836 860 1089 1165 1294 1308 1381 1432 
21 215 536 556 568 611 660 934 1040 1164 1178 1425 
85 98 192 409 608 691 798 887 1045 1356 
352 392 440 663 1014 1017 1068 1110 1445 
24 240 380 927 941 1014 1134 1137 1208 1283 1390 
29 398 502 536 571 806 1123 1175 1187 1377 
1 147 165 196 349 411 594 638 675 704 833 965 1056 1072 1160 1298 
226 485 653 815 876 1135 1287 1289 1295 1362 
76 126 183 503 567 997 1016 1216 1270 1389 
98 128 136 155 223 510 538 864 930 1082 1150 1208 1320 1322 1417 
231 429 617 1084 1148 1215 1329 1355 1368 1413 1433 
37 307 753 780 884 994 
178 473 515 600 648 711 781 1427 
28 64 174 744 797 812 955 1072 1107 1287 1290 1321 1322 1394 
524 646 733 1150 1241 1299 1411 1432 
148 161 402 696 727 796 799 1107 1118 1237 1282 1315 1341 1371 1427 
68 99 132 304 367 397 411 413 472 523 527 879 923 934 1062 1110 1134 1297 
66 172 302 325 439 554 972 1318 1382 
79 203 243 568 852 930 1071 1118 1135 
100 230 402 477 580 668 670 994 1021 1160 1179 1366 
2 64 267 322 332 412 819 935 1192 1278 1384 1401 
115 184 266 312 451 594 893 938 977 1404 
68 109 183 329 496 591 740 772 1347 1426 
5 124 134 235 342 428 431 505 534 1330 1370 1378 
331 373 552 916 1077 1400 
51 154 259 448 624 709 1012 1035 
149 196 232 422 585 658 1084 1208 1275 1343 1377 
14 72 288 484 489 993 1019 
6 192 230 247 357 377 451 453 472 733 837 941 956 965 981 1219 1232 1239 1266 1423 
228 389 424 471 693 737 756 1016 1260 1262 1315 1408 
33 49 56 140 514 1061 1143 1218 1293 
244 282 366 441 575 666 1232 1382 1443 
31 65 71 171 308 555 754 1193 
152 520 616 899 1042 1235 1244 
58 163 327 559 729 905 1151 1184 1422 1442 
41 132 218 452 726 788 789 961 1076 1148 1171 1236 1339 1357 
12 59 79 81 372 574 832 943 955 1022 1417 
43 414 627 648 767 857 886 957 998 1317 1326 1403 1441 
170 294 417 470 502 539 696 709 864 890 903 910 911 1021 1192 1196 1273 1426 1443 
85 123 230 242 472 514 552 796 854 945 972 1004 1007 1145 1179 1237 
36 60 353 384 647 786 821 994 1039 1132 1392 1434 
45 213 282 290 365 506 519 531 896 969 1208 1248 1249 
38 421 816 926 1322 
152 186 206 253 382 748 978 979 1087 1297 1366 1420 1442 
42 300 517 540 569 602 1282 1295 1319 
305 409 456 539 844 1011 1049 1097 1107 1303 
370 509 577 626 670 681 909 1115 1158 1162 1374 1438 
78 119 440 551 659 1262 
31 262 434 608 625 683 699 717 730 740 835 863 925 1334 1439 
158 197 230 530 665 1038 
26 86 226 230 254 512 542 618 778 912 954 1189 1314 1378 
157 363 488 497 852 862 925 976 1110 1187 1210 
141 155 523 578 771 795 941 997 1023 1054 
238 290 325 492 510 513 698 754 1174 1210 1249 1418 
92 123 399 409 432 436 528 875 911 915 1106 1147 1233 1239 
31 78 241 277 364 583 799 1014 1142 1147 1240 1315 1350 1357 1388 1413 
199 239 928 983 1231 1331 1376 
35 146 211 319 586 728 953 958 1059 1343 1379 
37 78 177 274 332 476 769 778 797 914 920 931 1009 1177 1374 1427 
41 77 127 148 165 268 339 483 587 628 853 893 1011 1409 1424 
172 228 257 614 627 796 810 1344 1397 1411 
463 618 851 859 889 1045 1058 1098 1207 1294 1353 1387 
89 367 393 494 570 600 781 887 958 963 1106 1230 1421 
14 21 107 542 549 660 670 897 1256 1407 
33 143 247 250 307 338 421 615 616 740 835 968 1107 1148 1153 1324 1369 
18 137 251 323 357 429 456 729 865 986 
90 151 296 489 502 1168 1323 
17 23 129 130 160 210 270 307 1069 1088 1126 1366 
87 124 322 751 752 769 959 1036 1111 1149 1233 
287 367 641 740 811 867 927 1080 1388 
33 78 294 368 373 534 1051 1117 1245 1431 
28 440 450 545 643 747 872 902 921 946 1270 
124 176 232 265 531 731 1023 1058 1059 
360 474 480 1169 1282 1395 1446 
217 342 378 693 841 844 910 985 1129 1194 
9 203 415 654 1328 1330 1382 
60 221 343 361 390 440 494 831 974 991 1001 
48 56 59 71 483 578 684 947 957 1027 1089 1376 
19 37 136 149 209 280 284 1009 1084 1234 1395 
298 311 1166 1282 1339 1426 
37 100 116 203 359 480 1066 1256 1432 
135 229 391 411 674 707 802 1064 
646 1020 1391 1395 
151 343 391 676 831 907 922 1128 1297 1376 
3 40 180 232 246 380 505 668 688 700 846 891 931 1217 1352 
51 154 206 361 433 697 757 816 832 1200 1383 
69 164 210 390 438 441 468 470 804 930 961 985 1045 1232 1344 1447 
225 234 340 344 484 558 968 994 1105 1379 1416 
63 235 313 361 373 456 543 767 789 898 971 1135 1156 1173 1230 1307 1353 
67 180 192 213 325 338 615 909 1238 
420 531 542 653 729 742 754 810 832 870 885 968 1032 1228 1428 1440 
55 103 115 273 315 325 344 470 479 665 833 1113 1130 1142 1404 
162 317 357 489 500 568 612 733 769 895 1108 
249 672 750 862 976 1012 1058 1096 
317 389 504 627 894 987 1046 1213 1282 1284 
366 525 653 782 856 936 993 1058 1271 
349 529 551 830 1009 1104 1216 1250 1444 
3 10 172 508 627 722 1253 1331 
17 179 303 362 433 438 464 922 932 1104 1170 1237 1250 1271 1326 
20 81 130 154 165 219 312 383 582 740 828 885 1181 1398 1446 
176 221 227 422 536 662 664 851 1081 
154 187 227 334 338 345 505 1057 1123 
92 108 384 844 990 1200 
181 656 850 1102 1214 1311 
186 226 252 369 404 463 469 631 673 898 1043 1117 1246 
185 297 865 963 990 1024 1181 1212 
64 299 364 478 746 901 1027 1052 1066 1170 1219 1234 
103 410 607 681 695 741 874 891 914 1003 1180 1429 
23 385 577 667 926 964 1005 1009 1239 1304 
175 555 624 667 692 802 883 1006 
639 642 767 779 950 1043 1441 
298 418 662 748 851 1069 1076 1246 1275 
193 337 365 602 609 697 772 978 1023 1136 
669 798 959 1027 1332 1375 1379 1409 
22 92 178 254 634 959 1356 1372 
81 286 319 413 471 537 571 606 849 917 993 1017 1044 1045 1140 
219 391 426 433 444 527 747 789 838 839 984 1091 1277 1334 
213 322 416 478 607 706 879 947 1004 1155 
48 184 238 339 394 915 1116 1178 1182 1227 1342 1387 
336 422 435 553 557 658 798 945 993 1232 1273 1369 
174 407 409 416 611 612 631 713 729 1046 1064 1141 1170 1219 1316 
265 386 689 715 726 797 838 928 1131 1177 1245 1309 1427 
40 55 127 329 373 457 566 604 610 1026 1289 1421 1431 
24 69 73 157 162 189 542 819 945 951 1014 1048 1220 1238 1408 
163 192 231 265 321 565 598 729 884 972 1082 1326 1399 1418 
9 199 274 441 574 588 592 704 732 950 951 976 
60 123 481 483 574 767 774 1176 1301 1309 1314 
10 337 376 568 616 755 769 777 894 1176 
68 318 346 527 534 543 613 741 958 1292 1411 
68 100 211 622 717 846 1095 1358 1408 
443 592 671 687 729 900 1339 1365 1367 
17 36 229 482 878 897 1065 1077 1139 1415 1434 
203 249 383 830 1078 1088 1201 1208 1245 
24 267 303 333 355 443 474 485 556 605 613 615 766 967 1388 
82 146 197 223 289 339 355 417 687 788 1192 1209 
10 79 153 154 260 491 559 584 697 935 937 964 1089 1172 
66 145 321 369 383 498 617 712 745 764 793 798 872 1260 1423 
325 360 634 752 938 1095 1115 1164 1375 1424 
191 220 529 578 580 1203 1256 
31 245 344 369 560 695 755 793 866 1031 1416 
53 316 387 577 843 1078 1157 1171 1283 
150 193 202 514 769 834 1093 1219 1297 1408 
65 221 352 367 522 684 835 1204 1257 
181 237 238 307 397 700 723 744 843 850 860 885 992 1010 1056 1117 1123 
137 163 422 520 815 901 917 944 1150 1274 
58 135 163 252 893 938 1176 1368 1377 
7 280 281 319 335 470 620 769 1111 
16 60 293 320 368 481 489 552 579 669 744 760 871 874 888 950 1268 1326 1434 
27 79 198 270 354 546 786 1123 1239 
142 355 362 555 719 982 986 1055 1065 1183 1194 1282 1359 1387 
67 84 453 536 908 965 1245 
34 44 200 291 297 587 660 780 814 873 
136 243 254 304 332 386 577 588 816 928 1056 1119 1203 1217 1245 1333 1437 
26 86 100 102 136 332 349 361 468 490 605 806 914 948 956 962 1069 1414 
10 53 254 345 368 455 473 494 511 635 672 730 753 945 1137 1229 1290 
264 425 551 663 697 717 1026 1069 1216 1329 1375 
52 124 189 265 456 512 519 595 652 714 1053 1122 1150 1186 1234 1251 1281 1285 
50 163 247 491 549 737 792 820 1019 1097 1160 1165 1197 1202 1263 1345 1354 
243 448 543 624 646 683 718 848 1078 1188 1261 1270 1294 1310 
68 581 1034 1243 1350 1358 1363 1407 
16 268 343 353 948 1001 1132 1168 1189 1256 
93 124 258 459 461 489 737 958 1004 1053 1095 1137 
35 125 145 146 158 190 388 510 539 695 722 898 923 987 1106 1186 1200 
87 274 358 828 915 929 955 1015 1070 1415 
7 60 100 333 517 663 776 1020 1438 
218 231 282 306 387 688 1184 1274 
442 457 526 568 605 1103 1236 1293 1294 1431 1439 
253 344 393 439 459 479 641 816 853 
178 472 538 662 709 721 944 1225 1227 
39 250 941 1202 1206 1254 
33 304 359 435 784 1208 1217 1264 1343 
18 61 98 205 285 343 367 386 390 438 445 446 627 669 828 852 938 973 1150 1218 1433 
272 328 625 819 925 932 1023 1300 1303 
14 121 183 259 356 563 701 1105 1158 1210 1272 1316 
110 327 438 777 875 882 1019 1048 1406 
73 101 199 397 525 562 624 755 839 965 
59 253 265 344 461 472 485 666 712 713 833 940 964 1031 1075 1082 1185 1442 1446 
13 115 169 189 318 492 519 788 895 964 1043 1196 1201 1229 1291 1294 1409 1421 
99 185 218 234 290 313 419 474 573 590 765 1037 1108 1268 1395 
85 90 237 255 286 314 354 381 468 472 533 605 776 801 829 844 1124 1223 1265 1341 
104 144 297 397 710 717 896 915 1124 1366 1444 
236 259 286 299 327 495 561 620 676 693 706 878 1034 1142 1217 1260 1306 1380 
9 23 174 238 252 732 812 962 1055 1177 1328 1408 
22 119 278 370 412 736 747 797 802 901 1027 1119 1235 1251 1345 
106 179 252 371 396 578 683 779 868 914 1076 1077 1117 1275 1446 
44 105 289 415 667 676 876 936 1197 1238 
102 481 686 885 921 969 
383 402 509 516 688 967 1137 1162 
124 157 178 225 403 623 625 1063 1141 1223 1255 1320 1336 
163 211 508 527 589 601 627 877 885 889 1086 1217 1262 1332 
139 236 265 427 592 741 867 890 894 902 1054 1156 1219 1306 1361 
3 29 90 125 206 227 399 404 658 755 793 981 1065 1282 
113 142 218 229 230 429 518 595 748 972 997 1233 1268 1344 
276 282 433 559 682 827 1218 1267 1427 
282 307 321 341 491 607 631 695 821 1022 1064 1068 1082 1089 
7 27 342 477 494 554 792 809 828 864 916 981 1272 1428 1433 
50 135 428 635 694 820 1096 1130 1258 1285 1385 
149 233 250 381 1212 1229 1240 
57 126 176 294 542 685 697 787 1025 1187 
152 231 563 736 808 885 930 994 1060 1138 1240 1250 1255 
290 344 536 842 862 882 953 1229 1290 1390 1413 
142 205 389 403 662 784 787 1026 1116 1188 1326 1437 
19 76 81 133 260 356 556 962 1093 1235 1255 1324 1418 1437 
253 464 759 1059 1137 1248 1289 1318 1440 
172 202 453 546 768 771 919 1071 1228 1361 
44 86 192 339 401 770 779 791 893 895 913 1124 1216 1353 
209 368 442 510 697 1020 1127 1136 
328 486 499 643 650 746 877 1041 1130 1383 1405 1429 
79 207 509 613 1096 1157 1391 
68 87 300 405 523 534 702 722 754 1033 1073 1090 1254 1304 
58 130 190 228 299 499 519 838 886 1033 1106 1331 
226 390 609 670 1127 1270 1304 
42 90 118 359 685 846 881 958 999 
216 310 449 555 875 889 983 1098 1299 
2 222 262 286 436 519 598 632 648 703 892 
214 371 572 613 660 720 872 971 976 1047 1134 1158 1304 1313 1356 1375 1418 1441 
75 408 420 446 631 709 765 981 989 1018 1021 1030 1096 1174 1298 1376 
36 166 179 193 467 519 539 596 614 767 1005 1112 1134 1186 
100 117 222 610 691 1241 
139 264 275 491 665 711 930 1080 1088 1135 1170 1175 1363 1365 
77 101 143 364 377 479 496 622 659 966 1103 1134 1201 1265 1375 1409 
215 219 369 639 1174 1381 
10 135 229 278 507 542 847 976 985 1007 1048 1053 1171 1187 
231 459 951 1148 1187 1221 1332 
88 189 407 443 631 850 1028 1137 
8 51 105 212 565 589 877 1007 1178 1234 1256 1283 1315 1320 
101 102 192 244 263 335 502 505 701 851 1113 1365 1388 
30 61 211 285 294 305 327 549 737 929 1031 1376 1404 
82 132 193 223 258 294 362 424 448 550 688 810 822 892 1036 1044 1158 1196 1254 1379 
20 29 40 50 51 193 455 554 606 719 780 781 821 831 1155 1420 
11 125 166 200 224 478 499 608 767 905 1146 1165 1347 1403 1432 
27 73 85 372 431 437 493 610 681 760 769 992 1044 1104 1257 1270 
198 314 326 505 706 934 954 1196 1322 
88 179 293 509 528 624 949 974 1049 1216 1352 1400 1437 
24 89 457 467 753 872 1019 1032 1036 1060 1132 1164 1168 1191 1373 
182 191 277 332 493 642 819 903 904 1032 1056 1201 
144 180 263 410 440 592 1029 1070 1266 
54 119 144 183 254 319 328 385 831 836 905 906 988 1022 1056 1386 1406 
57 329 615 693 755 959 1235 1311 
5 392 516 541 643 850 1171 1405 
56 247 353 383 527 815 986 992 1049 1341 1361 1424 
40 484 538 567 719 771 1156 1161 1305 1429 
19 153 159 247 477 643 649 739 833 897 933 980 1068 1153 
32 227 270 362 539 1007 1360 
140 365 396 533 616 777 1141 
85 318 419 433 584 626 829 1088 1353 1399 1437 
29 65 158 241 243 439 744 861 1033 1106 1175 1343 
254 260 345 506 671 785 858 1096 1157 1274 1357 1392 
94 133 268 435 475 484 513 761 933 944 1252 1412 
65 170 198 302 494 498 710 818 1001 1247 1430 
66 272 349 608 859 973 988 1248 1279 1361 
105 146 183 185 422 540 805 1062 1105 1281 1316 
44 168 177 204 1023 1077 1335 
51 115 153 155 238 248 370 512 653 898 990 1159 1329 1388 
180 314 418 516 617 863 922 995 1063 1128 1256 1360 1385 
312 504 574 733 756 946 954 1051 1224 1244 
61 485 614 709 904 908 984 1051 1077 1167 1249 
162 229 425 559 562 589 710 834 1383 
26 174 182 382 503 597 767 780 1003 1243 1318 1415 1422 
136 203 248 296 1075 1265 1318 
315 388 611 743 769 819 825 868 891 1282 1327 1436 
49 215 272 295 304 320 340 380 438 709 944 955 1004 1172 1242 1270 1399 
227 237 526 578 593 609 630 789 1343 1438 
156 220 309 471 671 800 967 1269 1287 1356 1424 
73 122 125 157 177 191 307 311 944 1101 1141 1245 
22 402 826 855 856 873 888 940 970 1145 1162 
21 134 596 720 836 849 850 928 931 958 1254 1285 1334 1406 1423 
60 161 249 365 625 628 1189 1237 1278 1314 1392 1395 1435 
535 731 911 1053 1193 1276 1372 1433 
68 149 244 464 538 740 747 887 
302 456 526 685 877 1029 1172 1316 
173 251 262 686 771 1098 1348 1378 
92 601 624 662 823 1164 1266 1364 
59 126 164 426 484 775 983 1001 1216 1346 
220 396 521 601 677 816 822 922 987 1090 1212 1285 1288 1309 
194 321 369 399 468 877 1091 1092 1100 1146 1171 1179 1183 1366 
56 236 374 573 707 1016 1035 1046 1146 1188 1362 
184 223 326 390 541 609 630 763 794 919 995 1082 1166 1308 1397 1435 
419 482 484 520 706 774 927 989 1197 1267 1278 1298 1378 
79 147 370 730 905 955 989 1039 1114 1173 1215 1364 1414 
147 494 644 867 905 984 1003 1052 1072 1190 
32 42 166 194 195 530 538 632 867 895 1005 1019 1076 1179 1445 
450 764 869 1069 1338 
79 446 463 464 680 726 851 958 983 
172 228 318 499 607 702 1054 1087 1304 
116 180 182 215 374 560 595 808 865 970 1112 1139 1159 1172 1206 1378 
70 335 417 437 455 484 556 616 638 758 1206 1210 1216 1235 1285 1293 1377 1409 
28 297 613 740 771 953 1261 1296 1370 1389 
135 186 298 327 406 531 578 593 1096 1308 1324 1425 
42 54 179 201 544 642 969 1053 1378 1412 1428 
152 592 653 720 1019 1077 1123 1195 1291 1322 
357 367 377 512 619 674 1170 
148 234 368 478 743 1087 1151 1250 1363 
39 71 199 228 229 448 455 587 783 841 962 968 1027 1032 1246 
1 262 502 576 742 970 
67 260 363 653 910 927 937 1416 
106 152 181 288 472 582 654 768 836 964 1096 1097 1424 
80 112 289 348 390 402 465 603 690 845 1184 1207 1208 1267 
107 182 211 593 603 769 930 960 982 1065 1066 1244 1259 1274 
45 210 694 783 957 968 1150 1218 1237 1344 1417 
320 335 350 373 450 530 837 1071 1399 
18 250 271 419 480 481 583 845 1077 1225 1345 
99 134 305 426 856 882 944 955 992 1068 1213 1309 1385 1436 
17 153 171 262 629 851 920 1103 
46 228 303 624 711 737 933 
166 333 394 660 856 1174 1303 1315 
12 65 68 144 195 265 326 430 485 503 805 838 1007 1208 1230 1303 
33 586 673 836 893 967 1017 1144 1346 1370 
264 318 342 633 878 884 888 961 1391 
214 532 603 664 673 982 1007 1271 
80 265 470 495 499 605 610 661 752 758 938 985 1001 1101 1378 
22 100 256 383 392 422 699 783 869 914 1094 1183 1291 
89 179 537 549 568 638 738 778 888 1120 1233 1310 1322 
180 233 255 466 624 711 726 1054 1136 1307 1332 1397 
92 261 513 796 852 873 918 1019 1104 1237 1322 1330 1358 1389 1396 1425 
141 517 642 685 823 868 874 884 1202 1237 1337 1424 
93 95 662 830 950 1237 1279 1353 
129 178 246 285 309 321 742 772 944 1163 1230 
58 116 147 238 324 347 523 640 738 1023 1124 1168 
148 262 301 350 354 376 431 1198 
125 137 195 276 318 382 384 583 642 1414 
21 69 118 485 494 531 701 840 881 891 1030 1195 1447 
66 388 417 572 579 589 920 951 1122 1213 1242 
319 525 544 608 656 697 896 1316 1340 
18 54 90 92 138 391 1257 1309 
233 278 307 453 490 511 526 594 637 657 743 784 829 1270 1295 1404 
35 175 182 228 289 349 831 845 846 916 917 951 1250 1325 
173 208 238 623 657 730 776 811 891 957 969 983 1007 1021 1189 1220 1423 1426 
23 123 239 508 687 820 825 861 1020 1201 1280 1296 
492 522 729 821 875 1146 1162 
25 378 660 673 713 960 1042 1053 1083 1170 
21 59 153 154 236 361 534 645 685 774 912 1221 1258 
134 165 306 442 475 477 677 1004 1016 1325 
102 621 1122 1233 1259 1380 
147 227 287 301 814 897 1011 1098 1191 1421 1438 
120 461 521 743 850 866 1034 1406 
113 128 530 781 819 850 1005 1103 1136 1171 1318 
65 90 102 478 528 544 760 833 1110 1135 1170 1342 
60 119 135 206 544 922 929 946 1072 1182 1399 
88 262 355 582 861 938 1068 1139 1188 1200 1296 
195 560 686 996 
24 75 196 309 452 652 974 1008 1423 
77 84 161 172 381 585 626 1182 1260 1267 1279 1410 
88 92 140 168 177 201 403 440 671 683 1144 1247 1298 1396 
102 155 248 349 448 780 988 1074 1192 1234 1327 
129 369 463 501 605 785 923 1025 1102 1239 1268 
319 384 538 764 939 1106 
298 366 501 560 922 932 935 
1 7 97 154 251 327 345 571 622 744 780 823 974 1173 1395 
301 320 417 585 791 1069 1089 1230 1270 
386 647 731 771 1053 1103 1199 1394 1405 1431 
4 143 401 639 837 843 956 981 1333 
41 161 241 432 441 660 731 865 944 1174 1192 1205 1208 
149 180 320 408 548 556 1120 1230 1249 
134 135 150 340 675 946 1061 1187 1270 1394 
174 203 418 615 617 638 773 1391 1393 1422 
29 66 93 292 473 816 858 1313 1379 1426 
164 563 1175 1213 1284 1368 
81 171 213 360 476 559 830 835 970 1038 1120 1267 1307 1382 
74 138 359 723 955 1319 1326 
77 86 89 154 332 400 608 623 635 699 765 883 994 1264 1282 1362 1391 
99 150 229 244 526 536 628 699 732 818 1014 1015 1108 1203 1382 1444 
52 296 520 742 986 991 1136 1239 
56 107 221 397 464 673 769 920 978 993 1019 1101 1253 1379 1432 
42 113 245 268 394 505 514 922 1064 1425 
32 96 348 663 715 852 912 934 943 1150 1169 1331 
17 63 70 143 172 292 564 648 659 665 865 977 981 1025 
71 148 155 207 293 488 800 855 917 966 1053 1233 1242 1258 1294 
105 137 140 222 276 346 404 472 752 821 882 1171 1287 1417 
47 184 254 280 596 605 647 728 969 1087 1198 1299 1348 
185 216 510 642 761 896 899 935 1000 1090 1251 1280 1296 1357 
37 232 705 775 955 1050 1054 1425 
25 71 89 123 301 658 818 834 
277 286 417 503 515 531 638 643 654 740 1012 1124 1162 1255 1292 1326 1372 1379 
447 503 585 631 635 918 1074 1251 1260 1405 
128 320 557 840 1073 1088 1113 1271 
29 221 292 455 502 863 986 1086 1162 1398 1440 
75 331 793 806 822 915 1030 
410 841 881 994 1070 1114 1123 1317 1332 
5 85 262 405 457 623 729 776 793 1050 1096 1378 1391 
180 198 343 386 460 647 1160 1232 1444 
44 259 321 479 694 1181 1204 
100 133 137 188 241 312 478 642 884 1157 1439 
41 103 321 347 633 687 727 865 959 1106 1209 1374 
109 238 493 579 750 798 811 884 1046 1047 1161 1310 1348 1440 
122 153 172 351 381 396 411 487 488 576 913 1067 1258 1388 
141 166 422 433 518 653 945 979 1034 1110 1140 1295 1432 
163 261 323 648 875 929 1123 1445 
30 95 202 538 608 719 743 900 908 974 1287 1349 
77 87 172 212 278 298 401 426 905 972 1176 1300 1313 
82 84 117 325 723 812 847 1011 1165 1209 1225 1263 1307 1370 1380 
4 240 312 620 645 778 822 915 1064 1225 1265 1437 
63 168 423 483 534 577 1085 
119 306 365 682 1203 
516 593 707 717 832 881 1011 1101 1114 1153 1248 1290 1331 
185 245 275 386 463 471 533 922 1105 
17 144 176 181 364 661 920 1220 1287 1391 
6 429 587 681 808 923 965 981 1020 1189 1254 1337 
55 192 276 723 934 1174 
361 596 841 881 1090 1091 1144 1184 1210 1342 
206 352 390 497 528 619 1059 1298 1351 
16 20 188 266 298 416 443 451 578 731 846 1230 1354 1394 
189 202 344 494 522 568 586 650 680 745 855 911 959 1002 1067 1354 1440 
105 192 369 815 1065 1091 1153 1224 1237 
210 380 449 563 1192 1429 1444 
289 429 442 721 881 958 1018 1158 1218 1285 1320 1372 1418 
121 225 588 648 662 672 722 864 883 1019 1028 1179 1260 1263 
217 354 612 782 813 843 963 1035 1041 1218 1402 
3 46 55 121 428 446 463 759 1037 1346 
108 237 379 429 436 515 648 831 918 1360 1403 
7 17 82 386 432 435 526 831 992 1089 
21 184 436 449 494 587 650 717 725 778 1011 1287 1303 1394 
17 116 504 516 628 942 1029 1055 1070 1103 1108 1323 1442 
38 564 822 823 883 
76 186 528 539 569 654 787 976 1055 1064 1345 
118 121 402 422 485 940 1174 1240 1322 
39 135 287 323 350 374 555 637 765 1092 1326 1350 1447 
112 255 356 489 491 647 689 854 931 948 963 1076 1105 1173 1237 1287 1390 
179 246 279 302 582 653 692 744 877 985 1250 1253 1403 
91 217 454 522 590 691 734 781 787 789 817 1004 1039 1131 1169 1336 1383 
43 65 902 920 969 1088 1183 1222 1295 1310 1446 
27 101 120 145 252 312 387 416 591 1041 1318 1332 1388 
393 456 777 892 921 1153 
30 229 535 537 595 784 861 1019 1027 1064 1395 1413 
156 258 462 486 661 1157 1264 1302 1346 
117 274 303 390 432 452 533 595 612 617 702 785 807 872 1264 1280 1381 
191 565 578 647 691 802 1134 1420 
24 197 409 634 692 751 756 777 911 1047 1105 1130 1210 1219 
11 66 193 398 406 410 525 554 627 681 784 839 871 875 1020 1045 1236 1371 
307 568 613 615 852 872 873 1028 1212 1270 1390 
24 232 320 464 760 841 1057 1368 
55 353 411 426 445 497 538 686 760 769 790 791 807 890 1363 
86 99 117 194 246 387 584 811 960 990 1213 1238 
49 609 639 798 904 951 1001 1110 1332 1373 1399 
120 171 249 411 479 990 1167 1210 
55 215 410 412 778 798 837 839 1058 1061 1182 1383 
232 287 451 542 607 683 813 878 1009 1076 1377 
87 99 172 175 262 448 523 527 596 1064 1105 1155 1253 1418 
18 168 247 571 673 845 987 1154 
4 48 72 77 237 344 538 547 565 637 653 735 901 913 917 943 1105 1166 
32 87 126 353 485 757 969 1159 1283 1351 1352 
167 207 333 406 561 1098 1173 1372 1378 
131 134 225 402 500 749 922 1149 1286 1309 1420 
117 484 666 817 820 1105 1338 1372 
172 432 573 714 1120 1178 1268 
172 217 284 409 671 896 1014 1019 1219 
375 603 674 677 688 692 825 855 1275 
26 159 229 294 345 438 474 987 1045 1132 1211 
214 405 412 737 860 997 1030 1044 1070 1278 1432 
1 72 283 301 718 846 1023 1112 1118 
22 29 402 437 506 771 846 862 1115 1288 1346 1410 
36 342 426 460 671 732 1047 1065 1146 1215 1252 1311 1400 1411 
29 151 205 326 478 525 541 609 637 916 972 
420 509 810 892 1082 1095 1110 1404 1411 
155 230 287 294 377 513 663 687 998 1005 1154 1170 1340 
46 66 89 157 271 423 488 560 767 805 985 1174 1296 1336 1352 1400 
123 167 235 380 653 718 731 748 914 1156 1239 1249 1251 1302 
542 560 674 695 1059 1115 1152 1159 1206 1272 
162 168 224 476 649 663 680 824 951 960 1030 1242 1266 1272 1379 1391 1406 1428 
381 452 504 595 666 1101 1159 1218 1227 1233 
162 177 336 502 503 607 861 971 1145 1195 
425 511 680 787 1189 1193 1237 1254 1343 
62 105 284 346 396 409 494 574 722 803 837 843 850 973 977 1281 
99 204 270 284 364 431 563 578 784 831 1044 1123 1127 
298 534 643 705 762 843 1045 1236 
314 605 715 1085 
218 235 599 608 621 662 673 688 827 842 870 1002 1062 1087 1187 1296 
87 154 180 276 471 508 646 769 823 959 1083 1371 
105 526 933 1072 
39 87 92 147 311 653 878 882 1265 
30 116 264 396 468 771 931 1005 1145 1195 1395 
17 29 40 169 177 180 297 369 903 1177 1187 1215 1259 
13 155 357 492 865 997 1016 1146 1358 
74 134 179 448 613 809 857 1099 1266 
249 333 673 675 681 794 815 870 1110 1174 1363 
59 359 459 665 697 743 786 1159 1318 
20 196 243 333 565 679 680 715 917 987 1011 1293 1392 1447 
107 118 231 293 338 383 453 719 737 740 766 774 1026 1030 1225 1329 
92 168 221 382 435 652 760 1092 1279 1299 1321 1390 
74 81 302 644 760 778 845 987 1003 1046 1230 1410 1435 
127 148 187 302 525 589 703 1128 1354 
132 279 520 603 646 949 1138 1333 1389 
60 78 127 393 528 553 555 610 673 1066 1170 1433 
28 88 242 249 274 279 287 444 501 603 672 692 849 1112 1162 1181 
8 134 177 257 307 322 416 441 684 732 883 973 1081 1221 1383 
208 425 505 882 899 1181 1353 
386 630 692 751 1042 1079 1125 1224 1289 1360 
52 368 386 456 637 1021 1048 1125 1279 
28 67 93 148 162 418 492 552 728 745 768 829 1076 1278 
154 326 587 648 714 729 781 1265 
136 158 195 220 418 505 511 601 750 844 930 1060 1141 1222 1294 1336 
54 178 330 473 489 560 590 704 763 827 884 894 1099 1129 1249 1361 
232 236 385 680 716 722 824 864 876 962 995 1168 1334 
63 77 155 196 250 281 322 403 412 463 765 890 963 968 1320 
182 311 528 539 624 820 827 854 875 934 1091 
23 221 648 767 953 1065 1273 1342 1374 1425 
52 401 432 731 1173 1193 1279 1330 
137 250 507 594 698 880 1027 1154 
208 211 231 285 311 636 649 707 898 902 913 914 923 944 1104 1229 1357 1375 1392 1434 
93 443 542 622 897 953 1021 1032 1105 1126 1152 1170 
346 348 484 679 1016 1211 1395 
6 39 67 227 295 377 461 614 620 760 
9 259 307 374 375 461 559 609 779 861 871 950 1000 1015 1189 1238 1386 
95 256 413 460 543 596 705 919 1158 1326 1339 1346 1417 
24 85 102 227 233 365 486 491 566 606 1028 1048 1101 
42 248 451 671 827 846 1032 1046 1050 1076 1142 1374 1390 
223 498 857 899 988 1023 1032 
98 190 329 468 955 1085 1359 
47 188 209 234 454 1252 1276 
10 54 163 207 371 548 589 626 1053 1377 
155 326 462 491 513 589 655 843 930 996 1110 1178 1378 1440 
51 157 254 292 533 620 667 911 964 1098 1324 
54 249 315 455 511 600 700 937 982 1160 1436 
31 40 142 365 851 1121 1171 
13 374 410 742 1061 1227 1247 
188 240 255 395 413 568 583 593 624 979 1018 1026 1246 1257 1362 1433 
45 165 316 584 774 914 927 939 961 1152 1250 1323 
193 387 605 793 944 1129 1393 
42 157 178 211 215 218 819 980 1000 1318 1423 
34 145 279 363 482 540 586 617 863 908 946 1298 1313 1388 1425 1447 
275 336 646 649 693 782 1086 1123 1265 1316 1383 
143 330 403 420 1312 1352 1356 
17 53 210 319 438 626 792 1003 1174 1187 1239 1344 1377 1397 
15 590 602 736 880 937 972 1109 1179 1273 1425 
96 176 324 429 453 481 720 732 814 975 986 1007 1011 1240 
167 263 271 326 362 411 469 579 585 1076 1106 1203 1208 1398 
17 117 129 190 241 438 651 841 968 1059 1066 1401 1425 
55 234 338 401 415 483 495 825 858 956 1001 1200 1269 1352 1356 1381 
97 139 543 648 872 945 1120 1244 1263 
50 282 301 337 652 868 949 985 1025 1100 1159 1258 1385 
42 73 91 289 322 374 557 708 740 790 840 911 913 918 964 1003 1360 
310 690 885 1037 1371 
180 245 396 426 512 561 633 705 767 876 1044 1097 1108 1119 1145 1157 1230 1316 1428 
24 71 129 210 332 393 465 568 703 711 1095 1175 1223 1226 1257 1442 
269 424 549 561 577 615 815 1197 1275 
1 2 6 101 151 201 362 566 672 815 816 1033 1097 1433 
116 313 424 832 915 927 934 999 1330 
10 169 242 270 282 347 389 432 440 560 722 
39 46 163 218 244 415 495 793 903 964 1116 1139 1204 1355 1426 
45 252 520 702 1156 1244 1344 1408 1429 
240 278 453 651 749 869 904 1211 1297 
51 64 91 124 199 223 437 458 500 608 735 738 952 1292 1408 
89 129 159 504 529 715 973 1192 1332 
290 324 338 339 632 766 879 1182 1368 1387 1417 1419 
72 578 913 1126 1261 1443 
149 205 564 616 842 858 1028 1029 1093 1299 1424 
440 734 1222 
354 510 744 769 852 1143 
64 158 228 313 535 624 764 767 863 940 1039 1049 1119 1292 1387 
229 768 801 819 888 1207 1346 
48 97 156 574 612 615 656 796 851 934 936 1099 1125 1161 1365 
25 40 148 489 756 912 1028 1057 1210 1235 1394 
120 483 621 735 927 1123 1180 1271 1313 1322 1388 1427 
18 196 230 429 653 675 758 806 835 1099 1138 1178 1180 
33 110 150 214 417 483 837 948 969 1094 1167 1338 1359 
2 134 203 287 354 628 780 839 853 865 944 1023 1039 1216 1346 1371 1389 
120 376 531 995 1147 
88 613 701 782 791 817 858 1316 1355 
35 136 194 258 359 503 644 992 1238 1357 1374 1398 
140 286 341 348 456 458 492 538 576 936 1008 1027 1399 
182 442 533 535 780 789 832 975 
176 258 702 924 1174 1231 1364 1369 
174 200 358 405 464 628 706 900 1270 
367 414 546 853 935 990 1071 1307 1439 
125 226 427 440 477 596 624 646 694 794 1162 
123 505 536 625 666 726 822 924 1059 1152 1398 
9 242 676 743 925 1315 1339 1417 1443 
2 19 93 128 167 313 403 430 516 534 581 595 620 755 823 863 1066 1103 
45 415 762 907 1195 1221 1284 
63 618 818 819 1040 1179 
6 116 349 439 843 863 923 925 1018 1031 1091 1436 1442 
216 323 583 641 759 824 903 1081 1167 1313 
179 277 445 643 728 1066 1124 1135 1174 1224 1234 1323 
37 126 127 256 463 551 589 662 783 810 823 902 1061 1086 1204 1384 
32 606 780 788 837 910 1141 1144 1148 1218 1262 1301 1316 
295 386 560 708 721 1161 1162 
47 109 141 153 393 535 620 895 1143 1360 
53 78 139 185 263 289 402 427 464 545 597 638 729 1290 1328 1364 
148 323 385 526 794 877 1256 
20 139 906 988 1017 1307 1381 1420 
160 568 637 753 794 803 884 1102 1191 1404 
100 297 340 419 750 952 1130 1326 1417 
56 302 321 516 572 734 
136 246 433 517 694 715 800 1155 1228 1379 1387 
27 343 350 375 526 893 898 1021 1200 1227 1305 
58 308 403 520 603 608 709 764 773 891 897 1002 1124 1218 1348 
60 152 294 398 412 490 616 657 711 828 1115 1225 1265 1329 1414 1446 
126 153 407 656 803 1105 1297 1374 
190 226 258 323 481 510 511 574 685 732 762 1153 1333 1346 
179 420 492 524 639 954 993 1033 1134 1253 
23 422 752 1112 
126 131 191 237 291 887 962 964 1291 
263 289 299 395 516 661 1089 1211 1382 
7 22 326 498 785 867 932 1035 1109 1274 1430 
157 193 286 424 426 460 568 640 709 743 960 1205 1212 1274 1353 
218 267 370 400 438 504 565 600 755 804 865 1043 1221 1340 1353 1391 
259 578 894 901 1002 1057 1119 1273 1281 1431 1432 
125 215 1190 1238 1259 
467 696 697 969 1132 
13 63 513 596 772 810 1005 1030 1069 1075 1096 1203 1216 1224 1373 1383 1391 
190 273 275 491 882 1000 1265 
45 113 524 688 692 728 970 987 1007 1102 1119 1303 
298 299 310 447 482 484 586 680 872 1366 1373 1397 
123 622 673 724 780 966 1188 1317 
134 154 167 180 311 346 370 466 518 652 706 1025 1070 1136 1249 
116 230 505 575 695 712 826 1062 1069 1100 1194 1249 1274 1416 
108 118 195 285 437 461 731 845 861 871 1077 1200 1295 
3 49 231 251 324 361 389 467 542 586 684 748 814 897 1341 1368 1394 1423 
113 212 263 278 434 453 503 610 897 
123 219 232 311 483 609 682 714 731 736 789 794 1244 1266 1426 
2 121 261 663 723 984 1023 1062 1075 
93 121 408 426 551 706 988 
129 134 209 216 288 430 474 558 654 849 1114 1141 1378 
61 218 257 502 682 1024 1269 1337 1365 1396 1416 
65 90 134 239 356 430 535 551 631 821 871 1217 1234 1317 1335 1422 
34 65 128 245 287 546 587 618 709 766 953 1010 1128 1371 1446 
11 137 255 356 426 520 630 1002 1014 1097 1301 1308 1417 
51 62 570 616 664 874 913 1003 1031 1188 1335 1400 
292 401 666 748 805 999 
147 182 392 502 512 568 577 703 911 1040 1222 
334 467 553 1035 1197 1231 1255 1271 1295 
130 221 349 500 604 663 718 751 796 1040 1081 1143 
189 328 361 380 737 827 1128 1177 1251 1311 1376 1444 
26 110 159 176 234 273 305 314 495 516 549 565 698 782 1081 1198 1221 1321 1386 1419 
49 173 189 268 566 667 856 865 883 903 1048 1372 1443 
47 246 343 510 523 653 791 939 1009 1145 1150 1186 1258 1278 1309 1395 
38 61 95 98 172 190 429 673 760 825 876 1134 1296 1305 1317 1391 1397 
60 268 362 413 556 563 631 690 950 1032 1215 1233 
304 857 1144 1288 
263 278 487 617 703 710 834 901 907 969 1040 1215 1229 1298 1335 
105 121 195 217 225 375 615 628 701 819 943 1276 1306 
215 282 544 647 785 916 1116 1139 1195 1286 1353 
309 384 533 704 727 942 1158 1187 1198 1402 
115 138 428 670 680 741 948 1079 1412 
155 197 361 375 648 732 872 928 1142 1306 1312 
499 666 999 1101 1163 
326 417 440 453 488 581 704 734 812 833 1306 1441 
7 287 313 356 374 578 639 706 803 875 1086 1318 1326 1345 1396 1432 
111 222 352 434 590 638 683 730 752 925 1207 1303 1308 1331 
319 595 647 707 1061 1199 
70 168 572 877 889 1040 1139 1153 1436 
111 236 290 316 321 371 383 741 854 888 993 1035 1067 1169 1289 1358 
72 208 240 243 374 465 573 653 836 1077 1252 1286 1349 
281 480 559 843 860 926 1186 1305 1349 1355 
332 392 675 1055 1239 1297 1435 
15 83 159 468 482 521 565 823 862 1037 1100 1176 1341 1369 1396 
41 351 370 381 418 427 632 640 794 818 1014 1116 1157 1159 1337 1440 
13 38 215 367 388 407 410 490 496 529 635 734 836 858 894 974 1058 1169 1183 1207 1354 1371 1387 
243 459 499 521 771 989 1133 1314 1388 
208 403 412 737 744 822 856 883 1064 1100 1316 1406 
527 541 683 940 1064 1074 1139 1280 1416 
157 342 479 530 605 724 756 765 897 954 994 1069 1152 1354 1395 
8 91 96 254 291 296 387 419 440 457 470 554 626 643 710 864 877 935 939 1059 1172 1258 1282 1299 1369 1438 
76 297 374 415 613 1020 1216 1312 
511 732 854 1016 1165 1183 
104 324 551 588 742 883 886 910 1312 1317 1415 
326 328 587 703 960 1077 1140 1384 1424 
27 120 192 373 843 874 1019 1028 1125 1364 1432 1441 
48 221 367 722 905 1049 1140 1142 1167 1215 1261 1311 1412 1428 
2 64 152 216 306 331 353 785 910 1340 1349 
311 397 425 593 797 877 997 1235 1244 1304 1305 
101 112 169 202 273 317 407 467 574 803 946 981 994 1104 1141 1342 1364 
4 156 165 366 455 459 611 622 1164 1181 
101 310 618 721 829 981 984 991 1038 1137 
50 92 220 367 476 677 796 872 921 1014 1172 1268 1305 1308 1423 
32 177 444 460 566 619 636 803 931 996 1030 1055 1352 1366 
109 110 186 512 625 897 898 974 1085 1171 1257 1277 1284 1297 1344 1400 
20 85 750 794 809 811 839 1024 1358 1411 
114 148 172 799 945 1393 1407 
20 47 64 212 634 719 1029 1258 1320 1323 1431 
131 248 264 344 446 452 506 723 936 989 1052 1285 
94 155 407 484 536 717 799 801 847 994 
105 308 310 331 364 439 467 475 483 604 627 789 1171 1252 
82 292 447 458 702 709 913 925 
7 355 475 554 645 833 858 955 969 1044 1173 1377 
84 182 186 567 757 766 968 1063 1073 1140 1163 
275 333 447 665 943 947 972 980 1057 1241 1363 1404 
860 880 905 963 1136 1197 
477 501 731 759 863 930 999 1400 1415 1427 1433 
284 403 459 462 477 493 603 634 923 988 1087 1206 
47 108 232 398 429 475 690 701 765 794 811 918 1151 1155 1339 1343 
194 394 610 614 777 827 829 1090 1107 1164 1278 1306 
49 159 185 344 437 639 651 746 948 1145 1176 1187 1202 1260 
78 143 485 608 912 914 937 1233 1266 1435 
199 213 271 316 332 589 812 864 923 1069 1224 1389 
187 272 341 432 848 882 1286 1369 1436 
131 135 329 384 455 
85 166 188 229 447 467 602 927 946 1287 1376 
122 418 734 841 860 929 982 1373 
298 532 628 681 820 1022 1056 1237 1282 1318 1335 1346 
3 219 420 427 706 712 750 1072 1093 1288 1303 1392 1419 
110 419 428 447 484 487 602 1048 1073 1157 
30 75 182 239 521 1307 1325 1441 
197 300 382 565 584 703 779 846 1203 1312 1334 1446 
108 140 163 195 458 606 818 917 1341 1346 
16 39 599 714 832 1089 1146 1163 1197 1217 1281 1294 
86 113 136 156 199 207 324 476 599 707 774 1345 1355 1356 1435 
54 498 624 711 751 830 870 910 918 998 1087 1243 
49 312 361 362 763 829 871 978 1123 1441 
85 144 513 705 764 794 856 1047 1096 1141 1322 1326 
174 227 322 558 631 681 704 734 853 1002 1089 1099 1420 
210 285 426 540 562 674 1105 1199 1234 1408 
215 481 534 620 630 657 694 1046 1085 1095 1425 
7 126 492 633 637 701 762 1057 1174 1383 
372 465 504 533 700 909 954 1034 1081 1093 1177 
118 182 233 279 563 605 612 638 691 722 910 971 1055 1153 1314 1415 1442 
82 277 395 499 640 697 832 1013 1305 
531 576 900 1159 1179 
26 39 169 217 257 262 586 595 616 674 896 951 1090 1251 1302 1326 1414 
181 250 258 630 653 872 985 1035 1148 1259 1269 1288 
13 220 305 314 534 587 698 1238 1254 1287 1337 1357 1395 1437 
137 177 606 691 1028 1082 1118 1237 1292 1419 1425 1427 
121 177 331 831 1111 1123 1254 
157 445 490 610 696 874 1020 1042 1219 1364 
122 366 466 477 543 584 946 1084 1106 1170 1191 1329 1365 
493 1175 1185 1369 1442 
49 130 156 181 395 412 672 750 869 1103 1207 1289 1437 
159 450 457 622 993 1184 1373 
150 230 242 389 478 670 765 957 1018 1127 1139 1146 1165 
216 267 291 525 1027 1417 
169 406 576 664 864 1140 1212 
98 163 210 407 463 493 538 659 706 760 1110 1136 1145 
144 360 391 399 611 671 1020 1101 1184 1219 1328 
604 652 1023 1073 
412 759 844 1086 
36 122 284 314 566 757 764 769 781 852 861 943 1133 1318 1421 1428 
16 384 633 800 1123 1281 1345 
58 370 489 573 602 869 1080 
35 66 91 121 125 131 330 380 490 578 1032 1224 1233 
49 155 280 328 639 904 916 957 958 973 1150 1267 1352 
73 269 351 353 402 457 497 607 610 679 753 772 808 1015 1162 1428 
126 183 362 452 485 525 589 635 655 763 801 824 939 1203 1299 1383 
15 29 93 256 812 953 1034 1084 1087 1218 1354 1382 1396 
420 547 583 637 648 689 701 821 912 1073 1287 1422 1437 1443 
440 542 553 804 971 991 1026 1085 1112 1206 1341 1392 
184 200 524 610 1035 1073 1338 1435 
30 158 162 228 305 449 478 623 650 904 918 1000 1395 
313 319 542 832 997 1004 1055 1066 1100 1111 1128 1345 1356 
243 755 760 859 925 1015 1120 1281 1420 
23 49 65 70 100 270 288 374 478 531 785 962 1184 
108 129 191 634 642 750 804 857 982 1057 1070 1154 1195 1199 1341 
91 295 318 363 515 656 763 1037 1130 1153 1219 1353 1407 
261 293 326 336 389 476 567 595 744 776 905 925 1044 1111 1200 
14 144 148 247 349 419 548 650 743 746 794 863 1040 1325 
137 403 489 870 1010 1164 1398 
107 208 683 744 864 1033 1050 1102 1109 1239 
72 117 184 270 950 1117 1411 1428 
44 112 193 457 608 619 1008 1115 1200 1306 
443 541 779 1066 1285 1343 
94 385 491 582 668 691 717 741 908 1118 1142 1205 1208 
69 428 487 622 698 907 1113 1257 1317 
69 138 311 369 591 639 921 1066 1140 1167 1380 
12 155 235 581 731 765 859 888 1192 1376 
33 54 91 210 927 982 1078 1268 
128 140 176 192 239 568 596 739 769 872 893 1060 1149 
30 256 428 552 652 821 917 1008 1217 1307 1321 
86 441 676 726 767 993 1013 1035 1222 1320 
287 311 554 846 942 1065 1076 1153 1407 
204 409 572 679 725 808 1078 1097 1172 1178 1188 1338 1374 
148 232 338 431 432 479 480 502 627 722 739 1038 1107 1394 
1 249 371 789 863 1200 1362 
465 569 589 704 856 966 1035 1036 1070 1084 1323 
278 492 699 732 742 850 871 1189 1196 1272 1377 
137 283 347 549 586 700 726 813 844 895 987 1001 1290 
179 217 361 417 494 652 681 719 753 983 1066 1331 1440 
134 478 544 616 676 949 1351 
38 89 111 127 218 231 259 456 496 533 549 757 892 1010 1132 1177 1276 1442 
205 297 489 550 793 1033 1162 1270 
59 69 93 128 142 147 232 261 299 364 432 468 548 726 755 1144 1145 1157 1371 1393 1406 
206 938 1088 1116 1398 
53 205 242 272 288 351 451 471 649 994 1069 1070 1094 1138 1324 1374 
23 113 318 600 731 884 1324 
356 586 1118 1133 1414 
127 279 332 478 517 697 1050 1056 1088 1189 1227 
274 372 830 1218 
165 180 328 380 743 1396 
128 175 245 423 428 682 903 972 984 1014 1114 1222 1317 1395 
51 59 313 392 412 436 480 954 1078 1120 1351 
111 185 206 503 694 749 1008 1119 1200 1279 
12 152 230 259 345 349 556 561 575 604 830 918 951 1043 1094 1177 1197 1254 1287 
13 63 230 337 420 490 726 1191 1214 
96 408 521 558 624 1253 1346 1355 
294 300 312 574 787 1046 1181 1283 1286 1297 1357 1438 
171 202 326 424 429 464 797 835 1295 1304 
248 346 426 594 632 660 740 926 1076 1242 1317 1422 
41 149 476 895 1223 1265 1297 
199 202 415 420 462 783 979 1307 
36 135 178 575 842 1054 1175 1199 
36 89 117 263 420 561 610 673 761 1160 1318 1380 
432 531 797 807 856 1114 
206 350 432 558 626 920 979 1106 1114 1210 1303 1308 
158 196 523 835 844 907 913 988 1050 1066 1207 1214 1370 
137 140 192 378 380 518 539 768 992 1061 1105 1202 1208 1343 1430 
278 475 565 579 581 610 647 668 681 700 744 802 951 1072 
53 932 1006 1093 1115 1273 1373 
16 40 61 315 551 622 665 825 1057 1077 1306 1326 
14 59 122 184 661 784 790 878 913 971 1065 1068 1132 1230 1253 
3 114 120 137 385 434 436 808 859 892 1151 1157 1372 
16 56 669 672 968 971 1012 1022 1085 1178 1256 1290 1399 
264 368 584 727 1046 1117 1123 1242 
1 180 550 672 732 875 932 1020 1168 
82 110 184 427 794 816 1035 1098 1195 1289 
463 581 588 638 662 666 1213 1371 
87 596 735 741 919 1023 1040 1051 1093 1094 1253 1254 1411 
252 307 456 619 827 845 892 916 1118 1268 1436 
6 154 378 554 904 917 1082 1094 1196 1254 1336 1365 
426 432 790 943 997 1068 1223 
200 286 398 731 759 798 912 1037 1071 1255 
196 474 668 1069 1137 1288 
61 91 229 454 574 600 927 955 1150 1342 
70 328 385 433 668 681 937 1189 1376 
14 183 391 637 685 733 820 1012 1085 1311 1341 1380 1437 
408 437 764 821 897 922 1030 1066 1132 1159 
152 335 525 608 947 1057 1309 
8 145 241 404 475 535 536 882 977 1099 1149 1155 1190 1192 1200 1211 1283 1400 1425 
43 86 153 168 275 357 536 802 886 1317 1371 1447 
420 444 558 856 937 958 1088 1209 1321 
250 362 373 570 647 695 875 952 1190 1218 1273 1368 1428 
21 124 173 236 261 337 519 550 570 631 1193 1379 1433 
158 197 329 444 495 690 812 931 951 971 997 1259 
1 41 195 230 330 369 615 734 756 813 899 1138 1204 1262 
229 275 378 392 414 566 650 889 901 944 1089 1197 1332 
273 316 349 414 468 568 574 646 1004 1107 1354 
459 493 572 732 888 944 1232 1236 
261 329 447 528 627 796 917 936 1091 1095 1110 1180 1184 
266 606 978 1328 1366 1397 
194 467 492 495 506 623 682 805 841 872 881 966 980 1005 1017 1116 1216 1369 1424 1445 
100 164 172 196 587 862 1219 1272 1306 1365 1396 1399 
180 246 326 489 664 682 699 864 933 987 1152 1167 1391 
97 133 317 359 698 775 780 1108 1177 1413 
77 84 230 238 327 410 411 464 713 836 935 1083 1107 1287 1312 1357 1373 
37 86 91 395 537 561 696 707 738 858 971 997 1022 1027 1043 1244 1331 
7 92 177 243 338 637 675 896 916 1209 1231 1287 
142 258 373 630 837 934 1051 1082 1107 1169 1397 
49 65 143 359 554 784 792 851 890 933 1051 1106 1159 1190 
1 238 267 297 308 643 648 831 1231 1339 
29 301 352 436 463 555 575 834 911 959 1084 1098 1318 
117 122 211 307 997 1311 1447 
117 176 429 436 556 668 844 1348 1350 1357 
322 376 531 1099 1188 1383 
75 294 379 400 431 527 689 827 905 1023 1039 1116 1443 
201 467 546 788 1125 1147 1375 1381 1422 
141 144 352 408 463 465 511 571 644 658 1128 1348 1399 1418 
46 75 103 180 491 725 764 792 839 1180 
298 302 327 439 480 607 805 864 877 978 1086 1202 
85 130 213 327 402 450 451 506 694 758 907 911 1001 1007 1160 1232 
223 391 672 983 1024 1097 1107 1265 1443 
159 686 893 1213 1349 1416 
116 267 484 613 967 1072 1096 1114 1235 1438 
104 144 225 240 267 336 337 463 763 969 996 1151 1192 1226 1321 1322 1441 
62 101 112 227 284 304 514 551 835 871 918 1050 1287 
19 52 172 315 366 430 548 726 927 1015 1162 1170 1266 1391 
60 168 556 564 701 969 1166 1178 1201 1255 1404 
40 418 495 642 655 1094 1136 1216 1265 
266 368 403 447 861 883 928 1069 1281 
96 266 303 306 625 650 700 762 790 817 988 1010 1019 1363 
38 474 507 629 741 1169 1296 1310 1396 
248 357 528 546 558 648 675 832 973 1095 1195 1304 1359 1406 
62 251 739 753 798 909 1074 1140 1189 1194 1355 1367 
1 144 449 644 678 689 938 1156 1192 1307 1310 1341 
247 329 340 424 461 503 607 726 855 919 968 986 1242 1284 1294 
52 94 201 451 646 828 931 972 1414 
49 255 377 520 549 568 571 679 744 761 1090 1239 1319 1326 
10 39 196 407 493 653 685 721 746 829 845 948 1291 1299 1346 
66 106 286 353 367 384 473 556 596 625 933 997 1351 
140 336 878 919 1084 1181 1195 1225 1307 1313 
70 191 281 282 594 1273 1356 1371 
185 261 316 530 957 1049 1208 1371 
283 312 541 717 728 986 1008 1018 1049 1300 1405 
91 467 475 698 745 921 1087 1271 1312 
148 429 503 607 615 699 763 851 1116 1159 1246 1368 
72 137 216 235 426 430 529 603 635 665 710 755 827 1144 1234 1266 1313 1339 1355 1418 1432 
152 266 315 430 874 880 981 1059 1188 1272 1377 1407 1409 
108 148 316 618 658 714 873 1049 1053 1256 
55 175 214 330 388 429 495 638 801 818 961 1043 1072 1292 1344 
8 186 493 533 627 1020 1105 1185 1235 1413 
190 208 226 271 276 419 579 641 653 661 845 886 1004 1136 1277 1279 1441 
132 182 309 437 470 797 866 1097 1396 
17 118 544 919 946 1045 1050 1078 1091 1264 1304 
498 524 678 873 1066 1224 1264 
213 322 379 395 400 406 827 983 
175 201 303 369 470 486 601 686 815 996 1095 1238 1261 1331 
110 361 407 414 485 625 650 656 855 1117 1263 1336 
12 125 309 316 383 385 492 581 772 915 1036 1051 1108 1228 1255 1275 1414 
91 100 144 187 190 200 532 1033 1090 1134 1169 1317 
38 211 656 816 877 1008 1064 1157 1350 
3 63 270 592 1323 1346 1369 
148 266 309 313 550 642 753 824 940 1011 1078 1365 1397 
62 190 214 641 822 961 968 1114 1304 1359 
39 191 432 494 835 897 950 1092 1259 1320 
85 108 261 322 328 586 969 976 1116 1400 
215 229 423 454 767 798 805 988 1243 1370 1420 
22 60 146 206 308 585 755 848 958 977 1018 1212 
95 128 191 492 597 648 905 1061 1421 
93 178 206 282 577 764 786 912 1021 1079 1321 1384 
42 181 324 371 446 709 833 1040 1345 1404 1437 
64 132 243 335 500 586 608 609 652 667 813 890 1114 1251 1279 1288 1349 
89 105 163 254 499 585 667 905 963 1005 1017 1047 1054 1139 1203 1387 
34 371 486 507 821 1171 1175 1241 1297 1312 
131 389 563 708 1094 1133 1231 1322 1360 
107 145 184 440 597 630 822 1138 1151 1188 1264 1300 1369 
72 191 421 499 574 965 1068 1233 
39 236 472 539 572 625 777 1000 1047 1074 1183 1367 
236 257 434 541 730 737 806 1079 1172 1203 1301 1317 1327 1390 
35 231 238 280 281 390 659 678 743 841 894 898 945 977 1141 1151 1286 1299 1413 
238 580 1093 1206 1311 1328 1353 1372 1444 1445 
84 569 630 751 792 846 938 
151 257 389 520 750 1061 1066 1180 1191 1391 1410 1432 
47 90 705 859 1098 1343 1439 
39 75 296 575 656 660 698 706 1048 1118 1188 1241 1332 
39 55 269 403 428 512 531 620 837 846 1019 1104 1296 1307 1333 1344 1352 1393 
51 332 366 552 684 734 808 895 928 1025 1100 1353 
206 386 440 499 531 545 618 674 792 797 1005 1125 1126 1281 1361 
59 108 154 185 312 457 499 517 684 1012 1255 1357 
55 119 164 181 378 392 537 884 973 1023 1072 1222 
25 196 327 453 632 730 805 833 1017 1215 
116 145 327 368 440 477 695 756 806 825 985 1199 1260 1400 
315 375 410 531 681 698 737 780 851 1109 1135 1158 1210 
205 278 504 804 861 866 879 1075 1130 1316 1331 1354 
59 304 323 364 397 421 791 1075 1165 1303 1427 
72 187 423 665 752 870 992 1128 1180 1214 1322 1435 
84 99 255 275 339 348 365 396 443 813 1391 1423 
17 163 346 398 499 571 680 685 947 1364 1442 
562 566 1269 
49 52 173 567 571 639 674 739 743 937 943 987 1075 1084 1180 1302 
43 109 644 785 955 991 1262 1331 1438 
5 70 279 296 517 537 553 688 754 810 852 928 1090 1148 1221 1418 
57 122 153 267 635 855 912 927 957 1054 1092 1137 
164 228 339 388 689 1006 1125 1163 1282 
10 19 87 200 220 299 491 511 679 941 1037 1263 
59 85 267 418 471 666 820 862 1101 1413 1419 
99 173 348 594 795 801 1087 1189 1314 1332 
243 249 305 469 829 835 865 1029 1169 1301 
2 17 233 366 399 495 537 551 834 1153 1166 
21 136 348 371 564 653 831 1091 1115 1256 1401 
96 186 551 560 671 825 1239 1359 1422 
136 296 513 524 684 811 817 925 1169 1178 1207 1298 
22 138 146 172 311 340 770 860 907 1087 1164 
347 517 626 653 732 975 1352 1408 1433 
177 266 416 549 651 888 1078 1123 
5 29 53 170 930 1068 1145 
413 633 758 1069 1335 
37 366 440 631 677 726 807 925 1062 1208 1361 
145 169 249 262 265 303 318 353 499 518 556 822 824 1045 1102 1439 
40 120 124 155 387 529 669 905 1030 1118 1176 
72 256 339 355 520 662 688 715 879 1274 1370 
78 118 677 814 923 997 1041 1169 
154 161 418 555 634 683 864 1003 1015 1290 1406 
234 482 530 766 1079 1238 
111 126 148 317 503 628 747 890 1314 
124 126 224 323 327 434 459 709 780 794 820 1185 1213 
542 582 818 1197 1239 1250 
58 201 288 496 500 616 733 1024 1114 1188 1278 1400 
51 233 256 590 652 705 778 1065 1206 
14 37 164 262 280 303 360 372 508 675 810 926 1030 1036 1091 1165 1171 1216 1307 1423 1442 
29 154 352 528 997 1237 1258 1360 1430 
38 78 300 328 719 730 868 928 1163 1205 1243 1280 1367 1435 
58 63 129 162 213 267 284 406 730 817 893 981 1432 
69 114 115 239 384 403 468 837 975 1142 1157 1347 
299 331 433 459 595 657 
36 87 309 517 875 889 1036 1178 1279 1293 1297 1321 
154 183 203 294 493 592 740 1117 1148 1299 1375 1441 1445 
63 106 408 418 494 678 898 1089 1117 1335 1367 
109 136 177 178 297 512 531 539 592 969 1180 1213 
7 29 151 176 398 902 1299 1359 
221 368 604 762 827 995 1211 1355 
134 188 264 308 849 985 1189 1190 1295 1387 
65 88 91 294 300 494 527 676 799 861 889 1073 1310 1433 
42 187 290 328 370 421 441 555 599 630 675 850 853 891 964 1369 
266 286 295 359 602 1086 1172 1346 
89 216 461 706 735 797 799 820 832 1054 1197 1294 
18 40 125 193 390 453 524 677 777 862 1054 1098 1353 1379 1428 
172 251 463 485 543 730 858 915 1000 1001 1015 1288 
77 234 342 349 389 648 667 1176 1191 1330 1339 1356 
525 561 939 959 1031 1153 1181 1237 1377 
52 94 126 216 223 415 891 1142 1335 1354 
22 367 463 815 893 905 1104 1115 1117 1317 
44 113 364 699 826 845 1020 1277 1323 
44 387 516 787 791 993 1002 1060 1140 1410 
243 519 677 827 1072 1282 
29 192 196 217 352 367 398 662 664 873 958 999 1082 1213 
150 299 310 513 689 741 754 1055 1062 1258 1380 1396 
57 214 274 284 328 765 847 881 1040 1330 1354 
117 257 281 611 664 777 1100 1223 1287 
75 87 223 311 419 456 530 710 917 967 1086 1178 
66 150 241 363 377 525 861 869 1240 
95 163 275 439 448 477 480 602 764 829 925 995 1027 1183 
238 251 345 507 580 612 680 792 856 892 1002 1231 
217 279 280 649 671 1050 1358 
103 106 254 433 435 564 1011 1028 1079 1095 1238 
77 363 664 735 926 1016 1162 1349 1362 1403 1422 
144 232 241 303 411 559 793 921 1001 1105 1170 1422 
28 96 116 120 364 590 642 718 757 979 1018 1062 1073 1097 1193 1219 1286 1330 1337 1375 1438 
12 20 41 88 200 361 379 652 662 672 771 1134 1304 1335 
255 278 493 557 966 987 1176 1221 
341 511 666 850 882 
9 53 193 449 473 661 738 807 820 832 838 865 947 956 1015 1103 1183 1244 1421 
38 455 698 1027 1065 1136 1380 1401 
213 537 619 636 679 981 1033 1121 1126 1393 1421 1440 
371 503 519 601 737 903 973 1113 1301 1423 
77 161 250 274 311 434 528 764 846 973 992 1032 
403 467 586 597 617 701 979 988 1136 1141 1267 1278 
108 259 281 480 523 531 618 948 1070 1092 1097 1127 1192 1290 1344 1352 1437 
40 118 162 262 333 420 738 823 877 1233 1246 1269 1355 1379 1410 
109 218 282 337 455 471 600 827 898 913 1175 1328 
110 795 929 1187 1197 1286 1339 
40 223 226 244 307 310 328 525 602 846 1035 1052 1118 1385 
342 560 748 756 779 869 886 1177 1250 1318 1331 
59 79 97 109 437 626 1221 1361 
144 616 745 767 856 1088 1249 1417 
46 60 335 391 395 412 477 525 888 990 1276 1294 1307 
26 94 374 799 812 914 1054 1158 1308 1370 1389 1414 1439 
707 757 1056 
4 5 56 124 362 446 617 647 665 777 1099 1166 1242 1300 
164 362 503 731 739 852 948 973 997 1053 1179 1316 
9 30 277 333 473 501 655 991 1230 1350 1427 
4 116 308 580 827 898 916 1148 1190 1265 1393 1407 
217 406 516 571 719 869 893 993 1145 1283 1309 1411 
28 158 175 235 282 291 315 364 407 424 446 658 856 911 1084 1128 1132 1162 1182 1340 1352 
83 165 207 329 398 429 654 714 723 801 876 978 1141 1156 1205 1251 1391 
20 39 217 328 488 500 585 895 1120 1136 1259 1380 1440 
37 195 238 690 799 832 1144 1156 1212 1254 1445 
53 73 113 173 253 319 450 507 556 611 724 804 841 915 1097 1290 1327 1351 
106 614 668 847 953 1240 1320 1332 1414 
199 346 367 530 605 912 1054 1127 1352 1447 
123 156 202 478 516 735 1069 1188 1393 
78 107 114 184 294 424 498 560 720 832 987 998 1037 1077 1146 1245 
225 407 430 505 546 552 658 712 990 1092 1401 
237 271 413 546 670 933 1302 1320 1374 1400 
217 322 378 449 459 478 600 666 813 945 955 1329 1409 
140 177 228 571 618 975 1038 1373 
91 235 236 294 500 506 507 628 729 1001 1163 1275 1307 1311 
210 211 247 536 590 746 768 885 999 1209 1211 1243 1413 
160 182 336 387 705 733 1197 1220 1341 1344 
26 277 408 594 621 642 710 736 757 762 802 1007 1081 1260 1278 1291 1430 1437 
69 229 235 762 884 955 961 1355 1409 
179 409 532 646 742 808 930 1027 1119 1147 1183 1222 1324 1431 
50 359 664 760 1031 1085 1142 1262 
41 280 420 549 556 841 1053 1094 1254 1271 1314 
2 570 620 622 630 641 744 804 896 983 1049 1090 1094 1182 1246 
208 408 422 947 1291 
34 331 487 714 1086 1321 1423 
105 111 178 596 780 832 875 1140 1178 1284 1292 
116 229 232 449 464 533 675 743 1128 1147 1261 
3 62 87 116 429 448 465 879 944 1053 1055 1087 1231 1342 
95 121 277 385 480 506 703 783 800 1211 1239 1280 
216 385 428 452 700 898 903 1072 1130 1150 1205 1244 1254 1414 
124 175 223 488 505 625 692 910 1067 1237 
46 234 241 549 659 868 869 874 1040 
372 380 506 746 774 792 851 879 989 
71 256 257 804 834 835 884 1225 1258 1359 
107 281 671 1007 1218 
157 162 223 269 290 331 351 368 510 874 1015 1039 1045 1198 1247 1331 
53 191 285 314 372 788 898 928 971 972 1012 1025 1062 1127 1161 1260 1325 
150 183 413 415 645 666 706 738 982 1045 1079 1179 1232 1401 
7 144 153 236 238 690 774 1013 1095 1145 1164 1183 1269 1306 1368 1435 
102 431 552 597 677 704 741 796 814 1089 1124 1207 1237 1363 
62 73 94 96 436 648 1103 1251 1257 1270 1286 1292 1329 1339 1403 
58 73 204 401 458 527 566 653 873 1067 1191 
200 235 491 755 979 1083 1184 1383 
31 355 436 515 574 640 793 894 908 1099 1138 1175 1260 
17 252 467 606 611 943 982 993 1054 1161 1231 1324 
189 255 676 1102 1137 1144 1274 
82 121 195 365 392 415 424 438 650 651 886 1224 
132 150 192 299 404 452 496 758 797 954 998 1075 1095 1148 
81 107 299 483 527 568 573 738 749 752 765 792 813 880 908 1301 
386 403 642 1048 1059 1102 1195 1445 
4 195 243 303 340 797 807 902 941 1236 1240 1312 1355 1365 
68 112 154 156 283 350 600 606 652 685 771 809 855 942 1026 1173 
164 237 379 413 449 605 741 762 771 1003 1167 1227 1278 
19 205 301 564 808 1217 
7 14 281 339 469 691 794 849 875 915 980 1047 1168 1210 1284 1285 
210 376 676 692 724 734 736 968 993 1074 1219 
345 375 651 859 903 1073 1131 1242 1331 1384 1388 1419 
177 260 600 611 919 920 925 1065 1264 1316 
36 112 185 282 418 437 489 506 526 758 785 1397 1426 
25 132 185 253 257 291 302 607 643 657 796 1027 1140 1268 
133 141 159 754 759 778 879 888 940 1318 
487 634 895 904 949 990 1055 1301 1414 
70 220 728 1084 1143 1235 
101 485 572 622 624 705 1035 1249 1276 1337 1358 
10 125 177 195 278 454 712 806 834 981 1157 1438 
331 468 831 1060 1215 1255 1425 
11 27 79 715 733 762 837 866 925 1019 1080 
393 466 508 667 703 735 799 812 1038 1104 1233 1319 1331 
190 377 521 574 638 725 845 970 985 1042 1131 1347 1360 1432 
44 285 293 370 467 680 698 733 870 932 938 1045 1143 1182 1193 1208 1240 1299 1334 1355 1374 
68 133 220 246 376 421 770 774 817 1010 1131 1145 1174 
1 78 136 195 350 411 593 696 701 822 963 1057 1343 1364 
210 275 371 400 682 709 863 885 927 1040 1113 1197 1395 
117 276 400 404 495 571 825 879 935 955 1095 1159 1421 
276 417 479 890 928 1003 1028 1208 1236 1348 1372 1443 1447 
142 203 546 691 705 795 804 906 1262 
312 555 771 780 804 806 854 900 1039 1040 1122 1257 1370 1425 1433 
130 138 162 454 534 703 825 858 882 990 1056 1065 1091 
94 197 209 217 248 289 297 380 600 700 849 1131 1361 1383 
46 158 297 533 536 617 759 847 878 993 1003 1023 1197 1235 1389 1427 
62 214 272 335 442 512 802 837 909 972 1163 1186 1235 1260 1294 1345 
474 492 551 554 701 815 840 1014 1061 1108 1127 1253 
276 530 606 646 650 738 912 984 1180 
265 311 364 395 460 505 636 723 931 1185 1286 1370 1411 
104 346 581 602 746 944 1063 1067 
167 221 304 337 351 413 568 717 997 1058 1179 1189 1204 1300 1386 
97 99 232 315 499 662 911 977 1085 1160 1202 1240 1394 1423 1428 
88 174 252 396 418 428 438 440 444 500 588 702 793 876 992 1154 1236 1378 
55 63 163 211 247 347 384 526 715 791 835 1171 1216 1280 1385 
14 16 46 65 682 760 823 831 834 847 1153 1161 1328 1335 1377 
93 179 362 413 533 830 884 1099 1165 1389 
524 594 746 918 1397 
4 17 52 338 387 434 454 475 511 722 825 1296 
69 147 713 738 743 1178 1375 
218 286 450 484 591 735 1186 1230 1387 
92 227 376 751 1000 1090 1166 
280 379 395 613 777 790 791 849 889 897 953 1279 1368 
47 138 451 458 587 748 795 935 977 1174 
119 202 539 632 647 770 827 841 871 891 1257 
71 105 144 185 747 800 883 962 963 977 1227 1235 1276 1360 1378 
16 19 450 712 750 773 805 910 945 1007 1294 1315 1337 
153 184 533 549 597 602 779 1037 1212 1232 1363 1385 1442 
313 354 359 445 529 739 778 1021 1282 
514 999 1227 
157 323 334 1094 1237 1426 
6 102 144 149 291 379 388 464 521 553 699 713 727 800 940 1131 1401 
180 181 206 319 374 573 586 1057 1276 
487 488 551 658 842 913 929 1164 1323 
68 500 545 913 999 1264 1280 
207 212 464 719 1003 1025 1054 1099 1129 1339 
84 255 481 616 623 738 843 921 1019 1044 1234 1316 
75 492 518 1127 1178 1432 
92 197 208 428 582 742 919 1047 1132 1195 1319 
122 420 1074 1086 1088 1096 1123 1271 1362 1433 
41 161 235 448 599 767 797 813 1019 1130 1384 
649 726 773 900 1243 1407 1419 
5 17 216 218 221 427 590 627 885 994 1186 1281 
8 19 89 220 338 573 918 
113 207 314 337 363 605 678 722 854 877 998 1002 1021 1217 
5 155 162 188 204 225 664 809 928 1063 1172 1341 
200 482 554 771 821 901 1061 
132 286 340 539 632 641 651 719 898 1171 1408 
116 387 657 659 676 721 752 859 979 1043 1077 1218 1231 
121 189 245 265 491 575 613 662 700 905 1002 1020 1338 1358 1400 
56 92 182 506 635 659 750 959 976 1038 1314 1362 
31 548 577 622 1080 1087 1274 
308 344 400 575 629 769 872 1022 1063 1234 1280 1316 1374 1436 
40 266 461 471 533 626 683 722 769 941 1018 1056 1088 1193 1318 
231 276 277 330 452 473 696 719 1027 1164 1270 1279 1411 1425 
55 56 557 842 1037 1044 1223 1336 
11 36 65 224 575 710 927 962 1017 1065 1155 1238 1255 1330 1352 
69 443 755 815 1169 
10 15 145 157 172 300 366 626 730 810 1047 1170 1193 1203 
35 293 681 798 850 901 905 1358 1388 
458 500 517 566 652 829 1179 1254 1318 1338 1381 
65 243 395 404 423 589 641 706 742 758 934 975 1107 1199 1218 1399 
439 455 498 741 1105 1184 1237 
118 230 438 584 681 815 1148 1300 
89 191 242 457 540 860 1020 1022 1346 
141 209 248 383 425 533 647 692 769 798 886 959 1082 1164 1427 1436 
47 174 216 229 406 504 633 918 1012 1291 
254 286 441 458 460 476 530 647 708 813 835 871 1091 1398 1421 
7 20 158 381 513 789 846 1104 1312 1317 
242 385 551 576 1054 1062 1107 
47 188 266 330 374 377 484 565 576 731 768 852 991 1019 
318 636 676 696 929 957 1032 1098 1219 1352 
2 138 235 273 663 682 745 938 1056 1125 1146 1157 1221 
1 158 231 391 655 719 920 955 1108 1321 
80 278 440 853 934 1014 1113 1196 1265 1355 
257 435 555 572 659 752 829 1070 1181 1247 1422 
67 161 235 319 493 801 1072 
74 366 420 642 648 834 857 885 933 937 947 1149 1285 1426 1427 1446 
99 107 121 220 292 331 338 455 483 500 715 852 992 1150 1174 1238 1252 1338 
36 141 223 240 276 337 369 514 667 673 899 955 1106 1139 1393 
136 262 271 286 653 665 759 904 970 1137 1174 1359 
89 280 349 418 442 497 675 1069 1202 1432 
54 217 222 306 353 399 416 456 475 523 562 573 704 1088 1115 1170 1172 1235 1415 
6 220 247 358 534 716 788 899 1005 1061 1352 
127 128 146 390 646 683 945 974 995 1222 1385 1394 
59 122 183 472 623 705 767 780 830 1008 1401 
2 119 226 445 511 554 759 799 853 937 961 985 1043 1111 1129 1239 1277 1411 
20 40 276 282 407 524 570 708 1015 1055 1103 1152 1187 1220 
108 553 554 825 844 908 921 925 964 1100 1264 
100 106 382 484 486 663 783 866 975 1167 1212 1234 
119 339 343 436 544 1019 1040 1087 1360 1378 
150 276 312 421 648 655 903 987 997 1037 1056 1313 1366 1413 
35 166 298 400 718 723 740 825 1060 1154 1265 1302 
177 716 876 951 1101 1307 
157 163 218 626 644 1098 1112 1134 
6 52 199 223 224 355 467 472 523 633 683 1006 1179 1419 
159 202 277 340 604 618 759 840 873 901 910 953 1026 1266 1268 1281 1307 1390 
51 161 268 328 398 462 503 763 774 811 859 932 967 1103 1296 
281 598 815 818 835 967 1017 1191 1220 1261 
235 335 581 715 781 908 974 1059 1190 1408 
21 39 135 345 353 405 543 753 815 850 860 1003 1317 1333 1335 1370 1398 
33 269 462 497 819 993 1087 1145 1150 1342 
75 150 606 859 
291 322 461 471 569 632 741 802 858 866 1067 1130 1312 1365 
39 178 229 233 763 806 1166 1278 1317 1417 
158 186 279 535 621 678 696 780 822 952 971 1006 1034 1090 1097 
320 370 624 633 1053 1235 
351 640 702 741 788 917 1153 1290 
86 103 163 340 528 585 607 743 748 761 779 815 1206 1282 1326 1349 1370 1395 1407 1412 
133 178 221 236 329 853 1256 1370 
158 170 316 683 793 845 1104 1173 1309 1434 1435 
139 153 362 394 526 600 694 732 898 904 1150 1265 
143 382 539 574 821 1103 1286 1346 
353 595 750 957 1020 1047 1277 1378 
170 286 287 458 680 735 906 954 1200 1389 
62 298 550 639 648 717 792 937 1057 
5 10 27 42 133 171 298 307 353 526 750 793 868 943 1087 1092 1232 1320 1433 
135 384 391 817 833 1033 1276 1355 1446 
52 54 174 287 400 428 435 552 791 918 1072 1324 
448 501 541 593 815 966 1033 1046 1384 1393 
106 198 275 430 595 721 893 1022 1119 1181 
95 303 323 358 433 803 848 951 964 981 1270 1354 1423 1435 
104 781 792 921 1225 1361 1387 1389 
11 280 452 472 628 630 659 916 1083 1221 1398 1428 
9 97 156 206 234 274 287 556 600 654 827 854 955 1106 1275 1420 
85 153 171 182 190 615 696 756 1071 1136 
31 172 194 300 406 408 460 575 586 733 775 818 1052 1140 1153 1271 1278 1421 
29 107 121 142 191 428 446 714 723 742 828 993 1073 1163 1357 1393 
124 328 397 1034 1179 1190 1242 1342 
224 332 485 569 596 624 927 995 1009 1164 1215 1358 
421 491 547 620 757 777 915 1037 1176 1260 1271 1295 1399 
180 189 534 786 807 984 1147 
256 404 487 573 600 685 729 880 1064 1280 1444 
169 302 391 392 478 587 866 1051 1214 1351 1373 
534 850 1255 1290 1387 
119 169 460 515 585 774 1070 1117 1121 1304 1388 1413 
91 205 584 884 1411 1422 
155 178 198 201 499 630 1274 
63 89 307 318 350 354 402 480 533 797 1016 1112 1323 1394 
57 562 621 833 836 900 988 1045 1062 1140 1365 1445 
29 32 87 120 381 824 846 1055 1119 1208 
55 69 193 313 334 368 460 628 684 729 902 1004 1085 1438 
79 107 157 226 345 573 615 702 872 1128 1144 1181 
34 184 203 239 287 552 661 849 876 1080 1097 1098 1117 1174 1198 1330 
36 167 429 465 824 1068 1092 1105 1346 
16 40 99 268 300 315 316 317 404 418 462 690 712 956 975 1048 1057 1122 1154 1436 
90 124 186 433 503 559 598 711 882 949 990 1148 1170 1290 1417 
29 55 109 149 346 363 457 523 645 746 863 936 952 1046 1178 1444 
56 198 200 416 525 986 1024 1068 1087 1104 1391 
15 219 677 899 910 1273 1320 
262 323 368 459 785 800 861 1014 1074 1220 
160 259 698 892 957 1033 1133 1275 1426 
34 256 299 529 540 610 661 832 997 1047 1351 1371 1403 
71 122 133 151 153 265 1027 1441 
105 112 294 516 871 1004 1040 1288 
250 344 515 1053 1167 1279 1280 1324 
42 204 251 395 1268 
42 54 257 354 457 492 605 606 1010 1081 1404 
97 99 200 293 327 419 517 952 1008 1330 
157 184 371 375 457 623 709 897 1020 1058 1308 
249 452 509 643 673 1170 
98 364 419 438 590 782 797 804 1099 1283 1311 1321 1398 1415 
170 210 229 267 398 462 711 713 780 804 806 1022 1039 1047 1152 
189 200 203 374 621 808 853 884 914 1083 1148 1226 1268 1419 
64 81 139 161 226 255 579 799 874 935 1201 
143 232 325 516 534 667 751 1058 1094 1116 
197 332 368 386 530 626 653 670 956 982 1051 1380 
299 334 472 598 710 820 890 1021 1324 1343 
30 137 182 343 375 407 683 917 1035 1054 1061 1098 1222 1277 
159 288 545 659 882 1044 1190 1289 1295 1338 1343 1442 
30 48 190 575 821 926 1038 1093 1406 
158 391 407 529 883 930 1363 1402 
171 361 425 426 879 880 901 1075 1126 1180 1298 1393 
180 221 260 392 470 490 521 587 601 786 847 854 1017 1166 1184 1203 
29 237 273 459 474 610 684 852 872 1188 1349 1372 1390 1428 
194 279 298 343 359 730 1002 1331 1366 
148 179 193 346 445 665 754 805 1077 1188 1248 1255 1383 
264 528 614 710 924 1004 1056 
9 72 159 212 232 262 326 350 355 430 563 768 1058 1146 1213 
96 99 310 376 553 621 870 1039 1131 1218 1222 1298 
174 196 458 459 763 828 873 1331 1357 
39 120 496 524 597 795 818 867 1241 1297 
145 166 248 299 594 595 606 946 1063 1143 1229 
27 112 185 447 535 884 1032 1216 1243 1292 1326 1408 
269 509 631 767 1011 1081 1117 1124 1209 1409 
117 667 877 978 1178 1205 1260 1353 
21 268 279 449 489 626 682 953 1002 1035 1070 1196 1218 
251 317 343 479 488 497 779 877 897 961 1114 1146 1247 1285 1316 1378 1400 
329 371 426 651 957 1046 1106 1126 1144 1224 1247 1357 
157 252 463 597 696 727 739 855 913 1134 1188 1308 
16 45 74 80 95 150 192 261 361 653 690 929 980 1120 1200 1407 1428 
5 141 226 441 783 815 1018 1253 1290 
95 358 569 667 861 1043 1072 1324 1444 
157 197 267 275 287 406 671 749 1072 1169 1279 1302 1382 
443 632 643 686 783 905 993 1006 1058 1101 1204 1291 
8 14 264 369 389 397 412 418 688 711 734 780 831 833 851 984 
275 451 629 691 710 809 897 973 1246 
8 123 204 487 642 717 802 1261 
14 155 201 395 578 764 799 948 1003 1023 1199 1226 1238 1283 1319 
178 291 312 592 864 1035 1041 1158 1286 1325 1437 
129 374 542 549 712 875 1043 1058 1275 1295 1427 
31 167 287 477 961 1330 1363 1377 
1 62 159 167 178 368 491 696 861 971 1011 1098 1118 1419 
8 45 326 387 421 607 621 784 967 1222 1261 1292 
288 329 340 371 456 467 627 857 911 1110 1189 1427 
17 44 84 142 541 588 645 667 783 786 899 961 1273 1437 
7 217 279 344 401 520 630 937 1264 1271 
15 214 370 479 546 653 732 864 905 962 965 1087 1364 
173 390 869 901 1014 1103 1155 1412 
127 575 617 904 933 1000 1066 1079 1361 
425 457 709 925 1029 1184 1285 1340 
46 173 306 307 412 602 639 691 791 920 
109 210 212 216 285 661 784 858 879 889 994 1227 1319 1417 
242 585 627 644 661 665 707 
182 191 631 635 637 682 748 796 828 1056 1340 1348 1350 1437 
89 314 359 391 564 580 693 756 787 860 866 911 955 1011 1032 1185 1188 1308 1405 
1 278 289 617 639 665 791 1012 1251 1281 1307 1366 
122 127 275 303 325 443 626 814 1018 1202 1322 
159 313 385 421 857 860 968 
104 239 452 623 659 812 838 906 1032 1253 1313 1396 1443 
522 635 654 656 694 831 870 899 1068 1160 1195 1391 1392 1398 
216 357 390 520 553 572 866 872 1183 1311 1386 1412 
51 127 268 649 706 932 950 1039 1142 
16 30 56 226 306 567 1118 1424 
121 174 252 271 324 521 533 558 575 650 919 1015 1075 1128 1144 1279 1367 
38 379 604 615 627 656 751 777 785 816 885 904 977 1160 1192 1196 
18 204 259 260 337 422 476 519 638 690 726 789 837 1008 1078 1145 1152 
45 360 863 1085 1130 1290 1304 
10 189 226 406 494 670 757 890 1024 1029 1208 1241 1340 1427 
14 479 624 756 817 850 895 961 1042 1165 1253 
10 14 43 233 291 313 315 416 553 700 850 900 921 1309 
67 413 517 573 670 762 887 978 1125 1230 1325 
65 203 289 512 771 772 1037 1062 1210 1247 1259 1284 1390 1425 
327 333 693 744 1054 1291 1323 
38 99 125 148 202 360 374 417 504 582 638 700 709 796 863 1200 1275 1391 
261 345 904 1023 1330 1409 
76 183 578 723 826 906 1005 1107 
11 156 254 478 587 715 1030 1058 
24 76 315 497 537 974 983 993 1148 1235 1250 1293 1327 1344 
57 98 211 366 395 639 765 832 882 919 926 1008 1053 1074 1085 1267 1272 
114 190 224 314 379 422 434 543 822 910 932 1024 1444 
153 352 482 589 911 1192 
49 117 267 493 694 1087 
253 615 618 630 690 942 963 976 994 1107 1192 1354 1437 
189 420 456 491 806 883 1147 1364 1430 1440 
316 398 614 647 711 993 1081 1118 1431 
283 444 555 736 759 1141 1152 1170 1261 
36 80 131 504 567 681 836 872 974 1006 1058 1127 
324 455 596 660 1019 1302 1306 1320 1385 1396 
16 180 241 608 646 695 735 741 812 860 1034 1137 1399 
119 338 400 496 662 810 1045 1193 1220 
27 58 171 247 263 462 681 749 793 909 1089 1259 1261 
61 87 193 300 523 540 667 875 911 1003 1034 1330 1361 1423 
158 184 302 415 638 697 727 738 896 1098 
274 308 409 425 451 504 550 556 589 690 695 782 864 887 970 1156 1204 1236 1390 
23 231 959 1086 1348 1429 
272 370 385 586 839 843 1092 1306 1347 
389 643 644 660 848 897 991 1200 1266 
56 160 417 839 886 1016 1306 
401 441 766 778 865 1023 1225 1244 1354 1411 1418 1426 
85 234 441 456 522 528 666 730 911 939 1003 1019 1025 1148 1163 1175 1388 1403 
62 89 206 246 317 486 595 596 632 742 906 912 972 1277 
158 402 403 481 648 652 733 823 919 976 983 1213 1335 1351 1442 
11 539 558 644 697 782 859 872 966 1004 1036 1068 1087 1166 1209 1363 
3 115 216 264 522 528 697 738 867 974 
36 56 248 371 499 559 711 783 831 839 914 1219 1272 1280 1391 1420 
130 160 315 473 642 668 989 1081 1141 1151 1221 
150 508 555 858 889 936 965 1051 1172 
244 255 410 487 531 577 900 956 1086 1117 1182 
191 205 241 251 492 913 943 1009 1096 1214 1301 1344 1442 
8 277 361 516 761 991 1131 1142 
160 220 293 432 475 677 856 1057 1119 1263 1293 1355 
273 280 562 578 658 662 714 923 1089 1299 1336 1447 
131 220 227 551 614 715 806 828 888 1068 1195 1231 1378 1413 
20 44 68 181 276 603 666 826 1183 1267 1308 
131 859 903 957 963 1316 1374 1434 
11 146 358 431 544 608 818 871 1056 1114 
65 120 562 646 653 686 716 827 887 901 969 
24 288 308 391 792 892 946 1012 1094 1101 1192 1200 1201 1406 
16 429 468 532 556 616 648 769 803 816 867 868 1244 
115 269 374 406 442 444 625 798 906 1092 1266 1422 
235 434 600 603 689 718 795 831 1031 1225 1422 
47 59 384 496 506 559 588 759 771 1029 1087 1144 1367 1392 
114 138 156 216 221 499 842 962 993 1111 
57 78 84 217 228 623 688 753 811 
6 27 146 287 437 510 523 675 763 873 975 1107 1293 1427 
24 51 272 279 286 290 311 380 442 511 613 1105 1117 1182 1205 1279 1365 1446 
58 88 114 229 357 364 374 459 584 819 972 1004 
182 334 391 752 789 812 982 998 1021 1258 
1 222 426 528 580 842 1152 1397 
18 32 76 359 362 593 733 1285 1405 1439 
86 208 258 420 436 485 521 600 704 732 840 1060 1096 1268 
21 574 657 895 1074 1132 1211 
197 255 303 530 1007 1106 1119 1176 1340 
238 503 624 1103 1313 1431 1445 
62 119 150 544 549 584 648 898 967 1112 1214 1226 1429 
56 70 134 227 254 386 422 520 553 649 1074 1151 1227 1352 1414 
9 288 315 482 556 685 1012 1097 1108 1206 1214 
5 201 418 430 479 506 904 1188 1266 1324 1346 
83 209 309 356 361 380 397 459 596 600 627 829 852 908 922 1020 1240 1312 1326 1357 
41 248 268 477 499 691 735 1312 1374 
356 518 669 769 911 999 1017 1026 1171 1211 1219 1264 1432 
14 351 355 402 412 552 608 760 1104 1176 1230 
74 79 83 179 268 349 424 471 501 626 652 711 737 777 1090 1200 
315 344 614 638 646 733 776 828 857 878 982 1311 1340 1421 
61 278 314 523 603 627 826 834 888 1076 1109 1381 1434 
100 377 526 559 566 745 770 1159 1192 1215 1253 1312 
125 246 262 301 339 434 560 799 828 843 1153 1222 1341 1431 1432 
25 234 452 456 618 667 679 815 891 917 953 1029 1141 1279 
21 527 935 998 1028 1055 1123 1177 
408 633 1263 
38 231 410 419 991 1058 1244 1352 1434 
22 92 228 326 454 581 677 853 896 1249 
208 240 351 375 869 1307 1382 
175 238 267 336 459 650 769 858 948 1262 1370 
64 160 669 742 758 873 1017 1133 1200 1282 1439 
30 124 130 142 183 540 542 702 939 1139 1191 1275 
60 114 178 221 287 873 1030 1036 1276 1327 
343 451 480 908 979 1004 
15 61 129 452 454 668 747 804 1018 1101 1146 1178 1228 1351 
249 290 634 659 1200 1300 1313 
11 56 201 424 830 876 905 931 1033 1183 1227 1365 
154 280 321 587 709 773 862 884 1012 1024 1047 1079 1388 
132 164 259 656 679 706 1174 1253 1445 
88 140 296 606 614 651 848 
10 37 300 369 504 544 567 582 617 720 1010 1196 1238 1304 
54 125 203 216 406 438 843 872 927 1351 
544 624 691 712 931 1074 1133 1187 1255 1294 
44 230 427 443 580 701 739 892 1216 1357 1436 
63 123 178 335 726 894 997 999 1091 1159 1218 1396 
35 259 356 615 734 785 842 936 991 992 1167 1228 1372 1373 
29 137 267 328 342 519 608 665 922 955 1000 1042 1104 1213 1344 
60 138 241 264 297 316 546 657 827 1315 
2 289 315 365 372 496 520 524 527 703 712 815 1083 1094 1146 1324 
23 39 80 328 357 539 610 1076 1122 1169 1243 1351 
13 16 59 122 194 553 679 712 920 1016 1097 1157 1169 1292 1296 1320 1377 
91 196 290 459 533 659 726 731 747 818 972 1104 1215 1266 1282 
108 208 242 405 540 1347 1387 
250 594 793 956 1035 1336 
71 123 167 351 597 670 1037 1337 1386 1399 
1 15 81 231 364 387 449 597 638 658 872 908 958 1086 1129 1173 1393 1399 
11 172 196 269 483 516 536 679 819 939 968 1094 1131 1208 
41 132 148 499 1202 1367 1397 1403 
268 278 480 645 684 697 736 921 957 1056 1202 1213 
261 303 513 571 641 686 805 1144 1157 1237 1420 
153 202 203 234 246 392 711 717 734 812 896 1003 1035 1291 1297 1306 1335 
47 165 263 335 653 783 849 926 993 1082 1233 
49 167 383 564 909 944 1012 1382 1407 
91 204 377 385 403 511 647 765 999 1021 1336 
38 111 216 637 658 693 699 850 877 962 1245 
35 44 177 413 534 571 706 716 767 923 955 1119 1261 1354 1361 
32 39 545 567 625 734 841 847 1092 1311 
97 181 362 381 405 623 906 1224 1239 1284 1332 
4 282 388 827 906 962 1022 1067 1231 1386 1415 
74 100 177 185 421 587 616 694 1169 1209 1378 
87 322 417 477 520 816 838 1025 1092 1364 
