1434 8247
15 185 306 331 353 593 706 868 994 1070 1140 1288 
80 258 443 517 545 706 732 1181 
53 348 385 690 743 932 1179 1180 1207 1389 1404 
19 24 118 156 202 210 220 450 681 708 758 990 1305 1309 
58 248 773 887 1143 1155 1197 
16 40 193 390 578 612 718 720 782 833 875 893 1384 1428 
17 70 468 600 780 892 1018 1228 1315 1343 1398 1413 
257 336 476 532 533 630 684 782 791 818 1038 1138 1212 1268 
33 106 175 204 387 403 508 531 656 675 1278 1340 1371 1391 
255 273 401 402 405 450 527 766 1050 1166 
193 234 303 601 926 996 1067 1411 
30 151 169 294 492 557 566 753 787 845 847 954 1129 1156 1280 1387 1397 
242 275 454 555 571 580 632 676 810 892 933 1021 1175 1217 
27 290 377 528 845 1008 1026 1078 1111 1189 1190 1390 1396 1407 1432 
1 40 121 147 575 816 853 864 969 1006 1180 1211 1230 
6 153 179 271 581 652 
7 160 174 182 303 412 640 647 683 891 899 1022 1084 
247 289 532 571 610 635 660 881 946 974 979 1021 
4 94 102 266 397 450 456 530 551 599 669 709 792 832 855 1176 1351 
73 175 234 287 339 402 434 968 1005 1083 1305 1382 1386 
214 401 550 555 572 588 625 799 837 968 1058 1382 
102 339 341 389 434 460 563 678 762 875 884 1013 1138 1182 1245 1328 1385 
48 83 142 190 210 261 321 512 604 745 930 977 1038 1160 1181 1206 1340 
4 175 196 312 824 842 923 1138 1333 1338 
74 182 188 596 689 797 851 888 918 1107 1131 1158 1360 
192 576 590 623 730 812 971 1201 1225 1241 
14 225 437 671 735 751 804 933 981 1115 
83 121 366 532 854 962 1167 1316 1391 
408 598 628 654 668 920 989 1066 1210 
12 202 256 541 656 858 868 872 876 894 916 1188 1196 1256 1343 1397 1412 
45 105 264 277 322 358 464 481 576 579 736 905 913 968 1210 
126 208 381 470 614 972 1220 1260 
9 214 295 307 434 614 632 841 863 1143 1248 1298 
36 190 335 420 728 732 737 742 855 1007 1270 1299 
308 403 476 714 778 876 1140 
34 131 152 269 310 410 537 828 1008 1024 1287 1357 1373 
156 347 544 591 626 637 763 859 883 990 1042 1230 1355 1413 
530 1034 1067 1071 1081 1133 1292 1308 1315 1361 1402 
217 341 698 746 1200 1359 
6 15 110 732 737 864 869 1230 1356 
44 345 382 385 414 519 805 909 1204 1314 
74 98 155 336 446 630 729 739 742 766 782 809 850 854 915 1033 1158 1167 1252 1308 
76 285 306 409 600 645 683 694 783 944 1136 1357 
41 538 679 807 891 1104 1183 1212 1323 
31 65 159 285 457 570 585 704 769 1035 1217 1221 
53 160 211 329 504 590 627 679 874 917 957 974 1085 1317 1392 
61 106 205 407 636 655 736 975 1419 
23 189 229 325 490 494 519 558 568 616 623 854 949 1412 
144 173 189 242 466 480 
75 81 320 331 459 478 795 919 990 1037 1096 1344 1398 
109 238 318 399 432 434 512 541 695 1005 1185 
251 530 536 661 840 1237 1284 
3 46 302 370 475 500 734 758 1046 
86 378 391 409 424 481 682 1221 1342 1361 1414 
132 251 289 498 527 652 661 834 1020 1045 1138 1171 1402 
84 526 744 811 1150 1279 1353 
266 330 332 346 425 450 525 575 731 817 918 924 972 1084 1208 1230 1405 
5 360 483 609 742 899 1187 1288 
77 83 224 316 458 561 612 726 781 808 878 881 955 969 1297 1412 
233 697 750 1153 1180 
47 80 197 329 389 395 893 1289 
175 519 607 633 654 815 1039 1074 1343 
184 297 323 364 432 582 828 927 947 968 1046 1355 
230 285 351 492 504 570 669 673 756 803 883 886 947 973 984 1237 1262 1346 
45 69 81 183 206 213 223 405 911 939 1035 1040 1434 
201 257 369 378 562 569 572 797 811 840 970 1141 1156 1158 1181 1195 1429 
74 264 273 411 598 879 948 1087 1093 1210 1214 
92 95 225 299 354 362 366 516 648 728 758 832 898 1012 1124 1221 1250 
65 158 257 258 620 747 850 859 865 1151 1216 1327 
7 185 569 589 644 659 1037 1060 1083 1129 1170 1270 1351 
178 207 273 552 645 840 944 1123 1256 1292 
904 930 1041 1104 1170 1419 
20 350 411 459 608 611 744 815 952 1016 1131 1422 
25 42 67 247 430 1038 1075 1229 1254 1314 1371 
50 94 268 329 330 742 827 889 959 1218 1325 1381 
43 269 274 363 506 691 798 959 1080 1097 1380 
59 133 162 177 293 398 678 749 833 895 919 983 1087 1362 1424 
331 408 1312 
183 437 666 883 1017 1084 
2 61 83 132 181 365 529 735 751 876 929 970 1001 1052 1177 1192 1210 1270 1311 
50 65 84 306 409 542 615 719 903 1080 
481 521 732 811 840 1229 
23 28 59 80 180 351 487 496 590 634 738 778 901 1158 1187 1206 1232 
56 81 209 435 483 704 790 934 1064 1201 1311 1337 1385 
155 428 453 897 1226 
54 265 422 638 755 831 948 1036 1207 1373 
428 646 647 677 747 795 913 1213 1268 1354 1384 
238 403 510 688 705 872 936 942 1002 1236 1360 
103 165 186 415 429 441 457 472 504 605 859 1091 1162 1273 1431 
506 595 612 633 829 895 921 997 1013 1111 1137 1149 
104 614 733 737 853 974 1338 
68 235 518 706 733 743 744 846 949 965 1007 1369 
353 512 565 757 1000 1032 1144 1147 1329 1349 
19 75 146 287 371 525 619 625 690 1121 1358 
68 120 271 346 410 596 870 1009 1069 
306 411 540 684 853 1276 
122 176 308 325 480 833 854 883 899 905 935 948 949 1149 1275 
42 271 477 514 1289 1377 
226 235 360 490 632 697 810 970 976 1014 1031 
116 425 613 918 953 1074 1106 1142 
163 217 231 233 339 594 767 841 878 898 1013 1037 1094 1232 
19 22 109 360 450 656 802 841 972 1126 1230 1331 
89 220 377 513 651 653 806 855 942 1011 1089 1234 1410 
91 344 808 1136 1264 1272 1297 1336 
31 252 303 342 457 585 591 725 749 769 876 919 956 1103 1407 
9 47 391 501 591 887 892 1151 1168 1233 1246 1368 1372 
146 447 558 631 781 817 864 865 1029 
359 390 411 549 652 898 942 1026 1165 1235 1367 
51 102 183 356 435 534 788 955 1308 1323 1362 
40 163 167 396 633 680 774 896 913 1008 1142 1338 
211 299 342 757 781 839 902 1377 
255 281 362 380 600 607 628 806 1206 1219 1291 1419 
423 592 628 845 980 1147 
214 342 417 580 858 984 1005 1095 1205 1297 1347 
196 458 709 1098 1186 1242 1311 
100 403 485 506 580 860 
308 341 685 820 870 885 1098 1103 1148 1242 
4 138 152 294 475 750 892 1057 1182 1194 1215 1283 1362 
393 610 619 933 984 1024 1424 
95 178 213 379 420 435 539 617 646 782 810 1069 1170 1346 1423 
15 28 128 185 399 431 613 693 808 942 1084 1176 
97 431 789 1062 1174 1312 1363 1430 
328 435 472 796 910 984 1120 1135 1260 1293 1306 1317 1424 
135 139 157 687 894 1144 1162 
135 151 241 311 386 440 476 597 715 762 766 814 841 1256 
32 248 337 432 447 566 695 882 913 947 964 1191 1267 1352 1384 1410 
168 181 229 250 290 323 409 439 644 953 1144 1210 1250 1357 1398 
121 366 509 637 897 916 1049 1207 1282 1338 
235 249 395 518 820 897 943 1040 1082 1103 1120 1404 
232 962 1093 1273 1378 1390 1423 
36 227 296 904 937 1070 1089 1192 
55 80 178 248 422 444 558 633 783 791 988 1234 1247 1421 
77 174 339 502 529 614 769 853 875 920 954 1047 1176 1269 1274 1383 
171 543 1367 1404 
124 125 171 179 245 286 319 505 564 680 699 928 970 1003 1066 1123 1150 1382 
259 591 638 869 907 1056 1122 1200 1321 1383 1396 
539 561 742 858 1088 1208 1360 
118 167 499 555 882 947 1083 1238 1305 1314 1340 
124 293 329 579 672 674 683 692 748 
203 314 538 571 689 826 935 1131 1184 1191 1226 1253 1263 1319 
257 321 327 339 466 508 526 594 615 647 720 821 829 1091 1189 1285 1357 
23 147 266 369 453 488 519 549 610 636 946 1014 1031 1123 
214 346 350 893 1000 1026 1165 1341 1359 1406 
49 224 430 621 690 754 1376 
190 209 220 440 576 1003 1017 1301 
94 107 461 629 957 966 1257 1412 
15 142 203 301 647 678 986 1231 
212 433 543 704 861 922 
468 486 786 1000 1038 1054 1123 1178 1346 1410 
175 185 216 241 277 287 373 561 564 667 825 839 1065 1177 1205 1213 1216 1237 1365 
12 125 335 351 505 627 628 963 1323 1350 1364 1373 1380 
36 118 430 670 821 885 942 1043 1076 1285 
16 389 427 509 571 634 892 1045 1051 1064 1142 1168 1252 1266 
353 385 551 867 878 969 1000 1017 1214 1246 
42 85 189 248 313 765 826 954 1102 1393 
4 37 164 378 489 563 710 741 857 1114 1250 1347 
124 204 290 359 400 534 559 654 757 818 894 921 931 938 1062 1110 1197 
69 237 335 391 538 1357 1391 
45 172 181 418 426 466 579 658 807 914 919 926 931 991 1276 1415 1419 
17 46 294 523 547 618 784 1141 1217 1251 1398 1418 
180 264 301 346 370 426 475 498 511 649 719 990 1077 1110 1130 1304 1429 
77 262 533 575 878 955 1238 1327 1404 
101 110 245 373 412 425 491 528 602 838 866 950 964 994 1115 1244 
156 175 205 561 737 792 840 944 972 1058 1263 1350 
89 292 358 518 867 908 930 1134 1172 1222 
240 254 257 430 573 1322 1326 
110 138 251 389 505 821 914 1218 1265 1344 
127 333 351 417 422 468 736 757 824 1039 1191 1275 1405 
12 352 422 686 693 694 1044 1119 1132 1154 1201 1203 1305 1323 1356 1373 1415 
656 807 898 966 
134 135 351 353 405 486 553 769 875 944 1235 1241 1354 
159 305 368 583 640 1065 1068 
49 318 538 594 993 1101 
17 133 633 847 900 927 1008 1086 1125 1131 1225 1320 1327 1411 1417 
9 20 24 62 150 164 453 490 498 637 853 939 1005 1295 
97 287 565 593 648 885 975 1180 1186 1290 
77 213 250 276 344 475 507 541 833 876 1254 1345 1374 1419 
71 120 132 259 357 516 519 624 679 846 886 1052 1212 1263 1330 
16 135 184 309 341 424 525 674 690 862 890 931 979 1034 1162 1186 1213 1221 1264 1269 1342 1404 
83 161 219 308 309 733 1065 1100 1220 1241 
80 127 159 453 975 1357 1375 1433 
17 25 489 632 718 812 1033 1035 1038 1145 
65 79 109 291 317 393 421 556 583 762 881 1171 1358 
63 179 255 688 697 788 1007 1334 1346 
1 70 121 150 199 212 293 312 334 422 548 808 1282 
89 348 362 548 593 619 682 945 1239 1242 1290 
558 696 755 1059 1111 
25 236 613 647 648 759 872 958 961 1309 1351 1430 
48 49 155 278 306 312 334 447 539 540 626 667 735 865 1321 1366 1377 1408 1427 
23 34 145 250 270 339 506 718 822 1130 1141 1243 1282 1408 
385 430 608 753 773 815 841 1032 1067 1334 1351 1433 
26 545 715 723 775 832 998 1059 
6 11 257 263 366 439 520 530 536 871 1401 
213 340 496 608 649 746 838 862 1407 
292 496 599 745 765 790 862 1110 1330 1364 1425 
24 115 205 217 296 635 707 727 830 984 1071 1104 1329 1346 
61 237 358 501 649 687 708 749 854 1149 1219 1332 1405 
216 493 506 538 551 579 846 1384 1426 
185 287 351 415 428 633 662 671 699 748 766 886 907 1108 1141 1393 
280 385 416 441 526 668 711 717 754 800 993 1170 1381 
66 204 468 508 538 884 1087 1320 1433 
4 30 329 346 448 470 499 534 750 768 783 1025 1127 1329 
140 147 272 557 605 631 672 724 971 1413 1419 
9 157 201 208 548 829 929 1031 1158 1248 1258 1338 
47 164 196 303 582 666 718 1104 1119 1290 1421 
65 218 556 693 814 884 984 
71 219 356 454 458 679 792 974 
32 204 289 311 400 414 460 481 1343 1359 1427 
84 145 287 308 449 508 520 621 705 923 986 997 1032 1033 1392 
4 23 293 685 796 1204 1227 1377 1409 
46 111 233 542 585 771 818 965 977 1155 
148 185 217 297 615 646 689 816 848 948 1239 1313 
65 120 177 194 223 338 501 518 804 836 881 1046 1106 
21 33 114 143 417 580 784 914 943 1078 1152 1259 
344 761 958 972 1165 1184 
150 198 323 393 432 491 550 745 779 825 913 952 1072 1276 1362 1425 
39 101 196 212 462 490 693 880 1360 
206 269 485 494 611 633 855 989 1109 1162 1302 
180 207 511 549 564 704 797 828 1320 
4 103 145 423 529 611 870 875 917 1032 1076 1109 1296 1398 1401 
427 437 475 499 570 618 1053 1146 1259 1433 
375 475 477 692 889 925 1213 1230 
65 213 351 621 764 808 1045 1089 1118 1130 1144 1232 
59 144 244 370 516 537 735 772 865 979 982 1010 1080 1155 1157 1253 1275 1368 1432 
27 68 275 301 545 558 587 981 1013 1389 
99 249 386 455 539 569 909 1002 
131 357 475 638 670 769 894 959 1275 1331 1368 1413 1424 
548 667 758 1386 
48 127 266 306 375 432 619 796 841 899 923 996 1169 1304 
64 337 541 589 692 693 772 939 973 1271 1312 1325 1372 1375 
101 423 693 738 987 1235 
130 239 482 587 667 768 773 866 876 951 979 1206 
60 101 211 1006 1126 1137 1199 1236 1388 
11 20 329 483 492 512 728 823 832 981 997 1017 1282 1285 1299 1370 1430 
92 99 129 448 520 579 740 794 1088 1293 
188 269 467 550 893 1021 1260 1269 1288 1390 
158 197 297 451 480 637 1302 1309 
51 88 306 328 480 485 770 890 925 927 959 1342 
232 363 507 515 669 881 1007 1020 1078 1158 
166 288 436 504 696 845 964 1300 1408 
125 150 304 406 434 481 487 693 771 1246 1272 1304 
13 49 645 662 1196 1256 
303 334 391 563 685 855 959 1104 1137 1183 1428 
224 288 323 365 452 496 609 650 654 779 827 957 1154 1235 1407 
135 163 297 415 487 637 754 839 872 1133 1223 1358 1402 
309 391 771 855 857 894 1006 1050 1088 1108 
18 74 252 376 599 632 675 768 881 1002 1009 1154 1206 1323 1419 
5 126 132 155 472 563 652 684 686 731 963 1014 1107 1193 1239 1390 
129 226 307 621 667 810 1097 1234 1300 
127 177 190 274 279 469 505 850 861 1030 1083 1123 1325 
52 55 167 385 681 692 795 1119 1180 1225 
105 247 260 329 331 358 433 622 852 876 990 1009 1023 1024 1064 1095 1193 
415 461 672 782 807 917 936 1122 1135 1140 1165 
166 316 436 507 515 591 878 1034 1404 1430 
10 112 184 296 597 850 942 1124 1160 1385 1390 1427 
30 282 350 515 530 551 795 1005 
8 66 69 141 166 193 508 888 1103 1206 1399 
2 69 415 471 530 568 700 721 1126 1297 1374 
136 178 431 457 900 1110 1211 1231 1269 1382 
252 320 364 382 389 442 570 670 729 771 
23 402 649 700 701 712 777 987 1187 1273 
162 431 585 702 835 891 991 1001 1326 1331 
193 325 606 1033 1160 1208 1283 1335 
31 67 161 417 419 835 1209 1390 
86 306 390 458 482 601 689 801 818 826 864 943 1184 1215 1338 
19 57 142 229 471 598 744 900 1302 1344 1349 1385 1403 1404 1410 
278 443 609 728 922 1140 1328 
75 426 538 650 843 1031 1170 1414 
36 76 218 236 289 307 335 577 644 800 1395 
190 283 377 558 565 632 662 681 797 1047 1057 1340 
16 95 98 332 363 521 869 1372 
203 357 420 433 446 452 592 625 900 990 1055 1131 1158 1170 1247 1350 
10 67 71 327 707 863 998 1224 
76 250 386 447 489 646 728 827 932 1099 1280 
13 225 938 982 986 1092 1391 
177 315 381 576 807 953 1157 1245 1411 
31 150 279 327 343 532 576 707 1022 1077 1200 1262 1291 
189 267 475 527 660 688 689 698 834 940 1211 1350 1395 
250 277 386 419 468 556 677 809 841 858 887 898 942 952 1096 1208 
200 706 805 1262 1361 1431 
112 343 631 707 747 1112 1195 1259 1289 1398 1410 
256 483 550 657 677 872 890 1002 1207 
270 426 811 813 1002 1012 1395 
415 503 602 781 823 1074 1172 1386 1403 
43 45 64 333 461 623 659 679 767 899 1053 1059 1120 1235 1263 
135 409 441 584 716 767 798 998 1227 1338 1361 1393 1427 
20 94 150 176 199 209 332 400 448 835 1005 1016 1233 1241 1280 
240 244 329 368 382 503 644 682 837 939 1084 1312 1345 1426 
18 55 208 269 357 577 719 826 837 940 1132 1168 1205 1209 
14 127 157 334 821 848 1063 1409 
183 387 465 514 686 769 770 846 1000 1246 1339 
165 195 617 787 882 991 1216 1222 1272 1312 
77 139 185 210 365 794 829 936 1043 1427 
12 118 160 420 470 471 1035 1220 1244 1325 
33 603 677 792 933 1031 1048 1249 1252 1298 1404 
131 196 255 597 689 720 728 744 1137 1245 1317 1356 
63 212 237 245 458 510 760 865 977 1000 1091 1161 1261 1262 
651 695 1325 1355 1360 1361 
68 111 304 391 453 569 799 842 900 1004 1123 
331 543 664 696 828 891 926 986 993 1086 1221 1282 1289 1410 
147 161 225 566 577 853 1151 
53 367 395 956 1052 1057 1158 1345 1346 
11 17 105 205 243 312 313 618 640 934 1353 1424 
241 299 417 460 653 741 945 1180 1216 1314 
172 421 441 454 461 695 957 1005 1034 1045 1132 1156 1188 1195 1425 
1 43 81 96 189 229 238 265 308 331 388 424 430 477 480 620 671 674 1126 1188 1329 
33 249 269 440 562 570 855 983 1193 
35 97 117 180 209 306 552 665 941 1134 1277 1308 1357 
179 180 246 354 379 402 412 808 818 910 
36 575 685 819 1022 1080 1404 
125 208 411 516 533 736 819 857 1280 1302 1312 1398 1401 
24 185 189 303 424 523 652 919 958 1220 
155 303 452 541 551 676 717 806 926 1013 1217 1288 1396 
140 435 761 770 773 917 997 1182 1254 1280 1313 
276 384 812 1065 1078 
59 254 500 503 569 736 738 845 855 944 949 995 1085 
183 687 777 823 946 984 1036 1182 1206 1305 1414 
51 173 731 817 946 1220 1282 
135 423 434 479 553 614 634 1013 1016 1084 1345 1374 1433 
50 260 455 487 529 531 847 987 1036 1127 1182 1193 1227 1240 1288 
23 141 344 368 548 562 652 945 946 954 1059 1130 1174 1301 1310 1396 1431 
31 398 535 824 921 946 987 1081 1265 1279 1307 
63 127 216 244 373 386 411 426 586 594 604 682 713 911 1104 1144 1187 1291 1342 1379 
388 389 545 1059 1149 1322 1334 
48 97 263 334 375 630 859 926 968 1028 
370 374 431 586 593 857 864 949 1208 1287 
141 273 277 533 663 795 1077 1097 
123 238 444 700 824 
46 61 75 139 202 234 252 288 357 398 563 607 640 776 1074 1221 1392 
57 75 434 552 648 771 873 987 1023 1119 1243 1297 
1 50 78 252 300 306 384 418 467 784 1226 
57 271 287 676 733 880 977 1123 1339 
168 285 347 419 428 489 784 1232 1286 1298 1300 1308 1342 1409 
185 189 243 290 325 478 530 568 850 853 980 1278 1325 1372 
34 151 158 269 423 751 842 990 1103 1104 1213 1262 1363 
8 42 462 652 756 770 885 916 925 1003 1087 
126 230 414 651 675 676 846 918 
213 427 477 659 1223 
20 22 101 133 141 190 482 520 546 549 569 684 711 731 828 1092 1098 1221 1330 1339 1433 
194 346 633 651 661 665 686 1187 1194 1287 
22 39 117 179 491 558 748 808 882 926 1089 1163 1164 1228 
105 111 114 409 510 924 959 1006 1033 1066 1141 1302 1309 1356 
277 281 360 381 450 644 678 909 1055 1184 1233 1275 1282 1349 
104 177 215 321 370 630 830 1219 1433 
41 351 413 445 986 1000 1003 1113 1231 
57 95 143 161 202 340 400 448 475 497 569 772 892 1304 1390 
37 333 370 429 469 485 711 995 1091 1174 1384 
3 186 759 977 1166 1312 1353 
425 572 697 703 780 921 927 1005 1020 1118 1168 1268 1272 
73 143 256 477 697 704 760 1025 1120 1143 1267 1360 1429 
64 83 151 168 171 199 223 345 559 644 1110 1187 1400 
169 474 510 548 750 923 1219 1274 1299 1323 
1 93 154 171 376 386 442 446 574 617 927 937 1258 
68 309 414 462 605 615 974 1000 1232 1291 1323 1358 1372 1418 
468 656 677 821 1246 1412 1432 
109 207 467 717 850 892 1049 1149 1371 
178 227 272 289 329 500 573 644 781 843 912 1164 1304 
31 165 197 252 455 473 507 930 972 1213 1226 1282 
108 157 596 643 692 745 748 870 898 1079 1152 1260 
58 99 102 343 441 495 535 584 733 869 878 1112 1125 1134 1230 1352 1415 
479 557 600 605 847 1032 1156 1206 1355 
68 112 186 363 520 690 718 1001 
76 239 271 362 397 449 623 650 1023 1031 1120 1187 1260 
63 260 515 551 597 608 827 1118 1139 1171 1188 1262 1348 1433 
80 244 293 393 833 1330 1402 1406 
28 68 128 193 664 880 1015 1065 1249 1254 1266 1288 1313 
302 372 397 477 504 541 555 645 771 790 1211 1312 
172 288 321 705 929 1387 
66 142 655 713 776 890 1104 
53 161 224 326 344 347 482 489 591 620 756 816 948 1009 1119 1209 1249 
94 374 393 511 859 991 1022 1087 1148 1215 
367 457 672 779 889 924 1202 1211 1267 1297 1332 1407 
150 163 323 943 946 1027 1242 1279 
326 371 583 641 980 1006 1132 
222 229 325 398 506 619 632 660 800 848 879 915 989 1256 1364 1429 
247 353 422 428 469 512 559 588 639 829 916 950 1166 1363 1416 
14 103 270 570 721 778 833 910 954 1088 1155 1342 1360 1373 
54 66 156 577 596 673 801 871 921 976 979 1312 
120 309 420 432 490 611 668 802 941 971 985 1072 1180 1207 1220 1253 
112 413 617 852 908 
32 276 343 549 595 779 900 1106 1138 1164 1214 1390 1393 1400 
41 260 288 418 622 638 756 1080 1083 1234 
419 441 663 764 914 1042 1189 
315 331 400 428 450 468 522 795 798 828 1082 1119 1322 
3 41 154 191 200 251 752 778 833 860 886 910 1240 1416 
125 226 274 279 323 353 394 471 570 639 764 1135 1181 1191 1254 1275 1302 
9 291 398 609 641 662 854 860 1217 1287 
306 324 668 728 792 865 899 928 950 1179 1188 
22 61 153 167 260 324 527 871 893 1033 1217 1224 1226 1256 1309 1353 1372 
6 108 265 391 415 459 640 732 760 826 942 1174 1213 1289 1342 
54 106 158 243 246 299 390 463 611 652 1013 1107 1415 
598 645 725 793 840 921 993 1147 1247 1266 1290 1328 1350 
119 183 216 365 371 405 517 538 924 943 1193 1291 
386 419 529 877 1041 1201 1367 
61 129 302 399 448 561 642 903 963 1100 1344 1359 
110 421 838 980 1076 1305 
19 363 367 507 521 711 1304 
77 322 329 375 387 455 479 534 611 835 995 1243 1409 
51 121 395 477 687 870 902 1351 1366 1409 1423 
157 208 287 346 384 457 526 619 637 820 914 975 993 1022 1154 
10 21 459 470 472 535 544 566 694 740 741 811 842 870 906 1234 
10 20 261 309 580 590 923 948 1033 1162 1341 
9 35 88 116 494 579 588 922 1054 1068 1113 
844 1077 
10 65 171 393 406 417 485 564 597 604 744 765 785 1019 1026 1076 1275 1288 
241 405 588 623 638 744 780 1039 1064 1255 
47 912 958 1160 1182 
29 78 650 988 1219 
43 54 81 127 286 342 496 611 825 857 972 975 1146 1261 1298 1340 1394 
36 95 518 569 703 795 886 910 1018 1047 1075 1117 1348 1376 
67 73 96 108 311 323 771 790 902 925 1025 1125 1381 
17 163 309 569 583 623 691 778 831 951 993 
345 380 451 618 797 919 969 993 1109 
41 208 337 354 448 469 748 785 1095 1182 1191 1380 
89 199 245 253 258 284 390 692 1087 1139 1330 1363 
200 650 809 861 900 929 976 1371 
114 168 214 264 304 405 469 504 663 701 928 965 1161 1357 
159 331 382 447 528 548 901 927 933 1392 
264 279 333 383 394 523 613 812 983 1331 
34 120 272 294 379 670 701 787 811 941 957 1019 1048 1070 1177 1257 1332 
183 305 396 564 920 945 977 1016 1281 1358 
86 132 168 169 185 376 633 646 702 1248 1340 1384 1419 
113 220 231 319 335 641 728 737 892 970 1318 1343 1412 
54 179 306 312 425 1047 1101 1223 1255 
57 100 163 349 424 533 589 740 917 921 931 993 1245 
159 161 268 283 323 603 721 818 862 1028 1261 
153 221 338 464 475 631 692 809 830 1055 1065 1179 1212 1406 1407 
85 87 199 333 376 384 452 535 551 637 726 1001 1208 1278 1387 
89 347 526 628 811 1064 1092 1244 1311 1394 
74 144 152 166 191 306 501 511 517 782 1215 1304 
121 122 259 262 326 438 533 598 671 894 1227 1323 1407 
51 63 126 216 229 379 513 630 909 1006 1008 1183 1301 
148 252 272 437 593 869 975 999 1050 1264 1397 
20 22 33 51 241 319 330 507 547 616 722 884 989 1069 1146 1156 
84 109 120 123 314 553 554 642 764 866 928 985 1096 1164 1401 1424 
240 254 653 688 713 1066 
27 79 221 433 506 534 630 779 783 786 957 965 1007 1099 1396 1406 
431 526 700 734 1118 1141 1230 1267 1367 1414 
127 193 755 757 801 808 827 931 1010 1265 1301 
125 145 307 469 487 594 660 729 891 929 997 1001 1216 1228 1303 
89 200 286 305 360 383 491 582 710 906 983 1050 1156 1201 
260 353 962 1264 1354 1371 1434 
2 267 692 912 985 
132 328 793 1100 1279 1319 1378 
345 461 542 628 638 854 958 971 988 1038 1294 1330 
42 272 353 480 548 754 842 1038 1347 
107 126 189 274 418 539 791 855 898 996 1071 1171 
202 235 287 346 395 414 649 862 1025 1089 1141 1152 1218 1291 1309 1316 1345 
209 363 608 682 778 792 902 995 1077 1111 1112 1180 
4 10 19 57 102 343 384 530 730 862 865 990 1053 1291 1409 
237 413 476 487 759 837 851 1008 1161 1223 
244 272 313 428 463 633 792 794 899 904 1025 1114 1162 1336 1353 
85 142 175 181 299 694 699 737 881 1345 
13 207 305 476 597 778 1024 1144 1388 
226 320 358 398 580 717 910 933 1007 1082 1202 
19 705 718 776 840 946 1174 1184 1224 1288 1353 
45 89 105 259 372 400 467 506 941 987 1068 1206 1210 1261 
59 115 207 265 297 548 624 660 1018 1155 1187 1369 1373 1393 
50 73 390 401 626 796 904 932 963 1182 1218 
22 208 304 577 666 826 894 948 1001 1077 1213 1365 1372 1433 
146 253 285 305 445 613 626 672 782 872 1112 1144 1234 
217 336 354 1016 1047 1134 1182 1258 1339 1376 
391 452 515 556 719 937 1185 1208 1356 
31 427 634 666 853 992 1168 1241 1324 
291 579 946 1144 1308 1419 
49 141 159 479 513 651 656 1126 1155 1417 
236 331 356 457 600 626 630 681 896 1177 
7 149 168 201 279 355 384 633 646 665 774 913 974 976 997 
250 347 376 414 417 440 506 515 701 735 737 1034 1079 1321 1421 
32 202 294 401 501 526 533 820 861 892 1025 1197 1268 1290 1292 1414 
258 266 294 386 472 507 539 623 929 1333 1366 
89 123 248 401 471 493 518 520 552 595 611 812 980 1131 1351 
358 485 838 856 963 1378 1397 
352 631 673 677 883 1223 
53 118 161 177 221 222 227 278 346 427 658 712 854 989 1046 1180 1423 
8 35 125 451 454 749 846 858 928 1069 
98 222 306 338 350 367 399 611 753 893 990 1056 1433 
50 334 501 676 687 968 990 1127 1166 1197 
319 361 398 466 535 664 686 729 898 926 962 1154 
49 97 237 238 306 446 795 923 935 980 1199 1240 1291 
31 54 82 208 241 494 765 977 1202 
232 265 339 370 705 779 1095 1196 
58 84 234 282 601 607 625 650 665 961 963 
638 681 743 821 1177 1203 1280 1405 
116 218 238 347 405 473 691 830 924 960 1054 1225 1330 
149 171 586 817 1029 1034 1173 1378 
83 241 245 320 440 451 746 765 1179 1201 1216 1288 
142 635 640 650 837 989 
156 182 274 333 370 586 617 716 788 971 1050 1055 1127 1397 
48 99 175 217 379 543 558 623 841 986 989 1294 1432 
163 216 341 441 506 580 804 1260 1349 
12 64 234 564 582 756 762 845 890 1113 1151 1367 
198 472 569 793 848 1225 1301 1391 1428 
48 218 403 481 579 608 705 725 1026 1184 
360 561 626 663 722 825 1027 1161 1168 1169 1415 
83 194 195 244 409 563 853 955 963 1086 
346 904 931 957 1012 1056 1062 1339 1387 
55 161 175 612 725 894 948 1246 
138 202 221 676 872 1030 1118 1234 1269 1274 1406 
53 316 357 670 678 694 733 796 820 880 896 995 997 1004 1263 
106 197 213 430 470 478 506 582 691 866 922 1091 
133 674 850 959 975 1026 1283 1300 
284 288 316 656 677 686 773 788 830 832 1084 1161 1173 1411 
46 64 89 240 367 417 530 604 673 703 817 861 886 1013 1336 
135 151 167 250 611 697 745 752 779 1045 1136 1243 1315 1429 
76 90 116 190 198 375 437 457 469 491 501 540 828 1063 1145 
177 239 254 358 397 434 471 546 666 813 881 1196 1246 1327 1339 1391 
9 141 201 209 257 732 969 1010 1080 1083 1097 1156 1160 1212 1308 1309 1334 
128 153 693 830 847 901 927 951 1183 1204 1228 1239 1288 1359 
88 297 342 352 522 666 913 1087 1140 1390 
161 219 371 430 532 693 698 785 923 1036 1106 1224 1356 1360 
23 51 93 234 376 550 620 679 931 951 1016 1017 1250 
103 432 466 583 603 747 922 996 1026 
98 291 712 739 1042 1313 1315 1432 
239 254 256 364 463 469 555 873 943 1344 
68 178 224 311 660 914 973 1006 1298 
2 393 430 934 1020 1025 1210 1279 1316 1335 
92 129 165 213 410 472 532 534 602 698 1134 1175 1270 
41 48 62 142 178 1125 1293 1321 
193 209 235 339 362 472 579 609 613 640 759 783 889 986 1275 
82 271 397 568 569 654 674 732 782 802 818 896 1077 1173 1301 
384 510 544 639 719 740 772 1027 1035 1299 1343 
160 312 419 1206 1301 1406 
571 813 859 1326 
57 94 179 603 748 767 977 1265 1280 
56 141 200 400 429 438 470 716 753 779 808 1061 1297 
10 55 278 389 827 1304 
14 163 418 544 550 687 957 1043 1101 1196 1296 1363 
80 133 220 320 394 684 753 1124 1351 
19 38 52 193 256 258 334 450 504 604 627 691 887 1108 1227 
9 320 689 758 1161 1189 1221 1414 
8 18 28 277 511 518 539 937 939 1344 1349 
8 162 311 327 425 431 470 987 1004 1054 1143 1287 1324 1421 
109 157 202 398 437 518 555 565 711 844 901 918 963 988 1419 
322 360 401 428 479 857 897 1319 
52 193 887 964 1085 
36 224 980 1037 1059 1164 1197 
44 140 158 173 198 201 268 393 771 876 953 1000 1139 1235 
120 137 189 226 447 471 532 608 658 702 855 867 1189 
96 189 506 645 787 826 1046 1111 1216 1242 1328 
30 51 177 230 313 367 754 788 802 858 1020 1091 1105 1122 1163 1202 1348 
81 211 445 871 1012 1142 1307 1315 
134 148 300 490 563 657 722 1037 1358 1381 
37 401 522 528 664 674 717 758 760 784 825 891 945 965 1195 1225 1379 
2 192 225 324 819 976 1014 1118 1167 1311 1351 
339 507 777 1189 1317 1340 
160 434 585 621 646 696 739 844 1041 1090 1429 1434 
185 186 204 228 321 352 418 446 458 626 704 750 763 801 918 979 1240 1329 
108 142 219 339 381 579 666 1018 1044 1213 1313 
21 216 236 282 512 528 620 699 735 816 846 1016 
19 154 198 256 313 364 428 627 688 768 1218 1306 1331 1406 
71 308 330 472 656 657 679 946 1196 1328 1378 1401 
171 319 435 568 616 813 843 854 
435 577 650 772 1036 1068 1077 1166 1240 1256 
13 21 138 367 515 534 609 637 717 774 937 1049 1053 1249 1330 1430 
183 206 279 463 702 705 858 936 1020 1030 
12 203 361 757 795 812 920 1165 1314 1351 1362 
48 107 132 187 225 270 341 490 788 987 1094 1123 1271 1353 
157 351 376 622 637 649 895 1089 1256 1336 
633 
59 137 150 164 395 495 578 583 702 860 903 1068 1129 1219 
66 307 321 571 953 967 1285 1413 1432 
22 156 243 248 329 496 543 569 607 629 680 713 764 776 795 822 955 956 985 1085 1105 1162 1354 1397 
135 150 219 405 421 492 603 797 
93 176 270 534 1068 1119 1159 1307 1369 1374 1403 
12 126 301 401 572 641 728 855 1020 1368 1376 1378 
701 797 887 907 959 1216 1341 
48 258 334 521 553 665 699 762 810 817 830 1123 1164 1359 
66 70 226 299 316 339 346 410 412 493 521 563 861 954 1015 1029 1115 1138 1189 1194 1272 1354 1376 
45 64 221 260 307 377 386 916 937 1000 1028 
13 18 140 153 524 562 621 762 829 1074 1144 1209 
21 66 349 566 788 874 1020 1253 1260 
166 357 595 657 685 856 922 1071 
353 575 591 625 654 935 1102 
15 57 162 310 574 726 789 887 927 1081 1115 1204 
26 31 145 276 277 991 1136 
269 289 301 378 460 554 804 812 820 885 943 1269 
6 561 634 847 862 944 1078 
31 139 159 198 235 403 465 494 520 549 598 711 725 1063 1423 
13 114 116 214 402 455 491 610 625 918 954 1038 
16 644 724 844 1156 1226 1366 
63 205 441 492 501 661 704 1282 1296 
172 183 374 412 513 561 664 698 705 714 769 966 1424 1426 
286 360 663 920 955 1012 1080 1156 1423 
45 105 211 262 547 612 658 1320 1390 1431 
323 326 486 489 607 929 1029 1225 
225 232 619 681 853 1009 1074 1116 1136 1275 1314 1395 1406 
21 376 403 406 726 805 818 852 866 1085 1149 1265 1286 
70 230 425 760 791 830 1277 
26 46 83 402 591 776 777 780 868 995 1207 1285 1322 1402 
37 105 106 136 254 370 574 590 753 850 1026 1043 1049 1286 1381 
113 272 597 636 1323 1343 1348 1367 
1 176 186 326 433 628 787 936 1146 1172 1350 1398 1419 
101 141 173 323 440 694 739 794 936 1005 1099 
90 381 472 573 653 680 738 789 895 1055 1269 1349 1425 
25 95 359 378 645 672 814 893 1125 1174 1423 
125 255 296 364 405 454 592 659 663 713 1028 1293 1431 
29 67 266 392 431 579 622 630 940 991 1125 1254 1293 
19 195 247 611 685 844 1013 1386 1422 
7 43 112 361 467 647 934 
11 265 483 698 724 899 1047 1061 1111 
163 284 518 886 917 
295 426 513 525 564 625 664 676 924 1056 1113 1183 1226 1360 1408 1424 
23 323 405 504 530 703 719 780 913 1071 1132 1381 1429 
89 203 354 361 738 745 830 846 885 899 925 995 1072 1075 1219 1222 1252 1288 1305 1312 1386 1420 
263 694 935 1240 1246 1289 1369 1407 
62 112 329 483 563 586 711 795 820 903 1021 1188 
73 191 194 364 449 494 539 709 754 809 1044 1388 
58 244 267 387 520 555 656 700 745 830 955 1099 1133 1160 1186 1241 1266 1411 
18 119 142 580 664 829 1063 1159 1297 1414 
73 218 220 379 391 398 409 472 477 505 599 1054 1105 1148 1195 1214 1239 1301 1317 
6 59 90 498 585 617 638 912 957 1057 1133 1168 1190 
100 121 188 419 461 520 644 707 732 769 852 925 1055 1152 
32 33 91 133 319 622 704 1036 1157 
81 141 212 354 737 817 893 1004 1060 1091 1130 1150 1187 1195 1238 
48 434 553 1006 1175 1235 1251 1293 1414 
120 292 353 380 489 612 631 678 796 893 1041 1069 1198 1229 
160 221 303 413 724 752 895 947 1100 1254 1283 1286 1335 1425 
94 119 186 229 375 400 587 722 905 910 965 1013 1091 1164 1213 1217 
69 306 370 512 550 704 861 915 1034 1049 1057 1127 1241 1346 1368 1393 
144 209 223 249 547 571 626 1141 1347 
252 382 559 598 614 661 944 951 979 996 1148 1244 1272 1284 
26 48 285 363 406 412 471 490 707 759 765 981 1012 1071 1113 1401 
178 458 852 1020 1164 1309 1347 
21 94 272 483 574 580 603 850 1404 
37 189 459 461 467 495 548 621 650 707 828 882 1015 1386 1415 
46 151 530 551 687 692 699 734 1226 1244 
29 112 113 151 429 445 593 813 1022 1096 1258 
146 563 782 807 1116 1350 
8 42 325 344 432 437 467 598 864 880 913 1155 1317 
107 203 281 427 474 617 1060 1186 1318 1343 1347 
13 33 99 182 247 270 375 883 1192 1210 
62 90 110 132 174 199 218 340 422 452 468 560 770 851 1097 1263 1303 1325 1350 
83 153 319 464 578 664 859 914 934 944 997 1144 1222 1241 1257 1305 1369 
18 196 488 922 967 1061 1151 1224 1251 1307 1416 
47 142 592 639 849 905 1168 1382 1384 1397 1413 
37 128 175 237 245 400 428 555 559 653 770 785 834 894 1055 1353 
86 136 227 382 406 445 484 612 694 828 1047 1263 
376 386 522 636 707 773 865 990 1045 1169 1243 1261 1285 1293 
17 172 303 329 390 488 520 710 1012 1353 1382 
374 387 423 566 1139 1232 
395 435 644 722 799 898 980 1105 1134 1250 1264 1353 1433 
359 767 859 860 949 1397 1406 
70 127 269 288 343 351 357 581 613 642 670 681 790 1029 1275 1289 1340 
43 71 242 367 392 540 596 712 778 802 862 928 1109 1161 1253 
87 120 212 274 422 468 547 656 1092 1214 1340 
17 87 141 147 188 600 677 799 910 942 1127 1143 1238 1249 1274 1310 
68 176 188 330 653 821 974 1026 1214 
161 194 197 261 448 559 695 770 960 1050 1056 1359 
244 268 363 408 416 483 488 554 626 671 698 829 835 838 967 1032 1152 1165 1177 1248 1273 
103 298 337 340 466 655 784 813 929 1141 1250 1384 
16 55 108 248 312 321 336 391 692 696 703 899 911 1164 1176 
103 304 436 595 637 648 684 762 840 960 977 1050 1216 1221 1230 1247 1319 1375 
29 62 157 244 521 574 863 951 999 1001 1032 1064 1230 1257 1371 
47 369 651 668 1270 1279 1315 1375 
9 30 102 170 355 466 503 552 609 646 759 836 978 1079 1094 1247 1260 1403 
282 543 552 573 871 1099 
159 475 539 585 715 804 856 885 894 1072 1161 1426 
70 285 338 597 804 824 893 907 949 1005 1018 1035 1048 1220 1264 1347 1350 1355 1403 1424 
18 278 375 440 458 516 692 734 871 902 941 1049 
52 55 340 582 622 830 887 972 1042 1430 1434 
199 242 270 387 702 774 993 1190 1267 1311 1431 
327 383 417 495 584 597 676 694 733 828 929 1314 1362 1434 
300 366 479 544 583 603 610 634 696 787 1038 1228 1336 1375 1379 
308 340 468 483 568 708 728 981 1099 1144 
79 205 460 464 507 510 549 722 801 1007 1037 1268 
150 189 228 232 249 736 757 842 846 888 953 1194 
29 200 379 388 655 775 981 1026 1190 1271 1396 
19 64 239 677 1007 1133 1398 
152 227 260 420 500 644 706 760 961 991 1038 1129 1167 1268 1317 1320 1389 1406 
27 199 306 431 650 911 988 992 1071 1115 1133 1216 1400 
139 203 253 372 461 596 694 716 748 831 897 930 1111 1252 1399 
64 378 474 504 868 1004 1018 1257 1262 1381 1421 
139 179 306 502 521 544 721 1081 1162 1231 
9 247 337 798 927 1058 1102 1318 
13 313 332 337 478 499 603 663 780 974 1115 1261 
87 279 282 295 355 474 503 647 669 794 973 987 1057 1259 1312 
22 77 147 343 500 617 865 926 985 1087 1146 1354 
44 46 178 207 285 512 552 690 706 918 980 1066 1109 1185 1196 1275 
110 135 563 595 930 1010 1091 
4 251 270 467 484 587 644 690 770 826 889 892 930 1077 1149 1224 1225 1307 1421 
54 186 288 323 449 1086 1157 1430 
17 43 139 1072 1104 1120 1170 1350 1404 1419 
8 96 248 339 529 653 706 876 890 1184 1409 
117 210 243 310 573 599 797 945 1063 1143 1411 
169 248 291 340 479 503 723 739 942 973 988 1102 1166 1203 
124 197 317 399 478 528 627 805 861 954 1248 1279 1369 1376 1421 
88 184 278 436 551 698 933 988 1159 1311 
25 140 212 265 278 296 531 973 1027 1116 1188 1190 1250 
3 94 144 179 362 679 681 740 808 873 911 912 947 1010 1278 
76 412 485 501 530 720 812 821 919 1000 1012 1024 1231 1383 1414 
139 222 230 251 359 415 427 443 627 652 660 780 816 823 832 974 1146 1352 1367 1368 
121 169 206 217 230 231 241 509 511 726 1054 1146 1250 1277 1362 
43 169 401 453 500 594 606 638 663 672 699 743 928 936 955 
51 126 298 305 649 851 1188 1192 1286 
187 240 300 547 652 664 827 963 1181 1289 1389 1410 
60 99 184 349 350 505 801 950 1095 1102 1142 1183 1227 1272 
39 278 511 518 583 601 650 688 903 927 945 1078 1120 1181 1393 
135 199 453 550 568 627 694 806 822 859 1043 1057 
258 261 328 438 609 1393 1432 
261 417 420 469 567 709 716 781 791 817 837 1075 1104 1304 1372 
262 422 539 556 561 662 848 1003 1205 
349 410 504 604 652 848 1073 1074 1089 1310 
45 84 148 219 350 548 582 614 620 750 824 932 987 1103 1317 
88 209 368 456 482 494 556 583 722 759 960 1018 1124 
1 2 92 280 670 679 684 987 1201 1351 1409 
196 273 277 281 613 623 626 639 738 863 1275 1332 
4 197 665 840 1079 1303 
19 115 608 701 725 895 1210 1245 1313 1338 1367 
156 441 640 791 861 1071 1146 1225 
200 339 347 397 534 579 607 777 889 988 1009 1099 
261 475 514 645 918 1065 1103 
323 369 436 563 597 759 798 864 932 950 1009 1082 1149 1256 
35 583 748 979 1025 1071 1083 1241 1422 
125 192 658 842 1041 1292 1298 1388 
286 489 526 672 701 719 757 1047 1088 1151 1162 1351 1387 
200 313 356 455 544 555 952 1117 1119 1140 1381 
6 182 190 205 362 456 866 1080 1105 1183 1401 
81 161 289 463 522 604 716 1009 1038 1157 1161 1363 
6 141 296 691 850 866 946 978 1055 1102 1160 1184 1315 
258 377 426 674 786 948 962 1244 
434 495 543 619 642 666 705 845 913 943 1137 1143 
192 686 800 1053 1183 1187 1188 1320 
203 581 601 618 907 1031 1090 
105 392 494 498 579 709 742 868 879 881 1079 1088 1103 1138 1225 1398 1424 1432 
59 428 575 588 693 868 954 997 1031 1139 1191 1323 
196 864 953 973 1094 1099 1382 
34 68 234 267 274 296 388 423 566 665 739 896 919 942 970 1115 1176 
42 260 440 479 817 819 854 1318 1323 
26 450 863 1005 1226 1228 1264 1434 
57 248 318 339 742 758 1015 1138 1185 1210 1212 1415 
2 34 40 82 390 508 521 613 854 912 931 1009 1139 1144 1239 1336 
91 92 180 332 360 500 663 939 1004 1084 1159 1252 1283 1365 1397 
53 438 627 660 898 927 1051 
27 80 189 224 469 550 785 847 904 1125 1206 1219 1320 1343 1390 1426 
31 47 168 311 316 667 747 775 1213 1234 1250 1327 1380 
34 40 91 164 423 453 469 615 764 793 935 1251 1258 1283 1306 
83 231 316 595 605 707 872 1328 1339 
42 514 547 594 686 728 1082 1179 1215 1322 1379 1411 
235 401 425 522 690 767 999 1038 1179 1184 1197 1366 
156 304 401 762 787 873 910 1039 1356 1401 1409 
34 42 58 75 137 725 731 755 825 1160 1243 1292 1305 
3 92 484 694 926 1170 1287 1345 
56 73 92 266 296 405 406 905 1138 1350 
23 195 216 359 505 605 609 855 1029 1124 1227 1357 1376 
39 194 487 779 956 971 1018 1178 1325 
69 87 281 513 736 1009 1132 1159 
139 199 341 359 414 525 672 714 785 808 811 899 979 1221 1320 
77 105 197 476 895 1243 1395 
60 118 202 352 548 704 847 877 939 978 1169 1407 
27 80 335 905 1009 1038 1048 1158 1239 
385 505 618 1208 1357 1395 
12 191 477 526 529 591 824 884 943 995 1195 1225 1341 
144 200 245 446 541 608 843 889 956 1036 1212 1305 
86 187 439 742 959 979 1036 1345 1389 1406 1408 
64 336 370 382 492 779 
93 111 157 168 439 557 667 716 1178 1297 1424 
4 53 68 228 531 544 731 918 1161 1285 1289 1367 
188 348 451 520 623 656 705 713 809 896 981 1003 1036 1039 1084 1106 1140 1378 1432 
297 350 390 544 589 670 774 788 812 1118 1221 
215 314 922 964 976 985 1127 1145 1177 1404 
22 125 183 492 568 571 653 741 781 1141 1147 1191 
37 548 852 909 921 1079 1141 1212 1371 1378 
223 383 386 435 563 737 825 1077 1253 1396 
155 195 405 481 487 623 791 978 1372 1373 1391 
10 42 125 199 1083 1192 
101 285 286 525 643 740 880 1009 1370 
202 232 247 551 954 1062 1097 1212 
45 105 133 171 227 291 583 613 818 1036 1338 1381 
238 291 314 336 633 637 649 681 823 878 975 1170 1200 1300 1359 
211 241 246 260 330 367 411 538 813 1109 1193 
224 230 346 522 554 812 1054 1244 1298 
5 191 232 314 503 639 976 1023 1098 
110 468 555 662 760 784 810 965 1094 1205 
192 668 736 776 840 851 1071 1154 1293 1294 1306 1355 
329 369 456 563 590 775 893 958 1070 1124 1235 1298 1358 
261 317 546 590 711 991 1004 1105 1173 1242 
35 83 377 385 412 449 454 645 926 1047 1124 1203 1308 1365 
216 244 372 381 437 482 505 526 746 756 964 1024 1369 1422 
7 349 406 590 604 676 692 1178 1273 1330 
59 107 111 284 357 701 762 866 1084 1134 
6 8 42 120 253 430 461 521 629 815 916 1142 
43 132 202 437 520 1086 1126 1296 1328 1351 
160 214 331 333 544 651 774 802 891 1098 1152 1432 
405 414 511 637 735 748 840 882 917 1008 1020 1177 1193 1245 1246 1257 1341 
149 437 721 862 890 915 1098 1173 1271 1302 1407 
12 292 420 540 593 664 741 872 930 1281 
109 184 489 503 541 558 572 760 939 941 948 1257 1358 1408 
122 575 595 807 925 1027 1304 1384 
84 195 367 411 644 813 1133 1208 1286 1293 1357 
8 132 447 589 701 710 765 802 807 910 1046 1123 1327 1342 
19 164 207 295 388 449 452 853 1043 1165 1198 1403 
392 444 493 737 1051 1247 1361 
235 293 452 594 677 835 862 1059 1071 1355 1364 
50 87 251 256 327 384 410 480 557 563 607 927 954 975 1045 1081 1165 1304 
123 210 229 459 500 617 967 1287 1394 
25 66 219 270 413 564 567 685 1024 1118 1145 1170 1311 1356 
76 286 384 675 713 985 987 1135 1316 1351 1371 1414 
21 299 642 647 837 999 1244 1322 
200 269 375 723 1013 1024 1114 1296 1386 1418 
265 378 439 548 666 697 1086 
102 379 521 541 645 784 791 895 940 1010 1069 1144 1205 1224 1255 1312 
64 805 1410 
27 213 491 577 658 659 914 1097 
41 280 588 687 803 836 843 936 1015 1232 1340 
103 112 313 699 842 1169 1188 1374 
44 159 170 253 276 629 789 791 1031 1149 1157 1204 
59 104 121 185 223 309 341 439 526 690 748 895 1196 1231 1262 1283 1304 1305 1307 1324 1406 
42 279 416 427 608 759 953 1090 1194 
13 99 120 249 568 774 839 886 967 1059 1267 
56 66 82 283 401 420 429 748 877 1185 1224 1259 1345 1424 
26 182 315 419 472 557 577 691 760 772 823 834 908 1418 
283 507 524 553 628 651 771 790 844 908 1022 1205 1275 1412 
125 206 596 920 934 1118 1152 1320 1431 
62 73 191 782 964 1006 1367 
15 212 370 550 692 822 865 942 951 954 955 1027 1088 
57 107 318 486 504 568 615 701 729 926 1360 
8 157 211 265 309 426 521 588 769 942 1351 1357 
310 311 545 729 847 860 984 1012 1150 1156 1157 1212 1336 1415 
117 129 400 470 500 577 607 835 942 955 1112 1175 1191 1295 1327 1349 
141 152 167 290 355 484 648 691 859 885 946 1035 1163 
190 563 699 816 1169 1177 1347 
234 284 317 692 770 812 1298 
24 168 322 328 659 704 753 912 1116 1137 1287 1291 1426 
150 216 409 495 544 742 764 927 937 974 993 1313 1406 1413 
140 155 265 289 390 460 540 681 910 964 1173 1360 1363 
75 244 274 364 439 527 696 834 882 1002 1103 1202 1208 1268 1305 1377 
36 63 219 300 339 384 506 626 638 663 1028 1300 1330 
90 141 204 293 376 571 610 650 1029 1087 1252 1340 
196 344 427 485 503 509 568 589 605 609 661 937 942 1013 1172 1195 1343 1360 
86 412 672 956 1020 1039 1062 1100 1124 1187 1216 1234 1367 1405 
19 68 192 234 503 692 905 1076 1423 
6 77 97 177 365 377 385 1013 1156 1159 1429 
55 278 637 812 827 892 908 977 1049 1077 1425 
262 264 287 398 650 794 820 963 1139 1252 1359 
213 656 805 889 935 1202 1241 1295 1329 1405 
21 288 289 451 488 701 799 890 1004 1039 1047 1103 1329 
163 194 396 473 650 1003 1104 1166 1354 
111 150 245 810 840 947 1053 1291 1328 1337 1364 1428 
52 66 71 82 164 392 456 653 708 775 785 839 914 1062 1068 1101 1396 
33 101 102 125 191 229 279 490 979 1070 1154 1190 1274 1349 
24 299 335 401 446 667 715 806 1004 1108 1243 
268 357 553 754 805 1263 1366 
404 534 547 581 599 813 1040 1085 1320 1356 1412 
12 14 113 240 316 492 722 934 954 1152 1199 1276 1368 
92 178 198 291 337 476 550 605 667 871 886 912 915 933 1126 1411 
12 174 320 361 509 578 735 750 819 975 976 1143 1307 1325 1417 
212 290 375 493 702 703 873 1099 1325 1361 1431 
636 1087 1205 1263 1319 1358 1365 1404 
42 69 250 255 334 356 502 591 625 720 1154 1201 1290 1388 
25 451 633 695 775 876 926 1149 
252 380 588 613 624 763 913 1100 1200 1410 
15 91 96 133 175 301 334 464 496 587 792 889 1328 
28 42 48 97 197 387 445 475 553 729 732 875 935 1099 1226 1314 1344 
19 34 103 218 243 246 307 316 447 539 566 745 912 934 1286 1417 
473 573 658 955 1064 1296 1299 1338 1393 
156 246 311 326 409 535 1007 1115 1176 
30 114 137 279 476 541 556 892 948 1031 1128 1309 1350 1364 
37 69 89 325 371 524 634 643 699 821 915 1068 1184 1196 1202 1310 1433 
116 385 387 561 643 819 878 1062 1155 1224 
148 250 416 470 504 569 620 687 710 914 1064 1126 
179 194 195 426 448 450 578 645 786 794 897 901 907 920 933 1267 1282 1376 
33 273 654 707 730 900 1021 1206 1212 1267 1271 1287 
15 40 107 265 326 630 713 727 900 940 1129 1158 1212 1237 1249 
69 107 189 224 297 388 450 639 678 816 921 1018 1032 1069 1149 1284 1319 1342 
163 232 435 501 588 718 720 781 1075 1270 1311 1386 
154 165 539 1193 1254 
1 30 590 673 725 726 892 913 1055 1374 
40 136 271 360 433 898 1002 1019 1046 1227 
95 117 220 359 399 401 934 943 1027 1066 1393 1397 
193 378 389 542 657 660 846 875 897 957 1052 
30 88 188 245 282 461 499 738 787 919 1274 1336 
330 515 690 741 848 1035 1082 1145 1200 
46 572 1027 1308 1328 1369 
6 22 133 171 220 854 871 1054 1156 1429 
30 35 80 105 177 232 252 538 684 851 882 924 996 1021 1146 1180 1316 
394 750 811 1052 1168 
59 101 154 162 254 360 770 860 889 1120 1216 
67 375 725 951 1069 1191 1337 1425 
217 332 366 500 630 767 916 988 992 1054 1064 1140 1356 
18 59 183 213 239 247 453 507 725 923 997 1034 1183 1206 1263 
126 138 292 341 626 785 827 876 915 953 1002 1100 1208 
37 64 79 97 474 632 1027 1254 1259 1402 
22 201 206 434 753 933 1095 1126 1164 1245 1266 1428 
117 152 176 336 577 605 658 821 949 962 970 1147 1208 1286 1291 1296 1347 
64 178 199 385 410 504 602 810 846 936 961 962 1066 1159 1269 
5 106 279 530 536 567 575 661 997 1017 1138 1328 1347 1364 
25 257 667 931 1000 1030 1182 1230 1381 
75 222 372 520 681 711 754 836 853 878 1192 1260 1262 
179 238 282 369 492 684 786 837 963 1098 1146 1213 1285 
17 44 262 300 440 544 784 901 925 955 1075 1144 1305 1354 1419 
7 13 106 118 153 346 356 423 470 681 834 858 868 1109 1211 1232 1238 
6 61 143 236 389 477 596 615 617 659 776 927 1150 1236 1387 1417 
30 124 157 227 246 431 460 498 637 658 939 1307 1400 
77 90 559 595 618 709 749 802 808 1085 1126 1419 
110 467 500 521 728 759 1070 1106 1235 1295 1335 
85 128 129 535 672 862 871 959 971 1070 
68 101 108 170 279 359 447 479 642 734 869 933 976 1106 1163 1336 1370 1396 
17 58 97 229 285 388 452 601 605 652 748 1308 1346 1392 
174 259 266 272 299 381 416 863 864 958 1028 1102 1117 1142 1264 
83 418 509 534 862 891 1148 1393 
111 399 411 449 660 931 1047 1183 1184 1267 1290 
81 395 561 607 698 
72 131 452 459 497 735 934 1031 1269 
31 97 619 636 744 751 832 1183 1371 
401 441 1048 1059 1109 1122 1163 1223 1373 
136 199 567 659 724 862 1046 1325 
165 380 812 813 834 1322 
41 226 343 432 763 1012 1196 1218 1314 
123 309 377 385 410 455 619 647 741 791 826 942 1052 1103 1147 1259 
65 323 652 671 690 1005 1036 1288 1386 
357 407 443 612 690 732 824 846 855 976 1017 1019 1050 1169 1209 1224 1267 1300 1314 
31 87 110 126 216 468 510 604 630 722 852 868 958 988 1069 1095 
159 167 214 383 400 516 634 804 840 861 1196 1212 
42 375 620 786 846 859 882 979 1085 1086 1361 1378 1402 
30 128 336 376 570 782 880 1000 1351 
46 220 253 314 425 602 785 969 988 1064 1107 1179 
25 57 100 337 534 548 580 679 712 758 938 955 1091 1237 1281 1311 1427 
50 77 105 159 312 413 691 728 872 995 1159 1182 
29 133 421 557 584 814 862 1132 1224 1319 
90 157 322 349 378 392 425 763 865 973 1006 1080 1373 
148 267 403 501 513 573 635 761 1142 1333 
24 209 229 352 402 480 511 881 1013 1033 1210 1360 
57 342 372 393 485 603 876 934 951 966 1010 1150 1212 
222 238 336 411 605 613 789 891 936 1165 1204 1251 1259 1287 1362 1369 
11 159 300 313 325 341 479 678 743 778 817 851 991 1311 1344 1390 
63 174 238 349 353 418 509 575 675 698 734 795 825 893 964 1007 1054 1087 
135 388 417 435 476 645 694 1030 1149 1205 1281 1377 
80 204 368 416 440 471 586 651 663 966 1385 1404 
23 72 165 358 672 680 681 787 943 1102 1165 1167 1374 
157 159 179 425 439 497 512 732 888 902 1010 1158 1312 1365 
3 274 459 704 713 1031 1035 1182 1263 1319 1393 
13 27 119 295 418 455 688 846 862 884 898 1023 1155 1276 1374 
84 303 517 600 634 814 845 855 870 904 924 1174 1336 1409 1415 
97 140 480 574 606 737 836 854 1218 
88 253 293 556 593 594 694 805 886 925 980 1197 1386 
131 353 463 532 555 570 825 830 965 1024 1283 1343 1420 
157 275 918 1274 
65 175 230 288 532 733 750 788 894 970 1008 1128 1191 1213 
278 289 598 802 864 1099 1293 1304 1323 1429 
308 379 420 457 660 788 1003 1031 1095 1138 
88 103 108 121 152 255 279 390 647 686 728 816 818 820 830 910 975 1001 1070 1152 1301 1321 1331 
129 214 265 373 393 515 577 722 753 870 930 1084 1095 1116 1123 1213 1252 1306 1406 
43 71 164 171 316 578 622 634 1033 1084 1093 1155 1179 1196 1361 1420 
186 304 321 421 544 685 698 997 1039 1120 1141 1161 1274 1295 
18 142 317 318 321 322 373 456 465 552 720 821 1012 1172 1191 
63 64 126 138 618 690 839 1155 1398 
67 86 97 212 370 402 460 498 721 788 858 991 994 1015 1085 
48 92 97 316 326 643 659 885 1137 1150 1398 
163 376 388 697 713 972 1017 1123 1137 1186 
232 412 509 512 622 654 816 879 924 1017 1169 1212 1214 1417 
73 216 279 717 972 1371 
100 127 276 538 562 667 727 809 882 1032 1199 1281 
12 133 155 321 377 569 580 687 726 768 795 816 845 1161 1371 1374 
59 109 162 496 563 584 609 694 816 820 856 891 918 984 1167 1210 1285 1294 1296 
105 302 563 746 754 831 1051 1146 1286 1360 1428 1434 
46 146 244 305 420 437 497 528 612 871 1042 1255 1269 1347 1366 1367 1419 
188 215 312 407 445 776 900 913 1131 1343 1352 1376 1399 
75 76 227 238 243 342 502 567 755 897 1230 1306 1347 
485 649 653 705 1064 1193 
188 483 670 886 978 1303 1304 1406 1415 
28 130 442 479 721 885 886 1043 1222 1368 1428 
151 248 395 459 473 483 496 534 696 835 890 1002 1017 1018 1157 1293 
126 163 240 536 761 779 815 826 927 1182 1255 1257 1406 
92 211 417 437 544 619 774 937 1055 1120 1317 
146 170 583 924 929 1057 1281 1314 1425 
562 635 650 796 810 1066 1232 1290 1355 
20 21 31 63 325 478 991 1094 
15 59 154 413 508 917 1177 1316 
66 80 99 135 423 728 885 939 1039 1087 1133 1141 1245 
26 203 379 445 489 746 897 1013 1064 
32 57 102 164 215 358 409 661 950 952 1333 1401 
64 230 516 677 686 689 727 921 1156 1189 1356 1429 
18 46 91 207 354 468 648 676 692 825 1277 1309 1365 1372 1399 1432 
47 176 181 400 409 433 502 770 795 847 942 1177 1227 1240 
99 378 416 468 545 761 773 847 898 912 1032 1071 1126 1137 1149 
23 211 297 332 348 421 481 525 653 834 1019 1189 1211 1217 1233 1361 
656 720 750 765 961 1120 1179 1275 1354 1383 
18 179 224 232 378 548 622 714 748 755 841 915 1086 1124 1195 1327 
113 334 374 396 472 480 537 642 679 936 1265 
27 225 234 623 665 668 759 1103 
224 275 1028 1248 1305 1307 
77 307 419 441 1055 1089 1105 1383 
64 114 119 123 196 206 317 819 955 1196 1357 
379 435 443 563 678 761 798 1052 1262 1380 1430 
147 209 275 300 345 490 520 1074 1266 1368 1406 
231 261 320 322 330 457 533 558 677 704 706 798 1059 1157 1161 1287 1333 1341 
132 408 445 534 671 686 688 711 880 913 917 1117 1251 
29 218 375 434 475 488 490 1040 1086 1093 1181 1232 1289 1293 1301 1304 1369 1403 
4 37 50 161 252 272 335 450 477 478 639 1103 1166 1277 
159 262 292 371 576 598 670 777 926 948 968 1304 1309 
464 671 880 
173 200 300 392 400 412 413 425 662 825 1064 1209 1306 
1 163 948 1156 1172 1262 1288 1354 1363 1380 
316 347 398 449 500 590 605 753 919 1027 1278 1387 
11 229 447 513 622 876 1081 1142 1188 1363 
90 209 234 314 440 468 500 634 726 881 887 945 1247 1377 
192 273 286 1227 1253 1403 
433 654 740 799 1128 1422 
93 143 149 154 291 297 345 354 538 570 691 888 916 1091 1327 1333 1385 
80 262 362 428 440 460 654 942 1027 1210 1264 
88 226 247 282 283 827 869 882 963 1049 1094 1291 1353 1367 
135 145 336 345 702 759 838 941 1164 1250 1273 1371 
299 500 533 615 673 733 777 837 842 1256 1266 1302 1350 
20 51 114 175 256 287 305 349 594 659 730 911 
15 233 246 342 374 432 516 616 815 921 1020 1043 1056 1110 1190 1426 
34 92 184 239 437 455 666 669 857 927 1121 
14 36 110 174 432 451 785 939 1019 1076 1228 1264 1431 
95 247 252 370 587 711 713 719 732 747 751 767 1104 1108 
224 439 508 680 690 802 924 931 1123 1243 1345 
103 1088 1144 1163 1390 1428 
68 283 497 542 584 623 640 691 819 909 946 1255 1364 1410 
22 90 101 225 313 319 391 504 599 619 800 830 833 923 971 1051 1079 1347 
99 142 248 545 1074 1248 1250 1260 
366 569 626 731 805 948 1075 1335 1392 
73 287 319 421 462 512 550 1025 1276 1280 1337 1408 
79 145 154 234 512 887 912 950 951 963 1328 
7 410 458 549 659 673 705 746 865 963 1052 1249 
405 420 869 912 977 1008 1022 1067 
55 239 349 517 541 556 566 572 624 785 831 1006 1026 1377 
13 18 236 607 863 876 1027 1069 1132 1284 1352 1395 
17 277 310 371 400 628 813 1019 1091 1315 1430 
252 330 363 773 933 1153 1221 1226 1429 
36 119 252 454 691 779 797 800 937 1044 1170 1186 1264 
202 350 411 448 452 470 517 714 1016 1032 1100 1293 1416 
14 108 143 405 494 502 513 591 648 668 1020 1034 1154 1282 1361 
373 495 522 689 789 816 870 874 883 995 1001 1021 1225 
325 426 570 597 828 900 982 1284 1300 1360 
107 486 569 586 644 745 829 1095 1122 1209 1315 1322 
250 499 556 888 928 1184 1384 
99 142 204 268 295 363 724 726 807 858 904 932 941 1114 
93 191 209 220 361 650 654 865 953 976 1025 1405 
42 182 209 263 342 389 402 923 944 1154 
38 179 254 305 469 486 620 881 1026 1081 
45 65 182 294 522 659 821 873 932 1127 1129 1136 1235 1274 1403 
86 317 320 511 554 614 754 755 759 769 911 1146 1151 1172 1419 
50 70 101 537 543 666 1355 1425 
8 23 74 149 182 445 446 580 664 670 719 740 751 1132 
62 168 406 741 759 831 837 945 970 1136 1301 1316 1425 
65 129 844 989 1093 1194 1296 1322 
72 394 547 617 715 1063 1071 1309 
37 383 514 661 957 1161 1171 1241 1293 1305 1343 
152 293 528 591 699 792 962 1006 1251 
169 549 608 1024 1048 1136 1247 
55 153 223 305 505 639 795 1130 1187 1216 
53 63 213 475 540 791 869 907 1429 
133 270 410 424 462 601 638 716 778 837 902 1219 
295 420 659 751 906 1044 1100 1235 
128 356 555 591 620 660 834 1002 1100 1172 1292 1394 
10 246 433 441 489 649 653 912 1077 
153 734 793 956 1013 
80 178 302 871 877 910 985 1018 1121 1237 1272 1403 
221 285 450 555 723 839 1090 1226 1252 1280 1344 1354 
149 403 485 533 611 693 772 875 880 927 1132 1137 1284 
272 343 427 489 595 613 637 720 868 965 983 1171 1395 1406 1425 
136 477 497 603 649 1006 1267 1279 1321 1370 
118 270 302 612 620 677 699 966 1240 
21 164 675 1076 
187 192 285 321 324 537 794 810 906 987 1119 1157 1161 1183 1355 1423 
70 615 631 1240 1288 1316 
526 601 635 1160 1275 
122 157 497 768 831 840 860 1097 1175 1180 
290 506 579 610 685 1041 1421 
84 153 252 406 429 654 856 861 880 917 960 971 993 1092 1160 
150 172 180 315 366 427 712 1217 1230 1324 1353 1426 
29 135 342 436 679 870 886 967 1176 1201 1269 1296 
11 38 191 1019 1168 1360 1388 
172 403 457 554 561 565 840 859 1143 1190 1271 1272 
95 120 434 476 617 802 865 879 913 1021 
1 131 420 776 841 896 897 942 1220 
38 196 447 573 604 623 671 710 714 775 794 976 1041 1173 1281 1364 
216 379 605 658 683 1151 1184 1289 1381 
703 1287 1346 
62 100 284 329 571 587 703 986 1014 1182 1261 1270 1317 
74 410 605 701 866 891 1015 1350 1431 
152 220 396 405 832 1008 1058 1328 1417 
161 277 327 404 449 460 521 554 681 764 834 1050 1243 1344 
14 214 239 315 578 698 
359 469 656 708 725 763 1013 1153 1270 
76 81 224 310 382 508 584 718 921 1272 
38 322 575 674 795 996 1034 1189 1350 1390 
129 384 455 713 739 873 1122 1131 1191 1295 1313 
20 70 138 250 382 508 714 766 1163 1199 1306 1308 1319 1420 
17 57 79 121 288 319 503 733 759 781 943 944 1120 1155 1269 1317 1335 1370 
46 316 536 563 588 844 895 915 948 
174 300 496 682 783 801 915 979 989 1343 
67 77 201 336 371 415 510 678 829 849 927 970 1329 
137 235 246 377 716 725 816 1011 1191 1335 1337 1362 
103 131 223 341 448 559 703 983 1092 1172 1223 
547 724 809 1053 1118 1130 1251 1270 1292 1368 
89 141 297 347 501 541 615 619 680 918 1000 1022 1139 1151 1160 1194 1385 
275 339 429 646 1064 1089 1290 1349 
67 130 944 989 1040 1418 
101 558 656 727 774 968 1002 1119 1264 1416 
114 252 414 482 697 884 913 941 943 1029 1150 1234 1291 
50 279 435 628 1225 
76 249 327 508 633 768 804 1062 1210 1261 1315 1390 1399 
115 117 339 773 784 786 890 1260 
274 437 594 609 657 665 711 727 848 854 940 1348 1373 
180 395 444 618 831 852 882 1025 1048 1049 1274 1328 1332 
173 424 528 840 1181 1215 1247 1299 1394 
155 574 675 686 697 720 900 930 1115 1274 1305 1350 1393 1397 
105 117 129 257 335 704 712 725 827 837 910 981 990 
44 72 196 205 243 323 335 369 683 701 838 1009 1112 1321 1345 1381 
541 563 611 642 718 777 983 1348 1369 1391 1425 
100 213 381 511 759 896 898 1344 1406 1410 1430 
25 248 391 917 1179 1180 1238 1254 1260 
199 246 530 842 1009 1307 1415 
218 220 413 645 679 771 892 906 1271 1399 
157 161 195 259 351 1006 1322 
14 90 187 449 540 601 672 1172 1337 
281 360 449 461 820 1104 1156 1251 1351 1356 
345 403 492 603 623 1175 1191 1263 
156 452 800 1031 1158 1408 
27 163 569 575 671 676 728 857 1102 1139 
587 629 689 824 943 1154 1191 1361 
410 717 900 988 1154 1255 1392 
223 349 364 438 499 545 760 797 814 1090 1193 
169 205 251 330 370 384 565 717 1059 1094 1245 
123 129 285 350 363 683 698 878 945 965 978 1084 1226 
94 1007 1052 1164 1192 
136 253 541 906 1029 1082 1228 1332 
71 135 142 149 250 299 332 558 568 791 943 950 1010 1252 1254 1405 
68 255 529 705 745 776 778 831 979 
174 360 411 519 596 598 735 1144 
102 233 258 306 466 783 846 861 884 895 976 1183 1317 
202 320 478 489 620 647 761 1035 1273 1358 1359 1375 1412 
858 939 999 
12 70 561 670 864 1035 1166 1230 1395 
161 190 223 321 615 1045 1090 1229 1245 1250 1302 1377 1388 1415 
25 73 140 174 272 472 958 1082 1245 1272 
169 289 305 374 604 747 920 1021 1038 1054 1299 1314 1349 1429 
38 245 609 612 669 671 790 970 
165 308 360 462 518 642 781 1136 
123 253 386 798 1136 1254 1283 1382 
43 104 505 576 587 1035 1039 1044 1134 1135 1200 1202 
90 233 243 296 722 824 949 950 976 1054 1338 
8 22 24 55 381 569 725 731 744 887 941 1321 1378 
364 415 538 641 726 732 835 1091 1115 1220 1261 
1 35 253 267 510 717 759 880 1254 1350 1418 
66 160 190 199 342 438 448 621 651 762 763 945 970 1145 1281 
100 110 153 542 697 782 900 922 996 
5 33 350 533 647 685 722 847 1068 1294 1332 
93 124 127 223 323 454 461 465 571 634 665 732 802 891 1011 1125 1215 1231 
182 506 761 797 873 1141 1358 1390 
221 409 434 593 678 692 693 710 876 890 956 1036 1165 1168 1183 
93 113 392 762 885 910 1213 1265 1369 1420 
117 371 611 622 901 1172 
90 97 197 324 356 588 681 713 807 851 865 928 976 1236 1248 1392 
56 135 615 819 893 924 949 1095 1199 1236 1368 
69 106 301 492 635 716 1036 1072 1091 1172 1281 1349 1387 
214 359 448 613 650 784 814 845 942 1323 
60 1023 1079 
169 244 247 400 479 775 841 850 1026 1033 1116 1117 1354 
5 211 224 377 458 466 630 860 933 944 947 1084 1219 1248 1274 
12 66 305 361 434 441 508 581 584 819 833 875 973 994 1112 1391 
224 276 614 682 719 807 819 963 987 1059 1183 1284 
25 42 66 83 204 239 272 302 751 864 931 1114 1333 1367 
565 610 688 733 747 833 886 919 1422 
23 255 263 407 508 609 720 742 1061 1064 1091 1229 1356 1367 
297 417 451 495 503 531 645 658 719 758 945 954 987 1042 1059 1363 
89 124 179 218 402 452 563 674 716 1256 1357 1420 
341 541 821 898 906 1011 1083 
341 357 381 435 537 568 619 624 652 884 1003 1121 1196 1372 1387 
108 143 215 253 557 650 792 795 925 930 1146 1213 1237 
10 348 376 478 554 686 838 990 1129 1183 1215 
28 42 545 670 930 955 1248 1421 
106 153 289 349 464 495 612 636 877 1067 1146 1220 1280 
229 495 639 750 806 822 912 951 1402 
70 72 120 200 268 272 683 743 770 797 1024 1252 1364 1404 
55 183 364 447 1042 1055 1172 
165 284 593 830 946 994 1036 1049 1089 1111 1148 1151 1171 1212 
486 503 521 777 786 826 1071 1216 1312 
122 321 347 390 456 596 934 
13 518 616 820 1062 1113 1201 1332 
19 121 133 652 728 857 1066 1391 
80 150 420 467 484 650 761 785 822 969 975 1197 1331 
149 746 757 780 1191 1231 1241 1265 1328 
3 388 427 487 739 740 917 944 978 1107 1217 1301 
3 15 60 176 251 304 379 449 475 876 1062 1107 1359 
2 23 66 386 696 698 989 1101 1186 1263 1401 
22 118 314 317 320 407 414 459 462 888 919 932 964 1074 1204 1243 1264 1383 
44 243 432 509 603 697 718 723 881 902 905 1059 1126 1146 1157 1166 1197 
140 215 265 343 456 494 684 720 740 859 902 1030 1072 
51 463 679 731 811 1282 
115 176 179 609 631 950 1024 1181 1323 1377 
58 83 261 323 340 351 363 458 615 723 831 1045 1192 1281 1366 1414 1425 
30 305 306 364 388 607 689 695 723 806 996 1196 1410 
14 141 383 531 539 546 569 973 977 1081 
14 612 662 668 689 841 1006 1068 1201 1401 
126 140 168 386 414 726 762 820 879 939 946 1082 1088 1113 1116 1178 1201 1335 1342 
80 131 632 695 766 889 1121 1187 1322 
248 252 307 320 393 771 785 867 960 1118 1229 1272 1304 1331 
118 340 569 667 809 1040 1091 1371 1388 
66 281 305 544 611 615 753 830 979 1409 
30 242 482 507 528 552 679 808 859 909 914 944 984 1164 1188 1395 
5 157 470 478 537 740 936 1177 1183 1207 1210 
617 792 1215 1227 
233 480 845 953 1083 1150 1365 1366 1427 
39 136 277 770 852 873 1136 1209 1311 1361 1431 
26 84 169 394 441 487 706 850 1066 1175 1190 1191 1308 1406 
372 455 481 541 827 836 859 1136 1208 1287 1301 
169 484 686 778 1357 
41 210 509 575 807 925 1182 1291 
114 150 289 702 774 802 813 849 928 1215 
23 83 112 232 247 257 317 361 457 523 735 863 881 1272 1413 
3 86 128 282 379 590 1197 1400 
57 137 263 279 326 428 463 752 790 827 882 885 1202 1309 1350 
264 289 370 571 912 993 1029 1200 
29 31 67 80 127 457 517 632 709 731 923 955 1001 1097 1197 1280 1336 1347 
15 259 278 367 372 892 977 1242 1332 1417 
8 44 178 427 508 731 754 763 768 819 863 864 914 924 951 1172 1318 1335 1346 
87 150 179 222 335 358 390 460 549 619 736 890 939 943 1147 1165 1314 
67 154 381 611 646 648 951 1269 1420 
118 265 371 430 739 1101 1144 1166 1198 1205 
69 150 292 304 440 487 540 567 653 671 831 878 1045 1173 
13 45 160 313 387 389 619 977 1065 1179 
75 167 448 459 551 909 935 1226 1278 1295 1345 1384 
112 197 344 352 408 561 605 735 1047 1155 1223 1295 1349 1351 1417 
32 180 294 312 318 379 659 1070 1139 1168 1382 
45 54 68 179 300 329 339 531 653 748 760 1023 1229 1315 1325 1329 1365 1386 1428 
165 292 605 634 962 1419 
245 338 424 451 474 906 1089 1219 1234 1238 1275 1433 
273 389 456 511 635 681 802 811 860 912 920 
26 174 251 485 493 544 586 681 710 725 753 1027 1096 1300 
85 140 331 358 389 581 603 627 730 854 1023 1053 1120 1218 1257 
210 286 320 431 530 697 745 869 975 998 1198 1393 1425 
7 341 440 509 664 730 1008 1122 
74 82 617 1130 1160 1193 1221 1294 1326 1330 1348 1411 
15 37 40 57 102 222 360 438 653 654 888 959 1065 1129 
147 259 345 674 691 808 1144 1178 
83 101 223 333 354 641 805 892 967 989 1384 1395 1418 
106 287 343 977 
103 132 249 382 401 461 499 736 831 1095 1223 1273 
108 171 231 244 285 538 616 776 896 1035 1048 1367 
88 233 893 1149 1150 
52 64 150 864 918 1052 1165 1287 
138 162 615 647 892 1107 1223 1325 
186 212 248 509 611 732 751 1356 
320 385 480 548 554 606 975 1057 1060 1282 1321 
26 171 180 287 464 609 620 634 714 836 1042 1178 
115 117 186 373 540 777 1211 1361 
190 330 398 505 639 742 749 842 1010 1077 1182 
163 294 429 622 627 721 772 799 1366 1391 
22 276 296 425 709 785 884 970 1119 1130 1131 1319 1329 1353 
106 154 241 291 355 498 507 606 785 1385 
132 272 392 653 656 793 997 1044 1101 1277 1303 
33 204 422 650 687 982 1014 1149 1155 1167 1274 1287 
295 366 370 555 647 864 1018 1252 
68 127 156 512 642 651 689 693 736 1003 1014 1130 1352 
160 616 635 737 925 988 1043 1090 1112 
42 153 295 605 672 733 829 835 943 1053 1123 1170 1249 1300 1349 1360 
140 224 379 572 645 764 998 1289 
74 177 314 366 386 598 618 867 883 1107 1123 1135 1140 1267 1307 1343 1403 
406 424 802 957 964 1012 1117 1276 1301 1372 
30 71 125 242 375 389 554 559 713 1004 1162 1320 1363 
146 420 634 654 673 785 788 964 1226 1311 
204 353 462 628 737 1310 1322 
214 221 281 677 811 883 910 925 1295 1372 
32 123 236 359 363 491 572 656 889 1014 1098 1107 1269 1349 
297 409 426 457 639 676 1074 1097 1139 1324 1339 
64 277 280 297 335 364 673 808 889 985 994 1331 1361 
140 164 178 285 500 633 638 843 849 881 932 1113 1181 1351 
104 179 433 442 642 659 730 900 1001 1008 1024 1094 1182 1404 
167 322 439 525 588 980 1147 1178 1273 1320 1384 
153 366 392 609 884 986 1004 1292 1339 
126 350 372 438 662 810 862 863 902 912 1056 1254 1294 1302 1319 
8 87 349 470 666 670 827 1378 1414 
133 179 236 259 499 577 595 886 904 957 1066 1084 1214 1260 1408 
34 70 80 518 655 866 1074 1079 1090 1353 1381 
230 558 668 786 863 1068 1109 1426 
104 241 292 349 569 622 697 1052 1068 1080 1131 1193 1206 1279 1400 
89 130 261 650 780 1003 1127 1234 1265 1389 
133 352 499 647 841 872 938 945 1035 1100 1102 1155 1248 1281 1310 1358 
97 168 224 227 343 386 405 520 587 644 679 707 813 978 1061 1223 
96 159 216 845 933 1016 1255 1309 1324 1394 
308 589 693 974 990 1247 
9 334 428 690 995 1218 1416 1428 
56 322 373 444 517 655 687 1056 1272 
12 274 287 311 314 484 525 1016 1053 1168 1210 1296 1356 
421 787 918 928 953 966 1071 1141 1151 1187 1274 1317 1323 
128 185 190 234 300 318 343 358 582 862 1026 1185 1240 1429 
118 263 502 618 733 737 808 937 1135 1300 1392 1426 
52 622 865 1021 1028 1054 1157 
141 152 234 562 590 639 758 890 955 1297 1349 1422 
333 588 591 618 695 790 855 885 956 1327 1349 1382 1417 
36 326 340 387 533 743 796 824 863 925 987 1073 1202 1237 1248 
1 58 236 313 320 366 405 456 487 509 605 911 994 1060 1332 
61 98 281 300 390 606 644 696 758 989 1072 1253 1404 
176 186 205 392 470 850 902 967 1092 1320 
112 277 323 354 393 448 450 480 824 839 885 1002 1095 1204 1311 
38 71 470 715 742 1049 1090 1266 1332 1392 
123 235 519 597 598 616 639 775 790 940 963 989 1025 1042 1328 1334 1371 
445 490 775 955 1143 1229 1267 
175 820 836 896 945 1082 1218 1219 1259 
220 528 582 783 800 856 885 955 1040 1066 1280 1322 1345 
59 104 114 258 330 372 526 610 757 1285 1397 
33 295 333 409 516 715 772 776 823 1382 
34 234 352 522 856 1101 1132 1370 1381 
240 249 333 502 770 828 912 1028 1225 1252 1283 1304 1363 
145 321 432 439 493 521 523 611 942 989 1039 1179 1202 1255 1378 1404 
218 237 266 311 342 386 786 1004 1130 1267 
440 633 708 961 1247 
161 229 241 346 357 397 430 527 701 789 795 808 940 961 989 991 1193 1300 1344 1418 
4 20 138 169 317 396 605 634 742 754 808 827 891 982 1042 1102 1353 
123 551 737 775 943 959 993 1083 
322 542 565 635 681 808 847 894 982 1108 1254 1358 
38 42 109 308 333 465 508 778 874 899 1083 1201 1399 1430 
4 188 237 342 389 448 508 624 858 974 991 1041 1208 1276 1357 
321 647 703 859 1258 1274 
80 84 115 429 545 662 688 797 866 918 926 1200 1257 1291 
78 122 230 288 292 311 348 367 378 605 677 802 931 1173 1398 
212 314 366 514 549 709 825 1082 1387 
41 74 138 304 557 587 663 854 909 912 966 1132 1213 1422 
7 38 505 514 542 655 720 1022 1029 1097 1221 
28 448 517 798 876 969 1039 1060 1341 
46 123 296 546 611 630 670 704 965 1074 1084 1126 1281 
423 631 675 729 1212 1399 
140 444 535 653 849 865 920 932 1083 1245 1267 
174 201 219 585 670 723 735 748 814 844 1256 1265 1290 
136 189 469 519 942 1056 1104 1138 1240 1384 
166 324 384 590 739 799 908 1029 1040 1110 1192 1258 1296 1332 
44 109 151 169 247 352 354 431 592 726 729 940 1152 1186 1281 1410 
464 533 808 1065 1261 1276 
75 230 250 294 298 334 633 746 847 848 907 1221 1238 1342 
166 262 524 1229 1398 
69 162 174 507 736 791 820 979 1000 1286 1377 
22 267 392 540 552 738 783 839 853 874 887 1017 1076 1100 1178 1293 1407 
93 196 202 306 548 836 837 1087 1221 1245 1383 1395 
178 195 339 365 415 445 485 555 780 828 1229 1340 
102 227 262 419 551 942 1177 1193 1262 1432 
197 372 420 707 1100 1122 1143 1175 1211 1288 1292 1322 1419 
24 471 922 972 987 1000 1158 
184 191 324 508 1293 
263 517 618 896 1015 1084 1088 1191 1212 1366 1382 1397 
104 452 504 559 664 732 819 872 898 934 1210 1342 
84 839 879 1016 1088 1111 1365 
24 91 110 128 204 265 286 709 769 856 1137 1355 1387 1417 
291 332 339 462 497 507 738 1261 1266 1366 
9 23 138 270 409 422 546 644 646 805 829 1330 1422 
143 402 567 753 785 987 1316 
54 179 238 323 333 377 390 791 865 1191 1325 1336 1391 
7 30 62 208 423 522 592 631 735 830 937 958 1042 1086 1254 
50 167 266 395 515 532 854 926 1053 1077 1106 1304 
177 288 302 319 448 453 743 755 811 1010 1104 1218 1296 
64 120 149 184 196 302 620 899 1073 1212 
114 156 446 621 624 631 659 822 885 887 957 959 1013 1210 1373 
364 410 541 592 1099 1105 1229 
93 266 343 491 532 595 820 841 1092 1132 1151 1219 1252 1260 1285 1286 1385 
151 164 272 278 392 593 629 633 659 683 744 858 1004 1075 1081 1102 1140 1208 
19 70 188 191 399 472 529 545 557 706 716 783 798 818 916 1112 1219 1263 
126 360 692 958 1021 1250 
56 303 348 389 452 456 558 637 640 642 1002 1065 1245 1270 1305 1401 
87 171 442 563 569 678 838 891 978 994 1053 1154 1408 
37 63 298 361 659 775 794 967 1037 1059 1338 
40 169 296 342 463 511 741 797 844 880 973 1112 1160 1239 1280 
36 43 127 141 158 181 308 417 745 752 790 818 984 1162 1203 1309 1423 1429 
94 183 245 354 421 543 776 788 849 1127 1145 1274 1307 
39 143 208 395 509 568 649 770 835 1127 1180 
25 88 137 217 298 350 377 511 603 817 826 830 923 956 1028 1067 1252 
38 54 280 286 298 793 848 915 944 977 1026 1116 1200 1242 1262 
77 109 118 216 557 663 693 925 1088 
122 335 376 415 528 719 826 994 996 1161 1256 1300 
151 195 375 794 839 858 887 1012 1071 1170 1410 
150 460 733 778 849 931 974 1199 1221 1337 1393 1403 
189 399 471 581 740 843 957 1187 1199 1244 1335 1339 
108 134 394 438 492 592 692 709 758 815 831 957 1002 1158 1160 1235 
106 224 227 566 620 692 845 962 986 1090 1150 
92 458 565 606 634 687 779 874 925 989 1105 1147 
234 767 898 1056 1084 1299 1387 1410 
9 74 356 416 442 654 763 798 905 952 954 1003 1194 1293 
106 230 271 334 354 389 460 701 765 974 1164 1255 1259 
36 86 151 169 377 458 765 906 921 1099 1347 1405 
177 258 319 565 806 868 930 933 954 1431 
181 230 653 655 664 1127 
144 410 462 566 569 687 745 862 958 1394 
98 111 189 210 827 928 997 1020 1130 1186 1327 
130 444 473 486 552 566 759 763 915 1138 1268 1301 
323 544 664 739 1432 
76 151 414 736 985 994 1386 1427 1433 
75 200 411 543 591 604 673 717 769 888 1072 1104 1270 1299 
20 21 135 259 636 640 727 1135 1220 1286 1298 1335 
133 136 691 978 983 1182 1329 
6 87 126 198 347 422 636 651 789 1030 1218 1232 1265 1321 1409 
22 84 255 266 929 1000 1091 1246 1349 
20 228 284 599 605 626 800 866 911 936 1221 1380 1427 
12 368 428 497 716 893 995 1151 1164 1313 1338 1370 
233 454 608 715 850 1067 1130 1194 1423 
3 225 670 696 755 1273 
14 130 236 248 255 264 346 381 510 585 735 926 1011 1081 1097 1145 
9 28 158 275 493 507 765 1105 1156 1176 1244 1342 
46 209 329 418 899 1015 1117 1149 1283 1292 
155 199 286 381 458 620 698 700 856 870 901 932 1102 1227 1365 
409 429 796 1049 1101 1276 1376 1399 1413 
269 278 283 587 749 752 1021 1055 1129 1196 1232 1329 1422 
14 136 313 321 437 668 764 840 898 1399 
12 30 433 473 489 563 636 643 733 870 1102 1297 1335 
7 50 127 160 220 281 311 593 669 725 947 949 1312 1326 1424 
257 672 958 974 1097 1109 1308 1318 1394 1396 
351 381 671 894 1207 1272 1429 
193 220 311 435 552 623 718 741 972 1181 1190 1353 
38 55 245 365 590 883 915 1169 
266 284 565 656 659 792 989 998 1035 1052 1254 1365 
3 129 134 162 179 254 266 295 310 625 683 761 849 929 1170 1264 1289 1301 1420 
57 168 197 484 831 836 1032 1123 1373 
143 365 427 437 499 523 551 587 643 670 755 808 825 943 961 964 986 1055 1106 1201 
14 105 194 244 372 427 431 606 750 786 1328 
189 190 240 603 755 788 1016 1114 1269 1354 
210 290 333 398 399 450 684 706 741 934 1195 1384 
103 126 149 266 281 300 696 803 852 1012 1106 1188 1323 1364 1370 
11 174 276 503 609 685 739 846 1229 
30 48 59 146 355 423 813 844 1127 
7 37 203 227 562 636 825 1206 1394 1415 
54 268 317 438 470 531 610 616 691 798 1187 1268 
159 169 360 391 495 626 731 819 934 961 1108 1130 1413 
376 385 635 1025 1094 1278 
174 466 847 855 893 951 1076 1211 1219 1286 1338 
160 354 800 812 1093 1140 1232 1304 
47 72 112 159 177 203 247 422 465 534 593 683 891 895 957 1036 1222 1332 
605 937 944 1083 1147 1162 1214 1404 1424 
132 205 469 533 673 681 687 1063 1167 
73 599 714 779 999 1159 1285 1314 1340 1395 
120 130 399 475 579 584 596 832 1059 1357 1388 
77 119 123 227 303 435 583 603 659 725 757 811 1398 1420 
195 216 305 595 618 834 879 966 1037 1039 1055 1105 1187 1227 
198 288 583 658 735 824 1006 1065 1271 1283 
189 208 255 286 293 918 1199 1380 1386 
6 243 493 839 884 956 962 1011 1221 1278 
66 161 350 375 505 547 604 833 875 940 973 1023 1046 1132 1282 1357 1400 
122 188 234 254 555 661 682 985 1022 1106 1308 
89 280 321 585 597 662 814 848 1008 1075 1200 1374 
14 224 355 490 514 562 700 725 759 784 974 1331 1379 
181 191 201 221 319 339 344 364 460 477 642 859 1223 1380 
65 442 547 661 663 730 956 
