1418 8040
80 468 483 635 829 1109 1164 1272 1345 1404 
64 662 740 1187 1342 
41 86 261 268 579 1157 1193 1212 1342 
70 323 829 886 891 953 1044 1086 1169 1181 1259 1262 1276 
51 126 268 321 435 736 796 1132 1289 1322 1370 1386 
381 398 411 507 545 675 796 886 946 1406 
62 281 360 765 905 1159 1418 
12 138 229 264 276 380 816 979 
53 116 313 407 576 749 1072 1123 1357 1359 
25 100 233 252 347 604 836 866 903 907 1032 1192 1231 1263 1293 
100 184 403 469 585 783 1093 1149 1177 1203 1263 1304 
8 98 144 187 188 189 195 268 310 424 488 547 588 629 844 868 885 1049 1085 1138 
151 181 598 800 1311 
293 421 444 561 694 731 811 
36 329 349 452 456 531 549 563 708 812 971 1101 1110 1206 
43 91 108 135 243 384 715 996 1113 1302 
50 202 357 359 888 1103 1121 1236 
167 898 899 1101 1188 1229 
39 68 276 492 638 645 655 760 767 902 1036 1037 1275 
57 389 430 448 526 588 928 987 1076 1121 1146 1154 1273 1413 
415 483 679 708 739 824 902 989 1141 1242 1346 
117 659 667 977 1193 1224 1336 
95 130 159 505 597 624 648 658 708 819 1209 1270 
217 426 439 590 616 740 1205 1247 1264 1319 
10 50 70 345 447 605 644 648 715 958 1044 1299 
352 441 449 462 616 678 742 778 921 1051 1173 1279 
100 109 129 500 676 681 685 831 881 1066 1317 1330 1352 
323 325 334 440 455 557 731 945 1014 1202 1337 1355 
171 358 424 466 841 925 1048 1115 1246 1358 
293 371 681 777 833 1095 1145 1328 1334 
197 566 586 796 830 968 983 1018 1102 1172 1410 
465 583 595 652 749 886 890 953 1168 1173 1401 
41 194 226 299 448 583 709 748 788 964 1055 1114 1133 1137 1184 1333 
191 197 297 601 755 863 871 1008 1024 1143 1371 
39 233 304 809 982 1263 1289 
15 107 332 334 388 404 528 710 808 1106 1359 
108 237 259 399 698 946 1369 
48 338 399 571 779 847 993 
19 35 149 234 404 473 613 645 709 846 912 923 963 991 1018 1111 1169 
222 301 319 412 445 727 796 871 962 1050 1114 1188 1314 1319 1326 1402 
3 33 284 466 644 664 979 1158 
178 579 651 694 791 859 1111 1391 
16 49 99 250 384 609 666 732 808 873 998 1100 1225 
119 326 499 598 762 778 802 1089 1094 1187 1197 1346 
53 103 125 224 400 415 836 837 1187 
178 398 500 649 667 698 742 744 884 998 1283 
422 489 571 619 739 900 936 964 991 1299 
38 103 137 161 233 550 619 684 896 922 1021 1149 1198 1270 1290 1409 
43 83 196 206 495 516 559 661 678 728 778 780 925 957 985 1046 
17 25 190 227 482 499 529 543 894 1146 1266 1378 
5 73 91 305 429 519 615 624 724 736 764 823 1176 1219 1240 1329 1388 
139 219 408 475 482 563 565 580 716 722 749 764 823 829 1009 1295 1385 
9 45 128 288 308 317 362 367 384 407 560 628 644 727 1143 1315 1327 
71 265 406 420 529 966 1054 1127 1223 
143 184 294 554 666 788 861 908 1016 1146 1295 
202 286 321 333 494 541 588 619 624 778 809 817 980 1337 
20 186 253 599 645 651 960 1037 1059 1074 1123 
154 199 487 1040 1059 1128 1317 
151 212 247 497 768 1010 1030 1272 
445 575 640 664 702 810 833 947 996 1005 1211 1220 1284 
181 247 265 289 396 481 552 761 811 860 1194 1244 1298 
7 93 135 171 712 1018 1127 1207 1211 1265 
191 214 466 645 793 809 969 1023 1102 1177 1237 1289 
2 287 896 1366 1407 
76 122 133 319 361 391 694 754 933 1063 1123 1367 
87 352 494 659 679 726 888 1060 1162 1215 1387 
110 119 419 549 632 789 830 1041 1263 1301 1304 1368 
19 121 128 308 373 423 747 820 923 934 1045 1086 1133 
136 224 344 431 433 596 784 1012 1148 1195 1282 1402 
4 25 259 307 738 740 805 860 914 983 1319 1333 1353 1382 
54 148 279 303 493 960 1108 1236 1258 1408 
202 383 418 538 793 
51 145 317 355 378 383 388 430 444 479 550 628 786 874 1122 1173 1187 1247 1350 1362 
85 163 398 429 768 874 875 1122 1217 1307 1363 
130 230 512 682 771 901 915 1091 1103 1132 1224 
65 145 412 566 646 948 949 983 988 1262 1377 
101 418 584 641 750 827 998 1017 1146 1189 
273 574 883 1039 1046 1196 1327 
155 202 208 300 337 369 417 486 726 766 900 1045 1273 
1 219 244 338 530 759 937 960 1081 1256 1288 1364 
294 517 916 1060 1130 1132 
235 269 279 310 369 833 923 1208 1248 1351 
49 207 427 441 485 848 900 1044 1163 1172 1185 
117 204 295 299 462 472 628 647 773 990 1211 1217 1354 
74 277 359 679 684 709 797 851 897 1067 1196 1349 
3 457 710 1206 1356 1400 
66 101 377 933 1001 1150 
181 182 248 274 290 453 587 650 653 666 724 1170 1281 
192 363 445 545 716 1157 1342 1399 
158 479 489 619 939 944 983 995 1046 1089 1155 1194 
16 51 127 264 502 1159 1268 1282 1344 1384 
103 108 216 478 640 886 887 931 1180 1335 
62 114 150 190 257 265 281 295 359 365 505 524 526 775 889 1245 1363 
99 118 126 190 242 252 577 612 635 748 760 848 961 1125 
23 172 204 346 477 484 841 894 942 964 966 1080 1112 1185 
138 771 794 863 965 1004 1014 1109 1210 
115 284 419 567 621 642 749 965 1314 1390 1394 
12 102 206 233 271 613 631 711 780 820 963 1146 1154 1163 1176 1346 1364 
43 94 523 535 542 647 829 957 981 1274 1348 1380 
10 11 27 141 158 181 359 376 389 455 699 801 887 987 1273 
77 87 151 270 640 838 905 1183 1226 1305 1312 1320 
98 161 274 292 855 1023 1149 1279 
45 48 92 235 429 487 610 969 1129 1217 1229 1270 1301 
146 227 352 580 711 746 754 761 818 1051 1273 
381 557 591 649 759 943 1043 1154 
164 341 541 682 
36 199 706 744 758 791 951 999 1132 1189 1388 
16 37 92 349 395 416 617 663 856 885 936 1130 1164 1204 
27 153 453 646 653 697 716 766 769 1090 1113 
67 210 876 920 1128 1166 1194 1246 1270 
121 800 905 953 965 986 
143 243 348 380 419 564 715 894 1008 1085 
166 169 312 320 321 503 732 767 804 934 1173 1293 
93 236 292 321 387 797 906 1059 1074 1085 1390 
97 250 293 546 812 886 940 966 1121 1225 1323 
9 164 362 439 480 592 730 739 1054 1116 1196 1392 
22 84 187 252 289 641 729 1175 1283 1304 1373 
94 545 637 723 965 1019 1071 1366 
44 67 471 479 581 653 778 950 1103 1181 1320 1405 1418 
322 542 609 631 759 767 932 955 1136 1205 1306 1349 1371 
68 111 244 263 284 291 546 669 811 1073 1273 
65 183 304 391 496 522 641 755 894 1400 
379 381 481 531 686 1126 1251 1254 1350 
228 365 366 456 619 780 813 938 1007 1010 1024 1030 1045 1074 1135 1194 1404 
45 131 345 506 527 570 617 998 1005 1157 1246 1253 
5 94 141 236 287 531 616 671 712 844 887 936 1124 1200 1201 1272 1285 1315 1347 
91 252 434 444 987 1164 1349 1357 1395 
53 68 187 281 413 479 734 802 876 1069 1210 1378 1406 
27 277 308 560 711 730 879 893 1007 1113 1310 1312 
23 75 228 262 464 475 548 750 758 1012 1184 1340 
125 179 185 193 378 391 446 454 455 464 695 988 1095 1179 1290 1400 
185 267 329 361 535 564 711 846 863 917 1035 1060 
65 757 852 1120 1131 
193 257 265 323 442 560 692 758 879 1016 1147 1310 1334 1418 
16 62 232 237 465 485 543 720 800 827 989 1071 1254 1309 1328 1400 1413 
69 181 333 422 446 575 576 704 829 1024 1093 1116 1184 1204 1218 1281 
48 187 246 259 303 588 599 878 891 966 1302 1414 
8 96 161 240 652 672 675 702 801 872 930 938 951 1313 1369 1374 1403 
52 461 544 815 908 1097 1145 1182 1218 1224 1296 1307 
237 396 501 529 625 639 998 1040 1180 1198 1297 1312 
100 126 222 353 405 457 596 713 736 838 840 1094 1242 1305 
331 556 615 621 634 777 801 922 958 1012 1105 1168 1256 1288 1301 1326 1367 
55 112 312 336 420 455 558 1135 1236 1401 
12 323 487 632 977 
73 76 415 610 643 742 786 844 1084 1142 1272 1404 
104 468 680 711 794 858 1031 1051 1262 
370 485 597 636 861 866 896 948 1030 1237 1329 1400 
71 219 248 450 611 702 779 921 1137 1155 1197 1203 1225 1266 1357 
39 379 397 664 690 1180 
93 155 191 858 905 976 1027 1346 
13 59 101 206 421 655 866 872 952 1095 1105 1136 1222 1319 
180 207 413 439 491 612 627 631 674 759 805 998 1074 1087 1342 1391 
109 414 449 495 498 537 590 598 625 629 676 834 1035 1363 
58 180 508 509 648 796 874 887 946 948 957 976 1390 
79 150 286 515 586 779 784 858 913 1153 1211 1381 
659 748 1072 1138 1173 1329 1356 
182 223 234 304 487 546 650 672 802 923 1189 1329 1363 
90 100 205 380 451 604 806 823 902 1198 1286 1357 1364 
23 239 290 472 478 503 554 583 641 889 1062 1116 1173 1254 1308 1323 
286 665 695 988 997 1008 
48 102 138 308 444 532 620 626 849 1079 1135 1189 1329 
306 353 477 490 872 1253 1270 1285 
74 206 497 1029 1090 1148 1214 
106 116 227 283 385 451 466 533 543 765 851 1127 
189 366 469 495 683 839 978 995 1030 1286 1357 
113 172 287 384 447 542 707 768 1300 
18 327 372 588 701 724 1072 1416 
231 251 279 429 482 552 596 626 802 835 876 915 1016 1043 1209 1214 1290 1298 
113 675 708 742 758 776 1082 1180 1210 1323 
607 645 657 772 828 974 1029 1109 1114 1221 1409 
29 62 252 297 451 734 888 913 1100 
95 166 184 363 434 501 546 549 668 780 799 817 936 
260 378 501 589 763 926 984 985 1256 1300 1381 
199 344 650 706 828 950 991 
185 325 476 503 523 614 615 812 835 1398 
318 323 349 453 513 523 575 663 1017 1064 1070 1123 1127 1366 
223 373 639 733 767 881 890 916 1351 1378 
42 46 232 401 413 464 580 599 689 845 933 955 1089 1173 1224 1261 1319 
131 873 881 1003 1050 1197 1266 
152 154 327 348 589 749 1245 1308 
13 61 88 100 136 502 587 604 714 1144 1281 
88 157 184 282 424 434 478 508 524 552 584 585 905 927 1224 1384 
122 373 502 550 586 639 777 812 862 973 1022 1069 1358 1405 
11 55 172 182 627 734 793 864 961 997 1113 1139 1157 1254 1351 
131 132 175 237 256 290 380 386 498 552 730 851 861 1120 1156 1222 
57 196 201 335 342 458 491 507 630 661 816 824 851 1255 
12 117 128 137 223 375 733 766 780 782 838 889 904 1181 1305 1339 
12 341 523 533 594 1262 
12 165 428 429 603 1187 1207 1387 
50 93 94 306 812 844 855 899 1121 1278 1282 1315 
34 63 150 300 372 431 468 469 576 684 995 1383 
89 344 417 661 796 983 
131 134 561 602 807 836 988 1074 1080 1161 1308 1315 
33 395 958 1084 1168 1252 1357 1407 1408 
12 375 395 791 969 1171 1196 
49 186 220 271 378 413 468 479 621 641 930 948 1035 1417 
31 34 224 242 350 629 769 1034 1163 1191 1274 
278 379 506 698 765 940 961 1010 1191 1391 
58 107 174 351 506 507 820 857 1123 1361 
274 490 662 840 921 937 1356 
186 488 520 521 882 1010 1129 1214 1348 
17 56 72 79 420 501 557 561 793 834 967 984 1113 1161 
675 714 916 964 1226 
84 95 243 338 556 573 804 869 953 1006 1188 
158 247 398 482 490 527 1034 1381 
49 98 151 163 532 748 776 795 815 860 948 970 1137 1139 1150 1282 
83 152 267 377 392 443 530 560 716 891 1239 1347 1404 
79 285 298 511 548 642 718 762 763 1191 
338 346 431 672 844 875 981 1085 1123 1126 1149 1256 1338 1412 
110 313 609 702 1200 1225 1247 1356 1396 
223 277 388 395 478 532 578 765 860 1020 1074 1268 
59 249 563 995 1000 
330 334 407 771 920 959 1139 1270 1311 
63 227 730 1269 1322 1353 
372 507 560 672 721 748 901 1024 1104 1261 
92 387 453 502 524 611 981 1169 1329 
24 250 316 394 487 503 564 606 608 749 753 1050 1139 1193 1324 1344 1386 
234 483 677 730 819 959 1287 
52 80 148 375 591 659 926 950 1024 1026 1069 1088 1174 1185 1370 
196 328 480 520 678 780 808 884 
233 487 506 534 714 1037 1171 1376 
40 141 290 307 321 355 406 875 947 987 1000 1174 1312 
157 177 187 211 432 604 951 990 
45 69 197 556 593 814 859 1025 1056 1089 1111 1290 1299 1323 
299 431 706 989 1078 1363 1391 
33 591 634 729 861 932 1308 1318 1357 1380 
50 104 164 214 259 647 843 884 937 959 1027 1145 1351 1398 
124 130 235 432 682 683 848 1036 1282 
8 252 278 292 317 593 724 752 810 1027 1413 
75 315 361 580 599 606 637 687 696 891 895 1163 1191 1225 1328 
168 411 479 603 877 
135 178 287 352 408 500 524 586 881 935 957 987 1076 1139 
10 35 48 98 221 303 337 348 440 453 579 980 1096 1328 1393 
39 157 218 235 255 302 305 633 965 1120 1234 1316 
82 103 228 234 249 388 786 804 1019 1140 1174 1182 1183 1185 
114 126 274 515 761 1145 1262 1381 
37 135 140 185 306 823 916 917 1082 1178 1306 1354 1356 1362 
491 498 576 604 636 639 721 1156 1182 1366 1375 
159 249 466 565 877 942 957 1151 1159 1253 
138 270 479 564 575 625 756 862 991 1129 1156 
426 557 572 581 615 819 823 999 1364 1371 
94 197 353 421 454 461 472 559 600 607 635 903 1032 1201 1310 1334 1412 
16 112 204 490 514 597 630 675 1145 
80 121 317 529 620 733 740 847 1107 1289 1374 
314 453 506 1414 
137 359 404 490 619 740 783 1315 1385 
59 61 205 264 472 632 876 917 943 951 1062 
88 148 255 428 567 815 858 890 957 1019 1214 
212 235 239 250 489 557 719 857 960 1223 1369 1414 
43 115 217 249 261 270 284 313 410 468 723 976 1104 1191 
168 285 362 462 682 906 999 1025 1061 1115 1204 1404 
10 94 117 127 171 229 398 419 433 546 605 650 672 945 1054 1227 
57 860 865 
479 919 1114 1225 1258 1394 
234 248 372 459 536 564 634 722 1108 1147 1284 1296 1367 
185 491 492 523 821 1198 1223 1267 1336 1372 
93 134 258 263 581 1015 1067 1099 1170 1316 1372 
257 383 389 566 808 874 1036 1078 
37 70 137 227 271 814 849 873 905 998 1008 1063 1257 
173 329 411 524 573 613 628 642 686 739 788 803 915 943 991 1220 1357 
3 250 342 708 839 1173 1410 
130 392 557 580 608 697 760 779 940 976 1319 1340 1411 
121 257 325 380 426 567 608 649 676 701 704 930 979 1203 1227 
8 91 247 280 295 381 397 450 452 474 556 862 965 1218 1368 1396 
54 61 93 134 475 561 581 761 832 872 1009 1035 1046 1255 
282 368 418 642 941 955 979 1041 1066 1092 1131 1191 1206 1261 1287 1377 1416 
132 207 340 426 467 487 744 836 1048 1082 1198 1338 1357 1416 
3 5 12 668 708 722 730 764 868 1209 1239 1241 
82 277 514 615 898 946 957 1025 1077 1257 1295 1395 1403 1405 
101 240 250 304 335 483 484 564 578 645 773 785 1281 1384 
98 196 259 341 404 541 617 679 932 948 
623 738 990 1077 1194 
78 780 782 838 888 958 1134 1168 1238 1350 
88 102 200 236 430 744 951 975 1025 1264 1405 
300 327 707 789 820 1030 1040 1152 1258 1382 
8 19 403 482 486 519 571 1048 1067 1115 1123 1171 1200 1246 1322 1388 
85 129 211 269 609 
198 229 464 497 679 713 811 861 1136 1138 1164 1290 1295 1334 1368 
71 82 168 305 482 490 693 786 917 1269 
264 347 348 379 621 646 740 841 951 1053 1089 1380 1402 
7 93 128 282 391 508 718 1247 1273 
182 266 281 350 474 888 936 1099 1142 1273 
164 394 969 1074 1178 1272 1393 
41 97 121 250 660 871 965 1276 1377 
208 251 308 426 516 666 688 702 851 858 928 1385 1395 
56 155 160 412 562 610 817 1000 1194 1328 
64 126 166 232 390 522 614 705 755 931 1030 1246 1270 
53 306 349 362 419 426 501 528 592 728 806 878 980 1008 1025 1098 1260 1369 1413 
61 117 325 531 570 656 779 858 1181 1238 1290 1322 1374 
88 159 185 222 457 596 617 678 1045 1117 1294 1375 
121 553 723 929 1096 1107 1385 
102 114 229 335 440 545 615 645 663 676 949 981 1169 1227 1233 1360 1406 
14 30 115 358 597 719 728 764 949 1129 1161 1376 1387 
55 81 313 617 656 665 1043 1160 1164 1202 1337 
84 93 264 482 582 749 847 853 880 887 1311 
316 328 399 632 731 762 1077 1128 1238 1262 1270 1378 
34 171 352 362 491 653 982 1048 1075 1243 
208 339 442 725 783 876 950 1184 1188 
33 84 225 394 690 712 746 783 987 1052 1177 
79 191 275 468 476 721 1088 1175 
40 476 495 529 554 583 928 1168 1233 
234 513 780 1011 1164 1346 
71 137 233 658 699 865 1042 1048 1077 1080 1311 1377 
35 122 157 270 449 484 578 769 958 960 988 1188 1388 
51 234 279 308 531 869 1175 1197 1334 
162 190 237 288 596 602 661 871 1039 1058 
70 222 317 387 426 667 675 711 1075 1214 1215 1324 
53 68 129 161 285 305 514 521 577 661 752 767 964 1016 1346 
365 428 560 736 760 820 831 835 857 965 988 1102 1152 1157 1233 1251 1362 
12 82 746 867 908 968 1032 1054 1167 1206 1396 
418 508 977 1009 1049 1066 1240 1264 1354 1366 
113 143 335 416 447 510 543 825 883 900 951 986 1111 1115 1136 1208 1267 
9 210 250 294 591 743 750 933 
245 435 514 536 556 607 667 968 1233 1295 
230 405 599 692 703 712 870 960 987 1021 1064 1137 1295 
217 296 480 599 664 732 745 959 1085 1204 1338 
53 73 229 244 307 407 514 524 1151 1301 
176 389 401 660 1123 
40 65 413 596 705 973 1169 1381 
113 473 477 605 719 926 1153 1182 
5 56 113 114 222 786 828 926 998 1104 1108 1129 1200 
120 335 394 491 494 728 739 986 998 1133 1242 1262 1389 
4 28 134 144 176 536 648 688 835 921 1082 1256 
340 475 695 828 938 1020 1029 
28 175 263 289 368 477 499 577 607 944 1311 1369 1406 
44 712 730 746 795 816 885 1033 1037 1210 1281 1306 1410 
167 180 275 351 746 881 951 1019 1074 1216 1247 1362 
220 296 483 661 820 891 900 919 956 1247 
15 132 260 865 1084 1098 1099 1222 1296 
213 465 481 558 572 593 735 758 917 958 1030 1202 1222 1240 1311 1379 1384 
142 350 408 535 595 623 678 1046 1309 
36 415 418 576 658 752 769 790 887 1001 1057 1082 1154 1233 1246 1300 1396 
56 136 455 615 851 986 1111 1345 
28 36 213 389 467 488 550 826 861 1075 
186 270 292 312 322 496 923 924 984 985 1153 1412 
143 495 540 683 839 878 907 996 1027 1172 1224 1267 1397 
79 233 383 831 916 927 1026 1073 1184 1235 1271 1317 
38 80 204 209 377 387 398 509 536 609 670 807 877 1061 1093 1110 1316 
298 592 797 843 902 941 1060 1198 1235 1266 1285 
267 324 452 854 925 1061 1093 1283 
106 188 271 433 694 1270 1273 1294 
186 261 529 572 629 652 729 889 969 993 996 1084 1233 1238 1255 1330 
369 385 417 472 760 817 845 869 1086 1181 1224 1256 1270 1364 1416 
69 174 192 772 906 935 937 976 1008 1102 1207 1308 1323 1340 
25 125 388 454 833 1040 1118 1355 
95 209 368 600 915 1073 
10 280 643 655 834 876 901 930 1170 1227 1318 
112 180 233 280 432 637 694 732 835 1032 1141 1217 1249 1304 
15 108 176 288 367 545 627 864 871 897 957 1184 1355 
197 282 331 357 495 555 596 635 1004 1129 1180 1340 1408 
199 327 520 606 810 814 821 1080 
26 66 104 232 297 417 509 583 630 647 928 1025 1047 1223 
141 162 242 404 801 871 1032 1092 1102 1112 1182 1311 1391 
1172 1189 1296 1336 1376 
73 222 551 972 1039 1233 
383 450 469 564 576 593 605 683 743 788 803 838 894 1116 
17 350 483 662 664 909 955 975 988 1109 1241 1277 
29 293 624 720 727 1004 1044 1165 1235 
17 85 93 100 246 423 802 865 931 1183 1327 1334 1335 
7 372 374 523 622 640 805 819 
65 132 230 415 426 651 714 810 897 899 921 1009 1408 
53 116 251 288 297 397 406 728 772 820 914 1331 1351 
89 172 457 492 493 706 857 864 1009 1301 1319 1350 1352 
367 374 562 592 598 617 655 677 895 925 1086 1224 1315 1339 
93 124 309 395 521 551 622 838 879 1010 1023 1279 
124 165 449 479 967 1039 1257 1295 1334 
53 349 364 510 588 703 774 832 864 960 989 1108 1120 1135 1220 
266 325 346 563 775 1088 
79 82 343 413 485 673 707 945 1160 1292 
147 374 410 731 959 1071 1075 1144 1218 1364 1368 1409 
30 495 654 964 1250 1260 
167 191 215 255 360 377 733 778 859 896 1169 1303 1330 
68 177 183 722 737 1175 1400 
360 364 370 616 989 1010 1140 1207 
187 195 219 463 546 574 745 827 915 1061 1114 1170 1288 1322 1367 
100 379 512 577 591 723 1132 1393 
87 207 338 372 525 592 1075 1264 1359 1415 1418 
73 131 173 196 537 540 743 922 1059 1264 1394 1404 
123 149 198 280 376 443 496 571 598 939 1053 1086 1087 1186 1342 1391 
8 112 158 185 263 469 502 568 762 817 827 863 1313 
6 105 123 264 427 567 690 710 735 751 846 898 1079 1201 1235 1261 
577 644 785 1006 1092 
72 73 258 337 356 557 561 982 1046 1163 1206 
16 43 53 166 597 750 928 943 1025 1101 1267 
164 343 410 532 589 636 1033 1256 1346 
185 508 539 977 1009 1025 1184 1191 1342 1345 
114 216 307 338 420 601 689 1006 1036 1157 1197 1281 1300 
36 73 211 235 345 449 772 850 1048 1162 1204 1211 
20 100 258 318 334 739 741 1276 1287 1333 
287 397 495 828 1083 1176 
65 122 131 281 394 397 475 657 797 842 880 881 1206 1209 1243 1324 1339 
207 262 537 815 921 1125 1364 
639 696 735 825 1030 1130 1205 1356 1363 
217 283 299 322 391 463 592 865 910 1093 1123 1124 1251 
108 194 195 211 365 511 629 693 761 949 1042 1178 1334 
61 140 408 553 568 573 589 885 899 907 937 945 1039 1258 
149 264 362 390 391 558 573 634 713 726 866 1042 1246 
6 46 74 205 252 338 537 618 629 742 785 959 1037 1198 
37 38 296 664 1088 1285 
45 575 652 989 1193 1264 1331 
178 318 790 1223 1372 1392 
414 513 980 1230 1356 1381 
11 276 717 854 858 884 1005 1059 1096 1394 
36 39 246 271 353 784 809 1415 
141 315 532 724 772 901 979 1099 1121 1269 
54 222 362 414 459 492 506 588 692 821 988 1101 1145 1361 
9 53 213 317 919 1103 1273 
52 232 331 396 510 1139 1200 1239 1335 1397 
625 827 909 935 1008 1070 1133 1204 1293 
250 370 385 416 687 709 716 717 749 979 1128 1228 1397 
6 231 260 473 603 750 867 1258 1291 1340 1346 1358 
40 76 286 413 717 869 870 873 944 959 975 
128 152 178 196 319 369 412 445 446 583 1078 1303 
153 402 406 480 523 569 707 821 877 1023 1160 1254 1366 1369 1396 
21 45 145 332 361 644 675 848 863 
108 312 410 445 1017 1067 1081 1309 1369 
79 192 343 352 762 844 977 1106 
72 77 266 311 332 423 433 580 805 841 1008 1032 1122 1165 
67 97 112 252 288 454 648 656 661 1117 1141 1183 1279 1288 
54 143 202 387 528 792 1005 1017 1155 1166 1203 1233 1235 1297 
14 151 242 598 725 759 1064 1103 
47 136 527 538 602 655 792 808 848 1133 1275 
68 359 418 481 506 890 1223 1292 
12 29 182 459 469 514 516 775 889 1211 
437 582 1014 1101 1216 1272 1383 
24 241 263 267 285 288 307 361 606 624 627 654 714 753 942 972 975 1070 1118 1190 1220 1246 1307 
83 381 553 573 616 652 704 725 840 899 965 981 
189 248 309 773 825 826 831 888 950 954 961 1048 1067 1286 
51 74 103 168 189 495 606 748 831 894 895 1051 1121 1202 1234 
20 73 274 470 712 714 799 966 1196 1273 1383 
69 191 209 225 495 549 660 717 788 820 1063 1300 1315 1380 
223 228 348 593 615 721 774 894 1057 1284 
69 252 341 418 629 634 646 772 850 949 974 1016 
127 172 182 459 639 1017 1034 1060 
5 314 502 1163 
447 493 553 966 1130 1181 1329 1359 1361 
425 454 796 958 1397 
445 505 618 710 789 874 1100 1161 1273 1391 1399 
24 116 152 453 591 662 674 697 934 1169 1203 1363 
28 233 292 482 658 715 815 1165 1303 1342 1401 
26 83 597 656 695 899 1340 1377 
134 298 518 651 1014 1096 1104 1236 
207 379 469 664 739 840 862 987 1057 1131 1151 1331 1342 1405 
14 73 127 161 827 850 856 968 984 1120 1152 1256 
40 60 89 413 416 438 457 544 555 775 954 961 1170 1329 1400 
131 136 413 617 672 810 862 916 1035 1213 1244 1322 1408 
25 166 312 436 628 840 1193 1249 1413 
20 33 554 723 869 1018 1098 1175 1329 
26 153 304 366 388 708 833 983 1180 1213 
148 264 356 480 756 777 905 926 1070 1167 1249 1257 1261 1371 
158 164 171 501 541 599 653 758 977 1212 1223 1413 
15 264 340 516 695 866 883 933 980 1060 1172 1294 1303 1416 
88 109 176 216 233 245 439 509 640 861 877 898 931 1044 1062 1234 1264 1329 
131 242 345 419 437 683 696 868 1220 1362 1367 
28 100 131 143 333 768 950 956 1025 1150 1190 1216 1220 1365 
15 124 514 893 1032 1146 1235 1302 1321 
86 141 290 363 445 583 609 651 692 910 1094 1187 1204 
186 694 713 923 929 1103 1133 1192 1242 
255 406 424 434 538 744 1064 1150 1320 
659 733 751 808 1180 1213 1263 1265 1277 1284 
139 242 516 572 657 901 1123 
26 84 251 502 503 642 714 911 1031 1176 1233 1259 1262 1373 
375 394 475 504 785 888 989 1027 1161 1349 
130 131 178 278 775 851 898 1101 1207 1277 1281 
32 135 330 614 616 856 932 1028 1071 1231 1246 1303 
29 41 63 164 239 559 703 740 844 1271 
267 334 500 569 1165 1230 1289 1378 
1 146 191 196 250 300 857 973 1051 1082 1259 1274 1277 1295 1384 
11 165 191 356 380 424 443 481 655 802 1032 1172 1252 
430 703 705 812 908 1061 1176 1221 1239 
119 559 686 715 724 753 782 898 1011 1232 1270 1335 
84 159 242 247 343 605 644 875 882 945 973 989 1335 
39 320 411 833 850 891 1007 1013 1066 1083 1387 
264 282 684 706 956 1219 1346 1357 
52 130 265 324 391 463 844 869 937 1150 1206 1278 
175 300 301 604 709 938 1107 1111 1236 1264 1337 1341 1417 
95 162 320 325 561 635 651 684 873 905 964 1053 
92 159 182 211 505 519 592 630 896 1055 1275 1380 
73 90 119 128 196 231 240 254 366 493 732 804 884 1130 1183 1191 
116 220 316 414 450 543 635 657 762 910 959 1254 1373 1399 
61 123 330 423 469 666 710 787 1105 1183 1195 1327 1336 1371 1399 
50 52 168 205 276 279 295 440 706 716 812 1046 1081 1133 1240 1273 
1 21 218 270 328 357 990 1030 1127 1267 1417 
95 270 304 682 805 936 1121 1386 
83 135 147 369 565 607 659 828 1051 1067 1165 1254 1339 
79 276 848 920 1019 1050 1064 1311 1328 
58 103 144 157 217 221 267 488 916 947 969 1340 
12 201 334 487 582 716 990 1042 1323 
47 90 249 757 837 941 1035 1074 1080 1127 1199 1245 1354 1416 
162 200 205 243 246 279 799 824 845 1143 
152 186 238 256 297 322 576 581 632 805 1036 1140 
19 256 363 406 513 557 585 643 748 1193 1250 1323 1347 
71 363 436 479 595 658 668 884 1030 1113 1272 1404 
56 66 322 613 666 797 805 860 958 967 995 1012 1108 1153 1207 1263 1315 1368 
49 153 165 301 336 350 371 390 429 431 530 801 805 834 991 1006 1011 1113 1123 1261 
122 335 379 531 626 949 1122 1196 1319 
59 163 278 511 645 655 1263 1288 1358 1375 1395 
153 185 238 621 1032 1129 1211 
44 50 325 584 667 775 776 884 972 1154 1224 1347 
27 46 232 467 827 837 871 906 977 1145 1156 1188 1243 1417 
140 172 173 202 288 451 675 689 875 1098 1099 1203 1309 
91 181 183 216 380 435 462 676 769 843 862 1255 
113 159 175 217 462 525 530 829 914 1106 1192 1193 1399 
463 703 944 1069 1107 1410 
23 93 438 478 648 778 959 1083 1192 1352 
125 198 199 221 245 406 423 620 767 864 926 1118 1208 1271 1342 
6 186 199 215 514 571 615 685 691 737 974 982 1076 1413 
154 182 281 311 386 671 828 1027 1154 1298 
154 338 352 453 648 724 1157 1222 1363 1379 
312 367 408 589 636 711 752 799 861 929 1168 1230 1288 1360 1374 1382 
208 395 497 686 713 745 1305 1318 
75 376 622 718 898 1040 1051 1109 1127 1134 1323 1329 1390 
176 302 402 492 587 738 847 884 911 1017 1055 1102 1107 1231 1382 1404 
243 269 308 314 317 424 456 507 523 592 776 792 859 888 1123 1140 1279 1383 
155 236 751 1192 
49 285 424 452 461 605 648 713 794 942 1129 1183 1250 1275 
81 596 743 747 913 979 1042 1183 1273 1404 
442 1210 
51 276 478 526 536 682 1181 
201 220 351 579 691 737 750 1096 1192 1286 1404 1409 
201 308 365 721 941 966 1037 1129 1175 1270 
122 287 829 902 1173 1246 1247 
99 175 176 188 256 360 414 514 682 698 729 911 919 934 961 1141 1143 1352 1356 
93 182 216 232 260 317 651 780 840 924 1204 1309 
377 503 743 838 877 945 1048 1156 1383 
20 93 519 573 827 1171 1321 
125 205 422 920 1071 1289 1301 1310 
36 288 420 906 947 957 1112 1228 1289 1353 
50 54 140 244 301 342 530 585 915 1115 1134 1207 1395 
80 207 495 503 529 653 656 682 683 723 839 991 1122 1269 1338 
15 123 126 289 305 496 605 614 736 780 886 978 984 1038 1222 1257 1396 
161 206 211 385 405 549 581 608 914 935 947 1092 1157 1329 
164 188 642 662 664 666 716 724 786 893 995 1093 1393 
221 786 886 963 1226 1247 1268 1296 
99 132 331 578 713 815 913 950 959 1145 
255 314 323 338 519 550 589 796 888 927 937 1183 
153 378 392 398 630 709 865 876 907 1318 
72 422 459 559 601 653 722 771 892 1067 1359 
386 574 677 759 800 1184 1349 1407 
336 378 690 704 793 811 818 845 983 1063 1340 1395 
56 106 271 451 547 861 1022 1246 1347 
99 120 166 771 963 1008 1135 1328 1357 
50 135 164 312 480 951 1076 1120 1163 1202 1322 1418 
139 445 558 660 701 991 1099 1338 1346 
6 89 118 292 349 715 746 875 877 885 912 1035 1207 1335 
115 121 157 172 252 375 602 695 1107 1113 1217 1288 1295 1313 1370 
12 541 552 726 730 830 879 934 985 1001 1266 
130 208 715 758 883 995 
15 67 172 431 532 670 673 751 1016 1042 1296 
48 73 183 334 536 591 628 643 879 984 1285 
355 365 903 938 978 1082 1346 
61 168 182 185 547 671 727 777 788 792 890 1024 1229 1276 1288 
291 396 427 436 590 594 701 713 
55 159 301 448 577 814 845 846 847 992 1007 1032 1057 
350 445 652 763 889 1354 
142 204 224 264 314 1076 1255 1299 1369 1372 
28 105 202 241 249 262 383 492 794 805 824 950 1050 1085 
143 330 397 544 580 595 770 805 908 923 988 1132 1410 
49 242 466 471 538 763 782 953 975 983 1218 1235 1275 1294 1358 
53 129 134 207 215 309 588 755 874 884 893 1009 1127 1328 
14 193 202 265 383 477 673 732 961 974 1167 1242 
286 364 650 779 965 982 1217 1282 1315 
15 52 212 368 697 708 852 1047 1168 1240 
112 132 217 240 255 270 356 786 866 1091 1262 1290 
52 239 485 1044 1196 1247 1308 1333 
31 76 258 649 777 847 849 1083 1209 1265 
97 248 263 381 596 662 668 836 868 1054 1065 1074 1248 1256 
380 396 602 1339 1371 1390 
414 467 708 923 981 1152 1186 1404 1417 
125 289 615 660 743 814 957 978 995 1008 1367 
38 47 276 379 507 924 1137 1153 1237 1385 
241 330 342 461 710 721 763 851 891 1049 1165 1218 1258 1324 
204 260 396 397 427 526 582 737 980 1142 1147 1312 1372 
78 375 539 605 626 932 1096 1337 1393 1404 
60 136 176 240 400 664 816 832 847 1139 
9 136 191 238 332 356 491 971 1145 1222 1257 1261 1340 
94 308 325 376 382 554 627 727 793 801 973 1081 1333 
211 270 304 535 711 855 1040 1119 1388 
3 42 233 520 933 966 1396 
52 104 178 230 262 418 558 634 755 1078 1102 1245 1311 
119 241 257 265 491 532 634 710 823 866 868 909 1054 1169 1303 1306 
295 425 488 573 624 803 823 1089 1339 
32 33 159 301 352 413 457 591 666 780 847 945 984 1107 1120 1140 
77 182 499 857 1044 1089 1254 
11 182 492 529 919 1154 
31 155 183 232 705 762 786 1019 1400 
88 181 513 662 670 929 1191 1404 
12 20 56 137 167 367 406 560 636 779 795 1015 1039 1067 1175 
173 180 385 396 510 536 806 959 1078 1079 1131 1277 1340 1354 
24 153 553 901 953 1014 1084 1125 1257 1394 
105 219 226 313 376 439 550 583 651 786 801 856 982 1080 1147 1200 1407 
116 288 339 364 377 394 478 514 918 947 
224 229 330 356 432 975 1311 
188 553 602 825 895 897 1139 
32 331 493 558 645 844 1276 
69 141 168 290 306 319 350 517 567 615 639 930 932 1035 1076 1163 1207 1278 
23 147 243 293 384 441 754 783 968 1378 
13 44 153 364 379 421 646 682 851 867 1159 1335 
57 137 178 230 315 316 451 639 794 798 915 983 1077 1201 1280 1295 1362 
242 346 905 1153 1300 1411 
34 387 538 852 854 983 1016 1137 1232 1300 1323 
193 306 422 546 568 594 725 841 925 952 961 1156 1212 
189 231 411 671 948 
10 158 181 223 238 476 733 744 790 837 925 932 969 1154 1340 
25 252 320 356 472 516 531 574 612 930 1199 1271 
217 230 351 426 429 856 1000 1040 1068 1155 1218 1258 1407 
170 242 314 325 485 1163 1185 1220 1230 1290 1358 1371 
217 262 263 532 625 794 856 
43 120 210 277 338 457 636 784 804 835 965 1026 
103 145 286 620 687 852 1107 
148 216 732 947 974 1170 1273 1381 
94 152 605 960 1369 
39 98 260 494 635 660 692 765 817 835 870 935 1282 
175 287 465 531 618 749 873 1065 1353 1362 1391 
51 142 175 241 269 292 333 432 507 570 596 767 886 1254 1265 1289 1373 
24 26 126 374 427 465 884 907 934 1113 1135 1167 1390 
108 125 271 290 294 364 446 863 997 1042 1402 
398 438 614 707 1026 1030 1037 1140 1170 1189 
47 48 56 90 124 246 866 1000 1199 
161 244 506 610 663 783 787 907 1233 1401 
97 142 196 280 498 712 762 1016 1064 
360 365 512 668 725 910 919 1320 1361 
272 331 1092 1153 1161 1173 1258 1262 1271 1275 
23 51 56 358 426 582 969 1022 1063 1133 1350 1378 
140 153 240 409 608 697 716 948 998 1076 1090 1116 1117 1170 1190 1195 1257 
161 168 496 574 684 708 715 782 783 900 1243 1261 1346 
152 184 349 426 577 796 861 947 1035 1117 1194 1202 1294 1357 
53 73 84 260 447 550 662 710 1085 1232 1302 1363 
12 153 197 342 395 398 433 678 709 852 1106 1146 1401 
186 243 352 478 537 929 1121 1146 1167 1188 1194 
98 120 152 737 752 779 876 1031 1098 1326 1413 
67 144 247 296 491 702 789 968 1086 1171 
234 731 809 811 1135 1277 1381 1405 
142 226 255 397 433 580 581 802 1011 1121 1174 1195 1197 1286 
1 94 242 350 477 480 613 645 685 1129 1153 1386 
147 238 385 510 588 609 751 853 885 1005 1073 1230 
118 230 348 905 945 979 1315 1416 
19 854 1065 1086 1123 1180 1181 1200 1358 
140 177 183 238 393 434 596 599 772 831 936 1045 1290 1332 
60 92 101 360 453 672 794 952 1008 1138 1315 1376 
77 117 122 159 196 785 825 893 1001 1209 
97 208 260 266 462 533 649 699 711 720 819 918 1015 1017 1088 1093 1181 1256 
145 347 492 550 789 907 1068 1367 
25 41 53 382 415 472 700 742 1058 1063 1157 
19 39 57 63 170 270 292 497 595 635 675 687 773 787 879 1059 1060 1361 
76 109 280 433 598 725 781 997 1203 1259 1272 1346 
84 99 227 352 969 998 1139 1172 1390 
23 25 154 323 419 505 509 516 691 697 707 1091 1262 1401 
46 105 263 566 642 675 762 1006 
88 157 174 252 562 679 779 843 853 912 1095 1323 
42 57 361 442 457 477 524 591 830 850 908 934 1153 1268 1340 1388 
32 138 342 400 427 555 883 885 1297 
88 109 119 297 451 530 538 677 897 1198 1262 1268 1287 1381 
371 426 700 732 733 930 1312 1331 
19 151 347 364 422 469 497 798 909 959 1072 1240 1269 1329 1331 
289 294 419 441 530 679 715 902 1054 1329 1347 1418 
170 391 461 480 707 734 800 806 807 885 993 1015 1097 1348 
23 303 332 440 493 735 769 818 909 995 1119 1209 1275 1418 
22 66 156 219 460 485 680 909 978 1075 
284 318 431 544 570 613 708 719 843 924 927 1008 1017 
49 186 192 306 308 328 419 708 749 750 1346 
2 200 357 439 533 567 587 628 717 723 889 919 1000 1059 1192 1237 1333 1335 
108 176 292 620 687 802 1152 1356 
41 60 149 316 357 399 443 533 575 886 1110 1142 1321 1365 
160 294 757 822 1255 1301 1368 
43 55 88 285 481 494 533 583 869 1200 1268 
22 46 307 314 499 700 703 1195 1210 1360 
172 268 493 567 622 720 833 885 1047 
121 879 1029 1100 1217 
338 549 587 748 827 876 1312 
126 508 552 603 799 863 1177 1305 
138 157 209 215 252 446 640 766 820 878 894 1145 1218 1225 1384 
369 549 561 917 1260 1305 
152 439 761 850 1017 1095 1179 1200 1203 1390 
6 138 169 203 243 307 415 501 645 649 697 1000 1263 1297 1362 1390 
27 153 263 292 502 947 1062 1088 1175 1188 
218 364 539 653 697 801 912 1157 1290 1344 1356 1374 1401 
26 49 220 290 331 629 706 840 876 969 1176 1208 1329 
21 66 85 271 278 650 656 738 836 1346 
146 659 829 878 968 1149 1199 1279 1313 1327 
27 30 992 1038 1241 1343 1403 1417 
75 106 228 251 484 519 523 530 598 717 763 865 1211 1259 1281 1325 1355 1374 
165 228 336 356 454 530 826 871 921 1035 1148 
48 85 191 474 477 626 728 777 902 917 1013 1114 1293 1377 
27 507 635 720 746 796 886 972 974 1199 1221 
123 260 471 511 777 855 930 986 1122 1124 1250 
230 410 610 645 663 712 845 948 1276 1330 1359 
285 323 1100 1366 
178 387 501 789 1124 1153 1211 1365 
149 299 381 540 1115 1215 1277 
507 520 648 779 853 862 973 1035 1135 1264 1268 1286 1308 1340 
134 315 406 457 613 979 1149 
279 395 713 754 795 817 1198 1294 1348 1381 
14 42 65 341 348 458 731 965 1032 1087 1246 1248 1337 
131 160 324 441 452 546 726 889 913 986 1055 1186 1204 1307 
230 393 454 1137 1193 1416 
109 262 439 563 625 648 675 677 701 801 943 986 998 1086 1115 1353 
37 46 198 523 740 744 772 1153 1167 
100 303 642 744 865 909 1208 1301 
644 654 667 853 938 1197 1230 1326 
167 263 544 553 697 803 906 1008 1265 1328 
60 138 148 210 285 632 823 827 999 1056 1194 1204 1388 
315 367 466 470 504 667 704 807 838 872 1085 1139 
136 263 427 540 703 947 1003 1327 
287 319 470 586 816 905 1015 1212 
107 174 225 363 474 482 678 743 918 930 961 1046 1048 1070 1125 1235 1247 1390 
166 275 369 414 618 648 657 753 774 879 887 1117 1136 1181 1340 
15 21 23 169 261 268 449 563 569 626 660 661 782 906 1239 1263 1272 
33 39 85 410 476 537 629 851 
36 86 381 438 481 572 581 628 
98 104 129 132 146 307 510 578 642 729 904 1160 1171 1314 1369 1375 
62 126 299 315 326 430 621 687 797 868 1073 1142 
141 278 397 458 511 516 535 553 693 1123 1250 1325 1350 1377 
181 203 221 361 426 430 462 1186 1270 
16 25 112 440 471 545 548 626 656 748 769 879 1078 1082 1089 1109 1131 1261 1338 
52 89 109 207 410 482 488 533 625 1066 1251 1416 
403 410 412 431 662 682 741 1216 1264 1340 1359 1407 
208 281 512 749 1013 1148 1211 1259 1275 1355 
249 293 320 660 758 855 873 893 899 929 939 1022 1060 1205 1236 1383 
135 358 642 668 685 732 774 869 912 962 1151 1220 1392 
215 238 300 432 521 572 831 1281 
52 255 268 373 538 739 757 795 799 801 845 1055 1291 1299 1326 1331 
118 250 291 376 448 530 662 845 941 1119 
51 88 167 229 405 471 509 533 912 1112 1197 1363 
298 421 427 602 622 646 883 1015 1139 1266 1277 1287 1313 1315 
66 79 397 547 695 886 903 1188 
40 53 358 552 577 1004 1051 1372 
49 288 293 322 362 684 976 979 1063 1141 1148 1201 1221 1300 1360 
117 226 342 523 711 833 923 933 1064 
116 129 185 214 218 268 326 547 933 1038 1059 1130 1142 
14 28 296 370 633 694 1054 1064 1088 
43 113 316 348 479 561 611 654 720 776 810 1024 1093 1149 1276 1304 1400 1414 
177 187 244 372 460 604 654 793 831 929 932 940 1021 1114 1305 
128 171 184 657 911 955 1040 1079 1133 1182 1240 1244 1254 1344 1356 
330 381 393 658 740 1013 1336 
5 51 141 309 531 975 1029 1124 1313 
373 507 520 573 631 800 801 882 935 1140 1285 1294 1403 
70 272 513 679 785 797 899 1071 1098 1288 1300 1334 
21 47 116 260 322 389 443 722 890 956 1005 
2 24 70 244 246 280 466 698 735 806 940 1138 1187 1375 
389 717 767 786 791 858 873 947 1149 1249 1320 
26 46 145 169 398 644 758 877 1004 1119 1280 1394 
313 356 378 517 525 570 706 850 924 1041 1393 
46 107 267 274 459 604 698 699 921 927 935 937 940 1225 1254 
316 375 511 926 
104 299 310 326 327 545 685 771 927 978 989 1207 1290 1333 
68 517 786 809 923 1024 
33 94 156 206 215 429 492 670 715 892 911 951 1200 
9 32 52 97 180 217 295 410 614 661 718 812 848 902 1148 
77 130 313 384 411 520 661 757 1024 1172 1386 1409 1417 
381 460 515 549 636 801 819 853 916 1067 1251 1324 
229 308 332 510 631 972 1000 1240 1244 
217 426 471 707 783 785 972 1101 1110 1412 
65 104 597 693 1216 1239 1279 1339 
34 122 287 560 580 804 879 1117 1138 1167 1234 
240 450 914 975 1146 
133 489 665 722 750 1061 1113 1269 
107 130 134 169 330 451 548 719 742 959 1168 1224 1286 
80 105 120 152 421 539 879 909 1002 1014 1021 1210 1295 1379 
19 94 262 309 343 763 840 845 891 1109 1149 1248 1284 1290 1383 
61 104 236 265 395 674 954 963 1007 1155 1211 1218 1353 1384 
44 208 296 380 417 480 586 621 649 883 915 970 1011 1236 1278 
173 208 555 559 572 682 760 1045 1246 1319 1336 1344 
51 52 268 293 785 1020 1061 1098 1127 1200 1332 1387 1411 
7 164 198 211 613 868 929 1067 1344 
79 109 187 672 813 1155 1171 1258 1286 1300 1373 
19 113 120 177 308 506 615 741 797 887 984 1075 1154 1194 1211 1301 1314 
59 74 166 455 864 1108 1359 1374 
109 197 304 332 502 658 715 863 910 974 
558 797 929 1013 1032 1043 1221 1350 
75 96 213 538 542 746 822 896 1017 1084 1170 1197 1231 1232 1279 1291 1325 1375 
170 344 362 388 405 433 639 698 818 879 1056 1224 
84 270 428 645 837 853 872 1171 
367 432 707 720 867 875 883 944 1075 1216 1244 1304 1391 
93 368 424 445 464 499 783 792 858 1185 1389 1417 
169 206 499 514 732 817 1152 1203 1335 1349 
30 142 183 450 552 566 684 686 1044 1115 1397 
26 44 49 56 119 372 505 780 891 1027 1077 1115 1369 
38 148 155 262 289 562 588 631 650 691 897 1001 1053 1176 
49 98 124 172 187 220 273 302 524 531 583 778 810 896 992 1002 1173 1318 
646 800 930 985 999 1044 1059 1167 1215 1284 1396 
187 273 471 559 626 708 973 979 1220 1262 1269 1369 1402 1409 
11 246 298 299 597 620 626 753 775 1079 1183 1290 1308 1351 
69 155 404 609 892 983 1148 1258 
270 382 398 463 641 738 753 764 845 917 
73 145 235 279 321 533 534 564 586 591 741 747 1144 1204 1319 
481 620 645 
33 55 260 356 431 552 1009 1189 1327 
67 275 438 632 643 689 1046 1064 1065 1334 
332 401 604 815 970 1096 1355 
42 107 195 741 929 1029 1148 1152 1232 1233 1413 
420 422 514 552 775 878 965 1092 1392 
63 72 184 202 540 577 733 978 1329 
96 146 516 557 599 608 640 947 1342 
206 326 588 693 722 861 954 1087 1181 
5 6 31 40 154 192 437 536 627 685 940 993 1116 1163 1243 1418 
85 114 339 391 494 712 738 767 770 869 1020 1043 1365 1395 
599 655 955 1236 1250 
172 430 490 510 671 722 871 886 1192 1231 1321 1336 
13 111 135 539 657 737 781 937 1372 
100 138 142 353 495 577 591 677 697 722 737 751 870 1129 1182 1274 1290 1365 
44 128 157 168 359 469 634 663 821 856 928 1070 1096 1098 1186 1224 1248 1366 1407 
260 356 582 701 904 907 1023 1030 1226 1245 1348 
113 204 235 479 609 755 1098 1236 1277 1306 1378 
70 152 360 418 484 491 494 495 557 558 901 999 1013 1021 1029 1194 
158 288 589 657 740 814 843 898 996 999 1190 1237 1242 1318 1397 
193 338 657 703 818 974 985 1116 1134 1231 1277 1290 1354 1365 1368 
36 43 220 258 422 460 1315 1351 
35 56 63 404 633 747 1248 1367 
60 229 351 361 446 732 780 856 1086 1092 1251 1290 1345 
14 61 121 278 540 633 909 987 994 1099 1313 1339 
15 115 175 183 190 470 482 749 911 922 1017 1227 1289 1290 
124 766 963 1241 1309 1349 
224 259 351 554 570 806 815 1167 1303 1304 1323 
139 206 248 392 440 535 790 814 1134 1238 1248 1319 1377 1405 1413 
8 186 326 575 705 942 945 1193 1315 
56 172 286 343 380 613 693 776 881 1057 1062 1309 1328 1351 1404 
104 540 658 772 807 947 994 1101 1401 1414 
23 218 241 360 642 751 1040 1044 1115 1127 1290 
68 98 199 275 309 328 362 431 672 836 891 1150 1377 
256 351 406 414 802 988 997 1204 
665 771 956 995 1332 
51 52 158 237 241 581 582 702 1035 1051 1075 1088 
21 186 490 557 1057 1073 1093 1174 
312 393 428 594 641 835 911 1176 1194 1230 1312 1349 1418 
334 428 683 1029 1161 1260 1277 1366 
77 135 375 380 409 444 500 526 670 702 919 1210 1269 
170 174 321 324 390 485 508 877 916 951 1061 1090 1324 
1 4 52 99 136 503 522 680 1051 1078 1163 1195 
31 67 547 651 882 941 1049 1142 1252 1256 1379 
27 309 337 428 429 639 721 733 1064 1108 1204 1336 
265 367 575 926 937 991 1214 1218 1254 1349 1414 
30 60 82 345 449 473 668 729 951 999 1195 1295 
153 202 347 495 898 947 1212 
168 175 309 323 348 609 613 825 968 1000 1005 1056 1072 1095 1132 1147 1212 
10 45 193 267 567 679 820 850 1019 1198 1388 
45 489 500 604 773 1095 1167 1285 1396 
101 141 187 273 356 365 525 703 872 968 1085 1198 1199 1238 1262 1309 
165 261 336 530 850 972 1024 1162 1337 1345 
141 200 427 443 447 524 678 760 1004 1010 1085 1141 
29 95 280 418 602 925 991 1099 1286 1309 1312 1393 
391 1020 1202 1239 1280 1394 1418 
227 339 502 650 660 806 883 938 1196 1341 
12 126 145 190 209 417 466 475 595 863 978 1061 1148 1366 
178 343 490 540 554 687 722 723 760 785 885 921 950 1051 1141 1154 1287 1383 
39 132 381 554 1007 1079 1190 1368 
38 244 295 513 554 566 575 583 900 1129 1234 1238 1293 
83 94 228 415 422 486 749 895 1151 1227 1326 1354 1364 
161 259 566 887 982 1092 
388 433 444 473 651 674 743 836 839 853 1102 1183 1296 
85 164 185 186 285 333 464 572 598 709 915 930 1074 1112 1328 1406 
133 563 601 610 629 1042 1346 1352 
295 636 650 691 700 751 773 850 936 937 948 1006 1044 1082 1092 1159 1350 1403 
340 403 601 638 1089 1165 1283 
102 190 578 686 719 1231 1292 1405 
108 444 465 591 606 608 802 810 921 923 957 1080 1102 1219 1235 1324 1405 
199 249 309 363 468 584 979 1009 1135 1207 1288 
146 150 155 248 285 289 403 741 775 933 1097 1200 1245 
42 224 372 514 1020 1095 1107 1274 1405 
61 70 206 211 253 494 865 954 1224 1404 
55 147 185 226 278 334 453 510 541 627 795 1002 1047 1325 1350 1381 1387 
183 240 264 443 446 502 691 870 874 939 985 1038 1151 1223 1375 1395 
34 96 132 380 415 617 671 769 844 1089 1094 1189 1233 1400 
184 349 363 367 506 768 925 1016 1065 1083 1195 1260 1294 
253 303 329 359 394 537 682 699 860 943 1125 1228 
10 147 151 397 452 564 581 619 1137 1160 
310 411 598 774 924 943 968 1061 1115 1181 1349 
12 268 454 567 581 712 765 1064 1241 
204 305 343 412 448 475 666 720 797 942 1046 1229 1307 1341 1414 
315 412 613 801 862 983 1091 1112 1192 1230 1318 1324 1346 
34 40 284 306 349 353 500 683 799 972 
138 151 162 265 703 773 838 936 1383 
43 179 259 412 477 614 719 741 926 928 986 1057 1110 1306 1377 
73 74 154 258 438 560 862 879 983 1038 1327 1395 
74 209 222 472 501 545 774 1190 1251 1343 
110 128 168 247 298 347 537 631 670 678 1008 1209 1259 1334 
231 239 338 414 453 525 545 742 828 936 994 
137 288 336 672 680 792 934 1020 1199 1326 
129 134 365 547 550 645 669 707 715 755 759 772 874 966 977 1006 1249 1323 1373 
295 391 896 1031 1067 1142 1232 1243 1310 
27 177 179 232 327 391 817 950 986 1311 
201 472 737 830 939 941 1007 1162 1214 
78 312 452 548 652 725 762 774 843 1252 1406 
46 220 227 403 479 493 499 513 560 616 887 951 1038 1048 1263 1415 
12 108 326 396 545 636 652 657 668 845 886 896 1015 1023 1324 1360 
4 6 32 92 115 531 534 615 664 685 726 799 885 1007 1196 1271 1333 1355 1416 
92 100 126 154 295 332 707 767 849 884 965 1004 1132 1156 1172 1366 1411 
17 66 171 273 282 428 463 514 536 1023 1253 
93 159 187 342 424 555 662 695 923 1052 1145 1222 1287 
32 177 248 423 552 739 999 1017 1060 1386 1403 
4 137 207 230 328 473 572 760 778 820 957 1036 1148 1227 
538 748 784 931 1086 1114 1198 1304 
129 456 533 560 641 719 1175 1245 
50 95 112 122 356 429 432 672 903 923 1350 1410 
230 364 429 594 848 1102 1208 1260 
48 64 147 372 478 771 780 880 885 913 932 974 1153 1190 1216 
85 349 361 594 653 779 973 
18 269 381 453 464 471 512 806 834 1023 1184 1209 1245 1396 
18 190 361 396 427 441 719 738 1033 1108 1255 1318 
47 79 83 312 328 626 847 1220 1296 1306 
75 215 347 405 461 590 805 907 975 991 1020 1072 1209 1211 1289 1358 
19 21 158 339 522 656 684 749 986 1019 1114 1266 1323 1363 1368 1399 
10 242 551 726 894 943 1000 1062 1142 1258 1264 1291 1293 1329 
187 711 803 906 1210 1309 
7 101 111 150 182 259 450 477 600 637 705 957 1047 1103 1349 
114 251 344 500 528 701 708 904 1040 1057 1192 1345 
10 336 396 537 616 620 643 803 901 976 1014 1135 1311 1379 
55 139 310 470 558 651 1197 
357 409 581 655 658 659 699 759 811 1008 1022 1031 1213 
394 457 480 622 769 1216 1288 1381 
462 513 523 734 748 812 825 936 1125 1351 
39 545 650 677 720 724 1017 1165 1271 1282 1388 
155 171 517 535 695 896 1028 1172 
70 362 503 532 756 978 1067 1201 
75 168 260 346 375 529 599 762 851 993 1087 1122 1366 
81 177 203 237 337 446 487 751 828 1353 
132 237 247 279 330 673 684 785 1027 1210 1364 1367 1378 1404 
592 642 706 975 1208 1214 
254 328 407 523 585 622 662 827 1121 1159 
110 213 486 527 935 958 1063 1227 
26 148 200 323 361 392 683 744 845 856 1111 1197 1247 1251 
48 142 378 812 969 1069 1124 1218 1257 1306 1370 
39 68 82 157 335 458 558 569 729 747 856 889 894 1130 1158 1337 1375 
335 524 571 660 743 867 963 1072 1332 1401 
29 49 340 364 602 604 841 864 1033 1148 1159 1367 1397 
173 219 320 321 450 506 745 832 873 1259 
182 337 536 660 744 746 1009 1067 1210 1221 1290 
20 285 301 352 384 802 873 1121 1258 1265 1318 
291 458 510 587 630 719 733 765 770 791 1074 1153 
138 196 263 347 596 605 654 686 706 781 851 1240 1271 
92 287 359 453 892 1048 1281 1288 1399 
120 226 271 465 574 596 604 733 896 984 1244 1295 1326 1405 
65 87 178 313 452 579 729 730 858 1044 1089 1219 1302 1377 
68 113 439 523 547 616 651 878 1203 1205 1272 1296 
232 344 409 532 613 737 744 920 993 1089 
47 108 126 172 282 484 639 853 872 877 911 1282 
80 200 227 344 396 475 536 744 800 832 853 1297 
124 138 324 476 551 700 843 956 1021 1223 1383 
90 379 719 862 882 1001 1129 
115 198 262 733 740 744 796 986 1043 1048 1197 1347 
266 339 489 521 723 830 882 989 
95 239 426 516 816 869 947 1129 1155 1254 1293 
105 247 260 384 697 865 867 903 968 1154 1242 
90 325 412 504 774 949 1120 1266 
28 252 369 396 472 525 583 637 816 981 1193 1226 1361 1418 
6 37 154 269 1005 1230 1240 1349 
60 222 487 528 532 592 611 627 676 704 741 794 818 834 942 989 1175 1362 1401 
76 147 154 196 206 271 603 625 687 853 998 
76 292 293 395 433 496 944 1029 1232 1274 1362 
119 174 219 298 428 455 535 557 845 881 
107 138 223 247 274 280 312 327 543 748 828 833 884 970 1056 
151 602 640 985 1049 1067 1084 1107 1356 1398 
4 32 111 204 559 590 1122 
428 445 761 795 860 1017 1038 1125 1159 1416 
120 178 266 357 734 798 981 1202 1230 1388 1413 
328 455 474 739 822 938 981 1013 1106 1249 1319 1334 1386 
49 99 154 232 239 248 269 349 528 570 856 891 905 1028 1127 1151 1324 
25 142 194 273 304 330 437 494 920 1128 1241 1304 
213 218 227 316 370 398 412 480 505 535 589 655 758 986 1114 1218 1405 1410 
57 71 80 249 304 315 367 612 1098 
94 184 198 428 445 523 561 602 706 990 1324 
40 720 969 1000 1049 1199 
39 98 534 542 761 813 924 1066 1092 1324 
33 47 95 203 308 371 477 1008 1041 1105 1228 
96 97 111 118 234 264 284 309 427 562 609 694 792 887 1115 1266 1284 1401 
54 95 115 137 430 436 521 579 879 1086 1184 1236 1392 
202 366 494 1154 1266 1321 1410 
31 310 314 444 597 632 680 835 838 867 943 1348 1416 
63 103 195 283 342 487 604 624 647 678 922 962 1011 1082 1188 1237 
206 762 790 951 1249 1264 1288 
15 576 1179 1222 1409 
355 426 499 685 752 753 839 871 1015 1018 1124 1190 1197 1238 1290 1392 1395 
183 319 468 472 577 691 782 897 1072 1191 
170 433 507 561 611 685 769 807 896 1045 1123 1288 1328 1357 1379 
274 357 412 426 559 593 736 756 901 918 977 1014 1153 1230 1283 1344 
150 154 250 262 344 728 907 1110 1200 1209 1324 1343 
22 144 311 386 417 451 500 879 975 1022 1058 1099 
165 531 551 570 659 746 793 844 914 1218 1275 1304 1355 
8 41 263 266 405 410 517 637 692 728 782 857 1169 
56 233 288 402 452 573 1039 1051 1278 1281 1307 1317 1413 
99 209 216 292 427 569 945 955 956 1083 1152 1406 
35 297 383 507 562 591 849 1009 1034 1184 1216 1256 1274 1321 1389 1397 
31 70 76 90 192 449 540 559 599 601 784 870 874 988 1050 
173 202 335 444 531 550 583 767 932 1299 
49 173 335 547 781 807 862 952 1055 1062 1086 1151 1218 1221 1228 1275 1283 1310 1407 
111 312 322 333 686 695 697 873 881 902 940 959 
20 100 127 222 232 299 315 443 811 1006 1055 1066 1211 1237 1292 
76 131 160 193 304 309 357 406 558 821 983 1156 1167 
21 135 225 367 374 400 463 472 746 941 947 1052 1186 1240 
84 223 272 483 488 961 1024 1109 1325 1366 1417 
39 47 174 240 260 495 530 544 832 841 901 1098 1164 1398 
554 681 780 1141 1308 
38 342 657 796 915 935 1065 1120 1140 1349 1362 
811 818 877 1119 1122 1176 1208 1254 
90 165 191 212 494 533 548 570 658 822 1087 1182 1270 1305 1328 1362 
16 60 336 342 806 1032 
160 184 617 646 821 1036 1326 
43 46 77 125 140 152 259 321 322 625 647 697 948 1099 1117 1160 1245 
107 241 251 702 781 805 806 833 890 1075 1238 1278 
212 222 286 606 619 662 675 752 835 903 962 1032 1036 1346 
87 332 547 641 779 939 1128 1417 
759 780 861 1064 1218 1360 
179 704 1029 1187 1221 1241 
96 350 358 727 742 840 887 1046 1080 1239 1252 1273 
60 125 403 420 636 739 835 946 1036 1116 1146 1180 
204 382 387 495 649 853 879 987 1019 1091 1324 1380 
124 129 473 554 761 846 882 886 1038 1210 1403 
34 112 160 259 288 344 409 418 542 570 640 660 701 876 909 964 1047 1178 1326 1336 
52 265 311 361 363 386 560 788 857 927 982 1339 1376 1382 
59 124 198 201 365 374 840 1225 1292 1304 1388 
302 471 495 634 762 969 1171 
69 130 142 494 
473 684 718 735 770 805 956 1043 1127 1212 
28 96 425 442 590 759 907 975 
257 588 642 657 705 725 885 972 1142 1160 1169 
55 134 168 308 433 549 601 621 864 1019 
77 176 416 420 434 513 642 660 674 771 812 890 912 954 1050 1127 1278 1316 1378 
31 39 62 448 972 1035 1322 
118 235 248 327 486 586 836 902 1006 1016 1026 1084 1090 1165 1375 
211 324 764 797 842 859 878 901 1030 1148 1167 
48 315 733 759 805 938 1044 1195 1313 1339 
183 541 624 719 909 977 1029 1170 1325 1377 
63 102 365 414 803 885 888 898 1095 1272 1273 1315 
34 124 136 215 219 552 732 747 750 839 990 1078 1163 1209 1300 1310 1384 1416 
224 251 269 274 288 352 384 386 455 1123 1269 1365 
219 337 609 618 1019 1176 1253 1268 1322 1371 
150 227 229 336 463 508 778 917 1080 1298 1372 
465 913 957 1261 
163 170 324 669 736 791 805 826 949 1003 1022 1039 1215 1234 1313 1335 1418 
59 124 147 165 275 287 330 393 483 493 618 803 1020 1036 1225 1239 1270 1326 1368 1417 
146 462 631 880 909 1077 1168 1282 1336 
10 242 310 348 353 418 456 469 498 554 694 770 996 1000 1168 1169 
326 385 899 925 1163 1222 1310 
197 205 434 982 1162 1190 1193 
132 153 196 265 446 489 545 596 627 683 691 823 1018 1084 1170 1246 1302 1392 
19 228 258 387 491 891 997 1000 1005 1030 1074 1082 1184 1360 
19 57 221 326 398 521 618 1049 1146 1411 
531 681 730 862 874 884 954 1007 1073 1104 1199 1248 1253 1349 1418 
78 306 355 366 396 588 980 1029 1053 
58 140 275 345 512 578 606 734 819 906 1047 1164 1190 
67 266 743 964 1143 1150 1320 
303 395 397 488 517 549 617 852 1154 1225 1312 
105 168 294 770 797 940 1013 1088 1357 
4 25 83 358 453 565 584 777 781 819 853 933 1021 1071 1248 1288 1348 
68 79 124 290 639 763 974 1067 1263 1417 
49 78 90 265 331 383 482 706 789 869 1004 1230 
352 563 668 861 905 1008 1040 1109 1195 1238 
29 267 276 297 303 388 428 525 706 884 931 940 1135 1383 1390 1410 
12 311 572 830 952 962 1037 1374 
40 179 217 486 557 983 1017 1081 1101 1192 1315 1331 1412 
26 104 146 429 468 485 512 727 823 829 845 980 1231 1259 1299 
299 889 989 1261 1335 1353 
280 379 477 779 1039 1289 1377 
54 116 252 310 567 581 656 731 1056 1084 1386 1416 
33 478 513 695 722 985 987 1270 
224 702 772 835 951 1054 1275 1291 
332 432 443 554 817 824 873 906 1153 1263 1267 1308 
306 644 977 1082 1177 1312 
57 58 114 378 403 645 662 730 781 1274 1394 
66 81 132 339 434 452 645 719 890 1177 
251 338 340 375 470 757 764 828 844 867 1139 1164 1257 1276 1340 
159 247 453 676 817 903 985 1226 1320 
65 259 431 540 624 644 728 920 1192 1252 
176 315 421 459 486 621 729 731 789 831 868 1002 1274 1318 
567 614 638 789 864 993 1223 1335 
27 266 311 473 716 963 987 1343 1411 
85 257 276 416 428 485 538 588 751 765 880 914 927 952 1045 1082 1125 1135 1217 1254 
606 643 1082 1254 1359 
128 183 219 504 922 1132 1150 
176 409 426 450 706 802 1073 1081 
118 135 370 465 527 738 1044 1217 1287 
9 156 167 655 835 901 924 973 1080 1197 1202 1260 
121 337 346 636 712 824 1038 1070 1240 1275 
57 114 124 152 193 211 283 327 489 567 851 929 1036 1090 1120 1139 1147 
297 307 334 370 377 659 767 774 823 999 1231 1381 
20 232 507 543 556 596 625 1083 1179 1206 1389 
269 272 296 303 599 778 1031 1085 1359 1400 
225 258 413 580 589 715 829 1024 1336 1349 1380 
161 381 589 734 783 846 
95 193 303 351 489 591 856 1004 1027 1072 1087 1307 1321 1383 1414 
80 416 482 577 1050 1070 1102 1198 1321 1370 
169 237 267 323 332 468 551 715 853 969 1036 1058 1067 1068 1132 1138 1233 1252 1323 1367 1370 
390 473 505 566 864 981 1076 1112 1204 1270 
145 194 329 342 590 771 952 1019 1035 1054 1212 1310 1377 
12 112 114 209 316 557 628 703 838 840 1077 1104 1122 1123 1162 1192 1314 1318 
4 68 343 364 379 632 638 697 810 892 966 985 1251 1280 1297 1320 
152 379 694 795 915 995 1080 1199 1214 
219 300 368 399 642 676 731 823 1043 1240 
44 90 178 224 280 582 584 715 854 863 933 935 1144 1222 1289 
109 163 625 828 1019 1074 
75 564 648 870 1006 1099 1103 1253 1350 
266 353 382 532 623 792 810 849 853 963 1275 1312 
11 136 338 340 394 533 642 732 824 
44 141 457 863 1105 1124 1162 1166 1218 1220 1405 
30 131 151 650 674 835 837 859 1023 1167 1401 
233 291 403 442 520 574 790 802 
139 657 858 1201 1383 1406 
288 329 448 501 631 738 764 802 804 960 991 1216 1284 1331 
257 282 329 405 501 544 811 841 977 998 1091 1207 
43 171 438 669 688 1377 
15 18 384 406 425 464 753 818 1050 1412 
31 63 309 344 353 513 580 850 856 895 1081 1327 1357 
17 75 119 407 421 458 905 1091 1364 
215 250 321 442 1038 1085 1142 1154 1233 1309 
142 151 481 964 1094 1155 1242 1277 
36 417 503 629 956 
244 291 476 504 513 546 583 610 859 952 1190 1248 1306 1336 1383 
71 255 321 367 494 768 831 899 
1 96 170 357 512 715 760 990 1047 1167 1296 
15 338 664 753 873 976 
39 42 224 312 333 476 921 1361 1395 
95 353 528 724 851 870 1083 1129 
16 109 129 184 202 493 495 546 616 757 
33 40 170 254 375 684 733 892 902 959 1192 1323 
29 251 276 312 529 690 697 777 778 819 867 965 1136 1281 1293 
116 136 159 356 625 796 807 1005 1139 1195 1228 1349 
290 419 625 627 707 755 998 1154 1407 
345 426 506 1204 1249 1404 
578 658 723 742 994 
133 185 234 367 444 543 583 944 993 1074 1194 1291 1315 
17 20 115 190 405 429 484 630 634 919 928 1255 1362 
73 74 418 496 530 686 915 953 994 1085 1189 1239 1255 1290 
9 57 65 176 199 209 276 318 394 461 495 514 638 713 974 1025 1085 1159 1283 
126 394 686 689 736 922 972 1094 1249 1251 1395 
94 392 590 706 865 911 954 1067 1229 1399 
123 209 1171 
54 62 164 176 483 489 512 560 764 819 957 1013 1017 1290 
58 110 296 410 958 1001 1210 1289 
103 201 240 293 321 350 498 516 521 635 801 847 939 942 1112 1241 1374 1399 
81 108 393 436 479 730 923 1285 
133 266 443 589 715 1198 1281 1301 
5 75 81 107 376 558 835 887 1069 1082 1373 
33 68 322 409 422 458 482 624 734 1193 1207 1253 1257 
273 512 529 807 815 1185 
124 143 161 367 542 616 633 691 857 907 1048 1067 1163 1188 1308 1340 1376 
120 151 278 312 707 1115 1317 
33 148 206 315 571 601 696 866 1143 1280 
12 156 278 640 740 755 1082 1285 1350 
184 206 213 217 232 408 575 594 647 703 725 1061 1074 1116 1228 
235 374 491 514 583 618 737 993 1187 1247 
21 348 419 523 728 840 845 992 1209 1219 1379 
145 282 573 664 712 730 830 880 903 1015 1104 1166 1181 1305 1376 
34 53 490 523 1041 1137 
181 370 786 1089 1352 
30 139 227 236 243 406 500 535 576 672 889 1156 
20 50 55 77 98 456 629 630 756 1005 1037 1418 
134 255 573 591 835 1074 
69 163 683 718 728 749 784 791 844 891 925 1020 1246 
11 48 102 209 680 692 732 741 760 
87 206 455 459 475 820 1041 1069 1166 1385 
239 317 443 720 848 862 957 985 1398 
275 309 444 569 663 776 791 981 1162 1175 1193 1264 1304 
155 320 335 494 571 600 623 635 651 689 698 896 929 975 1057 1166 
20 98 105 332 499 508 585 604 767 845 943 967 1042 1104 1117 1180 1364 
90 148 420 606 761 766 942 1105 1347 
185 238 240 500 525 602 887 988 1145 1299 1329 1331 1359 1385 
3 89 125 184 309 387 509 532 644 677 
41 923 
7 91 239 598 853 919 925 954 1123 1176 1193 1365 1416 
294 369 414 711 866 998 1015 1231 1239 1251 1281 1347 
193 202 293 438 463 623 826 1332 1370 1402 
66 388 839 882 1034 1085 1094 1152 1202 1257 
83 98 197 230 383 435 543 596 607 796 829 1024 1033 1135 
1 108 127 278 294 302 991 1040 1061 1313 1387 
358 418 440 467 485 572 854 912 1019 1348 
110 420 1094 1142 1150 1153 1369 
310 450 561 616 630 698 755 781 814 837 988 1020 1095 1109 1284 1307 
32 142 194 273 301 510 563 758 1031 1032 1321 1391 
4 39 216 292 319 372 439 581 979 1015 1032 1205 1306 
88 257 347 375 445 611 618 625 771 1022 1035 1199 
195 221 276 526 632 711 766 773 1011 1126 
31 83 336 354 452 469 647 750 887 913 1231 1276 1344 1346 
26 32 73 113 156 159 178 261 522 623 780 1200 1211 
219 222 235 634 824 1182 1363 1401 
117 300 305 373 448 521 588 676 893 947 1152 1181 1386 
51 98 390 462 470 678 779 825 994 1026 1159 1304 1308 1332 1364 
11 63 299 671 1058 1060 1188 1305 1341 1411 
237 283 395 1008 1232 
131 674 971 1076 1287 
92 140 149 169 350 449 460 638 1005 1154 1314 
4 119 187 289 343 436 519 638 642 707 795 867 1142 1175 1215 
139 235 238 320 353 734 801 995 1174 1196 
101 235 359 419 479 481 516 517 536 783 850 1338 
33 130 136 298 337 349 386 539 898 966 982 1036 1263 1336 1354 
83 95 219 235 607 775 1134 1266 1380 
379 569 695 714 802 989 1392 
2 44 45 73 189 457 740 1003 1140 1341 1349 1364 
18 40 204 298 304 500 630 676 726 969 1135 1177 1381 
77 107 157 161 354 618 788 863 1122 1223 1240 
426 455 625 806 846 875 896 972 1034 1040 1107 1299 1322 1335 
197 198 208 230 250 266 386 479 587 973 1293 
10 458 503 505 515 520 662 799 870 906 1050 1063 1085 1114 1349 
3 22 217 400 447 492 503 696 816 945 1034 1133 1152 1159 
61 90 110 124 272 286 627 630 702 767 805 825 1120 1285 1291 
69 481 625 634 667 829 833 864 1021 1047 1116 1232 1329 
78 85 116 195 430 496 565 843 886 1182 
44 148 179 305 387 634 700 724 771 908 921 940 972 1072 1332 
48 140 158 256 267 339 398 653 693 836 838 892 1081 1131 1210 1265 
489 605 619 680 685 838 878 962 1038 1087 1170 1348 
126 210 276 321 408 591 638 666 674 748 764 858 976 1173 
126 242 381 599 728 914 1097 1281 1380 
28 294 330 429 543 627 842 955 1072 1162 1228 1254 1279 1363 
11 148 263 420 439 501 646 674 776 934 1237 1328 
108 136 251 316 388 409 457 524 695 702 786 821 831 1083 1118 1229 1288 1308 1394 
24 120 393 719 934 1169 1282 
15 86 266 310 383 391 475 1076 1229 
62 189 344 374 464 494 529 545 596 746 857 1099 1133 1339 
82 312 506 678 699 895 918 994 1339 1375 
23 168 268 391 566 641 658 876 898 901 976 1024 1141 1393 
96 128 169 326 518 667 759 827 904 917 927 1007 1128 1198 1381 
60 62 84 155 388 424 498 682 689 718 761 767 901 987 1173 1304 
3 451 602 705 834 835 1013 1084 1220 1223 
446 449 460 909 1232 1238 
163 168 201 248 307 832 882 918 1087 1315 
66 307 690 781 1029 1181 1242 1312 1330 1390 
327 425 455 717 754 774 896 910 982 1098 1295 1317 1359 1392 
74 84 103 348 546 562 669 1067 1071 1240 1335 1378 1407 
136 139 264 370 559 572 606 672 761 832 922 959 978 985 1002 1094 1339 
51 474 856 933 1141 1254 
60 260 367 426 454 455 607 720 782 900 1094 1212 
170 470 685 728 770 927 985 1003 1279 1306 1307 1324 1365 
151 185 329 330 509 531 576 889 971 1033 1089 1390 
54 249 256 352 401 423 451 862 938 1065 1189 1212 1256 1297 
22 75 139 178 182 336 343 364 499 758 772 802 860 1396 1412 
43 115 148 210 230 254 672 744 1010 1030 1042 1242 
101 203 534 803 945 1062 1259 
252 263 292 347 812 848 891 920 1382 
410 528 865 964 985 1116 1139 1202 1377 
18 103 552 869 1125 1204 1206 
402 467 510 607 636 700 825 870 946 955 975 1046 1233 1392 
10 465 513 771 799 807 855 1051 1075 1160 1172 
471 601 628 771 791 880 949 1178 1195 1213 1404 
292 301 309 314 332 342 355 420 462 620 791 863 1082 1104 1230 1388 
234 429 453 755 847 1029 1364 
337 339 358 381 420 456 559 706 856 
17 71 143 442 476 719 762 798 804 966 1363 1402 
63 147 571 662 806 969 987 1203 
273 289 296 342 815 838 847 972 999 1047 1213 1266 1281 1312 1391 
207 268 408 470 708 754 842 1004 1030 1122 1160 1359 1380 
51 311 330 482 563 655 734 752 930 946 989 1073 1088 1189 1217 1265 1367 
268 357 681 813 868 958 1003 1129 1249 
21 141 322 458 561 806 943 1105 1215 1225 1311 1365 
297 391 500 626 796 880 1300 1381 
61 446 734 752 774 932 1412 
93 180 489 580 803 858 893 898 998 1410 
29 110 125 276 287 332 397 426 465 522 541 694 763 1035 1148 
24 73 210 281 327 328 522 534 565 706 921 1140 1263 1341 
82 567 694 760 802 809 815 1038 1044 1107 1319 1375 
348 447 450 741 879 956 970 1118 1124 1241 1262 
371 492 516 686 713 798 1411 
123 309 394 716 751 810 875 921 1086 1124 1160 1283 1314 1355 1410 
194 469 830 883 1004 1063 1082 1295 1311 
125 162 239 888 1026 1038 1091 1133 1342 1365 
123 135 159 184 414 480 485 584 615 734 744 832 942 994 1067 1068 1202 1219 
186 265 342 502 556 665 899 1121 1122 1360 
80 142 173 209 323 343 385 444 567 642 830 982 1223 1395 
259 269 366 450 531 576 590 625 922 1061 1133 1162 1325 1350 
71 254 275 396 411 572 606 623 766 784 903 928 1267 1281 1336 
4 462 468 646 682 718 876 926 1051 1226 
288 371 673 826 864 895 1072 1301 1312 1356 
178 215 266 381 450 495 576 626 715 1028 1052 1305 1407 
4 76 146 188 236 296 322 462 564 623 648 653 782 838 1249 
10 11 35 67 460 494 497 675 708 884 1045 1057 1184 1247 
24 274 311 377 378 400 453 476 691 717 903 970 1152 1368 
62 460 566 615 701 928 1198 1240 1294 
50 148 179 339 547 725 902 944 965 967 1185 1238 1384 
256 312 336 384 483 1057 1258 1283 1317 1366 1389 
91 211 534 651 653 666 691 1026 1286 
214 279 405 530 655 757 782 827 1025 1340 1388 
23 48 103 110 162 213 287 296 341 343 471 521 714 995 1030 1055 1083 1275 1412 
337 466 506 605 623 886 912 930 
1 59 126 145 283 425 493 646 708 934 1023 1276 
20 79 100 104 121 281 282 341 407 430 438 482 517 611 1004 1023 1321 1334 
99 197 468 801 859 949 982 1059 1064 
19 422 478 516 559 623 658 718 978 985 1056 1073 1092 1270 
4 284 389 552 595 687 732 1061 1172 1272 1314 
357 460 464 468 589 633 690 725 804 807 826 1105 
190 475 596 762 980 999 1017 1287 
26 102 365 419 514 680 754 771 1202 1221 1295 
599 742 842 1086 1137 
88 136 181 270 326 387 464 682 721 931 980 1115 1131 1160 1201 1238 1258 1368 
69 91 190 206 228 562 613 912 936 1031 1205 1317 
46 117 340 854 975 985 1123 1251 1267 1340 1369 
60 255 432 460 760 781 965 1098 1167 1414 
126 162 339 399 550 737 837 1130 1138 1194 
158 165 428 520 634 691 758 766 841 1268 1363 1368 1399 
218 266 389 653 725 845 889 1071 1179 1278 
80 142 375 419 497 510 546 552 738 857 910 931 970 974 1044 1204 
5 35 63 244 467 527 528 615 812 901 1053 1089 1128 1336 
48 131 168 224 278 289 564 607 639 677 746 760 783 801 807 810 812 819 927 972 1122 1127 
411 722 771 903 1056 1120 1194 1333 
369 423 855 987 1010 1329 
10 113 409 684 847 903 942 1115 1191 1314 
290 341 452 559 627 693 737 864 1265 
52 55 269 278 314 315 366 468 546 599 759 833 932 1216 1252 1279 1297 
139 255 329 354 534 549 850 900 934 1109 1414 
140 420 652 675 937 1086 1223 1295 1317 1337 
61 168 508 1027 1356 1409 
25 47 224 556 722 984 1051 1156 1190 
166 173 332 387 431 600 601 728 738 766 1024 1243 1357 1368 
67 103 142 317 363 527 665 699 767 1131 1260 1314 
16 137 456 628 933 1035 1340 
372 413 440 452 465 581 814 1330 
11 67 117 348 732 774 814 892 958 978 1010 1152 1176 1211 1314 1340 
101 141 187 511 671 673 733 995 1142 1177 1261 
120 237 326 581 804 873 900 922 1107 1169 1221 1418 
74 139 426 695 869 980 1080 1167 1221 
159 180 193 226 344 565 691 783 992 1057 1135 1176 1204 
135 331 416 501 524 813 817 838 841 904 1104 1349 1406 
129 134 242 527 880 985 1024 1033 1084 
13 213 295 303 325 330 353 486 580 593 881 907 1242 1252 1343 1415 
101 129 140 222 573 654 670 825 841 1042 1058 1092 1215 1238 1260 1316 1358 1397 
138 380 546 680 725 736 811 1021 1029 1164 1315 
40 97 711 767 1085 1180 1251 1276 1293 1301 1304 1393 
53 126 190 193 246 364 431 494 562 637 640 725 808 816 1023 1050 1120 1214 1313 1389 
234 257 338 1017 1312 
27 58 337 980 1136 1216 1267 1282 1297 1407 
226 347 511 537 780 806 870 899 928 1064 1085 
24 40 70 151 178 262 363 496 763 786 815 956 1248 
101 119 459 622 741 1041 1062 1086 1409 
456 526 664 799 967 982 1080 1081 1168 1273 1341 
5 214 276 289 375 446 543 1018 1026 1190 
115 159 169 224 344 488 492 512 601 650 814 879 902 1082 1114 1359 1363 
217 307 391 572 751 828 856 870 885 957 961 963 976 1006 1221 1357 
682 713 771 861 990 1022 1257 1382 
40 142 631 700 722 848 878 932 997 1008 1030 
53 78 359 481 680 704 788 874 1102 1378 1407 
30 135 230 233 286 486 542 560 701 817 851 974 995 1203 
51 147 156 157 161 216 436 445 448 453 512 532 655 656 678 793 903 1156 1195 1292 
27 342 372 687 1215 1303 1385 
362 400 443 654 655 722 1050 1098 1156 1333 
639 764 822 924 1161 1176 1197 1395 
33 70 389 565 577 662 746 886 1291 1331 1374 
30 134 242 278 305 359 366 395 738 789 876 956 1273 
92 359 408 471 472 545 598 662 776 1029 1052 1065 1190 1217 
22 256 354 481 735 763 799 831 1008 1031 1078 1107 1184 1258 1289 1403 
28 56 294 476 574 694 839 923 1297 
209 267 316 530 544 715 1183 
187 364 391 485 568 582 754 811 1009 1021 1207 1208 1218 
130 262 344 350 411 441 487 540 576 589 604 651 691 707 717 1061 1135 1269 1283 1302 1304 1376 
476 843 869 1177 1187 1247 1321 1378 1387 
2 3 89 152 379 386 440 443 506 794 1253 1409 
681 875 976 1066 1311 
91 217 677 734 763 765 975 1172 
1 333 386 810 839 906 
21 44 98 150 302 308 385 411 474 544 551 626 646 661 679 852 870 1000 1172 
126 207 492 499 541 656 940 1155 1160 1377 
99 201 657 693 803 968 1044 1165 1199 1408 
85 120 127 463 539 776 813 825 832 867 905 946 993 1038 1078 1116 1187 1192 1309 
73 123 273 363 624 713 770 853 861 894 1091 1138 1257 1354 1371 
82 177 184 227 362 783 808 817 911 
27 363 505 523 852 1144 
70 214 528 614 697 761 916 1052 
84 237 311 489 555 589 807 848 1184 1350 1397 1411 
28 345 349 682 718 790 886 978 1251 
86 156 200 210 237 393 402 523 663 677 734 952 1260 1298 
9 127 148 158 165 194 226 260 267 474 542 627 974 1043 1102 1300 1324 1404 1409 1414 
29 183 411 497 559 607 638 901 1312 
9 36 377 436 538 687 717 768 1068 1077 1156 1216 1239 1323 
292 510 667 728 885 1002 1036 1255 1372 
199 406 436 622 645 945 1111 1378 
73 237 309 327 454 599 614 675 947 949 993 995 1121 
74 93 153 157 225 393 439 509 628 724 902 1174 1202 1236 1286 1323 1415 
80 98 158 241 343 370 392 848 917 1103 1154 1176 1187 1234 1408 
455 664 689 797 801 807 1025 1159 1221 1242 1253 
64 118 176 238 311 414 688 802 826 844 887 915 990 1267 
65 142 255 375 454 570 643 809 917 925 1082 1240 1389 
67 264 278 370 494 665 807 846 902 1030 1264 1281 1286 1300 1398 
37 138 249 288 325 414 416 556 612 711 778 782 1166 1283 
5 219 546 922 1081 1082 1161 
34 120 241 450 481 568 607 1026 1350 
256 257 401 556 573 727 800 1027 1360 
117 462 480 615 766 879 1132 
138 244 289 510 677 682 768 1049 1129 1333 1393 
238 290 497 711 740 771 862 923 1019 1208 1248 1391 
221 293 354 640 1009 1135 1142 1340 
76 266 284 303 441 684 713 815 820 873 933 1022 1053 1084 1100 1228 1347 1379 
50 128 177 296 467 597 624 804 917 1017 1217 1327 1341 1361 
330 509 759 830 907 974 1141 1377 
99 226 280 431 478 1006 1078 1185 1201 1239 
155 173 205 236 319 402 611 633 653 693 861 910 1075 1188 1210 1243 
70 275 510 513 1009 1227 1325 1403 
191 425 430 514 525 719 760 845 872 938 1048 1080 1097 1107 
91 182 270 330 468 672 761 1024 1266 1390 
52 246 285 291 571 1150 1156 1330 
5 217 484 635 750 890 956 1054 1175 
66 189 293 473 764 861 1164 1341 
51 107 276 304 578 651 702 836 912 955 1010 1233 1269 
322 775 982 1076 1267 1315 1367 
97 114 154 512 568 616 647 674 675 706 1048 1215 1222 1384 
42 152 198 225 353 379 438 614 774 1168 1238 1375 
116 401 720 792 966 972 1035 1186 1216 1230 
233 283 376 533 574 743 841 1209 1314 1374 
97 254 378 403 590 742 842 1059 1204 1414 
127 269 285 497 529 540 797 862 874 972 1111 1124 1256 1332 
210 264 310 332 414 531 579 781 837 898 1224 
336 408 410 437 777 806 925 982 1312 1354 
175 227 952 991 1151 1368 1404 
89 438 480 481 503 902 931 1125 1129 1286 
86 122 131 135 147 373 445 586 732 863 1077 
32 143 440 620 629 648 677 818 924 947 965 1095 1174 
40 69 280 617 782 1161 1236 
138 269 681 737 853 890 1007 1336 1382 
1 124 145 207 251 378 493 513 517 520 569 574 587 817 860 917 1118 1232 1357 1398 
119 183 269 274 443 633 815 855 856 859 932 959 1094 
6 128 292 325 851 883 981 1097 1309 
64 194 539 591 606 717 802 985 1117 1217 1261 1317 1327 
71 194 350 361 446 1348 1364 
48 170 370 520 750 782 971 1298 1320 1342 1357 
31 261 326 504 558 894 959 967 1048 1245 1251 
262 600 764 887 1037 1066 1177 1250 1354 
209 242 335 753 1050 1101 1224 1244 1270 
20 135 229 288 447 451 507 631 791 815 955 980 1414 
137 245 249 732 818 832 869 1080 1284 1296 1357 1394 1413 
377 404 884 1311 1363 
167 266 267 343 452 489 637 696 716 886 954 968 1024 1054 1159 
196 476 483 500 569 681 750 775 990 1001 1030 1045 
7 119 134 377 543 656 658 796 825 842 945 1029 1038 1146 1306 
