1431 8072
169 272 315 561 580 650 688 707 884 1196 1277 1298 1369 1417 
38 110 172 179 494 722 800 871 945 1021 1118 1136 1201 1281 1367 1400 
12 33 66 68 94 278 419 576 643 818 823 896 1054 1065 1186 
114 187 209 304 365 438 563 601 603 962 993 
13 199 416 486 491 519 635 829 860 990 1110 1144 1203 1220 
23 60 280 310 495 870 910 960 965 1011 1076 1275 
45 105 218 366 402 407 551 564 565 591 600 616 727 929 1039 
258 437 442 587 745 788 908 962 1328 1377 1423 
40 104 158 339 361 404 412 451 469 490 762 832 941 1187 1255 1287 
248 524 620 708 762 885 968 1121 1277 1286 1339 
70 148 288 465 578 752 1249 1281 1310 1356 1423 
3 397 538 570 844 963 1272 
5 57 508 720 732 742 1106 1291 1299 1368 
385 455 500 541 593 617 642 678 741 807 819 934 1008 1120 1204 1224 1376 1409 
198 216 385 669 1046 1161 1253 1374 
84 119 663 835 836 871 936 1127 1159 
26 291 600 679 724 888 990 1003 1025 1323 
248 302 306 497 642 803 851 891 994 1007 1126 
81 178 204 226 263 988 1183 1189 1241 1418 
56 70 80 127 199 320 345 385 617 900 1246 1261 1377 
33 61 91 371 391 553 581 628 685 1120 1200 1286 1292 1390 1401 1416 
79 110 388 529 546 636 805 840 1060 1118 1216 1309 1405 1420 
6 122 155 525 924 987 
56 62 228 274 322 379 836 1140 1141 1398 
112 178 243 286 477 533 589 602 909 1285 1291 1364 
17 94 96 161 358 574 731 904 914 1080 1088 1113 1411 
288 499 673 996 1135 1151 1398 1417 
302 628 862 1007 1127 1192 1280 1393 
346 465 512 603 680 838 954 1321 
350 582 636 810 857 918 1369 1425 
151 194 279 366 495 597 683 897 931 997 
151 369 577 650 652 699 802 987 1027 1262 
3 21 51 76 130 174 229 389 502 803 810 844 1064 1254 
85 206 305 325 357 503 682 714 723 1120 1336 1348 
297 317 774 1171 1221 1240 1368 1420 
131 208 299 366 466 602 631 641 789 928 1225 
60 166 596 801 867 1142 1181 1235 1262 1297 1377 1412 
2 63 68 130 380 436 459 617 696 892 989 1160 1214 
61 192 288 378 394 442 459 681 717 1073 1078 1183 1206 1424 
9 176 245 393 457 505 539 638 1047 1096 1123 1194 1227 1257 
222 352 388 476 723 812 918 1189 1230 1337 
265 339 374 401 502 526 683 753 1130 1263 1293 1372 1374 1419 
165 265 359 403 474 642 718 765 977 1046 1196 1205 1332 
60 220 593 708 718 1082 
7 49 66 150 201 342 349 434 770 807 861 949 1090 
90 173 468 549 717 886 934 970 1147 1177 1210 1282 1320 1351 
159 214 378 414 420 585 632 709 711 885 1073 1138 1302 1423 
63 136 149 326 475 599 716 745 800 940 991 1150 1385 
45 408 1012 1151 1175 1200 1260 1326 1376 
94 244 292 311 403 425 523 524 621 702 1002 1036 1335 1338 1388 
33 289 296 398 618 664 746 916 1120 1235 
359 552 837 979 1070 1367 1381 
216 246 300 647 704 872 934 1222 1280 1366 1377 1410 
604 837 861 1053 1084 1117 1254 1337 1366 
94 221 456 482 816 870 906 1206 1219 1235 1363 
20 24 155 157 228 500 587 664 742 853 885 1077 
13 192 246 446 505 660 833 846 1034 1149 
125 298 362 399 495 814 1084 1170 1239 
66 166 169 310 387 602 708 798 928 939 1107 1178 1286 1312 
6 37 44 252 258 465 480 561 680 786 1074 1091 1233 1282 
21 39 701 958 968 977 1070 1074 1300 1430 
24 368 580 624 674 766 959 1008 
38 48 145 447 779 960 
145 167 209 267 494 559 636 977 1046 1109 1296 1332 
158 179 507 516 538 560 810 831 856 1297 1426 
3 45 59 149 884 1050 1057 1277 1426 
275 285 434 583 663 767 844 1016 1251 1315 1394 
3 38 263 493 628 783 875 951 961 971 1198 1316 1348 1422 
113 212 899 959 983 1104 
11 20 312 319 614 1167 1214 1247 1256 
206 365 370 588 685 825 828 966 1187 1368 
157 258 317 348 590 633 681 799 805 878 1022 
287 581 600 904 933 969 1195 1243 
470 525 843 1132 1160 1166 1294 
83 99 217 448 477 557 570 634 691 746 1017 1063 1070 1158 1335 1420 
33 164 372 429 682 703 733 772 776 1095 1164 1195 1301 
79 253 442 537 854 901 1038 1071 1320 1324 
120 309 491 542 594 845 892 994 1140 1175 1286 
22 77 190 253 347 413 439 508 704 830 880 905 1045 1323 1342 1379 1394 
20 403 534 1161 1272 1321 1362 1375 1407 
19 327 796 830 837 928 932 940 1012 1085 1208 1324 1415 1420 
175 181 233 335 336 460 528 681 721 764 1030 1117 1125 1332 1418 
75 159 209 229 358 400 704 869 872 1067 
16 104 106 365 697 880 935 1013 1025 1093 1370 
34 107 118 371 372 446 522 562 779 798 902 916 1296 1339 1431 
207 273 288 366 420 472 501 646 780 789 805 820 1045 1184 1224 1293 
181 371 439 514 794 804 1068 1369 1383 
166 648 944 1040 1337 1428 
257 275 420 507 608 634 695 831 846 894 1342 
46 145 151 326 499 503 582 601 611 870 1107 1198 1261 
21 198 249 323 704 746 958 968 1315 
190 481 542 583 655 864 924 1170 1204 1371 
104 181 364 509 542 773 976 1096 1130 1193 1297 1398 1424 
3 26 50 55 269 582 599 701 741 815 858 887 953 961 988 1185 1189 1333 
424 588 801 1178 1230 1261 1355 
26 123 161 357 381 562 743 978 1051 1162 1231 1257 1344 
237 287 392 529 823 885 970 1179 1194 1233 1240 1268 
281 390 554 691 723 781 907 922 935 1107 1377 
75 164 182 209 261 451 468 621 878 939 1050 1059 1150 1274 1357 1387 
144 163 694 810 846 1001 
135 141 365 643 646 701 705 824 1175 1213 1410 1431 
130 276 492 499 572 604 608 825 885 912 1061 1087 1100 1178 1390 
143 289 513 628 872 958 998 1145 
9 84 93 150 303 383 386 432 443 466 474 568 674 681 686 785 801 846 893 934 1404 
7 375 689 712 798 1086 1090 1214 1289 1386 
84 225 323 422 729 784 968 1152 
85 402 415 663 758 1061 1143 1181 1286 
141 256 257 361 517 550 626 629 659 684 695 707 713 783 786 813 1093 1149 1200 1288 
131 139 515 518 525 808 864 943 951 1110 1157 1365 
2 22 405 455 511 933 955 1018 1106 1155 
164 661 669 746 871 896 980 1022 1083 1382 
25 127 134 145 361 534 577 701 760 765 787 870 963 1184 1191 1299 
69 597 637 807 935 1079 1301 1346 1424 
4 261 331 733 760 952 1081 1429 
127 414 472 759 1149 1153 1368 
205 263 266 343 499 628 856 1025 1033 1148 1234 1301 1417 
122 228 250 446 664 797 1095 1162 1376 1428 
85 148 291 989 1157 1192 1279 1314 1333 
16 479 488 579 998 1019 1222 1285 
78 355 429 482 647 669 742 746 834 951 1374 1376 
249 390 401 576 743 931 1102 1130 1172 1184 1203 1358 
23 117 195 318 405 771 878 924 1013 1298 
96 225 386 711 783 977 1104 1241 
324 356 544 588 659 737 761 800 1216 1285 
58 367 496 733 1048 1082 1164 1287 1314 
166 328 518 612 722 845 869 971 993 1045 1144 1155 1184 1386 1418 
20 112 115 160 195 253 278 298 811 866 1160 1176 1177 1334 1346 1406 
437 441 457 684 754 764 908 1069 1117 1318 1410 
135 195 314 365 769 791 853 967 1101 1279 
33 38 102 285 369 381 428 454 499 754 790 824 915 928 938 1069 1162 1292 1320 
36 109 138 162 275 323 374 388 458 460 686 872 1220 
327 533 759 807 936 1009 1090 1234 1276 1382 
141 409 411 434 500 510 716 997 1029 1032 1140 1371 
112 153 155 326 700 732 956 994 1133 1146 1156 
101 129 449 512 543 634 684 806 807 873 1064 1169 1170 1207 1234 1295 1430 
48 221 312 490 555 622 624 647 673 674 831 1061 1123 1286 
492 621 677 974 995 1006 1169 
131 299 353 478 750 840 864 929 1197 1278 
109 157 441 482 503 517 573 807 1107 
147 238 352 434 471 538 882 1142 
101 108 133 330 332 682 759 889 913 951 957 974 1038 1292 1347 
177 215 640 827 834 898 1023 1029 1093 1233 1334 
103 159 172 232 364 545 669 719 889 964 982 997 1045 1296 1306 1344 1406 1411 
100 209 368 580 664 776 881 924 1069 1416 
63 64 90 112 373 672 779 861 1028 1071 1121 1122 1182 
154 350 458 483 644 918 956 958 1192 
140 240 767 963 1099 1112 1113 1406 
11 118 246 395 434 455 480 686 969 985 
48 66 271 404 644 656 688 834 896 945 988 1038 1057 1206 
45 104 214 367 414 492 544 550 625 670 731 821 830 998 1168 1233 1333 1427 
31 32 90 159 298 342 405 444 481 1053 
205 326 466 812 
134 269 318 357 490 624 1098 1173 1202 1355 1412 
146 302 355 727 854 1174 1234 1240 
23 56 134 218 282 305 694 881 1301 1375 
158 408 685 1158 1195 1208 
56 72 139 202 211 435 514 772 790 1044 1055 1337 1424 
9 65 156 414 497 1076 1417 
47 83 143 151 234 285 306 347 351 448 513 564 706 809 946 1139 1179 1337 
127 462 477 486 754 779 780 907 1002 1134 1225 1429 
26 96 183 455 498 535 587 623 625 654 660 789 1072 1133 1395 1409 
131 401 412 493 499 532 626 661 745 875 987 1071 1078 1094 1260 1324 
100 486 990 1104 1109 1115 1302 
76 99 111 319 571 801 886 949 997 1065 1426 
43 248 421 646 697 732 821 954 1029 1074 1384 
37 59 88 126 403 652 1098 1126 1155 1219 1255 
64 235 401 451 510 541 817 828 926 1014 
217 464 751 882 886 896 998 1268 1325 
1 59 276 366 452 483 503 592 652 826 856 
357 643 682 697 748 976 1022 1183 1191 1342 1424 
186 270 316 454 474 572 788 1049 1062 1082 1175 1255 
2 143 605 751 847 869 1152 1186 1285 1348 
46 194 247 399 461 528 566 1016 1095 1115 1187 1399 1410 
33 217 531 990 1415 
82 267 309 468 472 537 1054 1063 1122 1241 1272 1275 1364 1410 
40 179 185 222 261 518 854 1165 1324 1362 
142 182 222 339 387 469 498 620 664 695 910 1026 1206 1256 1281 1380 1424 
19 25 245 338 558 626 716 743 815 902 1059 1142 1183 1233 
2 65 176 292 427 906 1093 1405 
322 374 572 679 845 908 917 1081 1088 1392 
82 87 93 393 552 739 860 945 954 980 997 1015 1120 1291 1338 1342 
99 177 252 527 752 835 1003 1121 1198 1258 1329 
161 234 312 351 447 485 563 767 890 920 1198 1236 
208 231 292 295 439 625 736 755 780 863 875 1013 1033 1190 1302 1330 1424 
176 230 537 666 849 993 1039 1067 1171 1237 1385 1420 
171 228 340 422 469 634 811 902 1180 
4 280 408 409 427 517 1174 1264 1375 1409 
268 511 542 730 760 903 1178 1267 1277 1303 1334 
254 310 426 448 534 586 600 686 895 989 1022 1026 1272 1428 
79 92 386 640 739 758 845 913 1030 1235 
193 240 555 923 1285 
39 57 358 418 469 583 637 751 766 809 911 914 916 973 1068 1301 1345 
191 337 344 351 410 678 707 1082 1181 1195 1220 1263 1298 1360 1416 
31 173 322 378 390 486 557 599 601 732 836 939 1106 1398 
122 127 129 254 381 424 491 685 728 737 989 1018 1058 1073 1197 1378 
243 337 597 745 817 939 1147 
227 483 655 795 1117 
15 91 735 934 1071 1344 
5 20 602 713 749 886 1129 1407 
255 652 1010 1069 1144 1179 1211 1285 1298 1337 1363 
45 466 468 734 973 1056 1087 1202 1210 1362 
157 356 675 767 811 1018 1325 
360 368 457 628 785 1201 1289 1328 
19 340 341 476 489 807 841 1227 1309 
116 152 230 316 497 627 720 907 1336 
34 71 207 313 509 568 1040 1180 1318 
86 206 219 220 300 347 549 
36 184 209 277 444 491 522 613 945 1033 1178 1357 1411 
4 64 83 99 144 208 258 307 362 423 860 903 1050 1183 1342 1396 
242 556 803 973 1030 1080 1185 1267 1307 1314 
157 298 356 461 519 973 1205 
69 348 350 589 789 820 1056 1085 1185 
265 327 383 456 496 568 722 810 951 1010 1020 1039 1045 1082 1296 
47 150 262 501 620 874 941 1082 1093 1225 1241 1246 1251 
142 503 570 783 851 921 1235 
15 53 298 781 841 931 1068 1116 1171 1216 1372 
75 168 174 260 319 778 963 
7 155 359 370 374 478 614 818 823 871 874 953 955 1099 1280 1343 
207 321 431 580 815 1141 1238 1287 1412 
44 207 234 279 423 783 1008 1035 1240 1298 1406 
55 136 332 468 868 934 1057 1149 1154 1320 
41 176 177 368 687 712 757 917 949 993 1364 1402 
270 407 525 660 818 841 923 939 958 965 1119 1221 
300 520 545 726 729 946 1034 1295 1410 1412 
106 123 468 469 519 665 816 832 1161 
19 263 316 442 444 511 594 1205 1265 1270 1359 
197 398 499 533 565 608 625 677 692 754 827 950 1055 1101 
24 56 117 186 242 297 301 627 1158 1382 
33 83 415 468 630 742 866 871 947 1299 1312 1423 
185 205 378 479 535 616 754 838 875 973 1100 1155 1295 
184 239 249 251 311 314 377 453 472 484 523 592 977 1121 1126 1270 1316 1413 
143 535 568 638 760 1038 
82 560 587 914 1022 1108 1112 
159 183 220 626 630 657 675 1292 
167 256 466 527 587 657 1025 1064 1156 1197 1341 1359 
444 487 515 657 787 958 1337 1353 1398 
97 312 541 620 697 810 814 930 976 1025 
140 250 268 394 426 502 507 658 673 892 933 1014 1085 1142 1164 1193 1420 
231 246 368 492 840 1197 1203 1352 1416 
147 191 388 439 521 561 587 711 742 767 798 854 1374 1396 
711 797 798 905 971 997 1081 1143 1221 1350 
210 228 394 519 575 618 713 1152 1166 1217 1264 1294 1314 
25 196 764 802 860 877 897 898 964 1108 1227 1392 
50 307 488 798 824 831 883 1334 1337 1411 
40 178 496 526 569 931 956 1271 
53 57 148 239 914 938 962 1206 1308 1316 1338 
173 362 553 793 1021 1096 1416 
10 18 165 383 403 461 559 684 959 1169 1213 1308 1364 
91 121 231 324 329 703 746 1204 1241 1247 1304 1336 
117 238 333 354 573 581 836 939 978 1033 1185 1353 
231 263 311 320 453 769 790 805 823 1061 
60 182 414 606 684 717 813 907 930 938 945 1095 1233 
77 79 127 460 755 778 815 870 970 986 1020 1062 1133 1246 
189 195 255 261 362 780 974 977 980 1063 1212 
200 254 267 288 494 522 639 707 711 752 895 1334 
108 235 323 355 449 762 1126 
89 108 593 882 890 1056 1057 1238 
8 60 72 209 286 462 522 739 823 924 973 1308 1372 1375 1383 
315 318 542 650 674 799 1032 
217 291 472 511 712 793 948 1051 
99 114 176 254 271 293 337 407 572 657 751 854 899 959 1086 1132 1157 1216 1245 1268 1307 
214 266 324 371 678 833 853 1124 
19 68 116 226 251 343 487 498 728 1099 1170 1234 
311 349 410 557 860 1169 1416 
42 43 213 275 360 380 510 640 772 790 791 824 1252 1286 
116 262 322 391 402 490 524 611 637 679 743 765 878 940 1096 1159 
64 175 255 330 423 433 798 871 877 989 1062 1094 1179 
188 238 448 507 643 777 920 1006 1295 1315 1403 
94 153 384 387 482 821 873 908 968 1304 1317 
171 223 318 366 385 586 743 849 886 893 1015 1280 1334 1417 
149 261 433 465 566 700 1376 
1 378 475 510 592 635 820 997 1026 1038 1091 
86 392 436 467 620 777 808 867 888 912 944 1126 1389 1422 
24 373 380 544 745 1268 1354 
67 89 131 265 395 676 1001 1188 1287 
102 169 319 567 1052 1073 1332 1397 
208 282 293 420 549 664 1233 1288 1300 
3 127 446 873 1276 1341 
31 220 366 436 563 568 750 820 892 937 960 999 1192 1320 
6 187 372 518 523 853 1342 1381 
98 383 451 667 738 772 822 832 866 1071 1283 
155 277 380 468 527 528 598 657 658 701 791 841 868 1349 1412 
338 640 834 900 964 1225 1249 1426 
316 550 668 752 961 995 1116 1143 1303 1422 
67 130 159 440 483 604 742 762 1013 1144 1353 
25 258 510 689 741 933 1042 1273 1388 1397 
73 97 893 941 1211 
11 27 39 86 255 475 489 530 581 677 856 859 1278 1332 1378 
51 103 346 378 501 528 899 948 1198 1304 1364 
575 887 963 964 1334 
17 118 260 515 557 637 664 693 729 778 817 912 940 1052 1341 1413 1414 1428 
50 179 184 490 795 796 903 948 955 976 1023 1070 1188 1272 
261 277 416 420 834 879 902 1049 1066 1220 
595 682 762 961 1124 1126 1234 1268 1271 1381 
184 463 653 882 
51 433 486 597 839 911 1115 1122 1215 
35 228 325 560 725 886 1042 1132 1229 1324 
58 127 151 211 216 330 379 605 671 714 774 954 958 1204 1417 
36 138 313 323 375 447 473 515 571 743 885 911 982 1215 1250 1314 1366 
53 207 224 704 751 778 821 1037 1100 1287 
228 435 578 634 869 883 910 1069 1124 1129 1200 1374 
18 28 154 343 354 432 452 541 598 667 775 1064 1074 1108 1317 
104 695 969 994 1030 1057 1063 1067 1238 1259 1282 1354 1381 
4 306 555 652 692 735 871 986 1028 
34 155 340 372 387 456 632 651 669 1159 
18 159 304 558 779 781 864 1009 1375 
209 244 563 683 935 958 1038 1128 1404 
354 385 503 740 750 804 1002 1033 1081 1173 1223 1266 1415 
78 175 487 503 507 1043 1106 1143 
6 59 189 466 562 649 657 762 814 848 1032 1075 1232 
50 231 251 264 454 619 680 690 929 995 1019 1116 1150 
70 136 183 237 349 403 556 913 1111 1215 
206 299 359 418 558 703 799 872 917 1043 1077 1205 1279 1296 1303 
129 231 454 543 613 657 781 912 1017 1042 1198 
1 259 480 673 1290 1313 
171 205 226 284 372 386 735 854 875 980 1074 1159 1239 1315 1366 1398 
35 72 875 1279 1335 1409 
122 153 259 270 423 739 896 1028 1074 1173 1199 1249 1258 1310 
70 164 217 276 501 542 556 728 823 866 871 896 955 1074 1174 1304 1317 
20 251 580 1114 1297 1358 1383 
219 363 471 586 622 943 1284 1345 
24 180 194 266 493 496 635 667 681 687 845 974 
91 106 131 256 299 339 438 776 839 946 1035 1120 1234 1333 
124 249 262 517 632 1059 1231 1342 1382 
34 297 375 658 752 809 958 970 1139 1302 1374 1387 
48 90 134 152 340 432 526 538 573 712 796 856 990 1201 
81 132 213 354 356 426 596 792 829 1041 1112 1121 1216 1398 1422 
126 486 814 831 919 939 980 1091 1314 
249 522 690 769 879 882 899 905 944 1336 1387 1423 
141 267 298 448 498 673 890 1174 1196 1234 1373 
114 682 1033 1034 1161 1264 1396 
141 221 335 475 642 797 962 972 1098 1290 
250 601 702 707 766 860 866 938 1011 1108 1127 1184 1266 1334 
358 450 451 484 606 811 834 858 984 1208 1428 
82 332 566 896 1162 1185 1189 1248 1318 
82 522 673 790 826 979 1045 1348 1371 
193 196 261 378 446 515 935 1346 
178 283 342 386 404 450 584 676 722 836 875 957 988 1075 1115 1209 1239 1248 1267 1374 
9 42 177 323 347 383 419 494 517 522 542 583 643 754 820 911 1092 1118 1166 1320 1406 
186 204 305 326 349 495 578 884 903 971 1145 1200 1319 1341 1368 
204 503 544 566 809 941 975 1023 1250 1258 1408 
45 151 338 605 632 929 1122 1309 1352 
116 263 302 584 744 749 845 1136 1279 
193 351 496 585 623 631 658 758 837 855 912 944 1134 1272 1367 1405 
20 562 663 922 926 1023 1027 1062 1351 
29 289 956 1002 1066 1111 1114 
79 159 207 339 353 523 664 798 821 916 1065 1144 1150 1350 1377 
72 212 414 805 1093 1149 1163 1165 1345 1354 
45 264 312 340 353 420 683 765 859 865 958 1191 1247 1262 1345 
30 146 212 452 542 547 632 728 820 879 1306 
159 183 193 344 733 1073 1179 1203 1236 1263 
41 140 381 410 689 845 999 1214 
138 347 349 516 532 550 722 736 883 941 1079 1343 1429 
250 302 308 327 556 685 699 744 828 830 1032 1058 1204 1281 
120 154 256 427 461 978 1094 1118 1141 1278 1408 1416 
124 202 211 327 543 581 638 715 744 821 826 935 972 1106 1372 
34 96 153 170 370 391 393 588 650 919 1073 1263 
26 83 192 334 379 476 787 820 822 934 987 1164 1371 
43 52 218 313 397 482 513 537 544 701 714 756 814 889 1417 1421 
203 265 369 492 546 645 1348 1402 
9 108 112 597 778 1045 1324 1409 
58 209 247 254 839 905 1049 1078 1154 1244 1308 
321 410 416 446 734 881 911 1224 
93 143 591 607 613 683 827 1023 1197 1202 1365 1425 
4 71 84 101 129 806 1023 1046 1331 
7 31 36 86 169 270 279 723 811 930 984 1057 1189 1239 1279 1301 1326 
125 150 560 569 799 1231 1354 1423 
62 144 203 222 239 514 586 608 700 752 765 1215 
32 130 360 414 501 563 632 753 903 991 1059 1219 1369 1370 
71 218 357 376 410 433 500 693 732 816 903 1020 1272 1282 1308 1362 
21 85 87 262 597 1004 1072 1235 1240 1301 1389 
76 85 280 305 316 613 657 849 883 1060 1340 
145 274 391 484 762 901 904 1159 1342 
42 131 180 218 550 551 599 626 631 976 985 1002 1161 1216 1219 1301 
105 299 325 425 446 470 520 603 620 695 775 853 1018 1029 1127 1179 1364 
370 423 443 583 721 758 887 1088 1173 1239 
231 404 454 543 633 679 698 823 906 1028 1252 1287 1313 1387 1407 
39 47 194 230 272 289 337 428 442 507 669 726 740 834 873 1039 1257 1358 
24 298 358 414 431 460 771 971 1065 1201 1286 
38 265 274 282 774 1086 1087 1117 1227 
96 130 195 352 493 516 521 632 801 904 992 1003 1086 1291 
435 531 855 946 948 1233 1317 
104 213 248 281 339 506 526 634 
269 386 426 538 556 570 574 589 722 824 882 896 955 956 997 1000 1035 1047 1110 1237 1276 1398 1400 
14 15 20 270 308 396 500 787 807 841 857 1098 1171 1273 1292 1340 1401 
104 123 190 316 338 384 394 492 700 880 997 1077 1117 
59 177 269 305 558 760 1028 1041 1055 1069 1236 1261 1305 
22 41 131 240 578 825 963 1150 1204 1249 1293 1411 
33 399 470 480 487 722 
98 121 194 671 759 922 1105 1319 
21 266 357 373 686 838 958 1044 1257 1311 
97 273 572 587 632 667 842 864 1060 1090 1095 1383 
40 181 357 437 547 550 891 1009 1331 1366 
39 238 242 386 514 604 747 808 1028 1104 1188 1263 1364 1396 1424 
148 275 418 673 804 850 930 1026 1308 1314 1417 
385 606 632 701 823 1058 1096 1257 1374 1388 
12 359 431 435 450 552 558 929 987 1347 1382 1413 
51 227 412 437 580 770 1019 1068 1216 1431 
58 173 389 989 1005 1162 1173 1257 
83 555 705 711 813 958 1024 1259 1265 1296 1375 
42 121 162 167 594 598 640 697 750 1027 1110 1212 1414 
7 107 266 410 446 599 788 816 950 1019 1166 1167 1245 1414 
43 50 80 166 248 312 597 907 1165 1323 
9 149 338 377 482 486 542 614 771 807 856 1411 1425 
110 122 151 568 646 648 691 733 925 1006 1112 1379 
503 513 558 733 745 848 1132 1310 
7 223 261 938 998 1071 1253 1430 
49 156 187 492 628 656 876 1182 1254 1288 1295 1301 1330 1352 1374 1398 
133 187 501 510 529 710 778 1054 1151 1421 
193 264 352 363 370 402 632 667 700 745 968 
133 423 613 1399 
9 162 398 448 558 1041 1095 1185 1278 1361 
79 467 482 567 908 1017 1139 1277 1365 1367 
47 115 150 158 252 348 369 379 429 472 506 576 649 822 909 1018 1176 1265 
107 229 533 681 712 721 785 860 876 1019 1324 
5 293 363 519 596 689 850 919 952 1301 1375 1429 
1132 1168 
192 313 395 455 907 912 1067 1151 1265 1270 1275 1304 
3 339 443 583 633 661 896 925 1051 1082 1097 1152 1160 1220 1296 1342 1371 
47 86 89 277 293 349 447 611 918 1128 1323 
165 491 578 606 731 1087 1245 1352 
106 186 424 437 845 889 1036 1273 
209 220 267 318 376 411 588 720 1046 1082 1087 1345 1364 1425 
95 195 422 570 579 590 687 749 1077 1099 1375 
50 375 522 771 853 855 987 1001 1110 1266 1381 
189 238 327 384 581 636 745 886 921 967 1012 1023 1080 1354 
179 187 355 485 562 725 770 1013 1133 1197 
130 378 582 636 775 825 971 1057 1092 1274 1422 
76 120 414 519 567 671 699 799 981 996 1012 1121 1180 1318 1408 
577 712 753 841 1016 1017 1073 1099 1156 1246 1288 
219 379 397 460 463 708 1010 1167 1424 
104 302 326 597 639 718 857 930 1077 1082 1103 1187 1231 1397 
267 271 296 370 480 940 1053 1314 
45 67 133 140 148 458 474 480 593 811 1203 1247 1283 1297 1344 1381 1392 
157 301 382 397 550 789 801 802 869 983 1045 1193 
38 273 279 534 543 565 634 750 1266 
8 128 393 398 422 537 673 820 995 1021 1129 1145 1287 1316 1348 1368 1376 
4 323 510 514 538 613 636 737 740 804 907 1210 1242 1431 
79 87 184 240 544 588 804 853 1154 1348 
285 577 653 701 886 915 922 980 1081 1304 
128 139 474 578 590 591 699 714 912 986 
8 39 77 226 378 513 587 677 723 743 807 913 1236 1321 
104 376 419 649 698 725 850 912 1010 1267 1314 1368 
151 208 226 236 507 795 948 1033 1316 
461 513 929 933 1013 1132 1222 1386 
57 85 117 278 337 363 375 402 539 736 795 827 870 879 1001 1059 1263 1387 1425 
63 183 299 420 483 640 659 928 1141 1226 1244 1314 1335 1418 
75 159 189 268 330 412 451 658 792 1114 1116 1147 1182 1355 1364 
135 256 612 687 960 1000 
334 338 397 529 704 741 746 796 843 966 970 985 995 1223 1387 
9 99 167 281 334 448 627 654 807 874 957 983 1345 
169 302 350 635 712 803 830 1115 
231 251 645 663 823 838 962 1043 1045 1075 1090 1149 1413 
130 171 311 314 377 545 587 611 749 913 997 1295 
14 110 148 161 418 472 541 848 911 1194 1282 
55 213 305 579 665 685 1166 1183 1265 1293 1300 1362 
40 128 203 552 580 744 904 908 938 944 1154 1367 1390 1425 
131 146 434 584 600 827 857 887 969 1039 1127 1364 1420 
38 39 479 902 1310 1370 
82 131 253 379 431 673 996 1005 1146 1369 
173 211 248 355 445 472 689 761 882 1263 1342 
160 258 551 576 664 859 1118 1346 
295 431 472 734 792 1261 
168 519 659 722 807 958 1005 1020 1173 1241 1265 
11 29 60 271 473 499 504 530 670 817 946 954 970 1286 1296 
36 104 152 201 235 310 580 642 959 1070 1185 1267 1416 
273 413 507 513 538 759 798 845 865 895 922 1196 1283 1323 
46 99 175 201 221 225 229 282 511 570 885 1048 1106 1256 
9 177 186 192 225 481 484 715 749 785 919 933 1023 1030 1143 1162 1200 1292 1339 1400 
74 375 389 563 576 751 777 850 1013 1076 1103 1228 1273 1316 1380 
140 321 528 552 677 723 901 934 944 1007 1073 1202 1226 1278 1407 
86 115 175 231 260 414 455 461 463 543 715 736 802 906 912 954 955 996 1138 1149 1192 1349 
299 465 654 759 816 936 975 1148 1161 
43 104 171 434 441 676 1022 1025 1382 
48 272 288 332 490 551 661 719 983 1158 1318 1351 
41 204 358 951 1301 1344 
25 75 160 492 617 631 826 830 926 1050 1091 1106 1249 1360 
138 218 483 504 728 777 957 1403 
119 230 459 510 680 756 789 812 909 1125 1327 
60 148 315 389 433 434 674 685 695 702 797 927 976 1066 1088 
92 151 469 536 636 805 854 1199 1205 
55 120 139 269 359 404 413 575 638 644 687 688 703 832 853 923 1047 1141 
146 169 197 285 447 478 535 636 749 776 788 796 853 955 988 1261 1289 1344 
231 334 373 469 522 617 651 831 908 939 1067 1132 1291 1292 1352 1417 
183 427 795 905 1422 
5 160 163 194 296 328 404 702 754 1037 1055 1094 1185 1371 
236 263 309 389 525 1369 1405 
119 244 655 766 877 885 1023 1044 1160 1162 1273 1339 1399 
204 288 710 714 772 844 1014 1129 1169 1269 1276 1329 1385 
9 136 153 266 292 475 553 798 954 979 1029 1254 1405 
5 78 195 208 421 726 809 837 944 1039 1285 1300 1302 1425 
102 137 150 239 360 386 408 477 908 961 992 1057 1303 1408 
68 162 322 381 506 581 684 727 838 860 1222 1361 1425 
2 64 255 339 777 853 872 996 1035 1077 1205 1302 1345 1353 1376 1389 
6 31 58 340 552 800 1094 1101 1204 1241 1309 
125 213 245 322 344 716 856 937 1164 
18 158 205 594 624 670 716 728 788 861 896 912 1068 1254 
161 177 263 330 535 542 571 1034 1039 1254 
27 90 102 116 130 162 227 465 943 1199 
14 56 133 370 385 545 613 661 899 908 
86 214 289 319 369 409 573 664 908 1211 1252 1355 
33 42 238 531 574 653 698 
34 90 139 169 215 308 309 341 406 716 770 843 845 1022 1221 1299 1408 
465 478 643 985 1104 1107 1131 1308 1379 
40 57 528 986 1139 1200 1225 
383 414 493 525 572 818 871 1064 1400 
65 89 238 268 309 378 444 467 529 599 691 696 868 889 970 1072 1190 1292 1298 
13 79 596 807 818 936 1035 1163 1167 1205 1300 
93 206 530 570 586 605 835 899 926 1115 1154 1425 
133 167 265 272 286 409 438 479 583 592 702 756 764 773 826 888 911 1279 
110 188 226 260 468 519 891 1201 1357 1420 
29 135 601 683 741 848 1049 1089 1183 
103 159 359 406 442 445 467 522 721 742 777 883 923 963 1096 1195 1387 
87 157 368 394 438 605 685 881 936 
109 236 291 299 337 592 794 902 1112 1285 
65 353 381 642 692 810 870 1058 1125 1371 
108 139 187 324 339 543 574 736 842 898 1040 1054 1193 1354 
109 126 176 280 608 632 638 663 830 891 908 964 1047 1065 1227 
5 211 225 242 416 429 464 511 557 716 852 1099 1220 1380 
224 375 533 709 850 922 1112 1117 1193 1370 
240 381 654 775 1085 1172 
85 208 255 258 329 336 339 425 484 513 618 634 736 917 987 1333 1352 1365 
50 231 280 347 916 974 1153 1162 1212 1219 1285 1336 
10 50 266 746 1008 1031 1085 1182 1406 
23 74 109 223 487 506 673 680 753 793 830 884 928 996 1041 1117 1263 
42 245 326 383 545 1028 1053 1251 1431 
182 235 282 605 610 665 672 1101 1201 1246 
82 173 282 289 471 505 667 1182 1405 
22 97 409 450 507 788 854 1060 1092 1421 
288 465 509 640 689 738 958 
174 382 502 941 1130 1312 
162 353 971 1156 1208 1231 1413 1426 
25 132 227 415 520 551 608 1212 1399 
80 112 189 436 724 773 907 971 1004 1197 1297 1362 1393 1406 
161 230 232 483 498 555 861 959 1041 1063 1085 1110 1225 1376 
481 563 678 1050 1086 1202 1275 
77 175 185 359 437 712 943 1419 
12 65 140 326 384 438 467 555 837 900 1027 1267 1300 
40 446 541 666 732 810 983 1051 1067 1080 1209 
649 717 748 827 920 1193 1306 
14 167 237 302 455 539 607 663 880 982 1130 1151 1160 1172 1199 1318 1379 1389 
78 92 93 188 259 319 339 350 404 498 827 946 952 1201 1263 1285 1368 
135 314 356 377 436 472 517 664 698 724 1247 1422 
124 150 274 341 359 439 786 1241 1258 1284 
143 224 454 500 526 685 722 786 1032 1043 1151 1268 
22 360 573 640 696 721 736 1041 1142 1334 1335 1396 1402 
350 393 675 957 1007 1035 1067 1144 1420 1431 
1212 1328 1352 
46 207 277 696 712 721 775 863 1304 1321 
108 150 284 353 374 393 435 646 907 1044 1144 1150 1160 1188 1224 1375 1399 
7 374 462 475 533 587 598 631 689 907 1202 1230 1248 1250 1282 1301 1423 
52 181 397 457 471 495 599 947 1283 
21 247 490 599 620 752 944 1202 
98 688 865 1114 1130 1271 1312 1362 1381 1397 
136 191 304 400 535 538 694 885 1068 1156 1203 1412 
210 312 319 354 384 648 903 1071 1087 1284 1295 
75 194 264 291 519 721 874 893 1142 1156 1188 1193 1233 1280 1366 
178 306 313 387 397 406 412 622 736 835 1265 1275 
64 248 612 735 1116 1122 1266 
65 233 297 367 780 792 1133 1204 1260 1352 1360 
1 60 240 572 590 617 745 857 874 1089 1242 1364 1407 
85 96 310 345 427 567 568 655 1005 1117 1172 1197 1239 1243 
4 183 279 307 369 470 536 737 758 1000 1002 1038 1256 1363 1376 
7 159 622 887 994 1081 
7 227 436 633 717 851 895 965 
173 271 335 341 594 690 986 1026 1178 1217 1325 1353 1429 
276 413 429 562 634 698 807 1071 1109 1147 1261 
104 206 213 232 279 405 562 721 809 944 1189 1379 
245 367 714 805 876 922 960 1096 1161 1276 1386 
12 75 215 384 424 468 509 623 691 711 788 1052 1119 1353 1382 1384 
164 299 498 636 977 1251 
102 171 180 261 392 506 561 685 716 806 870 909 1186 1259 1418 
139 250 326 501 546 716 977 
26 384 502 517 958 1001 
242 290 482 632 815 863 1071 1088 1101 1138 1242 1243 1250 1321 1385 
3 121 414 462 470 623 644 1324 
32 112 430 440 635 689 774 954 1057 1213 1243 
11 301 340 388 421 441 853 1180 1227 
119 424 456 862 1017 1037 1125 1232 1238 1241 1394 
1 62 144 219 320 398 457 466 675 818 921 952 1243 1264 1278 
21 73 250 288 356 426 493 998 1097 1100 1166 1244 
30 90 94 428 618 645 704 1039 
67 92 192 339 376 419 510 607 875 1055 1171 1254 
338 343 458 852 959 1210 
47 344 714 878 1158 1421 
189 270 321 368 509 590 698 841 853 1054 1206 
8 56 161 233 235 240 392 442 454 551 1144 1198 1212 1294 1399 
71 95 124 357 423 439 787 907 1411 
25 212 384 695 761 810 978 982 1306 
72 424 441 561 586 623 805 833 864 933 983 1081 1111 1128 1147 1153 1322 
7 364 441 841 853 901 1002 1034 
169 231 272 510 515 594 762 816 
14 44 257 434 617 1283 1339 
78 226 401 497 566 592 633 658 679 727 935 1126 1309 1347 
294 736 891 951 1040 1158 1257 1341 
37 327 416 508 636 637 799 808 1013 1094 1116 1170 1243 1294 
31 113 196 296 361 371 403 432 812 813 913 915 1197 1212 1282 1321 1410 1428 
282 302 401 551 690 875 1061 1132 1243 1402 
48 94 194 374 402 507 552 553 717 885 1056 1229 
7 17 73 189 458 623 628 805 808 998 1044 1152 1242 
4 90 194 333 512 695 820 878 979 1027 1102 1188 1331 
25 36 59 199 739 741 782 798 826 832 1175 1294 1323 
4 29 375 656 766 834 964 967 982 1056 1073 1186 1301 
54 102 285 394 717 784 948 1153 
172 298 342 509 514 527 710 733 804 1263 1332 1388 
252 334 396 421 708 873 1088 1253 1351 1377 
364 541 583 867 897 973 1076 1143 1146 1170 1178 1289 
89 102 227 368 518 533 635 655 836 860 979 1009 1074 1323 1360 1409 
682 861 883 1051 1115 1258 
527 778 1119 1142 1284 1345 
90 266 420 454 702 751 895 993 1039 1066 1182 1187 1241 1364 1386 
126 449 559 630 764 1115 1149 1238 1248 1260 1308 1414 
208 314 364 372 411 438 500 649 1214 
70 218 404 703 721 846 1368 
616 667 739 958 1086 1205 
7 230 615 688 693 715 950 1047 1185 1256 1275 1296 1349 1361 1395 
14 20 38 477 484 561 593 626 651 716 1100 1148 1289 1378 1413 
51 242 522 582 650 840 940 1041 1290 1336 1422 
311 727 958 1036 1093 1114 1257 1345 1351 
10 177 214 237 273 375 553 835 1087 1190 1199 1334 1402 
50 99 137 628 633 716 717 915 921 1052 1203 1321 
136 321 558 564 721 855 995 1318 1366 
161 344 570 576 590 600 723 1043 1144 1184 1384 
62 136 153 497 864 938 979 986 1046 1401 
150 161 184 227 798 1053 1192 1197 1339 1380 1391 
108 162 178 234 374 617 697 728 958 1065 1138 1157 1265 1355 
205 228 451 739 871 1389 
21 28 68 103 116 203 408 600 621 638 830 841 999 1120 1302 1390 
108 748 825 958 992 1091 1172 1187 
229 234 612 863 947 1111 1183 1237 1399 
36 344 374 477 551 642 661 704 1156 1175 1312 
47 305 324 342 350 369 381 392 396 410 518 575 781 1003 1122 1129 1179 
72 377 419 565 594 621 727 737 1054 1133 1247 1261 
75 89 135 186 301 383 436 522 567 641 941 979 1049 1088 1146 1151 1279 
5 272 322 452 577 608 782 796 1078 1277 
22 30 64 426 428 438 481 483 571 596 873 916 1190 1200 
113 192 266 291 596 878 903 978 1001 1074 1316 1330 
40 232 356 482 518 628 1158 1297 
255 432 666 753 1009 1235 1339 
142 190 265 283 401 447 530 546 936 1023 1117 1182 1191 1215 1230 1272 1284 
36 634 681 683 738 752 1009 1185 1203 1339 
14 18 43 332 466 516 631 780 788 925 1037 1121 1158 1220 
3 101 170 268 339 504 734 757 851 861 868 899 1387 1423 
146 149 482 576 781 861 1001 1205 
360 453 582 646 760 764 817 903 1145 
86 101 165 405 550 645 953 996 1090 
53 120 136 667 699 735 907 934 1185 1234 
88 405 556 690 703 862 
310 414 443 540 613 701 805 864 1209 1285 
1 32 259 357 618 726 761 1214 1248 1251 1359 
305 484 617 710 720 762 966 995 1260 
32 166 169 200 304 858 909 995 1228 1332 1370 
295 440 502 786 937 949 1300 1366 1406 1413 
161 451 473 521 722 737 837 840 
92 197 488 562 608 691 881 966 
149 408 603 861 884 1006 1089 1110 1173 1232 1430 
234 235 236 261 282 310 314 372 807 888 918 949 1008 1083 1097 1255 1356 
238 282 325 344 448 594 824 866 877 961 1091 1160 1213 1253 1254 1280 1355 1381 1401 1402 
108 124 447 464 783 1223 
57 161 223 808 814 862 1304 
111 162 419 475 500 631 768 932 994 1063 1106 1214 
817 1130 1404 
16 67 107 345 453 518 541 958 1057 1126 1242 1415 
51 56 117 144 177 277 291 347 462 501 543 702 782 905 1131 1158 1304 
225 456 527 782 785 843 852 1066 1067 1176 1275 1326 
185 539 639 920 1161 1210 1271 1339 
281 302 322 392 410 528 615 647 725 733 746 1272 1302 1389 
284 719 822 1088 
15 111 120 143 305 378 973 1215 1312 
150 465 497 804 951 1208 1308 1355 1358 1390 
298 390 429 710 724 795 1026 1237 
145 527 691 742 789 1237 1287 1375 
27 136 238 315 330 336 395 437 460 525 764 811 860 933 991 1020 1099 1255 1345 
62 104 136 259 480 1048 1255 1332 1359 
202 234 547 580 867 1026 1061 1154 1395 1402 1422 
275 338 474 692 913 1416 1421 
137 227 288 442 471 680 937 949 1012 1155 
14 193 262 536 1221 1241 
17 180 266 377 594 774 852 887 952 983 1092 1137 1369 1399 
29 60 311 479 525 677 690 702 746 1180 1272 1274 
39 72 82 104 322 415 641 825 1072 1107 1120 1142 1169 1378 
34 76 141 170 294 331 609 811 875 1057 1134 
31 42 307 349 364 512 641 813 818 871 968 988 991 1147 
108 128 135 248 252 493 716 793 909 1099 1163 1281 1405 
21 71 156 195 354 456 480 514 545 572 689 902 916 1110 1263 
104 131 148 189 391 950 956 1152 1176 1219 1239 1431 
222 322 424 449 482 1037 1066 1070 1203 1303 
1 149 482 554 616 1023 1205 1212 1254 1265 
105 286 352 416 461 530 551 577 685 696 743 1006 1238 1422 
311 329 566 598 648 680 771 857 865 925 983 1064 1080 1328 
75 98 405 507 570 655 672 935 980 1110 1113 
227 304 516 676 712 945 961 1097 1106 1170 1177 1381 
291 370 616 856 900 918 1080 1147 
100 155 555 703 752 1078 1159 1315 
89 108 177 303 375 480 589 601 809 980 1011 1056 1232 
38 507 546 549 689 832 927 1358 
84 165 170 237 401 626 703 957 1176 
377 443 502 543 567 586 768 796 889 912 1080 
32 354 429 441 647 867 936 1128 1175 1178 1255 1299 
134 271 368 386 410 740 820 1057 1367 1428 1429 
61 94 101 112 282 359 396 440 649 779 827 984 1022 1074 1213 1415 
50 333 480 486 510 611 664 680 990 1126 1191 1246 1392 
76 249 313 482 614 648 694 697 768 880 996 1049 1057 1123 1174 1196 1235 1411 1414 
53 79 83 91 300 450 582 631 1016 1039 1104 1197 1267 1303 1388 1418 
101 400 922 970 1046 1168 1400 
159 914 1103 1162 1258 1353 1359 1415 
1 108 193 255 333 756 891 1067 1089 1096 
10 44 59 431 606 749 834 1195 1352 
47 520 1060 1162 1182 1193 1348 
409 489 605 651 671 933 992 1237 1244 1313 1362 
47 123 240 241 255 400 570 919 1035 1057 1093 1291 
105 222 260 326 415 430 452 537 549 692 724 866 
108 199 242 775 1068 1153 1227 1379 1408 
34 298 359 441 489 569 585 826 918 1013 1049 1090 1281 1372 
356 469 472 616 813 872 1068 1142 1272 
48 133 178 496 497 503 519 572 573 617 621 684 820 927 1054 1360 
39 46 252 540 565 599 604 621 1029 1127 1252 1296 
43 44 432 925 976 994 1031 1039 1086 1217 1242 1383 
143 475 668 942 1134 1343 1365 
13 205 423 651 748 855 856 888 1066 1173 1347 1379 1411 
82 376 415 513 546 549 557 568 614 622 1070 1249 1286 1376 
2 126 213 338 353 384 389 464 545 654 846 855 899 1076 1078 1270 1291 1346 
34 41 98 366 442 471 623 754 765 807 940 990 994 1050 1172 1232 1397 1428 
17 534 543 671 712 1195 1292 
297 427 443 667 734 787 921 936 1401 
224 378 491 650 1082 1101 1319 
7 154 493 594 619 633 781 949 960 994 1150 1260 1295 1331 
195 263 319 350 478 497 626 840 950 1226 
106 224 291 778 783 943 959 982 1106 1267 1268 1412 
188 870 1009 1270 1273 1418 
26 150 421 836 941 1061 1111 1176 1200 1302 1342 
13 134 165 194 370 539 851 895 1124 1138 1355 
76 114 125 351 405 406 605 667 962 1253 1281 1282 
201 363 463 643 725 889 992 994 1026 1127 1149 1430 
198 304 316 559 647 849 1094 1108 1364 
184 353 446 472 517 522 546 558 595 766 956 965 1048 1124 1170 1214 1232 1325 
124 195 438 563 633 654 785 928 1132 1236 1264 1271 1292 1367 
281 530 641 774 836 1088 1198 1362 
181 190 258 318 602 615 627 749 920 1025 1046 1110 1119 1354 
308 378 438 700 744 822 1083 1119 1328 
14 94 286 450 512 602 1152 1189 
13 56 120 229 240 285 513 672 889 920 1022 1319 
96 121 178 266 270 299 442 689 771 808 964 1101 
343 354 356 457 740 814 884 992 1071 1097 1145 1166 1266 1413 
8 48 162 196 274 406 410 426 561 865 1112 1173 1196 1351 
51 75 91 111 120 249 450 524 667 680 808 854 1045 1193 1214 1275 1405 
394 1326 1363 
170 540 629 720 
199 343 424 454 469 483 708 739 843 929 1136 1145 1269 1308 
138 279 308 401 436 830 1206 1265 1356 1392 
168 172 192 261 300 470 611 835 881 1307 1311 1329 1415 
11 182 255 284 325 368 553 641 694 831 1281 1287 1359 1386 1412 
42 369 430 525 639 776 892 906 1127 1203 1234 1316 1409 
128 130 160 227 230 339 486 723 978 1154 1402 
184 253 949 1040 1418 
359 479 510 707 928 996 1036 1271 1281 1345 
222 643 840 1074 1106 1254 1358 1372 1427 
107 190 344 376 563 840 881 913 923 1319 1397 
115 132 141 390 467 473 970 1236 1241 
112 114 188 232 387 645 983 1107 1124 1162 1179 1329 1414 
124 461 589 650 941 943 1119 1198 1391 
9 10 256 285 294 310 373 592 651 775 866 972 981 1265 1339 
839 1010 1088 1210 1329 
82 128 243 510 612 645 673 790 870 875 914 955 1028 
43 112 266 349 368 723 796 873 1062 1071 1236 1298 1316 1394 1398 
62 192 333 488 603 736 1114 1116 1130 1237 1310 
67 147 183 202 240 844 989 1210 1257 1306 1422 
661 698 703 826 844 911 961 1104 1257 1382 1426 1430 
129 251 329 834 887 1057 1426 
45 398 427 503 785 1032 1093 1223 1341 1378 
122 379 404 425 690 743 1039 1152 1361 
76 157 265 281 489 784 888 988 1092 1099 1174 1217 1250 1385 1403 
93 510 534 855 896 917 1045 1200 1237 1268 1294 1370 
35 298 380 577 679 738 1133 1258 1351 
302 375 428 521 549 713 762 852 1081 1164 1184 1253 1339 1407 1412 
76 144 323 483 753 914 1061 1064 1338 1384 
268 273 470 478 494 513 1389 
217 253 291 300 361 409 610 729 1199 1316 
63 85 145 160 306 701 805 1154 
86 160 184 254 560 642 854 866 980 1308 
98 216 306 314 632 644 727 806 903 983 1083 1146 1153 1244 1376 
602 635 664 665 823 1264 1277 1322 1417 
68 108 123 215 220 659 729 991 1209 1326 
106 604 772 791 799 898 930 1089 1139 1299 
104 203 415 469 665 737 770 868 984 1209 1280 
60 108 544 545 653 953 1248 1301 
112 236 358 385 588 725 886 989 1083 1105 1110 1142 
8 171 402 483 497 529 570 642 875 906 1237 1372 
36 86 161 212 435 479 672 887 1037 1061 1100 1132 1279 1319 1389 
130 157 251 265 336 764 1040 1265 1281 1326 
129 265 282 784 930 935 947 1390 
327 448 463 560 875 1015 1364 
247 260 525 684 879 908 923 929 977 1007 1015 1275 1305 1311 1330 
87 515 1233 1302 
197 292 444 446 485 671 976 1078 1363 
81 292 326 450 483 635 698 765 1084 1116 1134 1261 1271 
117 241 332 480 874 928 1168 1286 1321 
59 85 105 240 241 244 267 347 467 490 602 625 920 941 1028 1194 1373 1416 
72 259 313 367 429 596 784 816 
2 48 124 495 884 994 1033 1268 1317 1379 1416 
37 95 104 164 381 435 1055 1084 1381 1413 
32 243 435 472 856 880 1091 1119 1263 1370 
18 33 210 452 872 1027 1084 1281 1369 
87 308 395 438 439 605 670 839 887 1382 
22 72 86 251 348 481 569 590 600 649 779 949 1110 1137 1351 
135 365 572 781 869 1119 1383 
14 45 113 132 135 139 204 385 404 442 451 464 508 567 657 723 917 939 1061 1133 
109 273 394 596 600 660 743 746 890 1160 1183 
159 192 325 341 491 568 695 934 1037 1186 1244 1276 
30 33 65 100 213 237 516 539 589 846 889 
127 186 202 334 366 434 673 682 821 828 1009 1076 1360 1396 
41 152 479 597 1031 1346 
108 252 400 597 683 715 913 969 1003 1105 1146 1376 
58 237 310 328 359 660 744 1026 1097 1368 
94 178 219 253 575 911 926 1033 1395 1400 1414 
55 225 370 402 473 592 799 887 976 
167 196 291 465 645 662 844 927 973 1048 1087 1112 1276 1404 
3 218 223 506 508 580 683 860 961 985 1009 1112 1159 1202 
14 900 1157 1254 1261 1285 
86 212 272 279 339 350 358 437 601 700 716 1076 1121 1165 
150 165 269 300 347 356 811 1039 1136 
281 358 414 668 740 1073 1161 1248 
3 97 218 251 258 319 377 396 453 782 853 860 912 939 949 1189 1366 
101 130 244 265 384 658 1385 
71 102 388 428 629 681 864 927 1331 1338 
169 336 356 477 510 602 714 768 1077 1100 1114 1273 1330 
142 227 364 446 458 540 542 701 841 882 1305 1332 1347 1364 
71 167 354 811 1000 1350 
5 327 830 931 961 1177 1280 1294 
79 81 150 354 452 477 518 525 628 750 829 1121 1242 1245 1289 
65 89 136 244 328 484 752 849 873 885 960 1135 1177 
9 225 281 482 602 696 1035 1146 1297 1428 
57 262 590 919 1049 1128 1294 1304 1405 
120 142 149 283 293 334 378 603 708 769 1068 1080 1192 1336 
16 182 509 558 620 751 860 890 903 945 1031 1084 1176 1244 
16 24 194 250 338 608 731 738 970 1076 1161 1337 
52 54 81 344 491 538 654 914 957 1021 
29 230 391 453 493 952 
296 323 362 763 804 871 1043 1327 
22 138 239 618 654 728 757 758 923 1091 1156 1214 1242 1259 1267 1370 
204 216 223 282 385 430 586 591 628 827 895 970 981 1130 1179 1205 1340 1405 1421 
392 517 849 938 1054 
74 450 503 665 749 909 1079 1159 1360 1373 
12 33 67 489 767 768 817 942 
78 126 180 190 322 343 352 422 467 503 848 895 908 1122 1132 1238 1307 
57 89 100 104 614 722 810 1183 
172 1030 1140 1189 1199 1208 1373 
310 406 455 512 845 1104 1249 1376 1417 
185 270 372 735 831 842 954 1072 1290 1323 1343 1375 1395 
395 416 443 470 520 1088 1110 1247 1357 
18 215 565 643 732 1108 1145 1258 1307 
519 584 665 679 775 897 1067 1078 1237 1256 1313 
56 129 262 280 375 425 439 482 483 494 578 586 591 823 859 882 983 1032 1205 1317 1329 1410 
77 154 176 240 261 316 481 529 746 780 898 1173 1181 1237 1340 
344 382 425 622 720 722 773 1280 1327 1341 
65 116 169 288 326 404 496 693 720 802 876 898 936 1383 1407 
30 385 432 458 561 690 878 1162 1258 1299 
94 334 652 1007 1106 1171 1174 1233 1321 1345 
288 349 462 853 1386 
5 181 209 243 264 333 415 493 608 673 818 823 835 1013 1237 1265 1275 1282 1393 
45 54 145 497 535 609 643 644 656 864 888 929 1049 1332 1382 1397 
28 579 648 660 1040 1078 1176 1309 
184 549 575 630 976 1060 1191 1274 1393 
92 109 138 306 392 590 624 649 825 861 898 910 985 1084 1113 1236 1274 1281 1380 1391 1406 
349 467 554 690 745 1017 1120 1423 
127 229 281 319 333 658 712 762 780 922 1026 1078 1135 
37 273 607 675 699 999 1201 1278 
221 282 507 643 785 931 989 1383 
83 126 172 301 435 806 920 1037 1104 1139 1181 1371 1410 
6 55 90 112 253 446 516 572 730 764 911 935 962 976 977 1259 
2 16 111 218 229 267 304 319 506 627 683 839 901 1128 1232 
53 83 103 131 313 494 715 803 984 1002 1140 1166 1333 1374 1383 
135 269 278 378 606 636 765 831 1032 1163 1343 
214 218 451 557 561 797 1037 1047 1139 
68 162 184 230 316 317 338 583 598 682 764 788 792 971 1312 1358 1378 
408 415 569 856 943 964 1012 1048 1091 1154 1220 1261 
243 267 488 658 909 1069 1374 
72 99 122 266 585 601 637 857 983 
293 329 350 446 793 1054 1347 1393 
79 84 386 541 703 802 1075 1137 1413 
144 155 363 514 655 751 758 926 1168 1225 1371 1382 1422 
140 168 257 295 329 384 461 827 853 1103 1155 1241 1300 
244 301 353 372 513 609 895 911 927 1032 1040 
1 66 340 525 656 744 800 1092 1316 
10 47 56 97 102 299 468 488 555 599 831 1060 1201 1351 1368 1387 
46 164 168 199 270 297 426 440 787 1049 1058 1134 1228 1336 1342 1376 
94 290 376 458 564 679 769 789 804 816 932 991 1059 1092 1107 1130 1395 
17 273 510 657 720 772 861 1035 1126 1141 1230 
141 143 359 422 507 698 734 742 810 1042 1147 1239 
183 257 330 808 835 943 984 1180 1316 
18 393 511 518 595 707 1215 1402 
38 78 238 279 753 1157 1268 1403 
104 270 287 557 899 1040 1084 1133 1268 1357 1367 1421 
89 1283 1421 
189 255 467 565 611 732 841 845 883 1161 1230 
3 111 149 168 318 319 335 384 419 497 773 991 1104 
31 243 607 852 1132 1144 1205 1207 1224 
142 243 517 784 854 856 864 985 1041 1088 1101 1320 
69 261 289 329 500 509 643 722 893 907 1023 1084 1171 1190 1279 1390 1407 
20 283 538 693 819 1000 1004 1111 1221 1249 
77 373 471 591 871 910 1034 1190 1307 1399 
85 178 186 293 459 515 685 903 1027 1050 1197 1285 1352 
188 209 292 340 369 370 556 637 645 781 835 902 906 913 920 950 1220 1276 
26 73 373 381 457 1049 1083 1097 
79 241 329 362 485 664 1319 1411 
55 179 377 472 753 788 903 957 1063 
98 160 205 252 403 418 438 534 550 551 588 647 899 995 1051 1149 1194 1256 1301 1351 1403 
8 128 180 269 413 457 484 492 500 501 518 793 845 958 1005 1086 1148 1194 1426 
25 414 479 572 652 684 843 877 964 1316 
6 177 301 864 901 987 1200 1369 1409 
192 296 299 339 363 455 510 768 815 870 883 
102 273 291 314 344 418 441 443 472 497 698 823 941 1146 1173 1232 1316 1431 
141 190 312 442 454 597 676 758 813 903 1156 1335 
26 192 233 246 706 764 776 837 1015 1172 1276 
130 440 597 621 979 992 1108 1121 1197 
51 85 192 347 523 636 685 950 1111 1245 1319 1377 1398 
180 222 313 522 773 807 967 974 1107 1133 1215 1337 
30 41 146 420 657 693 714 
328 357 416 469 711 833 974 1083 1149 1310 1417 
183 268 540 666 739 742 798 869 903 978 993 996 1007 1050 1069 1096 1412 
215 426 580 621 725 930 1062 1099 1171 1246 1295 
98 345 390 440 467 520 569 705 866 986 1037 1047 1085 
191 223 482 513 758 793 840 1106 1110 1209 1247 1272 1320 1419 
23 92 122 144 258 
405 419 642 690 718 1020 1100 1224 1329 
167 345 477 509 815 881 1253 1320 
480 696 716 817 825 883 930 991 1225 1252 
36 59 81 130 447 525 737 756 797 966 991 1201 1247 1272 1292 1399 
7 138 311 342 397 445 749 793 861 1075 1133 1262 1395 
237 252 366 395 432 784 791 921 927 1084 1307 
31 121 216 245 829 868 985 1017 1049 1084 1177 1352 
81 661 887 1219 1419 
73 110 238 286 445 469 590 673 710 1059 1111 1149 1276 
14 46 53 104 198 221 358 471 647 809 958 1038 1063 1233 1278 1301 1327 1333 1407 
84 98 113 307 337 356 594 691 791 870 954 1253 1347 
16 132 473 508 514 640 699 725 856 1400 
279 496 653 677 953 1054 1176 
130 246 252 333 407 457 624 842 1124 1239 
59 99 194 196 223 250 328 484 807 823 963 970 1116 1192 1279 1280 
48 81 266 291 433 618 723 1017 1127 
9 214 287 341 353 531 634 731 761 798 912 1095 1117 1180 1193 
719 844 1094 1199 
109 321 499 537 729 761 876 890 969 1345 
88 273 329 344 457 471 491 553 568 972 1083 1422 
2 149 181 208 252 692 835 1143 1391 
159 224 323 382 465 542 1048 1121 1185 1205 1390 
229 552 630 791 1117 1322 
260 289 292 382 444 604 1034 1248 1333 1364 1407 
45 164 222 653 657 677 727 755 805 823 1052 1180 1232 1294 1307 
227 402 616 686 728 903 916 962 973 1132 
68 109 120 141 213 476 595 670 1196 1268 1426 
114 416 542 580 679 838 1169 1258 
94 218 646 786 937 1035 1246 1255 
29 165 181 298 465 472 490 577 849 935 1291 1424 
110 218 292 319 384 472 483 764 1020 1040 1152 1267 1269 1338 
134 146 245 346 384 686 736 1225 1347 
141 338 451 478 547 697 837 906 999 1390 
61 91 103 146 223 236 298 307 325 349 391 400 464 530 574 615 619 626 629 663 908 934 1240 1377 1427 
62 69 248 261 466 535 584 729 960 1077 1145 1196 1251 1309 
6 63 279 449 569 727 831 959 1072 1110 1130 1313 
68 94 284 294 492 658 692 768 818 829 1162 1201 1232 
4 8 246 332 453 733 870 950 1056 1059 1106 1143 
12 112 147 217 290 388 513 939 993 1008 1324 
143 243 283 290 518 603 743 876 909 1018 1029 1153 
6 223 565 736 1055 1106 1259 1261 1266 1286 1305 1335 1343 1419 1424 
71 450 651 655 928 1034 1099 1307 
129 426 603 917 1065 1110 1224 1245 1396 1431 
10 61 91 106 269 410 683 1180 1219 1251 1335 1398 
73 148 303 458 813 943 987 1201 1307 1314 1353 1411 
46 97 253 325 450 465 507 705 759 836 841 939 1016 1099 1106 1134 1338 
68 126 241 340 379 428 532 534 875 1082 
332 356 762 944 1304 
192 201 210 211 230 258 607 669 817 950 1247 
137 141 254 322 523 917 919 975 1216 1271 
341 473 974 1071 1234 1295 1310 1312 1316 1355 1370 1427 
93 170 237 292 374 480 718 795 816 863 870 1137 1200 1291 
43 61 64 123 231 254 571 573 793 870 1144 
96 250 355 589 637 754 920 1160 1165 1171 1393 1418 
52 336 490 601 608 624 634 915 980 1050 1101 1393 
111 181 254 316 328 440 691 695 780 979 1168 1295 1360 1415 1430 
429 762 841 1012 1091 1231 1241 1281 
143 299 541 589 603 729 1031 1217 1234 1426 
69 435 451 475 539 590 679 690 760 781 853 878 1047 1053 1129 
334 366 701 785 872 890 1010 
148 374 450 504 818 864 898 931 1037 1073 1097 1138 1196 
253 304 441 505 566 624 922 1060 1116 1276 1427 
23 32 162 358 397 425 522 910 969 1055 1092 1175 1212 1233 
19 94 149 338 483 683 772 1175 1309 1389 
38 118 189 195 267 399 767 787 868 1111 
5 17 163 174 326 702 723 1036 1060 1233 1398 1419 
48 369 673 683 783 887 896 927 928 
381 492 629 710 734 744 915 1196 1257 1296 1342 1422 
4 126 185 222 611 920 963 1002 1098 1268 1364 
18 78 134 303 564 661 718 723 727 734 800 1182 
137 284 311 437 450 622 651 652 907 1020 1092 1158 1208 1386 
27 429 460 472 494 525 646 703 756 920 1126 1427 
31 133 143 164 181 241 272 384 386 454 1032 1143 1240 1270 1271 1319 1342 1391 
103 119 150 168 407 581 600 1009 1010 1144 1299 
279 352 628 867 957 1108 1119 1349 1424 
384 449 563 828 900 1125 1268 1283 
100 275 425 446 574 637 644 1116 1195 1198 1323 
50 160 308 346 374 563 591 872 993 1062 1069 1237 1239 
17 182 381 632 813 1150 1215 1417 
371 534 900 1303 1395 
399 460 464 562 908 1074 1075 
137 268 405 656 689 1259 1345 
18 28 471 547 793 858 920 1297 
14 62 220 524 657 963 1105 1199 1375 
132 306 393 608 639 641 730 811 818 998 1419 
200 213 431 443 763 984 998 1259 1276 1390 
6 333 695 1282 1289 
49 81 426 429 677 876 981 1134 1248 1287 1337 1359 
84 122 184 285 427 445 470 596 714 860 1025 1058 1282 1331 1383 
167 238 489 1160 1200 1221 1258 1369 1372 
181 270 792 793 914 1118 1167 1190 1211 1232 1330 
67 173 430 704 970 1191 1373 
75 314 413 430 579 865 931 940 1269 
110 195 202 375 414 964 1075 1173 1266 
119 311 398 402 415 1039 1090 1127 1235 1333 
213 253 370 464 673 925 955 995 1190 1287 1312 
2 247 437 837 1152 1194 1328 1416 
72 111 170 189 233 474 503 701 742 1172 1274 1304 
142 292 341 345 364 365 426 469 488 640 688 899 1101 
400 1074 1143 1149 1193 1228 1229 1251 1298 
17 84 116 235 237 474 739 1013 1253 1331 
177 189 272 395 566 671 675 734 814 866 1173 1270 1295 1301 1402 
32 345 401 538 601 803 902 1038 1251 1416 
145 304 318 377 387 394 526 764 798 1078 1080 1153 1364 
133 142 165 375 490 717 964 1202 1270 1312 
82 190 210 303 469 847 1048 1096 1133 1138 1313 1314 1429 
524 718 812 835 982 1334 
133 259 310 354 545 770 853 873 883 997 1162 1190 1239 1279 1312 1314 1373 1430 
116 184 208 250 308 331 444 800 815 
57 224 331 498 591 901 948 966 1069 1125 1221 1257 
220 323 384 494 508 547 711 832 888 953 1177 1190 1267 1296 
50 422 619 756 990 1038 1220 1254 1363 
300 486 579 642 687 789 809 869 874 922 985 1114 1168 1263 1277 1280 1292 
77 141 149 232 272 307 563 934 1027 1036 1249 
7 185 213 378 458 491 498 582 611 704 718 771 821 1019 1073 1302 1347 1353 
88 206 517 595 755 790 862 883 893 955 1143 
327 387 412 525 535 546 618 898 1043 1096 1417 
286 297 314 889 1149 1215 
309 313 453 545 623 839 1041 1213 1288 
157 391 488 550 600 1163 1204 
79 86 126 143 213 336 361 435 453 746 773 1167 1185 1319 1378 
15 43 64 365 423 624 705 739 1211 1290 1329 1384 1386 
40 384 482 518 616 874 922 983 1074 1198 1319 
125 468 674 736 817 876 946 1030 1134 1358 
171 293 362 512 634 703 714 833 861 886 904 931 1126 1179 1317 1358 
66 99 209 477 536 723 902 920 979 1056 1091 1218 1291 1332 
96 260 419 539 609 907 1399 
276 291 570 621 949 1085 1231 1249 1307 1401 
54 151 433 526 625 983 1058 1266 1331 
3 175 409 517 586 633 716 842 879 937 1130 1216 1259 1386 
157 227 387 486 583 801 965 987 1061 1166 1261 
201 212 257 599 603 695 962 1050 1345 1387 
66 149 221 257 303 366 428 492 577 663 682 700 703 711 769 1228 1377 1424 
195 354 396 516 886 1013 1053 1153 1409 
99 178 324 369 446 887 933 962 1109 1139 1152 1166 
22 372 392 529 709 863 885 986 990 1179 1306 1350 
102 107 136 251 598 675 731 776 789 807 1055 1148 1182 1196 
171 253 267 345 765 921 1002 1071 1304 1415 
75 175 254 303 535 661 906 934 1088 1135 1332 1374 
33 135 235 302 506 690 776 1227 1317 1324 1334 1365 
3 164 347 379 518 626 967 1201 1389 
293 346 480 611 665 687 720 1113 1296 1303 1374 1396 
83 185 303 418 484 539 547 665 707 852 1072 1084 1154 1196 1273 1412 
87 192 216 398 497 555 713 715 834 1400 
128 130 144 200 301 387 877 920 1002 1034 1342 1412 
52 61 75 292 466 687 721 1281 
77 145 162 198 281 407 556 567 575 744 765 975 1062 1216 1244 1336 
161 371 507 681 849 960 1067 1083 1213 
39 47 195 276 351 357 430 471 603 822 985 1039 1225 1242 1398 
60 61 165 302 316 318 319 608 637 701 757 1005 1024 1047 1187 
310 338 453 880 929 1005 1018 1157 
6 158 470 607 722 811 820 836 1088 1286 1388 
56 313 386 424 432 494 826 959 1244 1308 1368 
39 162 362 635 694 722 795 852 862 866 1028 1195 1224 
113 353 843 1121 1234 1332 
26 210 426 539 690 693 698 834 1028 1176 
114 180 241 308 440 564 590 775 1128 1177 1242 1353 1391 
44 125 171 193 213 214 419 423 432 726 971 1157 1199 
111 657 740 781 787 904 919 944 1072 1267 1361 1370 1391 1392 1412 
54 58 796 801 803 835 864 893 899 930 931 1067 
81 212 238 521 524 535 922 1052 1106 1310 1315 
105 261 380 381 536 615 718 908 1321 
102 201 380 421 423 556 620 817 1109 1236 1297 1336 1366 
26 180 376 480 575 606 634 668 738 763 850 898 1063 1076 1261 
512 561 656 707 784 1231 
45 105 132 392 453 646 714 1019 1103 
60 272 328 477 629 658 802 840 876 981 1050 
339 428 529 679 772 884 887 987 995 
84 108 142 179 214 348 619 711 770 1103 
162 267 355 486 495 596 735 942 1337 1372 
76 117 173 252 392 412 941 1101 1162 
40 93 247 266 396 513 569 707 920 1030 1041 1169 
419 581 657 692 744 814 904 985 1184 1309 1405 
153 166 332 385 993 1281 1305 
147 218 263 424 430 519 673 684 772 921 966 970 1107 1174 1287 1323 1359 
102 230 300 581 617 789 826 925 1410 
129 227 495 527 575 726 743 898 979 1023 1095 1104 1262 1265 
121 601 1350 
432 470 706 882 1090 1093 1140 1414 
69 123 163 394 504 704 768 848 869 896 1101 
390 787 813 1008 1299 1384 1404 
13 110 194 309 356 468 477 661 692 729 757 858 923 962 965 970 1085 1131 
59 90 98 139 504 681 760 887 917 1099 1157 1275 1342 1391 1429 
233 243 302 333 735 851 915 999 1340 
64 163 567 1059 1087 1132 1202 1255 1292 
5 109 384 401 425 535 656 685 691 739 787 805 850 923 960 967 1194 1224 1318 1389 
312 346 590 630 731 900 916 933 989 1152 1265 1281 
147 233 327 405 515 520 745 817 818 1222 1351 
26 147 691 864 1066 1193 1292 1334 
320 346 448 554 619 766 826 1037 1198 1234 1258 1380 1402 
163 173 296 338 452 509 609 612 
216 284 311 448 559 596 766 796 939 986 1001 1142 1369 
54 82 128 197 380 386 520 525 562 640 941 947 1123 
2 22 339 355 462 1015 1372 1396 
223 570 610 739 740 761 802 806 999 1157 1175 1370 
14 21 34 51 181 323 628 681 865 
10 145 182 231 327 429 642 820 830 915 946 1079 1366 1367 1377 
145 175 296 342 559 632 845 1190 1358 
40 136 703 1117 1189 
262 294 301 732 736 760 938 1226 1326 1336 
82 479 516 579 1000 1034 1317 1323 1375 
18 166 231 256 273 294 594 663 702 888 996 1049 1205 1290 
16 28 333 375 458 717 734 753 940 1019 1200 1284 1310 
307 420 590 699 833 871 1081 
199 301 437 489 632 983 1341 
42 93 121 531 541 554 662 766 841 887 960 1054 1144 1290 1331 
504 664 1106 1205 1233 1242 1313 1327 
74 261 297 406 417 445 484 598 737 789 845 897 950 1109 1257 
134 161 253 427 560 633 774 807 893 917 929 1030 1137 1148 1194 
160 344 682 719 796 886 970 1012 1048 1224 1239 
27 831 866 1063 1141 1156 1205 1238 1241 
2 343 749 821 1163 1322 1362 1374 
679 805 880 976 1133 1288 
47 472 575 626 732 985 1030 1170 1205 
159 325 413 505 784 869 874 1059 1231 1259 
24 78 133 847 872 1103 1327 
24 219 355 447 482 888 1135 1176 
37 140 178 238 546 557 610 681 715 787 1116 1176 1211 1274 
107 241 284 309 469 607 945 962 997 1024 1040 1284 1353 
5 126 200 285 347 547 550 587 623 897 977 998 1130 1379 1416 1417 
103 340 437 645 744 749 851 959 1336 1354 
134 460 607 634 781 813 832 912 1210 1307 1327 1370 
46 196 448 567 590 683 693 889 1406 
116 473 617 908 1061 1133 1232 1347 1372 1410 
57 108 115 221 348 453 472 612 734 907 919 933 1024 1042 1170 1205 1381 
48 99 311 347 388 550 727 1003 1337 
27 49 409 418 541 545 634 1346 
106 172 242 419 600 686 741 771 955 1021 1059 1111 1358 1412 
115 523 590 604 713 781 964 1028 1058 1423 
221 362 439 457 509 675 754 779 876 1067 1370 1372 
110 126 166 230 677 882 1201 1212 1238 1248 1302 1324 1413 
134 235 430 532 555 557 631 840 913 1135 1368 
109 118 261 626 819 892 1075 1082 1107 1119 
75 156 228 475 585 595 638 642 664 995 1311 1346 
16 266 305 316 373 694 818 843 1318 1388 
38 74 127 419 488 541 550 658 808 978 1014 1217 1296 1396 1401 
15 80 225 331 374 473 569 666 822 836 895 1310 
96 117 130 335 399 469 488 523 706 709 760 857 961 1032 1095 1174 1193 1352 1379 
348 508 684 873 1044 1136 1178 1379 
76 125 238 358 496 775 1270 
176 348 403 820 978 1358 
74 242 339 402 456 581 744 872 1055 1059 1338 1361 1396 
70 402 431 508 1015 1045 1183 1220 1413 
150 417 705 797 881 980 1037 1326 1381 
135 137 248 264 489 681 952 1096 1339 1346 
58 92 135 263 596 607 692 736 1138 1149 1226 1306 1376 
35 185 216 385 583 858 899 921 978 1216 1225 1303 1339 
121 521 541 562 629 723 914 1022 1322 
153 308 318 376 399 464 656 720 745 854 912 1018 1026 
154 187 319 330 703 772 858 1099 1162 1186 1252 
49 78 101 171 602 631 699 987 988 1119 1292 1314 1320 1343 1395 
127 414 665 686 697 731 835 862 937 1080 1141 1142 1400 
46 127 692 829 831 931 1035 1081 1251 1260 
59 95 102 188 208 566 607 699 1163 1219 1251 1266 1344 
97 159 200 267 351 375 632 760 841 1049 1060 1295 1399 
186 206 429 578 680 890 941 949 968 1337 1352 
37 107 193 854 869 1207 1403 
145 408 448 524 528 611 640 709 994 1061 1338 
19 39 170 178 209 456 512 630 808 846 1167 1337 
86 112 121 126 333 623 775 1097 1211 1300 1379 1398 
94 210 212 250 335 412 466 486 616 641 647 946 1045 1194 1269 
3 172 572 603 809 1174 1279 
9 71 173 432 611 629 1074 1390 
275 292 394 550 557 601 1249 
19 41 94 335 366 568 741 823 847 1123 1249 1357 1409 1426 
184 507 620 636 899 901 1015 1020 1032 1035 1122 1224 1289 
112 170 349 640 702 863 1016 1208 1363 1371 
28 118 146 279 472 625 834 939 1211 1236 1274 1334 1389 
93 238 435 517 520 540 557 709 746 941 1024 1113 1162 1196 
40 97 455 798 907 908 1021 1110 1133 1185 1205 1261 1271 1408 1425 
73 76 156 193 513 708 724 1001 1078 1229 1400 1420 
1 43 330 467 703 745 951 959 985 992 1061 1067 1193 1350 
138 195 235 239 364 427 534 562 597 625 704 902 915 
68 90 182 183 289 314 587 738 761 1001 1047 1114 
318 481 499 541 620 778 847 942 1008 1082 1220 1262 1285 
21 49 108 301 340 469 505 636 731 773 910 976 1014 1127 1282 1326 
2 203 326 379 511 527 542 867 885 928 961 969 1065 1155 1266 1314 
153 201 364 471 536 551 553 818 1029 1109 1326 1361 
5 121 239 351 434 555 621 641 687 753 1279 1287 
14 92 249 298 354 388 495 560 1044 
43 211 226 313 481 494 508 615 644 688 841 853 897 946 1126 1131 1135 1138 1149 1194 1274 
39 55 149 177 246 586 750 
135 897 1181 1378 1387 
81 156 334 532 670 847 995 1191 1408 
338 539 649 783 785 923 1254 1264 1313 
46 201 438 584 666 763 767 1146 
200 287 501 1015 1046 1142 1184 1192 1345 
254 401 523 533 548 587 597 688 987 1155 1262 1280 1288 1379 
101 248 577 658 701 1043 1072 1357 
38 70 105 352 613 650 661 736 746 840 1217 1256 1307 1310 
296 299 312 368 640 669 891 917 1003 1042 1252 
22 124 216 261 327 374 398 974 1054 1071 1171 1321 
242 566 718 772 982 1160 1214 1234 1308 
1050 1262 
55 166 369 374 523 686 932 968 1178 
5 131 193 293 419 519 642 876 903 1036 1167 1199 1350 
35 223 241 503 678 900 1014 1034 1294 
53 119 445 493 1112 1302 1332 
308 450 659 770 1307 1332 
14 86 363 550 897 925 967 1078 1110 1134 1190 1230 
36 160 214 283 505 535 881 927 956 1073 1171 1387 1399 1409 
447 471 728 1124 1170 
40 204 243 380 518 578 713 1064 1234 1244 1253 1374 
470 652 886 1024 1057 
297 599 1024 1195 1258 1312 1393 
41 95 551 640 888 895 1224 1267 
96 324 367 432 532 981 1052 1089 1139 
310 579 656 695 723 736 871 912 949 961 1015 1148 1314 1413 
60 97 142 150 178 252 277 382 557 794 858 934 987 990 1131 1293 
116 132 135 154 263 294 323 330 647 753 975 982 1079 1114 1217 1227 
37 51 55 190 215 371 639 703 1019 
183 351 387 442 737 759 765 864 1087 1192 1410 1425 
185 384 630 671 672 710 766 773 788 852 854 860 1002 1319 1368 1380 
219 257 303 579 612 689 845 1135 1155 
58 316 338 366 376 562 686 889 938 1002 1032 1134 1270 1369 
35 97 154 220 371 958 997 1301 1345 1357 1364 
19 123 175 214 249 464 495 544 579 611 678 759 882 981 1135 1314 
438 561 575 600 663 718 830 840 1073 1081 1131 1294 
73 562 575 577 580 596 598 1399 
362 447 581 710 781 809 835 1071 1077 1227 
261 402 421 830 916 967 1384 
20 214 253 430 527 702 921 953 
70 249 349 434 543 633 850 923 928 973 
335 338 551 612 650 786 822 948 1012 1155 1258 
11 283 318 388 477 721 848 900 1038 1052 1188 1189 1296 
299 341 551 575 772 1292 
67 214 526 571 650 959 968 1024 1027 1177 1178 
265 377 501 717 927 1174 1215 1314 1352 1427 
15 407 606 658 733 775 926 935 1025 1227 1259 1422 
33 54 408 490 497 498 583 658 688 757 819 1036 1209 1358 1360 1365 
9 166 171 657 673 674 699 953 1109 1268 1352 1357 
70 177 468 563 616 852 907 1214 1381 1406 
40 96 378 391 396 399 595 619 767 768 992 1034 1132 1336 1409 
182 318 341 544 609 706 774 851 857 952 1014 1114 1229 1248 
303 400 572 840 870 965 1006 1010 1054 1139 1253 
49 162 560 612 651 727 1177 
20 90 95 387 463 483 567 633 796 819 876 965 1055 1088 1194 1430 
32 37 349 929 1101 1199 1212 1218 1287 1305 
42 193 351 357 394 446 461 525 542 605 685 802 1037 1341 
187 242 331 580 737 782 1209 1290 
226 400 414 418 456 464 558 626 688 750 762 790 860 1101 1111 1287 1416 
308 333 425 436 559 744 965 1018 1053 1178 1201 
188 210 338 443 466 538 704 729 840 955 1035 1083 1230 
97 168 261 274 294 545 729 773 800 892 893 951 993 1000 1255 1328 
489 749 955 1017 1185 
226 231 418 722 730 997 1026 1029 1164 1239 1403 1421 
245 294 554 666 737 756 796 974 997 1194 
12 80 175 189 292 344 370 640 667 680 715 923 928 1273 1404 
286 385 422 470 488 730 826 1067 1272 1279 1283 1394 
99 428 680 863 864 1022 1142 1192 1205 1335 1359 1426 
6 175 418 536 558 616 665 746 793 860 1107 1378 
132 278 384 489 569 809 817 903 914 933 986 1010 
1 10 66 188 413 635 782 1037 1402 
138 288 355 412 471 580 867 934 1359 
118 129 313 317 343 366 510 634 789 899 939 1032 1186 1203 1273 
28 53 218 270 557 658 785 829 855 939 1037 1212 1290 1329 
2 11 177 354 684 714 733 752 756 790 803 864 981 1070 1098 1111 1284 1374 1424 
46 60 303 370 455 551 597 733 860 1011 1013 1200 1409 
281 434 467 552 593 894 1000 1273 1355 
321 544 556 610 640 1127 1143 1281 1426 
25 119 124 172 191 200 491 515 523 542 649 819 902 1199 
10 21 59 78 107 136 265 379 465 721 797 965 1076 
9 125 219 275 300 377 437 672 752 1012 1020 1099 1203 1262 1265 
108 277 408 430 1043 1137 1212 1370 1426 
105 203 483 607 617 830 1011 1190 1338 1340 1419 
315 332 618 849 1046 1126 1130 1264 1280 1310 1350 1418 
13 25 181 381 484 711 722 954 976 1050 1310 
21 130 141 234 385 469 484 507 724 737 928 1037 1109 1113 1175 1250 1294 1363 1423 
42 86 388 456 1233 1389 1404 
74 242 587 596 602 773 829 833 949 1221 1242 1292 1359 1383 
135 224 230 268 408 454 556 727 921 975 980 1026 1179 1410 
64 85 143 213 313 400 419 465 616 717 992 1035 1066 1160 1249 1327 1396 1426 
37 65 93 320 434 534 638 832 1007 1087 1317 
1 122 193 200 220 507 765 1024 
13 112 229 503 699 784 857 998 1105 1308 1340 
61 277 456 491 508 538 653 882 1184 1415 1419 
76 113 116 155 192 366 371 374 408 416 476 551 603 786 907 934 1026 1240 
47 163 184 325 491 494 628 667 731 794 1039 1155 1222 1311 1327 1398 
188 284 313 492 687 704 1004 1066 1171 
249 269 289 319 418 440 549 660 664 833 972 1022 1062 1406 
387 793 827 965 1098 1262 
143 350 540 589 767 1060 1170 1327 
210 261 751 845 851 901 930 949 966 969 1052 1146 1214 1223 1349 
246 248 258 362 370 395 504 612 670 749 780 1077 1217 1299 1412 
22 204 342 495 594 862 959 988 1097 
11 318 406 459 766 919 975 1085 1127 1161 1214 1290 1291 
391 751 793 1158 1302 
59 229 531 554 631 669 875 975 1020 1029 1032 1229 
315 377 710 852 960 1030 1131 1209 1322 
118 125 210 242 299 328 395 433 443 447 969 1030 1032 1175 1201 1232 1241 1252 1394 
67 91 268 316 694 1085 1368 1414 1422 
68 231 246 437 444 470 637 753 765 778 884 890 909 912 975 
269 302 319 382 800 853 1049 1064 1125 1297 1402 
128 206 335 429 475 541 622 1110 1159 1349 1408 
340 390 726 742 758 789 905 916 997 1045 1047 1237 1384 
46 77 130 221 279 339 898 923 926 1175 
29 80 442 549 575 597 621 797 858 1086 1216 1328 
590 782 947 1136 1172 1313 
17 79 403 420 467 602 608 849 1001 1099 1125 1333 
77 81 162 176 297 361 415 576 963 1064 1155 
168 202 566 736 
49 366 665 747 783 790 1124 1168 1200 1202 1338 1350 
479 839 855 934 1131 1140 1146 1296 1302 1306 1416 
8 203 548 690 740 1021 1268 1321 
182 489 751 760 763 853 925 1046 1280 1363 1400 
184 408 637 793 826 1015 
365 393 601 727 825 1013 1025 1053 1130 1398 
43 64 82 276 288 605 652 674 827 861 1050 1063 1079 1222 1223 
94 118 150 323 522 872 934 948 1019 1323 
127 142 188 244 255 270 290 333 546 620 1031 1064 1113 1192 1351 
50 75 317 447 546 913 965 968 1274 1362 
34 205 249 329 523 618 834 886 1071 1087 1124 1145 1257 
41 54 88 157 159 200 236 244 836 917 1012 1094 1150 1180 1183 1403 
50 181 246 776 825 955 970 1166 1182 1289 1326 1361 
10 85 469 488 593 625 639 641 666 762 775 1169 1171 1388 1389 
372 385 841 854 1108 1289 1299 1404 1428 
235 278 291 340 595 770 855 1129 1263 1375 
79 89 170 181 209 280 324 373 419 461 731 886 992 997 1069 1107 
218 353 719 849 873 965 1175 1390 1408 
96 143 198 434 476 483 1178 1390 
192 321 348 349 423 451 494 610 619 673 756 858 943 1006 1056 1211 1240 
113 127 337 462 722 812 1151 1158 1169 1401 
141 397 594 720 827 879 935 956 1039 1148 
34 68 172 336 360 437 439 709 1412 
282 472 616 999 1307 1318 1357 
241 347 828 1060 1102 1196 1220 1290 1326 
46 345 475 606 619 745 774 805 885 907 1112 1334 
239 342 408 421 484 522 548 560 708 902 931 1162 1180 1252 1255 
236 250 285 494 566 570 706 969 1039 1081 1143 1408 
274 303 348 367 426 517 739 1145 
95 153 448 501 626 658 670 732 975 1283 
11 657 750 
99 208 511 850 893 1189 1213 1240 1255 1349 
121 320 378 670 696 757 875 1048 1049 1122 1152 1165 1254 1369 
226 235 650 674 706 752 1012 1099 1274 1278 1294 
193 477 560 608 716 811 843 980 1254 1408 
412 493 616 771 1083 1166 1202 1338 1430 
80 176 201 370 456 534 554 710 738 1136 1335 
55 200 563 747 795 1036 1191 1292 1329 
25 175 222 248 289 375 394 423 448 458 561 611 735 792 827 948 993 1028 1240 1416 
109 364 413 522 719 1064 1254 
53 54 299 316 393 557 622 653 823 1087 1121 1401 
2 52 344 413 457 700 737 893 1121 1419 
13 35 71 115 340 437 443 542 614 814 885 1077 1156 1237 1315 
1 30 87 369 460 487 679 803 910 1014 1116 1239 1358 1417 
84 369 459 520 652 773 802 840 975 1083 1119 1146 1154 1288 
92 133 336 358 419 486 516 869 881 1191 
42 216 258 356 714 757 788 1014 1094 1118 1148 1154 
330 798 843 847 1016 1032 
15 42 120 240 301 325 338 396 408 872 877 1063 1066 1136 1227 1281 
80 155 187 258 306 400 416 424 550 672 849 1008 1125 1341 
14 49 117 120 271 437 494 535 563 721 781 813 848 886 1170 
8 20 37 53 98 347 606 916 958 1057 1121 
195 288 617 681 770 875 1045 1207 1275 
79 405 504 541 568 713 720 800 1144 1162 1163 1184 1212 
177 470 519 625 864 1114 1237 1393 
52 280 294 303 425 434 554 658 692 801 1149 1168 1256 
111 132 228 324 397 474 570 768 804 861 881 
87 258 320 392 718 806 856 868 872 1013 1294 
165 570 623 776 1046 1105 1245 1319 1408 
48 185 489 575 772 824 
105 126 445 569 611 752 859 995 1046 1054 
99 325 329 377 446 450 513 643 885 1056 1207 1225 
50 286 396 605 704 1076 1159 1339 
273 371 494 541 627 667 777 789 988 1065 1110 1192 1293 1339 1395 
21 102 457 628 670 791 899 946 957 1010 1187 1343 1344 
625 761 864 945 997 1081 1083 1107 1427 
180 243 434 702 750 1083 
28 534 860 863 879 978 979 1229 1380 
67 79 579 765 1273 1314 1415 
161 616 675 815 849 887 929 1004 1175 1389 
209 240 331 394 546 811 967 1066 1118 1160 1166 1296 1400 
276 286 432 554 723 758 861 
24 27 93 194 236 316 327 384 408 765 916 968 990 1073 1184 1302 1331 1401 
173 411 488 533 550 587 630 679 901 928 1051 1179 1225 1243 1427 
2 384 469 506 705 815 936 1068 1176 1195 1329 1396 1427 
21 385 624 658 725 1052 1160 1346 1366 1398 
222 360 546 598 620 658 675 754 891 1026 1114 1277 1317 1429 
268 478 772 892 907 1181 1270 1337 
104 307 662 817 1105 1272 1293 1340 
22 179 344 487 490 528 684 746 833 841 1097 
127 143 147 220 339 524 534 653 864 1147 1256 1304 
80 199 377 471 561 775 856 899 934 948 1412 
341 355 429 492 503 713 1194 1208 1318 1343 1353 1360 1384 
14 161 187 317 361 608 753 910 1058 1189 1225 1257 1282 
53 101 128 173 175 224 597 853 869 1100 1148 1236 1295 
26 143 208 244 388 404 588 703 720 905 969 
37 153 219 224 282 555 729 752 775 920 1067 1069 1083 1152 1308 1348 1407 
231 291 397 453 532 617 653 744 801 880 1155 1167 1232 
291 401 402 612 703 760 815 1103 1315 1425 
81 174 308 663 701 706 751 980 1062 1300 1394 
21 144 193 239 247 264 355 466 676 798 800 1021 1027 1144 1265 1327 1364 
1 27 116 158 270 298 359 395 484 782 848 919 1003 1041 1144 1369 
19 82 126 447 572 704 730 755 978 1290 
42 537 923 932 965 990 1009 1289 1300 1367 
22 35 75 81 185 238 458 511 547 1195 1424 
359 409 529 585 676 841 893 894 1270 
68 273 284 327 428 485 543 618 675 689 767 881 944 992 1253 1315 
8 11 47 229 329 367 551 643 865 1153 1292 
39 93 113 157 170 177 184 394 431 954 965 999 1057 1281 1420 
30 364 404 423 446 457 491 493 509 1194 1236 1414 
65 66 164 283 532 768 769 908 951 982 1189 1274 1284 1288 1296 
150 757 958 975 986 996 1252 1391 1399 1400 
88 117 189 291 334 597 700 723 832 1340 
114 160 353 416 566 700 1030 1107 1402 
61 135 407 656 734 768 980 1032 1261 1361 
85 101 398 438 526 547 686 912 967 
