1426 8151
28 94 156 267 286 294 379 385 441 569 617 964 1114 1295 1392 
85 320 570 637 660 849 900 960 967 1010 1030 
345 359 723 1250 1382 
234 531 556 638 751 760 912 1108 1162 1379 1397 
105 197 250 266 267 320 432 552 563 569 816 865 1049 1135 1151 1167 1331 
49 221 281 368 413 471 510 686 765 870 1200 1205 1313 1418 
152 229 412 519 624 706 768 776 900 979 1018 1060 1104 1240 1397 
63 109 212 222 291 321 344 694 732 862 910 994 1117 1312 
244 252 295 310 356 619 728 1029 1246 1305 1368 1390 
32 188 343 351 528 549 632 1028 1175 
149 278 371 400 420 447 651 669 861 917 926 983 1004 1178 1189 1418 
14 487 515 586 808 1106 1149 
98 225 423 515 848 885 1155 1245 1252 1334 
12 305 1117 1164 1251 1382 
49 54 105 128 282 286 556 613 757 792 934 1158 1200 1242 
66 162 237 362 396 544 800 893 922 1043 1409 
166 168 187 397 607 630 758 765 949 988 1041 1126 1136 1198 1313 1366 
21 600 647 665 762 993 1016 1151 1155 1241 1349 
83 358 567 597 691 970 1292 
22 29 40 375 510 554 1139 1171 1331 1368 
18 22 86 432 515 569 719 899 997 1059 1140 1151 
20 21 123 259 287 485 597 611 1084 1141 1411 
25 87 172 246 352 392 696 826 909 911 973 1047 1159 1302 1416 
62 101 284 460 556 617 787 
23 127 238 519 576 945 1021 1028 
129 133 155 192 249 290 335 337 338 347 417 672 700 877 911 1001 1098 1143 1149 
34 79 128 158 217 400 479 493 541 802 810 836 1026 1361 
1 82 125 172 399 419 472 589 653 745 803 996 1078 1084 1165 1169 
20 226 322 538 613 686 959 1079 1089 1317 
65 262 337 357 384 394 660 701 1015 
254 311 346 383 414 776 813 816 860 1111 1151 1160 1164 1281 1304 1364 
10 93 157 453 705 1414 
108 176 180 206 238 325 379 514 686 810 903 973 1153 1285 1337 
27 160 161 554 561 760 937 1010 
62 138 303 536 653 678 762 812 
77 163 314 510 624 804 828 884 924 1089 1215 1311 1373 1386 
366 449 634 912 928 1175 1317 
51 385 444 650 699 846 852 1163 1166 
138 523 533 584 735 812 879 941 990 1036 1235 1320 1364 1394 1400 
20 199 243 248 380 794 826 904 1026 1198 1388 1390 
51 72 328 329 572 613 617 656 663 798 903 994 1044 1223 
160 383 393 442 517 552 577 604 716 804 851 1040 
85 104 106 123 182 251 280 546 609 615 671 859 933 941 1132 1193 
233 529 595 759 763 773 848 881 1065 1105 1278 1391 1401 
83 145 189 222 311 365 418 806 837 853 855 978 1120 1125 1154 1232 1242 1255 
220 341 355 385 418 450 540 1172 
62 284 361 386 447 778 907 923 1345 
191 360 525 689 1102 1113 1306 
6 15 88 303 526 724 766 797 901 954 1242 
119 202 243 312 338 451 655 670 672 900 953 979 1174 1284 
38 41 80 232 262 280 331 477 642 646 742 748 960 1010 
246 299 305 318 659 715 927 999 1088 1151 
200 315 342 531 541 552 812 907 944 1048 
15 126 147 232 631 687 979 1059 1158 1376 
73 143 150 175 209 352 361 496 868 877 991 1057 1163 1389 
379 483 757 1057 
275 407 524 526 541 637 709 785 870 938 
247 266 383 650 875 915 1152 1212 1266 1284 
167 256 317 319 658 791 1063 1068 1205 1219 
113 494 510 668 681 1021 1200 1327 
274 574 721 763 814 952 964 1067 1088 1147 1354 
24 35 47 183 601 722 875 904 1120 1152 1308 
8 173 207 319 343 346 522 786 938 1005 1017 1308 
178 210 252 425 602 837 937 943 1113 1201 1313 
30 225 334 367 461 503 555 611 792 931 1282 1406 
16 179 254 854 867 913 1124 
156 196 291 406 413 503 560 661 772 841 1270 1295 1331 1361 1397 
86 104 140 187 232 235 362 442 488 512 543 742 807 843 856 924 1107 1222 1223 1253 
179 258 296 427 455 556 643 676 805 965 986 993 1073 1155 1195 1252 
136 292 645 986 1278 1354 1396 
160 536 626 639 1053 1219 1341 1424 
41 113 122 468 492 505 664 740 800 1102 1189 1192 1345 1352 
55 177 337 368 688 756 900 925 944 975 1087 1154 
141 236 326 400 583 891 
127 145 179 417 624 776 883 1334 
150 324 700 839 841 873 918 1008 1063 1359 1390 
36 258 295 505 591 637 647 757 776 787 837 886 1042 1064 1145 1214 
120 168 446 688 724 729 784 1232 1424 
27 85 338 407 534 583 661 662 814 1011 1207 1248 
51 95 109 358 483 510 513 553 650 687 840 1110 1357 
421 666 696 771 853 858 894 1006 1403 1407 
28 433 600 807 811 1360 1376 1415 
19 45 88 120 181 213 328 420 524 768 829 1009 1198 1204 
300 324 441 645 784 817 983 1042 1384 
2 43 79 103 254 378 491 767 797 924 933 1048 1216 1250 1293 1323 1404 
21 68 180 250 399 596 754 884 1169 1294 
23 139 272 480 580 654 686 688 920 1207 1274 
49 83 402 471 851 1153 1208 1298 1411 
167 246 285 581 738 882 1087 1135 1261 1420 
119 227 588 720 843 1019 1150 1367 
237 349 520 524 557 770 868 968 1046 1159 1243 1329 
155 413 440 561 1338 
32 440 711 764 933 1105 1253 1370 1421 
1 548 643 918 1061 1172 1352 1354 
80 254 276 304 468 599 646 794 931 977 990 1142 1184 
192 380 538 585 810 1056 1204 
190 485 579 650 1039 1054 1101 1103 1136 1182 1218 1389 1426 
13 140 225 234 380 392 398 401 456 581 696 726 888 1035 1121 1164 1231 
110 285 319 410 423 429 454 616 762 772 1098 1210 1233 1373 
169 205 276 281 635 754 815 836 1096 1218 1245 1376 
24 130 132 287 359 421 608 943 970 1199 1376 
147 150 182 370 584 688 704 870 1014 1062 1241 
85 105 293 463 520 526 759 1010 1079 
43 68 154 186 195 288 346 647 975 1019 1084 1208 1343 
5 15 103 174 594 634 638 646 748 813 856 886 
43 121 268 358 631 763 1265 1277 1318 1335 
141 242 330 394 455 653 677 746 761 779 1031 1101 1128 1283 1291 1330 1367 
33 112 395 452 911 912 1019 1046 1058 1067 1334 1340 1421 
8 80 351 819 911 930 1218 1280 
99 354 428 571 747 800 866 974 1026 1170 1243 
312 347 367 515 697 755 838 966 1247 1254 1303 1410 1426 
108 496 541 662 921 1103 1199 1239 1289 
60 72 147 322 418 450 556 851 915 
160 195 249 308 326 645 749 754 860 888 940 998 1154 1259 1306 1350 1367 
166 341 440 489 497 757 1180 1304 1316 1363 1373 
426 603 776 819 834 861 989 1030 1050 1089 1229 1238 
119 344 428 454 525 668 942 1015 1264 
259 284 346 352 551 566 761 948 996 1006 1268 
50 90 117 126 444 554 639 699 746 848 1144 1185 
78 83 409 470 520 670 733 1003 
106 133 230 239 291 346 477 618 693 698 909 967 1054 1336 1402 1415 
72 331 338 358 443 593 803 821 1052 1201 
22 43 200 229 267 410 436 474 714 837 880 934 1038 
127 128 269 378 379 1054 1078 1102 1238 1376 
28 271 291 547 770 943 1415 
54 119 357 469 530 681 859 865 1314 1383 
25 75 124 410 563 610 613 723 836 884 972 1231 1421 
15 27 124 236 319 576 642 723 736 803 926 1161 1225 1248 
26 275 290 577 677 869 1001 1009 1388 
101 411 496 508 536 687 752 768 786 850 900 1007 
293 720 1122 1140 1161 1227 
101 369 502 521 598 672 738 760 803 867 1043 1265 1304 
26 121 327 358 582 1117 1245 1312 
211 233 243 431 563 602 635 980 1281 
169 174 253 353 398 589 884 922 1019 1062 
70 173 325 343 432 473 741 1143 
678 691 845 954 1241 1291 
35 39 158 231 322 325 353 613 652 654 946 1052 1264 1294 
87 154 348 413 488 546 636 750 769 796 882 906 935 1065 1121 1161 1244 1322 1335 1415 
68 98 378 400 447 583 956 1024 1102 1108 1187 1265 1326 
74 107 731 940 974 1002 1028 1048 1200 1259 
156 200 230 422 568 727 740 777 841 1137 1254 1267 1313 1342 1386 
55 195 228 262 373 375 415 509 517 559 745 852 908 
198 252 300 577 760 847 849 919 942 956 1100 
45 75 192 341 401 455 499 501 584 594 706 891 
159 164 184 468 724 1002 1026 1046 1212 1343 
54 102 113 186 204 344 544 663 960 1032 1081 1101 1356 1409 
218 221 363 737 905 958 1078 1079 1260 1356 
11 228 293 480 737 813 896 921 1219 1402 
55 76 102 441 540 556 585 603 665 710 837 838 1305 
211 318 495 760 995 1000 1284 1347 
7 251 870 996 1096 1106 1234 
159 253 512 555 690 763 779 834 876 891 1083 1112 1201 1287 
104 139 286 310 604 612 705 889 1192 1203 1211 1386 
26 92 175 256 499 550 802 816 855 1008 1063 1066 1073 1169 1285 1328 
1 67 142 249 401 467 537 740 750 756 870 933 943 1035 1230 1317 1358 
32 257 290 300 391 543 651 684 1024 1110 1183 
27 138 184 196 315 350 466 879 957 1129 1370 1404 
146 153 172 339 384 395 429 490 537 548 611 639 640 736 
34 42 71 114 187 259 398 509 708 769 900 990 1285 1384 1397 
34 203 216 398 455 485 666 769 938 984 1004 1026 
16 258 524 529 537 668 905 1001 1115 1306 1363 
36 181 199 228 268 313 349 403 586 679 683 827 894 913 1224 1341 
146 413 475 483 524 818 857 920 1048 1064 1086 1176 
307 320 339 545 830 987 1042 1203 1269 
17 115 513 622 736 885 1060 1180 1230 
59 89 399 425 678 1270 1285 1351 1362 1415 
17 78 344 363 371 373 488 992 1084 1188 1229 1277 1279 1362 
100 135 264 642 797 814 907 940 1061 1262 1355 
202 371 607 888 1345 1379 
174 229 374 484 691 807 820 877 879 1101 1219 1330 
23 28 159 277 354 516 517 600 635 644 731 753 834 888 1002 1219 1334 
63 136 205 281 456 528 531 632 647 695 727 940 949 1283 1316 
105 135 171 330 380 396 420 452 547 645 748 869 1151 1163 
55 155 201 207 279 403 538 632 718 1099 1198 1396 
33 183 556 558 663 666 763 909 1006 1008 1388 
73 190 275 379 389 418 695 731 751 788 797 1025 1064 1079 1081 1133 1207 1211 
64 513 552 636 888 953 1203 1234 1325 
66 69 75 552 607 677 963 1098 1118 1182 1185 1232 
33 86 274 350 356 384 575 637 846 872 899 903 925 987 1064 1190 1243 1297 
83 163 238 375 437 510 566 692 785 943 1304 1393 1403 
43 102 342 618 655 829 1131 1247 1385 
62 176 223 411 431 441 496 802 
146 158 250 338 388 499 830 941 961 1040 1094 1118 1321 1411 
199 343 409 509 557 570 730 845 887 992 1026 1233 1380 
104 147 341 662 839 992 1058 1205 
17 68 160 240 252 305 447 659 933 959 1261 1279 
10 283 625 882 1008 1034 1224 1418 
45 238 518 696 1048 1309 1410 
97 177 245 384 515 783 827 1195 1217 1221 1259 
48 314 569 624 658 819 1126 1267 
26 96 145 413 669 817 914 1013 1161 1366 1385 1388 1410 
194 547 610 623 1128 1197 1356 
193 290 491 586 650 883 992 1195 1419 
104 114 143 345 686 792 821 917 1027 1086 1090 1231 1253 1332 
67 158 281 316 329 378 510 613 683 793 943 996 1217 1232 1311 
5 249 338 388 696 812 1325 1327 1354 
144 199 381 473 778 793 838 943 1233 1395 
40 163 185 198 399 433 515 753 758 1041 1159 1194 1298 
53 123 142 214 475 642 793 829 903 993 1040 1076 1144 1376 
175 280 365 376 427 603 781 800 978 1015 1110 1197 1213 1327 1362 
50 170 406 477 573 729 839 966 1094 1145 1284 
161 270 376 418 514 715 766 773 978 987 989 1051 1250 
147 366 424 427 661 707 789 921 940 1040 1063 1293 1369 
100 173 273 507 698 918 1029 1042 1156 1211 1228 1247 
33 212 332 424 494 540 591 871 889 1000 
63 175 240 244 373 550 634 646 822 823 1039 1055 1318 
227 232 333 394 660 826 845 1078 1134 1146 1210 1365 
55 212 217 226 235 281 455 656 754 935 961 1110 1128 1275 
64 514 647 708 849 900 1052 
134 151 255 335 608 649 701 847 854 1412 
8 206 209 262 493 966 1174 1249 1285 1348 1408 
83 224 240 313 628 728 808 953 1000 1056 
200 509 576 849 1079 1126 1261 
228 511 674 761 1041 1043 1171 1391 
161 280 550 596 938 997 1032 1033 1088 1177 1203 1260 
27 209 254 477 608 736 826 1227 1388 
148 233 254 262 303 377 410 489 676 896 920 1389 
495 911 925 1004 1041 1182 1337 
46 296 472 541 665 888 986 1033 1048 1100 1152 1287 
6 148 232 389 511 742 923 1420 
8 45 230 247 345 365 478 524 597 1098 1109 1272 1353 
183 243 303 358 367 438 496 533 612 769 1070 1180 1303 1399 
213 338 622 858 939 963 1096 1203 1267 
13 65 98 255 476 556 703 1137 1167 1382 1425 
29 209 280 339 346 646 757 1088 1236 1269 
90 208 389 408 430 470 749 853 860 907 1093 1264 1415 
143 149 163 215 316 371 398 478 531 572 650 873 1059 1142 1423 
7 123 171 256 272 348 439 468 487 619 805 869 886 930 971 1276 1402 
121 142 222 343 384 401 583 990 1106 
138 339 368 706 728 796 812 819 830 1038 1141 1177 1302 
51 54 68 208 221 310 392 444 469 627 630 869 892 988 1108 1128 
44 134 218 359 405 509 938 1267 1295 1384 
4 98 439 507 545 780 995 1043 1063 1072 1132 1156 1205 1235 1298 1354 
68 209 378 383 412 512 715 939 
74 128 480 514 538 551 819 1193 1231 1280 
16 91 265 305 383 501 587 624 645 759 993 1050 1054 1078 1274 
25 33 181 189 284 382 417 604 606 855 883 896 1172 1322 
121 302 331 359 387 535 835 917 991 1030 1282 
187 207 213 312 323 388 650 661 725 859 944 1088 1163 1327 
450 562 612 660 757 768 1168 1207 1223 
107 367 401 525 526 662 894 897 1068 1229 1336 
40 50 134 223 339 349 372 485 516 674 728 1348 
9 207 288 410 439 544 682 815 816 1011 1295 1361 
190 321 621 763 820 940 964 1131 1189 
23 52 89 353 472 545 644 776 798 821 899 1011 1024 1025 1176 1327 1370 
58 222 266 336 788 1080 1202 1317 
40 282 309 407 467 586 683 742 861 956 1046 1078 1123 1419 
26 114 156 197 292 342 430 462 633 730 1037 1093 1102 1167 1312 1326 1375 
5 86 184 263 333 645 662 901 903 928 1082 1148 1151 1234 1281 1282 1376 
43 152 315 386 410 479 744 802 810 825 1119 1207 1339 
9 64 144 187 346 570 603 722 821 829 1180 1273 1296 1328 1373 
135 153 655 699 747 753 869 916 1127 1340 
31 66 85 95 217 218 612 780 848 879 1076 1081 1156 1365 1374 1375 
211 225 397 587 722 784 1085 1351 1367 
59 155 229 397 521 683 738 951 1384 
157 419 830 949 1195 1353 
69 77 162 278 391 611 739 931 948 1123 1387 
22 118 160 460 524 577 742 1176 1373 1384 
323 345 488 798 837 1100 1154 1378 
447 530 623 749 892 1377 
30 51 143 212 218 294 713 823 
250 526 596 658 730 736 854 881 993 1033 1232 1366 1426 
169 543 596 639 753 876 925 957 967 1008 1021 1153 1346 1408 
237 395 485 545 571 611 643 760 805 993 1279 1314 
5 58 247 406 549 895 904 924 1087 1110 1361 
1 5 123 281 456 628 922 928 975 1139 1280 1287 
106 163 390 456 557 655 884 932 1155 1180 1276 1303 1315 
124 281 403 458 543 650 697 897 1011 1148 1369 1376 
203 300 357 449 729 863 1013 1133 1186 1233 1257 1350 
125 563 701 704 783 831 1182 1290 1334 1423 
87 229 473 480 689 696 790 819 858 1022 1043 1047 1124 1283 1303 1313 1347 
205 304 366 591 746 778 871 1083 1150 1290 1299 1395 
61 180 306 845 891 895 989 1088 1157 1171 1268 1402 1426 
57 129 177 510 513 816 1158 1173 1274 1409 
95 100 330 400 467 594 647 667 685 688 914 1154 1177 1190 1192 
172 703 754 813 839 1112 1171 1395 
11 258 332 470 504 581 783 874 930 1073 1161 1186 1226 1340 1360 1362 
175 501 785 1102 1287 1395 
43 51 201 216 226 533 547 596 633 730 851 1197 1204 1330 1373 1421 
6 100 173 196 209 267 269 741 914 946 1034 1116 1139 1205 1294 1318 
15 248 317 428 514 884 
188 306 323 600 651 706 873 991 1065 1105 1135 1186 1201 1305 1370 
24 47 118 238 307 371 374 415 481 706 1016 1048 1398 
89 99 448 794 
1 15 154 358 370 520 610 716 729 792 813 917 1085 1099 1148 1262 1322 
22 101 383 596 612 754 778 901 1015 1389 
104 244 337 342 345 369 375 450 590 620 677 710 906 1026 1283 1308 1321 1414 
372 375 479 924 1188 1228 1390 
26 129 157 194 407 932 1036 1200 1231 
8 67 121 125 398 767 793 795 883 1107 1130 1212 1215 1233 1255 1382 1423 
70 249 550 911 997 1025 1072 1118 1276 1307 1368 1380 1405 
103 131 149 509 611 699 828 831 1134 1293 1349 
1 262 606 652 840 851 894 909 965 1068 1144 1172 1209 1248 1327 
9 77 416 732 743 774 813 1275 1283 1293 1297 1390 1409 
69 220 638 745 883 1008 1107 1318 
335 470 511 679 732 813 899 913 968 1251 
684 859 865 936 1223 1299 
52 641 1080 1095 1128 1169 1285 1288 
84 144 157 270 407 582 683 1194 
365 374 375 393 682 1043 1118 1152 1394 
239 308 315 359 409 416 450 469 709 710 779 838 849 905 989 1021 1029 1161 1244 1275 
35 49 218 223 417 460 533 739 1055 1269 1380 1393 
95 273 363 561 685 976 1134 1178 1191 1285 1357 
14 52 187 237 467 514 705 841 922 1004 1220 1354 
274 283 514 729 1029 1102 1192 1269 
165 284 476 552 599 776 823 961 1076 1170 1268 1381 
114 302 331 371 562 653 855 1383 1414 
248 741 790 809 828 905 1019 1103 
9 154 232 693 1067 1115 
31 45 418 622 836 910 1120 1205 1297 1302 
50 111 240 313 336 643 674 775 1390 1415 
163 213 312 367 508 546 559 611 698 796 816 824 1263 
36 191 329 358 404 476 647 659 718 723 984 1071 
53 158 251 302 433 555 714 821 957 1303 1351 1359 
196 228 336 343 374 553 619 651 968 1349 
59 282 328 445 488 620 648 729 869 1030 1071 1072 1248 1299 
52 151 434 648 705 730 762 895 997 1191 1232 1305 
59 63 99 128 439 543 548 574 630 669 710 737 839 952 956 1036 1122 1291 1329 1334 
2 5 165 535 721 
8 245 385 586 673 693 715 960 971 1074 1399 
29 113 138 620 746 874 1025 1060 1207 1229 1360 
240 260 283 344 717 854 1017 1063 1074 1197 1205 1212 1395 
76 84 449 821 829 920 1051 1221 
33 136 138 379 406 513 709 1035 1211 1342 
74 114 353 388 395 881 1023 1074 1336 
133 514 903 925 1148 1158 1171 1302 1375 1411 
41 83 317 541 622 847 
41 196 314 426 477 508 673 758 868 888 923 1044 1233 1278 
107 174 276 518 536 574 742 788 821 981 1100 1311 
51 122 239 308 346 405 424 935 1046 
206 278 378 450 614 714 724 954 1041 1102 1315 1360 1384 1387 
208 250 459 496 501 682 970 1124 1154 1264 1409 
65 376 458 552 558 768 991 1046 1077 1183 1199 1205 1256 1281 1343 1362 
26 211 297 346 401 420 489 502 544 626 737 959 962 1046 1155 1229 1255 
247 312 316 374 562 577 631 813 989 1253 1276 1400 
26 30 73 288 873 1181 1328 
26 50 79 122 184 197 224 368 407 538 590 787 864 
159 165 226 231 243 362 661 675 676 875 986 1144 
387 456 564 581 785 817 943 960 974 1177 1308 1377 
46 115 145 186 455 523 596 639 643 672 786 1081 
53 182 249 288 432 501 512 709 894 1086 1163 1210 
10 63 136 185 230 316 531 568 685 921 954 967 1006 1075 1121 1156 1260 1339 1409 
8 117 147 168 323 416 460 465 568 1018 1090 1319 
3 195 222 260 288 420 640 754 786 876 1046 1373 
31 63 104 118 121 226 252 331 335 376 451 749 803 818 918 1134 1150 1154 1164 1318 1384 
26 111 773 937 1272 
139 229 612 685 973 1005 1012 1063 1118 1285 
91 163 243 362 531 620 742 808 1123 1138 
158 180 498 587 672 798 1262 1398 1414 
10 109 366 460 513 937 1402 
23 55 118 520 541 588 636 885 955 1009 1114 1223 1375 
135 138 246 326 489 566 719 1117 1188 
110 172 574 711 789 919 1087 1118 
46 490 601 820 899 900 930 965 1225 1342 
9 180 441 687 704 710 770 953 1280 
30 126 270 556 722 862 1013 1119 1170 1180 1343 1360 1382 1404 
19 80 106 122 133 223 286 314 458 614 683 693 830 866 1129 1171 1240 1336 
3 101 233 239 302 361 808 823 984 1026 1048 1129 1198 1210 
48 665 704 735 857 884 979 1001 1053 1092 1148 1251 1329 1369 1374 
47 55 359 362 384 451 501 559 689 697 792 1035 
16 68 339 349 361 425 459 502 530 643 791 1043 1100 
148 168 304 364 530 568 578 618 727 816 840 959 1026 1054 
363 375 1008 1274 1357 
45 201 222 301 388 479 537 727 785 1424 
37 204 273 351 384 635 960 994 1018 1077 1098 1222 
65 111 223 242 313 370 408 489 510 587 949 991 1103 
6 73 231 338 400 693 788 850 1001 1123 
132 288 615 740 856 879 1018 1043 1170 
102 286 367 429 434 447 498 506 517 521 563 592 640 660 792 869 904 1030 1058 1093 1215 1238 1299 1356 1385 
11 168 170 228 284 308 433 641 778 885 909 1034 1088 1112 1140 1241 1289 1301 1361 1377 
243 289 470 531 606 756 830 898 900 916 1274 1356 1365 1407 
143 168 207 393 767 848 1114 1381 1418 
171 284 301 316 336 396 423 821 916 979 1169 1196 1205 1245 1335 1341 
20 143 181 288 289 301 364 652 821 1000 1071 1119 1368 
201 203 334 346 382 415 967 1017 1093 1155 1159 1192 
218 473 733 1185 1211 1229 1394 1398 1422 
85 124 140 196 235 332 488 706 776 923 940 1329 
1 33 56 124 177 325 409 515 548 684 697 924 945 952 1072 1090 1140 1225 1310 
40 96 98 174 388 577 642 777 1161 1366 1396 
198 512 617 625 732 955 1247 
238 376 459 858 879 886 931 979 1139 1143 1284 
31 42 58 235 237 287 391 411 645 653 903 1170 1266 
30 159 180 190 230 361 366 584 713 1325 
1 38 46 321 422 562 652 808 957 1041 1052 1214 1333 1372 1406 
47 251 569 596 762 860 965 975 1020 1095 1117 1183 
239 340 491 622 977 1034 1043 1141 1150 1290 1354 1395 
184 197 240 326 365 380 563 694 737 780 841 865 885 887 1077 1236 1355 
177 221 227 416 501 629 637 698 783 1154 1263 1269 1310 1386 
268 712 998 1038 1190 1244 1280 1319 1349 1359 1411 
157 258 383 483 590 698 721 744 753 766 828 1181 1301 1356 
23 98 232 443 462 479 612 677 729 760 841 859 943 990 1032 1088 1283 1302 1317 
42 301 373 448 470 477 622 644 652 1039 
30 107 208 1109 1168 1227 1329 1413 
108 159 265 326 418 482 785 844 886 994 
16 174 374 627 653 836 1164 1254 1360 
17 255 256 447 503 539 547 728 787 831 843 852 893 1153 1195 
98 135 160 161 228 291 554 575 652 676 865 1052 1128 1348 1352 
28 86 167 199 424 434 524 772 911 1267 1387 
11 27 74 140 276 368 543 771 994 1032 1155 1366 
98 145 156 230 242 335 527 575 986 1194 1301 
88 441 605 807 1083 1208 1313 1395 
163 175 269 427 614 661 742 751 984 1187 1212 1304 1338 
314 513 568 647 655 842 1144 1146 1172 1304 1313 1353 1408 
233 331 701 1216 1309 
67 202 266 325 473 618 776 777 871 1033 1368 1371 1396 
57 79 248 290 300 338 586 596 867 1056 1202 1206 
227 367 414 430 474 672 1262 
120 185 302 379 430 492 598 752 924 1088 1225 1302 1398 
99 123 127 218 244 251 616 772 852 871 905 1065 1128 
130 183 383 704 711 826 840 1046 1056 1173 1196 
7 235 443 673 954 1013 1251 1274 
6 67 92 139 164 192 434 446 721 1038 1322 1384 
31 408 484 697 712 778 822 1116 1125 1355 1379 1401 
143 284 376 514 556 828 876 906 961 1023 1032 1048 1156 1205 1263 
295 302 344 389 495 801 1396 
26 75 238 303 689 981 1103 1208 
45 46 113 177 203 311 395 520 769 899 942 974 1031 1126 1399 
28 257 449 517 808 816 971 1146 1271 1286 
11 83 174 335 345 564 835 891 994 1013 1145 1298 1367 1426 
81 101 436 531 566 606 813 1102 1306 
142 385 552 610 760 782 920 1022 1052 1144 
13 99 374 435 465 659 820 1363 
204 206 331 399 510 528 696 776 791 881 975 1083 1354 
64 167 362 507 822 928 1203 
116 329 767 918 990 1248 1281 1402 
69 201 204 403 465 771 836 874 893 1092 1354 
110 117 282 554 651 806 837 974 1094 1105 1221 1267 1288 
99 159 370 478 1060 1163 1226 1301 
227 249 408 409 444 470 583 654 812 819 1013 1337 
134 183 479 614 637 655 808 1095 1115 1165 1222 1376 
5 21 136 342 468 470 484 531 817 899 931 981 1010 1047 1289 1411 
82 199 315 371 460 475 575 774 904 957 978 1045 1392 
318 370 399 413 599 744 912 915 1104 1207 1345 1369 
423 451 482 540 591 626 1057 1165 1264 
123 421 771 823 942 1143 
181 502 720 881 1101 1367 
223 775 1126 1379 1382 
229 234 244 319 581 756 826 885 1020 1102 1151 1214 
92 93 115 605 611 739 881 916 989 1050 1080 1249 1275 1301 1391 
1 84 150 183 356 402 764 1070 1124 1249 1286 1356 
42 68 647 711 982 1145 1306 
122 392 412 517 905 913 931 1047 1234 
38 119 232 430 556 602 674 693 829 843 1110 1116 1136 1238 
317 503 628 728 842 929 963 998 1253 1407 
78 413 577 712 765 802 814 1089 1136 1165 1211 1400 
11 47 140 187 261 370 397 816 861 1160 1237 1380 1401 1405 
285 393 646 744 814 938 1211 1262 
37 270 324 419 461 471 569 743 889 974 984 1000 1378 
46 113 241 288 302 332 451 460 670 756 1309 1337 1374 1395 
50 346 361 435 450 493 565 774 1221 1304 1343 
108 174 713 718 745 852 
32 516 532 618 689 773 860 1007 1011 1259 
99 117 534 548 564 586 671 914 1190 1255 
69 107 145 161 209 341 865 1007 1109 1282 1284 
98 173 267 268 340 567 597 599 732 763 1029 1110 1165 1231 
658 706 831 880 1074 1259 
269 334 358 647 655 701 715 1201 1268 
333 362 382 803 1110 1250 1315 
24 259 303 344 351 433 450 462 499 668 821 882 965 1027 1043 1284 
65 449 568 775 791 902 945 1064 
249 392 460 524 526 624 691 917 1015 1246 1364 1384 
103 520 852 1198 1269 
734 811 961 1050 1134 1150 1361 1395 1413 
344 423 427 624 935 1033 1075 1299 1326 1357 
158 648 730 737 883 903 923 1067 1073 
156 248 276 305 866 878 1027 1078 1272 1332 
72 95 146 229 432 553 633 740 745 862 
126 232 302 671 757 774 839 921 951 1060 1088 1164 1203 1267 1298 1366 1381 
120 227 278 297 372 393 430 432 535 964 1062 1247 
6 88 449 526 554 559 618 666 768 897 902 1364 
28 220 246 515 632 727 771 827 852 931 1125 1217 1273 1381 
136 198 272 377 406 669 861 869 900 917 942 1122 1139 
123 408 585 644 844 885 1058 1132 1257 1291 1376 1412 
164 200 433 491 902 1248 
225 307 314 611 721 733 849 1244 1301 1338 1366 
51 121 202 217 329 393 655 707 805 992 1158 1319 1338 1423 
222 228 429 675 1125 1143 
27 251 289 365 392 431 590 615 908 1021 1024 1134 1251 
87 149 236 272 533 545 604 678 867 899 928 934 965 1084 1161 1251 1358 
284 655 748 886 1113 1140 
395 435 542 609 633 785 913 965 968 1111 1118 1174 
56 80 164 391 719 975 1087 1330 
171 414 432 486 648 751 844 951 1065 1073 1132 1211 1276 
22 97 161 243 265 543 651 673 787 1150 
484 528 584 597 641 686 1146 1282 
12 229 491 492 517 857 983 1231 1253 1334 1362 1371 1377 1412 
68 139 168 260 317 378 608 875 891 1156 1160 1327 
115 218 335 353 367 539 638 806 920 967 1057 1196 1236 1315 1420 
159 355 521 553 719 980 1011 1045 1201 1326 1410 1421 
85 194 387 475 487 591 676 691 713 890 960 963 1017 1277 1289 
72 409 487 591 660 718 839 960 1129 1207 1410 1411 
27 212 451 542 595 815 960 972 1233 1302 
60 206 701 713 755 899 1061 1121 1399 
151 219 416 779 797 918 920 1028 1101 1302 
55 112 130 183 223 333 516 538 617 837 983 1037 1052 1185 1339 
115 637 678 711 850 1070 1238 1280 
350 370 519 579 640 810 1211 1215 1279 1398 
145 155 184 460 655 841 908 1224 1421 
513 577 655 656 736 990 1285 1300 
145 237 279 333 342 361 389 565 575 781 881 956 972 1115 1127 1217 1249 1290 1298 1397 
132 335 362 437 508 679 700 767 791 990 1026 1096 1321 
65 67 397 445 518 598 599 673 751 756 811 990 1035 1126 1168 1399 
278 540 584 618 846 995 1048 1069 1397 
72 77 533 915 922 1019 1076 1079 1196 1213 1277 
370 614 629 650 875 900 1207 1278 1305 1351 
205 234 425 620 763 847 896 914 1203 
130 313 329 502 842 881 910 1035 1056 1135 1199 1315 
143 160 185 214 233 293 621 638 831 
6 20 36 60 80 181 196 275 367 424 517 596 613 686 835 878 1001 1093 1100 1296 1358 
215 221 297 558 589 624 697 768 857 1123 1189 1294 
68 153 235 342 381 551 799 832 840 1374 1409 
80 166 178 275 325 351 404 500 545 694 727 1274 1302 1316 
33 203 210 236 282 305 306 327 415 562 704 834 1013 1215 1234 1353 1367 
12 13 21 111 190 199 379 472 905 964 1063 1135 1199 
172 243 453 496 978 1235 1370 1380 1411 
42 143 172 370 419 443 487 510 609 639 1180 1236 1310 1389 1418 
189 330 503 580 595 726 841 873 874 885 1066 1239 1361 1395 
7 25 498 527 768 801 834 850 1031 1198 1267 1424 
91 103 120 286 352 418 463 619 1137 1221 1294 1336 1413 
132 256 370 490 582 889 
63 718 946 1091 1399 
39 341 630 665 745 804 853 1174 1346 
57 83 91 162 164 222 259 399 462 537 541 542 586 608 625 758 1152 1154 1159 1227 1392 
48 117 242 544 559 599 743 986 1021 1032 1149 1192 1309 1321 1373 
49 57 103 242 263 462 471 782 884 1361 1380 
401 519 536 610 650 825 840 890 1089 1127 1194 1274 1411 
10 173 424 486 531 595 599 964 977 1059 1135 1284 
44 162 549 556 737 909 1005 1017 1132 1280 1308 
126 261 362 363 600 703 815 945 1047 1108 1151 1222 
4 53 173 228 343 349 372 421 432 528 633 707 901 1197 1224 
453 709 986 1019 1131 1218 
39 223 280 303 480 505 674 676 677 1137 1160 1207 
79 454 550 706 1089 1141 1157 1286 1306 
239 320 470 556 580 807 1002 1072 1159 1224 1251 1261 1414 
35 71 130 330 527 661 1074 1095 1097 1192 
156 159 162 365 524 605 681 721 902 977 1030 1190 
29 96 175 236 338 496 691 853 923 1104 1206 1219 1353 
397 489 578 611 630 701 709 752 795 887 909 959 1004 1277 
46 150 206 435 504 626 712 749 919 1112 1159 1184 
27 53 57 112 220 328 352 524 732 770 1076 1313 
482 493 524 552 672 695 729 893 1012 1016 1038 1338 1373 
68 157 264 269 319 400 485 688 978 1033 1151 1186 1254 1298 1319 
16 147 244 335 525 546 783 971 1234 1284 1288 1300 1319 1350 
165 234 246 265 480 513 651 705 804 807 843 1075 1209 1379 
43 139 313 544 774 846 886 1042 1166 1271 1394 
125 174 193 280 397 549 606 705 733 763 875 886 1226 1298 
94 159 319 379 454 724 767 860 1075 1288 
10 266 529 547 847 889 1006 1019 1368 1414 
155 207 216 292 534 781 989 1019 1264 
118 236 512 590 851 870 1010 
5 42 53 178 179 307 334 422 542 558 879 919 1089 1167 1322 
80 316 468 490 806 860 1171 1350 
20 34 119 398 428 471 840 851 921 924 
65 153 315 723 763 775 800 803 861 865 1078 1088 1140 1339 1397 
4 15 24 69 113 150 176 225 357 415 444 529 535 814 848 1019 1072 1274 1296 1317 1375 1419 
91 185 268 790 848 915 1083 1095 1251 1289 
176 334 511 552 835 875 942 944 959 1185 1254 
143 313 361 471 525 591 623 922 941 995 
67 659 727 766 776 1292 1298 1316 1389 
34 92 304 837 851 897 1031 1065 1087 1107 1112 1279 
241 308 336 385 514 618 735 839 1038 1269 1353 1357 
5 127 134 271 370 388 726 1011 1017 1176 1193 1284 1327 1424 
340 420 454 610 621 855 933 1022 1056 1175 1198 
451 501 821 848 867 1074 1210 1237 
118 181 353 421 686 745 758 1324 
19 456 579 692 809 864 1000 1017 1060 1159 1224 1253 1265 1335 1362 
142 343 344 363 404 461 631 835 951 987 1033 1104 1340 1386 
1 5 21 191 386 449 580 735 1210 1245 1310 
2 185 252 714 731 803 970 
110 265 722 854 987 1041 1102 1193 1349 1424 
41 228 834 856 1051 1053 1231 1254 1357 
202 596 859 1000 1027 1106 1126 
61 319 330 354 694 966 1377 1391 
180 398 401 433 501 601 786 1039 1189 1191 1252 
25 128 214 783 796 805 836 883 942 1090 1112 1186 1238 1291 
42 129 144 259 336 380 446 500 765 838 882 1214 1309 
363 539 672 679 769 1217 1315 
97 498 567 586 642 838 850 886 1049 1074 1227 1379 1419 
87 518 535 569 608 652 1077 1181 1253 1261 
89 98 278 340 439 638 673 689 726 797 954 980 1317 1397 1403 
133 300 521 602 864 1035 1124 1263 1333 
74 79 140 230 430 632 700 756 762 829 861 1014 1029 1051 1220 1256 1337 
39 102 145 384 486 504 637 738 945 1000 1159 1229 1260 1373 1418 
96 150 474 833 1288 
12 163 194 248 321 407 454 524 579 869 998 1005 1111 1230 1282 1365 1366 
237 255 350 367 802 838 1089 1143 1408 
90 352 923 1077 1198 1321 1328 1345 1417 
28 135 511 690 760 878 904 1022 1049 1125 1302 
288 338 391 479 551 854 867 889 949 1032 1166 1246 1269 
77 206 273 435 491 492 559 690 725 850 1063 1290 1303 1355 
370 899 988 1168 1422 
122 731 732 764 910 993 1092 
105 145 276 782 822 862 955 968 1009 1068 1165 1251 
44 493 518 528 697 755 858 996 1092 1157 1311 
86 216 263 264 280 287 341 386 407 510 573 940 1125 1318 1327 1336 1398 
19 22 222 456 486 920 1065 1150 1241 1361 1385 1408 
132 409 503 628 685 716 736 767 813 828 851 930 1014 1041 1053 1165 1351 
95 307 434 456 503 525 528 649 788 1211 1264 1296 1298 1425 1426 
18 82 172 283 530 659 745 874 1125 1158 1186 
62 355 575 628 681 714 876 925 1081 1317 
64 134 444 582 654 954 1014 1020 1142 1179 1190 1359 
116 150 201 252 630 684 698 717 780 835 937 1012 1066 1067 1155 1160 1233 1256 1318 
42 154 238 480 659 1127 1129 1199 1261 1280 
402 440 537 809 976 1357 1362 
238 294 372 421 547 670 1013 1155 1174 1263 1310 1332 1394 
17 170 179 717 877 1403 
101 211 217 488 524 580 680 685 745 796 829 900 920 963 1132 1194 1257 1313 
43 482 517 689 885 903 1118 1192 1207 
127 193 286 422 527 564 704 715 832 878 1069 1252 1412 
22 65 159 258 265 293 313 440 476 539 844 913 999 1015 1393 1409 
154 223 241 254 287 348 392 620 814 905 1011 1069 1249 
15 29 41 127 138 196 510 671 1032 1042 1086 1216 
332 358 403 431 506 652 701 796 843 948 994 1171 1214 1290 1421 
43 369 479 1013 1142 1242 1395 
99 410 659 1152 1210 
1 24 41 381 496 749 791 831 863 1219 1311 
121 182 363 406 453 471 504 562 930 936 1283 
9 229 316 520 747 833 880 1069 1096 1168 1220 1285 
288 317 322 349 507 612 634 708 1057 1255 1320 1327 1336 
245 509 564 1051 1097 1241 1391 
166 224 311 328 387 393 882 973 1035 1114 1203 1354 
193 261 559 849 856 1009 1050 
7 36 75 191 237 462 465 511 758 866 904 1069 1105 1279 
188 381 524 869 926 969 982 1185 1205 1341 
71 335 435 540 1010 1165 
232 396 646 800 831 920 1068 1083 1168 1207 1333 1345 1374 1396 
213 267 445 598 601 720 1011 1019 1256 
389 506 635 786 796 917 927 1237 1353 1386 1408 
17 232 319 523 539 603 941 976 1135 1158 1199 
54 106 336 568 761 1120 1125 1188 1308 1400 
10 173 175 472 583 692 719 723 782 827 1033 1145 1226 1372 
249 280 468 482 531 651 696 759 807 841 930 986 1054 1061 1228 
37 105 207 620 1218 1409 
100 134 172 366 629 839 1049 1087 1268 
139 178 352 644 732 752 888 903 982 1206 1218 1243 1263 
2 57 77 180 389 431 497 584 793 887 1293 
4 105 296 489 509 581 816 825 840 1117 1280 
71 119 159 264 341 517 644 872 1092 1286 1304 1347 1371 1412 
159 345 370 498 921 1078 1160 1228 1285 
299 371 486 1066 1188 1209 1254 
51 128 169 200 380 579 695 700 1072 1140 1210 
69 94 265 312 341 362 741 802 936 1058 1278 1293 
172 246 393 474 636 639 647 702 733 1014 1295 1365 1396 1405 
70 84 114 174 237 250 383 654 732 993 1090 1211 1296 
51 95 105 207 226 448 627 772 947 1357 1411 
18 77 104 173 210 276 314 404 442 458 644 772 1132 1200 
317 318 466 484 722 1167 1219 1284 1374 
211 599 841 879 1176 1314 1386 1415 
38 58 80 97 194 228 240 269 506 527 763 793 820 1020 1027 1045 1073 1263 1280 
11 157 283 316 428 485 545 633 1091 
138 294 375 385 393 398 580 614 660 748 806 864 1254 1279 
28 35 107 308 383 396 705 788 870 993 1041 1258 1267 1306 1365 
87 138 430 602 645 719 805 826 857 987 1072 1080 1140 1216 1219 1275 1343 
50 182 253 268 404 431 458 477 481 499 500 768 791 915 1006 1018 1024 1058 1267 1339 
41 209 500 894 950 1002 1072 1158 1243 1391 
740 743 782 814 829 984 1083 1309 1411 1416 
59 191 263 457 670 755 1178 1207 1323 1332 1357 1366 
52 187 314 423 560 600 604 616 699 761 1275 1278 1337 
2 30 208 241 370 492 652 684 759 764 835 840 1127 1355 
67 79 204 240 339 403 536 727 757 906 947 959 1122 1141 1186 1260 1309 1373 
79 112 186 242 250 707 940 986 1053 
41 147 176 837 963 1112 1155 
72 705 988 1060 1125 1134 1163 1329 
18 150 220 360 523 720 754 832 876 931 973 1109 1282 1296 1307 1343 1344 
81 161 176 471 693 925 1176 1275 1369 
276 730 809 1065 1161 1204 1287 
60 117 162 460 1153 1399 
11 192 319 473 738 749 888 932 1182 1233 1424 
50 120 450 606 658 723 801 824 869 880 892 910 951 964 988 1043 1082 1117 1146 1251 1323 
43 454 469 613 840 903 1147 1278 1317 
26 50 132 341 350 408 542 578 698 819 830 901 1128 1185 1186 1246 1248 1304 1336 1370 1375 1403 
321 329 412 485 503 581 727 820 834 1043 1121 1175 1424 
215 243 312 444 533 780 849 862 955 993 994 1003 1056 1073 
339 478 709 848 916 921 980 1291 1301 1329 1378 
69 218 339 398 491 533 935 1045 1111 1188 1192 1210 
107 129 179 288 392 533 722 827 882 890 1121 1196 1221 
35 137 167 480 497 705 710 1019 1076 1110 1332 1403 1405 
163 297 502 578 751 1203 1374 
608 787 795 809 891 1012 1035 1082 1306 1312 1316 1378 1391 
60 126 537 601 726 728 749 789 1218 1267 1317 
244 301 333 720 843 1068 1069 1377 
163 196 248 256 300 358 807 976 986 1073 1260 1349 
157 298 379 603 660 979 1077 1361 
276 304 343 348 598 608 716 1022 1183 1257 
6 29 33 87 195 486 510 566 779 781 824 857 888 1180 1182 1315 
54 80 130 356 864 881 1047 1263 1376 1415 
73 78 87 102 276 543 707 735 784 830 1011 1079 1106 1314 
48 272 361 417 453 581 609 693 822 967 1015 1050 1053 1081 1115 1116 1212 1226 1320 1344 
153 589 591 
19 137 171 462 491 538 974 1021 1158 1175 1213 1234 1334 1375 1378 1421 
181 567 632 749 894 1197 1205 1228 
121 310 321 358 368 444 666 689 879 893 1001 1031 1043 1335 1348 
8 388 513 574 727 790 940 1001 1010 1078 1232 1272 1364 1378 1409 
173 177 542 642 829 851 938 944 1295 1358 1418 
23 81 98 189 197 272 424 633 829 1028 1116 1312 1318 
111 269 361 379 414 511 595 1058 1125 1191 1257 
121 205 313 389 391 603 672 946 1088 1123 1139 1218 1237 1313 
38 119 253 293 659 781 878 896 992 1171 1241 1287 
26 76 502 583 642 849 935 952 1001 1132 1169 
30 211 271 405 458 494 539 614 706 747 924 1024 1049 1239 1327 
644 719 789 820 969 1036 1199 
225 277 530 737 868 1114 1359 1373 1405 
102 271 356 360 411 514 610 864 899 946 949 
32 154 305 318 545 547 653 664 678 731 824 835 836 980 1005 1041 1180 1273 1282 1387 
7 145 231 283 284 378 457 534 701 928 1065 1223 1267 1328 1330 1356 
204 477 531 662 688 837 1187 1380 
160 210 620 764 776 1066 1114 1406 
57 302 325 342 532 539 675 723 994 997 1032 1054 1195 1368 1420 
150 288 302 319 356 678 761 837 1025 1093 
93 354 411 442 497 721 766 1139 1191 1197 1381 
390 414 446 540 765 958 
262 384 452 491 494 726 958 1090 1112 1119 1207 1245 1264 1419 
123 315 332 570 601 722 950 1146 1393 
52 203 235 321 458 610 776 958 984 1144 1231 1306 
42 286 598 685 770 771 1024 1110 1171 1262 
323 603 607 823 878 972 1115 1261 1321 1371 1402 
175 314 452 492 522 770 917 1046 1130 1137 1380 
21 353 483 490 632 654 702 836 861 1144 1223 1276 1297 1344 
90 131 437 628 665 682 757 857 942 1061 1256 
61 320 391 413 476 537 711 731 741 832 900 1078 1110 1159 1195 1230 1237 1258 1409 
62 252 255 357 571 648 677 714 760 939 986 1044 1155 1195 1204 1347 
3 127 128 314 555 632 670 709 779 1161 1277 1284 
49 78 146 332 548 731 854 1108 1189 1224 1363 1396 
240 591 731 1213 1267 
98 518 563 581 681 713 946 984 1061 1180 1420 
142 173 363 365 472 513 560 661 673 694 847 854 872 900 967 988 1067 1181 1199 1268 1387 
9 213 231 243 397 445 681 733 775 1156 1235 1332 1349 1377 
78 202 270 286 306 317 392 542 973 1054 1332 1339 
185 249 263 280 318 466 667 781 862 1100 1123 1219 1424 
141 172 177 570 593 705 721 724 725 1166 1314 
8 295 297 381 456 541 593 636 645 799 803 914 1067 1240 1407 
120 377 476 547 644 728 823 951 1146 1236 1361 
464 1301 1426 
39 360 562 569 688 769 855 954 1326 
128 159 166 217 263 500 598 870 881 1028 1063 1084 1209 1220 1250 
148 149 319 335 388 466 529 703 1272 1423 
89 132 256 584 669 775 832 878 897 960 1000 1116 1137 1298 1406 
258 303 440 918 1049 1078 1189 
72 142 156 369 468 657 881 913 1150 1189 1375 
136 281 309 643 721 873 914 947 1109 1357 1408 
51 68 221 248 259 330 349 403 1202 1394 
295 449 525 657 829 843 1064 1136 1231 1320 1336 
251 391 434 448 777 838 865 1199 
28 143 296 452 468 523 566 600 608 789 
107 119 273 322 755 822 873 1192 1240 1266 1327 1399 
110 253 619 701 774 878 984 
51 105 174 481 652 884 1254 1362 
114 227 261 346 540 617 669 681 692 949 1027 1206 1282 
139 156 801 816 983 1257 1368 1403 
4 177 403 484 503 679 875 1059 
130 409 539 636 814 1028 1053 1112 1137 1250 1308 1357 
172 199 253 264 391 1038 1124 1193 1220 1245 1326 
86 100 114 209 277 287 345 665 798 822 848 1176 1198 1325 1357 
111 494 595 658 746 881 903 1039 1079 1129 1167 1265 1296 1402 
73 156 372 439 450 503 583 798 833 1225 1325 1360 
15 56 77 115 226 241 469 661 720 775 1112 1134 1152 1167 1364 1383 
17 199 329 524 566 624 892 1308 
44 103 237 633 660 774 941 1147 1249 1322 
4 34 132 144 151 265 392 422 589 722 1122 1168 1273 
107 118 215 631 659 710 885 1009 1110 1373 
18 35 99 318 386 583 769 1236 1296 
44 61 106 153 176 245 456 507 547 555 650 816 821 830 847 860 876 894 1294 
93 441 593 660 708 785 828 884 1062 1198 1243 1288 1409 
6 17 446 577 712 864 894 962 1016 1062 1106 1209 1277 1284 1293 1341 1412 
49 203 391 560 711 965 997 1046 
85 291 373 426 502 548 598 847 994 1280 1352 
7 83 130 241 334 471 511 519 655 1197 1266 1307 1368 1369 
139 160 161 223 418 578 735 762 1033 1048 1055 1198 1211 1256 1288 
91 125 356 541 716 718 815 858 925 940 1190 1195 1382 
81 400 427 436 472 716 792 1121 1259 1284 1339 1350 1359 1383 1407 1413 
67 99 399 410 646 647 961 1120 1357 
44 203 347 453 1010 1094 1155 1169 1191 
295 433 451 469 546 747 759 851 996 1027 1028 1181 1413 
312 438 461 555 728 738 757 893 921 1001 1057 
7 31 75 77 116 246 307 378 406 424 560 708 715 836 908 964 1024 1132 1172 1328 
142 380 406 744 1187 1258 
47 198 273 287 371 414 1289 
107 153 302 495 686 723 842 1381 
234 254 388 603 674 869 
201 501 550 686 699 730 1015 1037 1119 1198 1238 1336 1341 1408 
422 526 594 632 657 934 1069 1140 1148 1162 1384 
190 271 278 389 544 576 801 920 1040 1354 1371 1393 
78 84 255 688 882 885 983 1005 1112 1125 1143 1326 1366 1390 
57 181 279 340 365 395 482 764 886 1013 1152 1157 1320 1327 1359 1365 
63 130 341 345 575 629 915 1142 1364 1380 1394 
24 77 338 397 485 680 862 977 1044 1209 1263 
177 247 330 368 599 653 1070 1347 
204 354 681 702 745 880 1158 1425 
272 309 557 694 872 1060 1064 1369 1421 
59 362 424 461 502 617 655 800 828 953 1046 1243 1357 
15 65 195 286 361 370 771 822 846 872 943 1088 1148 1213 1236 1260 
196 198 200 291 637 650 990 1302 1318 1409 
40 95 285 845 973 1009 1043 1145 1324 1397 
291 539 680 851 895 1041 1141 1143 1150 1168 1294 1358 
139 231 313 576 608 614 629 1206 
49 85 169 177 495 581 861 966 970 1190 1199 1204 1354 1389 
41 246 260 350 754 756 891 1043 1187 
512 732 837 858 868 1084 1194 
16 72 110 201 555 627 791 893 1033 1158 1339 1384 1414 
416 519 670 750 783 838 1023 1195 1249 1405 
27 155 183 251 446 587 643 828 914 961 1268 
28 122 128 132 346 459 555 570 732 838 1003 1195 1311 1379 1423 
36 42 523 545 956 1107 1255 
69 229 265 477 576 654 828 847 880 960 965 1019 1168 1327 1377 
45 428 489 553 652 1023 1219 1293 1311 1412 
68 82 171 402 535 545 633 683 837 846 1028 1046 1346 
12 213 349 359 385 419 431 
309 567 605 667 680 860 935 1026 
27 33 96 251 498 901 1063 1168 
82 464 503 1004 1349 
35 39 53 197 231 430 826 868 895 1182 1276 1386 
31 105 149 277 286 295 297 336 421 598 845 911 955 989 1077 1278 1315 1420 
61 79 169 446 448 556 612 657 752 954 980 1177 1202 1327 1349 1391 
100 244 493 530 770 874 1131 1201 1214 1385 
5 31 155 244 275 313 363 419 447 638 750 763 1242 1246 
84 192 340 432 1017 1051 1057 1138 1200 1338 1345 1390 
164 346 964 1056 1241 1314 1358 1410 1424 
109 116 191 231 236 272 430 672 826 895 1082 1353 
171 245 355 423 650 673 702 824 1095 1328 1374 
122 195 246 252 315 324 330 374 375 460 565 763 966 1050 1061 1065 1297 1376 
207 414 425 594 689 746 754 792 845 928 1171 1332 1421 
207 262 307 359 436 717 733 848 849 993 1240 1313 
313 670 686 705 820 880 1112 
251 527 638 961 1229 1372 1390 1408 
23 40 208 217 411 439 654 812 819 932 949 1146 1185 
163 190 472 632 677 920 970 994 1084 1093 1111 1142 1146 1353 
36 293 309 391 415 598 764 791 802 805 988 1077 
83 182 200 252 324 444 583 608 657 695 696 743 835 840 873 947 1112 1174 1213 1300 
165 184 231 257 358 372 672 688 763 881 899 920 1227 1229 1267 1299 1321 1392 
271 293 397 457 509 617 627 896 954 1070 1384 
512 610 665 721 738 996 1023 1169 1345 1407 
585 619 756 970 997 
116 153 172 514 519 572 673 1062 1064 1156 1343 
239 420 510 558 568 603 660 705 829 880 899 1103 1251 
27 100 127 311 396 427 576 705 719 776 1193 1407 
45 64 77 123 150 260 428 496 561 663 707 710 799 807 854 1264 1377 
111 150 198 302 577 579 587 744 801 803 
76 186 202 277 319 469 492 562 635 975 1016 1161 1292 1299 1328 
80 294 363 411 512 527 554 638 660 671 829 1058 1272 
67 76 142 305 388 392 499 518 633 649 871 1115 1154 1426 
404 445 508 779 856 976 1121 1173 
68 90 397 444 545 614 682 743 943 1117 1131 1327 1343 
395 474 484 611 1004 1197 1265 1382 
137 185 208 274 794 813 822 1354 
38 180 504 546 792 807 925 1010 1195 
144 211 328 507 549 727 763 767 805 877 1182 1372 
13 44 119 254 373 556 557 565 675 754 823 982 1085 1128 1285 1303 1421 
2 144 210 214 302 476 623 674 700 823 1157 1171 
130 368 497 519 579 591 1013 1111 1279 1288 
42 88 113 280 294 551 554 561 598 695 774 795 892 1088 1301 1313 
38 143 397 410 452 463 472 994 1030 1220 1265 1270 1330 
45 81 227 523 538 903 905 1012 1303 1324 
66 211 263 323 571 590 724 727 837 915 1072 1189 1396 
45 155 238 308 564 735 943 1056 1223 
68 105 369 572 623 842 1112 1132 1145 1165 1203 
164 360 487 511 654 686 720 
81 224 272 382 595 770 799 863 993 1197 1250 1359 
43 126 240 298 392 573 863 915 1218 1294 1331 
31 114 227 386 453 548 553 763 809 1350 1360 1387 
11 116 248 447 473 555 583 719 797 1100 
8 357 468 594 674 730 787 1131 1412 1419 
270 617 858 859 959 1095 1105 1127 1283 1345 
338 567 582 652 687 704 765 870 892 911 1172 
5 126 298 388 398 455 555 744 873 997 1006 1016 1046 1131 1148 1178 1206 1345 1418 
110 358 467 624 1081 1112 1185 
66 132 407 480 565 590 932 1245 1274 
55 91 329 703 799 812 916 943 956 1063 1138 1179 1371 
129 174 229 232 253 317 370 473 586 625 670 780 941 945 1026 1259 1403 
6 57 102 152 156 551 653 736 864 1007 1034 1112 1271 1378 1388 1393 
206 273 406 410 841 874 982 1291 1353 
180 639 727 790 792 897 908 1006 1049 1080 1118 1123 1188 
76 228 283 337 518 741 746 829 865 986 1165 1382 
278 322 427 518 600 815 871 936 1185 1282 1333 1346 1376 
58 62 339 488 506 547 558 751 1007 1009 1019 1105 1129 1341 
153 264 345 415 601 665 763 1126 1190 1328 
26 55 171 607 847 1031 1056 1065 1222 1379 
467 510 589 610 699 717 738 747 881 965 1076 1177 1197 1329 
39 158 171 254 369 382 552 649 693 880 898 
123 457 619 670 789 805 824 835 879 976 991 1053 1298 1361 1414 
44 263 326 424 437 440 501 508 687 736 740 755 830 878 911 1180 
89 139 188 460 577 622 677 784 905 941 1264 1275 
75 194 238 291 296 466 576 1108 1283 
36 86 127 135 268 282 360 526 748 764 1258 1280 
13 166 352 371 388 439 474 518 609 761 784 942 1030 1034 1053 1058 1090 1147 1302 
77 105 229 382 395 481 546 547 579 785 964 977 1137 1408 
185 388 539 637 1080 1104 1128 1209 
98 114 170 172 178 220 329 636 669 686 970 977 1032 1099 1116 1273 1278 1392 
154 206 449 521 549 590 902 978 1103 1180 1191 1251 
491 527 677 1008 1022 1179 1311 
74 145 153 274 420 488 680 798 907 1008 1088 1110 1216 1219 1278 1357 1365 
232 261 670 758 851 864 1003 1031 1038 1184 1315 1325 1368 1399 
16 397 427 542 693 775 800 1133 1415 
81 163 242 294 342 656 692 763 765 917 1366 
266 274 318 795 812 819 1032 1051 1207 1362 
149 218 238 507 699 831 941 962 1048 1184 1424 
242 269 471 561 738 872 1003 1117 1127 1225 1417 
372 879 1072 1125 1319 
21 180 246 297 355 418 432 480 494 592 704 830 835 1216 1281 
2 7 50 73 130 160 210 355 372 473 506 608 721 727 911 1134 1223 1374 
49 250 287 531 672 810 963 1053 1058 1197 1405 
461 471 475 537 889 1018 1033 1197 
33 41 180 200 250 327 383 466 609 636 671 755 853 1128 1189 
40 62 266 370 433 589 624 960 1370 
148 162 302 309 410 443 515 612 853 882 1224 1327 1402 1415 
139 288 415 661 977 997 1003 1252 1416 1420 1423 
47 53 169 227 891 949 1029 1214 1351 
143 479 499 776 872 917 962 1018 1032 1077 1083 1386 1395 
23 121 176 294 371 529 539 934 1396 
8 311 508 593 670 1040 1140 1228 1230 1265 1381 1425 
23 26 108 109 219 292 399 813 864 881 900 942 1228 1269 1381 1388 
4 37 108 434 971 1117 1285 1403 
66 163 297 443 482 611 740 966 982 1046 1188 1373 
192 276 281 454 507 732 741 802 963 1056 1277 
58 113 434 505 557 655 786 854 859 993 1181 1385 
253 372 374 440 675 868 
11 195 239 286 462 473 629 718 894 908 925 1319 1399 1426 
76 94 205 346 426 495 739 975 997 1171 
144 354 540 552 1055 1082 1255 1259 
87 164 218 324 422 489 495 597 608 627 783 827 830 1104 1123 1191 1253 1306 
112 149 204 343 469 554 640 675 775 923 1073 1142 1396 
16 135 267 305 505 559 1019 1081 1115 1125 
47 221 329 378 466 538 588 921 1084 
36 68 85 266 289 379 409 554 701 939 1033 1140 1233 1305 1314 1402 1411 1420 
73 180 219 264 327 601 666 770 846 917 978 1037 1228 1369 
11 128 625 1001 1027 1134 1222 1311 
52 629 1102 1103 1201 
37 250 267 425 480 706 822 932 1014 1068 1358 
445 940 1111 1211 1304 1407 1415 
109 229 278 355 598 618 633 960 997 1215 1331 
65 95 258 382 432 443 472 665 979 1004 1019 1144 1179 1287 
268 290 669 826 867 928 1131 1226 
43 85 93 156 187 564 1079 1229 
15 123 480 782 909 1057 1176 1214 1274 1310 
139 209 331 465 676 700 809 1177 1255 1284 1357 
298 618 643 874 988 1113 1230 1388 1407 
34 64 347 351 603 1026 1028 1050 1064 1192 1277 
57 63 161 216 233 448 695 1014 1174 
224 235 722 924 1016 1068 1198 1206 1247 1388 
114 141 169 173 204 245 378 596 662 694 770 929 1022 1106 1132 1153 1199 
39 43 184 559 630 759 869 882 896 982 
117 144 418 436 473 558 576 720 885 911 1179 1182 
64 101 125 156 181 196 198 340 392 792 843 855 868 999 1112 1207 1217 1372 
53 73 240 558 695 978 1161 1257 1263 1407 
25 379 461 530 584 869 1055 1236 
138 281 522 698 704 726 988 1138 1179 1269 1298 1314 1412 1425 
646 661 741 829 1158 
118 258 614 1025 1091 1410 
17 173 257 367 590 704 749 826 907 1307 
656 714 1117 1190 1406 
256 469 484 568 670 733 1028 1215 
61 319 379 700 1161 1205 1281 
50 178 213 356 791 1058 1131 1132 1136 1162 1334 1340 
49 137 332 343 412 581 602 735 814 831 1063 1139 1212 
352 381 594 674 813 1169 1219 1330 1419 
140 144 248 319 501 804 868 1256 1263 1266 1283 
158 264 315 385 433 1317 
148 712 713 715 
29 187 335 363 539 558 661 863 1091 1105 1112 1332 
2 51 147 321 340 366 491 492 493 738 805 904 930 1328 
184 209 307 415 464 772 802 825 1051 1344 1399 1405 
335 765 896 908 971 994 1174 1217 1238 1326 1361 
179 224 445 491 608 663 901 914 1008 1247 1401 
1 61 245 470 515 528 670 776 818 886 1186 1201 1222 
69 294 355 386 460 480 482 766 805 878 1027 1066 1081 
111 202 212 574 797 821 913 996 
2 121 264 343 376 489 689 727 1117 1214 1330 1355 1359 1366 
91 297 316 482 594 975 1051 1212 1387 
625 702 1143 1218 
19 101 333 570 797 827 833 888 1113 1180 1314 1330 1415 
229 321 419 544 912 962 1091 1184 1211 
127 493 501 717 973 1042 1258 1264 1423 
23 33 348 622 665 729 794 972 977 999 1093 1106 1265 
110 141 340 418 428 449 691 993 
73 104 267 386 424 483 839 918 968 1378 
304 605 630 683 842 880 993 997 1381 
95 387 528 537 787 886 888 906 973 1178 1251 1384 1400 1407 
45 201 203 433 516 543 889 925 944 1081 1165 
7 50 54 360 374 382 684 931 1065 1151 1165 1310 
134 490 581 675 705 814 1101 1109 1132 1200 1210 1295 
330 417 432 1159 1296 
442 625 636 848 871 913 941 1008 
11 84 487 496 750 784 987 1012 1168 1232 1415 
161 314 359 403 449 657 715 726 747 1068 1084 1113 1154 1193 1253 1278 1279 
987 
69 70 220 339 401 525 532 633 662 683 722 873 1015 1075 1083 1247 1318 
165 180 203 568 571 654 983 985 1258 1276 1363 
17 232 592 664 670 727 828 936 946 1006 1148 1207 1385 
116 203 274 302 336 440 550 813 1238 1249 1339 
39 95 160 230 392 426 500 502 503 793 1065 1139 1227 1360 
55 239 283 334 367 880 1340 
168 185 186 194 477 699 1190 1287 1288 1312 1410 
18 69 200 237 263 265 593 645 653 674 823 858 915 974 976 1155 1195 
8 41 366 395 400 420 614 674 709 767 827 852 962 1038 
151 234 504 559 1069 1076 
28 118 152 196 595 774 832 966 1024 1154 1361 
21 216 292 318 709 766 833 865 906 918 930 976 1116 1123 1256 1317 1414 
114 390 445 586 1078 1187 1247 1293 1298 
52 611 943 973 1216 
151 206 213 375 449 567 573 584 738 1086 1194 1409 
26 129 162 360 368 510 693 694 700 775 926 1223 
141 146 172 535 656 1153 1155 1182 1362 
120 674 803 892 897 906 1041 1107 1176 1187 1243 
11 161 219 305 539 811 844 931 
63 348 529 586 705 784 
81 118 176 343 549 655 865 872 988 1091 1115 1251 1333 
130 453 455 870 875 1018 1339 
76 155 176 188 264 296 364 890 891 963 982 1053 1424 
83 129 352 594 623 761 794 875 1123 1191 1199 1286 1297 
2 34 51 103 432 551 626 694 773 846 1045 1129 1179 1229 1376 
79 244 246 269 453 490 563 612 628 688 1059 1348 1383 1397 
348 542 603 680 853 983 1246 1360 
192 270 357 412 420 430 514 606 615 785 850 1082 1179 1247 1258 1349 
102 583 598 602 644 928 938 1133 1195 1218 1320 1383 
30 117 201 287 462 611 689 781 986 1062 1069 1214 1284 
18 284 542 765 839 865 939 1054 1389 
63 323 376 491 529 563 567 817 1035 1072 1239 1359 1390 
7 344 366 369 655 902 908 1007 1080 1408 
90 104 108 135 309 505 532 549 550 556 628 678 805 875 922 931 1207 
386 439 602 650 1083 1107 1222 1271 1276 1300 
25 60 264 302 479 525 691 1197 1213 1295 
272 422 564 589 685 890 940 
326 415 801 806 832 1050 1243 
140 157 246 479 655 701 716 776 996 1069 1152 
177 246 292 322 710 948 1050 1091 1183 1186 1309 1366 
27 40 110 146 161 185 288 359 363 502 809 869 937 1033 1048 1409 
195 460 467 573 650 749 774 926 965 1058 1305 1346 1411 
10 25 141 495 696 736 752 774 807 937 951 1071 1115 
9 205 302 306 456 583 907 1080 1382 
2 116 239 317 370 537 852 885 
107 418 519 561 693 877 892 1090 1323 1332 
147 216 392 400 415 525 590 613 709 888 895 908 1038 1119 1169 1272 
216 220 263 406 465 543 568 632 769 800 902 924 1026 1105 1118 1255 1315 1326 
188 281 371 387 870 885 1156 1294 
98 156 325 361 503 508 582 622 680 1017 1047 1075 1129 1223 
39 290 319 702 1275 
249 496 781 925 1399 
123 231 390 413 542 562 753 892 994 1032 1054 1140 1186 1267 1399 
97 207 393 575 755 1051 1342 1344 1361 
42 184 200 204 783 910 1281 1306 
17 199 215 219 332 385 571 598 653 705 795 1003 1138 1174 1187 1244 1278 1376 
77 84 165 205 546 613 972 1292 1397 
16 132 215 234 272 301 362 369 387 460 670 673 693 794 798 1078 
41 329 722 787 1055 1167 1250 1294 1340 
433 490 650 676 1010 1209 1248 1261 
91 108 146 248 331 334 335 345 411 718 766 791 807 865 913 1098 1100 1269 1421 
23 272 432 443 530 687 1035 1418 
53 85 141 164 189 220 284 359 415 504 769 896 1026 1129 1139 1205 1296 1329 
5 579 589 635 701 739 872 1053 1214 1300 1415 
116 237 440 464 623 689 821 937 1023 1025 1215 1222 1233 1331 1391 1418 
203 324 572 583 621 817 895 961 968 1039 1055 1204 1371 1410 
122 138 210 385 398 422 496 1180 1196 1288 
71 360 572 598 662 689 752 880 885 901 1008 1049 1218 1290 
97 121 124 237 363 633 709 729 1016 1038 1102 
207 303 769 919 945 1044 1051 1072 1218 1247 1259 1316 1362 
96 213 407 411 508 564 674 818 855 877 914 1086 1145 1186 1190 1291 1368 
55 56 435 489 620 775 817 934 1329 
108 186 370 474 643 655 697 840 885 901 953 1027 1085 1129 1270 1289 1359 1360 
21 54 228 528 751 1011 1087 1104 1417 
7 166 322 429 469 567 664 790 1119 1322 1383 
94 169 494 633 720 726 821 1104 
102 135 470 764 765 834 1015 1199 1421 
59 76 155 204 234 323 348 515 591 736 810 868 954 1141 1178 
77 164 177 180 461 743 790 834 937 1078 1157 1415 1417 
44 139 283 410 484 561 597 667 706 821 877 979 990 1148 1271 
155 518 603 641 708 965 1122 1403 
61 108 310 466 603 727 732 1336 1354 1394 
59 242 294 594 627 682 928 939 984 1265 
504 610 612 619 624 682 782 995 1015 1024 1247 1286 
223 441 497 788 831 1112 1160 1344 1381 1395 
314 317 375 1028 1174 
234 292 317 379 535 556 642 654 656 854 898 1017 1055 1114 1144 1377 
69 155 278 466 484 650 674 683 921 1120 1196 1232 
321 323 326 457 536 565 579 1092 1196 1301 1324 1383 
343 465 545 548 986 1035 1276 
200 254 307 505 541 678 878 995 1127 1339 1394 
334 366 388 580 588 684 813 828 908 1174 
28 124 148 208 237 248 467 555 640 694 721 739 998 1043 1064 1181 1356 
29 103 148 177 214 505 688 755 933 1165 1201 1311 
247 299 440 654 872 887 1018 1029 
147 177 254 341 601 689 866 922 965 978 1179 1328 1358 1373 1377 
250 670 680 819 919 1013 
153 273 402 424 557 627 657 908 986 1020 1162 1222 1250 1350 
22 28 104 168 480 736 799 827 923 984 1266 1357 
255 286 848 1058 1142 1215 1241 1406 
164 195 342 613 1000 1056 1386 1394 
73 89 266 354 483 561 635 1059 1207 1415 
52 61 216 226 240 274 371 392 409 469 555 698 792 851 891 1269 1397 
29 36 116 446 527 534 552 587 1308 1402 
195 344 379 576 645 713 885 1031 1182 1301 1312 1377 
522 651 948 959 971 1006 1025 1177 1214 1317 
360 427 593 595 639 1074 1155 1186 1257 1279 
227 249 370 376 510 710 827 973 1103 1175 1179 1305 
184 202 428 773 1108 1334 
299 386 431 536 557 820 863 1270 
100 152 224 502 619 1412 
536 621 1133 1143 1144 1223 1228 1260 1351 
26 99 179 222 366 1046 1310 1366 
175 286 888 1196 1220 1239 
144 220 260 330 362 510 730 861 1046 1145 1147 1196 1248 1269 
97 107 147 171 437 495 980 
48 72 124 140 249 279 306 332 421 439 571 927 1054 1179 1424 
97 112 309 367 417 835 889 927 1093 1183 1389 
7 434 538 568 887 920 1059 1061 1144 1397 
44 93 283 428 624 863 875 959 1033 1124 1254 
12 152 230 573 688 765 940 973 1189 1291 1385 
68 291 296 561 804 1003 1020 1179 1397 1424 
4 140 232 530 724 883 1094 
222 394 455 665 741 980 1129 1240 
80 157 201 209 266 444 456 459 678 716 721 761 891 1263 1272 1301 1417 
31 482 586 676 827 850 929 1194 
153 277 371 540 561 576 663 713 752 757 784 824 829 856 866 870 943 959 1070 1121 1175 1402 
48 64 481 936 970 984 1375 
1 352 373 622 703 708 1072 1119 1178 1240 1266 
162 310 431 501 689 717 841 922 1006 1028 
281 414 444 689 696 738 888 997 1301 1389 
8 14 133 353 386 638 670 843 897 912 950 967 
179 184 292 301 348 354 482 609 872 1033 1243 1245 1310 1318 
251 357 375 713 781 1032 1060 1114 1123 1390 
45 62 311 631 772 1073 1150 1227 1351 
98 139 343 494 673 677 771 842 1112 1180 1204 1246 1378 
131 319 473 661 760 1066 1185 1344 
248 258 349 368 511 698 730 872 920 997 1009 1119 1159 
66 272 333 441 582 753 1105 1148 1181 1206 1302 1325 
45 414 472 478 589 596 600 631 664 697 784 898 922 1335 1357 1401 
17 191 214 418 438 503 573 876 1205 
253 501 527 604 660 863 897 1076 1257 1270 1334 1398 
107 193 209 232 299 398 410 672 848 887 903 1222 1266 
158 358 359 492 604 755 875 1010 1035 1048 1058 1109 1148 1153 1287 1299 1356 1376 
291 718 1142 1372 1384 
182 245 532 815 843 862 865 932 953 1169 1305 1398 
43 234 474 484 529 608 647 700 776 856 940 953 980 1147 1163 1192 1335 1346 
177 270 893 1014 1097 1274 1291 1361 1426 
208 293 304 346 464 479 664 757 900 926 1304 1372 
5 89 283 508 515 528 630 1269 1369 1421 
17 97 444 446 743 953 1188 1202 1280 1303 
142 225 520 533 718 738 752 886 
349 817 868 946 1041 1258 1331 
20 267 281 382 473 698 711 954 990 1048 1180 1263 1297 1301 
21 131 371 379 481 555 642 654 782 910 924 1038 1280 
22 231 387 534 661 795 1063 1349 
95 228 602 615 786 827 921 1085 1130 1235 1280 1413 
26 136 382 436 478 587 784 795 969 1097 1193 
119 200 294 339 404 422 715 719 931 1072 1097 1104 1174 1209 1308 
77 202 420 442 632 794 856 1056 1100 1186 1319 1324 1375 
208 404 419 486 670 714 733 826 827 1238 
61 671 759 885 1100 1132 1185 1236 
250 269 286 327 360 782 792 865 988 1065 1124 1129 1158 1263 
12 26 525 1218 1226 
90 273 346 387 464 485 597 740 795 1120 1325 
5 18 21 31 52 174 250 439 530 543 979 
58 62 220 301 524 616 757 785 1024 1197 1306 
33 88 264 397 668 940 1002 1129 1190 1213 
45 73 114 260 276 333 346 389 524 841 984 996 1381 1406 
13 18 69 268 335 376 400 603 606 663 722 773 993 1002 1092 1200 1357 1419 
205 234 254 343 415 488 728 834 1034 1378 
274 534 595 785 849 1064 1289 1351 
15 54 275 327 477 600 630 656 691 789 800 947 1148 1290 1324 
23 91 199 376 524 535 540 567 584 721 981 1123 1209 1261 1308 
31 447 488 533 603 640 1070 1379 1393 
128 131 139 192 278 302 380 480 667 723 839 944 952 1192 1298 1379 
4 782 953 1083 1306 1310 
38 55 174 240 342 429 664 1132 1415 
14 31 98 346 396 469 1216 1295 1340 
28 431 435 446 456 594 598 626 856 873 978 979 1079 1222 1238 1347 
38 546 590 731 1351 
5 225 249 552 648 755 757 1044 1206 1278 1284 1301 1306 1356 
241 394 503 592 619 627 760 795 805 810 983 1392 
28 86 155 299 374 700 773 832 955 1032 1131 1174 
110 307 357 369 383 
20 215 274 277 327 358 553 614 699 716 822 849 918 1175 1251 1339 
46 94 238 294 404 776 864 1419 
275 411 842 1263 1299 
50 212 482 523 606 829 938 962 1041 1071 1077 1144 1169 1178 1374 1416 
10 37 564 673 691 1093 1112 1171 
164 246 259 563 649 666 754 934 1003 1217 1225 1273 1315 
216 231 276 340 814 878 935 1091 1351 1361 
11 304 658 865 977 1063 1114 1174 1182 1385 
602 868 890 931 942 946 1010 1013 1081 1093 1102 1107 1222 1402 1407 
115 166 223 252 268 357 517 686 705 726 881 889 970 1052 1121 1139 1262 1292 1378 1396 
337 391 580 727 774 915 1078 1124 1323 
97 179 219 271 669 686 812 847 942 1002 1090 1178 1335 1370 
157 334 386 685 1025 1103 1239 1413 
95 540 892 896 971 1199 1228 1280 
119 179 377 496 558 625 672 826 866 874 1122 1147 1276 1379 
270 278 283 543 576 600 661 672 964 1025 1038 1056 1092 1145 1281 
140 403 707 777 798 998 1003 1041 1260 
168 289 353 631 641 676 872 913 1136 1215 1263 1291 1409 
11 72 245 511 575 724 739 740 854 903 1106 1323 
180 276 390 454 537 602 770 797 876 950 992 1056 1153 1197 
304 318 575 697 711 773 889 920 1009 1319 1396 
72 154 276 306 376 525 536 609 676 746 937 1132 1161 1224 1324 
43 236 563 571 753 836 984 1143 1197 1292 1308 1322 1360 
199 300 401 527 608 799 1000 1111 1313 
69 190 194 257 397 709 721 722 770 801 803 846 993 1014 1209 
374 411 489 505 677 1052 1073 1074 1099 1100 1265 1318 
193 201 280 323 531 692 711 768 844 858 878 901 902 1021 1152 1190 1193 1243 
17 40 83 175 359 463 519 564 588 754 764 769 781 939 1372 
101 112 334 508 515 604 630 702 727 744 797 940 1009 1062 1184 1224 1259 1276 1329 1332 1407 
6 15 60 141 290 647 817 980 1155 1403 1414 
64 122 153 283 458 490 815 927 964 1079 1215 1245 1273 1286 1363 1382 1425 
247 407 742 814 1136 1326 1344 1386 
154 165 178 216 224 425 469 507 622 679 856 1210 1265 1395 1413 1422 
83 96 280 667 722 797 1051 1121 1287 
6 59 186 234 281 311 323 334 374 415 625 692 952 1048 1126 1211 1248 
407 538 636 749 796 865 939 1124 1167 1209 1235 
79 87 177 241 251 322 434 492 506 533 609 627 658 713 895 943 988 1019 1087 1401 
88 104 402 417 1337 1343 1401 
294 545 641 736 765 787 887 1045 1144 1159 1195 1206 1345 
99 208 342 359 565 569 616 642 676 980 1203 1335 
154 177 205 325 377 446 448 484 498 599 645 769 929 971 1205 1290 1401 
58 146 291 323 403 689 954 968 
201 505 691 725 792 829 1021 1153 1230 
77 385 439 577 614 815 907 934 967 1015 1049 1091 
36 291 370 498 514 930 951 1050 1085 1188 1201 1285 1371 
85 405 613 654 891 899 999 1164 
190 196 472 501 578 943 962 1176 
97 100 109 532 634 636 681 698 859 969 1014 1053 1055 1149 
59 71 149 171 172 538 617 648 654 730 806 891 955 
305 583 619 736 753 852 1099 1311 
190 324 428 451 520 677 1410 1411 
68 366 431 530 877 926 964 1020 1050 1083 1128 1165 1179 
41 68 241 298 352 706 719 855 900 1001 1035 1097 1328 1404 
163 188 499 531 535 567 724 905 1192 1199 1231 1241 1275 1341 
128 355 379 409 756 897 1176 1335 1342 1416 1420 
278 429 547 632 689 932 1149 1289 
131 217 394 524 579 830 990 1120 1387 
205 289 633 640 692 910 911 925 1097 1184 1404 
116 168 242 322 335 377 584 825 830 933 1010 1288 1297 1366 
156 166 586 721 910 936 1213 
98 127 195 236 290 456 487 572 715 743 1224 
45 78 179 196 263 318 694 983 1073 
99 185 198 270 291 329 493 603 669 924 1050 1306 
152 178 250 443 514 544 691 1327 
39 234 516 728 1142 1206 
226 388 489 517 733 762 792 945 1147 1331 
447 565 629 698 721 1318 
116 124 370 444 497 576 781 962 989 1146 1165 1239 1267 
112 518 701 1017 1099 1183 1238 1252 1257 1321 
7 358 732 746 823 1109 1114 1357 
18 102 137 371 597 621 699 818 1085 1224 1412 
15 45 49 615 816 1389 
91 110 180 636 656 764 791 1003 1023 1118 1197 1276 
139 302 390 476 1041 1290 
13 100 133 374 569 713 753 867 1118 1201 1390 
9 462 590 672 816 1012 1121 1298 1400 
111 182 205 381 470 939 963 986 998 1013 1055 1069 
79 128 294 317 426 475 672 1045 1100 1205 
212 440 441 501 612 759 801 989 1350 1420 
3 85 203 459 736 752 858 1044 1083 
14 297 360 412 479 480 535 557 594 670 835 889 977 1006 1171 
13 69 575 610 906 1239 1286 1336 
68 93 195 336 445 487 567 580 920 984 1276 1317 1338 
111 142 396 543 558 572 641 652 748 1105 1370 
45 291 335 454 620 804 919 935 1033 
334 583 603 628 720 769 956 997 1260 1273 
270 474 608 685 697 750 944 1092 1127 1239 1276 1402 
653 721 777 884 972 987 1013 1138 1276 1296 1351 
114 141 190 453 457 771 869 919 1055 1199 1389 
148 216 343 584 661 683 792 1097 1187 1256 1290 1395 1401 
89 187 214 535 580 604 717 1045 1159 
169 286 350 408 448 716 1180 1381 
313 389 415 582 606 636 650 687 787 944 956 1110 1139 1148 1173 1188 1306 
117 138 227 333 435 550 599 713 837 882 972 1267 
106 132 140 567 755 844 852 910 973 1068 1196 1203 
58 383 746 768 956 1084 1114 1128 1312 1364 
142 191 224 233 399 428 469 519 653 655 681 706 725 830 1038 1238 1264 1334 
118 274 307 458 635 727 802 
165 226 303 306 389 463 562 590 911 946 1046 1088 1100 1135 1381 
67 167 852 1058 1095 1127 1361 
419 546 870 1020 1065 1364 
222 347 467 694 737 840 1032 1110 1300 1378 
252 472 705 760 888 1176 1201 1256 1286 1357 
87 237 275 364 372 412 513 527 556 867 934 1133 1376 1414 
209 295 302 440 654 659 666 882 1036 1224 1322 1364 
229 268 292 336 484 719 812 987 1020 1075 1185 1199 1243 1253 1257 1258 1283 1350 1395 
106 168 491 505 539 723 765 914 937 1408 1409 
44 70 329 506 643 659 671 813 888 891 984 1041 1167 1397 
168 187 265 498 561 624 652 850 984 1092 1311 1321 
109 236 267 356 390 497 529 604 638 650 767 884 1136 1140 1142 1184 1308 
31 134 250 334 426 899 952 1040 1186 1318 
65 239 250 455 486 586 665 705 749 874 
107 173 272 288 295 392 618 863 883 956 1276 1389 
50 58 151 202 382 455 460 528 544 563 648 723 765 771 935 1015 1167 
33 155 160 167 212 299 304 348 500 619 640 848 912 1215 1313 1367 1418 
419 441 534 639 1009 1069 1201 1252 1273 1364 
153 220 267 279 667 699 931 992 1129 1204 1365 
299 428 544 548 585 764 769 850 992 1052 1229 1380 1396 
112 371 432 491 557 778 1058 1157 1226 1305 1309 1389 
271 273 387 501 591 614 1053 1158 1211 1244 1260 1391 1407 
107 137 319 474 576 675 871 1056 1106 1133 1188 1358 
19 560 839 1042 1180 1193 1388 
85 204 293 295 637 643 765 806 998 
86 138 281 511 520 763 795 859 1034 1044 1356 1376 1402 
1 67 233 244 644 695 980 1021 1164 1316 
252 510 556 599 645 665 755 762 981 1048 1258 
180 295 311 719 821 1009 1139 1229 
88 199 234 420 469 501 543 547 560 599 738 880 946 998 1161 1246 
273 298 317 370 465 830 839 1129 1173 
500 544 829 1020 1049 1272 
371 391 401 429 440 476 675 734 851 1074 1090 1110 1116 1139 1167 1372 1378 
23 231 311 327 392 409 493 495 513 589 793 885 1124 1310 
111 223 268 272 315 591 848 853 1136 1386 
31 115 132 181 403 404 451 639 672 929 1134 
9 150 283 318 506 924 1027 1093 1131 1289 
48 114 162 421 442 534 653 680 715 920 1040 1152 1162 1167 1233 1263 1350 1359 1364 
292 665 768 949 1364 
62 63 288 340 529 631 752 758 1089 1144 1159 1193 1280 1362 1382 
189 405 450 525 577 657 661 1025 1289 
379 389 517 569 606 934 979 1098 1118 1162 1302 
36 196 330 595 617 803 806 890 926 1079 1220 1279 
8 133 249 680 696 992 1090 1266 1330 1419 
6 17 64 142 272 402 404 541 608 698 823 851 1194 1285 
126 265 649 688 731 818 924 946 970 1321 1371 
268 332 459 489 508 578 686 813 892 1033 1176 
115 173 513 560 680 1055 1295 
29 37 156 247 392 556 581 601 671 681 957 997 1091 1253 1334 
106 207 281 296 346 596 603 696 793 986 1118 1196 1237 1281 1328 
344 390 477 543 544 898 917 1145 1191 1407 
39 620 689 743 785 1014 1400 
184 288 502 525 588 717 830 1239 1279 1314 1408 
139 238 286 413 552 759 1060 1193 1275 
85 658 670 1031 1181 1189 1345 1396 
566 794 853 1074 1145 1158 1192 
178 197 384 754 756 892 1124 1150 1354 1421 
140 249 465 490 735 753 784 962 1033 1202 1403 
60 197 201 240 246 294 488 563 596 620 701 746 785 805 814 843 905 1234 1381 
155 252 337 588 706 776 820 839 876 960 1081 1223 1318 1360 
91 319 360 378 394 664 675 878 1048 1057 1199 1386 
107 171 280 483 706 852 955 967 970 1312 1336 1362 
5 20 67 859 930 1050 1138 1236 1394 
195 467 606 658 678 728 729 822 959 1031 1199 
385 582 627 874 1006 
13 75 108 172 271 319 487 691 953 1094 1127 1267 1317 1392 
106 139 374 567 693 1125 1132 1182 1210 1225 1370 1421 
121 242 326 358 520 596 620 672 743 781 1067 1252 1330 
33 219 430 450 583 659 1208 1373 
92 403 476 477 542 817 1253 1381 
251 343 496 555 655 729 771 800 989 1007 1076 1171 
108 253 278 568 953 991 1044 1164 
71 163 374 625 765 781 875 1224 
142 325 355 1039 1225 1394 
104 146 334 357 451 654 665 834 843 1208 
665 689 719 961 1039 1070 1122 1202 1356 
47 72 170 434 588 627 817 832 863 865 1209 1323 
264 523 807 874 1027 1132 
151 272 639 722 788 1165 1393 1399 
212 243 398 693 1011 1377 
18 293 316 390 571 683 728 811 814 1013 1141 1356 
114 270 544 553 771 860 1083 1249 1276 1306 1401 
167 255 315 506 598 907 1097 1120 1157 1166 1177 1258 
72 94 398 767 1370 
222 257 404 514 538 562 629 819 827 871 
61 70 94 197 234 305 387 424 427 622 783 797 845 1067 1325 1361 1397 1426 
169 388 414 591 660 967 1386 
147 148 193 370 372 391 441 706 1078 1129 1167 1294 1344 1349 
80 304 364 465 562 572 605 646 658 741 752 754 772 791 891 935 1084 1125 1155 1240 1273 
156 480 510 695 795 818 928 1081 1291 
76 315 390 602 703 771 785 858 967 1017 1058 1306 
82 278 322 332 357 396 756 860 990 1012 1058 1193 1328 
27 67 244 266 371 464 518 526 597 684 733 880 962 996 1039 1133 1177 1270 1354 
167 168 201 278 334 487 567 605 748 895 1002 1055 1308 1330 1394 
115 162 423 724 987 1201 1422 
31 39 462 471 694 757 786 1266 1271 1275 1286 1306 1307 1412 
208 254 372 586 644 653 785 891 1287 
17 192 263 380 400 469 476 586 658 784 894 967 1025 1098 1229 1369 1412 
90 107 114 255 420 437 514 1285 
9 20 292 375 406 549 709 750 768 892 1056 1388 
204 269 360 434 666 768 790 925 1135 1366 1375 
93 158 246 283 516 672 904 1182 1254 1335 1352 
406 487 639 717 783 868 1051 1215 1314 
385 632 825 847 943 1130 1134 1198 1301 
36 99 115 252 259 280 345 525 542 584 661 703 761 913 1081 1337 1400 
254 360 450 512 627 648 679 820 900 1174 
249 254 327 352 556 672 691 740 1113 1145 1369 1416 
54 82 100 101 124 200 250 269 431 474 687 821 874 1010 1041 1129 1274 1294 1406 
261 340 371 487 574 682 728 805 837 1072 1081 1090 1348 
260 449 675 680 691 694 870 975 1121 1156 1180 1272 1301 1392 
4 170 414 438 545 579 803 877 1160 1161 1185 1416 
185 292 303 447 516 526 707 718 786 1288 
307 373 469 472 711 779 910 911 976 1070 1154 1262 1269 1327 1338 
3 14 225 291 357 438 770 844 873 1029 1201 1308 1389 
126 308 757 771 1011 1014 1060 1074 
84 160 233 256 259 332 346 413 462 782 800 831 977 1130 
182 192 370 597 815 915 988 1106 1178 
36 142 154 389 568 629 649 812 908 1086 1202 1303 1329 1355 
258 332 399 705 727 860 968 1227 
40 129 176 192 217 870 911 936 939 1292 1368 
55 97 218 287 517 560 797 1016 1103 1116 1242 1259 1283 1289 1382 
9 40 76 289 295 312 784 817 825 1017 1119 1245 
44 215 440 574 621 656 680 814 1050 1290 
1 433 524 830 888 1168 1334 1378 
181 303 611 714 783 870 1160 1347 
39 301 377 546 606 742 786 1067 1076 1086 1331 1342 1362 
198 273 277 279 323 387 402 450 464 518 615 908 1070 1203 1260 1276 
70 175 380 406 416 627 644 724 854 909 921 1180 1191 1288 1323 
4 7 67 160 501 504 555 581 794 1011 1042 1088 1104 1107 1278 1354 1400 
284 350 377 409 498 596 1127 1131 
223 321 418 494 503 522 668 746 892 917 961 1037 1038 1347 1414 
39 336 446 631 977 1246 1320 1373 1397 
44 414 447 963 1125 1207 1208 1211 1260 1350 
121 149 229 274 351 426 717 755 905 924 1089 1112 1179 1257 1294 1403 
81 181 581 607 672 678 750 869 912 1066 1200 1326 1402 
85 158 357 1223 1228 
292 447 644 678 703 801 901 961 
65 385 708 738 950 1085 1154 1376 
81 372 445 732 771 832 836 929 936 944 977 1179 1199 1290 1319 
212 264 404 587 597 629 741 781 825 886 1018 1277 1321 
16 147 275 295 333 343 512 611 634 694 721 764 793 1000 1026 1188 1277 1416 
111 189 192 490 492 818 948 992 1051 1221 
22 88 184 327 390 432 492 516 527 646 657 924 1027 1221 1416 
211 474 487 610 639 765 806 862 946 1096 1241 1364 1366 
394 464 520 771 774 1142 1183 1203 
32 288 308 350 535 549 800 880 997 1200 1274 1399 
82 121 125 139 167 227 312 649 687 893 905 929 970 983 1049 1064 1087 1163 
23 657 906 1174 1225 1375 1379 1409 1411 
588 897 1059 1064 1110 
6 11 188 373 517 584 695 865 1047 1050 1285 1425 
194 248 556 579 713 862 955 1155 1172 1312 
89 221 489 709 726 813 906 924 1225 1249 
93 108 127 280 490 499 614 691 790 822 848 1046 1062 1135 1325 1335 
377 592 1203 1363 
228 271 291 477 737 803 906 972 
71 78 365 519 563 571 669 673 730 818 896 1008 1102 1107 
225 599 789 910 946 1201 1418 
97 111 263 274 420 599 734 841 917 1133 1354 
