26
40
16
29
45
18
44
0
38
8
2
45
26
41
8
2
14
18
8
4
29
45
12
28
44
42
0
11
28
9
8
46
26
41
4
10
24
5
17
16
23
44
19
11
46
11
23
5
12
27
26
39
29
0
13
10
3
39
11
26
2
21
29
38
22
20
9
15
19
32
14
35
23
46
7
22
23
10
19
19
15
24
15
1
34
34
28
38
2
5
16
37
6
2
8
37
22
41
41
46
3
30
30
16
33
32
2
3
7
26
42
6
39
34
13
20
45
22
40
32
12
2
38
25
43
34
45
46
26
11
12
17
17
0
31
29
11
9
26
28
20
33
14
37
17
0
2
5
45
19
9
35
28
30
5
41
28
18
31
36
13
9
6
16
33
47
20
43
22
7
28
43
20
45
15
8
45
43
7
40
35
27
21
44
24
13
6
35
19
8
45
24
34
5
38
37
32
46
24
23
31
35
15
31
3
23
31
10
47
47
19
40
13
3
13
32
8
47
14
23
0
0
29
18
27
1
5
23
7
11
11
4
24
19
2
0
5
34
40
30
25
9
47
28
35
42
42
24
7
1
46
41
9
26
36
40
33
30
18
23
20
15
19
46
22
45
46
14
4
35
45
13
12
0
3
45
0
29
45
6
33
4
42
27
23
34
43
29
19
30
30
9
40
1
7
32
11
10
34
21
32
27
43
20
3
18
21
17
30
30
5
30
32
13
18
5
30
45
38
15
30
3
37
19
32
4
37
6
36
19
47
47
30
32
2
27
8
33
33
21
33
23
44
44
16
8
9
39
41
42
40
24
39
38
5
2
29
11
34
2
18
3
25
15
7
28
45
43
10
22
32
35
27
0
2
12
42
7
36
40
26
34
32
44
13
27
23
44
32
26
33
0
18
46
9
9
44
0
12
11
38
16
43
33
10
32
3
28
39
43
45
8
14
10
29
8
34
32
6
30
17
10
20
13
1
41
43
4
10
32
0
9
15
31
38
43
34
2
0
7
35
21
11
41
33
16
10
32
28
24
26
12
44
41
17
27
25
25
47
4
26
45
36
20
38
7
11
23
43
26
9
38
42
5
6
18
27
28
7
27
35
32
34
35
25
46
23
40
23
36
7
6
28
13
21
11
42
20
46
34
40
37
47
10
9
46
16
8
12
5
43
22
19
39
42
16
18
44
25
20
27
37
22
41
47
41
14
31
3
18
5
20
29
7
8
19
2
41
41
18
27
13
40
38
38
16
37
47
40
40
3
35
4
36
36
39
43
28
0
1
44
6
26
7
36
36
32
8
36
47
35
11
30
3
42
28
35
38
1
26
20
18
20
8
15
4
9
15
14
1
25
7
39
16
1
47
31
11
36
40
4
5
6
23
35
38
24
4
24
8
33
30
27
16
4
9
29
28
11
30
40
11
29
44
38
0
24
19
42
28
1
39
5
4
40
31
15
14
46
45
25
16
33
10
18
8
8
1
43
0
15
2
43
30
22
9
33
45
32
4
1
35
13
3
47
36
29
31
42
34
31
33
1
25
35
39
41
24
47
22
39
26
6
11
14
31
34
4
23
16
30
23
8
13
11
40
36
12
1
40
10
7
44
10
27
17
1
44
43
12
7
30
37
6
40
24
31
31
46
37
1
0
24
23
36
21
30
37
38
29
45
25
4
36
25
14
44
15
21
20
27
5
12
40
21
17
7
10
10
2
36
14
30
42
11
0
15
20
9
4
1
11
1
39
25
28
35
16
33
33
1
34
20
31
12
42
9
28
21
29
22
22
41
21
23
31
29
20
25
32
47
3
24
10
21
25
17
17
13
24
30
10
18
31
16
46
3
5
34
13
25
23
10
13
6
45
12
6
37
19
34
42
11
15
3
25
14
3
24
18
26
39
15
22
14
11
38
28
37
21
28
47
30
37
43
21
46
27
16
37
19
25
41
14
12
37
41
22
27
9
23
47
30
11
15
15
5
8
23
24
46
34
17
32
1
21
34
19
42
42
12
38
12
41
7
22
11
6
14
19
0
41
43
39
17
42
1
20
27
6
14
10
7
47
31
4
34
0
28
32
12
23
35
24
16
42
22
34
3
32
21
37
5
8
19
40
42
25
28
3
44
0
25
1
21
46
12
41
28
7
35
25
22
11
35
36
10
9
45
31
21
20
8
38
36
38
6
4
24
2
6
13
5
7
39
15
37
2
17
10
13
1
6
20
45
28
45
4
39
15
27
41
41
19
3
14
33
29
9
18
11
14
2
7
18
43
36
12
25
22
24
32
28
2
31
14
42
27
38
18
2
13
40
46
16
21
23
9
37
47
24
34
19
0
23
14
5
47
37
26
7
33
2
20
40
46
30
21
22
43
0
13
8
16
26
42
12
42
39
2
42
21
19
12
39
47
14
40
33
44
26
34
25
46
5
13
44
16
8
37
25
29
37
21
41
10
6
32
3
21
31
35
39
25
31
12
39
43
39
5
29
27
36
7
32
4
7
10
6
15
45
1
41
27
33
17
24
4
3
8
22
16
3
47
21
3
5
15
39
39
14
9
5
31
9
4
17
17
17
0
19
10
43
17
20
15
23
21
19
32
19
22
28
31
13
14
26
43
36
39
12
33
33
39
46
5
35
22
2
34
24
16
13
18
9
42
29
40
46
18
13
1
13
0
45
14
31
23
17
21
24
38
33
47
27
1
32
46
33
43
22
1
12
17
40
29
30
4
30
12
35
36
12
27
17
19
26
15
36
6
40
22
43
24
32
6
28
27
41
35
9
29
31
6
40
36
23
34
41
1
25
47
39
18
31
43
31
24
25
8
11
16
26
43
38
2
18
44
18
21
44
22
42
45
2
6
33
29
14
39
2
43
31
27
18
12
3
39
29
5
25
34
42
35
44
19
10
17
6
35
4
28
4
20
29
46
14
26
20
23
23
7
3
33
42
36
14
18
19
20
41
21
8
13
17
13
43
17
4
44
46
36
44
36
10
25
22
15
41
42
40
14
15
37
41
17
5
33
35
0
39
4
1
27
27
16
44
28
31
46
34
33
20
20
8
6
22
5
24
47
38
18
44
36
1
45
37
45
36
46
8
6
3
24
15
4
21
44
35
20
5
44
45
41
16
17
38
4
30
45
29
19
29
25
5
47
35
9
26
37
10
21
44
16
22
11
29
47
2
26
0
37
12
34
44
27
31
38
0
7
20
14
26
28
9
9
38
47
12
6
3
26
13
7
30
13
34
3
13
19
35
18
44
17
17
6
12
40
35
11
47
47
26
41
15
9
10
20
11
1
47
17
36
29
23
16
15
14
24
8
16
22
46
37
26
3
27
37
2
30
23
2
7
20
38
38
38
18
46
43
39
37
33
29
33
17
25
10
15
42
22
16
37
32
