7
47
1
31
29
37
27
40
0
13
34
12
3
5
37
10
7
41
32
47
7
17
9
14
2
20
33
2
4
21
1
46
42
15
44
28
20
13
26
29
25
40
14
7
5
45
10
39
25
29
47
32
8
16
38
42
17
6
28
40
19
11
37
9
36
23
13
2
23
24
30
5
30
34
10
25
24
46
16
24
35
32
32
8
38
37
29
40
47
9
27
22
30
21
17
4
21
19
9
12
29
0
39
44
44
46
26
5
43
18
20
11
29
11
41
3
35
21
47
26
23
4
45
22
47
43
45
33
20
14
10
39
26
16
31
38
8
13
8
36
23
2
6
14
20
2
25
22
30
44
15
43
12
0
38
10
6
19
34
35
31
41
5
19
39
18
41
22
33
17
4
5
38
23
15
28
31
43
35
44
35
16
