11
47
4
52
34
43
56
37
3
27
54
23
1
5
45
15
11
39
51
47
11
29
12
25
7
16
52
7
0
31
6
47
33
26
35
61
20
27
59
56
58
38
24
10
2
55
13
40
58
57
44
51
8
25
42
57
28
9
61
37
20
14
49
12
38
19
30
5
18
61
49
2
50
63
13
60
61
47
26
53
51
60
60
8
42
49
34
37
45
14
56
16
50
31
28
0
31
21
12
23
35
3
40
55
36
46
59
4
33
29
21
14
34
14
43
1
32
31
45
58
18
2
54
16
45
33
45
53
19
25
15
41
63
26
50
43
10
30
10
38
16
6
9
27
20
3
58
17
49
44
22
32
23
6
42
13
9
22
54
35
62
41
5
21
41
19
39
17
53
29
1
7
48
18
22
57
62
36
32
55
63
25
