0
43
10
14
28
38
43
2
34
38
32
24
22
16
16
3
14
7
24
9
24
42
47
18
3
44
10
29
9
38
28
38
34
19
8
18
31
5
23
2
46
27
32
45
17
20
39
43
11
26
16
10
17
35
27
19
25
45
18
27
39
37
31
37
27
21
41
20
20
2
25
22
7
23
6
20
21
12
5
8
5
2
19
6
41
5
42
46
33
47
43
29
1
40
41
40
15
32
30
35
33
41
34
33
29
24
0
15
28
30
42
42
20
30
35
40
1
5
28
1
12
11
2
26
44
20
4
37
26
21
10
4
6
46
38
47
36
40
8
47
9
21
45
34
43
35
35
3
46
4
29
23
9
22
15
23
25
30
39
32
11
26
8
7
10
12
31
36
6
41
32
7
16
22
45
0
23
13
32
25
37
13
44
13
14
15
13
17
1
14
17
