3
39
8
20
32
60
62
1
46
61
32
51
29
26
24
6
20
11
49
12
51
44
41
16
6
35
9
38
12
60
36
61
46
16
8
18
40
6
23
1
63
53
40
39
27
17
59
34
15
48
26
9
26
47
52
16
50
56
18
52
59
60
43
45
53
30
57
19
21
0
49
25
10
23
11
19
29
31
5
15
5
0
17
13
58
4
62
56
33
44
34
54
3
55
54
54
24
37
42
47
38
58
46
33
36
49
3
25
39
43
62
33
17
43
41
63
3
4
50
2
30
15
1
48
35
19
7
45
48
30
9
7
14
58
60
41
57
55
15
44
13
28
56
41
34
47
38
7
57
5
53
23
13
29
22
23
51
33
58
40
14
50
11
10
9
31
36
55
14
63
37
10
25
29
37
3
28
21
42
51
45
19
35
23
31
22
21
27
2
20
27
