1
67
18
33
68
54
56
3
73
72
68
75
23
37
38
6
33
14
40
16
75
41
61
26
6
60
17
69
19
54
66
57
73
25
12
26
79
6
21
3
50
72
77
46
36
28
46
63
16
60
37
17
36
70
76
25
59
51
21
76
46
53
79
43
56
24
49
29
27
3
59
23
13
33
10
29
24
34
9
12
9
4
28
10
49
9
54
50
74
41
63
69
2
53
43
43
38
65
79
71
74
49
62
74
66
40
1
38
67
79
54
63
28
78
61
53
4
9
69
2
31
16
4
57
64
29
7
44
58
24
19
7
11
48
49
48
52
55
14
44
19
22
51
70
64
71
69
6
47
8
59
20
19
23
39
20
58
78
48
77
15
62
14
13
18
31
66
55
11
42
65
13
38
27
46
1
22
34
79
58
44
32
64
32
34
39
30
36
2
34
36
