9
10
18
15
13
44
45
21
1
33
22
41
30
19
42
34
6
3
19
42
20
29
0
42
6
44
18
35
4
14
45
13
8
26
23
14
40
36
8
35
13
37
16
36
32
25
24
46
5
29
40
24
45
47
16
41
36
41
19
23
1
21
9
6
1
45
35
0
42
12
34
27
46
3
6
3
41
12
37
45
20
14
43
39
21
41
39
3
7
10
24
24
33
37
33
18
38
41
29
18
43
12
32
46
27
4
13
37
3
10
36
4
42
15
8
43
31
23
28
24
29
14
8
27
3
47
17
5
9
23
34
39
46
12
45
24
3
40
35
32
38
30
12
44
36
0
22
28
31
5
39
7
33
23
22
1
33
11
42
43
20
37
34
4
36
17
29
47
25
0
32
17
5
22
10
13
20
4
30
37
8
33
47
24
42
41
0
46
22
42
40
35
25
30
26
21
18
16
8
47
32
45
36
44
28
33
40
32
14
33
2
5
45
21
20
45
18
3
31
24
26
44
16
12
13
16
41
34
33
19
23
24
11
39
6
36
20
6
22
31
39
2
5
1
10
45
26
2
3
14
38
30
11
33
33
14
30
42
24
33
12
30
10
14
22
28
22
43
23
3
27
5
15
47
38
28
4
21
11
18
26
20
13
1
24
14
15
39
2
19
22
25
4
15
6
36
12
9
17
35
46
35
20
38
21
6
26
30
18
47
29
13
35
37
1
23
1
21
37
13
43
38
32
32
6
43
40
40
15
22
29
29
9
31
40
46
12
14
33
28
37
25
34
12
13
11
22
35
42
37
5
15
21
19
3
18
5
42
6
23
31
30
14
0
12
13
26
42
7
11
44
18
5
18
26
10
38
30
26
31
35
2
7
25
42
40
13
32
40
27
27
5
46
31
5
16
33
41
23
1
40
18
42
8
13
13
34
22
34
11
9
37
6
47
30
44
46
22
32
31
23
47
24
23
37
30
2
28
10
37
44
6
26
4
5
47
23
19
41
27
21
7
35
45
38
28
10
0
3
21
29
1
47
1
39
20
5
20
42
8
41
1
25
15
4
8
7
16
35
41
9
20
45
27
26
41
34
3
34
18
7
10
22
40
26
23
39
11
34
17
39
26
38
31
0
31
2
32
17
38
40
13
0
42
43
19
35
21
7
44
47
16
40
2
30
8
28
12
23
29
7
43
31
35
33
0
45
13
4
44
17
28
21
25
14
22
46
17
10
8
28
23
19
34
27
9
25
30
18
0
45
4
47
45
21
27
15
20
7
11
6
2
22
45
30
37
26
20
36
46
47
6
20
14
47
12
7
25
7
40
18
7
14
25
25
13
10
46
42
25
24
36
5
22
41
42
2
14
38
44
0
6
34
23
2
32
35
17
24
16
25
34
41
2
35
14
45
6
10
31
9
37
28
32
31
39
18
34
29
42
20
9
17
13
17
39
1
26
27
21
40
45
5
31
9
9
9
15
28
12
3
39
26
2
43
5
8
12
22
35
8
39
17
44
12
33
38
11
18
0
36
14
15
46
0
6
17
12
34
16
19
46
29
36
32
43
13
19
43
28
34
29
30
19
23
10
21
16
7
47
9
13
13
5
17
9
19
22
26
4
47
1
30
11
4
24
2
1
13
7
47
30
18
20
11
43
35
32
20
10
22
14
3
28
15
5
7
1
28
13
18
20
12
17
16
31
6
5
29
6
23
9
19
9
39
37
47
11
36
45
4
1
9
25
41
44
20
29
8
38
29
39
4
45
13
9
28
7
28
40
43
37
21
23
14
10
12
27
37
44
39
13
22
25
12
43
0
24
32
26
44
10
19
33
46
46
34
43
42
35
47
27
45
44
9
8
46
44
30
34
38
17
16
25
3
19
38
46
40
21
34
47
43
30
1
46
46
41
35
3
23
42
11
5
18
24
36
41
39
36
37
17
38
39
39
2
4
21
31
38
15
26
34
37
8
27
18
18
40
33
3
4
28
38
2
33
44
29
10
9
34
2
6
42
31
19
37
36
3
11
34
14
40
12
21
24
3
35
24
0
25
42
2
35
40
30
11
28
43
20
22
47
21
10
1
31
4
19
2
36
21
13
2
1
5
0
7
12
6
42
32
31
32
6
2
14
14
1
21
33
8
10
3
36
20
13
25
11
8
29
17
37
8
17
4
27
32
40
8
37
28
25
10
18
27
40
43
42
47
3
24
19
4
47
32
42
39
4
22
38
32
32
14
15
1
20
44
0
40
20
4
28
9
45
15
44
7
31
38
36
17
16
34
39
4
34
36
35
15
37
40
17
38
22
27
12
44
23
11
44
11
46
30
47
19
47
2
5
8
39
30
10
21
36
18
39
9
17
27
27
13
31
16
36
17
37
43
8
29
0
38
22
43
3
45
43
24
12
33
7
3
45
0
26
20
10
15
7
27
40
15
19
31
47
19
3
43
25
24
32
44
16
38
35
11
10
36
46
29
28
44
41
16
36
24
23
41
35
31
26
1
44
25
12
0
41
29
8
8
43
24
0
36
14
20
26
16
41
30
2
15
17
25
16
18
33
43
38
1
0
13
39
11
40
27
17
7
39
11
38
13
26
21
18
26
19
0
39
30
12
30
27
0
24
23
47
11
26
25
27
45
8
27
0
31
1
17
34
44
6
33
3
38
4
41
7
32
16
16
22
9
2
28
4
29
5
45
6
23
37
14
20
21
47
9
38
14
46
27
17
20
38
38
22
45
25
27
10
45
28
8
18
2
1
7
10
15
46
20
1
26
37
9
33
0
29
14
32
33
12
42
15
17
32
27
35
16
26
31
17
2
31
32
15
2
45
43
18
2
24
40
34
11
5
27
5
43
32
12
29
41
11
19
33
29
37
46
10
37
41
0
37
9
6
15
32
23
2
11
3
20
29
11
4
14
8
19
34
16
16
31
46
9
29
7
10
3
23
32
31
37
5
35
19
7
42
22
28
6
29
15
24
20
28
7
36
15
12
5
8
43
29
25
35
4
10
7
46
22
2
14
28
23
4
43
16
30
14
46
1
15
0
43
6
21
35
6
16
30
5
20
42
35
18
24
39
41
16
33
40
39
33
4
11
7
6
5
15
41
35
23
41
19
21
40
8
23
4
19
22
9
16
23
29
7
21
47
16
33
26
15
44
8
10
46
34
15
17
11
46
36
19
27
25
28
3
5
41
25
26
30
44
44
45
24
41
10
1
36
25
31
44
34
28
16
25
