45
9
20
55
37
40
64
30
58
18
24
1
75
21
43
5
37
78
78
29
35
76
33
69
78
43
26
58
19
75
11
1
44
20
6
44
24
44
22
55
5
75
75
54
23
28
16
78
50
78
16
1
33
6
34
46
66
35
37
5
26
10
51
17
68
55
79
8
71
43
39
69
47
43
46
61
36
69
40
50
74
36
7
62
32
30
65
25
5
46
67
17
67
5
3
70
17
44
67
44
8
73
54
52
30
12
10
20
60
19
27
38
6
79
10
8
29
61
58
8
15
59
42
54
68
61
19
20
51
14
32
30
53
40
19
10
23
18
50
57
51
58
21
34
75
9
70
8
13
55
44
34
41
62
25
60
23
45
27
18
67
29
64
56
50
74
44
1
78
35
19
7
60
14
25
30
77
77
72
41
23
22
32
65
34
40
16
58
8
0
23
12
59
79
30
30
45
42
59
69
54
4
33
13
21
49
45
2
79
78
48
47
22
16
61
15
16
66
37
31
57
57
28
32
66
3
27
68
4
22
41
4
62
77
18
66
64
65
4
50
46
63
67
23
27
26
55
59
51
39
16
40
29
29
24
49
10
43
46
10
38
30
55
20
52
6
20
31
71
29
17
17
76
54
33
62
41
78
39
1
38
18
3
33
14
33
54
38
27
25
54
72
16
1
25
35
68
39
76
28
30
33
5
75
4
57
45
14
63
6
58
36
78
26
77
50
3
4
77
6
12
71
76
4
27
57
7
49
4
8
18
32
63
61
50
74
63
13
2
59
54
50
9
71
18
18
66
72
22
16
21
46
29
24
67
48
30
26
8
7
44
70
0
28
11
20
9
34
48
9
17
46
41
54
51
63
72
33
46
40
75
57
65
76
24
2
57
54
61
34
45
1
71
64
72
3
11
49
4
22
65
22
43
35
11
67
36
72
2
73
38
18
27
60
70
67
51
19
34
23
16
75
40
49
64
39
64
39
11
52
18
51
76
22
13
41
4
13
68
48
33
26
55
0
24
15
37
40
31
72
70
2
46
15
47
61
44
18
14
43
24
25
28
43
75
20
29
6
50
53
46
4
15
17
56
4
30
66
40
11
15
74
42
52
13
7
75
43
69
76
62
3
49
55
49
28
59
52
76
32
63
51
10
74
41
6
57
72
2
14
17
2
2
44
49
38
9
79
31
71
56
30
64
3
17
48
59
76
19
3
0
17
46
48
68
8
39
48
41
72
40
52
51
37
69
23
31
56
2
19
25
42
4
41
17
0
25
9
20
48
47
61
71
40
5
61
8
78
21
57
23
66
33
5
3
49
21
77
25
54
1
13
50
21
53
34
37
28
61
30
76
15
27
74
8
69
41
42
22
44
47
7
5
15
19
45
31
11
50
20
59
44
40
79
77
42
79
50
25
70
60
78
13
70
22
32
42
46
63
27
41
63
60
42
63
78
27
75
5
53
72
37
71
31
4
21
72
69
47
37
66
60
7
7
11
38
37
45
20
11
71
24
76
45
47
10
20
60
3
22
65
35
36
52
74
10
35
48
8
31
32
78
44
53
73
38
73
47
31
56
72
41
55
26
42
42
9
8
53
77
43
15
79
56
70
59
79
21
72
23
79
58
35
57
68
3
27
30
41
15
68
13
16
67
47
24
8
20
65
7
9
18
65
67
20
39
39
77
47
63
45
23
76
15
56
42
65
27
76
47
24
36
2
57
32
5
45
55
15
7
72
76
25
38
70
45
70
59
62
33
72
10
15
57
3
0
28
62
11
22
65
65
49
49
53
64
62
62
73
69
25
44
57
73
29
8
4
33
61
20
2
1
22
14
66
30
36
66
62
62
53
33
54
54
74
5
77
54
28
54
71
43
23
72
42
46
45
34
10
43
70
52
67
12
34
53
73
76
40
15
48
62
57
48
39
71
27
18
53
14
7
78
39
46
11
69
55
72
10
38
6
28
2
5
10
12
30
0
43
73
71
40
73
0
74
25
26
56
13
27
28
52
17
69
11
55
79
25
38
39
20
10
18
19
14
25
26
19
17
73
51
5
48
60
60
63
43
59
68
36
34
33
48
34
7
12
13
23
37
37
3
50
3
14
9
4
28
10
28
36
44
62
25
28
64
42
39
59
77
46
78
23
33
79
31
78
70
42
79
1
75
58
46
21
24
65
47
63
14
29
67
67
61
41
47
29
43
25
3
11
75
27
50
10
13
30
63
69
44
68
62
60
74
49
16
38
78
73
34
73
0
38
23
59
31
46
35
52
70
69
24
45
29
18
5
36
7
61
10
28
1
68
18
54
27
22
26
9
26
42
49
32
32
39
38
53
35
74
31
74
68
11
11
37
3
6
51
2
24
63
58
14
20
53
61
0
26
63
47
52
0
23
6
4
39
62
8
32
64
66
64
70
56
12
13
19
38
64
36
36
35
58
0
59
33
12
68
52
21
16
32
9
53
16
69
66
41
47
73
36
14
64
1
36
37
52
55
0
73
79
56
51
26
67
59
31
76
68
14
7
35
69
39
56
27
56
0
1
21
52
12
57
9
35
1
34
22
2
19
69
34
39
65
67
52
36
7
6
58
1
24
79
55
69
21
13
6
53
60
31
2
3
77
15
40
64
46
31
61
49
53
17
66
52
50
70
77
36
41
78
12
62
33
79
74
61
60
8
18
33
14
29
56
51
7
58
13
70
32
14
13
38
6
7
40
49
75
41
69
37
16
51
54
31
57
76
27
42
15
66
16
15
63
22
64
55
64
60
46
77
59
61
19
29
31
43
65
11
58
43
58
38
73
6
58
9
11
22
29
12
1
55
47
22
66
52
36
75
60
21
31
29
4
54
34
5
7
9
16
12
41
59
35
64
5
17
65
48
68
73
15
45
6
18
6
24
19
68
49
70
26
75
73
52
51
71
35
23
4
62
43
12
49
26
74
66
63
21
37
21
34
8
19
60
79
8
47
78
60
38
29
54
49
56
6
0
32
29
68
19
74
28
9
55
67
12
32
0
9
16
58
32
12
36
64
25
62
0
23
67
63
77
53
68
65
59
35
18
13
71
24
44
42
66
51
14
14
77
46
48
19
74
34
26
79
39
49
1
9
19
2
51
56
21
72
74
75
71
26
55
13
32
17
57
40
50
79
56
73
77
71
71
47
71
23
70
44
50
51
21
10
56
75
1
6
61
74
65
38
37
42
3
12
78
26
57
20
28
60
53
39
29
67
3
48
17
12
11
48
36
35
30
66
16
12
69
76
45
58
53
28
66
56
24
59
48
58
