14
22
7
10
26
3
15
21
22
8
17
9
27
7
31
22
26
28
21
22
31
6
30
1
8
31
5
5
10
9
5
8
17
20
7
3
26
29
3
8
27
2
11
10
14
24
11
23
14
29
9
31
23
23
14
9
25
29
12
3
20
23
3
14
31
4
13
3
30
23
22
2
16
0
3
17
18
2
19
4
0
25
23
12
16
12
17
21
23
1
29
14
15
31
20
7
20
20
11
25
1
13
27
19
12
28
26
14
16
29
24
8
7
14
4
4
15
21
7
10
24
24
5
20
14
29
19
0
22
0
22
4
14
15
21
1
18
21
1
10
30
7
21
30
0
13
6
18
4
23
24
23
31
19
19
9
28
0
21
4
13
13
9
12
24
7
10
9
14
7
8
5
28
4
20
19
25
18
21
17
1
10
18
2
0
1
16
28
28
30
22
9
1
17
7
21
27
28
17
4
24
20
27
11
3
15
9
3
4
25
13
11
24
16
2
8
4
11
4
26
23
28
23
10
18
21
10
8
19
19
6
10
31
20
23
11
14
6
5
15
10
25
23
6
17
24
13
10
0
28
2
28
7
8
29
30
22
19
21
11
16
3
25
7
18
3
8
24
4
0
29
27
18
23
31
9
23
12
24
12
9
17
0
12
2
2
12
22
3
31
8
18
24
31
24
15
16
27
31
19
5
2
31
30
8
20
22
14
15
27
22
19
21
6
16
29
12
30
2
14
5
29
11
22
11
16
16
7
1
14
19
21
20
10
14
18
9
30
12
17
17
1
25
8
29
17
26
10
24
9
6
7
27
17
0
21
11
0
10
3
6
4
26
25
28
8
24
27
13
26
27
12
1
27
2
25
8
28
19
3
0
3
27
17
15
12
4
10
13
23
21
9
25
14
6
1
30
2
5
9
6
23
6
2
5
12
0
10
4
0
17
26
30
17
13
7
22
19
14
11
27
21
18
10
4
20
5
5
10
2
1
11
23
29
21
8
29
15
25
25
17
1
7
19
28
13
10
8
25
17
18
26
23
27
6
18
19
4
9
17
10
20
26
11
22
27
27
15
3
31
0
26
2
1
14
6
12
13
9
6
1
26
1
7
13
17
6
29
24
6
28
16
0
13
23
3
31
22
6
8
15
3
19
24
27
25
28
17
0
9
5
21
6
21
26
23
10
18
22
6
22
27
27
4
21
10
24
31
17
0
12
3
24
13
27
18
19
16
20
19
15
17
10
16
18
18
20
19
16
3
9
11
18
4
2
31
28
0
0
27
31
12
5
13
21
21
3
25
23
22
2
1
4
30
24
26
19
1
5
1
25
28
9
13
10
21
16
11
13
7
0
23
5
11
16
4
1
27
7
23
17
22
6
23
6
19
21
21
29
17
3
19
2
29
16
24
7
5
1
0
29
25
27
8
24
28
11
28
0
3
25
1
14
27
17
17
19
13
1
5
19
3
30
26
1
10
30
15
8
12
11
25
0
30
15
28
10
30
14
29
6
22
11
8
26
14
26
28
15
29
1
15
31
0
20
12
15
12
5
3
9
13
27
22
26
4
11
2
29
13
23
29
2
16
12
31
8
3
2
8
5
18
4
29
28
13
1
3
30
20
24
6
5
26
11
12
11
23
18
25
25
9
3
21
30
19
30
27
24
16
7
6
15
15
14
22
26
24
29
17
2
8
24
20
6
7
25
6
9
18
25
18
15
22
11
13
29
6
25
18
26
26
27
27
5
4
0
13
10
29
31
9
26
17
25
29
0
26
30
19
28
28
25
28
7
10
13
8
11
22
25
8
19
22
30
31
15
19
11
2
4
17
14
31
5
21
29
0
13
29
2
28
7
30
6
4
11
20
12
28
18
29
4
13
0
25
30
6
10
28
21
8
21
10
2
13
18
6
9
15
5
1
27
6
26
23
23
10
13
14
11
16
8
15
7
19
19
5
17
28
3
30
18
15
29
27
20
17
12
0
24
19
25
8
15
15
23
2
9
27
26
21
12
21
13
7
7
4
31
2
30
20
17
13
0
23
20
15
7
29
31
27
19
13
25
20
26
12
13
2
29
7
20
16
12
26
17
29
5
7
18
13
20
28
31
21
22
5
6
7
16
8
31
1
6
26
7
10
24
11
15
18
9
10
2
11
21
15
10
10
24
22
22
13
19
24
31
15
5
9
9
21
6
11
27
20
23
8
18
16
22
19
30
10
22
29
15
28
31
17
14
20
7
11
3
25
1
4
30
14
13
23
14
26
30
29
5
7
28
31
7
20
15
19
12
24
31
9
0
30
28
10
13
9
14
7
18
18
24
1
5
14
17
16
4
22
22
7
21
29
20
25
20
27
28
1
11
9
31
18
1
1
3
27
8
20
16
17
25
24
0
4
31
15
28
15
14
14
15
31
5
24
14
21
30
15
4
31
2
0
8
13
23
27
12
26
27
15
7
9
2
0
31
4
31
31
19
16
23
24
17
6
26
7
30
13
12
11
10
16
3
3
12
12
11
31
11
20
26
7
21
19
26
23
14
20
12
6
5
27
5
9
11
21
26
16
12
27
30
19
21
18
4
8
29
20
2
5
6
19
9
18
26
11
1
1
5
19
13
7
4
29
3
16
1
22
4
29
23
24
31
23
30
0
8
16
26
31
13
0
7
30
17
11
5
25
15
7
28
22
5
14
27
10
31
4
11
22
30
5
15
16
24
29
3
1
0
23
14
12
23
9
2
6
6
22
8
31
31
3
20
16
22
23
28
3
31
16
2
26
26
30
29
6
5
14
9
13
25
24
25
3
24
25
20
20
14
28
16
3
20
13
29
29
16
17
11
9
17
23
23
11
19
4
1
15
24
22
1
28
14
16
4
0
4
12
30
21
8
21
5
22
22
4
18
3
12
14
12
10
9
30
27
20
16
5
20
23
20
28
25
24
8
11
30
16
25
16
9
19
3
18
21
28
26
30
15
6
12
1
28
19
18
19
23
20
8
0
30
14
22
22
9
6
29
2
0
10
10
3
6
8
27
14
28
16
5
10
8
14
11
28
30
16
24
13
2
8
18
18
9
2
25
12
27
17
6
12
8
1
30
21
3
5
19
13
6
7
22
15
2
14
0
24
5
25
30
8
29
16
2
25
2
25
12
7
3
15
9
16
18
2
18
4
12
12
7
4
3
1
16
2
3
18
2
8
22
24
29
10
27
16
0
17
12
26
11
9
15
15
26
4
5
21
26
31
1
20
21
25
1
26
5
9
24
14
28
23
18
2
20
11
17
13
18
0
27
30
17
18
21
2
24
