18
33
15
16
55
5
16
42
52
25
35
28
35
14
60
32
49
47
55
54
62
8
61
2
20
61
15
13
27
30
14
31
51
57
15
7
49
44
6
25
37
5
30
16
29
62
19
49
24
34
31
61
54
58
25
20
41
44
22
6
54
63
7
29
61
15
23
6
56
37
54
5
59
0
7
58
32
4
45
15
0
55
57
30
59
22
58
36
48
3
44
21
31
52
49
8
54
54
18
56
2
23
63
45
16
48
53
29
42
38
62
28
10
19
15
10
19
42
9
23
35
39
15
51
17
34
44
0
33
1
50
10
18
19
45
2
37
37
2
29
38
15
55
46
0
26
8
36
12
38
47
62
61
46
41
30
35
0
40
12
21
23
28
16
34
12
29
25
30
10
19
12
48
11
61
44
49
43
40
58
2
21
34
5
1
2
39
46
34
48
42
20
2
51
9
50
37
52
57
15
35
49
51
19
5
17
24
6
11
41
27
18
34
36
4
17
15
24
11
54
54
52
37
17
33
50
27
28
45
32
8
27
61
59
40
31
18
13
14
29
16
38
57
9
35
63
21
27
1
57
5
53
9
17
37
63
32
41
36
20
51
6
43
9
58
7
27
60
10
1
53
59
39
38
46
28
57
16
39
22
28
58
0
16
4
4
20
53
6
60
20
43
62
55
41
21
36
49
52
46
12
4
61
63
31
45
33
29
21
60
53
43
40
10
39
48
22
40
5
21
14
40
30
54
18
36
40
15
2
18
44
42
61
27
20
63
21
49
24
33
38
2
63
17
52
51
49
27
47
23
13
8
60
56
0
45
24
0
22
7
12
11
50
55
47
16
62
32
25
56
47
30
3
32
4
62
17
34
37
6
1
6
55
52
21
20
11
16
22
52
40
21
41
17
13
3
61
4
15
28
8
58
13
4
14
31
0
23
10
0
51
61
48
36
24
8
42
59
31
18
53
42
39
19
11
43
12
11
29
5
3
30
38
40
45
17
57
29
46
40
61
2
9
36
47
26
23
20
48
46
58
53
50
53
11
46
36
14
31
59
16
45
48
24
33
58
41
18
6
43
1
37
6
2
18
8
22
26
24
13
3
49
2
9
27
46
13
37
40
8
48
40
1
24
43
6
49
50
9
17
16
6
41
34
45
56
39
58
0
18
12
52
9
46
44
50
16
50
33
11
52
47
32
12
63
30
46
55
58
0
24
7
35
26
54
57
42
34
60
42
23
55
26
59
36
33
57
42
61
7
25
28
58
10
5
39
57
0
1
60
47
24
11
31
35
36
7
45
38
33
5
2
14
56
34
49
39
3
11
3
54
35
23
26
27
35
35
30
25
14
1
51
8
17
45
13
2
32
8
35
33
42
9
35
13
44
54
58
52
52
7
32
7
38
60
41
15
11
3
0
41
32
48
28
63
53
19
39
0
7
41
3
17
41
56
58
45
19
3
14
47
5
63
53
2
30
61
20
27
22
24
43
1
38
29
35
25
48
18
56
11
33
30
31
59
19
53
43
29
37
3
29
60
1
45
22
20
22
12
6
28
21
44
52
55
11
16
5
43
26
40
43
5
34
22
42
29
6
5
31
11
37
14
34
47
16
3
7
61
53
62
13
14
55
27
22
18
57
50
48
60
31
7
53
60
36
59
56
46
36
12
9
21
19
29
52
49
40
43
58
4
16
62
54
9
10
45
8
17
32
32
43
29
43
24
26
44
13
46
32
55
55
42
32
14
11
1
25
19
44
61
25
55
57
48
38
1
63
56
44
34
63
32
56
15
27
21
26
19
42
52
24
44
33
62
54
17
59
19
5
12
39
17
52
14
54
46
1
26
41
4
35
14
42
11
12
28
55
22
38
37
44
10
18
0
39
45
8
23
59
50
28
54
29
5
26
51
13
30
21
9
3
55
9
45
43
48
25
31
24
16
51
26
16
15
44
39
14
51
35
7
50
37
16
53
47
53
58
22
0
58
43
54
31
20
29
40
5
31
42
55
36
28
44
27
10
15
14
56
4
60
45
35
22
1
57
53
30
10
34
60
47
47
27
56
44
53
23
20
5
47
10
55
59
22
49
51
40
12
10
32
26
49
35
60
39
61
12
8
8
50
17
61
3
11
59
9
23
35
19
23
51
27
23
4
24
50
21
23
19
39
33
52
26
36
62
43
16
9
28
25
42
8
30
37
57
37
18
37
33
50
47
47
27
33
39
20
47
39
59
18
48
14
19
6
48
3
13
56
21
31
51
28
60
56
34
15
10
35
60
10
49
20
46
23
58
52
20
0
47
53
19
21
25
18
12
50
59
42
3
13
19
51
63
13
52
41
10
56
38
59
62
49
37
53
2
24
28
47
63
3
2
7
54
19
35
59
51
62
34
0
12
33
20
37
26
21
18
21
60
12
62
24
51
59
29
11
46
4
1
31
23
50
37
28
55
32
22
11
30
5
0
60
10
39
55
40
59
38
34
58
8
51
15
56
22
23
30
25
36
7
6
22
30
31
46
18
56
63
14
46
46
49
48
19
54
22
8
14
44
14
24
18
42
55
34
23
61
61
36
56
32
11
26
43
54
4
8
9
36
31
51
60
28
3
2
8
33
20
10
10
38
7
50
2
41
13
39
57
62
56
40
41
1
26
59
53
60
22
1
8
47
51
17
15
62
29
9
53
54
11
17
41
27
45
13
30
45
38
15
26
41
63
53
7
2
1
43
26
22
57
25
5
12
9
50
26
52
34
6
54
61
63
39
63
7
40
50
5
33
49
38
47
8
13
29
20
21
41
62
39
7
32
32
63
49
26
59
59
5
57
23
34
35
56
51
24
27
33
57
46
19
42
12
2
29
63
43
3
57
17
41
14
1
12
25
43
46
20
50
9
58
33
13
50
6
30
18
24
27
25
48
32
57
36
12
38
48
49
35
62
62
27
30
49
36
40
53
25
43
6
58
50
52
38
48
20
13
28
3
47
42
43
45
47
45
27
0
62
28
33
33
28
9
45
4
0
27
22
7
13
31
63
25
36
34
12
25
16
25
31
33
61
37
60
23
4
31
58
37
25
4
62
29
42
38
10
30
25
3
55
56
6
14
45
26
10
10
42
21
4
17
0
62
15
44
46
31
44
51
4
32
4
52
23
15
6
17
20
36
39
4
59
15
29
30
14
9
6
3
41
5
7
58
6
19
54
62
40
16
38
41
1
38
23
44
18
28
17
21
49
11
9
40
55
46
2
57
50
44
2
48
12
17
62
21
34
63
57
4
57
24
39
26
51
1
60
48
61
37
38
7
41
