19
50
73
54
4
36
54
59
28
44
64
4
38
73
31
5
24
49
2
21
28
34
32
10
18
23
71
59
77
51
0
26
17
30
58
33
44
16
24
15
48
17
8
29
22
27
11
8
23
58
54
34
14
32
9
53
79
64
29
66
71
10
74
11
37
18
34
9
13
61
55
68
58
9
60
40
38
59
79
5
46
26
3
6
61
22
60
55
39
24
25
72
23
77
36
79
69
2
47
56
14
63
70
43
56
40
6
75
49
62
36
47
37
15
74
33
69
71
69
50
66
0
30
69
41
52
65
76
76
21
68
76
39
46
28
53
16
43
34
27
46
41
78
36
38
21
12
42
61
64
49
22
75
19
79
57
65
39
31
3
46
72
25
74
79
51
67
6
54
48
49
44
14
42
52
9
66
68
1
19
7
28
64
19
8
59
12
14
1
62
11
