7
21
28
22
0
8
23
18
10
16
30
0
14
21
14
3
13
16
1
11
10
11
15
4
7
12
26
21
17
22
1
9
6
10
24
15
16
6
13
6
31
6
2
9
12
8
4
2
12
29
22
9
5
15
3
23
21
30
10
25
26
4
26
4
11
7
11
3
5
27
26
24
29
3
25
29
14
18
31
3
19
9
0
3
27
13
24
18
15
12
9
23
12
17
13
21
27
1
17
18
5
24
27
20
18
29
3
23
31
27
13
17
11
6
26
15
31
28
27
22
25
1
14
24
28
16
25
20
31
9
28
20
15
19
10
23
6
20
11
8
19
28
17
8
15
12
5
29
25
30
19
15
23
7
20
21
25
13
14
0
19
24
8
17
20
16
31
2
22
29
19
16
5
29
22
2
25
28
0
7
2
10
30
7
2
18
4
5
0
30
4
