69
15
19
14
7
71
30
12
10
74
25
29
44
4
21
12
15
76
30
38
24
17
0
54
35
35
4
62
3
7
35
47
1
54
29
42
35
23
44
22
39
17
71
40
73
54
40
59
64
3
71
58
8
72
74
25
18
31
22
30
46
46
44
76
57
23
59
3
75
38
51
70
16
63
43
79
19
36
38
49
0
60
41
14
68
68
28
23
78
53
57
68
17
36
62
73
48
42
65
30
40
72
19
69
17
59
73
44
17
60
64
37
42
20
36
34
30
13
45
68
50
32
65
54
46
62
15
48
66
62
55
75
31
23
34
71
15
10
68
24
33
37
64
68
39
30
73
62
3
10
76
64
8
5
2
68
55
1
53
41
51
32
35
70
31
57
23
17
61
29
72
49
61
71
27
52
26
47
9
67
59
74
16
20
9
18
43
0
18
72
23
1
19
76
3
18
57
32
19
38
6
3
78
35
34
24
46
9
3
30
78
73
71
41
49
60
71
68
3
37
36
2
78
8
70
74
27
20
56
51
78
17
43
6
33
73
22
66
45
9
51
14
14
74
75
42
40
64
29
19
9
36
38
25
7
73
17
5
72
43
45
11
22
32
33
56
56
31
71
72
58
27
18
3
13
63
73
6
22
77
48
36
64
75
79
27
29
50
16
79
62
4
61
62
3
38
55
50
69
51
32
29
48
42
69
55
77
69
28
43
40
58
79
61
17
43
56
39
12
52
3
50
77
10
19
45
21
5
44
39
76
70
62
37
20
10
6
15
39
7
21
26
60
7
79
65
18
79
70
16
61
52
42
68
43
13
57
55
43
61
49
50
61
4
5
67
47
21
33
32
69
39
75
55
65
17
49
54
44
78
13
16
1
36
9
39
13
10
67
25
48
61
49
14
51
28
34
68
49
24
34
62
71
77
25
47
66
62
46
66
73
26
74
25
47
40
50
12
57
7
29
8
56
4
13
27
40
58
52
37
55
66
32
5
66
74
68
58
76
76
68
74
69
21
65
29
8
60
24
46
5
70
58
49
42
20
56
10
52
35
22
78
63
34
37
26
73
73
58
18
2
40
76
26
62
7
10
71
55
69
29
70
46
14
39
3
16
54
59
77
38
76
41
5
42
77
56
61
65
0
79
61
20
75
18
16
25
6
41
75
58
9
66
28
30
74
4
34
33
5
4
40
48
46
6
68
42
71
63
52
50
59
78
44
14
16
74
59
8
73
32
0
63
25
42
53
63
46
45
52
29
56
73
22
31
75
79
53
50
30
25
69
54
52
77
45
39
27
79
41
36
56
49
71
21
9
67
66
50
38
34
11
38
28
15
48
51
29
24
59
15
67
57
25
1
69
47
46
75
55
62
20
41
2
58
28
15
15
54
12
53
36
3
6
11
44
41
19
63
7
4
6
26
11
67
32
44
44
67
36
79
15
20
59
24
66
67
75
77
56
11
65
28
32
23
57
21
27
79
25
67
10
55
54
32
73
49
72
24
79
34
49
29
8
52
71
2
9
33
33
31
1
4
4
26
17
74
76
74
66
8
2
34
25
0
48
77
39
13
38
41
31
51
27
30
21
27
12
44
1
28
38
33
41
59
74
46
46
61
3
8
28
7
0
53
17
2
5
42
53
68
11
20
48
70
24
65
54
68
6
57
64
66
44
31
32
52
34
38
64
42
54
14
14
61
44
10
14
47
61
65
39
79
3
58
79
66
15
14
48
27
10
11
44
31
47
57
7
48
34
42
59
63
59
25
22
64
28
13
66
45
56
18
63
72
63
23
62
32
5
70
13
65
76
29
30
45
35
62
41
12
52
40
21
63
60
47
9
30
57
52
12
77
22
11
75
48
58
69
56
76
5
2
52
60
31
54
13
35
2
15
61
36
19
7
77
9
37
36
13
53
29
47
10
18
34
44
61
22
22
1
12
52
78
29
3
73
35
68
69
24
43
38
77
21
32
77
28
38
9
60
2
56
67
63
24
38
6
40
69
22
21
2
53
17
36
78
19
55
3
64
51
27
10
79
67
21
2
62
23
34
47
33
43
33
12
2
42
27
21
14
49
51
24
12
60
64
43
25
69
31
45
18
20
60
70
18
39
33
7
58
5
35
16
30
26
78
21
79
72
29
31
7
75
72
13
46
17
50
19
50
75
10
50
28
50
32
4
64
76
76
60
23
49
19
51
20
26
76
49
31
54
70
78
13
45
64
37
12
57
76
19
45
65
43
61
11
53
47
77
61
4
7
33
21
45
26
43
66
23
7
57
70
50
36
26
22
23
23
26
73
41
73
54
75
69
61
40
58
65
65
55
6
20
11
53
44
48
46
28
14
64
45
51
33
41
52
64
33
11
31
30
78
8
16
48
6
18
79
63
26
29
13
19
28
35
8
77
37
56
17
2
10
66
2
75
14
60
1
24
11
59
67
72
8
53
6
57
74
13
37
18
15
4
67
39
71
71
8
27
39
31
37
68
41
5
78
14
16
32
51
72
13
5
35
72
13
54
15
16
67
11
37
63
64
63
55
60
0
6
28
7
31
72
66
37
11
0
58
13
49
33
46
69
17
31
27
0
54
21
17
39
50
27
5
26
66
67
49
6
38
34
0
28
67
32
48
16
40
56
51
42
26
39
72
0
35
40
4
1
69
8
9
36
19
29
6
19
43
79
41
7
74
16
52
15
4
55
75
59
8
72
15
35
36
60
74
49
65
32
57
38
36
57
42
21
8
20
46
63
77
65
39
59
18
27
53
58
64
40
56
15
16
22
43
64
20
78
69
68
12
72
28
9
1
45
4
28
11
17
54
47
34
51
77
59
3
70
30
6
64
16
23
1
11
45
47
55
31
30
18
40
70
23
71
47
70
79
77
44
30
43
24
54
26
44
35
20
0
56
75
52
57
54
38
78
37
71
65
24
46
50
34
76
9
69
2
20
36
73
70
40
49
26
63
25
12
25
33
9
70
11
33
53
43
4
5
51
19
20
78
1
78
53
57
46
53
24
63
33
25
53
48
1
74
24
65
35
34
48
24
72
23
0
53
50
27
10
14
58
1
47
42
9
76
1
39
12
12
1
45
4
66
22
22
23
55
18
14
23
21
12
59
9
62
60
55
74
2
51
59
48
5
45
16
41
60
0
1
9
0
67
0
8
58
37
60
58
71
11
39
22
10
40
26
41
19
6
43
49
56
18
37
8
27
51
37
47
16
14
