6
28
17
11
10
26
25
0
38
7
10
10
29
35
38
2
8
1
16
43
34
33
21
3
4
42
43
35
47
7
37
0
31
5
43
25
45
45
44
22
26
26
2
26
26
31
16
32
39
4
38
31
39
2
24
9
47
16
14
4
21
2
34
4
33
29
8
44
17
31
33
25
18
25
24
45
47
21
18
39
30
37
43
4
32
32
37
42
18
5
24
32
6
25
44
35
14
17
17
18
3
23
21
41
13
13
38
0
19
1
9
1
7
42
30
32
47
10
20
28
16
33
14
1
34
8
5
17
31
36
13
22
39
39
10
8
35
35
38
11
22
45
32
27
34
35
43
37
16
43
38
22
7
0
43
10
22
29
22
41
0
2
30
0
47
44
14
32
32
20
13
24
16
43
10
19
6
8
39
25
6
46
39
16
4
7
16
27
46
45
29
35
45
15
31
22
3
36
14
20
24
10
16
26
33
21
15
45
42
27
39
19
42
25
47
25
6
32
28
40
34
47
40
47
24
13
5
13
19
14
42
43
40
2
26
32
37
38
21
33
35
25
11
44
45
9
26
29
22
17
20
34
41
47
11
38
31
38
40
22
13
6
24
18
18
34
42
41
4
17
5
44
7
29
18
43
41
3
19
31
3
6
22
6
5
12
36
43
27
32
37
39
18
41
15
11
33
6
9
26
23
11
40
34
42
22
1
35
17
17
36
40
43
10
12
22
23
29
0
36
32
11
11
42
36
4
22
5
19
27
36
0
1
33
5
35
29
41
43
16
27
11
5
23
19
10
3
22
46
2
31
24
10
34
23
44
6
34
8
47
11
13
30
46
39
43
9
18
17
6
26
2
18
13
17
2
12
32
7
12
33
12
2
33
22
7
28
20
8
6
11
43
46
13
1
27
26
38
44
26
37
27
16
35
35
42
8
29
32
45
28
36
5
33
47
12
19
36
1
45
4
18
2
5
34
23
45
46
32
26
38
37
2
37
44
23
39
20
25
35
34
39
37
43
0
45
44
33
1
7
20
4
31
13
0
25
6
39
23
32
7
13
42
31
40
31
33
28
17
34
15
38
42
12
36
35
7
13
47
23
47
7
13
17
24
11
4
22
24
19
14
16
8
31
1
44
39
45
42
30
20
4
8
26
10
33
25
3
38
39
23
18
21
41
2
39
13
37
2
15
21
36
4
29
12
34
27
14
15
17
5
27
38
38
20
12
47
31
4
32
28
39
5
5
19
35
15
39
17
32
40
5
8
22
26
14
8
33
12
27
38
44
0
14
8
18
29
2
11
25
45
14
43
25
38
41
23
29
12
39
33
30
19
12
46
16
9
40
9
7
20
38
14
46
6
40
3
3
14
32
32
30
0
45
47
19
16
37
32
25
32
14
44
29
6
0
41
27
12
3
7
4
30
15
24
32
17
3
2
35
29
23
45
44
43
24
23
1
1
15
15
14
42
29
9
3
46
24
2
14
35
20
28
10
37
42
17
45
11
10
15
42
30
29
29
1
10
44
0
34
28
47
33
9
2
32
28
10
47
30
1
23
19
46
22
36
30
19
30
24
32
8
9
15
14
18
43
15
38
14
13
26
0
47
37
18
5
5
33
5
42
37
17
1
27
43
4
27
15
44
33
6
10
1
42
30
1
40
29
10
18
12
23
17
10
44
8
10
38
43
20
2
12
9
21
21
36
47
29
21
29
36
13
34
38
20
24
37
3
9
36
16
7
8
27
15
29
3
46
25
22
46
9
9
28
0
33
23
14
12
13
17
45
23
31
27
9
12
15
8
44
35
34
7
16
24
8
13
43
28
19
3
13
47
41
43
3
26
2
26
41
17
21
41
14
6
6
5
28
18
26
28
11
34
21
16
28
28
27
0
25
5
37
20
41
0
44
44
22
26
15
46
36
13
33
31
2
45
18
1
45
18
9
14
46
37
4
46
6
42
34
9
14
1
3
2
28
3
34
41
21
23
21
40
22
17
27
12
19
45
7
4
28
29
28
19
42
42
34
33
23
12
35
43
46
19
26
2
39
3
21
27
46
9
7
41
8
9
5
0
0
23
22
1
11
18
46
47
42
23
10
47
8
24
5
40
2
44
18
10
35
0
21
12
13
17
36
26
40
40
9
37
21
34
15
37
8
8
41
3
20
15
41
25
23
15
7
37
29
29
4
28
13
27
10
45
23
26
30
40
46
1
16
36
13
25
30
19
40
20
32
45
35
3
5
20
6
9
24
19
16
15
47
11
20
39
37
31
19
39
12
41
15
1
10
34
24
15
8
7
34
19
7
47
13
23
30
7
2
20
3
40
31
12
16
45
35
18
30
30
25
16
25
38
40
16
29
26
27
30
20
15
27
26
33
25
35
1
22
19
20
3
28
24
46
42
11
24
30
47
29
17
7
36
35
15
31
14
40
9
46
18
39
36
36
44
3
38
4
14
41
33
20
37
46
10
4
43
42
36
40
34
13
40
4
33
40
4
32
23
6
3
6
5
15
25
21
30
31
47
5
6
23
19
35
38
9
0
22
8
38
18
36
41
14
3
0
29
16
19
29
47
40
39
27
46
42
24
10
24
9
2
7
46
6
28
1
28
42
25
6
38
43
36
39
39
41
41
26
33
25
41
25
11
40
28
26
41
4
41
31
21
12
33
14
11
1
31
12
36
4
30
32
24
45
3
47
12
1
8
45
37
15
46
41
39
44
13
34
21
35
28
20
38
31
41
10
46
26
13
37
0
34
1
40
16
38
15
44
2
41
9
10
44
20
12
44
23
8
46
19
9
0
24
7
18
40
37
22
16
8
11
18
8
27
43
22
25
31
16
37
38
6
19
23
26
10
2
35
22
28
25
27
4
31
46
33
20
25
4
2
5
35
35
40
7
36
19
11
14
21
5
5
5
37
29
42
32
1
17
17
22
6
1
23
40
31
21
35
11
7
21
23
0
21
38
27
44
36
14
46
30
13
21
17
47
28
20
27
5
0
43
6
13
20
11
31
18
26
12
27
19
42
44
47
31
35
29
18
44
3
11
16
23
16
21
20
18
41
9
39
24
39
30
11
30
34
21
34
16
46
43
28
30
12
17
42
44
7
22
3
30
21
9
28
4
45
11
37
30
0
27
33
17
24
47
20
22
45
8
7
8
10
11
4
31
31
11
40
11
0
24
36
30
12
14
17
20
9
34
36
24
15
6
5
