13
32
31
11
14
45
44
7
56
15
14
14
46
38
43
5
9
5
23
51
42
53
31
1
1
50
37
48
46
9
44
6
43
2
48
41
56
55
37
20
37
48
5
42
54
62
24
35
52
1
56
41
52
4
33
10
44
21
30
3
16
4
42
3
59
47
12
58
25
40
52
55
30
45
33
52
40
16
21
41
33
48
55
1
62
35
44
50
19
0
44
39
12
54
49
36
28
27
27
17
1
16
22
59
28
22
40
7
22
6
13
6
15
51
38
62
52
11
17
32
25
55
17
6
48
8
2
26
41
58
29
16
49
60
14
9
39
49
56
11
16
63
50
39
43
33
35
43
24
54
35
20
15
7
53
14
16
39
31
43
7
5
38
7
62
53
28
38
38
27
29
44
24
53
14
26
13
12
58
50
12
46
60
27
3
15
27
39
37
63
45
36
63
29
40
16
1
57
25
17
33
13
26
48
44
22
25
59
51
34
42
17
51
53
41
44
12
47
36
46
42
61
51
57
60
22
0
29
21
25
51
47
49
4
34
59
44
56
18
35
41
41
11
58
59
13
48
54
24
27
17
47
43
37
10
42
35
52
45
20
28
12
48
18
21
36
50
58
3
30
3
61
14
48
19
49
38
0
19
63
0
12
22
13
3
18
53
53
36
48
32
35
23
58
25
10
62
12
8
35
29
11
45
47
51
16
5
36
26
25
40
57
53
10
23
31
20
50
6
56
47
10
10
55
37
2
16
2
18
37
40
7
6
41
2
55
54
35
53
21
36
14
2
26
21
13
1
30
41
4
32
35
14
56
18
57
13
35
9
61
10
19
33
43
60
52
9
16
26
11
59
5
18
29
24
5
26
60
14
18
33
23
4
34
30
15
39
23
9
13
11
40
46
25
5
39
33
37
37
54
56
32
30
39
39
50
8
48
62
63
36
58
2
49
61
19
28
35
6
57
3
23
4
2
56
29
52
32
43
33
61
44
4
57
58
20
36
27
51
63
62
60
56
61
7
57
43
62
7
15
17
3
42
19
5
44
13
61
29
62
15
28
51
61
42
60
59
55
25
54
31
38
50
19
56
63
15
26
52
29
59
15
19
28
48
10
2
22
34
17
28
30
11
43
7
55
35
52
53
45
21
1
9
33
10
54
44
0
42
55
29
18
20
58
4
60
28
32
4
31
16
40
3
34
23
40
41
29
24
25
1
38
56
60
21
20
56
56
3
43
32
58
3
2
22
63
25
60
26
47
37
2
9
20
37
27
9
49
31
41
37
35
7
30
8
18
32
5
8
49
59
29
53
42
55
45
26
53
27
58
54
42
26
18
47
24
8
38
12
14
27
39
19
34
12
51
0
0
27
48
46
33
7
63
46
22
24
45
48
36
38
25
57
32
11
7
51
34
30
0
15
0
33
24
34
35
30
0
4
36
53
18
56
57
53
34
20
5
5
25
31
23
50
50
8
1
40
63
4
19
49
21
38
11
58
51
29
42
10
14
17
62
46
57
54
6
12
55
7
40
41
37
44
10
5
36
34
14
46
34
6
29
17
63
31
54
33
21
46
33
48
9
8
31
17
19
51
22
60
27
25
45
7
61
32
19
2
1
50
3
51
38
24
6
34
49
3
39
25
57
49
12
10
5
50
46
6
41
55
14
18
18
21
17
15
61
8
10
53
52
21
5
30
8
30
19
41
47
42
20
54
54
29
42
52
19
55
34
0
8
40
24
15
9
34
29
57
0
47
54
29
40
13
8
41
7
62
29
17
23
28
17
62
28
42
39
10
23
24
9
37
50
42
9
17
34
8
28
47
52
19
0
28
46
43
49
1
48
4
33
43
27
30
59
29
12
12
2
34
27
45
38
10
43
16
23
52
34
41
4
44
2
59
30
58
7
57
58
31
34
18
47
37
24
33
61
6
57
20
6
57
23
8
31
47
50
6
52
13
50
54
14
19
6
1
4
38
1
42
63
16
18
22
45
31
24
39
18
19
57
15
3
39
54
51
22
51
52
63
33
23
18
39
47
59
22
36
4
44
0
20
41
42
8
13
58
9
13
1
7
6
25
31
5
11
23
36
57
50
31
10
59
9
54
2
45
4
53
19
14
36
7
30
23
31
26
35
45
58
43
14
56
20
43
26
58
14
8
51
1
21
24
58
44
21
22
9
59
34
54
3
60
28
39
14
34
31
33
46
37
55
4
27
41
28
32
46
22
45
27
43
52
56
1
2
21
9
8
36
22
26
25
37
10
21
61
59
61
26
52
20
41
25
3
11
42
63
24
12
15
53
17
15
59
30
21
36
13
7
19
0
55
62
18
24
62
63
20
46
43
49
24
51
50
47
26
32
60
36
40
22
22
41
48
51
45
55
6
30
21
21
0
34
55
63
57
10
44
43
54
53
27
15
35
63
22
47
19
45
8
47
16
63
59
40
53
1
56
1
28
58
62
23
38
47
11
2
61
52
37
57
42
28
60
3
49
36
3
45
27
12
0
13
2
17
45
31
36
48
62
2
13
20
17
55
38
8
6
16
9
50
21
38
58
28
0
6
32
26
22
63
57
60
38
49
62
51
34
14
37
15
5
15
59
13
39
4
32
57
32
12
36
49
56
63
60
58
54
44
55
35
38
61
10
47
61
33
42
6
51
32
25
17
44
31
11
4
62
30
40
1
46
35
60
52
1
49
23
5
8
34
40
29
39
47
63
61
28
42
20
62
36
16
53
61
58
15
59
54
28
54
4
41
6
55
19
37
22
35
7
45
8
14
40
21
18
51
29
9
59
21
12
7
33
13
18
60
32
16
29
12
13
18
9
39
47
16
61
62
24
45
60
13
17
25
37
15
5
48
16
32
44
39
3
62
47
33
30
44
3
5
2
39
42
57
15
56
22
10
30
16
2
0
2
60
48
50
36
5
24
26
31
12
4
31
55
40
22
63
11
15
25
20
6
19
60
39
32
40
23
47
38
28
30
27
56
38
23
49
3
7
53
12
25
27
11
46
18
45
23
34
17
51
53
46
43
55
63
20
49
0
11
27
20
27
30
21
21
59
10
61
44
52
46
11
46
32
20
48
26
61
55
60
46
23
24
50
61
15
16
0
49
26
8
58
1
39
11
43
38
4
32
62
26
46
50
17
16
52
11
14
9
11
11
3
41
40
13
49
10
5
33
49
45
26
31
24
28
12
40
56
48
31
9
0
