23
29
9
30
25
9
31
6
12
26
27
7
16
19
30
25
22
6
28
27
5
11
12
25
24
29
5
23
29
12
22
26
11
22
16
19
31
18
31
12
20
27
13
16
11
6
23
8
0
17
11
30
2
3
4
10
22
3
1
8
25
23
8
29
10
7
28
28
19
17
23
18
13
10
16
26
24
11
12
12
19
10
3
15
24
7
3
25
31
0
18
7
2
10
21
6
16
26
12
4
18
23
4
6
6
21
14
2
20
8
13
24
11
5
3
31
17
0
27
24
24
0
9
30
6
7
23
18
24
20
22
8
23
8
25
11
1
10
21
2
31
15
25
21
3
2
21
18
25
30
10
1
21
21
19
28
20
0
17
14
27
12
6
3
26
26
19
27
8
6
31
24
31
9
24
30
4
11
30
21
23
0
7
5
25
28
29
2
30
15
24
4
5
6
24
15
26
9
14
2
17
7
6
21
15
3
25
7
12
24
4
0
17
10
24
23
19
29
17
15
30
10
11
19
6
21
22
4
16
6
30
29
22
25
5
14
20
0
5
25
12
26
14
13
13
16
6
16
2
21
29
18
29
1
4
5
20
13
5
30
27
1
14
23
22
12
15
9
4
14
9
14
12
26
14
13
28
5
3
12
15
20
19
23
5
15
0
11
7
16
14
14
26
11
25
10
2
21
11
0
27
7
29
24
9
29
7
11
28
1
23
5
27
14
28
1
27
26
2
13
4
0
15
6
2
5
12
10
31
29
22
10
14
27
24
15
27
15
2
20
1
28
3
7
15
24
29
3
27
15
4
8
15
31
24
2
23
19
7
19
2
30
13
23
2
12
3
23
17
22
21
4
3
27
19
30
8
20
15
3
17
9
0
3
24
11
7
21
1
26
14
0
2
18
10
25
13
15
19
21
26
5
18
5
18
1
17
25
6
30
12
13
1
18
10
1
11
1
18
11
3
30
14
16
4
26
20
14
6
19
18
2
10
13
11
17
14
13
1
19
10
31
17
23
28
31
26
20
27
15
18
8
21
20
9
5
30
6
18
1
1
13
3
0
29
29
18
27
3
21
25
12
5
6
9
14
28
9
22
23
23
19
11
16
15
30
15
14
4
13
16
2
0
7
17
0
4
2
18
20
12
30
31
28
4
2
0
31
27
22
13
25
5
11
6
23
19
17
24
31
2
0
16
4
21
26
21
5
20
26
25
18
1
14
5
8
17
19
21
3
31
21
8
12
8
29
30
10
13
15
19
28
23
23
19
27
18
2
21
26
17
7
26
9
15
22
4
8
6
12
11
24
20
4
16
31
27
22
18
3
7
22
29
9
11
13
8
30
17
29
8
31
19
16
30
6
18
28
29
25
10
24
31
28
28
30
11
25
24
11
26
27
20
2
12
2
19
20
10
18
7
24
11
0
23
0
24
20
5
20
4
22
25
14
0
3
8
8
1
28
23
30
9
25
5
29
11
4
15
16
29
14
17
23
22
14
11
22
16
7
5
10
1
4
15
0
5
21
16
27
18
11
22
9
13
10
5
20
22
19
31
3
19
6
10
1
6
8
3
13
6
29
23
3
26
30
7
29
11
21
20
26
3
31
30
5
24
28
30
24
16
3
5
26
24
21
7
12
13
10
9
11
21
15
17
10
2
30
28
18
6
16
29
25
23
11
22
14
1
19
31
0
18
6
7
12
15
4
9
12
20
16
18
18
4
12
13
31
12
31
29
5
16
4
20
7
7
14
8
27
21
17
2
12
13
30
4
22
27
24
7
12
29
1
23
20
18
0
30
18
13
24
10
14
24
22
19
14
12
15
29
10
11
9
25
6
1
16
4
27
27
25
15
15
26
10
17
22
19
16
8
1
21
27
6
25
5
28
22
21
18
12
1
1
29
31
17
16
11
27
2
7
17
0
27
1
28
18
2
1
5
24
13
30
16
17
9
23
20
8
22
1
16
16
10
14
26
1
28
13
31
15
30
1
30
11
6
3
28
23
21
6
11
25
13
16
8
20
29
21
4
5
7
23
29
14
9
8
20
4
23
30
20
16
12
2
13
28
13
23
20
10
14
28
7
22
20
9
10
26
27
7
13
26
0
28
14
28
16
24
24
17
27
15
22
27
22
14
16
30
0
4
25
26
25
11
29
19
18
0
9
14
5
2
0
20
23
24
13
13
10
1
19
19
2
21
14
20
16
8
15
21
7
16
26
23
30
12
6
1
23
2
3
30
7
5
11
21
28
9
31
10
7
19
13
6
3
29
28
16
0
27
6
17
27
18
21
9
16
22
18
21
28
3
29
26
5
21
24
29
3
31
26
3
0
26
9
26
10
15
31
13
4
13
10
4
0
28
29
19
17
13
11
25
17
8
10
28
30
2
0
14
17
26
2
13
18
20
6
7
7
19
0
12
15
23
26
30
22
0
12
4
6
17
27
1
7
28
25
4
26
4
19
5
17
13
17
22
8
8
4
21
15
14
19
21
14
2
5
4
0
4
26
2
27
29
26
29
23
1
13
4
13
8
7
18
9
29
12
3
15
17
20
0
29
22
19
27
12
27
24
9
26
22
8
7
30
2
28
1
26
3
9
28
3
20
28
9
1
31
8
29
11
19
7
28
24
19
2
23
21
9
19
0
3
6
4
17
8
17
15
13
22
7
24
7
16
27
13
8
17
20
25
18
25
6
10
15
15
3
9
30
28
19
17
12
20
11
10
31
28
3
6
8
20
23
24
17
9
28
1
24
2
23
18
18
29
3
6
20
8
29
13
24
27
19
6
9
25
9
21
1
11
18
26
22
4
12
25
3
10
30
8
21
1
24
0
28
30
3
15
8
22
2
16
9
21
20
4
8
26
31
25
22
31
11
1
23
31
8
8
7
27
19
31
3
27
3
10
2
23
6
31
8
1
9
31
15
7
31
18
9
19
28
5
31
22
25
23
25
11
22
14
29
25
6
22
22
20
15
27
27
30
4
24
31
18
7
27
9
7
26
31
16
16
25
5
10
5
0
25
15
0
20
0
14
2
27
0
13
15
12
16
31
26
13
9
21
18
7
0
5
28
26
31
20
19
17
16
10
18
25
11
17
10
2
20
29
25
29
5
16
14
6
5
11
12
2
9
20
17
25
6
30
22
31
19
12
14
14
11
15
10
21
16
22
23
2
4
1
17
28
0
8
17
10
4
21
3
19
25
31
13
17
10
9
22
18
1
5
14
14
5
24
12
23
5
26
9
12
16
14
9
28
8
17
1
29
5
8
31
9
8
3
15
30
11
3
12
24
12
