36
35
20
29
29
20
31
8
13
43
44
8
38
34
44
38
47
10
24
47
8
22
12
27
47
35
10
35
35
14
27
39
22
30
27
47
25
46
31
12
36
45
23
34
17
7
30
15
0
31
16
46
4
3
9
16
24
5
0
22
28
34
21
34
17
8
28
27
24
37
36
32
12
18
42
37
32
21
12
13
27
20
4
14
24
9
3
31
31
2
26
8
5
18
24
9
40
36
20
11
33
29
11
10
11
24
15
4
43
22
14
30
16
6
4
37
33
2
43
46
32
2
23
26
10
7
39
40
25
37
24
16
39
15
36
22
1
20
26
4
31
19
32
36
3
5
26
37
29
36
13
1
26
24
26
33
24
2
44
18
45
17
9
4
28
28
24
45
22
9
36
32
39
16
36
25
10
16
29
29
38
0
9
7
28
40
33
3
46
21
44
7
9
10
35
18
37
21
18
3
30
8
9
24
17
5
27
9
16
41
11
2
31
18
36
41
44
46
35
20
45
23
17
39
8
38
39
11
44
9
44
34
46
28
7
13
26
1
6
36
13
47
17
12
21
42
10
31
5
24
34
25
33
0
7
7
38
14
6
43
28
1
13
38
38
17
21
21
8
18
14
17
16
43
13
14
36
8
4
13
20
37
27
41
6
13
0
17
8
28
12
14
47
19
28
23
3
26
23
0
45
6
34
42
23
33
7
19
47
1
32
6
26
12
25
1
34
45
5
23
11
0
18
9
3
6
13
15
31
25
27
15
17
33
47
21
45
21
5
43
0
46
3
6
13
41
30
5
47
20
11
21
16
37
25
4
44
41
7
26
3
37
13
29
4
23
4
44
41
40
24
10
5
28
39
33
16
37
17
3
31
18
0
3
44
21
8
26
0
38
15
2
3
40
20
29
12
19
24
24
44
10
38
11
40
0
30
28
6
46
17
23
0
38
18
1
17
1
25
21
3
45
15
39
10
36
46
13
10
43
43
3
17
12
19
40
15
15
1
41
18
29
35
39
33
26
38
43
45
17
40
20
33
27
17
6
45
9
30
2
0
14
4
2
35
35
29
45
3
26
36
19
10
10
23
21
28
22
26
32
29
27
23
43
19
46
19
17
10
23
42
3
2
9
38
2
9
5
32
46
23
30
39
43
8
4
2
47
33
24
19
46
6
19
10
38
29
40
44
31
5
1
34
9
26
39
33
7
47
33
39
37
1
13
11
21
27
47
26
3
41
26
22
17
22
30
45
12
19
14
35
26
29
43
45
47
32
4
38
42
41
6
28
22
13
42
10
12
9
22
16
44
37
8
40
32
45
40
41
4
8
35
32
15
20
23
16
45
35
47
16
31
35
31
47
9
40
42
33
44
19
25
29
40
25
37
19
28
32
23
42
47
42
4
20
3
26
38
20
40
6
41
19
1
40
2
27
26
11
43
11
37
38
15
2
4
15
16
1
40
41
29
18
36
6
33
21
7
21
40
34
22
35
41
38
14
17
39
44
7
7
16
1
8
19
2
11
39
43
30
32
18
31
23
14
15
10
43
35
27
39
4
47
11
20
0
9
16
4
23
9
34
32
4
42
46
6
36
21
24
36
28
5
45
25
6
34
40
36
27
29
5
7
33
36
24
7
14
20
17
12
18
39
20
27
20
5
28
27
43
10
29
28
29
40
20
24
19
1
42
36
1
37
8
6
21
21
9
17
17
34
27
26
32
8
14
23
37
13
31
35
6
42
10
24
6
8
12
22
26
41
31
5
13
14
44
8
35
42
46
6
13
34
1
45
34
43
0
46
31
12
32
20
12
45
46
43
18
13
22
34
19
17
21
29
11
2
34
11
27
34
33
22
13
45
23
30
38
44
42
22
1
29
43
6
31
10
27
24
25
46
16
0
0
33
32
41
42
23
33
3
6
34
2
47
1
36
46
5
2
7
46
14
25
35
27
20
32
26
15
41
0
27
25
20
14
41
0
32
14
24
14
25
2
39
19
10
5
28
41
42
9
19
29
23
27
15
30
30
42
10
10
7
39
30
13
19
15
47
11
43
46
26
33
22
3
18
42
14
35
40
18
18
32
8
38
46
21
15
36
45
7
14
39
2
44
21
25
29
32
32
35
30
18
36
46
38
17
34
25
2
9
42
45
44
23
30
38
36
2
18
18
7
5
2
33
32
28
14
12
23
0
27
29
5
35
15
31
28
22
14
24
8
25
37
24
44
20
6
1
33
3
5
31
7
7
12
37
41
22
46
15
7
26
19
11
5
28
25
40
1
25
9
28
45
30
42
21
28
38
40
44
33
4
25
39
8
24
30
30
4
30
43
3
2
45
18
28
16
16
37
12
10
12
21
10
0
40
34
29
35
14
21
44
31
15
23
27
30
5
0
18
30
44
4
17
37
26
6
9
7
27
0
14
17
39
44
41
24
1
23
11
10
35
46
0
6
41
47
11
38
11
29
8
39
13
27
30
15
15
8
26
19
15
38
34
12
3
11
7
0
11
45
3
25
35
37
34
43
1
22
11
14
22
6
40
12
35
14
3
16
31
41
2
35
32
29
45
18
45
36
20
42
38
23
8
25
4
32
1
38
4
13
39
3
33
24
16
1
40
22
35
17
44
9
43
41
44
5
43
24
14
38
2
5
8
7
30
16
31
12
20
37
6
41
9
46
45
18
22
35
39
28
39
29
11
16
22
12
5
15
37
43
47
30
12
41
21
20
41
42
5
9
23
37
43
25
37
20
40
0
25
3
27
25
33
35
3
8
45
15
25
13
47
42
28
9
19
29
21
39
2
19
43
25
39
11
12
31
3
15
47
22
26
2
43
1
35
31
4
17
16
46
5
34
20
24
47
11
16
37
25
29
46
47
17
0
44
28
16
22
6
42
34
36
4
47
5
20
5
32
9
32
17
1
19
31
12
9
32
43
20
27
41
10
31
35
30
42
27
16
38
13
43
36
10
38
42
47
17
42
26
25
8
45
41
32
6
47
19
7
37
36
28
29
35
10
18
11
2
29
20
0
37
1
19
4
47
2
23
14
23
30
31
38
13
22
33
39
7
2
8
34
45
44
42
44
30
44
19
26
38
19
40
12
4
46
34
32
34
7
40
21
11
6
16
12
4
23
46
33
34
7
44
41
36
39
14
13
18
19
12
20
39
46
41
40
5
11
1
30
41
0
22
34
23
8
24
5
27
28
36
15
40
15
22
28
42
1
10
13
18
7
47
13
31
10
33
18
12
47
13
23
33
22
30
0
33
10
15
31
21
15
3
21
37
16
4
16
42
14
