54
44
21
36
45
21
56
15
30
50
48
15
34
37
56
52
55
8
36
52
15
17
28
44
63
44
8
51
37
16
44
43
17
53
46
42
48
40
40
23
57
52
30
36
17
12
33
25
0
46
29
40
4
4
8
24
38
7
2
24
37
36
24
37
19
15
39
44
42
47
54
57
28
22
35
47
32
27
16
22
44
18
7
20
49
15
4
58
40
1
35
8
6
22
46
11
33
48
22
10
60
56
10
10
13
44
19
5
43
24
28
49
30
9
7
46
49
0
50
59
38
0
21
61
13
13
43
32
51
47
62
30
51
29
63
17
3
20
41
4
40
18
32
60
4
5
55
60
37
63
25
3
42
39
42
52
56
1
40
26
44
30
11
6
39
57
42
50
25
8
63
48
47
22
63
50
14
22
36
48
41
1
8
13
63
54
32
4
60
20
58
13
8
14
62
22
39
29
26
5
40
15
15
44
31
7
63
14
20
51
10
0
61
23
59
60
34
58
40
18
57
27
19
44
14
39
56
10
34
8
53
33
55
49
11
19
41
1
14
63
19
52
29
28
27
35
14
35
4
56
36
56
58
2
9
11
48
30
8
57
49
3
19
41
54
31
20
22
9
24
18
31
31
61
16
29
54
15
7
22
30
62
59
54
13
19
0
19
14
32
20
26
49
24
55
27
7
42
27
0
48
12
57
57
27
58
13
21
52
3
51
8
38
20
48
3
36
43
5
30
10
1
16
12
5
8
22
26
41
56
44
26
17
48
62
26
50
20
6
60
2
52
7
10
19
51
53
6
48
18
9
24
31
57
50
4
48
41
12
52
6
63
22
38
6
21
6
48
42
54
41
13
4
49
34
36
31
47
31
6
35
23
1
4
55
24
14
47
2
63
28
1
4
32
23
36
28
18
46
45
53
11
46
9
56
2
53
48
14
61
30
29
2
63
23
3
19
3
51
17
4
57
18
56
14
59
62
19
14
41
56
4
19
28
24
33
30
29
3
42
20
36
40
41
52
61
48
61
44
31
53
25
51
62
19
11
55
15
33
3
3
24
4
0
37
58
39
45
7
42
63
21
10
14
17
26
39
21
34
53
38
59
27
41
18
60
16
28
13
29
57
6
0
8
54
1
11
5
53
61
30
34
38
60
9
5
0
53
50
38
17
59
9
18
14
41
39
46
51
63
6
0
35
11
42
55
43
13
36
43
58
54
3
28
9
25
49
41
44
7
41
47
25
23
24
61
45
24
30
31
36
60
34
62
41
49
53
5
62
54
42
12
39
21
26
57
13
29
8
16
30
62
47
15
33
32
50
63
35
7
15
51
32
23
23
31
25
45
61
43
29
58
46
35
58
15
46
33
33
52
21
56
37
33
45
47
17
46
32
27
61
49
62
5
22
4
35
62
27
41
13
59
18
0
49
1
57
42
9
58
10
47
54
26
0
7
16
31
2
54
62
52
21
38
9
33
22
10
27
46
33
26
59
51
53
28
18
56
34
12
11
29
3
9
23
0
9
52
41
49
40
27
53
20
31
25
11
56
51
44
58
7
58
15
25
2
8
17
7
29
12
33
33
6
55
40
12
58
23
60
57
39
6
43
36
9
39
45
57
44
36
6
11
37
63
55
12
28
23
19
21
30
55
18
47
27
6
34
44
58
13
34
49
38
55
18
59
21
2
36
59
1
35
11
13
20
20
9
19
23
37
45
35
46
8
30
30
47
16
56
43
11
35
8
52
12
15
25
25
60
51
35
6
22
29
57
11
37
55
59
15
25
57
3
48
33
60
0
61
35
31
38
25
16
49
62
42
26
19
20
33
18
19
24
38
10
3
57
11
44
45
48
20
30
43
30
42
47
34
56
17
2
48
60
14
40
11
44
38
51
61
30
2
2
37
33
42
41
27
32
5
15
39
0
53
3
63
41
4
2
11
57
28
34
38
42
27
60
44
24
51
2
59
45
16
26
41
3
53
22
49
31
50
3
34
17
13
6
45
51
55
8
26
37
29
39
25
37
50
52
14
10
12
43
37
24
21
29
55
14
62
55
60
35
21
5
23
57
22
38
33
19
19
40
15
63
58
20
25
54
50
12
28
43
1
37
27
52
34
32
32
39
38
22
51
52
53
29
34
61
1
10
54
45
63
26
50
62
60
0
22
21
13
5
1
37
33
37
26
31
30
2
39
44
4
61
26
60
39
16
26
52
14
37
47
62
57
16
14
2
52
6
6
40
12
13
28
47
54
27
40
26
12
52
17
9
7
49
45
49
0
45
14
36
50
54
52
27
38
58
63
55
60
7
33
43
11
45
32
49
7
33
32
4
1
47
23
39
25
22
50
31
10
28
27
10
1
54
58
44
49
28
26
53
35
16
27
39
34
5
0
19
40
55
6
30
35
40
8
13
12
59
1
31
18
43
51
61
58
1
21
11
14
40
50
2
12
51
49
9
48
10
42
15
39
30
42
40
29
29
9
43
16
26
46
62
28
4
9
13
0
10
55
7
37
43
35
58
56
2
20
9
29
16
12
63
16
61
31
5
29
61
42
1
36
53
46
50
21
50
59
27
55
53
25
15
45
5
32
2
55
7
19
56
7
43
45
22
3
46
24
58
17
58
15
43
51
51
6
54
47
21
47
1
5
10
12
61
17
60
23
22
51
12
59
15
35
50
23
17
39
43
48
40
37
13
20
26
28
6
23
63
37
42
47
23
42
20
18
59
57
5
8
25
47
52
50
47
21
54
2
61
5
59
56
48
36
4
9
43
16
37
28
62
55
41
10
22
38
20
56
3
18
56
48
34
10
16
40
7
25
38
16
60
3
60
1
45
32
6
18
25
62
5
46
24
62
36
10
17
39
57
38
62
43
19
3
54
46
17
16
14
55
46
58
7
49
4
27
5
53
11
32
17
2
18
40
28
8
32
33
25
44
54
13
53
51
38
35
36
29
59
24
43
63
14
53
35
62
23
38
37
50
14
59
59
34
13
38
20
12
47
58
34
45
45
11
18
9
0
38
18
1
46
1
18
5
49
1
29
31
20
34
61
55
28
21
32
41
12
0
15
39
45
43
61
42
61
34
17
60
41
17
46
24
5
62
33
32
33
9
46
27
9
8
29
16
6
21
59
50
45
12
34
59
57
42
31
26
23
26
31
20
56
35
63
59
5
10
3
46
54
0
24
39
27
15
45
7
46
36
48
25
46
25
22
32
36
3
11
17
21
13
41
19
53
8
35
23
28
49
17
21
52
24
61
2
32
11
24
53
23
16
4
23
50
30
7
31
54
31
