6
65
56
27
30
43
16
62
76
43
41
63
7
70
75
73
56
75
26
19
9
46
75
42
6
36
48
72
51
1
72
17
58
32
16
0
54
45
41
46
58
2
23
79
57
25
18
39
36
29
50
73
7
29
59
58
49
55
26
6
64
12
68
23
18
44
41
72
35
2
42
71
19
40
22
61
46
2
6
7
26
58
72
28
52
40
42
31
18
28
14
5
53
48
53
54
43
27
61
68
65
74
9
54
33
55
17
37
31
7
53
36
25
32
51
36
72
56
54
55
68
40
48
70
51
32
5
75
28
0
75
17
33
41
50
39
57
43
33
58
33
70
5
43
29
45
29
14
55
51
79
39
1
56
13
28
29
47
26
67
6
36
4
36
70
29
44
20
72
64
69
61
56
54
16
79
52
12
3
22
73
7
59
3
77
49
21
8
43
58
59
43
64
74
37
59
77
31
71
38
70
73
70
21
77
44
68
2
25
49
42
21
47
76
55
38
35
26
49
23
45
14
61
4
33
8
67
0
40
56
28
70
2
58
33
52
69
7
42
16
24
17
6
38
28
52
53
9
74
72
77
71
5
0
53
1
29
19
64
30
23
58
52
34
39
58
44
63
79
25
9
57
30
74
76
76
7
26
21
76
74
60
71
12
54
62
60
78
50
19
28
12
67
19
52
12
53
7
68
22
71
16
51
0
55
73
30
18
14
44
35
58
54
26
2
26
62
22
12
27
55
65
43
9
6
14
46
71
66
56
62
25
30
3
15
36
31
8
26
72
34
19
29
19
23
20
18
59
52
61
27
25
75
19
38
78
71
46
63
10
9
13
21
39
42
15
22
22
58
23
23
11
49
56
20
34
53
68
37
34
17
5
48
31
18
41
70
69
9
61
67
49
77
51
54
55
49
40
0
4
47
67
66
66
6
38
45
58
41
73
73
38
22
5
35
66
79
21
61
62
73
67
50
5
73
0
59
79
35
78
33
24
34
21
41
65
50
39
65
59
1
11
66
45
2
7
53
52
24
51
31
66
75
42
73
43
6
70
78
75
30
66
68
35
27
51
29
35
63
11
4
38
10
43
69
29
76
25
76
53
56
16
42
60
46
20
25
2
14
40
20
3
4
15
28
34
33
16
2
28
48
57
25
77
44
79
25
11
52
0
65
48
53
31
41
33
21
32
30
62
15
11
25
31
65
79
62
1
61
75
2
33
46
16
57
50
42
72
3
10
45
11
35
34
56
25
74
68
36
7
1
47
56
51
38
3
41
30
77
71
8
59
15
3
71
54
47
53
14
19
62
43
11
77
67
48
11
30
31
64
62
17
61
43
34
18
38
52
24
17
16
66
31
49
44
33
34
40
76
63
56
47
39
26
5
61
78
25
60
24
50
3
40
77
55
21
46
8
63
67
49
33
11
21
47
60
68
64
0
25
9
33
11
47
10
42
13
43
73
30
48
71
63
36
31
7
8
15
17
18
60
79
47
52
73
26
64
50
65
2
51
77
66
16
4
14
74
44
23
39
45
74
9
78
30
16
53
78
37
63
3
19
71
78
40
77
25
38
57
55
4
32
57
40
52
65
41
43
44
37
37
51
17
26
11
76
11
46
56
12
76
40
42
47
1
23
72
46
4
49
44
60
69
11
66
14
75
8
79
68
50
11
73
77
63
76
6
52
4
75
19
57
26
13
8
68
18
22
24
72
34
36
17
57
50
7
12
13
8
38
13
38
39
7
53
10
79
61
45
64
64
13
4
62
41
64
17
5
12
78
22
78
77
62
51
1
69
67
36
32
59
13
23
9
36
28
42
42
5
20
55
8
48
79
20
38
37
46
47
27
62
15
0
54
30
10
15
44
53
72
47
34
41
37
58
67
24
32
74
18
17
44
65
31
68
3
18
18
20
35
9
76
75
5
46
60
30
46
50
70
43
75
66
8
28
15
64
52
55
49
79
54
37
71
79
48
28
20
55
73
28
45
61
77
78
12
67
35
68
6
6
38
8
39
62
46
1
34
39
45
51
78
19
29
10
76
39
27
27
45
60
27
49
15
58
13
35
16
3
54
9
71
49
31
1
57
67
0
21
28
69
66
67
47
45
66
69
3
12
25
22
19
68
29
57
27
10
37
68
25
4
22
60
78
58
62
14
53
36
63
6
71
43
32
47
5
40
1
52
3
44
39
16
69
31
71
74
31
67
14
20
2
14
20
4
26
15
9
36
35
10
48
69
29
50
69
64
66
32
74
59
45
79
38
72
32
46
64
32
11
30
63
57
77
34
76
19
70
0
24
20
77
10
52
21
57
60
30
26
8
23
78
28
24
22
57
49
53
51
5
44
28
76
66
39
66
67
69
69
0
43
11
30
36
65
66
41
39
71
32
54
1
23
42
59
24
74
74
49
39
6
18
19
48
22
22
68
74
63
6
62
8
4
27
62
60
32
14
12
13
51
16
54
50
58
49
31
43
7
70
55
13
72
36
2
9
69
9
60
10
59
27
33
42
70
38
15
32
41
29
66
67
74
62
14
65
75
64
23
4
1
59
50
56
5
0
15
60
14
24
69
58
19
12
3
27
8
16
21
47
37
45
50
24
31
21
61
36
24
60
40
59
32
79
57
36
27
61
3
5
29
19
71
4
6
18
24
29
68
46
0
65
9
22
39
12
26
9
9
8
20
33
13
14
31
35
49
39
29
79
3
72
63
37
18
70
61
70
47
33
27
23
54
65
20
57
40
59
13
73
48
30
39
57
23
24
13
41
8
28
54
12
78
22
40
42
6
44
26
60
23
40
44
37
42
21
63
23
76
14
11
44
69
45
75
16
12
41
36
54
3
64
45
14
24
32
63
32
49
78
33
15
20
16
19
1
75
48
22
64
69
18
36
52
35
62
38
44
67
56
4
73
59
69
17
69
7
13
0
65
53
78
10
63
7
10
79
41
48
65
4
59
10
51
44
22
71
33
45
51
19
34
71
20
65
59
41
16
46
10
4
21
46
10
1
27
67
2
68
77
10
9
54
78
1
8
74
48
66
30
63
56
25
6
60
10
28
13
43
64
40
64
61
11
7
14
5
18
18
19
39
37
13
20
34
51
18
74
72
15
49
26
54
74
15
76
70
73
77
73
75
9
63
1
34
55
79
15
73
75
21
79
78
29
75
47
34
50
13
60
58
40
48
23
70
17
74
28
51
50
12
49
53
58
54
48
0
72
61
2
59
70
17
24
26
13
34
56
55
76
63
3
38
34
6
42
17
37
37
47
45
33
24
55
35
28
17
56
46
12
2
21
16
32
5
61
35
57
37
27
1
37
27
4
2
56
65
22
64
15
24
69
23
53
8
0
2
36
72
5
55
3
