10
18
21
15
17
8
30
28
7
25
26
31
28
18
13
20
6
29
30
17
28
1
10
20
16
31
27
7
25
9
9
29
6
29
18
1
10
7
26
25
11
18
11
19
27
9
8
0
1
12
0
3
9
13
19
8
18
7
20
29
27
22
13
24
21
31
15
1
17
18
31
21
15
4
6
8
28
24
14
6
0
23
14
7
21
22
26
5
6
17
9
14
29
26
10
25
13
25
16
24
13
8
10
17
0
16
21
1
28
3
7
24
6
16
23
27
18
9
28
30
2
19
19
5
21
20
17
7
19
2
25
8
14
0
11
30
30
7
28
3
22
15
6
4
4
21
23
22
17
11
25
2
5
23
21
18
30
12
1
30
14
10
20
21
22
6
16
19
1
14
2
17
11
2
0
12
0
6
28
20
0
24
14
1
10
3
29
8
24
29
9
19
17
0
13
15
22
7
8
15
12
20
11
24
21
27
15
12
24
12
22
3
24
27
19
9
30
27
6
5
15
31
17
16
15
31
18
18
4
0
12
30
14
23
10
21
22
30
21
21
24
2
9
9
14
11
10
5
5
4
25
27
14
7
17
26
29
14
3
20
20
25
12
16
28
9
22
14
21
12
6
11
6
27
23
27
16
27
22
24
20
0
13
0
5
13
8
8
30
21
24
0
5
18
3
22
19
25
26
9
17
13
2
8
20
7
27
9
9
7
9
11
7
3
17
27
28
31
14
24
11
22
16
20
9
14
22
5
12
18
14
18
18
25
12
26
28
30
9
1
6
24
21
24
21
31
16
16
31
5
2
14
4
4
22
30
11
26
14
30
16
3
2
25
20
15
3
7
21
22
0
11
19
6
17
30
15
16
21
12
7
23
20
14
24
1
22
4
31
14
27
17
28
16
2
22
21
19
20
30
26
22
27
20
12
8
13
6
14
31
31
0
2
7
15
14
9
2
20
7
6
15
25
31
12
4
19
2
29
23
10
25
5
21
28
2
4
8
20
15
10
2
10
16
9
24
6
20
3
7
8
8
2
4
2
25
23
13
19
14
16
28
10
4
22
1
4
20
18
31
7
11
11
2
18
3
29
15
14
8
6
12
29
31
23
15
24
17
17
19
22
10
26
27
6
4
8
24
13
5
16
26
4
31
26
30
21
7
10
17
19
30
21
4
9
31
29
7
4
13
0
13
4
4
12
26
18
29
20
23
23
0
17
22
2
16
28
15
21
5
1
13
1
3
5
10
10
12
28
20
14
27
26
30
13
19
7
29
24
25
31
3
6
9
24
13
26
1
15
5
24
7
22
8
9
16
0
11
23
12
12
14
31
17
26
30
8
4
21
23
19
13
18
17
24
5
23
18
5
1
29
10
3
1
0
11
23
19
27
19
1
11
27
30
24
19
26
13
19
31
14
21
3
18
24
22
19
26
13
28
27
11
11
26
19
2
19
23
25
23
9
9
1
9
10
4
13
31
18
1
30
4
8
25
17
26
5
29
23
16
23
23
15
17
28
2
25
3
28
0
31
17
21
24
5
25
31
15
29
20
29
11
6
14
17
20
2
8
30
4
15
11
25
3
27
8
30
19
22
8
24
10
11
6
25
1
6
26
1
29
25
1
1
26
7
21
0
2
20
8
2
1
20
3
2
13
26
20
22
26
5
6
30
11
21
20
9
2
22
29
4
7
3
19
13
5
7
13
12
20
8
14
5
6
9
13
27
12
21
28
23
6
24
9
7
8
30
25
23
1
1
8
28
13
11
27
11
20
24
30
10
6
6
27
22
22
21
11
20
30
22
5
2
19
17
26
16
23
22
18
2
4
23
28
20
23
1
23
15
15
6
9
8
8
29
28
16
27
12
22
13
30
1
18
22
15
30
8
25
15
28
18
31
24
22
20
2
2
17
0
5
2
16
17
4
19
5
4
21
25
16
10
25
5
19
15
0
22
10
29
16
6
11
22
9
15
26
11
12
0
24
13
19
3
11
9
1
21
7
27
16
26
16
21
14
16
3
9
2
10
0
8
13
28
30
21
29
12
22
24
26
21
9
28
0
15
25
26
24
8
1
5
7
31
31
7
3
16
11
7
13
5
24
28
29
12
18
20
23
13
19
16
25
4
29
10
12
13
12
5
1
17
1
2
29
12
9
26
18
15
27
27
18
8
8
22
5
12
13
4
20
1
12
16
2
30
10
31
2
21
19
29
17
25
20
8
9
10
31
29
21
5
14
31
18
22
4
31
31
24
5
24
6
10
11
22
10
7
23
25
14
3
8
27
20
5
4
29
27
6
19
5
10
26
17
29
18
15
30
23
31
5
31
11
12
18
12
15
15
11
7
28
10
10
17
25
1
12
18
30
11
18
23
20
17
29
10
9
17
18
29
22
14
8
13
29
12
18
15
9
2
22
24
18
10
10
15
9
13
7
16
25
11
4
0
26
14
30
5
4
27
0
19
31
6
14
17
0
28
5
18
24
30
5
29
18
3
20
27
16
30
26
1
28
12
0
18
1
3
7
2
0
1
4
11
27
3
28
6
13
11
3
0
8
28
9
23
17
29
22
30
26
27
4
6
19
25
24
24
21
5
16
31
26
0
28
4
15
23
17
3
23
15
15
3
10
8
21
4
1
7
18
15
25
4
31
11
26
6
28
23
17
13
14
30
7
26
31
13
0
8
11
3
6
16
19
10
24
2
13
4
16
13
21
21
15
5
8
29
7
6
2
31
31
14
14
26
6
22
3
6
14
15
25
7
21
13
31
8
21
26
11
6
31
25
12
6
15
7
21
10
2
27
23
17
17
17
10
14
7
27
2
3
0
15
21
25
27
22
25
27
26
28
1
22
16
29
9
4
30
4
7
8
27
10
16
16
14
25
31
13
28
26
19
25
22
20
17
23
23
2
9
3
25
27
19
27
16
28
0
9
3
28
3
0
30
14
4
0
1
16
15
11
24
5
23
12
2
5
1
18
24
8
29
29
29
29
28
1
11
29
4
10
16
20
17
28
4
22
9
15
13
17
5
17
26
11
6
12
14
23
25
12
19
26
28
14
29
25
3
27
6
12
5
3
24
10
3
2
25
1
31
28
27
1
20
10
24
17
14
23
3
6
19
3
12
22
18
0
18
13
18
27
29
9
25
1
23
2
3
26
14
9
10
15
28
15
3
14
28
6
19
24
26
14
30
27
23
4
13
6
0
7
18
10
12
15
26
17
0
0
16
18
19
16
26
11
18
1
7
10
20
13
19
12
28
3
9
19
0
31
29
19
23
29
28
21
12
11
5
13
20
27
16
0
11
3
30
3
1
27
5
25
30
31
31
0
2
19
18
12
10
8
7
5
12
23
8
19
20
31
7
30
30
29
3
4
23
30
0
20
16
9
11
7
