7
19
7
29
1
4
43
29
7
22
6
13
43
37
36
45
41
26
23
26
25
3
4
44
26
17
28
13
40
18
8
9
27
10
39
27
41
45
36
37
38
14
42
41
43
6
31
27
46
40
34
18
7
22
2
32
2
39
22
25
39
20
13
9
31
3
37
37
33
20
24
37
5
18
5
45
1
1
33
9
9
39
18
8
29
44
31
40
19
15
22
21
41
27
27
12
0
26
1
5
34
29
28
19
7
34
27
0
43
37
6
22
6
28
29
24
0
7
6
5
22
37
5
36
11
47
6
33
4
42
1
37
0
31
33
24
17
47
22
4
33
7
40
20
26
43
3
39
16
17
42
18
17
29
24
46
28
15
27
3
43
35
24
5
19
20
8
47
33
42
1
12
42
1
10
20
3
46
12
44
22
9
25
1
26
42
43
26
21
46
42
24
38
22
20
16
27
24
3
28
4
30
41
38
26
28
24
38
23
7
22
18
13
11
5
9
13
36
33
38
15
9
46
27
42
18
9
44
25
34
11
19
41
11
9
33
17
44
44
2
34
41
30
15
7
16
31
38
44
28
20
13
7
42
4
1
14
43
41
4
37
11
23
35
35
28
19
25
16
44
39
20
41
4
26
25
14
34
4
37
44
40
36
41
8
14
42
14
21
7
26
13
46
25
25
6
3
17
12
19
39
2
46
41
17
35
39
30
26
16
43
40
5
2
0
45
44
25
39
5
42
36
1
17
22
45
28
20
46
24
5
36
0
46
46
15
19
7
27
12
39
16
2
17
28
8
16
9
27
9
1
8
38
46
27
40
17
4
34
32
0
36
35
14
10
46
21
29
24
20
18
23
15
16
31
1
0
38
36
45
31
47
27
6
13
6
40
12
17
1
12
32
44
5
32
33
29
15
35
17
10
1
7
40
14
6
11
38
31
24
40
39
45
41
27
45
22
45
2
42
6
38
43
5
3
24
30
33
13
32
28
44
38
9
25
34
12
17
2
26
19
10
8
41
37
20
25
27
45
41
31
20
47
35
31
26
45
2
39
44
3
28
11
17
22
37
33
23
7
10
8
13
33
30
6
39
17
35
35
46
8
46
6
4
32
24
9
26
47
36
41
0
37
14
40
32
29
9
41
1
37
22
9
28
39
42
36
47
22
45
28
16
8
8
22
45
16
12
14
21
26
24
27
2
15
4
32
6
13
10
41
45
30
47
43
40
43
35
7
8
8
32
13
19
24
25
47
16
41
15
9
0
19
33
0
18
26
37
5
16
18
14
14
2
35
35
46
13
23
22
24
39
11
23
5
12
42
31
5
44
29
40
32
41
36
21
33
44
15
43
1
43
35
27
47
45
22
12
27
22
21
11
40
14
21
0
9
18
19
10
45
20
18
23
34
40
0
15
43
33
24
8
39
36
34
12
9
47
39
2
40
40
3
28
26
5
10
29
0
25
36
38
9
4
0
2
23
28
42
34
34
3
5
40
20
14
28
4
47
43
20
2
46
21
35
0
39
11
17
37
0
2
8
23
36
5
43
16
28
5
5
28
20
32
27
10
23
11
20
19
2
10
13
3
37
39
8
32
10
22
8
9
30
21
34
2
32
9
15
4
30
33
21
35
25
44
10
14
5
7
41
23
15
38
16
46
34
12
40
24
25
20
8
18
38
21
29
19
0
34
11
43
18
26
34
12
38
15
16
36
0
34
42
9
15
20
37
12
10
16
4
33
29
46
24
8
5
47
7
14
38
21
3
7
28
35
32
9
0
23
31
18
18
44
9
27
37
46
26
31
34
30
41
29
47
43
6
21
25
11
30
24
23
44
10
23
8
20
40
6
13
20
21
12
31
12
30
1
28
15
19
28
17
18
27
20
3
21
25
9
28
1
8
13
11
8
44
21
26
1
47
22
12
29
21
41
6
11
24
26
40
0
20
35
44
17
9
37
10
28
29
19
32
39
23
28
11
33
43
11
4
42
20
21
6
21
2
24
32
13
16
35
32
23
30
21
7
29
22
12
6
27
45
1
18
10
13
8
13
14
47
16
29
37
10
37
23
6
34
42
31
38
34
25
15
43
16
46
12
25
30
31
28
37
47
36
36
25
6
21
35
45
23
18
33
43
18
9
31
37
40
36
38
18
37
47
14
36
31
21
4
7
38
20
22
14
16
42
11
28
31
38
19
18
10
4
0
37
17
28
30
42
4
42
3
5
34
15
36
3
4
41
14
22
45
31
27
19
38
39
16
46
30
4
35
18
22
30
43
33
30
12
16
30
10
0
35
10
1
25
41
5
5
3
31
7
33
2
46
35
31
35
29
30
36
38
14
28
38
12
26
14
21
2
44
39
31
39
17
7
10
30
11
21
35
20
37
8
33
15
33
27
32
33
34
21
38
36
3
7
15
35
7
11
44
23
17
22
19
13
14
25
7
27
29
6
3
33
35
43
44
3
4
5
1
44
0
11
32
22
13
11
19
23
12
1
13
17
23
29
45
20
17
31
9
24
27
6
14
35
4
8
26
3
19
11
1
43
17
23
24
31
8
25
38
5
41
14
30
18
27
6
20
15
47
21
32
14
46
11
46
24
19
16
45
9
36
39
43
45
16
5
11
33
2
47
45
0
1
32
22
5
35
42
38
41
29
22
8
29
2
25
17
47
10
30
16
42
13
23
10
7
40
3
47
23
5
10
32
4
3
23
45
47
19
32
39
41
33
40
34
35
45
25
3
23
6
24
38
2
35
34
45
12
42
19
24
38
40
47
15
32
13
13
20
17
6
16
36
38
41
26
26
42
40
37
39
18
15
40
2
16
14
45
13
40
8
12
25
19
30
34
30
19
43
14
32
31
29
28
19
4
17
23
0
23
3
11
4
20
23
31
10
27
25
46
29
8
9
33
39
13
25
36
16
1
21
6
13
42
0
11
29
33
26
4
44
22
34
17
11
6
14
21
12
10
16
6
42
1
11
19
13
16
20
12
34
14
7
19
3
15
18
30
26
33
32
18
32
46
10
36
1
2
15
4
0
21
17
15
30
2
11
29
37
36
23
12
39
40
4
25
32
3
44
46
44
44
47
35
12
26
45
30
40
26
46
40
47
31
37
8
42
43
29
29
18
14
25
5
7
24
7
30
10
2
0
32
39
30
3
24
19
36
42
44
38
32
34
7
47
46
39
34
34
13
15
27
46
31
43
15
2
31
28
3
2
27
1
15
10
17
18
42
44
45
26
1
45
15
47
41
47
47
2
43
