36
4
42
35
27
43
2
41
7
6
7
19
45
25
28
25
24
4
15
15
7
5
5
42
25
41
42
4
12
44
36
22
24
7
38
29
46
9
46
47
34
3
10
47
5
24
13
1
29
22
13
30
30
30
41
0
43
47
11
6
39
40
16
34
43
32
36
35
1
7
36
44
45
31
40
23
26
5
19
33
20
19
46
32
15
35
9
38
31
10
27
9
46
35
10
38
39
46
12
1
28
38
17
24
14
13
1
33
0
14
10
27
21
25
27
29
26
19
2
20
3
25
20
5
8
22
30
39
31
16
31
22
14
27
4
16
42
43
14
11
25
43
43
19
11
11
15
4
28
34
42
29
38
47
7
26
26
1
1
35
29
27
24
43
35
45
30
11
19
23
46
13
44
29
29
26
16
41
47
35
32
26
8
38
6
3
2
1
40
8
22
0
29
40
30
27
12
38
12
1
39
40
4
3
24
22
11
9
15
40
38
12
8
12
40
27
25
6
31
44
31
16
5
28
34
45
39
45
37
47
14
24
24
36
30
44
10
8
41
13
32
41
11
2
4
37
14
18
6
46
11
36
20
27
39
32
17
32
33
21
26
34
24
15
40
44
23
15
36
1
23
39
28
30
19
34
23
41
18
26
18
15
1
2
39
27
14
40
41
46
27
37
34
33
11
33
6
18
33
16
43
17
7
1
14
13
8
3
9
35
8
41
24
41
47
5
31
17
36
6
19
21
20
29
4
45
14
36
37
4
5
42
32
23
44
45
37
22
21
42
9
43
25
43
37
30
26
36
47
14
15
19
30
23
7
25
7
22
47
11
36
44
7
9
16
11
21
32
43
20
40
31
27
2
43
25
38
8
40
19
32
31
12
28
10
13
31
6
34
3
32
13
1
42
46
18
5
17
35
19
22
8
18
11
29
35
35
11
10
4
5
6
27
24
1
6
34
32
45
32
14
20
46
18
22
20
47
38
44
9
37
47
6
26
6
5
37
45
13
33
23
42
21
13
18
23
2
21
4
45
41
46
38
0
23
11
4
13
3
33
12
12
12
47
25
2
36
16
0
40
23
38
38
39
35
29
36
11
6
31
29
2
24
43
2
19
32
33
25
42
33
35
33
0
28
21
39
17
28
21
1
42
7
1
18
18
43
23
30
20
12
16
44
31
34
16
9
47
23
14
0
19
17
0
45
24
19
42
10
24
37
38
25
46
18
7
26
19
33
28
35
27
39
27
46
22
35
16
30
32
36
26
33
3
12
28
30
5
31
15
12
12
27
34
33
23
5
34
37
27
31
47
20
38
44
28
13
12
14
47
0
36
37
4
32
2
45
19
34
35
29
13
15
9
19
18
3
39
10
6
37
37
6
47
8
6
10
34
39
10
8
44
39
10
22
18
18
4
18
38
2
29
13
3
0
16
9
12
36
32
24
19
15
47
2
30
10
32
38
24
7
11
31
12
10
13
11
46
6
26
40
34
6
36
22
25
2
35
41
28
40
31
28
14
5
2
40
29
42
34
8
28
31
47
25
28
5
17
29
24
1
21
31
21
39
15
27
42
20
0
7
25
45
41
7
10
16
46
9
40
8
47
25
40
15
42
29
22
13
17
39
24
35
9
28
16
22
14
43
13
16
20
44
40
13
22
38
32
9
24
38
12
39
27
10
18
46
41
35
7
23
45
44
42
37
21
20
40
8
42
11
11
1
45
43
5
18
3
25
0
4
19
13
9
30
23
38
33
7
33
47
15
27
18
25
7
33
26
14
24
47
12
29
38
13
4
27
8
41
8
20
30
15
33
3
12
19
1
42
12
33
47
22
28
30
41
36
23
11
24
31
18
27
33
39
41
0
39
8
25
21
1
5
15
34
27
7
16
21
40
24
31
41
7
26
16
36
30
12
35
0
32
8
6
18
6
21
25
31
3
5
34
21
26
16
3
26
46
3
37
41
41
44
2
44
43
38
43
15
5
22
45
38
45
43
17
2
32
21
15
43
37
8
40
45
1
35
33
25
6
22
43
22
40
9
37
17
23
46
42
8
9
29
14
17
14
15
17
20
37
0
22
46
1
16
36
30
47
0
23
32
39
28
47
30
9
35
23
44
35
42
35
25
13
9
41
30
15
29
17
35
7
31
33
0
16
47
32
3
34
18
4
0
6
3
41
40
36
15
16
46
22
17
16
38
24
27
15
38
32
39
34
9
28
2
30
37
5
10
20
46
8
40
23
18
37
11
9
45
2
14
19
32
40
38
6
5
16
16
29
36
42
20
18
27
47
23
44
32
24
31
10
8
4
6
29
12
27
21
35
2
19
29
21
45
1
23
38
45
46
34
30
13
0
39
23
41
23
10
24
6
11
31
18
17
28
13
19
20
7
45
22
6
3
34
5
18
36
20
35
3
4
0
43
2
9
6
3
26
39
20
43
34
18
37
13
39
5
0
10
32
11
4
30
8
3
45
39
0
26
32
9
15
15
9
4
34
10
13
26
26
17
2
12
11
44
19
21
11
20
25
1
20
14
2
21
7
46
0
1
20
22
45
20
39
1
9
2
42
6
3
42
17
17
0
42
40
46
22
14
17
46
34
5
35
5
41
33
10
28
5
7
44
3
47
14
22
20
39
37
29
24
16
37
18
7
46
3
35
4
34
38
38
29
31
13
34
26
15
17
1
28
21
31
26
23
19
26
13
20
41
2
33
46
14
7
16
30
44
29
24
0
22
45
10
7
21
17
23
6
40
28
26
10
21
37
36
0
17
31
10
13
34
26
41
4
17
42
35
24
34
25
33
36
36
42
37
44
42
36
5
22
9
8
7
9
33
38
15
41
44
19
43
30
47
20
19
11
37
17
33
27
29
35
15
17
43
11
45
14
37
4
28
20
3
13
26
0
28
16
2
17
14
43
47
40
44
5
45
29
31
32
41
12
37
14
14
14
21
4
37
33
45
12
44
44
22
21
21
36
44
18
12
4
23
24
39
5
25
26
43
32
11
3
44
3
17
42
2
14
11
10
41
23
12
36
29
28
10
10
9
1
46
28
8
47
16
8
32
44
31
40
42
13
9
43
12
3
8
30
18
2
23
25
7
8
1
21
3
43
40
25
30
17
30
20
20
33
17
7
27
44
45
4
19
46
0
16
8
0
28
10
39
21
1
4
19
25
29
46
27
4
4
2
8
23
15
28
26
