35
25
37
51
46
60
29
35
23
21
30
16
61
41
58
43
37
19
12
11
28
30
29
44
36
37
58
21
9
38
60
12
36
15
40
55
42
21
51
37
63
17
24
32
20
46
7
23
56
2
9
59
32
40
32
26
38
40
31
18
58
35
0
63
60
57
33
51
22
30
50
36
47
61
63
13
48
3
14
57
1
13
51
61
25
44
21
40
57
12
55
20
49
35
24
63
51
39
9
17
38
46
15
59
7
0
22
55
27
6
25
44
11
37
53
56
41
4
17
1
29
48
8
25
29
4
52
40
39
5
37
15
12
53
25
6
58
33
7
12
41
32
32
4
2
6
15
28
48
58
55
58
32
42
21
41
42
31
22
41
54
49
41
60
51
47
50
26
17
8
38
1
36
55
54
49
5
60
54
47
53
63
29
50
16
31
19
16
43
23
4
28
44
32
59
52
12
39
7
18
51
50
25
19
55
12
30
1
10
32
51
11
29
14
50
38
57
26
33
36
47
0
26
38
58
63
61
52
57
54
6
41
59
33
52
36
26
29
43
3
57
39
30
18
28
46
14
8
16
39
28
33
2
51
51
57
11
35
54
19
48
60
49
3
43
36
13
11
54
16
13
50
41
62
5
49
13
62
25
42
9
15
30
31
35
51
6
35
34
56
43
39
63
52
30
52
16
1
55
6
52
0
31
22
2
10
11
22
23
51
7
44
41
60
39
2
44
18
33
23
17
21
22
52
19
63
11
33
53
28
20
41
35
8
45
58
46
15
11
46
23
45
40
50
44
60
63
33
34
1
16
4
39
8
23
41
29
15
33
26
33
54
31
26
3
2
8
63
47
0
45
38
42
19
52
62
32
3
35
6
35
33
9
36
26
31
42
18
62
17
44
28
5
37
56
7
20
7
57
8
15
1
2
30
59
53
38
30
25
25
20
31
54
42
17
18
60
44
60
62
12
5
41
8
14
2
33
39
45
23
39
49
19
43
18
25
63
57
10
52
9
47
15
10
13
3
31
11
27
60
39
54
32
1
13
30
7
7
17
62
14
10
14
34
36
31
33
6
24
32
9
55
40
50
53
49
45
29
31
45
56
18
51
32
18
16
53
55
49
49
44
48
37
27
37
1
40
0
51
8
22
47
16
22
25
2
33
13
47
11
10
7
45
59
62
3
24
49
13
12
26
4
10
24
54
56
5
48
25
56
48
40
48
54
9
16
43
4
36
53
53
38
61
59
41
15
53
3
61
61
34
48
50
17
9
42
36
20
44
29
7
9
43
62
57
9
28
59
53
51
39
33
0
40
54
51
0
12
6
37
24
62
46
11
46
19
57
16
56
54
56
10
10
20
5
9
27
50
15
30
44
46
21
34
29
21
24
60
50
24
31
36
61
23
14
11
9
28
13
60
18
52
20
17
26
5
4
9
45
62
49
13
30
49
19
36
24
35
53
62
26
6
61
2
25
10
19
56
30
63
55
59
21
35
11
52
21
55
34
37
61
42
58
20
20
19
58
58
51
62
29
53
62
34
55
36
22
5
58
49
17
14
42
8
48
3
42
51
1
16
31
48
38
60
21
28
0
46
23
43
29
47
53
45
16
48
57
15
0
15
52
36
59
26
41
5
15
14
32
16
0
22
32
35
10
8
55
53
23
59
45
12
37
38
24
8
39
61
59
0
13
46
54
49
46
8
6
42
21
58
26
29
30
42
47
20
27
22
36
27
24
5
10
20
47
25
45
61
26
60
33
10
38
9
55
27
38
47
7
41
40
2
57
45
2
12
56
16
34
23
4
61
14
47
17
9
5
18
43
9
36
39
3
37
62
37
35
13
31
56
44
8
38
55
48
46
27
59
29
48
15
22
28
11
62
55
23
7
14
37
42
57
60
27
63
3
33
33
7
51
24
35
23
21
1
16
12
41
59
23
19
58
8
48
5
30
49
40
22
45
61
61
45
24
36
63
32
32
23
28
12
51
34
46
33
3
27
63
12
10
43
50
4
58
52
22
63
52
43
30
14
54
16
45
30
44
10
25
39
49
29
18
59
6
0
11
10
7
1
44
24
15
41
18
3
35
39
40
27
13
63
48
41
46
62
24
51
14
38
51
60
53
35
10
26
52
61
10
34
7
47
27
35
57
27
7
46
57
22
55
24
28
20
30
19
60
44
34
29
0
40
4
28
3
39
43
54
10
63
35
50
59
31
54
19
47
56
20
2
6
54
29
63
13
19
53
31
31
52
18
12
9
62
43
48
20
22
3
3
56
32
37
5
8
38
34
13
45
35
42
34
26
5
19
21
60
11
52
21
48
18
4
56
8
63
22
9
60
43
38
43
61
0
26
61
12
37
15
25
43
26
6
47
1
5
53
6
4
5
31
58
12
21
22
60
28
9
46
4
49
19
15
17
52
27
4
17
17
62
50
2
58
58
2
50
10
59
20
27
25
63
23
27
58
29
17
33
34
26
49
38
28
3
10
31
19
62
24
6
42
63
7
18
25
30
33
21
1
12
5
43
18
0
4
24
14
21
41
24
18
4
14
46
8
48
18
26
18
54
21
13
52
26
3
20
58
35
55
13
6
5
42
42
7
61
23
61
57
6
56
30
31
32
22
47
12
2
2
40
46
56
41
0
44
11
29
38
17
48
21
55
45
32
59
44
2
37
42
14
15
17
57
13
34
63
25
4
41
22
2
37
20
49
48
14
16
0
40
32
56
62
27
11
47
26
30
14
0
14
1
61
37
43
8
8
53
34
13
18
47
7
30
40
50
50
28
28
40
56
57
60
36
62
45
33
49
44
59
49
34
19
13
24
15
0
24
59
34
10
39
33
11
46
35
54
22
4
6
45
0
59
38
56
47
16
5
43
29
50
11
50
28
37
2
17
10
40
20
57
5
31
15
1
52
47
44
40
20
45
56
39
61
34
2
44
6
6
4
31
17
46
55
46
25
39
38
4
1
14
34
36
8
7
28
9
43
39
2
53
50
32
35
2
27
45
16
7
48
24
6
27
25
58
15
12
44
58
55
25
21
21
17
42
56
29
39
3
29
57
37
47
42
40
14
23
52
5
27
12
36
8
19
9
42
16
1
22
14
22
50
40
53
59
16
45
1
1
55
2
27
53
32
49
19
4
36
0
3
1
27
57
19
62
1
23
28
20
41
54
54
38
20
18
17
23
13
11
50
43
