13
47
20
24
16
24
38
5
45
35
4
3
18
34
1
16
40
29
28
30
28
13
46
37
1
23
20
5
35
43
14
19
31
23
8
11
21
40
24
24
31
31
26
4
21
41
36
23
2
42
28
37
28
39
1
42
1
28
2
42
0
39
34
44
17
30
35
22
41
23
35
38
11
37
38
26
25
15
8
6
29
5
41
17
2
23
29
2
7
42
33
15
9
32
43
24
33
45
27
29
16
19
5
35
3
43
38
9
35
22
19
43
36
18
46
19
5
43
19
24
44
34
46
26
37
2
46
42
39
43
1
30
14
34
6
11
46
35
44
38
7
47
22
27
7
24
33
42
32
42
12
34
9
15
8
34
14
18
3
16
20
1
4
29
18
46
15
6
20
0
40
21
27
42
28
5
8
31
27
8
21
16
8
8
5
15
11
6
22
32
37
3
21
9
11
46
14
5
29
24
13
33
35
13
21
33
31
17
25
14
46
39
16
42
2
44
47
8
34
40
37
6
35
32
10
6
41
4
8
4
13
22
7
5
25
18
10
46
12
47
14
41
4
13
26
7
3
20
23
15
44
40
23
21
1
13
27
30
23
0
33
40
4
4
12
4
27
25
40
17
6
26
36
6
34
16
40
0
26
30
15
24
35
12
38
14
14
2
30
17
13
30
37
31
38
15
17
21
46
2
31
17
32
3
31
3
30
29
44
36
18
6
20
24
17
15
43
25
21
8
18
12
9
32
23
28
45
2
47
28
25
36
24
19
3
31
42
43
24
20
9
33
9
14
45
24
3
38
26
23
40
42
11
5
28
45
2
19
44
5
37
19
22
44
8
29
27
38
36
9
10
38
44
46
47
22
3
41
23
36
41
4
10
5
12
1
25
42
38
23
31
14
13
18
40
42
19
33
26
40
18
0
46
8
11
43
28
33
40
42
43
29
6
21
31
23
41
36
39
20
13
6
10
32
25
43
45
12
1
13
11
41
21
44
42
10
7
37
39
17
22
19
2
11
22
2
11
7
3
10
2
12
29
7
34
21
28
19
31
6
11
29
2
12
42
8
34
4
14
18
0
36
0
19
29
43
43
17
9
39
34
38
40
45
15
0
12
18
0
34
17
24
34
41
13
8
20
12
38
44
16
10
14
32
38
47
8
22
3
25
31
3
22
42
18
46
45
26
47
7
11
47
45
7
14
46
41
9
36
38
21
8
11
15
23
36
13
31
11
45
5
8
9
2
5
24
21
3
19
42
44
15
26
27
43
28
18
23
7
7
34
39
32
9
8
17
10
0
5
31
10
9
45
18
27
8
47
31
45
0
32
37
22
30
44
43
22
0
26
36
10
28
44
41
2
15
26
11
8
34
18
30
22
33
25
4
11
7
26
20
21
3
23
19
20
37
14
13
21
1
33
13
25
12
24
1
36
41
27
4
28
42
5
45
37
7
3
23
44
16
36
5
0
34
36
17
45
7
44
25
5
22
7
29
28
46
12
40
34
26
5
45
37
16
1
45
42
41
27
28
12
9
39
36
3
16
20
21
35
10
24
41
22
40
43
46
13
44
7
47
24
41
30
33
9
44
17
32
36
36
16
2
31
29
28
35
5
17
22
3
32
25
38
33
43
29
30
26
38
42
27
45
16
29
40
32
9
18
34
38
39
25
22
42
24
7
29
15
36
21
27
39
9
29
27
20
10
36
0
10
15
19
45
42
46
11
23
24
2
5
45
33
33
5
47
13
29
38
47
16
11
7
21
7
41
9
30
41
23
7
44
42
36
40
32
46
37
33
4
43
36
28
35
46
13
27
1
29
6
35
13
47
35
36
19
33
44
20
1
14
38
19
27
17
28
37
0
25
38
13
26
39
3
35
9
24
0
1
45
46
19
6
28
36
7
27
16
25
47
43
39
29
8
22
34
4
6
4
10
4
32
33
6
24
18
35
4
44
11
6
9
35
8
22
21
1
14
30
40
3
38
3
16
11
24
6
38
39
11
9
39
3
25
10
45
0
16
38
27
6
15
27
36
46
4
17
8
39
32
18
9
13
11
20
0
32
26
20
1
22
35
13
16
19
17
20
47
40
14
30
35
26
12
23
47
44
2
39
43
39
33
8
42
43
1
2
41
20
33
12
37
47
36
19
32
4
45
27
15
13
9
14
23
29
17
25
46
34
40
43
21
7
10
34
40
33
18
47
18
21
40
14
32
29
40
15
12
30
44
44
14
16
19
0
31
3
7
37
27
18
35
0
17
47
19
41
22
33
4
35
40
8
40
38
37
4
41
37
15
4
32
47
46
22
20
14
34
14
30
1
39
27
32
15
33
10
41
15
30
14
9
34
12
12
28
15
35
32
39
40
2
30
31
13
11
0
15
37
27
14
38
10
32
18
13
16
33
1
24
38
22
9
26
10
30
46
6
32
33
47
43
27
7
7
6
10
27
23
17
19
5
47
29
22
15
47
35
20
4
12
23
45
23
28
20
29
14
40
19
16
5
11
1
35
28
29
18
35
34
1
11
12
12
12
44
20
44
20
19
26
25
38
38
30
23
13
31
16
1
25
26
30
37
40
28
3
41
16
7
34
2
41
37
5
5
44
4
9
31
7
23
39
43
10
13
23
1
20
42
15
14
11
12
31
2
28
23
17
15
28
15
5
28
3
2
17
39
6
25
26
30
16
47
24
39
41
12
23
3
33
10
39
6
13
41
32
45
21
0
1
2
39
30
16
33
10
14
6
36
10
5
12
21
30
34
37
25
30
36
31
40
45
30
19
46
43
31
26
20
21
36
21
40
17
16
12
32
17
2
14
4
6
29
18
45
35
37
25
10
10
43
18
33
27
27
16
46
20
34
16
18
34
31
47
37
28
11
41
22
3
39
13
21
17
16
45
26
1
41
19
15
47
11
7
42
5
39
32
18
25
9
10
37
43
42
19
23
36
41
43
1
38
39
44
22
6
4
40
5
24
26
28
26
0
26
4
46
45
21
8
20
2
35
34
20
10
39
25
23
4
2
0
25
34
6
11
4
42
22
25
7
39
25
41
7
2
12
18
24
1
47
17
13
33
18
44
47
25
22
31
8
20
18
27
9
37
30
28
21
37
46
25
17
21
4
27
3
26
31
1
35
19
35
6
8
15
17
38
12
10
0
43
25
19
3
16
6
45
10
24
6
46
0
20
47
29
9
43
14
32
44
37
12
5
9
35
8
3
1
29
24
0
20
22
46
46
8
41
2
13
11
32
2
32
28
29
43
20
34
31
5
0
0
17
24
22
46
14
32
31
42
0
17
26
11
26
44
30
16
27
31
8
45
29
23
30
31
37
35
37
45
14
26
15
34
