21
45
7
15
16
42
15
36
22
36
44
33
16
33
45
12
14
38
5
46
25
22
13
16
28
39
26
40
16
2
14
10
20
29
5
6
5
28
12
24
25
37
41
25
28
26
36
13
30
13
46
17
1
12
32
34
10
36
16
46
26
28
27
38
8
38
44
47
36
29
26
36
22
39
34
41
16
24
46
8
37
25
41
46
40
29
35
32
1
17
20
38
26
39
10
13
20
7
30
12
42
18
22
23
27
18
19
3
11
3
25
1
38
30
8
22
42
34
38
27
41
0
9
8
35
44
47
9
35
29
34
24
28
18
46
22
23
18
22
33
11
24
15
46
5
13
8
39
5
46
38
11
41
17
3
4
7
5
1
45
43
25
47
23
12
38
10
32
18
45
15
36
44
33
7
6
45
38
36
8
19
40
15
32
15
10
2
23
1
9
2
17
10
36
39
30
11
17
24
18
10
38
24
40
39
23
27
5
15
13
6
9
6
32
17
23
33
17
39
39
47
22
4
28
43
10
27
33
4
35
21
33
14
26
14
23
6
10
36
3
43
11
34
19
0
33
43
7
25
47
14
42
46
13
12
30
43
47
9
16
6
35
44
11
41
11
43
37
15
29
26
35
14
35
16
28
1
43
36
26
1
12
23
0
11
11
35
37
41
47
15
46
18
13
28
8
19
44
37
31
9
37
29
42
41
20
24
7
31
24
17
2
15
39
41
3
26
5
6
5
13
24
37
9
18
1
11
21
37
12
19
42
26
30
6
34
5
29
6
31
45
5
6
33
14
17
2
1
36
1
38
0
24
18
47
34
32
1
43
32
31
2
40
16
26
25
15
23
15
29
40
47
25
15
28
17
12
4
19
30
14
39
37
4
41
34
22
32
36
12
11
0
17
19
0
8
32
34
12
44
46
18
4
39
16
35
17
36
11
24
14
36
35
29
7
5
37
15
38
14
40
9
23
11
20
7
44
2
33
38
32
27
17
33
31
9
36
42
29
41
47
30
28
25
10
47
34
46
4
37
2
16
14
30
35
18
0
33
28
14
23
44
31
20
39
45
9
32
13
9
27
25
29
21
40
30
0
2
43
15
2
16
7
33
29
26
10
45
39
45
41
35
3
4
15
31
27
8
32
42
31
13
41
12
20
3
4
5
35
14
6
21
32
0
5
40
13
22
6
27
19
20
7
22
0
29
30
18
4
12
2
15
47
7
28
46
27
13
32
13
10
4
28
23
46
2
5
24
39
6
31
31
31
21
26
42
21
4
39
3
12
40
17
31
40
11
17
41
22
0
9
35
29
7
22
14
45
44
3
31
41
10
0
9
25
24
36
5
17
21
16
35
44
1
1
19
25
15
32
11
26
2
30
14
5
2
22
42
44
33
22
7
20
9
4
6
34
31
4
26
28
31
33
7
17
41
40
2
38
28
31
24
43
40
47
37
27
26
6
27
32
42
47
9
34
19
21
36
34
47
30
17
16
18
44
7
30
23
28
3
32
45
14
36
43
47
12
39
11
19
29
7
44
39
42
30
2
32
28
35
15
11
0
31
39
42
22
32
24
13
41
10
2
17
46
29
30
7
4
13
3
4
39
24
33
20
0
25
32
41
29
32
9
37
18
35
17
17
20
6
11
42
39
4
31
38
18
31
16
20
18
27
40
21
45
37
9
6
40
27
43
18
13
21
21
43
42
13
18
35
6
36
29
27
21
16
7
44
0
32
3
30
22
47
41
42
7
0
33
8
29
35
17
25
21
1
45
13
0
32
38
35
33
9
24
44
13
14
25
45
26
11
5
1
45
33
37
13
3
19
29
10
43
5
8
15
18
8
9
28
1
23
29
17
5
14
23
32
43
35
6
19
18
2
7
27
11
38
22
43
8
8
25
43
24
43
44
8
42
10
8
30
10
30
20
5
19
31
25
39
46
36
38
36
15
3
12
20
36
29
22
37
10
3
10
25
5
17
1
40
30
9
6
7
4
17
16
20
12
3
25
38
41
14
41
23
14
27
21
21
18
44
39
42
11
7
12
27
24
46
22
42
32
14
38
18
47
4
26
22
19
21
40
23
8
42
2
44
12
46
30
26
24
37
29
22
30
46
32
41
28
10
46
11
18
10
26
12
19
28
41
34
20
15
45
27
0
5
9
31
43
37
21
1
32
34
3
28
33
24
29
23
42
24
19
8
26
24
33
45
4
20
15
45
25
14
45
35
28
44
16
30
15
38
23
37
0
37
0
33
21
45
44
12
31
13
11
22
14
4
8
24
32
16
44
31
23
20
44
14
9
3
47
39
39
22
36
28
46
43
47
26
1
47
25
19
28
34
0
11
47
29
20
44
40
27
11
40
26
4
43
16
30
38
44
27
1
13
10
21
34
10
8
41
46
22
1
3
27
4
17
20
41
45
34
19
23
13
45
43
19
40
20
29
33
4
27
1
46
1
3
1
46
21
10
14
38
4
11
44
45
20
23
46
5
1
4
6
43
11
19
42
29
41
43
12
46
23
28
9
14
31
16
40
9
24
12
31
22
7
40
19
12
43
15
1
0
34
6
33
16
24
1
5
31
37
7
7
40
3
21
30
22
19
35
19
9
21
3
10
7
0
38
21
6
38
35
35
34
7
20
22
7
16
42
33
36
2
4
35
2
12
37
27
8
36
11
26
22
37
43
18
0
37
8
16
11
47
39
31
31
35
2
44
5
21
27
44
0
1
21
46
23
18
1
3
20
6
23
43
30
40
12
33
23
0
8
36
31
36
26
13
17
14
32
39
11
47
15
13
17
34
37
8
18
38
15
1
18
23
29
5
18
7
36
24
2
20
37
12
34
25
27
18
42
37
13
7
47
4
45
2
10
19
6
47
8
3
16
39
42
41
34
3
8
2
37
33
0
26
25
2
8
25
14
33
4
3
22
3
26
21
25
23
38
6
45
25
6
34
25
28
4
41
19
15
46
12
5
42
19
47
34
26
47
5
25
38
0
40
34
40
28
3
26
45
43
38
2
37
20
36
34
29
2
17
15
17
41
13
9
19
21
42
40
28
45
0
16
23
34
16
35
19
2
33
46
16
29
24
15
14
37
43
5
21
23
23
10
42
6
39
16
40
6
45
8
30
20
44
35
25
10
39
3
41
30
42
34
12
9
21
33
20
35
44
27
8
26
10
9
14
30
43
20
29
8
40
27
4
32
27
19
13
47
16
47
34
31
45
20
35
38
9
24
13
9
28
40
45
20
39
42
46
2
10
28
