60
43
50
46
37
26
57
26
29
44
8
30
31
24
34
30
20
8
62
5
6
35
35
37
29
16
27
56
24
28
40
35
13
4
61
32
20
7
16
25
0
50
56
1
18
25
43
35
50
52
1
13
40
35
58
46
16
8
51
58
31
52
30
13
13
33
1
24
27
17
21
30
4
51
34
59
52
55
62
20
12
38
31
61
3
27
60
1
53
23
44
14
3
47
2
33
46
49
16
12
57
34
38
11
25
24
2
18
10
46
55
21
60
12
40
4
20
39
29
61
49
18
18
51
54
51
33
60
1
33
12
55
48
62
53
26
44
47
21
31
60
15
22
36
49
27
30
42
35
33
4
36
51
6
17
39
55
40
8
55
59
10
11
31
45
25
63
0
5
9
6
59
19
10
53
42
50
15
10
41
6
60
13
22
2
33
60
62
4
2
37
31
35
48
45
7
15
27
63
48
46
16
51
63
0
62
50
31
8
17
60
26
62
0
6
27
51
56
17
12
50
38
14
57
26
14
41
48
45
31
19
63
25
39
20
23
27
28
38
42
42
51
7
60
50
15
57
51
24
14
37
23
5
43
9
59
50
18
13
14
9
56
52
33
18
37
61
5
0
44
37
4
3
7
33
40
52
19
1
8
11
4
21
32
58
18
12
24
0
44
33
30
29
59
46
30
55
11
30
19
20
62
60
50
45
9
63
16
5
60
35
35
19
3
37
1
30
54
54
62
53
7
55
44
46
4
28
52
48
39
7
46
41
3
31
50
42
7
55
27
43
52
47
10
44
20
41
60
30
38
6
26
17
42
9
57
0
32
62
23
12
61
39
27
35
59
28
59
53
23
42
52
11
28
26
58
33
22
43
5
16
61
51
56
17
10
31
27
46
40
44
45
28
14
38
49
27
1
27
25
34
53
8
30
25
13
55
11
43
34
20
21
44
48
13
10
48
6
46
35
0
4
0
6
5
6
34
24
7
63
0
38
38
61
12
33
32
48
27
9
5
59
22
58
22
48
39
38
26
56
18
49
7
20
4
6
43
36
49
39
17
43
27
18
45
14
51
26
9
56
56
54
9
10
0
20
59
4
12
49
2
18
11
19
12
58
46
12
55
12
47
32
28
24
3
24
37
55
57
38
59
23
14
56
34
4
11
24
17
45
20
23
32
23
63
1
3
13
41
6
15
22
38
30
49
0
63
61
63
21
56
4
13
53
30
62
48
42
9
49
47
7
7
27
24
22
5
62
39
24
43
10
26
33
39
20
45
41
9
63
5
36
19
7
34
41
49
50
16
45
11
8
8
34
31
28
3
12
14
54
47
59
23
3
39
28
40
39
36
16
29
20
3
0
31
10
2
60
16
18
0
15
29
46
21
55
35
22
44
10
14
63
5
48
27
61
51
18
54
38
47
20
24
32
38
43
63
39
63
32
11
45
6
19
39
53
17
16
28
17
34
36
44
5
62
25
5
63
54
2
53
55
62
15
44
62
42
29
7
1
47
34
54
4
40
36
55
38
48
11
11
2
57
49
6
57
56
20
12
23
13
1
33
31
29
51
15
22
25
10
40
31
19
53
60
20
37
48
54
30
0
18
47
9
5
17
12
13
44
13
57
60
58
41
50
56
17
0
52
61
28
34
42
22
3
45
60
56
21
22
16
19
57
61
25
47
13
23
48
30
6
5
29
40
41
24
6
17
57
45
16
30
0
4
46
39
63
47
16
54
18
10
61
32
58
47
12
28
53
35
22
19
58
15
52
19
40
49
47
28
58
25
2
36
8
11
34
34
12
19
9
1
21
0
42
10
56
41
10
23
38
15
39
46
27
12
50
51
10
58
52
13
26
54
55
60
57
53
23
29
32
35
58
30
51
35
1
26
41
54
3
15
16
53
8
8
21
61
21
43
48
37
44
36
27
46
19
47
52
59
2
57
33
23
22
14
54
7
49
30
54
3
51
52
46
1
28
41
58
43
47
25
25
56
37
5
46
63
25
36
19
1
41
61
14
62
13
35
54
2
41
46
25
39
63
34
41
23
40
46
23
58
52
4
50
11
0
63
58
57
10
11
39
57
14
57
18
59
53
45
42
3
53
33
37
45
42
24
18
40
48
32
3
61
51
21
22
61
8
54
10
48
4
53
29
3
49
19
9
15
15
32
41
15
54
62
28
58
26
44
35
25
44
17
36
16
31
40
17
17
57
9
48
10
60
22
58
54
14
7
39
26
53
42
25
59
47
53
19
29
25
58
13
13
31
36
49
19
22
59
63
51
40
39
44
37
60
25
27
50
16
43
22
58
34
45
50
36
44
12
59
25
23
45
51
26
37
7
47
57
1
34
6
15
21
38
17
46
2
4
8
18
55
43
28
9
58
44
53
50
52
2
59
26
1
34
8
47
22
38
33
33
23
2
14
55
20
18
50
9
8
53
62
21
5
33
3
22
31
29
13
29
28
49
53
40
8
61
45
9
56
36
14
20
34
30
37
60
42
39
55
36
48
12
26
11
34
55
14
14
7
10
3
37
20
11
5
7
20
32
6
37
52
43
1
58
52
10
35
29
16
42
43
18
55
30
17
38
57
61
21
62
52
28
32
41
32
57
16
50
32
63
43
23
9
52
42
2
18
40
2
45
27
38
36
31
55
29
37
12
62
22
57
40
29
44
13
51
59
6
18
15
59
2
6
19
40
54
37
11
4
15
12
8
57
21
1
43
34
43
62
14
24
30
33
20
15
6
4
59
28
17
54
3
51
8
5
3
43
41
28
62
26
63
45
41
9
59
31
7
13
47
42
40
10
46
11
49
38
36
15
8
9
50
36
2
26
27
9
49
38
11
26
47
43
41
32
37
29
45
19
37
7
49
6
45
36
46
21
5
13
33
2
3
42
47
51
17
36
35
52
56
56
42
2
40
21
21
15
41
14
49
54
23
15
4
38
28
24
35
60
20
50
17
40
63
6
14
54
30
48
29
21
42
18
25
24
61
37
35
0
52
56
23
46
39
25
29
36
60
32
22
26
24
29
24
25
2
48
44
61
52
56
1
1
32
32
33
31
5
36
5
11
49
21
19
32
2
3
61
39
43
23
55
29
1
45
61
8
35
10
6
53
34
50
31
56
49
24
18
14
9
62
24
14
44
59
4
56
22
18
31
33
27
1
28
42
16
19
7
41
21
8
58
