18
20
21
27
30
8
23
9
14
24
6
15
10
12
31
15
10
5
22
3
3
17
29
31
13
13
15
17
13
9
26
17
4
2
21
31
14
3
13
10
0
22
21
0
13
9
20
31
17
25
0
4
28
19
22
27
13
6
27
24
12
26
14
7
5
19
0
12
15
8
14
14
2
23
26
31
27
20
27
14
7
18
10
18
1
12
17
0
26
9
28
7
1
27
1
19
27
17
13
7
22
16
28
6
9
12
1
8
6
27
20
9
18
7
30
2
12
17
14
28
16
13
13
16
30
23
17
18
0
17
7
25
28
20
26
14
23
25
14
15
18
5
8
25
23
14
10
24
25
22
2
24
16
2
13
20
26
22
5
17
29
6
7
10
25
9
18
0
2
5
3
31
11
6
26
28
21
5
6
29
3
18
4
11
1
19
24
30
2
1
31
15
24
28
29
3
5
15
21
28
27
13
16
30
0
30
26
9
4
14
21
9
20
0
3
14
26
23
14
7
21
28
5
22
15
7
16
16
21
10
13
27
9
20
14
15
14
15
31
30
23
16
3
18
17
5
21
28
13
7
28
12
3
20
5
16
16
8
7
4
4
23
31
16
8
31
28
3
0
26
20
2
1
2
24
20
18
11
0
5
6
2
11
16
24
8
7
12
0
25
18
10
9
26
22
12
17
6
10
8
12
29
28
26
28
6
16
8
3
21
17
24
13
1
31
0
14
29
30
26
26
3
31
24
27
2
9
26
18
22
2
27
30
1
12
21
31
3
29
12
20
18
25
6
22
10
16
21
14
27
3
9
13
24
5
22
0
16
17
12
7
24
17
12
16
29
11
18
26
11
27
26
7
9
8
31
21
11
27
3
13
18
23
21
13
6
12
9
27
22
25
30
15
4
31
23
12
0
12
9
26
25
5
12
12
4
17
7
22
16
10
11
23
30
4
6
17
3
29
25
0
2
0
3
3
3
16
15
3
17
0
31
28
21
7
22
19
16
12
4
2
30
10
31
10
18
20
19
15
18
13
26
2
14
2
3
24
31
23
17
12
28
12
8
29
7
23
9
5
23
24
28
4
6
0
14
26
2
7
23
1
13
5
11
7
23
27
7
26
7
24
19
15
12
1
12
25
25
22
27
20
11
7
23
16
3
6
9
8
17
12
15
16
15
21
0
1
4
30
3
5
10
19
12
23
0
28
25
19
11
22
2
4
21
12
22
18
22
4
24
24
3
3
14
12
10
3
27
17
15
20
6
15
22
18
10
23
23
4
21
2
31
11
2
31
21
19
26
13
24
7
5
5
25
10
15
1
7
4
30
27
29
15
1
18
9
29
20
29
8
15
10
1
0
10
6
1
19
14
13
0
5
15
27
10
20
31
11
28
6
7
16
2
28
9
29
16
11
29
19
24
10
10
16
29
21
27
17
25
19
6
28
3
11
28
27
8
11
13
8
16
19
29
3
22
13
2
21
18
1
25
21
28
5
29
30
30
15
2
0
26
22
21
2
20
24
18
31
18
4
7
1
20
23
2
22
17
12
7
11
4
0
19
15
14
16
7
11
10
6
20
10
13
26
29
10
28
16
30
14
0
8
24
6
3
8
7
4
29
5
18
18
22
17
21
20
8
0
29
28
9
31
27
9
1
23
17
21
11
10
15
15
18
28
15
27
4
11
16
15
3
2
9
31
19
13
3
13
22
23
8
14
0
2
19
20
30
24
8
30
8
4
18
19
22
27
4
13
21
26
10
8
23
4
30
8
22
23
31
12
22
10
1
27
5
4
20
31
4
11
6
0
14
0
28
6
21
19
6
11
18
5
30
20
12
7
23
16
6
24
30
4
9
24
18
17
18
29
15
9
19
29
24
14
26
16
0
8
19
24
1
6
8
26
5
5
9
25
9
20
30
25
28
29
15
29
13
17
25
29
1
22
19
8
10
7
24
2
17
14
26
1
23
26
27
0
15
30
22
27
25
13
13
20
26
2
27
30
13
25
11
0
18
18
4
30
4
27
30
1
21
29
15
17
19
16
21
12
20
27
11
22
25
2
21
6
0
28
21
22
6
6
28
17
4
21
13
29
26
20
31
1
26
19
31
22
27
12
14
29
17
19
1
21
21
9
13
28
5
24
6
30
2
26
15
1
23
15
4
5
5
31
23
5
24
29
9
24
8
22
28
11
19
8
25
10
10
20
14
8
21
6
18
4
17
11
23
30
5
3
20
9
31
30
10
20
19
26
14
9
9
24
4
7
12
31
19
13
11
30
19
28
20
20
25
18
19
11
14
26
10
29
10
24
31
17
22
19
25
4
29
12
11
24
21
13
31
3
25
20
0
16
3
5
14
28
13
26
1
2
5
8
31
27
9
5
22
23
26
23
28
1
30
8
0
31
5
25
11
19
19
22
11
1
7
18
9
8
26
6
4
21
30
14
2
16
1
11
15
15
4
14
15
23
26
20
5
20
25
6
18
31
7
12
26
14
18
30
27
20
29
31
16
5
9
6
20
27
7
4
2
6
1
25
10
4
3
3
14
17
3
31
31
20
0
22
18
6
27
14
13
22
17
13
26
14
13
23
23
18
11
30
26
9
16
21
25
22
11
21
16
30
28
10
6
17
19
1
13
28
1
19
15
29
27
12
25
14
31
7
20
10
22
20
14
22
7
16
18
3
8
7
31
1
3
8
24
24
30
6
2
7
7
6
22
14
0
28
29
22
22
7
12
12
24
9
5
3
2
23
8
8
30
1
24
4
2
1
21
29
9
30
9
17
28
23
4
29
15
3
4
16
18
24
6
25
4
16
31
25
5
5
6
20
24
1
8
14
6
21
19
6
8
19
19
19
17
30
15
17
13
31
3
23
3
23
27
27
11
2
5
19
1
1
27
23
16
13
29
28
30
18
25
25
1
20
14
10
4
30
7
23
24
11
5
2
31
15
12
25
21
10
25
9
24
17
2
5
29
15
28
8
9
28
8
11
9
29
28
27
0
25
17
11
19
17
11
14
25
25
16
10
9
12
15
12
10
1
30
29
28
27
18
0
0
30
17
19
11
2
24
2
7
20
11
13
16
1
1
25
18
19
11
29
9
0
24
29
5
26
4
2
26
16
17
10
25
23
12
8
5
4
27
12
7
22
29
2
21
10
8
10
21
12
0
15
25
8
11
3
19
11
6
23
