32
33
35
17
25
18
10
15
33
4
30
3
12
29
13
8
0
24
14
35
26
41
34
25
8
29
35
7
32
5
11
29
3
3
47
43
40
4
29
27
32
0
23
19
23
30
47
5
34
14
30
18
46
6
41
42
11
35
37
36
8
44
20
10
12
32
13
33
43
25
36
43
17
44
31
5
30
0
32
12
31
24
40
26
47
13
40
1
14
26
47
39
44
22
29
43
18
5
19
31
16
31
31
34
9
44
23
0
21
45
28
31
16
41
41
28
40
39
22
28
45
33
16
9
29
45
12
39
14
19
19
31
13
47
32
28
20
4
2
11
42
43
36
8
30
39
31
6
11
23
1
22
30
15
3
36
24
47
31
41
39
19
34
4
33
33
20
23
38
15
24
21
4
26
5
15
44
1
46
25
35
44
37
6
15
37
16
42
38
31
37
17
39
24
41
11
34
21
27
30
18
23
0
29
37
45
28
15
11
16
32
12
41
32
39
43
10
16
9
38
18
46
32
40
24
26
8
38
47
31
13
33
42
36
20
15
17
6
28
29
44
1
31
7
45
32
37
36
12
21
25
46
3
14
23
37
39
2
4
46
29
25
3
39
40
21
23
25
3
2
38
25
27
15
21
28
4
4
2
26
37
13
4
3
7
6
21
8
31
11
34
37
21
41
30
0
44
1
45
9
26
47
18
10
46
22
19
25
41
36
33
15
35
11
33
1
25
28
11
26
25
22
18
25
41
35
43
26
17
34
11
9
38
0
43
29
7
12
32
19
1
10
23
11
33
8
2
41
34
27
13
35
14
9
21
1
10
19
16
35
27
40
27
16
8
8
0
16
41
40
7
36
22
5
4
46
3
8
17
23
43
21
12
26
7
25
41
27
17
21
24
37
39
4
40
1
8
24
0
6
45
36
45
22
23
13
38
33
7
10
38
24
20
9
39
2
7
13
22
41
11
5
14
12
31
32
12
2
5
2
1
0
47
35
19
38
29
43
47
27
47
6
20
6
0
45
8
6
6
2
37
30
24
37
45
27
45
26
22
5
43
24
41
1
18
14
17
46
16
19
13
42
35
8
11
14
25
14
13
2
43
19
38
9
28
41
1
25
44
20
9
29
19
19
31
38
38
17
4
34
30
19
36
23
10
31
29
38
25
12
27
1
44
22
39
47
28
6
40
33
5
47
16
34
19
3
9
20
33
27
22
5
14
24
17
2
32
36
36
23
30
47
34
40
0
6
20
36
38
32
41
23
44
17
47
12
7
21
28
13
12
21
20
8
0
26
24
15
29
38
10
46
33
43
16
17
27
4
42
44
17
31
0
23
45
15
25
47
17
36
0
10
6
9
31
2
43
6
2
10
26
44
44
19
11
29
4
25
23
13
36
27
0
4
22
43
4
17
16
9
11
12
42
29
19
31
38
13
24
46
9
14
35
34
45
2
28
26
38
2
42
1
39
42
20
15
23
45
33
28
44
16
47
33
15
20
7
43
28
7
9
20
7
16
40
5
11
31
43
26
12
22
21
25
37
35
45
35
0
28
32
5
13
28
15
17
13
16
28
15
42
37
43
11
10
0
32
7
41
17
42
37
15
36
3
44
6
15
10
37
2
39
3
39
37
42
26
37
46
35
6
6
23
41
32
11
21
12
7
46
9
3
4
18
46
19
20
46
18
13
10
37
28
47
30
19
20
5
38
40
16
13
23
8
42
5
6
12
3
25
36
31
7
31
13
32
16
38
42
44
6
12
9
12
41
3
46
29
27
28
23
14
34
36
20
10
5
13
16
36
30
35
39
9
27
46
26
37
46
42
39
47
28
1
18
27
35
44
16
4
31
42
39
13
32
11
45
14
0
38
34
45
20
1
47
36
22
27
40
46
18
18
43
21
22
27
11
3
22
7
0
38
46
3
14
1
1
8
43
37
3
16
27
41
45
10
26
1
34
41
33
8
24
19
1
19
35
6
32
29
31
24
38
24
47
12
34
13
6
5
32
41
36
34
29
16
13
18
35
5
29
47
18
20
0
9
17
8
3
30
33
0
23
26
30
19
18
39
11
23
36
1
39
26
39
42
34
28
5
18
14
23
27
33
15
0
35
12
14
43
14
2
35
40
9
10
26
34
12
32
47
15
47
36
20
4
17
40
1
1
25
13
1
29
7
43
32
37
47
35
20
39
46
32
22
7
7
22
33
30
14
25
27
21
21
1
19
10
9
19
30
42
16
31
29
15
33
44
35
41
29
17
3
39
25
18
28
10
20
42
2
21
39
25
6
7
23
36
26
34
25
43
42
33
22
25
13
2
15
45
40
11
41
29
27
11
32
46
20
21
6
40
0
14
20
35
1
29
16
17
4
30
28
39
45
30
9
39
9
6
13
27
39
16
4
6
5
22
14
2
7
45
35
38
14
46
36
1
14
40
8
12
24
25
33
4
12
20
4
20
17
23
30
10
0
3
18
27
25
45
10
24
5
29
28
38
33
45
35
37
34
5
44
44
43
38
13
8
20
27
24
26
31
26
40
8
30
37
11
3
4
10
29
18
22
34
46
2
17
24
32
47
19
21
22
29
11
20
21
5
34
41
1
2
3
40
38
33
19
24
8
6
22
16
44
5
46
24
17
47
21
17
47
47
41
42
22
43
3
40
18
24
12
18
18
42
0
46
28
42
3
26
0
14
28
0
27
35
14
17
36
31
31
33
24
9
22
41
36
9
40
43
10
8
8
44
10
13
33
2
9
5
23
17
17
42
42
41
42
8
36
39
7
21
15
23
34
15
34
40
11
41
28
47
11
42
40
42
40
14
2
5
33
30
37
44
35
12
4
34
43
20
24
25
44
34
10
15
16
11
47
7
22
30
6
14
33
40
34
46
9
30
29
27
28
21
15
42
37
27
5
7
34
18
24
30
24
44
23
18
8
2
12
12
46
5
26
44
35
14
23
44
39
30
17
30
5
30
46
0
23
11
2
34
35
1
30
8
36
19
7
2
15
3
13
26
15
16
21
9
22
8
10
4
4
6
2
3
19
3
10
45
18
38
28
46
40
22
13
26
43
12
46
45
9
7
8
6
10
7
15
18
44
3
20
29
21
45
23
38
43
40
15
32
37
32
44
37
7
19
5
10
21
17
20
37
7
38
31
28
9
32
22
4
21
16
45
1
4
18
11
25
24
