27
23
38
21
20
56
23
62
17
50
57
34
50
8
11
23
42
43
11
41
41
21
11
12
45
43
32
31
30
18
56
61
52
38
34
27
0
53
39
1
16
8
49
57
30
46
25
30
22
6
48
52
42
12
49
32
20
7
52
13
9
5
27
13
42
0
51
32
40
58
28
25
40
53
59
20
18
3
34
18
62
44
27
43
37
27
26
63
28
51
58
13
13
56
16
48
21
4
58
44
8
39
2
11
19
42
39
16
13
55
21
40
54
59
0
22
24
62
45
14
10
27
40
50
9
46
3
51
2
48
49
2
61
22
10
53
10
22
48
51
31
43
59
14
14
1
31
63
36
28
8
0
47
1
20
3
62
61
10
4
50
51
25
26
50
12
55
19
61
27
35
16
38
60
33
60
59
49
29
11
41
47
18
53
7
58
22
17
57
36
56
37
61
1
55
49
35
2
56
15
40
45
54
52
59
23
62
25
31
24
37
60
37
57
62
34
13
3
45
24
31
35
39
55
63
57
61
14
22
47
55
42
24
57
55
37
63
28
61
41
37
15
22
45
12
55
3
44
0
40
33
19
16
3
22
19
32
8
16
2
39
9
18
42
62
9
3
15
36
4
28
62
43
39
45
58
40
37
58
42
20
58
8
2
20
46
44
56
23
13
44
53
57
63
7
57
26
5
24
45
28
35
13
11
19
34
27
46
46
61
2
21
23
25
32
40
11
0
13
25
1
25
47
13
30
31
11
49
41
34
5
27
33
9
63
55
15
53
32
34
18
61
52
46
32
3
61
32
42
61
28
4
40
24
9
34
45
61
19
46
38
37
32
1
40
21
28
25
37
24
61
16
39
0
58
17
15
20
57
15
17
37
38
21
0
12
35
36
57
21
10
46
19
43
22
2
55
55
49
57
38
38
56
37
3
26
10
58
11
18
30
28
22
36
9
26
24
38
12
29
21
17
53
5
28
15
48
30
29
27
14
43
2
33
35
58
35
15
8
29
24
56
54
57
8
30
63
8
62
53
1
61
17
4
16
52
55
7
16
13
4
18
46
12
52
50
7
51
0
37
37
53
42
48
33
3
60
48
48
62
45
27
60
35
51
0
33
1
15
63
11
18
40
39
8
60
23
34
27
32
63
29
38
15
22
55
38
60
10
5
50
9
40
63
13
63
56
58
23
26
3
53
53
38
8
50
0
44
41
53
14
6
3
57
21
2
1
48
48
17
14
49
16
35
29
54
6
5
28
38
63
63
38
59
3
47
47
48
37
33
24
30
60
50
9
44
18
17
54
32
4
9
56
36
40
8
1
31
57
17
18
21
22
60
2
54
19
26
54
33
43
7
38
31
5
36
58
42
14
11
6
58
50
30
26
32
54
52
11
19
24
47
59
9
45
25
49
47
28
42
60
31
24
23
54
3
52
52
28
23
35
19
44
59
45
31
52
21
32
54
25
28
47
50
48
23
6
4
28
59
49
6
23
13
44
14
55
45
21
48
38
22
30
29
56
42
4
11
4
44
49
6
56
44
18
38
50
42
10
26
44
31
0
57
43
23
17
14
16
10
52
0
35
53
49
20
58
30
1
9
20
9
50
12
53
48
0
14
40
39
38
44
12
44
36
62
28
28
43
28
43
29
0
46
41
32
55
37
0
63
52
58
10
61
42
63
21
33
35
41
26
49
27
22
20
36
15
62
11
38
29
5
45
47
33
43
7
32
41
7
15
12
41
39
60
51
9
58
4
14
47
61
8
33
7
28
33
0
15
60
33
56
48
36
5
0
61
14
60
26
19
2
57
35
6
8
54
17
44
20
25
56
21
32
10
46
56
8
3
49
53
26
41
2
63
4
33
29
19
41
60
20
60
43
5
15
32
38
32
8
54
20
53
35
15
34
11
23
54
51
23
50
50
11
32
31
34
24
62
47
56
55
29
35
28
47
59
46
37
51
45
29
27
35
43
1
3
55
29
4
7
36
21
5
27
37
11
1
4
39
51
41
27
57
30
45
20
37
36
1
31
39
41
19
23
58
55
4
12
30
21
51
30
36
26
49
5
3
13
60
5
14
45
32
17
40
41
49
10
19
46
22
14
52
26
46
5
21
38
24
7
59
9
11
16
50
39
49
59
5
12
59
8
53
43
1
62
55
11
62
12
62
17
34
31
5
39
4
20
39
27
31
10
9
55
40
44
26
36
1
61
48
6
42
48
34
27
55
7
47
11
63
32
43
44
54
26
33
1
30
55
6
45
45
27
57
51
43
6
19
7
25
56
26
58
49
31
22
9
44
15
10
15
5
18
44
10
51
59
14
22
26
13
41
47
13
44
6
14
19
15
15
62
17
18
9
51
43
38
59
60
54
48
11
59
22
25
23
50
3
59
52
29
19
46
46
53
49
30
34
6
17
8
6
10
33
48
29
6
63
45
12
58
53
58
24
52
5
22
56
16
2
19
42
8
54
7
34
13
13
40
10
55
24
40
20
17
43
7
7
26
23
21
19
38
7
53
34
29
60
30
29
27
33
21
46
14
39
2
34
46
2
14
30
22
62
15
25
34
26
17
37
63
12
60
23
36
34
17
29
54
33
20
52
46
3
41
41
29
42
52
31
51
38
61
58
6
7
15
4
20
44
22
55
51
37
8
7
46
60
5
56
20
25
35
1
30
13
50
57
59
27
25
54
28
14
7
27
10
31
50
12
51
31
23
18
61
6
19
18
50
4
28
56
8
18
7
42
20
46
53
17
42
29
39
17
13
61
61
0
40
26
63
9
49
51
9
0
48
49
8
6
20
2
30
43
13
7
19
43
33
11
50
5
59
4
56
4
50
20
43
33
1
12
3
49
42
40
10
9
25
10
19
13
36
2
51
34
2
40
25
53
18
62
52
16
45
31
39
1
12
40
32
24
36
47
36
34
26
10
59
59
15
47
47
40
53
48
6
18
47
37
57
16
31
24
25
12
23
58
41
22
63
45
25
17
43
1
0
57
37
24
8
12
57
1
17
25
47
35
40
46
59
62
0
36
42
24
3
45
49
6
63
47
52
27
4
42
36
63
59
63
56
22
6
3
55
18
35
62
9
29
35
52
41
12
16
44
24
2
54
48
47
11
57
51
15
39
14
33
62
36
13
58
2
4
52
34
54
33
60
21
25
25
60
24
37
31
5
30
21
48
2
34
51
23
30
36
62
6
16
34
39
10
60
12
16
39
29
44
36
16
2
33
13
14
10
39
21
39
3
18
31
28
50
45
32
22
6
54
28
47
5
12
25
41
6
0
51
46
55
16
20
16
41
24
42
9
35
56
18
18
29
35
5
16
61
19
0
4
16
17
52
