12
11
20
14
14
17
10
19
9
25
18
27
29
6
5
10
24
23
5
16
16
10
5
4
27
21
17
9
9
13
17
29
29
31
27
14
0
23
20
0
15
4
20
19
8
25
15
13
11
3
23
21
31
5
20
22
13
2
29
6
4
2
9
5
31
0
30
23
26
24
11
15
26
21
23
15
13
1
25
13
16
21
14
18
21
15
8
18
14
24
18
5
6
29
14
24
10
3
20
28
5
17
1
4
11
20
26
11
5
16
10
27
27
23
0
10
12
20
27
7
5
15
16
24
4
31
1
23
1
19
16
1
22
12
6
20
4
9
28
16
14
21
19
7
6
0
11
25
16
11
7
0
25
0
13
1
21
26
6
2
21
16
12
13
24
4
28
11
30
13
27
15
31
28
21
26
20
21
15
5
28
25
10
30
2
31
11
9
21
18
22
20
20
0
23
24
25
1
17
7
30
27
28
26
23
14
23
8
10
10
16
22
21
22
23
22
7
1
27
13
9
21
20
18
26
19
22
6
11
25
27
16
10
29
30
27
20
11
29
31
17
6
9
26
7
19
1
28
0
30
27
8
10
1
9
11
30
4
13
1
29
4
10
17
23
7
1
7
24
2
8
22
31
17
27
27
18
28
31
16
13
31
4
1
12
19
28
18
12
7
19
30
17
18
2
18
14
3
9
26
14
28
6
5
9
22
12
20
26
31
1
10
11
15
17
24
5
0
5
15
0
12
25
5
13
10
4
18
31
27
3
11
24
4
26
26
5
23
30
27
8
29
21
25
26
1
31
27
16
31
14
2
31
15
6
27
21
30
11
26
30
28
18
0
28
10
8
15
28
8
29
11
20
0
31
8
7
10
23
7
14
23
17
14
0
4
19
31
18
10
4
24
14
29
14
1
30
28
29
29
21
17
16
28
1
11
4
31
5
12
14
13
11
25
5
13
13
27
4
12
10
12
21
2
13
7
19
14
14
12
7
16
1
22
22
20
30
6
4
15
15
19
29
22
4
11
19
6
21
30
0
29
14
3
10
23
22
2
15
7
3
13
25
4
22
28
3
23
0
29
29
20
31
22
25
1
25
28
23
21
27
9
26
30
24
0
27
0
5
19
5
12
24
17
4
18
11
26
14
26
19
14
31
7
11
31
16
25
4
3
17
6
30
19
7
17
17
21
9
15
1
23
23
27
7
24
0
19
31
20
6
3
1
17
10
1
0
28
19
8
7
16
14
27
12
27
2
3
8
22
19
19
27
22
1
27
20
19
25
25
8
14
25
20
7
19
12
12
24
17
3
7
17
30
20
4
0
13
18
9
9
10
12
29
1
31
11
13
17
22
23
2
16
8
3
16
20
16
6
5
3
17
24
13
8
23
18
21
6
15
14
26
23
5
27
15
22
25
10
16
22
14
12
11
24
1
26
23
8
11
27
10
31
25
27
10
20
10
25
28
8
13
29
24
18
11
2
2
8
18
20
3
11
7
28
7
26
27
9
26
30
12
14
12
20
16
2
4
3
16
22
3
18
16
12
19
24
20
6
15
19
9
0
18
18
14
8
6
9
4
25
0
21
16
25
13
20
15
0
4
15
4
24
7
23
26
0
7
26
20
16
21
5
28
20
21
13
11
22
11
18
8
0
24
31
31
16
17
0
19
21
22
4
30
31
18
10
28
21
22
8
16
15
9
12
16
6
21
5
30
12
3
26
27
28
16
2
22
31
2
7
5
30
18
26
21
4
20
2
6
25
22
7
25
3
8
28
0
7
24
27
26
30
18
3
0
30
7
21
14
11
1
18
28
2
6
28
12
19
13
15
19
10
21
4
30
22
5
1
22
26
15
31
1
19
3
22
8
13
31
29
14
19
16
3
7
20
29
16
6
29
14
26
21
5
22
4
11
18
26
9
23
25
5
22
9
22
10
21
28
18
30
15
17
11
29
23
24
17
30
29
8
11
21
28
0
1
26
8
3
3
25
10
2
9
21
4
0
2
28
24
31
9
18
9
29
13
29
31
0
14
18
31
10
9
20
30
2
4
8
10
29
8
24
14
29
3
1
6
24
3
7
17
21
9
30
31
18
6
9
30
9
5
24
13
26
3
10
28
15
2
23
5
6
11
25
17
21
23
2
5
22
4
16
26
0
21
19
4
19
4
30
9
27
10
2
26
3
13
25
12
10
5
6
19
30
27
13
16
0
17
19
3
27
19
27
15
26
2
27
4
20
25
23
21
17
15
24
0
9
30
2
27
27
9
23
24
29
2
12
3
15
19
15
26
18
9
9
6
28
7
4
6
3
14
17
6
24
22
6
15
15
7
31
20
5
19
2
6
15
6
5
21
8
12
5
22
29
21
23
26
27
28
4
19
11
15
14
25
1
19
23
12
9
30
28
16
29
9
17
2
14
7
2
5
26
31
8
2
17
27
7
21
26
22
13
23
2
11
25
14
1
11
16
7
24
3
17
7
6
23
4
28
10
20
12
12
18
3
2
9
9
13
11
19
2
28
22
8
24
8
15
14
17
10
25
7
28
1
27
24
1
7
8
11
23
6
12
22
14
14
28
19
5
25
12
24
22
8
8
28
27
14
26
24
1
29
20
12
31
24
12
30
16
29
17
3
3
6
3
13
31
14
26
24
25
6
2
31
21
2
22
13
9
28
0
8
7
25
23
20
11
15
29
8
7
2
12
6
10
18
5
26
10
14
13
29
3
11
10
18
2
14
18
6
13
2
20
13
25
23
15
28
12
17
8
5
30
29
0
24
14
23
4
16
22
4
0
23
25
6
3
13
1
14
31
7
3
9
31
27
4
24
3
23
3
18
2
29
13
18
18
0
7
1
20
19
22
4
6
8
4
11
7
25
1
24
22
1
16
15
26
13
23
23
13
31
8
17
0
6
26
24
9
20
21
24
28
10
5
17
20
6
30
29
21
20
25
3
12
30
28
19
10
8
13
15
6
9
26
30
9
19
30
12
8
30
0
0
31
17
12
5
5
18
0
11
12
28
28
24
24
23
23
0
25
31
13
1
26
19
2
30
30
28
9
2
16
20
17
16
29
18
9
2
1
28
12
16
17
7
13
17
29
29
5
12
20
12
1
24
19
22
5
17
26
6
17
7
17
21
20
5
31
1
2
29
30
30
18
25
10
15
15
25
15
16
11
2
8
10
19
1
25
29
12
9
20
23
3
9
22
27
4
25
5
15
24
8
16
17
10
1
18
5
6
4
18
8
17
1
15
10
13
19
29
31
14
3
18
8
31
3
7
15
29
2
0
16
22
30
11
12
11
21
13
16
6
27
25
12
13
15
29
3
11
30
8
0
3
10
8
18
