36
33
26
8
70
23
38
41
17
49
18
75
59
46
27
0
48
77
72
23
54
47
64
30
57
64
32
68
59
53
36
13
34
36
29
37
46
61
60
26
53
14
20
39
29
9
4
42
9
66
51
73
57
43
58
44
12
70
5
41
69
24
48
24
52
15
55
20
9
58
28
27
3
54
75
49
31
23
49
59
66
0
46
16
38
19
39
68
79
69
43
79
6
79
63
62
55
10
76
60
61
4
39
63
70
73
24
4
25
47
46
72
69
29
2
19
74
77
10
49
51
31
55
30
41
54
22
12
79
9
21
79
39
29
33
25
74
44
6
1
66
2
13
14
42
21
78
17
51
1
7
66
74
11
39
67
69
5
71
52
15
44
7
34
67
34
40
16
11
56
4
64
5
76
36
8
18
62
32
