59
24
33
40
40
52
23
12
26
28
3
43
51
10
76
43
43
2
6
1
30
60
21
40
25
16
44
52
22
61
17
75
40
36
52
57
38
14
34
57
11
64
57
77
61
45
8
54
5
20
55
39
62
13
42
55
75
13
53
47
53
16
1
26
18
40
7
39
5
33
64
25
66
4
4
24
14
61
17
26
31
68
60
75
18
33
3
29
54
2
70
54
13
69
73
38
22
73
2
75
14
75
11
71
21
35
2
19
10
79
47
52
78
29
77
14
13
58
26
60
24
7
28
4
57
4
36
45
60
56
76
12
25
72
70
44
68
2
9
71
68
20
34
55
24
20
30
40
6
18
43
30
59
21
61
72
26
35
74
15
60
40
62
47
22
33
21
57
36
31
1
30
79
14
65
47
61
41
16
22
19
36
35
48
17
45
76
21
44
41
79
77
22
71
68
72
52
61
64
24
4
57
75
65
47
7
26
53
0
32
58
12
28
23
32
42
19
44
79
42
38
25
64
29
10
70
11
28
42
51
18
27
41
63
62
5
57
68
72
18
46
28
64
56
40
9
42
38
37
58
58
24
69
12
54
19
67
56
65
20
46
73
14
69
56
37
33
66
44
61
3
44
62
52
69
73
22
8
54
67
48
1
51
22
63
67
28
16
21
0
32
51
62
59
74
0
38
6
67
52
9
58
27
21
13
8
7
70
0
30
47
17
60
69
73
77
75
1
18
31
29
74
38
46
65
13
17
63
49
71
30
9
32
41
21
44
48
28
24
41
15
17
29
50
20
66
26
26
42
60
0
22
12
57
49
48
73
0
73
49
73
40
12
31
13
57
64
24
17
11
47
51
22
3
50
72
62
50
12
34
5
61
42
48
13
53
43
8
43
43
61
32
67
53
43
71
60
10
39
19
8
26
58
54
45
56
45
14
68
42
5
25
64
76
33
26
65
49
78
53
62
0
54
35
23
30
26
10
36
58
46
2
4
21
6
46
72
32
70
22
11
75
8
26
38
1
51
79
16
5
3
52
0
29
73
11
55
38
66
40
68
72
49
9
0
44
20
35
60
3
68
49
56
34
18
26
47
77
71
5
51
50
14
75
6
70
33
71
13
39
79
27
73
47
62
52
26
9
75
38
27
10
78
31
4
33
44
76
51
45
48
77
59
33
67
46
10
29
79
71
58
66
79
72
2
77
21
74
63
31
45
37
4
66
58
67
20
47
30
38
43
38
47
0
58
63
0
71
10
1
64
55
46
74
32
8
55
34
48
54
36
74
27
9
14
23
4
58
63
74
68
78
34
1
70
27
79
63
78
27
52
68
20
35
2
7
62
48
73
46
9
33
7
13
76
77
0
0
73
60
29
63
5
24
76
2
28
65
52
57
16
2
23
37
47
36
73
31
55
12
6
76
49
66
6
10
64
57
44
25
72
72
1
3
75
79
47
59
56
37
28
48
5
57
53
35
61
71
72
18
60
26
4
33
64
31
13
72
74
34
42
40
64
22
30
67
56
41
63
22
66
61
42
40
48
64
59
78
56
50
13
54
19
9
10
30
37
68
78
3
55
16
25
22
14
3
11
6
47
58
35
35
64
16
58
63
10
0
60
13
23
51
69
51
32
50
48
8
42
31
24
36
35
9
31
42
41
76
45
44
68
65
77
48
36
14
75
28
65
41
27
57
51
55
39
46
78
68
38
38
27
55
20
69
25
54
74
68
7
54
55
66
13
20
35
33
66
62
50
62
28
34
12
51
19
77
62
36
36
61
58
41
6
49
27
17
56
56
77
3
15
24
28
39
7
60
14
14
67
40
77
78
11
18
64
6
70
79
23
76
9
63
23
79
12
74
16
21
71
51
7
62
27
66
15
3
3
71
62
72
19
28
71
46
13
19
55
57
16
25
79
59
53
55
66
54
3
2
20
29
35
11
43
54
51
30
8
60
19
71
53
45
53
50
30
71
42
20
14
69
64
41
3
31
20
31
43
33
79
33
21
66
15
42
5
69
67
41
77
11
56
74
27
11
21
42
12
36
1
67
16
68
34
19
8
49
50
39
18
59
34
34
32
23
30
69
66
6
16
76
17
66
17
40
6
8
24
46
51
48
10
25
23
78
65
46
37
25
49
29
53
37
25
60
63
25
31
5
69
47
10
48
73
37
77
22
58
24
5
34
1
46
71
74
23
4
69
38
70
73
14
21
8
56
5
20
34
49
51
17
72
51
16
30
30
56
5
67
1
59
26
15
32
59
4
16
31
49
43
28
68
75
15
9
17
54
45
31
4
75
39
12
75
9
7
41
69
37
71
24
18
29
52
8
52
63
39
21
18
39
16
57
29
55
28
63
16
58
63
36
14
31
43
36
70
21
69
27
48
53
12
78
3
33
10
25
25
17
15
62
74
49
48
17
45
24
2
30
17
75
32
60
43
32
44
52
67
31
24
41
74
70
59
61
59
65
79
29
78
73
43
33
31
15
2
51
44
10
54
58
25
70
10
8
2
13
61
6
70
69
2
24
56
17
67
33
74
21
9
65
49
35
32
39
22
62
42
45
63
48
8
39
1
36
76
59
73
18
36
79
47
76
75
78
24
8
65
45
5
48
53
11
49
69
44
14
53
34
29
76
56
19
41
27
15
70
20
75
68
56
39
36
41
18
50
63
2
49
25
78
65
34
30
41
26
5
15
15
34
32
40
7
67
7
18
46
79
37
49
38
1
0
42
18
21
8
63
55
28
74
1
16
6
3
65
72
60
79
45
39
70
79
13
54
50
75
52
79
6
7
53
66
27
10
9
9
58
61
44
11
45
34
76
1
67
52
23
77
19
55
59
37
27
62
54
64
4
37
59
11
7
56
66
55
78
9
18
37
59
0
79
46
12
53
15
41
18
19
32
25
22
78
47
72
35
57
11
52
50
38
38
6
9
23
43
70
8
68
43
3
45
35
50
46
39
53
59
15
14
38
66
46
17
45
7
78
29
39
11
1
23
69
29
44
16
61
20
55
12
15
29
43
22
32
41
62
61
37
28
49
20
12
62
34
76
11
77
49
36
30
26
0
12
3
39
9
9
23
53
13
37
51
32
72
4
22
70
61
37
58
50
42
65
69
19
37
76
67
44
67
32
74
73
4
23
64
40
17
35
54
50
73
4
2
57
77
40
27
15
54
8
15
36
4
46
66
18
1
33
12
19
69
29
44
71
47
65
70
6
6
10
23
19
5
65
50
7
10
2
57
20
35
27
15
39
28
72
23
52
