0
14
3
10
23
36
15
2
31
31
24
30
31
43
35
46
41
36
44
16
47
47
8
0
33
42
9
21
6
16
1
28
44
1
2
32
6
46
11
9
37
4
9
29
21
12
20
4
24
11
12
17
13
10
17
7
42
39
31
45
44
7
22
43
4
10
45
21
17
25
45
12
3
43
13
32
20
12
26
14
7
26
27
31
18
19
25
39
2
11
2
23
36
26
5
43
5
42
33
2
31
4
35
5
44
41
35
5
36
13
9
37
6
11
44
3
26
40
16
42
34
29
12
42
31
2
24
5
28
37
24
4
37
31
45
17
42
15
22
24
23
8
31
7
24
36
0
18
20
16
29
9
0
19
32
0
26
13
39
1
33
46
12
17
41
19
23
47
5
26
39
5
11
7
1
5
6
47
22
25
32
47
7
0
19
45
21
37
33
35
1
4
15
10
14
31
4
46
4
37
26
38
41
38
45
39
17
42
8
27
10
26
14
8
38
38
22
16
37
27
18
44
8
30
37
9
46
43
35
13
24
25
43
19
37
20
12
25
7
32
47
39
8
40
7
38
9
31
32
34
47
29
21
39
45
41
40
6
1
1
12
32
26
42
37
21
31
33
6
9
29
20
33
28
15
44
25
8
6
28
27
8
28
5
42
37
44
17
41
37
37
8
12
10
14
13
26
24
46
47
27
13
43
40
32
33
41
21
10
28
45
15
7
5
16
45
22
11
34
3
26
29
9
37
4
6
5
3
3
5
29
22
36
33
2
19
27
9
14
3
7
16
4
15
29
42
22
14
44
18
6
28
32
19
10
28
29
34
23
47
4
18
18
10
11
0
32
16
7
33
45
26
39
29
24
11
12
41
32
19
17
18
31
23
39
10
25
0
20
36
12
1
44
13
11
28
22
26
38
11
35
3
32
25
3
30
47
42
29
9
45
21
24
24
13
2
22
37
4
18
15
8
17
14
30
10
32
8
34
29
17
9
38
38
35
5
25
11
38
39
0
41
41
12
36
10
34
46
45
2
16
33
4
32
47
24
7
43
32
13
0
36
40
25
47
25
40
34
6
30
24
34
40
41
8
37
1
47
15
14
9
30
38
2
33
11
1
40
40
47
47
15
39
38
42
28
29
0
28
2
14
25
4
45
38
41
3
33
9
40
26
35
16
11
3
27
27
12
11
25
6
43
27
22
25
38
36
47
43
29
41
29
15
27
23
20
40
19
5
37
10
43
28
10
40
32
11
36
23
27
40
20
7
44
41
2
27
19
20
27
7
30
13
15
4
44
9
42
46
20
8
33
5
46
43
28
37
30
40
17
32
17
29
35
30
6
38
14
7
43
34
27
21
25
31
16
22
12
40
41
46
1
29
8
19
32
2
25
46
19
3
15
37
13
3
23
37
46
27
14
9
36
9
47
35
30
46
14
34
30
18
22
35
25
9
7
26
42
37
10
12
22
38
3
18
27
0
41
15
0
38
38
5
39
8
4
19
27
8
27
23
46
34
20
31
42
38
24
41
36
44
44
5
3
47
33
0
2
2
12
11
4
12
12
36
35
31
42
47
9
4
0
13
45
18
0
42
31
30
17
32
30
15
27
2
33
44
13
15
17
30
21
35
24
45
31
23
21
3
41
0
18
12
0
47
20
17
22
17
13
18
46
0
42
2
8
11
35
45
9
7
35
7
40
24
22
11
24
38
1
24
24
29
0
37
11
15
15
34
35
26
10
20
20
45
16
46
6
22
30
11
28
36
41
13
17
33
21
32
20
46
44
26
2
24
7
28
23
15
5
14
39
42
1
5
21
16
20
33
29
21
43
1
16
9
6
34
1
43
0
39
13
14
23
14
23
33
18
18
21
35
39
16
36
20
4
2
1
31
9
37
3
45
42
0
42
8
7
40
28
22
1
38
6
16
18
18
20
21
44
17
37
35
38
44
14
19
2
36
27
35
20
44
4
22
16
45
36
13
18
25
36
2
10
9
18
17
28
41
6
15
13
25
33
29
35
6
26
5
30
25
1
5
46
20
39
38
39
5
23
34
19
0
23
21
17
44
23
15
15
1
16
12
26
5
42
0
29
46
47
38
41
21
6
15
46
27
44
17
27
12
10
23
43
13
36
8
1
28
4
27
28
31
2
41
24
40
6
9
25
20
29
7
4
21
26
18
32
4
25
34
38
45
19
35
39
3
8
28
24
41
44
46
21
47
19
30
26
41
37
23
3
12
45
39
1
29
33
34
14
37
17
38
30
16
7
24
47
13
11
33
24
35
2
28
3
37
46
6
2
7
34
33
14
34
10
36
0
35
45
42
1
24
13
44
23
19
30
40
4
14
13
41
44
16
5
1
23
18
45
26
36
39
12
43
43
45
13
14
41
40
45
34
15
19
29
13
6
27
28
41
24
23
1
43
22
9
9
6
15
36
37
43
39
3
17
23
46
18
10
9
30
12
15
31
28
36
2
43
40
27
32
19
22
4
20
15
12
6
0
2
2
40
1
35
29
37
16
46
27
46
21
22
5
13
8
18
5
28
43
14
14
21
31
47
25
32
21
38
20
19
16
13
9
16
18
20
8
7
2
40
10
34
47
19
29
19
20
3
39
44
12
8
1
33
31
31
21
14
26
28
29
6
0
35
4
45
7
39
47
47
39
25
13
3
5
19
38
8
10
20
25
27
30
11
30
17
3
37
10
23
28
29
46
44
44
17
17
32
45
26
19
13
3
20
21
35
29
42
11
36
21
32
22
8
24
6
33
10
45
31
7
7
11
40
11
20
23
3
31
8
45
42
23
42
13
10
8
34
40
10
33
8
6
20
23
26
34
22
44
43
16
33
32
4
19
38
36
10
43
25
11
25
28
14
6
35
34
40
5
31
11
36
32
6
42
14
34
36
41
21
5
19
45
40
46
3
6
26
8
31
22
2
18
43
9
12
17
14
25
31
11
35
4
44
1
40
24
26
22
21
10
17
42
18
3
30
27
33
1
34
26
16
43
34
47
14
22
21
29
31
10
42
25
47
22
44
38
7
36
7
30
16
12
23
39
33
19
2
43
28
43
18
0
39
40
24
22
1
34
26
18
4
5
16
23
30
23
11
32
1
28
39
46
35
30
43
31
39
34
40
16
34
18
19
35
15
22
34
33
11
23
14
5
25
27
39
10
39
46
3
47
42
41
4
26
35
16
12
22
21
17
46
30
8
9
43
15
33
38
15
0
15
32
16
27
20
28
7
20
17
19
14
32
32
41
