4
21
2
16
0
28
21
4
18
26
16
14
15
14
13
27
28
21
21
31
24
12
2
31
26
10
25
0
22
15
25
29
31
28
5
12
3
19
19
16
1
1
24
5
18
27
8
27
15
30
4
18
23
25
28
22
16
11
0
8
19
11
7
11
22
19
24
22
28
4
30
18
27
31
6
27
13
15
24
27
27
17
26
22
7
25
5
26
13
19
26
4
26
29
16
6
31
17
0
13
26
11
25
1
20
23
13
4
4
8
20
28
1
26
9
28
14
11
5
31
12
0
29
23
3
19
5
20
24
28
31
7
14
12
28
9
5
8
23
28
12
2
9
12
18
2
22
16
26
1
30
27
20
7
16
6
13
27
3
2
31
11
4
29
2
8
12
18
3
8
18
9
0
23
5
3
16
12
23
7
21
6
20
19
15
30
31
16
21
23
10
24
28
18
17
24
31
8
28
19
19
17
31
17
28
30
26
6
14
13
0
22
19
2
25
25
0
3
31
30
30
10
8
6
7
16
23
25
24
14
22
4
12
27
22
27
23
20
14
3
29
1
11
10
30
26
9
7
16
27
14
15
17
12
4
6
5
26
16
17
28
9
20
27
30
16
5
19
15
2
19
16
8
2
21
1
13
27
14
1
10
31
23
20
11
7
24
15
6
11
4
14
20
22
18
27
30
27
8
0
17
18
30
1
16
19
20
5
22
24
17
22
26
11
30
11
26
29
9
8
12
13
27
20
9
14
23
5
22
10
26
6
10
21
19
14
27
29
28
10
1
26
29
31
22
18
11
13
22
20
4
25
3
31
24
22
23
15
30
6
12
29
6
30
16
1
22
29
5
6
0
23
14
3
5
25
28
17
16
20
8
0
9
6
10
20
20
2
15
16
19
9
22
28
24
18
17
2
11
7
16
15
14
4
28
10
4
10
31
18
3
7
16
31
15
28
27
21
19
29
16
7
14
13
20
13
9
11
16
12
18
15
12
10
12
25
22
15
16
21
1
13
25
27
12
10
5
2
29
8
5
19
16
26
26
29
29
29
1
1
27
18
11
22
24
14
22
2
17
23
27
30
22
18
19
11
1
15
3
31
10
23
7
12
13
5
26
22
0
25
12
7
14
10
14
10
21
25
25
21
18
24
14
8
10
21
12
23
18
8
31
21
24
18
0
3
9
0
22
10
21
27
7
2
0
13
30
9
20
22
25
17
13
2
22
18
3
21
26
24
20
24
9
18
10
24
19
29
14
16
20
31
3
7
17
11
6
2
9
0
1
5
19
23
4
10
3
23
21
10
8
23
19
30
8
25
31
15
1
6
12
11
15
9
11
29
26
15
16
10
25
9
7
13
0
4
17
14
23
8
30
6
3
19
17
27
13
22
5
25
2
30
4
7
23
6
15
28
30
19
5
3
30
9
0
12
4
21
16
10
31
30
7
4
14
26
13
19
17
10
7
14
30
13
1
24
17
29
7
15
25
10
10
31
20
24
13
1
1
4
9
3
5
8
25
0
0
8
24
11
1
11
25
2
2
3
6
26
18
10
6
6
17
10
12
15
29
27
31
20
14
5
8
7
30
16
25
30
11
18
14
12
24
31
0
28
12
3
17
27
22
20
2
13
3
5
17
12
23
9
25
18
2
11
19
12
13
21
0
18
4
19
11
17
15
8
21
23
20
29
12
25
18
1
12
15
31
19
22
19
12
21
29
19
3
0
7
3
14
23
21
0
21
30
24
25
22
0
30
1
27
20
4
27
24
10
0
2
30
20
19
7
6
5
15
19
28
17
13
19
11
4
13
28
13
13
14
23
28
5
7
19
10
5
2
2
7
18
14
31
6
10
2
7
1
24
22
6
5
22
16
28
7
9
29
30
28
28
20
18
3
29
26
21
21
8
7
9
22
26
17
29
31
22
29
28
15
15
23
14
2
24
11
1
20
30
6
23
20
20
10
17
20
11
8
29
30
14
3
5
3
31
17
23
28
21
7
12
23
5
6
5
2
23
7
1
10
26
26
26
19
9
9
5
3
7
25
25
12
7
4
3
17
10
31
4
27
3
29
20
25
14
23
29
29
3
29
8
25
7
18
5
3
28
10
10
25
10
17
22
14
17
28
3
16
26
7
3
18
0
13
3
9
3
3
26
2
18
2
0
6
5
11
11
6
26
17
15
28
31
2
23
31
24
5
28
14
10
24
8
4
25
13
11
28
7
25
11
15
8
4
6
13
5
10
31
1
9
18
26
16
9
15
0
1
19
20
9
0
26
31
26
17
18
27
4
9
3
7
22
8
7
16
27
18
15
11
13
24
4
3
14
1
15
21
4
4
17
5
24
26
17
28
0
31
2
31
17
28
17
29
23
29
20
12
24
5
25
7
4
15
23
20
6
15
25
29
1
7
24
29
5
12
30
20
8
28
14
2
29
21
25
4
13
22
12
28
17
18
21
12
0
29
8
8
24
21
9
9
13
17
5
28
30
27
16
16
29
8
26
13
8
1
17
18
11
10
20
25
16
17
11
27
11
8
24
26
27
0
9
19
29
26
5
4
1
28
30
23
30
9
1
6
6
15
14
21
28
19
26
1
23
15
18
20
30
8
13
15
31
12
17
22
4
0
7
21
28
6
29
20
6
8
24
18
19
3
20
25
17
26
19
0
21
30
25
0
1
31
3
4
15
13
21
2
15
2
8
14
8
9
13
6
26
0
26
7
21
11
17
14
7
20
0
11
18
21
29
24
9
1
13
21
18
6
4
9
2
6
17
25
7
19
31
24
3
30
30
27
30
24
1
29
4
20
13
4
7
22
29
21
16
28
27
30
9
23
13
2
16
8
20
23
14
8
12
26
27
1
7
18
16
14
11
28
17
18
27
24
1
25
3
2
30
1
19
5
27
0
23
24
27
12
15
30
13
31
19
22
0
5
31
30
25
8
2
2
26
21
15
9
0
2
5
31
11
8
27
10
31
4
27
27
15
12
21
12
6
6
6
24
8
9
16
16
0
13
1
29
5
21
23
10
25
2
21
14
0
22
23
2
15
27
9
23
3
22
2
20
11
20
18
14
0
14
12
4
9
14
6
15
13
9
16
16
18
24
12
2
10
1
4
31
19
24
5
23
22
1
21
25
19
23
10
15
22
6
4
24
3
8
16
12
10
13
9
21
11
11
6
1
29
27
16
6
11
23
6
4
9
15
12
