18
29
19
26
15
47
24
17
33
43
27
7
3
10
5
25
42
39
24
38
43
11
22
27
43
10
39
9
31
3
24
42
24
37
23
3
20
29
27
32
17
19
44
18
30
25
0
25
6
46
21
27
26
39
37
47
26
11
23
2
29
7
12
6
32
43
44
38
29
19
34
30
44
34
14
28
10
6
36
40
25
27
29
45
13
27
18
42
6
44
47
18
42
34
45
13
46
26
13
1
25
6
42
23
28
32
9
18
22
8
30
47
12
25
2
40
1
10
20
43
6
22
46
40
20
41
14
29
26
42
44
5
14
3
28
8
20
18
24
46
9
19
1
9
30
18
38
24
46
15
36
39
33
12
26
14
4
34
20
19
44
4
22
43
14
18
3
31
19
2
31
1
22
38
18
19
26
3
24
12
39
14
28
47
8
46
34
26
31
41
0
25
37
34
35
45
43
2
26
29
32
35
45
29
42
39
27
23
9
1
23
45
34
20
33
45
22
20
31
36
36
2
2
14
12
24
38
34
47
2
29
18
6
44
31
34
44
40
2
20
37
12
2
3
37
41
7
12
45
27
5
6
44
10
14
14
23
47
41
35
46
7
26
36
36
28
19
27
8
21
40
27
0
17
29
17
4
34
6
20
5
41
41
24
10
12
30
6
16
10
18
2
44
41
27
25
44
25
8
15
26
30
46
13
28
32
26
22
38
43
35
39
47
8
39
11
46
41
6
8
11
9
30
32
8
7
30
16
38
2
46
14
7
24
29
1
39
34
27
0
12
32
31
42
31
30
0
10
41
36
22
36
19
36
43
38
25
3
39
23
9
46
21
39
27
12
44
37
20
15
4
38
6
23
22
33
46
26
42
26
8
7
0
16
7
26
33
17
3
27
33
1
40
38
27
47
35
15
8
16
39
8
10
18
37
7
21
5
46
35
21
15
26
28
4
25
36
25
32
46
28
14
1
9
30
9
2
4
29
11
33
17
10
9
10
42
45
1
28
32
12
0
37
37
9
7
14
5
44
4
21
32
41
26
43
46
40
31
17
23
37
35
11
33
47
9
40
15
32
25
39
35
38
30
39
7
23
4
15
28
0
46
13
11
8
18
37
39
7
45
1
16
1
10
1
7
39
45
30
45
31
45
0
5
11
34
9
41
27
3
26
29
27
38
20
23
5
22
44
7
41
24
23
20
22
9
40
3
30
44
38
34
4
15
46
35
20
45
39
43
40
44
0
41
7
44
47
42
5
45
24
31
4
13
34
11
16
20
3
17
13
22
31
32
9
8
15
30
33
5
0
30
32
47
5
42
34
5
16
16
6
9
0
2
2
47
43
6
46
2
37
0
12
8
21
15
35
6
38
1
40
12
19
34
32
25
19
38
16
45
17
39
15
12
46
23
16
38
42
35
21
19
47
11
22
11
15
41
33
2
31
46
12
18
1
34
10
38
35
5
21
1
36
4
13
42
35
47
17
4
47
7
0
25
26
37
9
15
17
15
1
23
1
0
24
16
15
7
41
4
17
10
42
14
21
20
22
43
30
4
14
16
39
8
2
5
43
39
40
33
13
10
2
12
47
35
45
36
11
27
8
4
44
31
16
42
1
22
34
24
33
25
21
9
19
14
35
3
28
11
42
30
15
4
29
3
9
24
22
33
15
40
11
34
3
1
44
36
33
40
6
35
32
20
10
17
36
43
28
32
9
30
30
29
20
22
13
22
0
43
24
16
41
46
37
45
47
16
36
12
26
43
18
24
27
11
12
21
36
32
43
23
23
14
3
32
42
34
11
41
5
14
10
46
9
17
2
37
47
4
21
29
2
15
13
13
13
33
5
31
16
4
20
5
20
45
39
14
12
29
24
37
13
6
26
36
28
37
25
32
20
35
28
28
41
0
12
3
40
41
33
31
31
35
25
36
8
0
30
9
14
37
10
16
26
39
18
43
26
46
8
28
25
4
1
42
41
13
21
12
19
36
35
27
38
45
17
10
38
14
16
13
22
24
14
12
10
27
41
33
31
7
4
21
14
18
27
45
11
15
15
23
33
10
26
9
36
19
43
38
35
23
41
44
37
19
24
4
44
16
35
14
19
37
5
8
37
4
29
38
1
33
36
19
28
32
5
19
32
22
10
14
11
19
19
37
14
30
20
17
16
6
5
9
23
42
34
1
42
35
17
27
40
44
10
36
1
7
45
8
20
45
4
11
38
15
25
5
0
8
23
23
6
21
5
36
17
1
32
42
27
5
3
13
19
29
40
1
17
45
34
36
47
31
36
22
3
22
7
38
0
13
27
37
35
0
11
6
34
15
19
4
13
8
25
18
20
28
21
44
40
29
37
17
46
19
46
33
34
33
31
25
43
33
4
47
16
34
14
20
22
30
43
17
5
42
47
23
16
44
30
22
10
26
25
5
38
10
19
31
32
44
9
10
33
4
36
34
31
45
3
13
35
1
0
43
28
3
1
17
35
16
42
40
28
41
29
47
8
41
12
8
12
35
30
7
7
43
30
29
32
11
25
8
2
24
29
26
22
5
47
28
27
21
9
18
42
39
27
40
2
13
14
15
3
1
29
47
28
28
23
24
8
43
32
42
8
6
21
33
7
35
38
18
23
12
31
42
23
38
28
14
0
44
30
40
21
40
44
31
44
24
15
30
39
45
21
17
25
19
18
6
3
29
17
0
22
7
23
2
6
3
13
24
17
37
5
46
5
32
4
12
33
21
11
31
29
45
33
6
12
11
41
33
14
15
11
15
13
27
37
13
40
46
43
23
34
47
39
36
37
16
46
18
24
10
21
15
31
43
25
26
47
41
39
3
33
22
22
24
0
34
40
4
0
9
39
36
13
14
31
28
11
0
47
35
35
24
44
23
41
19
20
46
22
41
13
33
17
28
45
39
3
6
47
10
42
32
47
17
13
40
40
45
11
20
17
40
32
18
2
15
18
12
36
9
2
37
10
35
18
26
39
4
11
29
21
23
9
16
43
2
2
28
26
17
8
17
37
20
24
26
5
45
20
29
6
13
29
28
20
5
25
11
24
19
43
21
25
0
32
31
1
23
1
3
18
3
6
21
3
19
2
41
40
32
42
11
22
7
20
18
41
31
37
13
37
32
21
40
44
27
38
7
6
38
16
18
35
21
0
28
16
8
8
7
31
6
7
21
18
46
25
34
16
7
29
16
12
5
23
11
