30
3
14
11
27
1
22
23
27
11
15
0
23
28
26
28
11
12
2
23
20
6
4
19
14
9
20
29
25
20
15
1
3
12
15
13
12
7
23
25
15
21
9
1
23
3
13
2
22
19
2
24
18
2
23
1
26
5
2
23
29
29
13
2
31
1
8
11
9
3
10
1
23
29
3
12
6
28
21
13
27
25
3
14
26
29
9
13
23
29
22
8
25
4
9
28
31
13
12
16
20
14
1
30
22
23
25
7
31
1
1
19
15
13
4
3
1
17
22
24
23
20
19
7
4
11
21
17
3
1
22
18
14
13
9
1
9
19
11
27
23
18
19
8
24
10
14
0
22
7
29
4
28
18
19
28
10
9
0
16
2
24
0
12
22
16
9
2
10
7
12
16
3
12
20
17
14
18
20
2
0
6
26
23
12
5
23
16
24
27
3
25
27
9
1
15
24
16
8
16
7
19
19
8
23
16
28
3
11
5
29
5
30
19
25
18
11
12
11
16
15
19
25
3
11
25
29
15
30
18
6
12
11
26
13
15
3
22
19
11
8
29
7
29
4
24
31
3
26
0
11
23
14
26
29
2
16
8
13
0
2
25
27
30
7
18
5
15
5
14
30
21
24
25
9
15
2
18
30
0
16
14
5
0
4
5
9
18
6
24
3
25
31
3
27
11
6
31
30
8
16
28
21
9
11
21
22
25
4
6
16
19
8
29
27
9
30
0
1
1
22
8
19
11
11
7
17
13
2
12
24
4
17
8
3
5
17
10
12
7
18
18
15
19
28
22
31
5
19
8
31
6
21
30
8
4
11
16
30
29
24
27
4
16
12
26
12
27
22
7
12
22
4
29
27
16
26
22
18
16
0
3
3
18
26
5
14
7
25
28
19
17
21
23
29
24
14
18
26
20
17
6
31
20
13
24
2
9
29
24
0
9
13
17
24
14
27
23
31
5
23
19
19
11
5
17
2
31
24
4
3
10
25
10
10
7
3
9
15
27
29
11
14
20
31
0
13
3
0
24
9
20
12
2
7
31
15
31
1
10
23
13
4
13
12
22
0
6
5
19
26
20
14
27
25
22
10
27
20
6
16
25
25
8
27
30
25
22
13
22
19
6
21
15
12
3
6
19
2
28
4
23
1
4
15
4
15
29
6
18
15
29
4
26
11
22
11
29
12
26
4
4
15
29
18
8
28
11
18
6
13
22
21
24
21
8
22
14
22
14
8
31
8
17
16
25
2
9
1
6
22
5
15
10
12
6
24
31
5
6
21
6
17
21
16
25
17
13
4
17
15
13
0
0
0
7
0
7
18
30
14
20
18
21
8
21
15
10
15
18
28
3
8
29
14
16
22
5
0
23
24
19
29
24
28
12
12
20
31
0
30
14
8
2
17
11
22
29
27
5
13
26
2
22
9
14
25
28
29
14
14
3
10
26
6
3
16
27
13
24
31
28
21
18
23
1
7
22
20
5
12
30
30
17
21
26
7
25
9
23
30
22
5
2
27
12
14
21
30
6
30
1
31
31
11
28
24
13
5
15
7
11
27
28
7
20
24
24
10
23
17
26
1
18
17
19
20
12
30
14
18
12
17
8
20
29
19
8
23
31
12
7
15
28
26
16
23
0
10
19
6
7
23
18
5
14
12
25
14
13
15
25
0
14
30
12
30
21
24
7
5
27
13
18
23
22
28
18
22
1
2
28
26
27
18
10
30
5
30
0
25
28
31
0
22
20
19
10
8
8
28
17
11
2
19
6
20
23
6
8
31
14
30
30
1
12
17
30
9
22
16
14
19
10
12
17
8
14
6
4
1
2
5
21
18
14
19
18
1
10
25
20
1
8
7
18
27
1
17
24
0
18
2
17
23
21
7
30
30
3
25
10
24
26
19
24
31
31
6
27
10
6
25
28
20
28
24
7
24
3
20
5
7
21
9
16
9
10
9
3
14
19
15
23
14
6
24
8
24
15
5
8
25
24
4
30
15
0
9
14
28
31
13
21
8
27
24
27
31
22
28
16
9
31
0
21
26
1
28
0
16
6
26
6
26
19
2
20
0
16
3
30
12
2
20
11
23
9
25
7
15
4
17
31
25
4
20
29
22
13
6
21
28
19
0
30
12
21
31
11
13
9
25
19
2
28
21
31
5
30
26
2
20
17
23
0
19
13
4
21
5
16
23
1
15
28
26
28
17
17
6
4
23
24
16
1
21
28
23
17
4
13
10
29
23
14
20
1
7
15
12
4
0
10
27
1
2
4
8
14
10
8
20
15
22
2
15
29
19
13
29
31
1
7
7
3
7
21
6
17
11
7
11
13
1
8
23
4
20
21
12
5
11
26
27
29
5
3
0
4
19
27
11
16
3
24
2
1
29
26
19
17
10
14
18
21
4
27
17
16
9
21
0
4
2
13
15
5
18
2
10
29
10
21
31
10
3
22
20
11
4
6
26
5
17
30
5
19
3
4
21
31
29
6
5
6
13
9
25
4
3
11
3
0
15
18
30
31
22
21
31
7
14
11
24
20
25
28
13
24
1
22
16
29
8
31
27
17
11
2
10
7
9
20
1
31
0
3
16
20
18
25
10
8
1
24
6
26
9
0
10
26
9
31
0
16
10
9
24
5
4
7
1
30
12
30
26
22
2
7
9
9
10
10
15
24
19
30
21
19
26
25
20
3
16
8
11
12
26
17
20
2
3
22
0
12
1
21
14
17
31
20
28
21
2
23
26
6
20
28
6
29
17
27
27
27
29
7
11
20
23
10
13
16
23
15
15
29
17
27
9
27
4
5
15
1
11
27
29
18
20
22
26
19
22
15
21
23
9
9
26
12
29
11
15
13
5
16
4
26
14
23
10
30
17
28
31
9
13
2
27
12
30
8
9
3
0
19
15
3
25
29
21
2
14
10
18
4
28
0
3
25
13
9
7
25
27
5
11
5
4
19
3
27
31
31
28
30
10
5
10
6
18
13
30
28
23
9
28
8
26
29
10
29
31
13
20
12
17
6
17
31
2
15
25
0
27
3
8
1
18
16
5
14
4
7
7
27
1
16
7
7
5
8
2
22
28
18
12
6
8
17
27
8
16
21
26
28
1
24
20
24
6
10
29
30
11
20
5
21
17
13
15
13
2
18
18
9
7
30
25
12
10
25
5
18
25
13
16
0
26
14
10
26
26
4
26
11
2
7
17
16
1
25
8
16
27
28
13
11
6
17
21
21
