52
65
3
56
79
7
9
62
22
38
12
29
70
32
53
1
73
19
69
17
53
78
24
77
79
18
13
42
75
38
67
68
60
5
58
67
68
9
69
2
17
32
76
47
53
5
48
4
33
7
32
35
78
10
57
22
60
10
48
65
42
40
11
20
63
4
13
57
21
24
39
41
61
31
55
48
77
0
48
2
75
6
28
63
66
33
63
32
75
57
26
51
31
42
79
61
52
2
74
45
8
27
39
2
59
43
0
19
23
5
30
15
20
9
6
38
69
20
4
26
57
38
59
50
7
9
49
3
15
18
41
54
9
2
23
44
54
20
46
3
48
52
71
0
44
6
42
35
33
31
11
18
28
59
43
38
4
24
56
0
65
39
14
29
54
49
34
56
4
56
70
53
3
29
24
77
42
62
70
34
31
54
53
4
53
55
29
5
21
47
23
40
68
70
34
42
3
61
39
32
45
58
4
27
23
1
69
63
20
47
22
33
32
70
20
68
38
47
47
24
14
49
24
1
28
69
16
27
11
23
67
37
69
61
57
60
61
50
5
70
21
11
65
44
37
74
20
10
55
46
73
76
21
1
45
73
73
5
30
34
59
62
72
64
60
18
72
72
51
43
66
38
54
51
16
61
43
27
12
41
16
50
30
58
45
79
6
77
60
52
63
54
9
31
24
78
57
5
16
76
14
57
30
29
0
61
56
50
46
53
28
28
52
11
54
69
75
26
71
9
4
77
11
25
28
63
45
46
22
22
25
52
49
30
69
34
46
17
46
55
68
8
8
75
71
58
49
0
75
1
4
67
46
34
41
69
9
52
15
15
16
48
16
24
36
23
47
32
58
37
5
41
13
61
72
40
41
48
22
76
74
27
50
32
43
38
49
56
43
10
71
10
50
67
64
25
53
25
21
15
42
8
75
79
66
21
44
18
60
25
0
27
66
2
19
1
46
11
57
58
19
23
37
63
58
74
53
19
67
6
59
73
35
0
0
33
18
64
12
18
44
70
36
28
23
30
71
56
76
5
55
40
46
1
68
44
64
59
71
5
71
71
63
79
41
2
58
2
30
76
7
49
19
18
43
59
20
67
30
35
54
23
6
29
5
29
15
37
43
28
32
60
68
40
17
60
19
10
13
46
54
76
28
7
13
19
76
45
63
72
20
77
79
72
36
68
8
66
24
13
63
24
12
34
36
40
43
32
57
72
29
53
34
35
15
66
24
72
27
29
56
11
2
64
75
64
19
26
25
70
50
14
15
33
49
15
30
32
34
49
55
6
22
8
13
13
25
2
72
72
5
41
23
14
51
76
78
45
57
58
52
23
51
20
15
3
38
55
13
14
54
24
7
11
78
49
38
24
7
29
44
10
53
58
24
69
22
16
45
25
73
17
64
21
50
69
7
9
27
19
69
39
67
50
28
58
73
12
59
16
43
17
70
48
55
29
14
23
53
3
68
18
6
23
21
71
48
49
39
74
68
77
51
63
49
41
4
47
40
40
46
31
64
12
23
52
60
35
71
68
60
74
70
73
17
51
68
26
47
53
16
52
3
73
78
8
44
59
49
60
76
65
2
31
66
61
51
63
33
4
51
6
26
60
47
14
65
18
7
27
20
55
34
8
8
65
35
66
28
56
54
39
78
71
3
37
14
21
58
40
1
8
41
37
24
18
20
38
58
7
10
22
8
18
69
65
77
13
2
61
35
20
51
63
17
38
40
50
45
44
58
65
37
73
61
7
29
66
31
73
57
40
35
7
14
14
61
64
69
78
67
77
24
56
19
48
21
27
0
58
46
28
74
23
54
16
64
76
59
41
47
30
7
22
12
32
62
7
55
35
54
1
1
10
45
63
77
39
8
4
38
48
12
50
26
53
79
6
62
46
37
34
72
49
55
38
16
47
70
71
45
30
72
43
10
19
60
3
74
69
29
4
62
39
11
70
60
0
71
35
71
77
59
72
42
64
41
52
27
74
67
64
66
79
72
29
26
67
57
41
69
36
77
78
39
42
51
65
31
4
49
5
36
22
74
42
22
75
33
46
10
67
59
72
26
45
54
78
30
37
17
7
65
73
62
32
58
78
56
70
37
68
39
25
75
60
43
69
50
79
44
32
19
48
31
6
75
61
70
23
76
19
13
48
15
77
39
56
22
24
26
19
19
13
53
44
49
45
54
29
33
62
79
18
72
36
74
28
69
13
0
55
74
43
68
42
71
8
55
2
78
76
30
74
73
1
43
34
55
7
14
42
11
46
1
13
50
68
20
59
73
27
17
0
52
16
44
37
38
34
17
4
12
28
3
40
34
51
21
49
28
79
62
18
2
14
35
16
59
19
77
39
28
43
78
6
3
57
40
12
33
27
43
21
41
71
9
54
10
74
16
49
65
36
79
39
56
34
68
17
61
64
55
25
57
18
20
21
31
74
45
44
67
79
8
41
13
51
78
42
50
6
79
31
78
14
73
52
63
36
71
42
14
34
78
6
52
73
26
15
32
41
55
78
36
3
49
11
18
12
23
38
75
32
61
26
8
8
66
11
2
33
54
40
64
20
62
59
67
44
17
10
9
33
11
15
66
5
8
65
12
71
54
75
66
1
54
75
47
65
66
62
40
48
44
46
63
52
77
75
66
15
29
33
12
51
9
9
25
30
0
52
16
11
78
3
25
15
5
30
6
56
21
21
33
62
76
21
3
59
77
35
14
0
47
36
28
60
58
34
37
59
2
26
48
37
12
47
36
52
46
39
51
45
69
30
6
14
31
55
25
22
36
34
36
1
27
3
36
64
65
67
12
76
25
51
19
68
8
51
64
68
64
74
65
71
6
12
13
65
76
24
20
39
56
32
70
31
26
79
78
37
0
74
9
15
62
11
42
62
64
16
60
62
67
22
10
6
9
53
3
11
17
1
50
38
48
12
14
56
30
63
29
28
56
66
0
63
61
10
33
29
45
26
10
50
62
76
57
74
43
3
46
77
9
48
27
18
33
5
22
37
21
27
67
9
13
31
75
36
11
35
44
4
29
42
5
9
25
61
16
72
45
35
65
1
79
15
10
43
35
26
37
2
22
15
50
47
73
25
38
56
31
26
18
19
21
4
17
41
53
7
17
39
76
25
9
4
79
23
44
59
66
40
42
57
26
58
35
36
36
33
13
33
49
39
31
75
77
40
73
62
31
57
70
47
44
48
1
51
