4
4
28
6
0
11
21
25
7
17
5
11
13
12
25
31
1
22
13
19
11
30
31
10
21
10
26
29
15
6
31
10
7
19
7
19
12
25
27
9
2
22
23
13
14
5
25
9
16
29
13
21
29
19
29
3
23
13
12
26
4
24
25
8
16
8
1
2
1
14
18
18
20
0
3
24
21
26
23
15
14
24
23
26
20
8
18
28
27
16
28
16
24
9
22
4
6
15
24
15
22
26
6
12
7
17
18
10
4
15
9
20
6
29
8
11
3
8
11
20
30
17
19
14
3
7
17
31
19
21
18
30
27
8
27
1
30
19
23
16
2
0
14
1
22
30
26
22
28
17
31
3
13
0
9
29
5
6
15
20
25
2
2
10
4
7
15
1
28
2
11
4
23
30
27
5
27
9
16
3
21
17
0
5
28
18
29
7
14
31
10
12
31
20
1
12
