29
74
25
17
9
78
70
33
29
24
4
69
31
47
59
61
14
26
44
8
38
39
9
4
73
74
36
0
11
54
31
41
24
54
56
46
39
34
77
13
73
76
36
79
66
20
63
22
53
8
79
67
38
69
21
56
19
75
33
53
34
20
41
46
39
5
49
43
79
33
61
37
47
49
64
75
38
66
1
14
63
23
49
51
26
28
49
27
44
69
15
44
0
72
5
21
48
70
50
12
54
57
30
17
9
51
43
54
66
62
34
19
12
42
62
19
69
2
78
2
48
3
64
55
29
71
59
69
53
16
52
76
23
79
18
50
30
67
1
8
57
36
58
42
11
29
46
25
61
9
22
13
46
14
71
16
3
36
6
68
58
41
77
7
27
6
73
56
19
15
74
11
13
24
66
32
64
