11
44
10
39
14
8
37
3
5
26
41
19
36
13
32
21
18
45
30
44
17
8
47
32
2
45
44
0
6
24
32
38
34
1
28
43
14
15
47
46
6
2
44
47
1
44
27
8
21
38
44
35
36
18
40
20
30
45
10
30
24
45
25
44
21
45
17
13
16
34
37
32
37
20
2
33
5
12
4
32
5
3
47
11
41
34
22
28
1
32
46
19
27
44
24
40
7
13
16
33
4
28
43
38
39
9
47
3
25
46
26
16
30
31
13
15
1
26
6
27
34
12
19
45
15
26
10
40
27
16
35
15
28
47
6
16
3
0
10
20
20
31
34
4
19
23
2
35
22
25
17
1
18
41
6
34
38
43
21
39
9
32
9
19
33
36
12
6
29
42
27
5
0
43
20
45
44
18
29
2
2
11
6
10
36
33
6
0
43
26
24
24
22
37
40
38
25
0
3
20
31
44
11
28
10
0
24
42
26
20
8
15
16
9
25
32
33
47
29
12
38
34
28
39
43
13
43
0
2
22
26
17
23
13
5
44
14
47
34
39
8
35
30
7
33
35
11
4
15
42
12
17
19
19
29
14
20
27
26
2
38
39
22
8
19
46
3
31
21
16
24
0
33
7
29
21
30
36
45
9
2
1
3
32
34
29
6
42
20
36
23
27
34
22
46
40
22
11
24
44
33
41
1
34
9
33
42
17
24
4
27
31
11
22
22
42
15
46
2
39
15
22
3
15
17
13
43
20
44
11
1
14
31
8
8
8
25
46
27
9
17
8
37
33
8
29
21
21
39
8
15
28
14
32
8
27
47
25
6
1
18
24
32
7
17
19
5
8
32
17
45
10
32
43
16
37
7
19
9
47
29
18
33
17
15
1
2
25
44
28
45
3
43
42
1
25
2
16
36
3
24
12
10
3
26
20
26
31
42
27
15
46
27
35
6
18
17
11
31
35
46
4
34
37
11
21
21
27
37
28
26
36
37
40
16
44
45
44
32
45
14
47
29
29
16
47
31
29
6
18
19
36
15
13
46
5
35
0
14
47
24
19
39
5
36
39
13
35
28
0
9
18
43
30
1
40
17
35
46
12
33
10
5
26
31
2
17
42
12
29
21
17
38
33
30
15
11
5
44
2
34
34
6
27
14
13
35
43
11
23
33
32
32
47
43
11
9
7
2
32
15
22
11
18
7
41
42
21
35
13
38
17
4
45
32
35
15
35
30
1
32
22
39
9
19
39
27
41
5
42
6
29
45
17
20
23
39
19
27
30
6
9
29
23
40
22
3
32
34
27
31
3
26
33
5
40
16
31
8
44
20
45
25
31
26
45
29
16
20
22
20
4
8
9
1
33
18
0
41
22
18
10
10
41
46
17
0
11
25
3
14
44
9
22
43
16
40
28
39
7
13
28
27
40
38
10
42
9
2
28
28
4
44
41
22
24
25
39
38
44
25
9
25
5
18
34
34
17
42
30
22
23
4
21
5
23
12
28
33
24
29
10
44
21
10
37
5
13
2
20
10
40
30
33
43
42
11
35
40
9
37
43
31
3
28
9
10
8
33
26
7
47
7
39
15
8
7
4
14
19
34
29
20
27
26
6
28
23
10
38
38
36
27
43
21
2
35
47
42
12
7
46
19
28
47
36
43
26
5
15
6
36
22
46
3
23
5
19
33
37
36
21
5
1
41
37
38
36
6
5
11
23
12
43
0
31
6
10
47
23
7
3
4
33
8
15
27
39
23
29
5
1
45
27
24
30
24
30
17
35
21
37
37
12
7
12
8
11
1
43
2
39
41
1
40
11
23
41
36
13
33
29
9
16
31
42
37
28
46
4
44
15
7
4
40
36
7
26
0
47
21
4
0
28
16
18
46
47
26
45
0
18
38
10
13
19
2
12
41
32
45
4
30
41
7
16
1
38
23
29
23
10
24
17
22
10
1
18
0
22
21
25
7
14
26
25
12
1
26
41
14
21
45
32
31
16
15
9
46
4
5
6
22
45
11
41
10
5
40
3
0
23
1
21
0
6
20
32
43
47
42
13
40
27
41
3
37
13
35
8
39
20
47
30
21
21
43
36
29
0
35
38
2
12
15
17
43
25
4
31
38
42
14
26
35
31
36
7
12
41
6
31
5
47
3
26
10
42
6
21
30
2
30
16
18
9
46
14
10
43
36
25
31
33
1
4
3
38
24
40
46
42
38
10
30
42
41
41
28
24
40
38
17
12
27
14
11
18
8
14
23
38
4
23
22
36
8
24
13
23
35
29
40
7
19
33
22
20
43
13
20
5
36
46
10
32
38
12
35
27
40
41
26
40
33
34
46
8
45
37
17
18
8
25
30
5
16
21
20
20
4
40
30
17
28
43
24
14
8
45
14
23
6
19
20
43
7
25
46
36
29
40
9
9
39
24
42
35
44
33
25
4
12
23
9
19
42
31
4
0
26
16
29
11
20
18
39
1
9
6
6
29
45
41
18
5
46
2
32
21
3
3
45
32
4
39
37
34
19
7
4
34
25
14
7
11
13
36
12
42
6
14
42
26
23
45
16
17
46
11
13
4
39
16
17
19
37
47
26
36
22
1
29
27
36
47
27
30
35
4
15
20
34
4
40
6
9
27
47
30
1
2
19
38
37
15
23
34
24
25
47
13
24
4
18
6
41
33
25
38
11
7
41
23
26
24
5
30
5
14
18
45
23
36
0
32
41
37
16
34
16
2
41
41
11
42
23
12
12
14
24
1
1
41
38
29
20
13
45
28
28
2
3
22
25
13
32
38
3
46
16
36
3
13
31
38
28
33
37
24
44
11
0
39
34
29
9
16
15
28
43
44
25
31
7
13
39
12
7
37
9
41
12
39
31
5
40
37
18
12
40
42
11
18
46
38
43
16
7
8
44
33
31
44
37
47
22
10
14
28
47
3
29
10
14
11
47
30
9
31
19
46
4
8
30
13
19
37
39
1
44
45
27
31
18
10
45
26
20
31
22
34
40
30
2
0
0
0
18
37
18
18
40
18
39
13
23
13
37
20
2
28
35
43
30
30
15
21
16
37
9
7
26
19
2
23
19
34
3
1
23
15
8
38
14
20
0
46
35
7
21
14
34
22
21
34
17
10
42
7
33
16
26
1
3
31
27
42
40
13
40
12
25
39
14
24
35
41
9
12
46
12
15
20
15
22
5
15
44
29
47
23
42
46
25
21
19
8
16
34
6
11
22
35
28
28
12
32
19
6
32
3
19
24
12
36
27
30
2
21
1
25
17
5
20
14
37
30
24
46
34
33
28
8
38
39
14
10
44
39
11
42
5
4
43
25
2
31
17
45
7
14
25
32
3
36
23
35
29
2
17
0
41
35
35
35
36
13
15
46
