26
43
30
9
33
49
9
7
10
50
58
35
46
18
12
30
38
47
7
44
27
56
15
11
17
55
3
42
49
53
23
6
25
5
22
44
49
14
28
3
51
9
47
1
36
58
54
45
54
28
32
18
16
61
21
53
50
11
19
13
12
43
56
26
36
33
39
40
24
59
63
19
44
2
36
54
5
1
31
63
25
34
10
39
63
60
50
42
31
35
22
13
28
46
7
29
31
62
32
15
21
4
35
34
25
51
2
39
60
62
37
33
38
3
9
40
0
53
1
41
52
20
49
55
47
23
38
12
21
5
14
59
51
61
16
20
43
25
14
18
45
57
28
37
26
52
34
29
4
6
45
17
0
20
56
55
59
15
11
58
41
61
21
37
27
48
42
8
57
22
19
52
13
7
3
30
27
41
46
17
4
59
63
57
10
