27
13
22
22
0
6
22
5
16
0
17
6
26
27
12
16
18
17
21
0
19
13
19
11
20
29
21
28
30
17
4
24
24
0
8
20
26
2
14
12
30
13
3
18
0
5
27
7
10
27
6
3
16
31
0
23
5
16
3
29
21
24
27
0
2
3
17
0
17
11
30
4
20
22
17
17
13
17
30
28
25
22
1
5
23
19
25
13
9
21
30
30
7
30
13
26
27
0
11
12
8
28
2
21
24
16
4
29
9
23
28
3
13
8
28
14
18
26
21
26
5
16
15
21
28
5
1
29
7
17
20
31
9
25
19
4
8
6
12
29
15
26
17
9
10
29
3
4
7
4
8
12
14
17
17
6
13
25
13
27
18
18
12
19
8
4
23
29
1
19
6
8
27
29
5
29
27
7
26
18
21
7
26
31
20
19
18
20
7
25
8
0
21
29
21
18
13
12
6
5
31
31
26
20
18
6
20
9
31
23
22
0
2
22
20
19
3
14
6
7
29
30
22
27
15
17
26
2
24
22
30
16
24
20
9
1
22
27
25
7
21
31
14
0
15
1
1
21
5
10
25
11
23
24
8
2
18
1
16
21
11
5
3
1
21
17
2
28
17
8
1
29
26
1
17
13
2
3
14
28
16
8
27
15
19
19
1
21
22
23
30
25
1
16
3
20
25
4
15
16
8
27
8
11
0
18
25
23
13
27
2
30
25
24
10
31
18
25
20
3
0
15
20
10
2
17
12
29
13
16
13
10
27
11
8
21
15
25
0
4
15
3
7
9
10
13
9
2
14
10
19
28
6
26
11
18
18
30
14
8
31
6
2
24
25
27
14
24
21
25
24
3
0
16
3
31
19
14
31
26
15
20
31
20
17
20
4
31
9
4
14
19
28
18
28
28
23
23
4
7
10
19
30
22
16
9
19
21
23
17
12
29
11
7
26
15
19
23
16
20
18
25
17
22
28
5
21
23
26
18
9
25
7
14
13
25
24
10
13
21
23
7
23
28
13
17
24
26
14
11
11
0
19
4
30
19
26
28
20
1
30
6
4
6
23
3
7
10
27
7
15
7
31
15
17
4
17
8
27
28
25
9
1
26
9
24
30
14
25
17
31
15
24
30
18
23
21
3
16
27
2
27
31
0
24
21
10
9
3
0
3
27
8
15
14
31
6
31
21
12
16
24
5
23
25
13
30
6
13
5
11
13
14
11
12
10
10
11
24
9
5
2
1
21
20
4
23
31
5
24
19
19
26
29
23
23
28
20
25
31
23
10
30
7
20
28
6
19
4
13
9
20
11
9
17
0
14
2
9
18
18
28
31
1
12
31
11
5
12
11
19
12
8
18
19
27
10
15
21
17
18
15
26
22
4
19
17
12
26
12
27
3
15
9
2
26
2
29
25
11
9
28
2
22
7
15
21
9
25
29
14
29
22
8
30
12
5
0
28
20
13
4
29
16
4
22
10
24
1
31
13
13
18
4
6
13
19
30
13
21
28
19
7
7
27
24
26
0
15
18
6
1
1
12
0
6
22
30
28
15
9
8
3
3
11
27
25
14
25
27
4
10
7
23
15
22
9
30
30
6
23
15
3
20
17
8
31
20
30
9
14
18
10
28
1
7
12
12
10
8
8
15
0
26
21
8
28
24
2
29
30
5
7
19
8
31
7
15
8
10
3
24
10
21
19
13
15
12
27
18
25
2
24
13
10
20
4
19
11
27
2
5
22
17
13
12
19
29
17
7
27
5
14
18
13
29
19
9
23
3
24
16
5
24
8
9
6
5
29
9
2
23
15
22
27
30
10
4
24
9
1
0
8
28
3
21
9
29
0
21
22
12
5
8
11
31
6
14
0
16
15
14
14
8
5
16
11
17
23
11
5
14
29
10
12
31
20
18
25
25
8
4
14
6
9
17
17
28
14
16
2
4
22
29
10
2
31
29
5
11
5
20
17
7
3
20
6
12
28
22
20
5
26
0
15
28
21
1
12
12
22
1
17
29
9
9
13
1
16
21
11
21
12
2
5
4
4
22
21
10
9
0
23
10
18
18
11
31
10
9
23
31
9
16
16
10
31
27
29
4
5
19
18
28
30
11
22
5
10
7
29
1
18
14
22
0
0
4
19
7
24
3
13
20
30
30
4
16
16
2
11
29
17
21
18
12
27
10
22
24
31
1
30
20
10
13
18
13
12
28
30
27
0
20
25
23
1
1
9
22
2
12
14
19
16
17
26
22
0
29
6
25
10
6
27
1
25
27
14
7
0
11
16
26
26
20
14
6
13
26
10
1
20
10
20
4
8
17
1
31
9
17
19
6
29
3
23
2
30
23
6
1
9
27
11
0
3
9
24
10
11
15
12
3
22
18
11
5
27
3
30
23
30
29
0
29
3
22
3
2
25
7
6
30
26
13
2
15
14
11
3
5
12
6
7
30
25
8
18
11
21
25
3
6
13
14
6
3
0
8
7
22
8
25
1
4
3
24
6
15
15
6
23
15
28
4
5
16
31
19
17
26
4
10
2
15
8
22
21
19
3
7
4
7
28
21
5
1
24
23
3
1
8
30
24
15
31
21
24
18
29
17
20
11
30
13
20
22
26
24
24
22
18
6
2
24
1
9
23
11
14
6
16
8
24
24
14
6
25
23
13
4
4
22
31
28
20
26
28
7
20
5
9
25
26
16
13
23
20
28
8
3
26
22
10
18
2
4
22
24
4
1
18
28
0
11
15
25
2
19
4
14
29
8
14
16
18
14
27
6
12
15
25
28
12
0
27
14
7
25
1
23
19
6
27
12
29
12
26
5
2
24
30
16
22
31
30
31
6
25
26
23
0
11
12
3
3
2
10
28
12
17
11
10
19
22
16
28
22
14
18
27
25
31
3
23
14
7
26
9
25
28
14
19
21
31
16
16
21
16
3
14
11
0
7
12
23
5
6
5
1
18
8
4
12
12
4
29
15
24
15
31
2
20
26
1
28
16
28
15
17
4
26
27
30
12
22
29
8
12
30
7
14
19
29
6
16
16
26
7
5
31
20
21
28
1
1
27
24
7
13
11
16
26
0
10
26
13
9
2
2
11
5
10
5
2
29
31
11
27
2
29
13
26
15
5
19
2
11
20
9
15
7
29
10
1
31
0
0
8
2
17
14
30
16
23
18
8
19
23
5
24
21
6
2
7
