55
24
18
57
9
3
65
61
34
72
48
33
35
25
68
28
63
68
57
9
59
19
72
65
25
23
70
22
4
4
77
55
4
58
3
0
68
32
36
8
3
39
10
43
5
15
72
19
16
54
60
61
0
23
17
1
68
11
0
49
54
41
12
33
43
10
73
61
64
23
76
25
61
78
4
77
28
70
22
0
22
77
24
34
25
6
37
33
67
74
9
34
62
54
8
33
48
36
26
77
20
20
1
63
27
14
45
59
18
19
33
45
46
45
62
10
62
28
60
60
23
61
65
66
65
79
26
51
14
71
0
24
59
44
74
33
42
73
40
43
46
1
44
13
36
22
59
67
28
78
49
77
20
18
73
13
39
3
16
20
50
67
67
25
0
18
74
17
34
68
23
10
44
31
43
56
53
58
15
14
60
62
17
31
30
69
76
61
61
78
46
53
30
13
59
43
12
61
27
19
58
36
70
69
23
40
17
51
26
67
6
29
55
43
46
63
55
66
3
49
78
21
45
60
76
24
4
27
62
23
42
74
77
26
44
76
47
13
52
79
1
64
48
53
22
69
43
12
51
30
21
55
24
41
51
22
46
54
65
1
70
29
27
43
11
74
18
23
56
6
18
69
42
13
22
56
20
51
24
3
8
5
33
75
1
9
5
31
19
64
39
30
31
2
21
7
23
21
25
48
11
55
44
8
46
57
72
79
21
0
55
73
39
30
40
70
41
76
70
43
29
23
54
17
5
58
63
24
68
36
15
23
45
11
41
63
16
71
24
2
53
70
35
64
0
15
46
14
37
21
30
65
59
28
20
25
28
61
23
27
37
64
58
2
76
72
3
12
32
5
69
55
33
53
50
53
32
50
7
27
75
17
44
64
29
48
28
45
50
62
60
50
68
68
28
48
19
53
6
57
40
56
70
3
57
16
30
48
65
31
58
5
36
20
57
31
35
58
28
51
49
53
68
79
56
57
12
66
48
62
42
32
45
44
2
37
29
49
37
48
61
31
70
73
54
62
78
70
39
77
40
52
52
11
69
79
40
5
61
53
24
64
78
18
36
15
54
19
71
63
12
31
38
47
28
45
39
39
47
46
71
42
79
52
53
13
56
56
31
43
17
61
64
48
25
56
11
21
33
46
19
30
3
71
17
25
27
3
56
34
4
36
66
79
18
8
4
21
49
60
17
76
58
60
46
54
9
13
37
45
3
49
59
6
5
7
38
6
68
50
59
36
14
35
71
36
7
64
59
17
6
73
72
43
74
0
64
53
46
56
47
64
12
47
72
68
21
12
66
2
12
64
40
52
29
45
51
19
61
33
66
13
12
60
53
44
18
27
71
63
61
2
39
6
75
32
21
47
43
40
62
58
69
25
27
15
40
38
4
78
37
50
35
10
14
75
50
38
9
77
12
31
48
63
20
52
40
15
67
51
19
70
7
7
11
22
53
77
38
13
63
62
78
16
36
21
23
69
7
9
62
4
27
38
72
54
57
2
30
6
50
78
63
77
75
52
70
49
23
15
79
16
74
58
58
6
66
7
65
10
39
33
18
22
53
56
75
38
0
69
79
66
0
11
28
49
71
43
55
11
7
79
72
33
20
75
35
21
41
67
10
18
54
35
55
34
51
3
73
22
0
25
36
14
45
71
52
10
9
54
29
57
48
15
1
52
71
6
32
74
29
46
27
59
5
61
41
17
20
7
0
32
39
22
29
57
42
14
55
38
30
66
78
29
48
7
21
12
0
1
38
35
76
16
75
9
11
63
37
41
79
15
79
58
9
22
56
67
28
19
18
47
56
46
39
60
3
65
67
28
79
58
40
59
78
38
15
47
8
75
21
60
36
38
29
49
73
7
52
69
45
4
25
78
2
44
8
20
13
66
78
21
57
49
36
27
48
63
53
37
8
34
35
36
55
9
54
48
38
8
29
15
37
30
39
76
11
41
44
64
51
34
64
76
35
4
71
30
48
0
19
8
70
46
54
36
11
46
68
9
11
41
6
72
77
44
5
11
34
43
59
16
31
57
62
60
29
63
56
5
0
47
22
28
26
22
45
19
78
49
59
31
57
73
60
77
69
73
57
27
8
2
47
16
60
2
2
31
5
4
59
27
75
42
60
42
62
9
74
31
47
66
19
26
31
77
68
46
70
10
33
45
44
63
29
24
59
32
47
32
71
38
14
52
48
43
34
11
22
57
37
37
9
71
58
6
40
34
29
28
30
20
14
25
65
40
10
16
6
10
50
61
18
1
16
49
12
67
72
35
1
71
68
65
32
13
51
76
45
2
26
7
42
50
59
14
73
54
39
7
12
32
39
65
26
21
11
54
26
73
13
33
16
52
74
65
10
28
51
64
24
32
44
36
71
25
3
13
69
22
75
27
1
22
57
59
42
70
54
73
37
44
30
51
73
58
32
56
32
6
42
44
4
76
27
66
39
5
54
67
43
76
33
31
72
11
77
14
25
14
64
39
52
16
35
33
28
74
5
23
18
79
4
4
77
3
76
41
35
51
13
74
41
8
41
33
34
71
18
72
49
79
77
42
15
17
35
67
51
47
38
7
16
18
2
16
67
41
17
44
35
55
9
12
1
23
8
68
53
64
30
1
8
66
62
49
37
1
56
63
14
79
76
10
66
29
6
69
37
74
52
24
66
42
34
25
41
21
73
69
41
14
49
51
74
67
5
68
19
38
44
24
45
74
77
40
76
40
79
54
50
4
30
48
70
54
52
39
14
72
46
41
42
50
8
17
13
14
20
61
75
17
38
43
55
69
28
34
15
75
51
56
38
10
19
61
37
41
50
73
45
50
76
8
63
67
12
20
47
74
68
8
36
23
70
40
17
39
79
71
67
9
69
65
62
69
32
58
6
60
25
66
66
26
72
1
10
5
75
33
5
75
55
37
24
76
42
73
29
20
20
67
42
69
0
26
77
3
57
27
47
72
13
71
10
10
6
26
9
78
12
18
62
57
26
43
68
4
2
32
17
3
34
13
8
72
31
15
40
13
2
79
18
62
18
29
50
15
55
65
24
0
73
16
78
63
24
37
64
26
74
2
52
75
58
78
60
47
46
59
35
65
69
42
34
16
63
20
49
26
17
47
51
23
43
74
32
56
78
22
7
52
50
31
38
75
30
65
33
49
24
65
15
24
26
53
9
49
16
9
2
34
7
3
4
58
11
1
21
19
26
14
55
35
