27
5
22
20
46
35
1
24
9
13
20
21
9
8
18
35
19
20
22
9
17
18
14
26
4
16
42
7
11
1
8
39
7
8
47
28
12
22
14
16
18
40
36
11
5
32
20
10
27
21
26
0
17
43
39
7
39
2
24
31
13
38
16
13
13
3
41
32
33
7
16
0
41
6
35
43
2
18
5
29
34
30
45
24
0
22
4
37
1
42
38
10
45
34
46
9
29
21
6
26
32
2
18
30
12
8
0
37
12
38
42
3
26
36
12
40
7
42
0
26
2
44
7
22
30
31
35
12
42
30
45
34
1
24
10
9
2
13
15
15
26
26
41
42
30
44
4
42
19
21
14
21
45
8
47
4
29
20
45
9
16
17
11
14
23
14
39
45
15
40
38
12
37
24
41
34
1
3
29
5
39
35
43
14
46
41
45
2
28
43
28
16
32
27
29
4
40
3
42
26
25
23
27
31
26
19
21
4
39
32
6
14
2
21
18
41
22
21
34
23
38
12
0
43
0
19
23
0
1
5
8
12
29
44
28
0
40
19
12
26
20
12
24
34
47
25
13
28
19
16
43
17
40
30
42
12
47
34
22
6
18
14
25
21
22
11
4
31
0
40
34
14
3
33
38
13
36
8
32
10
34
9
15
45
12
41
47
3
35
47
27
3
41
32
41
22
45
10
30
19
44
27
7
9
42
35
36
46
31
40
37
4
6
10
11
44
15
3
24
10
3
42
40
46
43
42
28
17
30
37
21
2
6
46
44
46
41
18
24
8
34
31
4
37
18
30
25
25
46
20
1
6
6
25
3
31
4
2
35
40
24
45
40
25
29
10
44
18
33
0
21
10
19
27
5
36
45
45
13
41
12
7
44
37
22
0
23
17
20
21
38
11
14
21
22
36
15
36
21
8
32
39
25
13
47
17
0
21
25
44
31
23
0
13
6
39
30
8
37
23
28
12
40
22
35
28
2
31
40
43
0
27
20
8
36
12
27
10
25
37
24
13
7
12
8
32
23
7
17
10
37
1
35
7
33
14
44
29
26
5
33
32
5
22
32
13
11
2
30
13
9
1
18
39
13
43
27
7
21
5
31
30
42
13
43
33
9
47
18
12
7
5
43
16
17
22
19
35
6
4
23
16
42
25
45
9
3
11
43
24
15
5
18
4
5
16
47
24
37
19
33
16
36
17
20
15
33
39
31
12
4
12
43
4
45
2
18
24
2
13
30
15
35
7
23
15
16
6
34
24
3
5
30
26
19
38
47
30
23
27
46
3
11
19
34
26
28
42
6
15
11
1
39
26
36
2
18
0
37
10
36
1
16
28
18
9
45
35
47
21
30
33
14
31
13
17
25
7
12
23
23
37
28
14
1
43
16
33
2
44
28
32
34
4
38
1
12
47
17
1
15
38
5
14
18
44
28
47
24
21
42
15
1
3
28
30
35
24
3
12
12
22
24
14
22
39
45
36
21
25
33
15
29
10
34
4
26
3
42
11
29
33
28
11
17
7
44
4
32
39
15
24
46
0
19
32
2
18
46
39
28
17
29
8
43
17
33
46
0
26
38
44
8
46
43
27
35
8
11
42
26
29
20
16
37
18
16
3
25
18
25
35
12
17
10
27
22
46
47
1
23
22
7
10
8
41
34
40
23
15
5
6
46
32
34
41
28
37
1
34
12
13
23
23
27
40
38
25
31
41
15
33
29
6
30
8
14
33
27
29
17
11
47
4
33
21
16
9
11
20
17
42
31
25
1
46
32
28
19
8
20
30
23
9
18
31
21
36
45
19
25
47
7
9
42
38
19
25
2
20
38
26
17
23
32
46
0
11
27
41
5
36
31
47
6
39
44
39
41
42
5
15
0
27
6
36
42
38
21
31
2
21
9
33
23
32
8
40
9
41
16
14
17
7
20
21
2
10
18
34
21
11
2
31
39
25
13
40
28
35
6
37
39
27
16
11
16
31
25
4
32
32
26
15
19
44
19
46
19
37
34
32
15
20
30
16
17
45
46
44
36
13
41
21
26
20
37
37
36
45
16
34
24
41
32
15
32
35
44
35
35
11
35
9
5
43
47
11
40
35
35
33
5
25
26
6
20
34
7
24
28
22
40
7
14
26
43
24
30
23
11
46
24
32
44
43
23
13
14
44
33
19
14
6
46
20
38
26
44
17
9
23
5
37
41
38
44
17
30
4
13
1
44
28
14
19
29
5
16
0
38
42
10
2
7
47
18
12
38
6
9
33
13
8
32
6
24
43
10
34
39
25
46
8
14
15
31
13
39
26
19
1
43
15
10
0
34
0
17
41
35
4
37
15
38
46
47
5
1
22
40
40
15
40
19
10
34
15
40
8
40
17
14
41
18
2
22
43
11
1
18
14
11
23
33
39
37
8
5
10
17
6
40
8
33
19
26
29
7
42
6
27
5
44
29
37
8
7
5
6
5
8
7
37
40
7
0
42
29
45
2
43
36
46
32
27
20
34
9
22
5
47
29
28
8
26
36
28
36
41
38
47
28
12
10
32
41
0
39
0
1
47
5
43
28
32
27
43
23
29
39
39
23
46
32
7
4
20
14
40
39
31
15
20
9
23
7
27
31
19
23
4
11
19
3
46
35
3
35
29
32
42
29
30
39
44
47
47
39
22
30
14
45
9
2
31
31
2
9
26
31
38
13
2
25
33
12
15
10
38
8
31
25
23
11
13
30
32
3
30
9
40
3
38
16
3
30
30
19
3
2
36
42
18
6
4
45
43
35
45
36
5
33
27
6
37
1
23
37
22
20
17
47
34
16
1
6
24
28
45
44
44
21
9
17
20
11
44
11
24
0
2
0
8
3
36
8
44
1
37
39
4
22
34
0
36
38
13
3
26
19
4
24
18
40
28
38
6
13
38
36
45
35
27
6
22
35
21
22
33
34
17
5
29
21
36
39
21
29
9
36
2
16
43
33
34
41
33
27
25
41
16
12
41
29
18
39
1
44
3
29
1
36
10
16
3
45
11
26
46
16
14
27
37
43
22
28
31
24
17
14
44
27
46
4
38
2
9
20
41
27
15
3
45
11
43
25
28
15
10
22
33
30
7
19
10
23
6
33
28
7
24
43
38
10
20
36
5
45
47
35
34
25
42
27
45
27
17
4
29
23
36
47
34
47
31
38
19
13
47
22
29
41
26
22
40
25
30
19
43
11
1
41
24
16
4
35
29
14
1
10
33
37
47
10
42
9
31
14
8
11
10
20
0
24
42
3
13
31
5
29
46
20
46
35
29
26
10
40
9
18
12
38
41
4
14
46
25
20
45
20
18
3
37
16
