43
23
32
12
26
5
21
8
13
19
44
41
34
41
34
6
17
30
30
4
33
24
3
26
46
36
33
14
31
0
39
40
41
14
1
33
24
8
43
45
8
25
26
8
4
38
10
32
21
16
34
39
27
7
41
8
7
42
42
35
2
3
39
33
12
32
12
3
28
9
1
21
19
16
28
43
29
25
38
32
29
2
31
3
9
6
15
44
13
28
5
39
8
11
45
23
19
17
17
38
38
23
14
19
9
21
27
29
9
34
25
22
28
38
0
3
25
37
37
13
46
2
47
35
46
31
46
9
40
18
40
27
15
43
5
46
42
32
10
34
13
35
0
5
38
30
8
29
19
7
4
9
5
4
23
1
2
23
19
10
0
28
29
34
31
43
20
43
6
32
20
23
36
27
17
34
42
7
41
22
42
47
37
18
16
10
8
42
16
9
47
39
41
25
9
43
24
44
39
21
36
32
22
23
28
33
37
38
29
1
0
1
11
2
17
14
3
1
3
41
6
14
22
18
38
30
3
34
39
11
4
16
9
25
18
19
23
5
4
10
1
6
27
4
42
41
33
39
46
40
44
22
34
44
19
31
20
43
2
26
8
30
43
31
23
43
35
41
31
12
2
13
47
2
24
12
22
7
29
4
40
46
32
5
3
47
11
25
16
37
3
24
36
0
37
19
12
41
27
20
25
23
27
25
45
0
34
44
32
30
46
41
23
2
33
19
43
21
5
10
31
21
0
34
8
36
12
28
20
34
47
12
46
47
11
20
34
26
39
47
12
38
39
32
24
46
37
38
17
42
21
33
7
24
6
2
7
41
14
43
47
35
12
41
42
36
0
3
19
38
12
30
0
10
36
7
32
28
22
15
7
18
6
24
7
25
36
40
31
37
4
44
5
18
22
18
23
44
7
9
32
30
36
36
13
5
46
12
29
26
34
37
2
29
19
39
11
3
42
38
27
35
35
30
6
47
0
25
34
20
23
25
7
1
0
37
40
0
36
16
31
2
18
41
11
29
0
46
37
21
33
45
19
36
24
30
23
44
29
17
45
4
45
28
36
35
9
12
20
3
20
35
39
32
47
47
20
26
18
47
46
12
46
41
28
26
16
24
4
34
29
5
40
2
16
21
38
22
38
22
31
41
23
13
10
32
18
19
15
5
28
43
1
45
10
26
39
35
44
41
22
16
9
30
24
10
19
17
2
12
42
26
20
37
6
19
15
5
29
18
19
32
46
3
44
35
17
1
32
39
30
6
39
45
25
47
9
20
41
42
3
25
17
6
20
39
13
21
35
9
4
10
7
9
13
41
16
40
33
29
6
16
36
6
39
45
15
14
35
11
40
30
37
15
17
43
3
46
23
7
29
31
21
37
35
3
9
29
12
27
11
3
27
31
1
10
18
8
8
13
1
27
21
26
41
6
18
24
31
6
29
7
33
7
1
42
42
35
26
27
0
22
3
6
21
39
2
30
43
7
32
7
42
22
47
30
10
18
31
12
33
44
10
28
44
29
37
7
10
26
9
29
41
15
17
1
25
32
14
45
42
44
40
17
14
5
13
14
47
14
1
45
14
13
10
29
3
25
34
45
0
8
13
5
31
31
7
42
33
27
26
5
34
30
45
24
42
28
22
30
29
22
11
47
16
30
24
2
6
37
47
10
33
11
0
0
14
33
37
27
7
39
16
14
43
14
35
39
43
22
18
41
38
15
3
38
18
11
5
47
1
45
42
9
9
36
21
20
21
29
42
26
17
36
46
21
20
46
4
26
34
41
30
21
43
29
38
35
36
19
0
28
33
24
22
41
11
8
12
42
31
19
17
20
35
44
29
21
4
43
25
15
28
35
9
38
30
14
16
6
5
16
0
17
46
39
27
40
13
22
44
1
33
27
1
34
36
41
34
24
21
13
3
15
12
12
4
13
12
8
10
13
41
15
42
0
27
36
43
46
40
40
3
13
46
8
29
42
7
24
19
28
32
19
13
23
18
21
47
2
30
21
47
15
1
8
27
14
42
11
27
28
22
20
19
47
36
3
27
17
34
37
9
2
33
10
33
40
14
13
24
8
17
36
36
45
25
28
39
31
25
14
8
25
24
46
33
40
16
28
40
8
4
31
11
18
14
23
36
3
7
20
28
2
4
10
40
9
45
37
10
2
32
21
2
45
40
16
33
45
30
17
25
4
44
32
22
5
25
27
40
16
47
10
23
20
17
3
3
26
16
32
21
26
12
3
38
14
21
38
38
7
27
32
27
23
9
30
24
26
4
45
5
8
12
32
16
17
2
16
9
0
25
43
26
45
38
9
39
15
31
0
26
11
22
0
33
5
15
27
25
6
43
1
23
42
26
37
10
9
34
11
19
6
36
16
5
26
44
19
15
7
29
9
41
26
46
1
18
25
10
8
5
26
6
46
23
44
42
6
13
37
27
18
37
45
11
8
34
36
30
1
17
22
36
5
21
42
24
20
28
0
8
24
30
18
1
29
36
4
13
32
10
16
15
11
20
10
23
44
15
7
20
41
35
35
2
38
37
24
24
28
42
45
30
31
45
19
35
15
39
39
12
32
14
47
33
46
18
40
27
43
2
36
4
45
31
33
1
15
33
11
38
16
13
6
43
21
44
17
34
25
16
13
47
20
31
19
39
40
31
13
45
5
15
30
12
31
28
44
24
35
10
15
15
30
37
44
11
4
24
22
5
19
1
13
18
22
35
28
35
8
6
33
18
47
35
5
13
5
31
44
43
40
44
10
4
21
9
6
17
15
4
15
22
30
39
47
38
28
15
12
4
34
17
27
12
10
43
41
46
22
37
17
18
41
16
32
11
28
25
46
35
6
1
42
23
6
35
11
40
19
6
37
3
39
2
18
15
37
42
24
47
10
20
20
11
36
26
34
12
38
7
2
26
22
45
20
13
20
23
25
30
32
21
26
46
13
42
47
38
37
25
23
2
3
14
24
17
26
13
12
1
3
9
44
37
0
18
23
12
31
11
43
45
15
19
8
20
28
23
27
18
1
14
8
43
34
15
15
44
2
17
2
1
9
23
4
28
11
11
39
13
8
43
27
33
40
33
17
8
5
8
16
19
30
28
29
33
6
16
46
40
32
37
25
14
7
21
9
11
40
10
14
6
7
0
2
45
14
4
36
33
39
16
43
17
12
20
40
45
2
22
19
38
5
0
44
35
24
44
11
41
4
47
31
22
17
1
7
18
40
33
46
18
38
5
43
45
4
11
31
21
8
44
27
29
15
20
11
46
5
38
4
14
28
24
25
45
28
34
39
4
22
32
40
37
23
7
0
32
38
47
35
16
35
29
0
40
31
23
23
47
35
14
34
2
43
6
34
22
14
26
27
20
26
20
14
36
29
