6
14
6
26
14
24
11
24
27
30
9
31
30
30
6
5
18
7
0
1
21
8
12
1
5
22
20
26
19
17
1
25
29
8
8
13
31
24
2
13
26
5
8
29
1
20
28
13
10
12
6
28
29
8
3
27
15
23
15
29
1
7
6
4
5
30
19
24
29
16
14
28
15
1
7
19
13
28
19
4
0
24
22
6
2
10
2
11
23
21
26
0
12
24
6
1
9
29
27
6
9
7
25
19
2
0
13
26
23
31
16
16
24
18
29
27
19
18
26
11
25
28
18
1
27
12
17
6
18
26
16
10
26
2
17
24
9
15
22
22
3
30
29
0
19
17
5
0
18
29
29
29
3
29
11
1
24
18
19
9
30
8
25
26
25
16
26
15
20
29
24
9
25
9
4
22
31
0
4
16
11
6
14
4
23
20
3
2
19
7
16
12
22
5
26
26
12
23
24
14
7
4
0
30
20
6
7
28
0
3
19
9
21
14
9
2
7
18
11
13
21
27
29
4
15
18
11
17
19
21
22
18
26
3
26
6
3
16
17
17
6
29
13
15
27
15
5
10
9
7
14
31
22
3
13
18
8
22
29
28
29
18
16
8
28
22
1
12
8
15
6
9
22
25
25
27
24
20
21
30
10
15
28
31
26
23
11
14
6
1
5
12
27
16
26
22
12
1
17
11
8
23
23
2
2
4
18
21
4
11
3
6
4
24
26
11
7
5
10
23
3
9
12
7
21
10
0
10
10
14
17
24
21
5
20
22
10
31
14
5
10
10
11
3
22
9
3
5
28
15
27
24
26
22
23
19
13
13
28
4
21
4
25
24
2
23
30
21
14
8
29
8
6
0
9
30
31
1
3
7
15
19
25
30
1
8
11
17
12
1
26
30
22
19
7
31
2
13
15
21
24
19
11
29
29
25
25
6
24
24
17
28
12
6
27
16
16
31
12
15
7
7
26
5
16
29
8
3
0
20
10
5
7
10
3
27
1
19
24
19
1
3
22
0
25
31
27
23
30
15
14
26
20
11
5
23
30
6
7
30
10
2
25
19
14
27
12
21
11
21
31
7
31
24
1
7
15
5
8
0
31
9
28
9
29
13
16
18
27
23
2
19
6
3
21
3
27
6
31
17
13
11
15
19
13
5
30
24
14
31
4
26
22
31
21
11
27
3
31
19
23
9
29
30
26
30
20
30
30
20
18
24
10
23
2
3
20
12
1
6
31
0
7
16
10
17
15
7
27
28
1
18
12
17
21
23
5
15
1
2
30
17
13
25
9
3
21
21
17
26
3
15
0
9
28
27
25
28
10
25
13
11
8
29
12
17
13
27
15
11
6
22
5
18
19
10
0
2
21
8
16
30
23
1
16
29
15
16
14
23
21
2
10
25
31
3
10
17
4
4
15
26
10
18
2
16
25
4
2
4
22
20
6
16
13
3
18
28
8
28
6
28
27
13
16
27
23
4
21
2
11
29
21
17
22
23
0
6
2
18
9
7
29
7
30
6
24
12
2
5
17
2
8
12
17
6
28
10
13
6
2
7
29
26
30
31
11
0
26
4
10
7
16
23
25
5
15
6
25
9
28
13
24
23
18
10
5
14
3
19
30
23
9
10
12
3
17
9
10
8
13
0
28
2
20
22
21
10
1
15
27
5
14
29
25
20
13
6
0
3
16
24
0
31
0
25
28
0
4
3
1
14
13
10
27
0
28
20
19
17
12
15
8
14
19
2
6
5
2
21
20
26
4
26
1
23
4
12
20
17
25
28
27
20
28
14
16
9
11
9
12
0
30
14
28
12
30
7
11
18
9
16
14
23
20
17
4
14
4
23
25
5
21
25
4
1
7
29
22
4
16
13
18
6
6
26
27
10
20
10
17
0
21
0
23
20
3
25
15
27
13
25
2
4
28
18
19
7
28
5
7
30
22
13
9
15
19
28
5
26
6
13
16
18
21
25
17
30
9
18
2
6
24
24
1
4
16
6
9
12
4
9
19
5
23
29
22
4
8
8
10
5
10
5
17
11
31
22
31
22
23
31
17
19
14
2
0
18
31
4
1
26
22
9
17
20
22
5
28
14
8
16
4
18
0
1
8
13
7
12
20
18
15
16
5
30
21
22
14
3
21
26
12
14
10
8
18
8
13
16
5
2
27
27
5
11
11
20
8
17
26
4
2
7
25
20
31
17
18
3
24
23
15
0
3
27
1
9
4
15
17
24
21
12
5
17
27
13
13
1
16
21
9
20
31
25
7
16
12
25
1
23
20
26
28
17
25
8
0
19
19
22
13
10
12
15
18
25
8
8
21
22
4
14
13
22
1
13
20
20
24
2
21
27
5
19
21
2
30
10
31
17
19
2
20
9
31
8
13
17
3
7
20
22
23
17
20
22
27
22
13
14
9
28
18
26
29
14
17
14
18
29
19
30
5
3
3
9
11
18
27
11
6
24
25
4
2
2
20
7
27
23
19
29
1
8
9
19
10
9
30
0
30
9
24
10
4
5
1
4
26
20
3
15
15
9
19
3
11
18
8
27
30
21
29
7
24
25
4
2
7
27
22
0
14
8
15
14
31
13
14
28
7
7
23
18
3
18
15
9
21
9
18
17
12
29
9
6
28
14
31
30
11
2
15
3
24
31
26
25
16
29
31
15
19
1
18
13
14
17
23
5
19
24
7
12
23
20
0
14
12
25
6
24
21
17
7
11
30
27
16
16
8
16
1
15
29
30
11
10
8
1
27
2
1
26
8
11
29
30
14
22
8
27
10
14
4
12
11
0
18
27
20
23
5
20
26
30
4
28
22
25
29
15
8
12
21
6
9
17
2
22
13
22
0
12
2
31
18
1
16
25
14
24
30
0
19
3
27
16
12
23
19
4
10
11
2
31
24
12
28
11
28
30
22
6
21
8
27
30
13
6
20
7
18
4
20
3
25
22
8
12
21
1
0
22
10
15
12
29
16
14
28
31
15
3
19
26
31
20
10
24
2
13
11
14
5
26
12
12
20
14
14
23
20
17
28
13
11
10
12
27
18
1
15
29
11
0
31
29
5
28
19
0
0
8
3
20
30
24
25
12
28
19
11
16
7
16
31
5
8
28
11
31
11
28
31
3
16
23
26
15
24
1
21
11
1
23
31
21
25
21
16
24
12
7
7
29
4
25
5
26
24
0
23
0
23
31
