68
66
59
29
14
73
62
3
14
17
19
36
40
69
10
35
7
70
10
14
69
76
58
42
40
12
35
48
23
67
10
58
74
4
52
48
2
28
56
15
29
4
19
31
34
48
15
27
61
22
39
76
76
33
11
49
7
36
46
12
26
59
29
3
61
48
40
73
42
58
46
3
1
39
59
13
35
79
68
68
30
56
26
36
38
26
12
53
13
65
38
55
18
43
20
52
44
53
4
18
61
70
12
11
77
76
41
37
74
59
51
7
46
34
57
77
20
32
72
32
62
70
50
35
50
17
47
28
52
76
52
39
38
43
39
49
61
72
21
33
58
35
60
22
32
29
74
19
13
59
38
36
36
56
27
54
52
6
47
52
53
52
9
1
11
40
16
5
2
63
57
72
77
11
73
43
52
24
26
4
68
13
46
7
8
25
42
73
34
48
33
79
30
49
4
35
35
44
2
6
73
77
42
19
38
18
71
64
69
21
17
38
6
38
20
59
56
50
60
42
31
20
32
5
1
65
55
57
75
29
50
50
47
35
52
25
10
56
3
43
50
32
77
16
9
11
60
9
45
30
72
76
67
70
19
51
29
19
34
25
64
55
57
62
51
2
38
26
13
62
70
12
42
62
27
24
21
9
39
12
66
54
68
36
28
36
5
29
79
64
67
74
62
14
0
21
63
68
76
44
51
35
43
14
67
37
45
64
28
51
73
25
3
9
6
65
69
52
63
63
70
28
18
0
33
29
25
61
13
31
51
57
52
15
40
32
63
6
43
71
75
23
69
8
79
57
12
45
65
6
34
67
16
15
70
19
74
45
53
23
54
18
2
10
5
5
57
49
56
22
1
67
18
75
26
58
37
23
36
65
31
48
56
13
24
24
26
28
47
55
28
31
17
20
58
79
16
30
33
5
62
23
1
11
24
46
10
58
71
29
54
12
62
79
13
75
73
32
6
49
28
75
68
46
35
26
21
23
37
31
25
65
15
54
51
9
78
27
67
58
40
62
36
41
56
71
19
36
60
15
13
56
64
45
34
75
47
40
57
15
28
66
79
10
33
18
21
17
43
38
21
29
1
15
71
70
18
34
26
51
23
44
48
18
58
7
34
34
0
64
50
49
16
19
34
7
59
73
33
41
44
73
61
59
2
31
11
40
9
73
55
64
69
24
26
63
14
12
29
39
37
66
2
70
78
75
75
23
34
6
69
65
78
79
71
7
19
1
1
46
52
30
8
47
8
46
78
71
26
4
77
55
42
77
0
74
46
68
49
1
32
57
77
75
77
4
55
68
26
42
31
48
53
79
37
43
37
7
65
66
16
33
36
75
10
31
54
27
76
42
44
47
6
59
54
48
33
41
78
38
66
21
2
26
35
65
61
37
48
24
67
72
21
49
71
44
32
1
66
4
78
19
66
71
7
4
35
4
17
59
67
37
42
75
62
39
69
22
13
63
62
71
23
56
27
38
38
2
1
76
57
75
2
11
10
9
38
39
43
9
10
21
16
70
33
60
56
51
58
20
17
16
46
14
46
44
12
10
58
58
55
18
3
7
29
45
18
49
45
26
16
0
54
48
47
5
76
8
65
29
58
23
33
8
67
36
69
53
54
65
60
74
30
5
8
66
55
34
76
47
39
49
21
68
20
70
60
34
33
27
7
74
79
21
42
44
33
47
0
74
2
16
31
22
40
54
2
31
13
18
74
72
64
67
11
22
77
72
76
30
22
29
20
9
69
64
50
14
41
7
75
78
54
69
22
42
24
72
30
53
48
34
58
61
17
22
44
21
64
1
1
63
50
28
74
76
12
44
27
36
1
68
25
62
14
25
5
7
61
59
8
5
3
32
33
66
37
77
65
41
39
77
24
57
46
21
59
30
57
3
65
13
31
73
38
74
65
41
25
28
18
15
6
5
33
48
77
52
48
30
32
52
10
33
45
72
68
48
29
10
0
32
28
41
11
7
41
22
11
59
59
11
43
8
73
43
56
12
41
32
68
16
25
22
22
70
19
13
0
33
37
44
6
51
39
3
63
59
25
17
64
15
56
48
63
35
41
15
39
34
53
13
79
76
31
10
50
43
31
26
5
52
49
75
63
15
4
43
72
37
30
0
0
14
5
40
44
79
5
51
20
64
78
57
79
22
9
69
27
68
58
3
38
8
61
35
41
25
45
67
18
27
36
44
16
52
49
44
62
61
20
27
60
15
31
10
4
72
76
17
49
24
17
62
49
68
46
35
64
41
73
37
4
24
78
37
60
19
60
42
9
55
55
28
16
21
51
20
55
56
47
40
65
5
62
44
8
41
72
36
48
12
1
66
36
38
16
64
29
15
16
9
53
75
64
56
55
47
57
50
74
9
46
57
53
23
30
60
56
23
28
36
5
27
78
70
67
24
60
16
18
46
68
8
47
64
53
45
53
9
12
49
57
48
59
3
72
34
11
46
47
58
4
47
39
8
39
57
29
25
0
9
2
68
42
20
79
9
77
19
28
70
78
9
45
8
7
51
55
10
46
51
22
6
53
75
32
13
19
76
68
52
30
14
25
34
2
22
37
51
44
11
76
66
20
60
1
72
24
77
8
4
3
50
30
41
55
17
6
14
17
61
74
0
76
33
78
21
71
3
69
64
19
47
28
40
79
0
43
41
42
22
47
50
20
40
73
63
74
37
25
25
12
14
6
9
47
74
24
66
36
40
20
15
69
43
62
42
23
77
17
8
40
46
55
54
51
45
72
18
65
0
29
56
26
67
21
49
31
78
67
17
57
43
73
45
56
69
65
31
43
66
68
0
61
63
76
54
41
43
73
37
16
58
30
60
6
17
58
33
13
70
11
50
54
2
20
42
65
26
60
71
14
51
79
51
50
2
66
16
31
30
21
14
18
75
69
12
42
53
48
27
78
20
62
75
3
58
15
32
63
54
3
78
34
35
53
78
45
17
1
30
32
36
31
24
39
40
20
63
79
71
39
69
28
53
61
60
27
34
77
39
67
14
49
45
50
12
54
69
16
73
71
62
70
3
46
72
27
10
78
53
4
41
28
60
78
12
38
64
29
23
55
11
28
35
27
8
11
57
53
13
66
14
71
56
49
21
77
38
49
23
54
17
77
3
4
72
70
3
60
24
13
71
2
44
17
29
61
66
50
74
67
79
63
2
4
7
23
11
55
6
5
1
1
24
18
24
14
41
58
38
71
23
40
27
7
14
61
51
61
15
63
72
49
59
45
24
73
19
4
35
70
23
71
45
3
71
69
22
67
30
74
40
6
10
50
19
9
26
64
79
0
32
15
78
18
61
32
11
74
44
63
44
45
54
73
5
61
26
6
72
54
52
54
37
23
0
25
25
59
66
19
8
28
6
63
39
8
79
37
13
7
39
66
0
69
22
32
