34
33
45
12
11
33
44
2
7
8
8
15
42
31
6
17
3
28
6
11
32
35
26
35
27
10
17
28
13
31
6
42
27
2
45
37
2
23
45
6
23
1
8
16
12
27
8
23
26
14
14
31
35
23
6
30
4
18
35
9
13
37
22
1
26
28
30
29
24
42
35
0
0
17
34
6
13
31
33
28
16
37
18
15
20
14
10
31
7
26
12
36
7
33
13
36
30
32
1
6
33
28
10
11
29
35
41
15
32
45
24
4
35
13
37
31
21
19
24
19
42
29
45
17
43
10
42
12
40
33
36
14
23
26
12
38
42
47
23
19
26
17
43
14
19
20
26
9
7
45
15
15
15
37
23
45
44
4
42
36
31
36
3
0
6
35
10
5
2
30
46
24
28
11
44
32
36
19
19
1
41
7
27
5
3
20
44
47
16
28
23
34
16
43
2
17
13
34
2
4
30
28
39
8
14
7
29
26
31
20
8
19
4
21
13
45
43
36
44
44
16
13
16
4
0
32
46
39
30
22
34
44
35
12
38
20
7
24
2
26
34
18
27
11
3
11
43
3
30
16
41
33
31
29
9
27
18
9
15
22
33
24
37
44
24
2
21
19
6
29
29
10
34
38
22
21
20
3
14
9
31
45
41
15
18
15
4
17
32
39
40
31
39
7
0
22
42
34
33
30
29
14
25
7
29
19
47
43
20
24
35
21
2
3
5
28
26
42
26
43
30
22
11
0
13
12
22
26
7
16
28
36
44
10
35
19
39
4
32
32
25
21
30
3
46
44
7
24
35
5
12
38
10
10
28
9
31
24
29
21
45
8
0
8
5
5
37
43
45
13
0
32
7
30
14
42
13
23
15
31
16
31
45
9
21
16
15
18
42
37
18
20
11
21
28
34
11
21
12
4
36
14
1
6
16
39
6
46
36
22
40
10
39
31
8
46
30
18
5
35
22
25
33
24
17
19
22
23
17
12
23
28
10
40
28
3
30
20
30
44
40
43
13
41
44
39
9
17
24
11
6
37
37
37
22
25
37
38
37
9
18
45
32
6
20
7
23
8
37
15
22
22
0
10
37
28
11
12
19
36
22
38
37
7
39
3
22
12
2
46
32
39
10
9
12
3
37
27
23
35
33
27
28
47
2
16
6
35
5
46
39
41
40
14
18
25
11
9
15
17
15
46
2
47
46
25
46
21
12
5
40
27
31
31
27
5
9
0
0
38
34
16
5
27
5
35
43
45
13
1
41
46
44
41
0
35
35
35
38
0
19
44
27
34
25
1
33
34
14
39
17
26
25
32
15
25
15
5
25
45
10
12
15
28
6
16
42
12
43
39
38
41
5
37
42
38
20
41
34
17
47
22
2
13
17
43
47
15
36
21
34
34
20
26
32
33
22
1
47
1
32
9
45
36
5
1
18
1
8
37
40
19
44
38
29
12
41
13
7
43
29
35
22
26
22
18
19
2
0
31
38
47
2
11
8
3
21
17
39
3
6
20
11
26
18
44
45
26
42
13
8
10
42
9
35
33
6
7
26
28
39
9
1
4
22
38
9
25
37
14
8
2
46
38
41
3
43
3
37
23
38
14
20
3
32
14
40
28
40
43
43
27
18
5
4
40
39
12
35
35
17
42
20
27
17
29
44
12
13
12
4
33
32
19
45
30
13
33
0
27
2
11
23
13
41
43
2
23
6
7
34
46
36
30
11
13
38
42
46
16
22
16
13
3
46
43
32
7
41
4
29
34
27
30
14
39
21
41
16
39
42
12
39
43
8
13
38
22
43
0
0
44
24
22
31
33
9
33
23
15
0
33
20
42
7
12
5
4
41
45
3
5
2
18
20
47
15
42
30
35
18
44
21
36
35
22
45
21
32
1
26
7
16
29
15
27
34
32
21
19
9
10
4
5
13
26
29
43
35
21
18
36
7
15
47
36
25
26
23
9
2
20
18
29
11
4
39
17
11
40
40
11
24
3
47
34
34
6
26
18
41
11
21
14
14
29
9
6
0
20
17
41
4
34
12
0
46
37
22
8
42
9
37
28
40
17
28
6
19
12
28
11
24
31
16
6
32
38
17
14
5
29
33
27
44
10
1
35
25
17
18
2
0
11
4
30
47
31
3
24
20
42
30
38
30
14
3
41
21
33
28
1
19
3
47
14
28
23
25
41
7
17
15
36
10
34
38
24
42
46
13
20
47
10
17
7
1
38
33
8
38
20
8
28
25
36
35
15
44
44
25
20
1
16
46
15
47
9
24
24
3
37
47
18
10
23
34
20
25
34
40
26
27
5
42
35
4
46
24
15
38
7
0
40
15
22
10
42
12
10
10
3
29
39
43
37
41
40
46
36
31
3
24
30
29
23
16
24
24
21
23
17
4
12
46
47
30
19
47
10
11
34
25
4
38
43
28
46
42
3
9
38
32
26
42
2
25
20
6
35
33
44
1
40
17
5
17
45
23
22
1
3
2
41
38
23
30
5
27
9
18
29
31
3
25
4
4
24
38
6
27
24
12
4
28
25
18
11
9
27
41
29
16
10
20
12
2
13
19
26
36
11
25
47
13
43
2
41
21
44
5
1
1
36
18
41
34
8
5
7
8
29
29
0
35
18
34
23
35
1
41
42
8
41
18
33
30
0
41
41
24
13
37
32
23
40
29
39
33
19
20
21
9
7
5
3
37
31
16
47
15
45
23
6
28
37
39
38
23
27
10
3
35
47
27
46
26
38
47
8
32
2
15
45
14
30
23
33
16
33
44
8
36
25
44
47
39
40
27
16
32
31
43
0
30
44
25
31
26
34
45
17
6
31
16
24
5
8
28
20
7
29
11
32
45
0
20
43
26
13
44
24
8
27
24
24
43
2
47
10
16
21
16
11
8
46
41
9
39
32
34
18
34
20
39
46
1
46
6
16
44
46
1
27
12
19
40
30
25
8
0
16
19
15
17
17
14
44
23
39
31
27
21
40
18
28
39
47
12
20
29
19
31
11
38
47
36
6
32
40
10
33
36
33
45
1
36
41
14
7
31
32
1
25
19
27
31
10
14
27
23
23
46
11
18
17
12
5
6
45
43
9
32
7
45
45
40
22
28
14
46
14
40
8
39
1
1
25
29
1
43
21
7
46
2
46
8
22
41
46
44
40
36
32
42
2
1
4
14
6
36
4
5
2
1
23
8
21
11
33
38
21
25
14
40
21
4
7
39
36
44
10
39
47
28
37
30
21
30
9
0
15
34
22
25
47
2
24
40
14
45
16
40
42
5
11
32
9
3
13
43
30
0
19
10
26
11
41
22
6
29
36
47
33
25
27
25
4
43
14
4
29
42
36
26
19
21
0
13
20
37
37
9
5
18
4
25
19
5
47
19
8
4
17
45
0
40
13
19
