38
38
46
16
11
39
46
2
11
14
14
21
50
59
8
28
7
38
8
12
63
56
41
53
53
15
30
35
26
59
8
43
57
0
37
55
1
19
54
12
17
1
15
27
20
61
15
18
44
29
31
56
56
19
8
47
7
19
43
15
26
55
18
3
34
41
58
32
63
42
43
3
1
22
54
9
22
57
57
36
23
44
18
30
30
18
15
59
11
35
16
38
10
59
17
42
48
36
2
9
57
61
15
8
36
56
37
17
47
50
40
7
43
20
55
58
25
21
40
25
46
33
54
23
52
13
38
17
48
56
42
31
24
51
31
38
32
46
26
21
41
24
34
17
27
30
57
13
11
61
30
16
21
44
18
46
52
7
60
47
59
51
7
2
8
43
12
5
0
51
61
40
41
12
60
59
51
28
28
1
36
11
43
7
6
25
45
39
22
60
20
41
27
40
3
30
16
54
0
6
61
36
53
14
31
10
54
44
59
25
14
30
6
30
26
55
34
47
34
45
22
20
29
7
1
57
63
46
41
16
39
47
60
23
48
23
8
48
2
58
52
22
54
12
4
8
40
4
43
20
62
62
62
33
13
42
17
13
21
27
57
63
52
34
40
0
24
16
9
44
33
10
60
33
21
28
25
5
31
15
35
53
58
31
23
16
4
18
57
52
62
57
32
11
2
24
52
43
57
51
36
28
51
11
60
24
46
53
26
48
53
26
3
4
4
39
35
35
51
40
60
24
15
2
25
17
27
35
11
27
39
44
61
13
55
19
45
6
50
63
36
26
60
7
48
46
10
40
43
5
20
55
12
13
53
12
56
40
35
19
54
15
0
10
4
4
52
40
37
26
1
48
10
39
18
46
20
19
21
43
16
54
33
11
28
29
21
19
45
63
27
19
12
27
42
58
12
28
19
7
35
17
2
8
29
43
8
46
58
18
54
15
52
50
14
47
61
20
5
60
16
56
38
51
23
24
26
27
24
20
27
55
13
49
42
5
57
25
43
45
36
49
16
60
48
54
12
19
32
15
11
44
52
50
17
36
51
58
63
13
18
51
32
8
23
10
24
14
62
29
24
16
1
13
63
61
15
16
21
47
26
33
38
10
46
4
20
17
3
34
53
54
13
13
20
7
55
57
19
55
33
61
32
50
0
27
9
43
5
39
52
53
35
28
21
51
9
9
31
30
17
56
0
50
34
56
47
26
16
6
37
39
57
58
54
7
13
1
1
40
44
23
5
45
5
43
40
54
22
1
52
45
47
50
2
59
43
55
47
1
19
52
53
39
37
1
48
58
30
49
27
34
42
32
18
60
17
7
34
51
12
25
31
63
10
17
53
22
39
45
47
62
6
55
48
38
17
32
49
30
38
24
1
26
30
39
34
27
62
28
49
58
25
46
55
48
29
0
42
1
60
13
38
63
7
1
31
1
15
55
35
17
53
33
62
22
59
29
11
53
32
55
24
44
30
30
31
0
2
56
50
46
0
9
10
5
30
22
59
4
8
25
12
50
19
34
33
41
47
28
14
12
35
11
43
61
9
8
45
45
63
10
3
7
18
40
10
42
51
21
14
3
49
38
61
4
39
5
55
18
45
28
25
7
59
31
36
42
49
33
34
56
30
4
6
38
58
20
37
43
28
49
26
57
29
51
32
17
21
18
7
59
54
22
53
48
21
51
2
56
0
12
24
29
60
49
0
24
11
10
57
50
32
54
10
29
61
45
38
22
29
16
28
5
36
53
52
9
37
6
58
41
53
56
29
45
24
62
23
40
38
17
46
34
14
29
47
31
34
2
2
59
45
16
63
56
9
48
21
16
1
55
27
35
11
25
5
7
63
50
4
4
3
22
23
42
17
49
39
43
22
58
18
46
43
31
62
28
63
2
36
11
19
63
31
56
36
60
24
16
10
13
6
4
28
46
52
48
60
22
20
44
8
21
42
47
35
39
27
10
3
29
19
37
9
7
57
27
12
40
54
9
48
6
63
59
61
9
37
22
37
12
24
29
29
32
13
11
2
21
23
61
6
54
16
2
40
55
26
14
53
9
44
42
50
30
37
8
22
16
33
14
41
62
25
8
52
50
19
21
4
37
56
56
59
13
1
59
37
31
23
3
3
10
7
43
51
32
4
48
29
35
49
60
60
29
4
49
18
59
45
0
22
6
34
28
42
24
40
58
10
18
23
61
15
42
47
48
35
34
26
25
47
13
20
8
1
37
57
14
46
29
14
42
41
45
42
23
53
33
39
30
3
29
49
27
50
12
41
44
5
52
45
18
13
26
41
25
34
54
62
37
37
4
35
61
6
36
50
31
38
10
2
35
16
31
12
35
16
15
12
4
37
41
34
44
37
33
61
34
58
4
49
55
37
21
23
41
48
27
26
31
7
17
39
50
58
28
47
13
12
43
45
6
38
53
42
40
51
7
10
58
60
47
43
3
37
21
9
47
62
47
1
33
28
5
22
62
16
25
3
7
2
59
33
20
60
4
41
13
20
33
63
5
40
5
7
48
37
8
63
48
19
6
33
56
20
14
13
56
37
33
21
15
27
20
0
26
17
41
61
8
56
58
20
33
3
36
28
58
5
3
3
32
28
55
61
14
5
9
15
63
47
2
56
20
49
18
63
3
32
53
14
46
18
48
41
2
60
53
44
26
49
52
26
36
39
52
62
31
25
25
9
11
6
5
45
59
29
38
27
37
20
9
35
52
40
33
19
61
15
5
55
51
63
38
41
40
46
14
57
3
16
44
21
43
22
51
23
57
58
14
46
52
39
42
46
35
41
23
55
35
35
3
57
46
56
54
42
58
39
30
8
43
23
44
6
14
45
25
11
33
9
52
59
0
25
33
41
25
34
50
12
39
41
44
32
0
38
13
23
27
22
11
15
41
36
15
45
59
60
30
49
25
33
36
0
60
12
29
52
59
0
41
20
24
49
49
51
14
1
18
21
31
27
23
31
36
24
51
50
61
31
58
18
37
44
32
23
20
35
25
44
15
45
56
32
9
49
35
13
39
62
49
50
0
62
47
19
8
57
59
1
61
31
32
57
10
31
53
27
19
63
8
17
23
23
5
9
62
49
11
63
11
62
54
59
26
36
30
39
28
63
14
50
2
1
40
32
0
33
28
11
62
0
33
14
24
52
49
32
47
62
32
42
0
2
6
29
9
45
6
4
3
3
19
15
28
11
61
45
30
51
17
40
18
6
11
44
54
34
12
45
46
38
55
45
24
39
10
0
23
55
27
53
42
3
62
36
21
54
22
36
50
4
8
34
13
5
22
53
57
2
19
15
34
15
52
29
9
58
61
51
48
42
38
39
7
57
21
6
44
60
47
48
19
26
2
26
25
54
38
10
5
18
7
51
30
5
50
17
14
6
22
62
3
36
19
24
