4
33
16
1
12
39
45
29
27
47
60
20
53
16
4
14
42
52
28
36
63
45
61
29
36
47
7
22
53
29
21
15
62
60
2
33
55
6
52
30
17
39
16
29
34
46
37
10
43
54
47
19
13
0
40
5
45
35
39
25
56
29
49
40
16
59
13
50
20
50
11
23
59
13
50
43
63
8
45
57
21
22
12
15
15
60
18
9
48
18
60
53
23
30
2
36
18
31
24
32
10
41
17
62
51
42
8
62
15
62
37
33
51
1
14
43
50
9
31
34
36
11
62
0
22
15
46
30
41
51
3
42
54
54
36
9
59
38
9
26
16
20
19
37
18
25
14
6
9
13
37
2
57
11
31
48
22
18
16
3
3
6
24
43
58
25
22
42
53
63
60
4
2
20
43
25
48
42
59
22
53
43
61
12
37
61
30
41
32
20
20
54
0
50
55
53
60
47
32
63
40
18
1
12
3
17
39
60
22
35
31
53
61
2
19
36
57
41
8
48
57
35
28
7
49
1
44
33
61
44
50
44
42
9
45
42
26
13
25
49
16
18
1
46
28
11
12
38
28
30
18
51
6
25
41
56
4
57
18
16
13
6
0
24
52
3
11
21
62
33
17
43
51
49
48
38
61
13
9
4
12
43
35
28
40
3
51
17
46
30
5
32
24
6
11
52
3
45
49
37
13
12
58
14
55
40
43
43
55
38
53
16
31
40
10
46
44
59
35
53
29
35
13
50
41
43
27
20
39
27
41
48
59
41
15
47
10
52
19
26
19
48
38
7
9
36
44
4
27
31
12
25
28
3
27
18
3
0
31
43
30
6
59
22
30
35
48
21
3
3
18
35
0
54
59
58
26
42
52
0
19
45
50
56
52
31
13
2
61
22
50
2
59
13
0
0
56
6
14
52
5
33
23
15
0
58
29
61
10
39
31
63
25
8
21
43
42
44
1
42
30
42
55
8
22
38
33
4
42
6
10
10
31
3
23
18
29
27
19
36
47
49
1
27
51
20
34
44
12
25
44
30
58
39
16
40
57
21
5
5
14
14
61
52
36
16
5
40
25
45
45
7
22
38
4
41
49
11
54
41
39
25
1
9
35
23
32
10
6
36
27
44
41
10
60
5
46
36
58
51
2
2
43
39
6
27
41
63
61
35
56
34
38
21
2
28
40
32
50
29
20
24
24
60
29
58
36
29
60
51
53
55
30
47
56
4
44
33
55
31
17
16
4
14
4
14
42
51
32
56
58
23
34
26
27
9
46
46
13
14
2
19
9
48
20
51
2
42
1
11
6
60
51
46
22
61
39
60
54
21
24
15
17
32
50
27
2
7
22
25
61
21
36
39
58
11
7
1
19
28
25
40
61
58
32
26
32
29
56
59
20
54
58
9
47
28
57
30
19
12
33
25
27
13
37
45
39
60
16
58
33
52
8
33
0
17
52
1
62
59
48
60
56
23
47
13
58
21
7
45
13
29
57
36
23
52
59
55
61
13
32
16
62
10
3
34
38
8
22
15
36
11
29
28
31
41
62
21
10
7
31
11
61
1
41
63
3
46
4
23
34
28
17
15
37
41
7
62
34
7
63
35
53
0
0
1
55
62
45
36
2
28
41
22
0
17
48
56
63
30
10
1
38
52
41
26
55
8
54
6
63
24
10
16
53
63
23
33
9
20
22
12
63
21
11
26
44
21
14
25
53
19
62
38
59
40
61
59
14
27
54
17
54
41
1
11
23
7
19
49
24
57
41
28
30
43
14
57
3
56
14
61
30
27
2
23
8
21
34
59
38
30
50
15
53
29
15
36
42
0
32
33
40
55
5
37
21
13
29
37
36
3
19
11
18
18
59
35
54
59
37
32
46
1
31
51
27
2
31
6
25
50
49
62
10
55
24
51
61
53
63
5
21
48
24
51
51
38
34
55
23
26
21
39
44
45
43
34
46
17
58
47
53
10
62
25
51
26
20
63
42
7
46
43
50
23
6
31
30
34
29
40
63
5
6
24
1
57
6
62
60
45
7
35
51
39
16
47
27
40
17
12
42
46
40
4
40
6
17
44
47
26
45
60
57
11
45
15
59
7
27
63
26
28
13
11
62
46
54
50
28
23
28
17
50
52
37
45
31
50
21
54
52
44
11
10
31
31
12
58
14
38
30
34
51
28
0
4
10
19
27
49
20
53
49
34
34
45
21
16
24
10
9
48
11
47
9
28
3
53
10
21
8
62
44
38
32
39
7
22
56
15
24
10
4
46
8
47
15
41
3
23
8
48
5
39
46
31
63
10
56
19
44
49
56
59
12
33
16
14
19
47
22
24
58
26
49
58
5
1
4
35
48
17
12
60
35
19
40
24
57
29
3
29
18
28
27
1
47
12
50
8
59
30
5
9
43
49
50
26
5
37
8
48
14
25
60
41
35
12
4
35
7
13
45
37
12
4
18
8
58
18
9
20
25
7
30
36
31
10
7
37
24
42
2
25
32
15
0
55
55
8
38
40
37
5
60
22
16
48
20
6
60
12
52
25
54
50
52
9
5
52
21
33
9
54
6
4
8
0
38
14
19
29
54
55
55
51
27
63
55
49
60
46
23
58
57
39
28
33
49
39
52
45
2
14
48
40
22
54
49
45
7
56
63
42
55
24
22
24
57
47
20
53
58
1
44
26
48
37
38
46
37
26
34
33
15
57
43
44
5
62
29
54
24
53
23
11
36
19
33
43
49
36
54
27
33
61
35
20
38
34
11
26
26
37
37
8
58
2
15
57
3
9
29
2
53
55
2
7
15
23
17
19
5
13
35
44
22
34
16
18
54
52
41
11
44
49
17
32
8
62
44
32
24
23
32
18
33
28
5
15
14
45
49
6
34
47
59
47
51
63
9
6
37
56
49
56
56
55
4
63
1
57
62
44
33
20
2
42
5
56
39
61
61
42
23
8
51
49
53
32
30
13
4
38
37
35
58
32
54
0
3
34
17
46
0
52
5
24
22
53
21
55
18
62
40
22
50
59
38
30
60
43
35
0
37
11
34
62
46
15
11
9
25
7
33
26
19
48
49
15
31
5
8
23
51
15
3
34
38
13
21
50
17
13
27
26
57
47
56
33
56
63
18
61
43
40
4
3
1
50
62
30
39
39
46
8
55
40
28
39
43
16
20
45
47
36
54
12
17
10
32
57
14
46
31
5
29
25
7
39
0
26
9
14
57
17
57
12
32
20
41
19
52
43
48
14
61
18
56
1
42
48
27
58
6
19
7
59
38
26
20
16
47
34
35
63
26
17
12
47
57
