41
48
23
14
33
45
43
36
62
39
6
43
43
26
2
45
45
5
2
54
34
39
29
47
2
11
24
24
50
31
49
26
12
52
7
17
48
38
56
48
11
63
36
43
43
42
29
55
22
13
20
23
41
33
9
25
38
59
42
4
52
51
14
16
0
43
48
55
6
17
9
60
12
5
9
18
24
0
17
22
33
38
51
20
34
36
48
4
59
14
14
30
27
41
25
52
1
59
54
26
15
52
45
12
9
49
44
52
42
17
25
23
63
20
8
38
8
15
26
21
49
58
61
1
50
40
40
43
40
39
42
7
63
46
42
20
22
55
35
7
15
5
52
1
47
7
45
53
28
3
48
42
21
18
17
28
32
32
59
46
20
31
56
49
36
46
15
9
54
12
30
44
30
54
1
62
53
45
62
6
41
6
12
52
11
39
0
59
58
2
6
3
42
35
26
17
36
61
11
5
50
48
39
15
24
7
18
21
10
34
47
45
55
32
0
31
55
9
32
27
55
7
44
23
40
50
27
11
0
54
4
26
34
2
26
40
36
6
3
41
27
47
58
62
10
61
41
17
39
23
33
18
10
54
3
39
25
58
3
3
41
6
32
0
38
30
59
30
52
15
61
27
26
54
31
52
47
6
52
61
31
60
23
38
36
12
21
14
34
36
19
12
61
58
59
21
23
38
47
39
29
8
24
8
46
48
2
57
39
22
29
55
10
47
11
44
56
31
5
20
3
25
36
16
26
57
3
31
46
17
25
0
13
45
19
50
11
38
2
18
21
6
31
63
58
33
40
50
63
22
42
55
57
51
24
37
63
54
33
51
25
47
63
27
25
53
62
5
46
57
4
53
60
60
16
8
49
46
10
37
35
31
5
33
17
40
4
32
27
53
24
58
46
1
22
11
11
32
49
27
11
59
22
30
49
1
20
12
8
10
10
40
35
23
0
49
46
28
17
0
50
38
41
32
8
4
7
58
13
4
20
28
4
0
14
43
60
57
12
36
2
3
32
36
37
2
11
37
33
18
41
22
62
41
11
18
39
7
43
8
23
21
44
29
39
53
21
56
19
55
7
15
15
56
31
34
62
3
34
22
46
31
29
17
59
47
12
18
12
7
28
34
51
19
37
47
14
63
28
44
4
60
16
53
9
11
6
56
48
13
6
37
21
55
62
9
21
9
10
47
23
20
57
7
61
29
8
56
9
43
1
37
28
15
50
19
34
41
46
56
20
8
27
61
1
58
26
22
26
8
40
63
9
44
22
27
60
37
9
42
48
13
46
39
4
3
29
34
12
17
13
18
51
38
31
27
5
42
50
34
2
21
50
33
37
58
43
60
48
34
33
62
17
14
41
22
20
39
23
30
27
11
50
60
60
14
36
28
50
19
5
2
15
24
10
61
12
19
0
38
4
24
39
0
25
57
18
37
57
13
16
61
52
53
49
26
57
46
36
23
25
46
61
13
51
45
28
4
28
6
49
1
18
34
15
16
44
63
42
2
55
40
36
56
15
54
63
35
45
57
50
45
31
45
29
63
34
11
48
13
1
34
20
38
29
44
2
17
19
42
10
50
33
39
25
1
37
17
59
46
58
39
29
0
21
39
20
25
16
5
11
36
48
16
36
10
30
24
5
27
58
30
23
40
52
42
4
41
19
4
15
14
6
46
13
38
28
42
6
56
58
63
52
4
58
24
22
10
40
45
25
19
30
57
41
29
29
43
19
5
26
2
28
24
28
5
48
62
7
27
55
53
34
15
60
13
47
16
29
57
23
3
49
14
55
53
61
56
8
50
25
61
2
14
37
30
61
54
27
53
46
18
30
12
63
36
18
33
15
33
37
51
5
54
51
51
61
44
37
23
13
36
43
33
11
60
58
21
23
43
48
50
19
57
19
22
54
23
3
46
34
43
2
56
5
38
8
21
49
22
51
32
11
1
57
49
23
35
62
12
45
35
37
19
44
20
23
54
4
3
48
53
9
55
45
7
61
60
40
18
45
18
2
4
5
7
0
61
20
8
51
1
3
5
53
40
30
59
27
63
55
7
6
19
22
38
62
25
29
19
9
47
51
16
61
31
12
44
6
59
37
59
53
13
35
53
42
16
16
24
10
14
6
52
14
59
28
35
0
9
14
44
13
22
56
26
48
40
40
20
40
35
41
28
24
9
1
4
62
60
16
33
26
16
34
38
53
18
55
0
55
34
35
36
7
53
17
32
40
33
51
39
18
60
7
38
9
45
10
23
63
16
43
29
17
12
31
49
16
44
19
44
30
44
15
46
49
10
41
3
30
54
36
58
1
34
26
43
58
26
20
38
32
0
31
38
58
28
8
39
10
12
18
55
30
18
60
26
58
20
18
56
44
45
62
21
12
13
35
15
40
0
10
21
49
9
32
54
57
31
60
27
9
16
44
41
13
54
37
10
32
31
51
3
17
56
47
2
57
14
17
22
13
41
15
57
8
32
35
1
57
2
59
44
62
25
33
13
50
57
11
45
19
50
43
9
5
60
23
41
23
47
35
12
2
47
21
12
14
56
31
8
42
43
29
62
52
0
48
54
12
32
49
0
49
1
1
24
9
39
55
38
7
61
17
55
58
19
59
53
59
55
31
10
42
30
24
7
15
35
26
32
40
37
33
0
14
51
52
58
61
34
62
28
59
28
62
62
13
24
56
53
32
19
30
10
16
4
6
63
40
38
35
48
32
16
29
52
57
7
17
54
27
22
20
8
4
60
41
44
25
57
56
26
19
6
3
42
39
63
31
30
53
56
4
24
51
46
33
8
54
53
34
14
52
3
15
35
60
37
46
63
52
47
14
52
28
3
33
49
4
31
48
47
8
16
48
28
22
27
29
24
20
21
49
62
24
19
18
59
13
48
62
44
50
32
27
5
43
42
0
33
27
45
50
29
62
1
25
21
33
47
20
4
32
60
14
40
37
14
15
35
27
16
49
56
20
6
47
28
10
36
42
63
7
39
11
59
1
30
15
15
63
5
29
7
63
21
51
17
45
24
6
35
25
11
24
28
51
63
42
8
45
61
35
46
1
43
59
22
31
26
50
9
11
3
52
47
13
40
44
57
54
55
22
37
16
7
24
5
42
55
8
2
29
35
46
23
6
1
26
13
59
60
52
56
32
49
30
53
39
9
59
51
46
56
35
38
25
51
37
17
54
51
21
50
21
61
3
41
36
30
43
24
58
54
2
