28
25
10
5
30
27
22
16
27
22
3
23
29
10
1
27
21
2
1
30
20
20
9
18
1
6
10
10
29
15
29
12
4
30
3
10
25
26
26
22
5
20
23
25
29
20
10
27
12
4
8
11
22
20
4
13
21
26
19
2
30
25
7
13
0
27
22
22
3
14
4
31
7
2
4
9
10
0
14
9
21
23
18
14
23
23
19
2
25
4
5
14
8
28
13
31
0
30
27
10
7
30
16
4
7
31
26
30
28
12
13
11
24
15
4
25
5
7
15
11
21
29
26
0
21
29
19
31
29
25
25
3
26
18
21
13
14
25
26
3
7
2
31
0
20
3
16
23
13
1
24
28
10
9
10
9
29
29
29
17
8
15
26
19
21
19
7
4
29
4
15
17
15
27
0
26
22
24
30
3
25
3
7
30
5
23
0
30
28
1
3
1
22
31
11
13
22
19
6
2
31
20
22
7
8
3
15
13
6
25
18
31
18
26
0
10
22
7
31
8
18
3
25
10
29
18
12
6
0
28
2
14
21
1
13
29
21
3
1
17
8
18
25
30
6
25
28
9
22
10
18
13
6
27
1
22
11
24
1
1
19
3
17
0
20
14
18
14
30
6
23
12
11
23
9
30
18
3
30
23
12
27
11
17
28
6
14
7
25
16
13
7
26
29
23
14
8
26
26
22
14
6
10
4
27
24
1
20
22
11
15
27
6
28
5
24
30
12
2
10
1
10
22
9
10
26
1
12
18
8
12
0
7
23
9
19
5
17
1
13
9
3
12
20
19
28
24
22
16
8
18
30
26
16
8
23
16
29
20
23
12
16
26
8
11
18
31
2
22
26
2
31
28
31
11
4
19
24
7
17
17
9
2
20
9
24
2
26
12
24
10
31
18
0
11
6
5
26
26
8
5
18
11
11
29
0
10
6
4
7
4
18
17
10
0
26
19
9
15
0
29
21
25
18
5
2
2
25
6
2
8
13
2
0
5
19
29
26
4
22
1
1
29
19
16
1
7
18
21
15
28
11
21
28
6
15
21
3
29
5
12
11
17
10
22
24
14
28
13
27
3
6
7
28
15
21
23
1
28
13
22
15
9
9
26
18
7
13
7
3
13
25
23
13
23
18
6
23
9
17
2
30
12
18
7
5
3
26
19
4
3
21
11
30
20
7
13
4
6
17
11
12
17
3
19
10
5
30
4
24
0
16
14
6
22
9
25
31
31
26
11
5
12
31
0
24
11
11
12
4
18
20
4
18
8
12
22
30
4
18
19
7
17
22
2
1
10
20
7
13
6
14
19
17
10
12
2
17
26
21
1
11
31
20
25
28
18
28
22
25
20
31
11
5
27
9
8
25
12
15
10
5
31
22
24
7
28
12
31
8
2
1
6
8
7
23
6
10
0
25
2
8
21
0
13
20
13
23
24
7
11
20
17
27
24
14
21
18
18
8
15
24
18
4
26
17
9
2
9
3
24
0
15
25
6
9
17
16
18
1
29
27
22
20
5
30
26
17
27
20
23
21
9
21
10
27
25
4
29
4
0
18
13
20
10
19
1
14
11
25
5
30
20
21
13
0
23
10
29
16
31
27
14
0
14
20
15
9
8
3
5
23
24
13
22
6
14
8
2
8
25
15
8
27
23
28
2
31
8
2
6
5
2
17
7
16
13
20
3
26
30
16
30
3
29
8
14
6
25
31
15
15
14
24
28
10
10
23
13
2
14
1
14
11
14
2
19
23
3
12
27
18
23
6
31
4
17
13
12
20
10
1
24
5
22
24
24
25
5
22
14
24
1
7
25
15
26
21
12
31
17
10
15
7
31
23
15
26
6
20
27
23
3
29
30
19
26
28
16
11
6
20
22
20
5
30
29
10
10
17
25
21
13
16
13
11
21
12
1
16
16
27
1
19
2
17
5
12
24
13
24
29
5
0
20
29
8
22
21
5
23
27
16
11
17
12
12
20
2
1
19
27
5
21
19
3
24
28
25
9
31
11
1
2
2
3
0
28
15
5
24
0
1
2
24
27
14
16
8
21
22
3
3
11
8
24
31
15
10
15
4
18
18
9
16
12
6
19
3
31
21
31
31
6
30
16
28
13
8
9
6
7
3
28
7
30
12
25
0
4
7
24
7
11
27
12
19
17
20
15
19
28
30
9
11
4
0
3
27
28
12
23
14
9
23
24
31
13
23
0
27
20
28
16
2
27
8
17
17
30
27
19
14
30
3
20
4
27
7
11
30
9
29
15
8
7
9
19
11
16
14
16
15
17
6
31
29
4
16
1
15
31
17
31
0
28
9
17
31
14
15
17
21
0
9
20
29
9
4
20
7
6
14
21
15
14
29
14
18
8
8
30
25
16
23
14
7
6
24
6
21
0
4
11
22
4
19
30
16
9
28
8
4
12
17
23
6
22
16
6
26
10
18
1
15
20
17
1
20
5
15
13
5
28
6
20
5
19
25
0
20
1
26
17
31
12
23
4
29
25
5
16
11
23
23
7
2
29
11
27
11
17
19
7
1
28
11
4
7
29
15
5
17
31
15
23
31
0
19
22
7
16
27
0
19
0
0
12
4
22
22
16
3
26
12
27
24
13
29
27
24
27
10
6
18
14
11
3
6
19
15
29
28
17
20
0
7
23
17
28
26
19
22
9
31
9
28
24
7
10
30
27
18
13
15
7
9
2
3
26
19
16
31
25
25
13
14
16
28
3
12
29
10
11
12
4
2
28
28
17
12
24
26
13
14
3
1
16
25
22
9
15
24
27
2
8
18
23
21
5
27
27
20
7
30
1
6
17
31
29
18
28
30
17
5
31
14
1
27
29
2
10
27
20
5
9
24
12
15
12
9
8
8
12
29
21
8
13
14
26
6
19
21
31
23
30
9
2
16
25
0
30
8
21
21
9
24
0
15
14
21
18
15
2
21
28
5
25
22
5
6
19
11
13
19
26
15
3
18
14
5
28
25
29
3
26
5
26
0
14
5
4
16
2
10
3
29
13
18
8
27
10
3
23
12
4
8
9
23
26
25
5
16
24
19
16
0
29
21
11
10
11
22
4
5
1
31
24
4
27
16
28
30
16
8
16
12
2
9
2
28
29
4
1
14
23
17
11
3
0
13
6
27
24
30
20
21
19
15
22
22
4
18
21
16
26
30
25
13
19
16
8
30
19
14
21
13
24
1
19
21
15
20
8
30
19
1
