3
5
23
67
76
33
18
10
0
33
34
73
3
28
28
26
14
40
79
65
78
10
33
79
11
57
30
13
8
16
26
6
16
74
53
38
42
13
18
26
57
8
49
75
25
66
5
43
1
33
54
24
52
12
68
78
46
0
38
77
11
16
77
57
15
72
8
18
10
17
57
8
35
63
4
24
6
78
52
16
35
23
27
58
16
77
35
61
23
75
20
56
78
70
23
76
58
4
57
31
26
12
40
66
71
20
44
63
5
20
62
38
53
28
19
46
25
2
38
74
18
36
28
17
14
36
5
56
71
27
78
33
62
63
73
29
30
25
38
27
9
71
74
65
46
32
13
34
43
41
58
57
69
23
44
3
62
54
27
58
15
10
69
68
73
13
0
35
7
17
49
5
63
2
45
19
27
17
43
24
77
59
59
77
19
9
30
44
13
18
9
66
17
25
39
31
60
57
32
46
42
58
71
13
58
25
32
32
69
6
34
48
42
71
51
71
23
12
23
30
58
61
14
79
23
23
33
35
76
9
12
37
39
30
75
46
44
43
52
41
21
56
63
56
25
51
44
46
13
45
50
43
38
56
4
70
29
37
61
43
19
32
50
48
51
42
68
72
41
46
62
10
37
38
28
73
35
40
51
19
17
71
54
66
12
7
45
78
59
9
29
18
18
34
42
15
2
11
24
5
78
31
22
3
5
43
22
29
51
46
54
74
60
59
10
67
27
57
2
8
12
10
36
6
44
74
61
21
74
43
71
34
37
32
28
0
48
39
17
63
39
61
13
49
7
69
77
12
74
40
60
24
15
78
26
38
0
40
67
69
43
52
79
47
15
19
71
54
39
29
26
54
35
64
7
23
62
40
35
44
49
18
14
8
32
18
54
37
78
9
78
77
7
21
4
53
67
75
4
76
65
41
6
23
2
50
54
42
75
23
8
48
38
7
35
36
58
46
72
21
26
18
47
77
59
78
44
45
20
15
68
27
19
37
39
26
55
4
4
70
61
15
13
16
49
40
3
60
62
77
49
29
76
34
46
46
15
22
2
10
65
31
59
65
6
48
29
54
59
6
59
54
31
79
0
63
41
40
29
53
34
64
46
22
11
61
4
34
73
64
55
41
28
28
69
68
3
45
51
69
19
33
9
1
7
64
33
9
64
74
56
76
51
47
76
65
65
2
1
76
8
33
73
48
10
35
30
31
34
47
0
53
41
44
15
12
66
53
58
41
24
11
76
8
69
50
47
54
44
50
70
23
22
57
49
48
4
61
15
22
67
52
0
16
17
51
74
75
56
4
64
4
74
17
35
21
63
55
70
13
57
69
14
13
39
7
1
22
2
44
32
1
73
65
69
49
13
48
59
11
45
0
7
72
1
78
56
53
29
25
27
5
70
56
48
8
42
70
54
9
12
53
59
65
39
27
73
43
4
61
64
49
33
77
22
28
69
73
47
23
48
29
47
25
35
29
3
59
42
9
76
6
53
60
42
73
0
14
72
16
79
29
5
13
36
42
52
20
1
60
14
9
62
44
11
6
11
5
63
21
56
36
10
52
49
60
18
68
51
60
64
65
37
42
72
2
45
12
74
36
14
22
39
20
66
73
55
31
0
35
65
36
63
21
47
55
76
72
79
9
6
25
42
44
29
55
62
58
12
28
61
31
20
37
78
41
53
0
41
57
68
66
71
42
9
11
3
6
17
40
73
35
69
58
31
22
21
33
66
28
45
18
64
79
68
48
46
77
14
62
65
78
69
16
33
59
12
79
36
49
19
69
19
33
38
67
27
43
68
54
59
45
64
51
10
33
52
39
69
26
50
2
25
75
42
54
48
56
27
78
62
3
36
67
38
19
53
31
50
69
68
10
27
1
60
48
16
22
2
75
57
68
56
58
18
31
44
78
67
79
55
49
40
39
1
26
69
72
71
58
64
31
73
56
33
17
53
21
53
47
29
68
73
29
44
26
31
54
75
34
15
23
11
20
21
20
37
20
57
42
32
9
19
11
47
32
35
55
46
19
66
3
50
3
7
78
67
55
43
21
24
51
10
30
75
68
28
1
30
25
67
47
2
10
67
49
5
72
37
32
39
42
2
3
11
36
7
6
39
64
26
45
33
44
36
78
14
74
72
66
14
65
50
37
50
10
16
23
73
68
36
30
39
45
67
37
5
40
66
11
60
50
8
24
20
3
19
20
58
55
55
7
0
78
3
73
15
68
52
70
56
22
12
37
41
18
69
75
35
0
63
15
64
16
28
49
50
66
30
49
19
24
38
70
55
67
31
75
6
14
17
77
47
24
50
30
76
13
41
32
41
38
64
65
48
70
9
14
79
63
17
29
68
49
64
21
43
65
32
62
79
19
24
4
37
7
1
47
41
50
63
9
3
2
20
26
78
22
26
72
47
21
39
51
67
29
54
0
8
28
30
39
43
17
77
45
79
54
53
6
62
62
30
49
5
40
62
63
77
52
0
11
60
48
1
60
37
33
45
13
34
0
70
28
26
70
61
67
20
16
16
4
50
65
14
79
69
19
29
66
61
45
8
13
53
26
19
1
14
38
46
4
10
3
50
63
23
65
7
23
72
52
5
9
55
61
55
71
8
57
67
58
52
57
27
75
22
47
41
47
72
21
32
6
57
62
66
34
54
36
12
45
55
18
71
40
37
7
77
40
49
64
64
21
34
27
6
2
4
76
46
47
75
25
29
40
18
71
67
38
12
5
15
45
56
22
50
3
53
72
43
30
51
23
33
74
41
63
56
41
70
14
77
34
71
11
43
61
61
61
36
32
53
4
70
13
17
38
15
26
55
79
28
77
73
50
55
20
1
17
5
38
25
52
24
39
74
41
0
60
43
58
30
71
60
15
62
30
44
52
17
43
75
51
32
21
25
76
37
58
52
6
14
75
57
51
61
26
60
24
24
39
16
61
2
34
9
53
73
3
37
56
52
74
79
49
3
40
71
76
7
27
24
58
23
1
34
28
77
44
46
47
31
27
34
22
8
66
74
74
52
36
1
59
48
31
59
9
14
24
71
39
13
46
60
72
5
63
63
18
72
63
73
76
76
76
28
13
74
11
36
65
22
57
28
72
9
68
51
59
51
12
59
18
21
56
30
6
10
70
11
46
67
40
45
3
1
45
66
14
64
25
36
76
29
43
68
21
71
32
11
48
31
8
60
51
5
40
22
38
20
58
52
54
35
8
70
70
65
16
31
8
20
4
2
25
7
32
27
64
42
48
1
8
56
20
34
17
35
59
54
62
66
36
69
72
34
24
15
44
62
2
79
19
24
38
26
18
70
15
12
55
16
59
75
6
75
79
49
79
25
25
33
66
10
42
14
74
16
60
7
30
