11
0
30
12
29
7
6
8
26
22
12
0
29
20
12
19
21
30
17
3
30
8
19
15
6
11
27
3
17
11
1
17
6
4
25
12
5
24
10
17
25
12
30
24
11
20
21
1
20
24
19
5
21
21
7
20
9
19
16
17
15
2
15
16
22
5
16
14
12
30
8
17
26
20
27
12
24
21
16
0
2
18
22
2
12
31
14
28
30
21
20
3
30
29
17
28
20
18
19
21
1
2
19
11
9
5
4
5
10
30
23
6
24
24
0
17
27
7
16
21
19
1
16
18
6
31
29
17
13
27
0
8
11
9
13
29
21
31
8
5
0
5
26
12
25
20
12
28
14
28
4
10
16
3
17
8
23
15
31
23
22
26
23
10
31
4
6
14
15
6
20
15
30
29
7
25
31
4
6
5
26
3
21
20
25
13
24
16
13
2
15
8
7
9
4
31
11
9
23
5
27
22
13
17
5
19
1
20
18
4
19
7
16
17
7
4
21
22
4
15
16
22
23
21
24
29
29
31
11
6
12
28
2
24
11
14
10
10
4
1
4
4
6
25
7
30
12
29
27
23
18
19
14
16
2
25
24
24
12
7
24
6
13
9
17
13
4
7
15
29
18
5
15
16
27
28
3
1
29
24
15
24
31
28
22
31
20
0
28
10
9
21
14
1
10
24
29
28
5
17
19
9
20
10
3
5
17
14
6
12
11
24
18
18
2
15
16
12
14
16
30
3
8
14
16
21
24
20
8
15
12
13
2
23
14
10
11
18
20
14
16
11
10
21
3
1
1
5
9
17
0
8
11
17
0
8
11
2
17
28
27
20
0
2
22
20
1
3
22
9
2
17
22
16
9
26
25
12
17
3
19
13
8
8
4
22
1
19
13
15
17
20
3
30
3
23
25
20
22
19
27
19
31
10
28
8
16
4
14
6
31
22
10
15
13
0
26
2
13
6
0
23
12
6
22
7
6
9
7
0
21
22
4
12
23
29
10
27
20
25
31
16
11
8
21
25
24
3
21
28
11
26
11
12
28
3
16
9
6
22
30
29
15
2
18
29
9
18
3
26
16
2
1
17
15
10
31
21
13
11
20
14
2
30
8
1
22
19
18
26
6
24
6
7
1
25
23
31
18
23
9
31
12
16
24
2
31
10
7
23
6
24
27
18
26
21
25
26
7
27
12
1
10
21
2
31
4
4
18
22
6
30
0
18
27
15
31
30
5
4
6
1
26
14
7
6
21
14
12
25
19
21
20
10
30
9
5
15
18
0
21
2
22
11
14
28
21
6
29
25
13
18
2
22
19
10
8
5
13
2
11
6
25
11
6
9
17
5
29
29
3
26
0
20
19
8
15
25
30
18
26
27
13
20
20
11
8
25
25
27
14
31
18
13
20
21
17
20
3
0
28
15
23
26
15
27
25
19
26
5
16
30
17
10
30
10
16
25
22
10
28
19
22
31
23
23
6
28
28
6
0
31
27
14
30
27
13
14
14
23
26
9
25
8
3
12
2
21
10
30
27
15
29
8
8
4
26
6
10
1
28
2
22
5
11
24
11
1
3
5
31
22
17
29
9
27
28
13
11
30
28
2
10
19
16
16
14
12
14
11
23
5
6
7
3
10
29
2
16
28
3
18
13
11
1
15
24
6
13
16
19
24
4
16
20
18
7
29
17
4
3
9
4
26
13
4
23
1
15
10
24
23
1
8
23
24
4
13
13
26
13
7
1
29
3
27
0
18
6
9
16
5
18
0
13
27
7
8
11
28
30
4
18
27
20
10
7
4
28
0
10
24
13
4
26
14
19
11
23
19
30
8
4
29
24
5
2
24
21
13
14
29
22
26
28
2
2
25
15
8
9
15
27
22
15
26
17
30
15
3
13
5
27
9
8
24
17
17
7
2
23
28
23
28
22
27
23
29
9
24
1
2
4
25
9
15
27
22
0
20
13
19
19
7
20
17
23
26
16
29
19
1
9
11
14
29
13
24
29
13
25
12
14
8
20
9
26
24
22
24
27
11
23
20
19
18
9
31
29
2
22
26
8
7
6
22
12
1
17
26
13
30
14
3
4
9
26
26
0
5
12
8
28
18
18
27
19
3
3
16
25
18
0
1
19
2
27
29
12
14
18
2
11
10
28
28
11
25
17
13
6
0
30
1
2
9
24
29
23
12
5
9
23
23
25
3
14
29
3
16
28
0
1
26
30
31
31
1
6
30
6
7
26
21
29
1
11
15
31
8
30
28
25
7
2
23
1
21
21
31
14
16
2
9
7
0
6
7
27
0
15
25
7
30
16
10
10
5
19
27
24
12
25
7
7
9
31
19
27
2
7
4
17
16
26
14
10
7
10
3
30
9
2
7
31
30
30
15
21
8
22
29
11
6
10
21
0
5
22
28
0
6
28
16
7
28
25
28
25
27
25
27
3
11
31
25
4
7
11
8
18
27
3
5
21
8
22
18
5
5
7
11
3
16
26
3
22
26
24
5
30
16
21
22
1
5
26
30
5
12
17
29
13
1
3
5
18
25
0
5
9
14
18
12
22
9
31
18
28
24
10
1
19
18
3
2
11
15
1
9
3
15
31
1
29
29
26
29
15
26
10
8
20
20
6
31
21
24
8
24
23
26
7
0
23
0
31
13
12
22
19
3
28
28
19
8
4
4
1
19
31
0
27
17
12
24
4
27
27
13
1
31
15
14
30
3
8
14
0
18
11
10
26
12
30
5
27
0
31
12
24
8
17
8
21
20
28
4
11
20
21
21
0
7
23
1
30
1
14
21
27
26
2
17
16
16
24
0
14
16
19
4
27
4
13
30
19
1
30
10
17
9
30
15
12
27
5
18
20
19
0
31
4
14
18
30
25
13
5
23
10
23
14
2
23
23
31
6
30
19
29
18
24
29
31
25
5
3
6
29
13
25
21
9
3
17
5
31
12
19
12
13
30
7
16
2
19
17
7
22
5
0
10
0
14
21
8
1
21
1
6
20
9
28
21
28
31
10
17
9
20
3
12
17
17
15
14
16
5
19
2
26
29
14
27
23
19
6
15
22
29
23
22
0
22
14
8
8
12
9
21
15
25
12
15
21
18
23
10
15
9
10
28
26
17
3
22
29
26
19
7
15
9
8
6
7
1
28
18
22
25
23
20
2
6
11
18
18
10
22
28
31
5
23
11
28
24
0
25
17
29
11
20
20
31
4
3
27
11
23
15
12
25
14
4
26
13
20
0
16
4
23
0
25
12
25
13
15
14
20
2
18
9
4
13
25
18
8
4
26
14
3
2
9
5
13
31
10
13
27
10
7
7
7
1
