32
38
14
36
12
44
13
16
34
8
1
43
23
37
14
15
3
44
17
24
34
28
4
5
8
45
34
30
37
32
38
12
35
10
42
11
39
43
27
25
0
0
11
4
41
39
16
38
43
39
35
21
21
5
32
28
24
13
25
28
44
31
21
18
32
42
35
45
28
5
37
26
39
21
34
7
0
3
32
2
29
47
27
16
27
40
28
23
19
17
31
41
20
23
44
17
5
45
19
17
4
7
43
2
39
26
40
6
1
3
47
22
17
40
33
23
7
10
19
10
28
9
30
0
0
27
10
8
40
31
47
11
18
5
45
3
6
4
38
4
46
27
9
45
45
15
41
2
14
42
45
28
7
44
2
7
17
31
22
25
23
41
16
15
10
25
13
14
15
9
0
25
0
23
35
12
27
32
12
23
15
25
14
25
35
20
23
8
43
12
14
40
34
32
37
36
38
13
10
16
3
14
39
8
24
6
40
12
46
35
16
1
3
31
36
39
31
14
36
42
6
40
15
1
14
14
32
24
24
46
10
31
8
41
0
45
23
4
28
26
20
10
42
7
22
41
10
15
26
0
38
21
17
5
41
14
22
33
27
4
17
22
45
13
14
29
6
27
21
30
13
13
12
5
24
27
4
32
3
13
20
1
19
1
22
43
37
35
29
18
23
6
32
44
46
19
14
37
29
15
5
4
7
34
19
35
9
41
26
12
1
2
29
45
0
28
4
33
25
13
42
6
13
6
34
10
47
46
42
9
0
15
33
35
15
27
47
38
41
18
11
19
36
37
12
29
44
32
31
47
17
41
41
37
11
25
32
41
43
15
5
47
45
1
42
3
5
15
9
40
6
43
27
23
18
3
39
14
38
37
1
29
9
24
30
1
32
2
42
11
25
45
7
26
37
42
43
34
39
34
22
43
2
15
23
18
10
41
17
0
6
15
13
21
21
14
43
47
21
36
1
27
4
16
24
19
38
47
41
20
3
10
45
38
28
43
18
30
15
44
11
38
22
42
0
1
47
8
38
7
8
16
26
47
21
19
14
21
10
24
47
29
43
40
42
19
16
9
24
10
45
38
44
29
23
43
44
28
26
28
25
23
27
10
18
45
13
45
40
10
42
35
19
47
26
1
11
6
26
46
40
37
2
23
26
27
41
19
19
41
41
16
43
45
9
16
30
35
23
46
7
7
20
0
30
38
13
12
26
3
0
38
10
29
2
0
2
24
37
44
20
34
20
4
39
12
6
6
34
2
10
46
39
3
30
39
21
10
2
35
7
22
8
41
1
17
19
3
39
26
12
25
26
39
47
12
45
1
42
2
47
6
34
15
2
30
5
36
36
24
35
9
26
3
32
22
5
44
47
5
46
42
44
17
45
46
13
8
14
29
3
13
3
16
39
12
11
35
42
34
5
11
33
24
10
7
36
47
12
36
42
38
21
32
44
23
37
5
6
8
4
28
33
46
26
34
2
7
20
35
25
39
25
22
20
24
27
13
38
42
28
2
19
39
30
39
15
27
43
43
19
38
22
20
21
42
12
36
14
26
39
35
20
14
11
2
7
6
5
4
40
43
31
14
22
25
30
45
28
18
34
14
25
12
41
26
36
22
35
30
36
18
23
29
37
9
23
8
30
5
23
4
5
41
45
21
12
38
33
6
21
18
5
33
2
24
4
34
39
5
6
19
27
26
20
40
16
20
26
39
17
46
17
7
36
30
16
46
43
24
37
26
18
31
41
38
31
15
35
46
18
19
4
21
40
22
9
37
34
2
17
47
33
41
3
46
16
33
22
33
27
18
45
46
22
16
24
5
36
15
37
25
29
35
34
29
17
44
43
3
35
23
3
20
40
31
29
29
29
9
37
44
16
4
7
33
6
44
6
25
31
32
3
7
8
38
23
2
8
24
22
20
35
27
39
39
36
10
9
47
36
44
32
14
34
14
46
34
31
38
13
34
44
23
16
12
29
7
18
34
11
34
20
30
4
43
25
45
21
41
31
6
36
11
36
15
45
0
33
8
3
20
27
2
30
43
35
1
24
20
1
34
16
14
8
27
27
29
29
37
25
26
32
14
11
30
46
16
21
16
28
28
19
31
24
11
10
7
46
36
33
5
38
17
44
18
11
47
20
1
12
32
9
10
29
17
10
46
3
7
2
36
37
30
34
0
2
3
33
6
21
17
18
0
4
11
13
40
28
13
17
20
44
7
19
12
35
11
46
22
37
43
46
22
30
15
0
22
47
26
39
9
33
29
12
35
30
5
32
27
1
1
9
21
6
35
14
31
24
21
29
7
33
10
32
3
0
19
8
31
24
32
1
33
8
26
33
38
20
19
16
33
23
25
13
9
24
28
30
19
35
13
15
42
3
15
23
13
44
18
19
13
43
24
17
9
42
26
23
42
45
9
45
10
23
12
41
31
1
17
4
4
9
42
4
47
38
10
13
40
30
11
43
8
19
33
31
20
27
28
36
10
8
44
9
12
8
47
33
12
34
40
33
37
0
4
44
13
33
40
40
37
29
15
22
47
17
47
23
14
6
24
12
24
2
14
21
28
5
3
20
0
29
33
3
4
6
30
29
29
26
9
20
46
28
28
43
19
8
32
34
22
12
37
37
40
12
27
13
4
7
40
8
9
31
12
5
4
18
28
36
43
26
5
43
42
16
17
40
7
46
41
47
18
37
33
28
42
44
3
39
19
42
8
21
1
8
35
13
15
31
25
21
1
19
11
9
10
9
11
9
20
14
31
15
4
11
32
25
17
2
31
20
24
18
40
38
16
28
31
35
16
11
36
44
36
25
42
34
39
9
18
30
24
17
35
16
35
38
32
10
12
8
36
24
17
31
42
21
37
23
32
6
3
6
45
8
4
46
7
47
46
41
19
28
21
7
1
25
37
47
2
1
20
11
21
41
8
30
38
21
47
34
24
2
14
7
11
26
27
16
6
3
26
0
38
5
18
0
30
10
8
2
14
22
11
46
46
6
19
1
6
25
8
32
47
23
3
25
11
9
25
5
23
5
17
36
13
17
27
32
15
18
0
11
39
44
46
0
17
16
7
4
39
40
45
22
30
46
35
11
2
16
15
40
27
42
27
18
40
20
42
28
9
18
1
29
32
28
44
45
29
39
43
31
43
42
9
5
40
21
41
15
41
13
33
4
45
20
23
7
45
33
30
23
38
20
31
22
30
2
33
18
28
29
40
37
1
8
15
25
2
34
11
39
40
24
26
17
16
12
47
34
44
35
38
41
11
26
27
11
13
28
5
0
44
22
41
36
37
18
22
31
21
33
38
30
36
44
22
30
29
36
32
22
1
0
18
40
18
17
19
22
33
16
13
31
6
5
0
0
25
7
25
46
27
39
41
31
29
36
35
15
37
32
20
1
43
