55
68
16
61
19
79
8
6
71
73
73
79
23
22
22
19
26
79
16
67
36
0
66
70
45
78
37
56
43
65
64
6
62
18
6
7
31
50
69
16
48
8
15
36
36
69
5
58
51
69
73
2
7
41
57
40
69
12
42
41
53
41
79
25
55
9
62
18
60
31
43
73
70
7
50
59
36
38
64
38
78
54
44
7
19
47
2
11
45
36
69
57
45
48
53
36
5
44
33
77
64
19
36
4
69
63
79
24
32
5
50
10
43
49
66
70
24
8
29
18
12
24
56
48
75
23
29
2
48
70
10
28
25
2
1
6
31
46
57
42
46
62
15
75
75
10
67
21
16
5
26
31
48
51
22
48
25
58
59
65
54
66
41
20
32
65
4
16
19
8
3
62
39
12
73
4
75
30
28
14
4
40
22
75
48
17
70
69
79
33
30
64
50
9
40
6
55
6
49
13
30
10
46
45
67
34
22
5
41
73
39
24
30
62
26
69
49
10
56
52
23
47
72
37
11
37
29
1
25
55
49
61
28
59
46
5
30
49
61
40
38
30
26
16
60
57
18
65
48
42
64
70
39
34
49
0
14
65
59
14
39
62
76
9
30
14
30
24
9
63
60
27
12
14
65
24
41
68
75
4
5
13
17
21
59
56
43
46
62
21
42
35
14
53
79
79
1
52
72
3
74
36
23
71
24
74
15
54
57
75
33
35
60
52
31
71
29
72
65
3
5
57
9
22
45
54
36
46
58
13
23
32
52
23
54
68
58
35
66
59
35
34
76
76
0
78
53
37
3
24
36
62
62
76
42
44
20
40
51
4
68
36
44
36
8
38
57
17
28
61
21
65
68
23
72
13
66
39
72
53
73
62
15
65
32
10
43
0
9
19
78
70
63
35
45
55
2
71
40
50
70
67
0
11
75
13
66
40
26
33
38
11
60
35
39
8
67
47
18
6
9
14
42
76
47
9
60
54
67
45
66
18
37
55
0
77
26
46
33
72
51
22
15
52
71
1
3
15
58
48
54
27
67
52
2
5
11
70
42
63
76
73
22
43
79
17
14
15
25
69
13
43
51
36
18
1
53
40
77
60
42
3
21
42
3
34
8
78
43
38
46
23
35
3
40
73
26
45
32
46
63
59
64
74
69
60
43
34
8
67
11
26
30
67
28
26
30
60
12
31
49
64
29
78
72
58
64
1
68
6
3
68
75
0
11
19
24
25
45
37
17
74
67
23
68
5
15
7
23
35
18
1
38
13
46
68
45
32
20
55
57
79
17
44
73
77
34
25
47
49
75
61
40
62
58
4
66
21
52
4
7
9
38
11
64
46
64
13
50
69
63
20
57
0
70
48
2
51
53
6
79
54
46
25
76
27
12
75
29
61
13
27
13
50
69
4
42
71
52
70
73
68
75
67
18
7
47
49
4
32
63
28
39
47
54
32
39
14
9
10
4
60
71
72
40
37
34
49
31
74
78
66
59
5
26
74
44
9
51
78
49
20
34
66
77
23
9
47
51
62
6
56
32
17
19
52
25
58
77
68
42
48
33
43
71
33
51
38
64
22
44
65
58
37
32
78
77
78
61
24
37
43
63
36
43
48
56
59
73
42
56
75
57
34
67
21
32
41
72
57
73
36
1
71
75
1
6
68
59
60
7
21
14
59
21
30
49
50
71
54
25
6
76
40
33
43
32
24
40
64
25
64
5
22
56
42
14
2
79
25
51
44
38
30
74
64
0
50
48
64
29
34
37
7
77
75
21
67
74
20
79
16
63
62
16
77
41
72
25
47
14
24
26
31
79
44
69
31
76
31
59
59
8
63
50
61
39
55
59
54
74
8
54
34
58
73
72
11
25
21
51
54
27
36
39
69
7
51
37
42
1
61
13
22
28
10
6
39
15
74
2
4
48
27
21
21
13
70
20
58
57
55
44
13
74
1
52
68
53
56
28
23
70
61
20
33
29
43
12
71
19
46
33
56
53
78
68
31
2
0
37
9
13
66
44
4
79
8
57
17
27
31
23
21
46
53
70
38
25
0
19
45
29
34
3
44
72
72
61
0
79
50
61
8
7
12
27
29
2
14
63
17
34
20
65
47
66
18
55
57
59
73
78
10
75
14
8
54
33
73
39
61
26
11
3
18
6
57
6
24
15
76
76
77
30
2
7
53
78
49
18
39
21
53
36
28
23
43
64
9
14
0
35
24
14
32
45
66
65
32
45
78
22
59
77
17
11
25
47
50
61
21
59
3
19
55
68
33
29
74
39
4
19
8
24
27
2
72
20
1
3
19
65
10
47
71
12
46
15
72
62
41
52
66
15
40
59
56
33
45
6
71
18
48
8
13
20
37
24
67
55
7
32
74
5
17
6
12
53
64
34
32
30
44
5
79
15
40
20
58
60
21
41
27
32
10
65
56
13
18
66
41
29
74
49
1
55
42
28
50
48
7
53
10
14
3
73
38
63
10
41
47
28
62
15
4
17
30
28
16
12
58
74
51
4
10
50
30
58
71
41
31
29
17
5
44
17
76
12
78
31
1
16
41
3
76
28
60
9
0
3
26
0
68
1
37
23
77
60
55
44
28
5
22
60
10
74
34
18
28
34
2
0
76
51
23
19
27
22
2
16
49
28
29
20
19
28
49
21
61
56
77
12
52
74
9
20
18
71
57
65
66
45
35
47
46
1
41
50
39
67
5
52
17
35
62
0
48
12
62
35
63
11
38
31
32
29
70
20
7
20
33
4
41
17
31
18
57
78
35
33
38
11
1
75
41
43
11
49
56
66
50
35
59
79
76
49
73
26
69
25
38
63
22
72
52
3
1
68
55
15
35
29
56
12
39
49
8
28
69
12
47
23
26
31
38
6
37
64
48
54
57
65
34
30
78
45
38
78
43
45
16
27
19
6
11
71
15
13
51
2
71
50
20
3
52
54
7
57
63
17
42
9
38
19
70
8
24
31
73
27
19
11
14
10
69
65
52
49
24
11
27
63
18
10
23
22
37
60
26
13
61
73
17
77
29
29
12
26
27
41
16
14
68
47
71
16
55
19
29
8
33
19
68
44
52
17
30
78
74
15
4
70
66
35
44
58
69
46
43
26
55
60
20
13
34
60
61
16
79
54
26
72
78
53
65
11
28
54
67
16
50
7
67
60
66
11
76
0
22
7
76
58
48
2
56
33
56
75
46
4
58
21
33
27
63
51
77
9
43
45
24
27
9
69
22
79
41
39
3
79
53
37
54
72
56
36
29
40
23
27
9
77
63
8
53
25
12
40
51
37
59
53
46
31
51
51
76
79
10
69
61
16
52
2
33
18
38
56
58
35
34
1
71
39
64
72
36
5
15
37
41
42
35
55
42
44
47
43
62
77
70
16
54
47
61
39
67
