36
36
19
7
27
38
33
17
35
47
31
25
1
13
26
4
17
37
37
3
16
43
33
11
15
38
29
37
30
22
44
16
31
37
27
21
40
1
25
8
13
41
43
22
7
46
37
45
19
16
11
2
23
13
22
47
34
37
12
38
18
28
33
27
27
15
9
10
17
35
31
11
21
43
1
27
30
45
8
38
10
9
7
6
9
5
43
4
7
23
15
29
41
46
38
12
45
34
13
5
28
18
10
36
7
5
11
46
34
20
45
10
27
40
45
3
35
31
32
7
34
19
18
23
26
5
11
34
28
45
42
25
2
23
39
27
17
17
46
41
8
30
6
8
38
18
38
45
7
44
15
47
28
37
40
0
1
8
12
10
22
22
37
6
44
5
40
22
26
23
11
24
36
19
26
26
27
5
17
45
34
4
46
8
18
6
29
8
0
26
6
43
2
7
0
23
29
1
14
6
43
37
45
6
7
36
16
35
26
47
42
28
44
8
45
33
47
29
15
35
8
34
16
3
6
26
42
10
12
34
36
21
46
0
22
44
42
35
40
13
28
30
20
43
10
10
16
38
9
10
45
22
2
1
12
11
12
37
26
13
15
33
4
15
46
23
7
13
19
23
24
38
8
39
25
13
7
24
2
14
29
26
40
38
31
1
46
18
32
30
18
31
13
11
38
3
47
14
29
4
8
17
2
37
10
31
34
38
43
29
24
20
32
19
45
15
11
29
14
21
22
27
45
10
29
32
12
9
40
13
28
12
29
36
36
46
17
11
10
35
47
39
6
1
45
18
46
21
47
41
26
23
38
28
12
35
35
39
7
25
32
17
39
27
44
28
0
13
35
4
33
42
6
39
27
20
3
30
33
37
41
19
42
0
18
16
29
36
3
28
8
19
16
19
32
16
5
31
30
30
42
17
2
9
25
43
23
6
6
2
18
27
4
21
45
40
8
42
26
32
17
23
5
23
46
39
21
35
3
19
38
41
16
26
36
17
0
41
20
1
2
13
15
10
38
38
0
31
32
7
37
6
19
16
24
24
2
24
0
45
46
43
46
41
31
40
3
7
40
21
1
20
10
24
32
4
12
26
46
40
6
23
1
17
28
9
11
39
37
32
7
13
43
5
41
31
1
44
40
13
40
15
1
24
14
5
47
21
32
3
3
13
35
39
41
39
0
47
8
35
43
36
30
36
3
20
20
33
33
22
4
32
44
19
41
44
6
11
29
25
43
45
31
29
23
41
21
4
34
35
35
0
15
19
28
37
33
28
3
4
3
2
18
32
0
9
16
0
37
27
0
26
13
30
36
45
10
7
14
1
14
2
8
25
24
33
19
13
3
2
45
42
42
12
12
20
14
45
9
17
8
19
24
46
31
14
21
3
5
34
29
5
18
32
33
14
47
35
31
26
47
47
17
4
23
42
15
9
17
28
2
22
17
36
0
4
10
7
25
12
10
30
28
36
22
35
36
28
3
26
18
40
9
25
12
19
42
44
41
34
28
17
24
21
13
16
4
2
5
6
20
42
43
16
46
42
44
32
25
27
25
4
36
42
7
37
47
38
20
47
11
43
44
24
34
1
19
44
44
10
27
12
30
23
34
4
26
1
31
0
23
36
9
13
21
44
19
33
4
9
21
15
40
36
33
31
11
18
27
24
13
5
13
44
23
1
11
14
40
18
33
47
29
25
20
5
44
0
26
7
40
15
39
41
34
22
33
25
44
27
44
13
37
23
33
17
38
26
42
23
0
31
26
22
41
43
34
3
11
29
35
39
9
13
28
26
20
12
29
30
4
40
35
14
6
46
12
6
1
9
15
0
16
18
14
31
21
33
43
33
10
28
44
21
31
24
34
24
29
28
20
39
12
17
34
41
7
20
45
15
28
34
42
43
19
10
8
20
5
16
47
30
16
12
42
21
45
32
18
22
22
29
29
29
37
3
32
31
12
22
35
31
18
14
24
42
2
38
31
47
1
47
5
8
7
37
33
2
42
17
7
25
35
2
18
36
43
35
43
39
8
16
14
38
24
21
32
7
29
42
24
25
12
31
3
4
16
47
34
28
12
44
18
23
39
28
42
5
20
11
19
27
5
30
7
16
24
5
37
12
4
0
13
36
9
26
42
30
46
40
16
11
6
17
14
7
30
29
2
12
38
25
18
33
41
10
10
20
17
15
9
0
27
38
42
36
1
20
21
21
23
6
41
47
18
18
30
31
40
18
28
22
15
25
8
31
30
2
43
11
14
43
11
2
28
8
36
38
12
2
2
37
34
26
37
11
46
1
33
36
33
4
47
14
1
38
20
23
30
34
42
8
16
30
20
23
43
29
34
41
16
39
14
40
41
40
9
22
6
35
6
2
41
3
2
18
46
14
0
4
24
24
3
15
9
20
46
9
16
4
5
6
26
41
42
46
45
14
2
25
3
25
0
24
15
21
41
13
19
21
27
10
6
19
7
32
44
33
34
8
41
9
21
30
3
14
25
31
39
25
32
35
39
22
45
46
45
9
41
0
45
36
9
12
32
32
40
47
39
7
13
32
22
30
5
29
40
32
5
5
14
0
24
1
31
20
3
4
8
33
32
21
24
26
7
6
38
21
47
24
1
32
28
39
43
4
35
15
25
2
28
19
15
23
14
9
22
33
26
46
26
4
13
36
12
10
25
47
46
2
19
12
37
27
25
14
1
43
20
44
16
43
11
27
44
38
39
30
20
6
28
46
28
11
0
19
39
10
33
19
8
40
8
15
13
21
11
30
45
47
5
9
29
4
39
15
28
7
27
18
14
43
22
39
6
17
30
37
39
35
40
10
47
15
25
22
5
30
23
22
13
21
3
38
44
35
1
46
22
9
46
8
41
10
6
33
35
20
8
24
34
45
18
18
14
13
25
36
15
13
11
11
4
35
27
12
4
27
10
0
15
16
5
35
10
37
30
22
20
3
43
31
34
14
40
26
19
19
34
25
43
21
15
37
44
15
20
27
45
11
4
17
17
33
46
17
3
20
9
40
39
2
40
5
47
22
9
23
22
20
47
1
0
10
14
11
23
27
41
25
17
37
38
41
24
11
35
16
33
47
1
17
25
38
7
34
45
31
37
29
36
22
8
39
32
41
34
39
11
30
32
44
41
39
16
23
40
23
16
44
23
29
23
3
24
5
27
36
19
16
32
2
42
29
44
9
5
17
26
31
43
38
9
34
42
5
42
32
37
21
3
46
44
0
27
1
7
18
6
20
39
