4
36
12
43
11
28
23
28
46
10
57
26
19
24
48
10
63
36
12
51
3
4
40
36
54
17
56
8
49
4
56
14
39
37
32
5
38
46
10
45
35
59
6
18
19
7
63
19
5
49
28
11
38
33
16
37
9
54
20
20
28
22
18
53
49
60
57
9
21
43
47
55
61
62
26
54
20
13
5
46
12
26
41
36
37
29
50
37
56
8
50
55
39
43
6
16
41
28
24
8
19
5
7
45
56
19
22
0
17
29
42
6
30
50
49
23
36
25
46
38
31
1
52
59
42
42
62
46
49
31
9
15
14
34
58
13
7
3
20
2
45
25
18
6
47
43
60
28
29
2
61
6
18
11
37
12
61
45
44
35
0
48
62
40
26
46
40
0
24
6
32
10
63
45
15
52
15
11
50
10
7
11
22
30
57
33
3
54
32
31
13
32
18
61
39
53
62
15
40
34
32
50
11
55
45
27
43
54
45
23
35
14
28
60
38
29
47
44
37
43
28
25
40
25
0
15
9
51
4
30
39
60
16
14
53
14
7
47
40
34
51
42
55
49
14
53
17
8
27
42
62
53
16
17
6
46
3
59
20
63
47
29
27
57
53
0
19
52
47
54
34
12
11
12
58
32
59
37
15
61
10
62
22
2
57
18
62
51
15
39
16
10
17
37
55
22
16
15
63
43
28
18
56
40
20
24
51
14
6
24
38
53
9
12
58
62
43
18
0
22
20
45
45
17
24
34
40
6
24
8
23
60
7
16
3
61
60
56
33
41
53
15
1
53
47
46
31
4
13
24
58
33
59
39
48
55
37
44
58
57
15
19
1
5
6
28
48
2
5
26
27
59
8
11
11
42
16
17
23
22
3
5
61
1
50
59
50
59
2
20
15
45
57
4
0
5
50
34
5
2
59
23
12
18
26
27
57
9
51
10
61
36
25
38
42
3
15
29
42
39
11
12
54
27
27
56
51
34
38
50
60
52
51
13
32
32
24
32
3
55
1
51
49
31
57
6
17
0
3
18
54
10
14
43
63
47
5
59
44
59
61
46
42
14
49
36
3
20
6
29
16
0
13
59
21
55
14
52
48
36
56
37
58
41
3
30
42
0
14
46
34
28
45
63
31
60
27
26
32
40
58
48
44
15
20
7
11
52
31
2
10
31
35
12
29
30
53
47
48
56
9
21
52
50
2
14
6
25
28
31
52
31
17
15
5
25
56
21
16
7
56
8
8
22
22
40
20
62
7
26
46
20
38
0
7
39
28
4
16
48
44
63
18
57
13
39
27
34
54
63
38
14
49
12
5
12
16
10
49
59
17
42
9
35
6
4
33
14
27
5
62
2
30
24
63
27
10
29
48
55
14
19
33
15
40
30
2
32
3
31
18
24
24
5
14
43
24
19
33
51
39
0
57
4
55
43
55
38
37
6
19
8
24
34
15
25
2
17
35
36
34
11
1
62
32
33
37
22
41
26
34
8
7
12
40
1
40
33
17
13
20
38
3
31
55
6
20
9
26
51
32
26
3
51
43
47
2
13
15
45
10
32
58
54
14
4
16
5
39
44
7
4
23
28
41
37
35
63
37
31
1
0
43
26
12
29
26
20
59
56
46
6
54
1
17
59
30
56
11
19
47
46
54
34
13
49
12
21
15
62
8
38
11
57
57
11
47
58
38
8
25
63
58
11
55
55
61
27
51
27
8
62
17
23
13
38
52
5
54
35
51
20
31
23
13
44
4
54
51
6
13
43
8
27
36
12
35
14
55
1
61
56
33
23
21
52
36
17
13
7
9
18
25
27
0
10
50
47
60
52
41
9
37
59
25
49
18
45
19
38
26
32
13
35
13
62
22
62
54
4
23
40
21
51
2
13
27
44
36
36
62
31
47
2
5
50
54
10
0
37
47
14
13
33
29
4
21
9
45
48
9
41
7
16
44
17
57
33
53
50
27
45
46
21
58
23
29
43
24
54
25
13
13
9
12
21
59
28
60
17
41
29
2
35
30
40
38
36
5
34
7
40
51
41
23
44
4
9
57
34
56
50
62
39
52
41
60
47
22
46
33
18
35
45
61
58
34
3
23
49
26
47
32
11
41
52
54
11
24
56
63
29
40
34
41
39
5
53
30
26
35
21
8
31
55
44
10
44
4
36
45
42
30
19
30
9
60
26
63
57
8
59
45
16
36
0
28
33
53
4
61
32
34
41
52
9
34
11
24
24
21
17
53
15
3
61
48
51
9
29
39
29
34
63
19
49
3
60
47
21
57
20
8
62
17
25
13
29
15
15
28
55
20
29
42
21
18
39
56
48
61
20
60
52
31
16
3
44
43
37
37
2
58
1
33
38
59
5
8
17
23
52
1
48
51
61
46
50
11
11
56
22
1
22
19
44
26
16
48
39
52
48
33
30
36
42
9
23
23
59
60
0
37
32
58
4
62
52
43
14
1
60
50
6
61
29
8
10
19
24
54
42
20
18
18
2
10
39
0
43
39
41
4
50
37
47
47
11
14
38
32
51
27
19
34
25
47
49
49
19
56
30
46
54
16
48
23
42
63
19
28
53
61
63
9
3
48
24
7
17
43
22
18
25
16
44
38
27
2
63
0
19
57
42
23
50
22
2
26
59
29
46
28
35
23
11
33
36
33
15
53
12
12
62
53
15
60
40
63
35
26
20
1
4
30
44
57
48
28
53
32
1
53
44
21
25
49
63
22
9
50
5
40
25
1
49
44
58
59
23
35
10
35
21
18
56
21
17
62
62
7
60
60
1
16
54
16
31
26
54
58
7
49
22
36
45
6
53
60
35
32
35
2
47
22
8
53
63
49
31
33
55
41
19
30
55
3
51
22
61
38
27
39
52
0
1
42
48
58
16
25
35
52
48
39
41
13
50
51
21
41
45
58
20
41
13
44
21
7
29
56
34
28
25
30
1
55
43
43
55
6
45
14
37
42
40
7
48
43
8
10
59
24
39
31
29
44
12
46
44
30
30
2
3
58
60
21
47
52
23
46
48
51
41
35
49
27
57
40
45
21
33
10
42
18
27
31
43
38
58
2
58
4
1
30
61
58
1
3
32
25
35
33
27
40
19
5
25
13
4
0
41
28
50
57
46
10
0
22
9
36
30
37
42
49
7
7
24
25
26
46
23
6
20
53
42
31
41
39
63
36
7
30
39
38
50
55
60
52
8
31
61
18
61
36
55
22
63
56
33
57
