19
7
59
30
36
61
43
41
69
75
53
21
75
18
34
48
76
46
24
61
78
72
23
39
36
17
67
52
0
14
43
6
21
68
17
36
26
72
48
44
76
69
78
50
10
56
71
62
58
44
3
65
67
74
59
64
46
54
38
30
6
18
28
24
43
20
1
57
78
73
51
14
3
62
60
79
15
64
79
26
33
29
73
54
12
10
24
49
49
39
31
19
1
6
68
31
2
36
12
54
15
56
41
13
58
58
8
38
34
18
76
53
66
42
79
27
69
28
6
33
4
79
65
2
9
32
51
49
9
54
74
23
32
27
51
8
77
68
20
11
74
39
61
49
16
66
50
38
40
15
13
23
0
37
9
47
28
63
48
4
7
29
63
22
14
66
52
56
71
10
25
73
4
9
29
72
57
46
41
71
47
34
33
18
25
59
44
37
