38
71
14
30
39
4
74
27
34
68
17
22
56
0
45
54
27
21
74
67
58
2
64
71
60
31
68
33
32
9
51
66
34
47
57
70
35
78
71
62
46
34
78
30
79
23
43
60
36
9
32
68
41
65
78
11
59
19
69
52
67
4
3
22
74
53
33
62
69
63
75
71
51
79
52
68
47
33
4
71
73
1
18
46
56
46
14
14
34
18
16
54
47
12
20
49
77
20
6
60
70
76
64
23
62
75
69
14
78
34
72
11
59
65
43
52
33
77
29
31
44
26
35
14
19
33
55
31
27
74
51
75
43
6
41
17
49
79
18
5
62
25
3
70
2
21
52
11
61
38
30
11
59
48
40
52
13
16
29
75
9
28
60
38
67
32
64
26
40
23
21
49
26
68
22
78
0
60
53
44
18
50
18
22
51
74
29
40
48
48
27
72
12
65
71
38
10
22
30
54
35
74
73
49
11
55
25
50
64
57
37
62
77
58
45
55
66
28
13
30
64
50
40
42
69
79
56
39
5
60
47
26
56
75
7
5
3
32
71
53
5
47
8
53
66
49
40
20
76
22
35
68
16
67
59
38
10
42
9
12
23
40
79
67
37
7
42
79
14
3
2
68
54
56
48
74
64
26
64
64
48
78
63
48
77
42
33
25
4
61
64
54
29
24
33
28
32
31
16
38
20
50
66
25
44
73
77
50
76
47
10
48
14
24
60
46
10
2
19
72
14
61
26
36
55
55
63
38
27
30
41
68
11
11
11
5
41
36
6
21
78
73
63
65
31
69
21
44
39
72
19
0
79
29
72
27
3
38
36
42
56
76
72
66
43
58
45
59
38
34
22
18
67
41
21
22
36
2
78
43
78
37
16
70
65
26
49
75
27
36
14
31
70
6
30
67
49
26
71
23
46
5
43
57
6
6
13
40
26
72
51
39
20
67
68
72
8
24
18
45
59
54
72
68
35
15
59
11
27
17
53
14
61
55
13
35
50
29
9
26
41
55
13
3
11
35
79
65
58
19
1
26
38
2
47
70
4
56
20
8
33
6
5
55
29
61
67
66
42
37
26
31
4
19
1
33
75
51
28
39
63
19
2
46
13
36
1
36
59
1
45
29
36
24
46
16
57
15
37
62
23
32
55
68
48
61
16
44
43
38
61
56
71
40
42
6
63
43
9
2
27
69
50
21
29
0
13
65
69
23
33
71
32
47
25
42
25
21
28
8
75
66
44
39
45
77
53
34
51
7
14
10
74
6
12
69
53
8
9
65
54
21
7
10
63
42
15
42
47
75
69
47
12
49
56
17
56
77
20
68
63
4
24
62
4
38
25
18
73
53
58
65
55
8
10
3
16
27
20
73
75
61
21
77
16
12
6
7
73
56
48
3
66
22
38
44
65
75
70
18
15
31
8
34
26
52
26
12
78
79
5
36
10
7
20
6
34
8
4
30
11
49
13
48
60
57
43
17
59
15
39
47
1
52
33
74
35
30
71
77
17
54
58
32
59
69
6
43
23
70
60
78
31
50
9
76
31
74
6
43
25
44
4
74
6
62
13
39
30
9
49
79
60
72
32
16
23
47
36
18
12
51
35
28
58
67
78
68
34
13
36
37
51
15
33
79
69
2
58
70
2
57
10
3
59
4
33
33
74
29
27
8
15
13
71
34
60
59
66
67
19
71
12
30
21
59
70
55
49
7
77
41
16
29
24
58
28
1
68
63
14
71
43
56
53
68
8
19
57
41
74
56
57
14
66
76
23
32
10
19
58
50
41
52
53
40
76
62
51
70
28
12
30
3
52
77
57
16
15
23
45
35
28
78
42
7
7
3
23
19
23
69
4
39
46
9
44
51
23
62
61
60
24
45
79
34
20
12
2
76
76
0
24
25
58
73
19
12
61
18
59
72
29
46
70
37
28
11
54
9
66
53
28
8
46
33
72
25
44
74
66
14
50
74
32
4
9
65
78
79
40
49
40
29
51
66
48
39
31
58
10
54
45
10
2
57
64
6
55
58
23
3
57
69
77
69
69
3
20
30
36
57
43
42
21
15
54
76
40
71
22
17
51
17
54
13
67
52
46
63
37
68
42
39
32
39
9
48
10
43
40
38
51
16
5
3
79
1
72
60
43
60
38
77
68
48
8
72
79
59
17
0
28
40
55
34
37
13
0
31
24
54
63
0
36
23
65
13
67
44
46
34
2
7
17
2
53
18
61
44
66
14
79
26
63
48
75
2
54
1
39
24
4
76
19
60
21
61
14
17
18
37
7
46
27
17
58
75
40
37
72
0
40
28
48
7
20
32
18
58
23
14
35
46
24
64
21
8
35
73
49
67
29
5
32
17
39
19
38
73
73
31
71
30
21
43
58
2
71
28
27
14
28
35
1
13
9
34
21
75
10
64
41
0
50
54
76
16
43
4
65
71
11
41
39
15
35
55
37
27
25
54
18
32
77
28
1
73
45
29
56
53
1
37
66
22
8
9
44
57
44
8
17
49
58
47
53
61
8
22
49
32
13
49
36
41
24
15
52
49
1
54
64
68
5
30
44
77
79
36
2
41
1
59
78
24
43
49
9
78
15
46
51
24
31
76
5
5
45
46
17
39
51
12
53
34
24
76
22
69
48
5
42
76
62
37
19
50
62
70
73
72
75
34
64
78
58
34
64
70
44
11
9
60
18
57
67
31
15
52
63
70
39
63
41
54
45
62
21
65
18
64
23
20
74
64
24
45
79
53
22
69
65
37
47
17
35
77
26
39
7
73
76
66
45
7
38
11
45
58
70
5
50
5
29
22
8
63
79
20
35
40
1
22
16
0
48
0
60
49
52
35
13
43
27
78
22
9
24
1
51
61
31
20
63
3
27
56
29
13
16
52
55
15
3
25
3
62
41
37
25
4
20
67
74
25
7
46
2
36
4
19
47
30
33
54
69
65
42
45
55
73
75
25
52
6
50
41
19
16
73
47
27
6
38
62
15
37
18
10
64
7
8
63
68
19
37
53
50
31
0
25
62
21
47
70
76
26
48
61
61
59
12
5
57
61
45
79
50
42
53
10
11
33
72
14
12
0
75
56
73
54
66
20
3
33
0
57
28
76
46
55
25
65
73
32
55
51
41
67
15
36
9
10
63
15
44
11
50
77
12
4
74
16
7
32
11
57
34
62
42
6
55
29
66
0
19
24
26
1
28
