14
23
5
11
14
0
29
12
15
26
5
9
18
3
17
17
12
11
28
31
16
0
30
20
29
10
26
14
9
2
16
27
15
24
23
18
14
22
23
29
23
15
22
12
26
13
30
22
8
2
15
23
28
31
20
7
29
7
29
28
24
0
0
11
23
19
14
28
27
21
21
23
17
26
28
26
24
15
1
25
31
1
6
30
23
22
4
6
15
5
6
29
21
5
13
20
20
11
1
22
25
16
28
12
23
21
26
6
22
12
25
7
23
16
17
16
15
21
12
11
26
12
11
4
7
11
25
8
10
31
29
26
30
1
17
5
22
21
4
3
17
8
1
23
0
9
29
5
28
14
10
7
29
18
19
23
7
6
9
27
2
10
28
9
31
11
24
8
18
9
15
22
15
31
11
23
1
28
16
21
4
28
4
10
17
18
14
19
20
25
9
31
5
31
23
13
6
10
15
27
11
31
23
16
5
20
8
28
19
24
13
24
20
24
23
20
17
11
7
15
23
31
18
16
30
24
27
14
0
29
24
11
27
26
2
3
0
9
23
25
3
27
2
26
30
22
30
10
16
13
14
20
6
24
23
14
6
22
2
5
11
19
26
19
8
3
16
25
5
0
1
28
21
24
30
28
23
11
18
28
30
17
26
17
20
19
12
10
1
31
23
17
9
15
11
13
15
10
6
14
8
28
28
8
20
23
21
25
18
24
7
16
7
12
29
20
6
2
6
31
5
28
15
14
24
25
27
9
10
9
29
28
7
7
6
2
29
14
3
11
23
23
26
20
13
30
12
20
14
18
6
0
25
10
31
9
0
13
13
22
31
16
29
25
17
25
30
24
14
13
11
4
24
22
10
11
14
0
20
24
28
8
5
25
27
12
16
20
9
9
5
13
25
3
11
18
19
14
20
12
28
3
17
18
0
3
7
18
12
30
29
14
14
31
17
30
2
12
4
19
27
19
31
30
14
4
26
7
10
7
25
6
28
27
7
8
31
10
3
12
16
23
5
0
5
9
25
27
16
4
1
8
13
0
21
29
0
16
8
2
11
1
2
22
10
24
26
29
16
12
12
8
0
4
1
15
19
17
14
15
26
4
1
30
5
15
3
8
26
1
19
12
8
13
18
6
25
6
8
28
12
11
26
26
30
30
6
29
24
8
30
27
19
19
22
3
30
17
2
1
9
18
31
12
10
1
5
29
18
8
11
29
8
27
8
22
14
13
12
2
26
29
25
15
19
21
22
15
17
3
6
4
27
0
6
17
27
2
2
28
26
13
3
6
21
22
5
22
24
21
26
16
7
31
31
7
27
21
13
22
26
0
12
29
0
14
9
6
31
17
25
27
23
2
6
1
4
10
13
31
20
30
15
27
6
4
0
2
23
24
30
0
18
9
11
21
20
20
20
4
4
13
2
9
8
25
11
7
23
27
3
14
4
2
9
3
15
2
0
9
5
16
7
30
27
18
17
5
21
5
15
21
3
21
15
25
14
9
23
21
7
30
25
15
31
30
2
17
13
21
16
21
8
31
2
22
8
29
3
16
12
24
0
28
0
28
5
14
15
2
19
27
22
16
11
6
12
29
9
4
4
17
8
12
30
16
28
31
9
7
11
8
17
6
9
26
20
2
30
25
1
16
7
0
23
1
11
10
18
10
10
2
7
4
20
15
30
27
27
16
4
20
7
9
12
23
30
20
19
2
23
30
6
13
12
19
10
3
26
26
5
19
17
24
19
31
2
4
25
19
20
24
24
5
29
21
12
8
6
4
31
24
29
17
25
16
23
19
17
25
15
5
14
0
17
24
23
4
4
13
20
15
10
20
22
3
2
0
13
6
13
18
1
14
27
3
29
29
13
28
24
24
12
16
26
9
13
5
0
27
30
0
12
11
18
16
4
7
26
5
25
31
9
18
24
8
15
6
21
2
18
27
14
2
28
13
28
10
29
29
30
7
31
19
11
1
2
28
22
26
18
19
18
10
27
18
30
15
10
25
5
21
24
4
1
18
25
1
22
25
13
1
22
31
24
29
20
0
13
9
9
24
16
22
13
5
30
27
19
29
11
5
17
6
30
7
24
23
22
26
14
31
22
15
10
15
2
19
5
17
19
14
21
4
3
0
20
1
28
27
16
24
14
21
18
30
2
18
22
16
7
3
14
19
26
12
15
7
1
8
12
30
22
1
8
12
20
5
31
21
31
10
1
3
7
0
17
4
31
17
25
7
20
10
19
18
21
0
17
1
15
13
1
21
4
18
13
30
7
5
4
13
3
18
9
7
19
21
18
14
31
3
19
8
26
3
13
15
4
19
13
7
8
20
12
19
8
2
8
25
22
24
13
3
10
7
15
6
14
23
19
10
28
9
10
17
25
0
29
12
9
6
10
8
1
7
3
10
13
26
6
28
18
0
29
18
16
6
17
1
27
16
7
29
14
6
11
20
9
11
8
17
5
8
23
10
1
21
19
14
27
22
1
10
28
11
2
3
31
18
21
2
5
17
20
21
26
30
3
11
16
11
7
30
14
29
12
5
21
19
3
28
19
18
3
13
18
23
22
9
1
18
3
21
27
12
21
22
2
20
5
19
17
12
15
23
3
0
17
25
5
15
21
5
26
9
12
25
11
26
22
3
22
27
20
15
4
28
17
25
19
31
24
9
19
19
25
10
31
25
20
6
3
27
5
24
26
10
4
20
16
20
15
27
29
26
22
28
13
27
4
24
13
8
19
31
12
16
18
22
14
26
16
15
21
4
9
24
13
14
3
16
27
25
16
2
14
7
16
17
25
3
28
3
10
9
2
26
20
8
8
19
1
11
6
1
31
1
28
27
20
9
5
17
8
29
14
2
12
1
29
25
9
13
26
0
10
24
9
7
6
21
25
7
0
10
0
21
29
11
8
0
13
24
25
13
2
29
0
14
1
4
21
10
11
16
23
20
22
16
22
23
21
8
21
3
28
25
4
6
31
27
12
2
14
17
4
15
4
6
28
3
3
27
31
4
15
22
28
8
0
10
17
11
24
29
23
12
19
30
26
31
7
3
16
30
24
26
28
22
26
6
7
11
31
5
5
1
27
23
31
21
18
9
0
11
1
18
15
24
18
23
8
27
18
9
27
29
18
30
4
9
2
5
30
6
29
6
16
20
4
1
30
6
2
11
7
22
15
28
22
0
23
10
17
1
4
12
13
1
10
