57
47
45
1
42
25
0
56
62
60
23
24
7
1
2
2
42
45
2
47
50
43
36
27
41
35
33
44
39
48
2
4
6
0
8
39
1
27
27
50
6
48
13
35
49
56
63
60
50
36
9
55
18
36
9
24
46
9
9
48
6
61
40
4
60
12
7
2
20
24
51
28
28
17
49
1
38
18
30
32
22
1
12
54
53
34
16
35
22
16
43
22
28
20
2
52
29
61
5
7
16
0
60
15
56
28
31
8
61
26
37
4
31
39
53
36
30
4
51
9
10
62
56
52
5
33
59
45
53
51
30
23
44
32
45
51
15
24
0
45
53
16
1
13
22
1
17
29
4
14
28
30
30
9
62
41
50
11
36
17
24
13
55
31
46
19
49
57
50
38
12
28
21
59
0
54
51
55
40
35
62
54
62
24
18
51
27
27
3
14
47
48
63
22
44
60
41
28
60
2
23
6
35
61
43
36
13
45
28
47
19
25
63
22
46
19
47
45
61
38
19
7
21
55
34
17
0
42
15
22
25
18
5
10
24
3
34
48
23
5
29
53
5
52
38
6
10
32
47
34
50
58
16
38
58
29
2
62
59
9
56
48
47
58
38
39
37
54
29
29
53
26
61
30
55
29
16
14
41
43
41
34
25
40
36
14
2
20
52
18
41
49
37
53
2
61
2
46
10
35
11
46
12
57
41
33
59
40
41
9
61
36
16
22
11
53
38
10
14
43
53
0
38
58
28
5
53
63
7
4
25
47
35
1
39
3
19
5
25
42
50
23
33
10
24
33
17
46
18
16
54
63
41
48
36
35
8
8
26
13
32
24
42
51
32
16
49
3
24
45
38
32
27
9
52
12
7
20
24
19
19
29
27
61
6
49
15
8
37
33
29
60
38
32
40
54
35
31
46
44
43
21
6
7
43
30
15
34
39
56
23
7
2
32
62
14
39
46
12
10
44
57
4
56
12
38
57
56
50
40
57
37
17
56
19
26
16
4
6
31
18
28
41
37
6
27
53
25
58
36
37
61
62
54
8
31
44
8
30
1
35
56
33
13
53
32
29
6
39
26
41
57
47
18
47
45
30
31
63
13
46
14
31
9
62
40
51
63
37
40
10
58
11
25
23
57
27
18
11
2
54
40
4
11
61
50
42
5
7
57
60
37
6
50
39
52
22
54
53
43
57
17
15
1
14
34
34
4
49
46
31
32
26
61
18
63
31
55
47
1
43
27
10
50
7
12
61
20
12
28
26
7
35
34
14
15
55
8
56
7
18
54
25
19
23
44
9
55
17
27
29
29
34
47
49
28
23
27
54
16
13
29
35
1
62
24
18
44
18
23
62
6
59
63
32
26
0
30
38
62
61
35
13
63
47
13
21
31
5
14
39
30
32
25
52
62
38
32
49
11
12
21
53
46
21
41
57
10
14
59
22
34
54
36
33
7
12
51
44
23
21
10
63
48
9
63
0
14
51
49
26
63
25
52
56
57
33
63
44
22
61
2
40
27
14
49
0
58
20
7
9
49
40
43
14
8
61
63
35
36
0
24
28
55
43
19
31
43
31
22
36
21
23
8
20
46
22
12
13
52
42
15
20
47
18
57
46
47
4
49
0
11
43
1
20
33
31
25
21
52
31
15
21
23
37
23
59
36
26
24
55
45
55
38
44
48
1
26
30
34
28
60
10
20
56
25
51
43
0
33
41
43
62
30
37
58
55
55
59
26
5
31
19
40
48
3
17
38
49
1
12
27
15
11
35
6
58
45
63
19
17
7
52
43
59
3
46
45
14
1
20
42
24
19
45
49
8
46
35
4
58
35
53
1
41
55
49
54
0
51
4
58
25
15
63
46
23
4
20
13
44
2
50
7
34
5
25
39
48
40
15
61
50
6
27
9
50
22
15
60
59
55
61
33
24
51
49
8
6
61
19
56
37
43
19
60
34
5
58
26
52
44
1
50
51
29
19
21
59
13
44
46
3
8
57
7
32
54
33
24
42
22
4
19
0
29
39
8
26
43
41
30
5
19
20
47
51
42
18
35
4
44
56
20
7
36
49
1
32
41
42
39
29
29
36
53
22
47
61
32
11
61
46
51
40
33
27
44
40
28
33
14
44
15
52
20
22
2
17
62
11
0
24
37
13
63
19
45
35
9
14
47
21
16
39
60
11
59
27
47
15
45
39
0
25
1
22
29
49
58
60
58
32
50
52
39
12
1
25
21
3
21
11
30
5
48
31
40
17
55
48
39
11
8
9
12
21
4
29
62
21
25
45
48
10
39
20
26
12
38
15
15
23
43
48
25
59
55
18
54
14
41
61
11
61
37
62
42
5
5
50
14
54
54
52
21
23
34
57
15
28
42
39
29
42
59
26
37
31
20
15
23
47
15
25
2
30
52
45
18
3
22
47
12
51
58
13
20
6
24
49
0
55
58
59
17
41
47
10
34
58
52
60
45
18
56
21
8
42
8
7
46
29
30
45
50
5
16
15
56
3
45
20
36
5
4
40
12
43
35
9
56
59
5
13
0
54
30
24
28
2
56
11
10
16
17
3
5
63
59
63
13
9
46
40
11
48
57
6
26
8
52
59
13
4
39
34
19
16
30
12
13
1
3
8
59
51
24
36
19
28
57
39
37
20
25
42
36
27
60
19
58
63
23
34
10
6
35
4
33
33
51
46
7
59
41
9
57
33
3
38
50
40
23
51
26
6
32
32
11
13
63
2
9
13
24
21
60
3
41
23
52
60
10
38
22
41
15
60
3
0
26
7
10
17
47
7
49
37
16
0
50
42
29
52
12
42
10
17
53
30
16
62
54
3
43
4
29
28
31
5
46
2
41
36
42
18
49
28
21
18
14
63
26
40
9
11
28
16
13
8
16
33
27
32
31
54
21
12
20
9
26
31
2
62
20
60
52
39
17
17
26
6
18
12
6
45
17
30
58
51
44
33
42
19
18
36
57
9
38
34
51
4
56
43
53
21
52
50
38
58
25
62
6
15
57
34
41
53
5
5
0
53
27
40
36
44
36
48
2
31
56
0
48
33
53
31
15
44
42
8
13
11
52
55
56
28
1
22
39
16
32
3
3
56
62
42
10
48
44
3
27
63
55
35
57
3
3
46
31
8
48
11
48
54
60
7
40
23
61
54
37
59
17
37
11
53
22
16
19
28
55
24
30
6
58
4
57
57
16
3
59
11
26
45
10
18
40
34
44
48
16
51
59
34
45
32
27
38
58
21
55
17
53
17
49
53
10
38
47
8
25
11
14
12
3
59
17
2
33
37
22
13
50
23
27
60
50
55
38
48
42
60
62
33
43
20
10
3
35
35
14
37
23
21
1
55
32
39
58
29
43
34
60
54
37
44
37
51
14
30
45
25
37
62
