10
43
5
11
32
33
48
27
23
15
28
25
15
30
8
2
42
16
25
32
18
12
7
45
17
8
25
6
50
26
18
56
49
41
47
33
22
55
15
43
43
2
5
47
53
16
2
23
56
37
44
31
26
10
15
22
23
26
25
31
39
0
39
2
33
8
14
27
2
38
36
33
23
30
33
50
9
32
6
58
55
2
32
47
52
46
54
42
63
47
26
2
1
56
12
37
12
13
47
7
35
9
36
20
31
22
16
27
52
36
40
62
14
36
33
3
35
14
27
62
35
36
1
2
43
48
47
47
4
14
28
30
47
16
40
62
19
59
41
53
36
35
43
62
43
59
52
45
48
11
46
25
13
8
56
5
16
33
51
55
47
19
7
51
18
52
16
4
38
63
19
24
20
45
13
44
50
50
20
44
40
45
24
21
56
21
18
5
16
4
13
14
42
12
40
59
41
19
35
23
41
31
1
14
60
7
53
32
55
15
49
30
39
29
36
6
16
4
26
37
57
62
20
26
6
11
15
24
48
37
4
18
32
33
2
10
3
36
3
28
16
57
43
3
4
53
41
49
9
24
53
43
31
47
11
40
45
47
46
61
23
43
56
57
1
44
41
9
22
46
46
30
34
45
53
17
33
30
57
42
33
7
10
42
30
1
55
26
14
37
20
33
52
33
25
60
45
59
62
24
24
25
0
1
29
63
47
19
44
33
18
3
54
22
55
28
0
0
34
51
44
4
18
50
40
20
34
1
39
17
55
53
50
46
56
41
63
37
54
23
35
51
36
42
52
15
1
48
35
12
27
42
46
10
29
22
49
37
46
12
38
16
54
9
61
5
29
7
1
14
36
61
44
30
38
1
24
32
56
49
41
34
3
46
11
52
59
20
43
14
39
51
22
32
46
12
37
10
22
63
39
43
8
15
50
52
20
40
38
35
47
13
13
22
43
29
39
7
31
57
59
31
49
42
52
58
4
63
0
29
59
31
9
21
6
53
26
23
21
63
40
28
63
23
9
55
5
48
46
12
49
37
29
8
54
43
46
39
61
40
1
33
60
52
45
6
12
54
25
10
2
24
22
2
12
36
38
51
40
25
60
19
32
18
41
14
11
33
18
32
21
57
37
18
9
62
59
21
57
61
34
7
44
13
16
11
0
52
51
17
21
0
4
61
27
41
4
8
15
23
40
31
40
20
36
9
19
46
18
43
46
51
7
62
44
13
35
23
15
30
45
34
12
38
19
31
59
58
5
60
51
15
18
49
9
55
45
16
48
21
37
10
60
45
57
57
7
8
17
37
1
55
59
19
1
48
24
63
43
42
18
26
47
38
32
20
60
30
46
1
59
44
50
50
4
6
48
4
41
61
9
59
57
56
35
36
6
49
10
41
21
55
51
49
14
50
2
23
6
29
45
11
39
10
2
17
55
21
23
24
44
14
8
15
2
21
57
55
17
56
10
4
8
44
25
38
8
19
41
59
58
2
5
55
34
6
3
6
29
25
51
55
16
20
60
25
19
34
7
11
57
43
54
16
9
11
62
21
51
22
35
24
55
17
28
34
38
3
26
16
58
47
20
5
39
36
15
58
61
16
30
58
10
59
60
21
27
3
52
6
34
26
54
46
53
63
6
50
6
16
43
62
7
3
43
34
21
7
27
25
13
44
21
35
42
5
42
40
55
49
12
27
42
53
17
47
18
41
2
34
33
51
12
51
48
61
17
27
20
0
58
17
56
3
26
60
6
5
27
37
60
38
38
43
58
44
20
42
57
28
11
2
29
48
48
51
38
17
59
59
25
37
29
12
9
44
58
7
18
32
51
55
23
60
17
21
10
29
60
19
6
50
13
47
34
14
47
41
44
28
31
24
15
13
17
4
11
44
31
24
14
53
34
9
10
4
44
60
39
57
52
26
34
54
48
22
54
34
26
29
53
28
5
32
54
28
15
10
61
62
38
13
52
41
32
13
49
11
54
7
4
0
50
24
41
12
16
39
15
41
26
14
58
20
0
54
5
28
42
37
27
24
14
1
56
57
56
35
16
38
47
63
5
33
46
61
8
13
31
22
27
40
18
2
20
24
49
55
42
29
23
54
36
61
39
23
25
60
12
29
13
7
5
3
60
60
53
20
61
58
31
12
20
48
0
61
31
2
59
44
39
28
56
59
47
61
49
24
12
25
14
3
63
11
31
5
0
3
38
0
50
48
44
46
30
8
10
8
30
31
36
62
11
13
24
59
35
60
30
15
12
8
31
24
31
51
14
56
0
49
28
17
60
43
48
38
7
32
28
27
16
26
57
56
37
61
36
9
44
48
60
49
35
35
26
11
56
6
19
13
42
53
39
7
57
53
38
22
23
26
6
41
58
42
37
58
55
63
13
48
8
63
14
36
16
8
22
59
8
10
13
30
12
28
63
24
55
54
36
35
37
28
19
3
37
31
62
15
29
52
56
49
36
50
6
0
61
9
2
23
57
29
26
42
27
29
32
14
30
46
39
57
17
28
62
18
51
8
7
54
45
61
9
30
10
50
35
52
4
2
22
22
33
5
48
18
63
14
34
32
41
63
28
19
9
15
62
52
49
11
50
48
60
40
15
49
45
39
24
10
42
3
21
53
57
22
40
45
51
56
41
33
21
53
45
6
26
6
9
60
9
44
11
4
29
38
42
63
35
12
2
63
9
3
58
61
47
45
39
0
57
21
0
20
41
40
51
49
14
34
1
54
28
63
19
29
62
39
52
44
47
48
5
18
3
1
27
3
43
14
52
1
25
38
58
46
26
53
1
25
8
3
56
5
29
0
8
4
24
37
34
54
61
35
3
12
20
19
10
19
9
63
51
36
40
29
18
13
30
39
41
4
1
13
37
50
34
17
32
10
33
45
53
23
7
28
28
50
28
27
1
51
35
18
23
38
61
62
25
11
26
40
62
16
38
19
17
40
21
49
49
34
63
11
25
50
54
31
20
20
54
50
46
61
58
22
30
27
5
27
3
23
19
1
16
17
0
21
52
8
27
7
44
41
42
22
7
23
10
10
34
5
32
30
0
56
0
30
58
48
21
45
58
54
58
58
27
18
62
45
36
52
0
33
39
59
4
53
46
5
13
53
53
19
42
39
62
11
56
32
37
54
62
50
42
22
25
52
19
62
17
16
32
4
34
63
33
57
22
58
15
58
31
30
6
32
25
55
26
