10
38
6
10
46
36
34
4
1
5
14
4
11
18
9
0
39
20
8
36
21
7
20
39
13
9
4
17
43
12
3
30
26
46
38
33
18
30
11
41
46
17
3
38
34
19
8
23
30
38
32
15
23
6
23
18
23
15
18
17
24
11
41
12
25
4
10
18
8
38
39
41
18
11
24
43
11
36
16
43
29
12
24
29
29
28
41
41
33
31
13
0
7
24
7
42
18
5
29
11
45
0
38
21
15
18
20
21
47
46
36
45
2
39
47
3
28
1
21
25
37
38
7
6
46
29
40
40
11
11
14
17
40
20
28
27
15
43
41
31
39
45
34
25
45
24
46
47
32
22
31
8
15
20
26
20
16
28
31
31
28
22
1
32
19
46
19
16
38
34
23
13
18
30
3
40
44
43
21
44
36
47
23
23
24
23
18
22
20
6
5
15
40
0
41
43
46
19
28
13
34
6
16
13
33
11
35
44
37
0
35
15
27
19
38
20
19
9
14
42
29
40
22
14
0
12
6
17
27
42
22
18
38
28
23
6
6
40
9
12
20
31
38
7
4
47
41
35
1
17
32
44
6
31
2
25
30
44
37
27
8
37
26
34
10
25
41
10
4
34
28
0
46
45
47
13
42
13
37
39
29
9
22
25
13
11
33
12
5
44
22
36
29
41
18
27
40
27
32
17
3
8
10
9
17
26
37
5
37
37
19
6
33
18
32
14
16
9
47
32
34
12
21
43
36
23
45
3
44
13
34
32
43
25
30
41
47
42
26
7
25
32
43
30
29
7
7
29
45
0
21
41
36
10
15
23
34
31
24
7
24
2
34
17
26
11
20
11
23
2
40
43
30
8
27
7
17
40
42
35
24
42
6
36
7
46
29
22
40
11
39
35
8
36
28
0
36
11
18
36
39
39
7
4
43
32
4
29
43
33
41
17
14
3
30
20
42
9
6
31
27
6
33
39
46
25
2
30
18
17
43
16
11
2
16
35
17
7
5
29
41
12
38
13
3
30
11
31
28
21
33
40
17
15
25
39
28
47
26
36
10
42
35
30
47
11
0
35
8
6
12
13
22
8
2
47
42
45
39
1
25
5
44
21
34
1
4
33
13
28
5
25
39
21
0
37
27
6
33
27
45
20
44
3
20
2
10
29
35
0
5
10
3
24
18
38
14
15
1
3
41
2
36
22
42
11
1
37
3
40
40
32
6
40
47
3
27
2
19
8
30
46
16
47
1
16
29
25
14
25
31
21
23
33
1
30
36
12
32
21
26
13
25
36
31
33
21
4
13
42
17
26
24
1
23
32
20
29
40
24
21
13
40
47
43
22
44
4
29
16
29
26
44
43
10
1
31
23
34
45
3
44
33
44
47
39
18
34
4
24
2
29
26
27
9
43
0
20
8
9
47
2
39
4
8
0
32
23
17
16
34
15
0
16
1
21
27
33
13
26
10
14
16
45
8
41
15
19
34
44
24
8
1
37
46
6
6
4
13
8
24
32
19
21
27
6
23
47
11
2
33
30
29
19
10
2
31
19
32
18
25
15
31
13
14
36
24
0
7
18
24
37
23
8
36
29
7
44
45
22
3
44
1
35
35
15
12
3
32
7
46
19
33
25
46
33
10
37
4
20
40
40
14
6
40
46
23
11
4
21
21
37
19
38
47
5
28
28
29
35
2
4
39
42
16
28
21
37
2
36
41
31
13
31
34
40
12
16
3
14
42
16
30
6
13
36
6
10
13
34
27
44
24
39
44
40
22
45
33
15
2
12
17
31
44
44
30
16
47
43
20
42
16
5
11
42
24
11
19
26
24
34
9
35
17
19
1
7
27
12
20
43
17
37
46
9
35
41
40
3
8
3
1
0
13
16
7
40
15
8
1
24
45
9
14
4
27
46
37
41
30
19
35
26
32
15
38
46
14
15
32
14
14
43
32
9
0
1
26
25
42
2
46
34
26
19
27
2
26
20
13
15
32
1
41
10
16
40
5
24
14
7
25
23
9
37
7
17
28
39
21
17
5
9
26
24
26
45
22
28
38
39
3
40
24
44
9
17
15
22
16
31
18
1
22
17
35
35
39
19
8
26
44
45
28
17
23
44
5
17
0
9
9
0
25
27
42
3
36
43
2
5
22
32
10
40
8
0
27
47
37
14
30
43
37
26
35
12
2
16
10
3
36
9
16
5
14
6
24
10
43
42
40
41
18
4
11
9
17
17
38
33
7
5
15
46
25
27
11
7
5
11
8
13
20
31
5
42
10
33
14
16
36
35
38
38
11
36
15
4
12
14
34
44
35
28
38
3
43
45
43
35
37
38
8
5
42
6
5
17
39
47
27
11
29
46
47
22
18
19
8
24
42
30
41
42
35
28
5
34
9
37
13
44
12
10
23
27
9
1
5
21
4
15
38
20
33
34
38
45
35
4
19
1
47
2
34
7
18
29
26
35
40
30
11
15
27
15
14
13
34
20
23
39
4
12
44
5
12
29
33
28
12
14
33
21
39
7
0
25
33
25
0
8
18
43
37
46
9
8
22
22
42
14
37
21
36
2
46
36
41
26
12
4
4
23
25
35
35
19
43
35
27
32
7
26
30
27
17
15
29
19
19
46
34
22
36
30
32
27
24
37
23
34
46
10
19
1
10
41
10
39
7
2
2
42
45
29
47
7
6
31
10
6
44
27
26
30
25
2
34
23
15
22
41
40
26
33
9
47
15
26
12
39
1
23
34
47
29
47
37
33
14
21
6
3
18
7
40
10
45
9
13
42
42
29
12
31
16
22
7
6
30
0
18
9
0
10
12
47
45
26
26
25
8
0
22
20
14
21
3
32
31
37
37
3
4
5
0
37
24
23
9
19
44
43
45
12
45
3
42
41
47
18
1
4
16
31
16
20
14
32
33
19
17
28
30
45
8
5
12
32
34
19
24
21
12
38
22
35
33
35
39
2
21
46
43
8
22
22
38
31
28
28
31
3
12
16
0
13
6
15
20
2
19
20
10
21
32
1
4
11
34
42
45
22
0
5
3
1
45
9
28
21
2
27
14
22
38
44
23
30
29
32
31
25
4
20
45
36
28
45
10
29
25
46
23
30
37
14
5
31
38
20
30
41
39
5
28
43
39
33
45
44
38
18
16
47
5
39
13
12
38
11
46
32
46
41
18
31
23
25
20
20
1
36
8
29
14
