41
26
40
7
46
3
33
2
51
36
5
63
1
28
4
45
32
7
9
32
28
12
28
13
53
40
34
19
6
61
1
24
10
34
43
17
48
22
11
30
23
11
6
36
56
29
45
52
50
58
9
60
42
51
21
5
50
17
18
18
47
53
58
57
19
48
13
17
8
46
39
29
45
42
53
24
10
47
51
29
19
17
59
63
33
55
35
13
21
25
30
46
49
55
20
56
33
52
27
57
0
54
50
5
46
25
49
1
26
14
62
62
11
54
23
39
59
14
6
31
31
40
36
58
37
60
39
10
7
60
15
3
9
15
61
34
22
12
26
16
43
56
21
35
15
41
25
2
59
53
43
54
35
15
20
20
19
38
3
36
38
5
43
44
31
27
38
61
63
9
23
0
22
62
37
31
27
41
55
14
3
44
56
