2
40
54
25
47
16
62
6
52
52
3
7
1
54
16
52
63
27
2
31
21
38
10
51
61
50
10
11
10
14
58
12
56
60
61
23
28
23
13
13
20
11
62
3
60
53
38
20
17
40
59
8
50
10
18
19
58
29
37
60
25
54
26
44
59
19
32
33
49
58
5
60
33
42
11
56
60
23
9
41
46
57
25
58
35
30
45
45
35
50
18
6
54
1
33
18
52
1
46
30
45
34
21
44
17
41
27
4
63
5
24
34
37
0
7
57
61
62
4
6
29
37
17
37
10
36
35
17
39
0
58
48
62
25
11
20
10
24
15
48
47
63
9
51
28
26
4
28
62
21
39
26
23
4
42
56
53
0
57
23
22
45
50
10
33
23
36
19
6
41
15
25
43
34
19
32
41
18
2
27
39
11
12
7
13
3
43
30
48
49
17
25
20
23
44
54
41
32
0
43
10
38
57
31
17
56
41
52
13
31
4
23
44
21
63
29
61
63
47
21
38
7
16
59
40
21
14
51
52
9
51
34
15
26
1
43
16
2
6
50
45
59
33
57
29
41
14
58
15
16
38
28
22
7
56
16
19
4
58
9
41
25
35
49
7
35
46
10
14
25
61
40
42
37
60
1
4
2
17
7
25
6
22
51
27
2
63
43
24
15
35
27
31
13
31
29
11
26
30
9
50
57
23
12
58
11
32
15
25
50
4
4
53
60
18
0
51
37
61
58
41
45
59
13
52
18
49
24
14
53
24
54
50
47
16
12
4
39
14
46
22
19
26
7
46
31
0
2
27
32
49
56
24
14
57
63
39
29
26
39
51
5
12
4
34
55
55
22
50
62
33
44
9
5
25
54
17
56
31
46
33
0
36
23
56
61
26
36
4
42
41
56
5
46
40
5
60
14
49
10
10
25
42
3
59
15
54
62
43
47
24
54
29
11
49
22
56
44
55
22
39
47
9
36
60
42
49
46
13
47
47
0
57
60
30
4
42
35
31
44
35
24
5
14
43
5
2
24
59
1
34
35
1
32
35
45
31
19
23
19
2
31
42
45
3
44
6
12
26
39
39
34
53
18
11
34
12
45
63
52
53
13
60
31
27
9
45
16
22
29
55
48
24
26
28
21
22
41
11
31
28
60
53
6
59
26
48
13
3
36
8
47
17
37
20
8
20
34
2
17
60
25
23
34
39
21
43
8
3
43
3
1
60
51
32
45
5
42
42
28
46
27
44
38
51
14
26
46
63
23
56
36
27
1
57
27
45
22
33
12
22
45
24
55
13
39
63
6
20
30
1
48
50
53
8
51
37
54
8
30
46
32
34
38
5
63
36
54
0
0
43
17
32
51
55
46
6
35
52
26
48
29
3
47
8
43
41
20
54
58
16
13
62
38
8
62
54
35
42
18
39
1
33
6
33
9
52
13
35
35
32
35
17
52
22
21
53
16
34
16
60
42
13
32
7
52
37
2
49
50
20
16
53
31
3
5
46
11
18
21
5
61
27
29
3
49
16
34
14
5
59
32
54
36
0
27
29
22
8
15
55
43
18
41
40
27
57
54
33
4
31
40
6
53
13
29
55
11
49
11
13
23
38
45
44
7
44
17
5
62
4
55
0
15
61
8
21
47
55
3
46
57
28
33
54
8
52
16
37
48
8
58
37
16
13
9
63
30
35
49
47
7
15
2
58
32
41
38
50
57
24
18
39
14
15
63
20
61
51
0
46
30
38
14
50
1
26
10
27
52
1
57
49
1
3
4
41
30
48
17
36
38
0
56
21
15
28
33
44
19
48
28
23
30
44
4
37
42
31
62
12
9
18
3
34
24
3
47
13
24
23
32
28
18
47
36
19
49
1
14
14
16
36
50
53
10
6
9
63
62
20
63
21
34
22
2
46
32
47
51
25
28
43
51
47
36
18
15
21
26
22
59
8
52
62
39
13
14
63
59
56
61
41
17
20
14
55
63
36
62
36
24
24
21
2
19
20
29
8
7
2
59
28
22
19
6
55
16
23
36
54
4
46
46
43
58
60
39
12
32
33
20
29
14
56
12
19
62
9
51
53
29
47
31
14
21
38
28
40
31
26
34
50
29
12
49
2
20
30
8
36
12
40
46
33
61
28
30
56
50
21
34
37
30
32
27
27
0
1
9
19
26
43
61
31
55
55
3
15
1
32
33
1
55
11
58
52
7
36
49
52
18
27
43
62
19
54
41
43
60
5
63
41
31
2
26
15
61
22
16
50
58
18
51
11
45
45
12
13
53
24
20
35
18
35
40
10
48
14
17
27
38
54
53
57
28
7
2
59
19
40
57
53
12
40
22
12
35
38
56
1
12
36
45
45
50
1
46
7
58
10
54
61
41
36
63
11
20
5
56
48
33
28
26
7
27
56
27
56
46
40
8
27
42
21
43
25
15
33
59
56
19
52
59
44
6
44
36
33
62
6
12
23
11
53
5
6
26
23
6
59
2
44
20
3
25
2
60
50
11
10
14
18
4
36
27
17
32
39
12
29
44
25
24
47
51
34
56
53
10
37
51
38
7
48
57
38
32
49
61
44
7
26
44
10
8
51
57
35
34
0
59
61
22
51
5
43
28
39
0
24
28
53
55
22
32
41
5
55
37
50
62
47
57
49
62
5
15
52
8
61
9
37
48
17
0
4
43
37
9
47
48
29
56
38
37
38
44
19
62
42
42
6
59
18
10
48
11
59
44
31
42
34
6
60
19
50
22
43
30
4
52
36
25
20
2
11
53
60
9
7
6
47
28
48
12
16
18
10
63
8
41
33
21
7
62
47
62
44
31
25
8
47
59
8
38
6
31
52
35
31
29
51
40
54
50
49
48
39
24
2
19
48
45
5
37
30
13
53
49
23
55
40
6
55
49
40
40
42
25
61
10
19
7
26
57
7
9
52
17
20
32
57
62
15
62
38
40
40
13
15
0
48
25
45
15
28
54
1
45
9
53
29
23
12
30
41
18
11
21
30
18
59
0
48
40
40
20
43
58
25
49
33
60
39
15
43
0
5
57
58
35
31
49
25
21
5
60
58
54
4
41
34
42
42
37
24
16
17
58
61
33
7
1
39
19
2
21
13
3
13
34
61
9
26
50
38
39
24
8
12
10
2
22
45
16
3
45
30
55
15
28
39
61
55
21
33
58
9
4
17
52
8
19
40
17
16
0
46
10
36
24
23
44
35
14
29
20
58
9
34
17
38
37
8
57
23
14
63
20
40
11
59
29
3
48
55
30
63
56
58
15
39
55
61
13
30
42
46
42
29
1
3
42
60
53
27
28
30
22
36
59
51
11
57
18
51
3
