1
19
28
11
25
15
21
3
30
20
1
3
0
27
12
20
21
12
1
14
11
30
5
25
26
31
5
5
5
4
23
6
19
20
26
8
11
8
7
7
8
4
23
1
27
27
23
14
12
26
21
4
29
7
14
9
30
9
20
27
11
27
15
20
20
12
16
29
19
24
2
28
30
16
5
30
20
8
7
18
27
25
11
22
17
10
23
21
20
19
8
3
17
0
17
8
31
0
19
14
23
18
8
28
14
27
9
3
23
2
8
29
22
0
2
27
26
26
3
2
9
16
13
18
7
20
16
13
20
0
20
28
26
13
6
8
5
12
4
29
18
21
7
26
10
12
3
11
31
9
16
14
8
3
31
30
29
0
27
15
10
28
31
5
30
15
29
9
3
17
6
8
27
26
9
30
31
9
1
15
29
4
6
3
7
1
19
10
21
26
15
9
8
13
17
27
30
30
0
25
5
30
26
13
13
21
28
20
6
11
3
13
23
9
18
11
26
17
25
11
29
3
15
25
24
10
6
18
24
7
18
18
6
14
0
22
15
1
2
29
27
23
28
24
9
23
7
23
6
11
30
9
13
3
24
12
15
3
28
4
16
11
28
23
3
16
19
7
6
11
25
22
19
22
26
0
2
1
13
3
10
3
15
18
15
1
21
28
10
7
18
9
11
7
8
10
4
12
13
7
31
27
14
4
22
4
28
6
14
26
2
3
24
26
12
0
21
25
26
20
20
23
28
7
31
11
29
12
5
30
12
22
16
25
15
5
2
20
6
21
13
12
15
2
17
11
0
1
9
16
26
26
15
4
26
17
19
9
14
22
18
2
6
3
16
16
19
12
31
16
24
23
4
2
11
28
13
30
9
18
30
0
27
8
24
26
15
30
3
19
31
29
2
19
18
2
26
4
29
5
7
13
19
1
30
4
31
23
29
25
8
24
8
5
26
14
24
31
31
14
23
25
4
29
21
22
24
25
4
22
24
0
27
23
14
3
21
19
11
25
22
15
2
7
16
2
1
12
23
0
31
22
0
17
18
28
10
12
15
15
1
10
31
28
1
17
3
6
11
24
22
22
26
11
4
19
7
23
31
27
27
6
28
9
10
5
21
13
13
11
19
29
8
14
15
13
15
18
4
8
10
16
27
3
31
12
28
7
1
25
6
22
12
20
13
6
13
28
1
15
28
11
13
29
30
12
22
4
1
16
1
0
27
18
30
21
2
22
17
14
19
15
25
20
18
4
15
19
21
13
24
19
9
0
27
10
16
13
17
6
14
28
14
17
7
30
21
3
8
10
0
19
29
29
5
18
25
17
5
14
19
28
18
21
2
21
29
23
0
0
29
12
23
18
28
25
3
30
29
12
20
10
1
23
4
25
20
13
31
23
14
7
23
28
4
21
17
22
22
15
25
0
30
3
16
4
31
6
22
22
22
29
13
23
10
12
24
15
28
13
25
21
6
31
2
31
18
1
27
27
14
13
24
8
1
2
25
5
11
12
2
25
13
9
1
17
13
16
6
2
31
30
16
20
0
9
10
9
6
4
16
16
14
18
18
15
27
27
30
2
10
27
3
24
7
11
17
5
29
5
7
8
19
23
25
3
25
12
2
28
2
17
0
4
26
4
14
24
16
1
25
26
9
17
17
4
17
13
19
22
4
25
31
8
6
5
27
14
20
19
20
2
6
1
20
21
31
29
26
27
12
12
22
6
5
21
8
16
17
0
19
9
25
6
31
0
11
5
15
29
0
24
27
0
1
2
20
10
31
15
20
30
0
24
12
7
10
29
16
11
28
8
13
15
22
3
20
18
10
26
5
7
9
1
25
14
1
18
7
12
12
22
8
15
22
25
9
26
0
4
7
10
30
31
29
5
2
4
21
21
9
21
10
19
13
1
19
30
19
28
10
15
29
26
25
29
14
6
14
14
10
21
7
24
29
16
6
4
27
19
24
26
20
12
8
4
27
21
23
30
17
10
11
8
1
14
8
10
5
2
1
18
9
11
9
3
17
14
13
30
20
2
17
31
31
18
26
16
6
31
28
12
10
4
31
5
15
26
7
21
29
11
24
15
7
10
30
11
18
8
14
16
29
10
5
19
1
8
10
5
16
7
26
22
30
26
15
12
29
24
12
28
25
15
18
10
15
0
0
7
8
14
16
25
8
22
23
1
6
0
30
30
0
17
4
23
31
2
25
18
31
14
15
31
21
12
24
31
25
25
2
21
23
10
1
11
6
25
13
14
19
19
14
18
5
23
31
5
6
28
12
12
16
11
16
19
5
29
7
15
10
29
28
24
27
9
3
1
25
9
22
27
27
5
31
13
5
18
30
27
0
7
29
21
28
31
0
25
2
23
7
17
26
27
20
21
5
13
2
24
27
17
9
11
2
9
24
9
24
21
18
4
9
17
14
18
8
6
29
22
27
9
17
23
17
3
22
25
31
21
3
7
9
7
19
2
3
12
8
3
27
1
17
11
1
11
1
21
24
6
5
6
10
2
17
15
13
16
22
5
8
25
11
13
19
22
16
22
29
5
22
18
24
3
20
19
30
29
18
27
20
3
11
23
5
6
28
28
22
23
0
20
26
10
20
3
16
9
30
0
12
9
27
16
13
16
31
2
23
24
16
26
25
27
19
23
2
6
31
4
26
5
22
28
13
0
3
16
22
4
18
29
10
17
30
28
17
31
14
21
28
18
3
30
11
5
27
5
24
17
10
24
18
3
19
14
24
12
28
14
3
25
23
10
10
1
5
27
28
5
2
3
22
9
20
5
12
12
7
21
4
17
30
14
2
20
18
21
20
10
11
4
20
30
5
19
3
10
20
20
10
8
18
26
28
24
19
28
22
8
1
15
31
23
2
24
11
6
27
24
8
17
21
3
17
29
26
24
17
11
26
5
9
3
11
30
3
7
31
8
11
16
28
21
6
26
16
18
18
7
6
0
26
15
23
4
11
17
0
29
7
29
9
12
7
10
17
9
6
14
15
14
31
0
21
19
26
8
29
24
11
18
17
27
23
6
16
0
2
24
21
23
8
19
15
12
2
21
25
20
2
23
19
16
19
22
8
15
13
23
26
30
2
0
22
14
1
8
4
1
4
19
28
7
13
28
16
24
12
4
6
5
1
12
23
13
1
23
15
30
4
9
20
16
18
10
30
23
7
2
13
17
4
14
24
13
14
0
25
6
20
12
12
31
22
4
9
8
24
7
22
13
30
20
4
27
15
6
20
13
21
6
25
8
1
21
22
14
20
30
29
6
20
28
26
7
9
21
24
17
10
0
1
17
26
29
13
9
10
13
19
25
18
7
16
11
28
1
