13
30
29
30
52
32
5
0
23
23
43
2
24
48
18
37
1
41
62
33
31
21
19
43
31
35
63
58
24
45
18
44
26
56
22
25
35
4
40
47
14
20
29
8
44
35
39
8
42
25
5
20
34
6
58
40
63
25
38
27
45
7
38
17
14
48
61
18
44
62
30
17
28
20
47
20
44
58
6
16
28
23
61
39
23
19
62
12
42
25
30
45
40
51
40
32
10
61
22
57
55
52
10
39
1
15
63
19
45
11
34
54
27
28
62
1
61
7
8
24
15
22
47
53
60
1
22
1
10
8
41
34
16
29
14
4
56
7
23
37
44
60
51
13
4
27
0
30
27
28
50
7
46
46
60
10
6
37
18
11
42
21
27
32
1
41
27
25
56
39
27
29
41
29
16
47
28
11
56
1
57
26
7
43
0
58
15
38
12
27
7
10
51
44
7
24
3
53
61
61
31
56
26
34
17
44
39
55
60
34
11
21
43
55
42
61
50
61
10
58
16
58
55
59
50
41
52
21
31
12
43
35
0
33
54
40
39
2
43
59
55
53
56
60
16
40
9
61
7
33
35
8
20
7
34
4
15
28
53
14
4
11
3
4
19
2
10
49
33
63
9
32
26
6
18
57
20
38
10
53
57
57
6
42
37
29
18
43
62
50
56
10
18
44
5
52
15
15
9
41
45
55
43
1
6
44
0
14
1
15
43
0
37
6
58
6
46
52
20
16
11
32
55
25
35
4
51
43
58
36
45
50
7
15
52
59
37
8
53
44
45
20
60
16
37
28
28
55
13
58
63
48
36
11
1
44
36
38
22
17
41
49
62
39
7
16
16
61
54
17
35
47
6
8
13
60
40
16
3
46
6
39
31
30
45
26
34
7
49
24
43
54
50
50
52
12
15
5
33
11
20
40
43
61
24
8
22
29
36
32
20
44
10
3
32
16
44
26
15
58
17
42
55
31
41
30
5
16
30
51
1
54
54
61
21
13
39
63
30
44
58
1
8
61
23
8
2
11
36
26
54
38
59
38
17
47
32
54
9
46
54
32
46
31
2
32
3
42
11
11
23
44
44
38
49
59
49
0
14
39
45
32
38
33
12
62
44
62
6
14
11
28
53
59
4
47
60
59
52
63
23
52
16
0
2
29
32
25
15
60
18
13
61
58
6
27
14
7
42
25
11
33
1
37
42
20
30
54
39
6
14
16
45
31
51
21
34
63
47
14
23
42
51
17
16
17
12
62
13
1
35
21
55
36
24
61
50
51
41
60
54
60
42
57
55
13
54
25
17
9
34
57
46
41
15
38
49
56
38
32
12
30
48
23
50
4
58
38
18
38
28
43
50
16
7
16
24
0
47
15
16
24
6
5
32
45
9
19
35
0
59
46
47
61
19
56
17
49
51
19
23
59
47
41
38
63
48
49
3
7
29
48
54
47
19
42
40
39
24
57
21
4
6
4
39
3
22
56
63
26
43
37
32
38
40
62
25
27
52
38
13
37
36
16
41
18
2
9
19
53
57
50
14
1
52
56
20
38
22
18
21
48
36
21
62
63
57
63
12
35
12
63
14
46
22
22
14
37
51
24
50
19
31
31
28
7
55
23
59
19
36
18
49
63
52
35
22
38
10
33
43
40
30
23
20
12
23
32
46
8
24
36
20
40
17
27
46
47
1
48
10
10
44
29
8
53
37
24
61
5
12
50
21
16
56
18
48
11
47
40
35
4
44
61
27
10
50
43
9
14
15
48
58
6
40
37
56
2
22
60
27
8
46
60
30
59
47
48
32
59
53
35
8
38
20
26
55
18
11
63
47
8
46
23
29
41
51
9
44
52
36
21
59
22
22
40
8
23
51
21
1
2
54
38
37
21
26
14
14
2
23
8
9
56
39
28
23
19
57
5
13
36
62
21
59
52
48
55
58
50
34
2
56
19
3
28
12
35
55
24
24
62
36
13
45
26
60
51
62
10
40
13
0
60
31
36
2
13
27
39
26
45
27
23
50
34
49
45
42
28
26
60
8
62
14
26
46
20
15
9
27
21
29
49
49
39
24
63
33
51
40
11
53
19
25
32
26
17
57
42
5
46
17
2
61
30
50
13
8
4
21
41
40
62
2
48
22
53
25
41
25
48
3
54
42
2
46
41
37
23
24
4
62
12
47
17
10
4
27
52
49
27
55
17
17
35
48
43
22
52
36
59
26
31
29
51
24
52
32
47
14
56
55
41
11
38
62
4
47
3
42
29
45
42
37
11
39
39
12
7
48
19
57
27
6
51
31
13
45
14
43
28
47
9
35
25
43
37
14
32
3
33
49
28
34
49
55
59
47
47
15
20
28
51
31
4
15
5
51
14
28
3
22
29
18
12
58
59
58
43
46
48
18
29
62
10
35
57
1
39
19
12
11
12
54
4
0
41
27
50
30
26
59
10
50
51
36
40
43
28
8
59
35
31
13
53
18
45
29
1
63
18
31
19
52
31
34
37
33
39
9
58
57
30
34
30
30
34
9
3
21
4
16
63
57
27
36
36
17
48
35
58
9
46
42
24
42
3
60
22
24
19
0
1
22
19
48
54
31
29
56
30
31
48
60
17
15
54
57
41
60
57
39
21
3
31
31
46
53
32
55
52
33
0
12
4
5
28
6
36
2
12
35
60
9
57
33
35
4
39
15
3
42
25
31
31
11
9
40
62
5
43
18
27
30
45
33
13
18
39
6
13
35
5
58
22
44
23
25
17
18
21
24
6
30
15
21
45
55
50
5
20
51
13
47
10
43
62
32
26
49
7
54
2
63
44
38
62
12
51
36
0
3
13
48
13
25
49
0
12
59
36
33
60
25
34
50
42
53
45
19
36
9
55
17
8
37
53
5
2
63
0
7
12
7
0
23
53
46
51
33
28
2
59
55
42
20
10
0
7
24
2
46
61
25
7
10
5
31
16
60
10
0
50
35
45
3
6
29
52
58
37
25
58
56
56
3
56
18
25
13
5
43
22
9
20
44
35
19
27
11
60
5
23
53
53
40
13
59
51
55
5
55
50
47
41
37
45
10
1
40
33
51
49
47
33
61
33
25
3
5
20
57
33
53
0
52
55
27
54
37
0
63
3
20
45
52
17
5
42
14
49
7
20
4
58
53
33
34
2
24
56
33
19
3
6
34
57
12
30
9
26
34
41
34
15
6
34
9
7
52
29
18
49
1
62
22
4
29
39
59
18
9
4
3
26
54
48
5
32
49
10
46
15
36
26
3
16
29
9
28
15
14
8
34
48
22
2
0
61
37
49
19
54
44
63
13
41
2
58
17
28
40
10
61
33
21
30
49
28
57
53
61
53
26
11
56
34
15
63
8
57
26
41
21
28
25
38
63
56
1
23
