75
7
53
12
24
2
64
12
10
27
2
73
19
3
13
56
34
73
0
78
49
73
69
37
24
6
57
24
26
61
11
18
73
37
14
37
69
64
64
22
62
54
67
24
1
76
58
24
12
47
40
18
30
79
31
70
10
5
12
30
77
36
4
48
58
56
9
59
50
59
27
31
5
66
32
9
43
42
62
71
18
76
21
41
31
41
53
42
63
54
39
6
72
55
57
79
14
74
20
3
71
12
36
24
11
43
66
2
22
35
19
0
70
43
30
74
2
38
44
41
73
60
76
47
30
61
72
54
79
63
25
6
16
32
29
30
11
33
24
15
1
64
42
44
59
52
58
33
79
55
33
37
67
23
47
71
35
33
76
31
42
2
46
1
41
0
22
55
37
23
33
2
36
44
29
49
31
51
42
7
18
41
67
43
48
17
27
77
50
24
21
25
32
27
59
23
17
9
78
78
62
78
42
73
28
6
34
50
21
0
54
13
14
65
39
44
71
35
7
24
31
74
32
26
36
0
33
29
44
14
69
60
16
54
24
43
1
70
14
48
56
14
62
17
59
55
0
68
45
29
25
69
78
57
60
0
64
43
54
47
7
13
19
37
41
11
71
50
73
17
50
33
79
59
63
31
49
12
77
72
77
73
45
10
31
75
3
70
60
75
40
28
42
12
33
52
60
70
26
30
63
3
41
18
78
70
1
65
8
53
77
60
34
48
71
58
0
61
59
24
56
78
57
73
60
56
31
77
74
68
64
66
52
17
15
50
66
63
68
56
57
66
68
25
16
26
12
25
53
17
17
74
68
78
73
32
69
1
53
51
76
23
2
39
23
29
15
35
66
60
59
54
6
32
39
27
36
79
70
4
57
71
12
4
3
35
61
18
52
34
32
56
50
29
77
50
32
78
63
74
68
59
58
65
10
76
33
15
54
0
69
76
70
26
20
30
15
18
40
36
69
60
67
62
19
14
50
30
52
52
56
67
19
2
62
37
36
66
48
47
60
6
66
11
12
62
35
8
9
20
23
53
47
2
55
45
50
40
69
1
22
75
6
36
25
8
25
70
28
2
27
40
24
19
56
8
26
30
24
9
9
49
21
71
4
44
72
60
11
45
34
74
36
22
10
55
27
58
75
13
68
3
8
47
73
6
48
49
53
12
74
75
8
34
79
63
71
77
48
11
42
22
48
29
38
18
44
75
22
7
56
51
24
72
56
23
37
36
1
11
76
33
35
31
49
6
28
56
49
20
4
9
31
65
8
79
39
32
56
18
59
63
76
48
23
9
58
40
44
65
9
44
75
6
46
74
63
58
41
74
31
27
13
79
47
65
7
79
75
16
34
50
22
34
47
74
37
18
63
5
3
71
27
57
9
72
0
64
39
21
15
51
73
4
28
35
41
78
62
33
25
60
56
68
36
74
29
50
70
34
8
37
51
79
22
20
63
15
42
58
16
38
21
49
46
48
31
48
65
26
51
23
37
49
49
22
57
66
54
28
16
11
33
58
25
14
75
48
11
18
65
44
20
10
51
21
8
35
18
13
10
59
67
72
63
73
6
29
36
46
79
14
34
22
2
79
3
26
74
5
21
41
58
61
18
7
17
51
13
51
5
9
20
15
32
20
76
53
44
48
65
54
71
19
1
4
48
66
71
76
62
30
33
8
8
45
67
8
78
10
40
39
9
39
45
64
47
38
41
0
64
4
9
46
17
28
29
61
52
49
52
47
39
11
72
72
69
10
19
51
37
14
57
59
17
58
3
72
46
12
61
65
75
25
52
13
5
56
20
10
4
46
61
9
9
53
0
63
4
73
68
55
3
34
44
19
39
37
15
65
9
55
12
70
69
70
21
19
39
42
10
18
3
55
38
11
26
20
16
32
4
28
8
13
23
70
27
76
38
12
40
44
56
19
7
24
52
3
6
70
54
7
16
67
54
22
5
29
2
2
11
18
67
37
43
78
47
5
15
57
38
60
60
37
33
72
20
79
43
20
5
65
23
34
41
35
57
5
71
54
5
79
3
49
27
55
2
77
79
14
20
1
32
11
49
76
15
12
47
42
0
9
29
34
28
10
61
73
1
76
51
51
39
26
39
59
42
1
56
19
70
22
65
49
30
40
38
64
75
59
45
44
50
14
45
19
56
41
68
4
70
42
74
23
10
62
11
29
50
76
1
19
62
8
74
33
10
6
29
21
5
52
15
6
27
16
52
68
32
49
45
23
3
65
20
35
67
38
38
44
29
70
62
30
50
69
3
61
17
52
21
57
79
64
11
51
23
54
35
25
14
21
39
72
77
22
36
75
77
14
61
46
53
18
67
78
30
55
65
68
55
77
78
64
15
10
43
51
74
30
4
66
4
6
45
28
79
44
31
68
7
65
57
13
40
73
74
47
16
7
37
25
64
78
63
27
46
34
71
52
13
72
43
62
47
45
55
72
63
49
42
15
24
76
58
43
29
35
61
71
43
72
64
27
57
69
10
28
23
35
25
8
43
14
73
38
53
48
35
64
7
69
38
50
71
71
43
26
13
43
16
45
53
26
4
61
26
13
19
8
55
48
55
66
24
59
41
40
66
44
6
43
53
57
17
45
23
21
65
5
28
46
13
58
52
69
28
42
77
14
5
8
46
52
32
69
3
58
53
75
53
77
0
60
33
69
31
26
1
57
38
2
64
54
27
67
54
26
39
67
36
68
14
5
67
0
36
34
16
28
22
5
63
14
45
62
47
61
16
23
66
49
51
34
58
17
43
49
12
32
68
43
54
60
48
33
20
61
17
47
32
45
31
21
13
75
78
25
17
67
50
20
13
75
71
42
78
41
9
13
76
55
69
52
25
38
67
38
59
15
16
28
74
7
45
0
27
51
11
54
51
40
69
12
21
16
68
66
46
6
41
44
23
62
20
37
19
11
29
46
25
22
3
66
4
4
41
26
62
1
72
45
35
7
21
77
1
68
16
61
10
53
35
16
63
2
18
57
15
64
75
28
3
45
58
59
59
17
30
36
5
33
9
22
28
39
72
25
28
54
49
60
36
21
4
19
51
13
36
6
0
18
38
76
19
42
46
67
7
40
16
30
77
7
66
26
39
33
40
73
55
66
69
39
38
17
26
7
32
15
30
34
1
63
29
46
78
46
27
53
40
79
64
31
40
77
58
61
2
40
31
38
24
46
62
