15
2
4
20
20
30
7
26
29
12
26
14
2
20
19
23
31
4
13
26
15
31
24
28
25
4
14
10
7
2
10
17
3
26
13
26
4
23
6
1
23
27
17
10
10
23
1
23
21
0
28
18
2
21
14
17
16
12
22
26
2
21
17
19
2
19
9
16
20
8
4
20
31
21
30
4
25
6
28
27
2
28
2
26
6
0
7
2
15
19
7
28
12
22
8
29
6
12
12
10
16
13
21
19
30
10
18
18
27
31
11
3
11
29
26
24
1
9
26
10
11
28
13
23
23
24
2
29
29
20
6
5
9
3
2
21
24
2
30
17
3
14
22
19
5
4
30
4
7
24
23
3
15
2
4
26
28
11
0
15
1
7
23
3
25
28
5
4
12
30
16
19
14
5
29
10
1
29
15
27
25
9
12
15
9
30
23
12
15
11
4
18
17
16
27
19
3
2
31
1
22
21
18
19
22
20
9
19
17
26
8
5
17
15
15
31
20
14
18
17
10
6
0
21
0
1
5
14
12
28
8
18
13
5
12
14
8
17
0
6
6
24
1
21
13
31
13
14
9
14
23
6
11
29
10
28
18
7
7
7
13
25
10
2
4
9
28
21
13
31
25
20
30
3
12
31
1
6
20
27
7
31
15
11
8
1
11
14
26
3
29
7
28
11
1
0
23
0
25
20
11
25
25
15
17
23
21
7
31
20
6
25
1
30
12
29
12
10
21
9
7
28
26
9
23
2
28
22
17
26
1
10
1
12
5
10
25
24
2
26
10
20
4
15
31
19
1
8
11
26
16
25
4
23
21
17
0
16
24
17
15
28
5
24
9
9
17
28
29
18
12
10
14
18
4
1
22
17
22
29
19
23
13
5
28
7
26
9
6
16
25
13
30
21
11
3
6
19
30
3
29
13
12
25
2
12
11
30
13
12
17
7
25
5
30
25
18
21
24
5
0
13
15
25
30
12
30
8
25
1
7
25
21
30
30
8
28
13
12
9
18
12
15
2
29
28
1
31
3
3
20
29
25
23
19
6
26
24
24
5
21
3
5
5
30
12
0
8
7
14
25
25
9
11
6
8
2
0
16
3
0
0
18
7
27
12
11
19
9
9
3
25
15
10
15
19
29
10
30
1
18
10
0
0
3
20
0
24
2
22
10
29
7
21
0
5
19
12
26
29
13
16
2
1
14
23
1
24
28
6
11
27
12
22
14
22
25
24
14
29
27
31
21
1
28
7
21
14
19
25
20
18
18
28
14
26
26
29
23
20
4
24
17
15
22
17
20
30
14
15
20
11
0
29
9
25
4
7
23
15
21
7
3
21
1
2
16
8
8
2
16
3
13
10
15
25
10
25
31
0
27
26
24
17
4
29
7
29
22
29
31
13
0
12
17
12
19
9
28
11
20
31
19
1
26
11
14
23
12
0
16
5
3
27
1
23
27
7
17
24
13
16
16
18
21
6
4
5
26
5
28
8
15
13
29
25
25
12
6
27
24
11
26
2
6
18
5
9
28
21
23
10
15
3
27
17
28
1
4
11
14
1
14
29
1
0
29
26
10
0
28
16
20
31
6
6
0
11
20
27
9
18
22
12
20
18
16
13
3
27
19
29
19
23
15
23
29
27
20
4
8
5
3
3
22
14
22
0
22
17
15
7
7
27
4
7
9
30
9
9
16
8
5
13
27
7
18
28
12
8
4
23
7
28
20
0
3
5
22
10
28
29
13
10
5
21
2
22
15
30
22
23
22
30
30
9
31
6
11
0
8
18
31
1
23
17
5
21
16
22
2
2
22
8
19
10
27
20
15
20
13
9
15
4
23
12
29
13
5
3
6
0
11
18
5
19
2
24
22
20
9
17
16
31
10
15
28
29
30
16
10
18
5
16
29
19
20
22
30
22
21
7
1
19
22
8
6
13
18
3
17
5
26
30
24
8
12
14
24
5
11
8
30
20
3
25
23
15
25
23
6
30
25
17
19
7
24
5
18
0
11
20
0
21
22
16
13
11
19
7
18
26
12
29
1
24
13
26
31
8
27
21
14
31
23
7
27
13
26
0
4
26
11
3
3
14
14
4
4
27
22
25
13
18
14
18
8
6
5
10
21
2
30
31
15
22
1
28
10
5
28
30
7
29
5
12
15
1
15
4
24
27
10
9
22
8
26
3
30
16
26
19
26
20
30
26
2
30
21
21
28
14
16
0
8
6
6
22
2
14
31
16
9
22
17
8
27
9
23
31
11
12
29
10
8
16
4
19
15
14
30
24
7
8
23
21
22
5
10
0
6
4
19
21
16
7
19
31
7
22
30
2
26
17
24
17
9
28
7
26
29
21
16
15
13
20
16
10
30
5
27
16
18
26
27
9
19
4
27
20
18
5
26
25
13
23
10
28
9
2
1
24
9
18
10
25
28
27
9
25
23
28
1
17
2
0
7
18
6
24
7
21
4
22
5
22
24
15
6
14
29
24
15
24
3
4
11
16
19
11
6
2
27
6
19
9
28
18
27
0
3
20
19
16
3
8
31
4
13
24
2
9
1
22
24
10
19
4
26
20
27
25
5
30
21
27
18
27
27
4
0
18
1
22
5
16
31
0
22
12
8
20
12
24
11
22
23
22
27
11
1
3
7
1
6
19
25
31
15
14
9
20
8
18
11
26
8
31
25
27
17
6
10
30
28
8
18
11
4
13
13
29
27
3
8
29
16
13
4
31
0
17
6
17
25
2
16
10
0
17
1
6
16
13
5
22
3
3
14
19
8
18
28
14
25
1
8
17
20
13
26
31
23
13
15
14
27
15
9
29
11
14
12
23
14
20
6
1
25
11
9
30
14
2
16
0
28
0
29
6
6
14
9
21
11
2
9
25
27
31
9
14
23
18
31
12
21
5
16
23
27
6
10
4
12
4
17
29
20
24
16
24
14
28
16
0
18
20
4
11
10
8
9
26
8
6
19
27
1
7
3
18
31
24
4
29
24
25
8
15
5
31
3
17
23
24
17
11
14
24
8
27
1
3
21
28
7
11
13
24
15
14
31
15
31
25
13
31
27
16
2
9
3
26
2
12
7
23
10
10
30
19
0
10
22
13
20
20
8
23
7
2
6
19
19
0
21
6
31
13
11
31
22
5
16
4
26
9
16
17
6
3
10
16
22
29
2
11
29
2
14
2
31
30
5
18
17
20
12
21
21
20
4
1
0
11
14
11
30
12
27
13
5
0
17
30
8
17
3
19
15
24
24
27
7
31
13
23
8
4
31
12
11
17
18
3
23
8
26
18
18
16
28
24
12
21
31
24
13
17
4
30
31
6
21
21
15
8
19
28
19
30
3
