2
22
31
10
1
13
0
1
11
16
12
9
6
3
15
7
30
19
10
16
4
8
25
13
20
29
4
17
5
1
1
25
23
9
17
29
13
20
27
30
7
14
19
1
29
4
24
17
27
21
3
22
26
27
23
19
8
28
16
23
23
11
25
12
0
29
21
9
3
15
21
6
23
0
13
6
21
19
14
5
18
30
4
6
13
10
26
3
14
25
2
28
30
8
31
5
16
2
8
21
7
4
31
22
9
7
26
5
15
19
22
14
3
27
4
20
22
28
28
25
6
0
10
30
16
0
26
11
15
20
14
1
16
5
29
11
17
27
8
18
25
11
13
12
17
2
11
7
13
15
9
18
31
22
20
24
27
5
24
12
10
19
21
8
31
31
18
24
26
6
29
18
24
28
28
31
9
26
18
2
0
20
7
23
3
10
14
24
30
2
15
17
12
