26
50
22
3
24
40
6
1
63
30
1
30
5
44
47
10
20
5
14
63
3
2
47
57
10
9
55
40
46
12
43
61
63
45
17
22
42
25
57
33
17
58
19
27
36
32
51
19
34
23
13
5
2
7
19
62
32
62
1
58
30
41
38
20
48
8
14
44
11
33
16
6
11
40
42
60
35
5
17
38
46
24
9
60
44
11
61
49
56
15
37
55
48
27
31
42
29
57
15
24
23
2
23
34
17
2
52
27
23
48
51
36
33
35
39
22
28
28
7
46
50
60
53
62
3
15
21
45
59
12
26
55
59
0
56
31
49
57
39
58
41
32
18
53
25
29
61
13
3
10
34
55
39
37
14
49
52
9
8
43
6
18
39
31
50
31
29
26
52
37
36
38
53
0
54
15
43
50
47
35
20
12
18
47
7
12
20
59
16
28
25
21
54
63
45
8
54
41
4
