44
59
49
52
63
1
54
7
39
14
37
6
52
51
58
42
31
59
56
52
16
42
31
59
9
11
5
63
33
60
47
12
17
39
16
50
56
17
5
63
27
37
1
17
60
18
15
39
50
62
50
62
35
8
12
19
53
51
55
35
45
25
34
32
40
54
45
24
54
52
33
55
46
45
41
41
50
41
36
50
11
27
60
48
12
9
16
13
41
29
20
25
45
33
3
15
26
30
11
16
4
17
62
12
3
1
42
31
6
51
43
36
15
58
35
22
46
3
61
11
53
47
51
4
58
63
63
13
3
50
3
5
36
34
22
24
9
28
8
3
8
49
15
19
27
5
53
38
13
58
46
27
51
59
16
40
20
41
55
52
55
1
0
50
0
17
56
59
57
15
40
31
4
8
7
51
6
28
29
19
29
62
35
14
13
42
36
2
20
40
60
33
58
26
23
25
7
21
35
43
28
23
2
63
36
0
43
28
10
29
9
60
51
42
60
30
28
1
47
52
22
42
14
42
54
35
31
61
37
53
52
11
30
48
61
58
11
4
29
7
47
58
20
50
53
29
35
26
19
2
23
47
14
31
4
16
54
55
39
45
25
17
52
49
4
16
7
36
20
21
0
20
53
0
63
5
60
39
11
40
53
23
16
49
56
38
53
57
6
31
2
61
11
18
25
5
22
24
60
25
29
35
61
28
24
30
61
48
58
36
15
44
24
7
28
21
37
1
16
55
34
63
37
27
32
17
13
43
21
44
62
1
11
50
36
58
59
37
27
23
7
19
17
30
35
47
10
5
37
36
21
34
54
51
30
32
28
3
43
11
45
43
6
20
56
46
2
23
28
57
29
34
39
60
42
26
12
34
12
63
47
58
8
48
39
55
42
25
39
23
61
6
27
46
50
21
14
38
33
25
41
59
43
63
6
14
6
13
48
44
30
16
49
18
54
46
57
38
19
53
46
13
62
2
27
28
47
1
23
10
38
57
29
21
34
15
44
46
22
42
7
45
1
32
25
38
50
0
39
40
40
41
43
62
32
57
35
54
4
59
43
20
41
24
23
24
5
41
56
46
44
17
56
30
10
55
55
62
58
41
31
6
12
57
35
21
44
27
32
32
22
22
41
51
46
26
37
41
17
14
25
19
45
36
40
22
38
54
28
46
54
0
46
38
29
20
8
31
47
13
56
40
54
36
62
62
20
28
16
5
41
41
51
18
53
8
28
44
23
32
58
17
14
23
20
60
41
30
63
34
11
48
3
30
7
37
32
62
53
26
53
1
32
33
10
8
20
22
45
23
36
14
31
33
62
40
26
17
22
27
17
21
7
63
6
61
38
24
11
23
24
32
27
35
43
45
49
36
40
61
27
15
10
32
19
40
16
34
40
39
25
22
37
50
39
54
21
6
31
34
49
59
1
55
57
5
0
56
0
38
61
21
48
32
24
22
40
43
27
0
18
43
5
43
50
20
38
4
15
61
54
17
31
9
56
43
54
23
32
43
41
39
53
0
34
18
32
25
33
20
20
0
37
21
36
25
54
11
1
62
49
27
6
12
0
18
12
52
54
52
34
20
5
37
54
56
15
52
3
49
40
46
42
16
10
18
36
30
24
9
32
35
53
3
55
47
55
11
13
19
58
7
43
4
5
21
7
9
62
6
55
5
55
2
48
40
30
6
7
63
55
41
39
13
51
5
29
4
10
0
45
48
10
35
4
61
56
14
55
8
0
50
54
1
18
34
39
21
35
24
44
31
59
61
11
13
45
13
48
8
52
27
12
18
3
9
4
40
25
12
35
29
41
56
23
18
8
2
55
2
6
50
14
53
10
16
16
56
42
8
10
29
19
37
48
23
23
22
21
36
26
1
11
13
62
19
6
29
33
35
34
47
39
34
17
33
34
37
7
39
61
7
13
63
2
33
8
49
57
48
62
12
56
51
21
58
44
33
38
45
5
18
1
52
39
54
4
58
18
34
12
8
39
8
8
3
33
31
23
63
12
7
44
30
37
13
26
54
37
18
9
25
34
21
48
59
33
53
44
61
11
44
26
47
45
36
25
15
39
10
60
40
28
56
51
53
49
41
18
58
48
46
12
32
5
22
14
47
51
61
45
42
47
26
2
56
42
28
59
44
35
11
31
29
42
47
32
11
37
56
59
60
38
30
46
9
27
0
55
59
32
48
60
51
18
20
27
29
52
61
60
14
1
37
1
49
9
30
19
36
48
48
49
52
57
24
22
47
31
31
15
33
7
26
38
21
6
18
48
30
3
40
55
27
62
60
27
43
38
34
2
32
58
39
5
61
13
52
50
46
28
53
0
50
44
17
28
27
50
47
42
46
61
9
45
1
41
51
10
59
13
31
60
37
43
46
36
50
4
26
24
12
0
14
44
23
17
21
13
26
37
53
26
57
52
42
51
36
19
10
33
44
63
10
52
22
49
6
60
22
44
14
9
13
9
23
25
21
31
47
11
12
31
12
22
49
60
34
57
5
24
62
28
63
38
8
33
19
44
42
17
4
56
10
37
63
38
29
25
48
53
0
18
11
45
17
23
29
24
61
55
14
47
15
34
14
22
26
13
33
9
14
10
56
56
47
53
32
9
2
31
47
60
2
57
2
2
15
47
35
2
1
28
12
9
0
22
24
20
25
50
19
2
37
15
57
57
55
16
19
25
36
15
33
7
40
58
49
51
3
53
18
26
57
6
42
8
1
16
54
63
24
3
52
42
16
58
63
48
10
19
54
46
33
19
34
22
58
16
58
49
62
45
60
5
41
61
45
52
51
12
17
3
29
40
45
48
50
62
33
43
18
44
4
62
18
50
57
4
30
57
20
46
0
5
6
27
14
13
4
5
12
51
2
14
0
18
61
2
45
51
30
59
25
55
4
48
20
45
6
9
7
15
44
22
57
38
59
59
30
41
49
15
36
62
7
15
24
8
4
38
35
57
26
3
32
55
7
19
15
11
24
49
40
29
60
2
2
16
23
35
39
14
43
57
27
39
63
15
63
24
7
58
12
38
47
9
1
10
30
44
8
43
8
46
28
19
31
9
35
39
38
43
21
59
46
4
3
15
30
51
2
59
59
52
17
42
16
17
16
6
48
30
19
3
9
13
29
7
63
24
26
10
19
57
3
14
56
8
29
26
1
60
38
20
15
10
28
31
21
23
26
59
26
3
20
33
49
49
4
52
9
10
42
24
28
