21
25
26
21
17
0
23
2
17
5
18
3
24
24
30
23
10
24
31
21
9
28
11
22
4
4
3
20
16
31
16
5
12
18
9
31
31
11
3
18
15
27
0
11
18
12
7
22
30
18
19
21
22
4
7
12
30
17
26
21
19
12
17
20
21
27
23
11
17
30
16
30
29
19
25
31
21
22
24
17
6
15
29
26
5
4
12
5
26
8
12
13
18
17
1
5
9
10
6
9
2
14
18
7
1
0
22
14
3
20
27
24
6
30
20
14
29
1
18
6
16
25
31
3
26
31
20
7
1
19
1
2
24
16
9
15
5
8
4
1
7
31
5
8
11
2
16
22
5
30
22
14
28
16
9
21
12
22
26
27
25
0
0
17
0
12
18
25
19
7
21
14
2
7
3
24
3
9
8
8
8
29
20
7
7
28
31
1
12
23
23
30
25
14
13
11
2
13
19
26
8
15
1
19
25
0
18
8
6
11
4
23
17
16
18
8
8
0
25
24
14
22
5
28
31
31
10
24
23
17
31
6
14
16
23
25
6
2
8
2
29
20
8
23
30
8
23
14
9
1
13
17
7
9
3
10
26
26
22
22
14
13
31
16
3
15
2
24
13
13
0
12
30
0
31
3
18
30
6
25
16
14
13
29
31
31
20
24
3
15
1
16
6
12
9
2
14
9
31
10
14
30
25
8
11
15
24
26
30
24
5
25
11
3
8
13
24
0
15
26
22
16
26
11
17
11
5
17
13
29
18
0
4
27
16
30
29
23
10
13
3
8
12
9
25
19
7
2
27
18
13
21
27
19
10
22
8
1
17
6
21
21
3
10
27
28
1
15
8
19
11
22
17
29
23
15
7
21
6
24
29
20
4
17
17
27
23
11
27
10
23
3
15
19
17
10
5
23
17
10
31
27
16
31
3
7
3
5
31
16
9
12
27
10
23
28
25
30
10
26
29
5
16
1
15
8
26
0
15
6
23
21
8
13
20
5
24
28
11
17
3
24
0
20
11
26
26
0
27
23
21
25
27
29
29
24
26
19
2
29
28
13
22
11
10
11
2
30
17
28
25
11
19
15
7
21
21
29
20
27
10
2
5
19
29
13
21
15
20
18
12
11
28
26
28
14
26
27
11
5
10
9
22
28
23
15
30
29
9
28
27
0
29
22
10
8
4
14
16
5
31
21
27
25
21
27
14
15
12
2
22
29
25
13
17
4
9
28
12
29
29
15
7
12
8
29
22
9
19
22
6
28
1
9
3
28
20
21
18
15
29
0
20
20
6
4
14
8
17
10
17
6
11
20
17
25
15
13
11
15
11
13
2
26
3
24
16
11
5
10
8
29
15
19
18
18
20
24
23
25
13
6
6
19
13
21
8
20
23
25
9
9
24
19
25
19
10
3
9
20
27
23
0
22
24
2
0
19
0
18
25
13
30
22
11
12
21
29
11
0
12
17
2
26
17
14
23
3
7
24
28
11
14
6
17
17
23
13
20
17
27
18
27
0
16
15
27
14
19
12
12
0
21
13
17
8
18
6
0
18
26
15
3
5
0
15
5
22
24
30
22
13
2
28
26
31
5
19
1
16
21
22
26
13
7
12
25
11
11
4
20
26
30
1
30
29
24
4
5
12
20
3
27
2
2
13
2
7
29
3
26
2
26
1
28
21
9
3
3
19
26
31
27
7
26
2
8
2
7
0
16
18
6
28
2
24
22
7
26
4
0
17
26
0
14
23
30
10
30
11
30
10
28
26
6
5
18
7
23
4
29
10
5
12
1
5
2
21
8
6
19
14
31
31
10
12
7
1
24
1
3
20
7
22
6
12
9
18
19
4
6
10
9
28
30
13
15
12
13
20
9
0
6
5
18
10
3
8
16
19
22
16
25
16
11
16
20
26
3
30
25
2
7
24
1
21
4
16
30
28
16
6
19
30
9
20
21
30
31
19
2
10
0
31
18
23
2
19
14
22
7
4
18
4
4
1
19
10
10
16
5
3
24
10
28
5
14
18
21
13
7
12
22
9
30
27
16
30
24
25
6
16
14
27
22
28
10
4
23
4
29
21
8
27
21
30
27
27
15
20
28
28
7
20
2
11
5
25
19
18
18
23
25
12
1
19
17
8
28
27
30
6
14
8
22
25
20
6
24
19
29
22
31
15
18
4
12
0
18
28
21
30
25
16
12
14
11
10
20
31
24
7
0
20
0
16
4
9
9
17
26
16
18
21
23
11
14
18
9
9
7
17
2
14
24
13
3
13
30
10
1
21
19
12
18
29
14
28
18
20
1
16
26
30
2
27
5
27
25
21
9
26
0
22
21
10
8
15
29
23
23
28
25
4
17
0
28
26
7
17
4
14
22
18
23
22
31
23
2
14
15
7
0
6
16
13
14
13
7
14
27
27
12
24
31
23
18
22
9
6
17
28
31
6
27
10
20
3
25
8
27
5
4
6
4
11
12
13
15
25
5
5
10
7
10
30
18
20
21
2
10
18
15
20
25
4
20
8
31
30
12
3
27
6
29
29
22
14
11
28
27
0
15
6
19
11
13
8
14
24
17
4
31
4
19
7
11
15
7
31
4
6
6
27
31
16
22
26
4
1
14
16
31
1
24
1
1
5
16
21
1
0
8
5
4
0
15
15
13
10
24
15
1
24
5
28
19
29
13
9
10
16
4
28
3
21
25
16
26
1
27
9
8
21
3
22
4
0
9
30
31
8
1
26
23
15
25
29
31
7
14
23
29
16
9
23
11
19
12
30
26
20
22
23
2
28
18
22
31
31
5
13
1
8
25
18
30
25
28
29
28
12
27
2
16
15
17
19
2
14
24
13
29
0
3
3
11
7
5
2
2
5
26
1
6
0
12
29
1
17
19
15
20
12
24
2
28
13
19
3
7
3
7
21
10
24
23
20
17
9
22
30
7
28
21
2
4
11
4
2
31
28
24
14
1
19
26
3
12
6
6
15
18
21
9
29
1
1
14
13
19
25
5
20
25
11
29
20
4
20
8
3
27
5
23
23
7
0
6
14
24
7
27
4
28
8
12
10
4
26
30
23
17
13
27
28
3
1
6
15
19
1
23
29
23
10
22
9
11
9
3
31
9
12
1
4
7
14
3
20
11
15
6
12
24
1
5
31
4
8
15
0
29
25
14
5
7
8
10
13
13
9
25
15
1
12
16
17
30
2
31
4
6
19
11
9
