76
72
70
37
61
68
70
25
69
78
52
15
22
35
48
62
14
72
72
5
25
40
16
63
32
75
3
47
54
55
53
35
40
41
17
4
77
12
23
51
26
65
19
14
51
9
39
45
40
44
60
60
62
75
21
24
68
56
71
40
76
13
74
47
65
73
62
38
53
70
58
58
54
69
55
18
75
74
63
77
0
26
76
62
6
33
62
5
55
38
1
13
57
46
2
39
27
19
14
25
15
49
40
35
79
19
62
8
8
62
76
53
2
48
64
36
27
79
52
22
79
61
12
24
72
52
47
5
36
70
79
28
17
67
17
59
68
46
73
6
67
56
58
5
32
74
69
74
68
66
10
1
68
27
18
34
9
42
71
27
44
24
4
4
27
5
72
17
41
63
40
16
9
13
3
37
36
6
66
5
66
60
64
19
63
40
6
69
45
65
50
47
74
51
37
17
51
57
46
78
30
8
26
41
74
32
49
48
10
33
33
76
50
19
4
19
8
23
5
22
2
13
78
44
78
72
21
69
47
79
10
29
36
68
2
4
34
3
14
25
6
54
30
77
77
38
61
13
58
17
16
6
15
38
35
13
70
31
31
48
2
15
77
58
24
77
25
10
26
53
4
20
77
3
79
3
61
66
34
60
45
1
28
63
65
50
67
51
0
65
36
50
18
59
2
28
15
37
57
10
66
40
42
14
38
16
67
31
66
72
39
25
37
37
7
59
61
23
60
73
42
45
1
0
16
38
26
63
30
48
60
78
22
73
26
58
48
34
11
10
29
24
16
19
33
59
27
2
50
72
57
64
69
52
14
16
36
12
63
23
55
22
3
20
39
20
41
21
24
60
31
14
62
57
27
9
35
64
30
72
63
54
32
61
31
67
70
20
47
13
1
29
26
10
48
23
26
31
52
10
67
45
44
52
18
68
37
37
79
52
21
5
67
7
61
78
25
59
23
79
43
64
44
6
57
30
69
11
5
0
71
48
19
16
71
29
63
75
39
9
29
41
6
46
38
71
71
62
47
42
53
55
74
54
10
72
72
73
77
57
22
30
65
0
12
38
28
68
53
78
76
12
63
19
39
58
44
63
57
67
21
62
31
64
25
59
7
9
55
46
45
38
44
35
22
41
62
65
30
78
2
58
51
40
43
57
74
66
7
79
62
14
43
64
14
30
32
25
75
15
65
33
56
44
57
49
53
17
58
77
69
9
53
11
79
52
7
28
24
43
66
5
61
1
20
55
69
13
41
42
34
68
6
32
37
47
23
40
67
59
77
19
55
71
69
75
25
11
51
11
53
76
37
52
60
55
9
16
39
26
12
59
51
54
18
42
74
31
34
13
4
10
5
72
47
43
56
39
65
25
11
3
36
47
24
67
11
64
43
74
1
15
28
41
41
73
14
15
17
71
40
61
19
44
72
3
28
39
28
71
74
17
75
6
23
29
54
70
1
26
2
63
73
78
73
45
61
8
39
35
52
16
42
34
74
74
61
15
65
63
67
31
78
1
0
4
47
2
24
22
10
10
37
59
6
71
73
21
39
44
74
18
14
2
11
8
31
49
73
56
42
20
25
47
61
20
1
5
12
56
43
50
56
24
22
59
44
13
17
27
23
72
77
20
75
63
37
3
26
24
57
4
74
49
26
39
25
29
60
36
71
21
74
28
43
40
17
0
28
72
68
13
45
9
70
29
66
3
35
3
45
46
69
40
9
42
49
68
31
34
10
4
78
24
53
71
66
31
42
13
59
21
64
42
3
37
49
14
43
3
6
11
31
49
29
34
8
12
4
30
64
33
46
76
34
53
67
28
60
36
24
4
18
66
18
5
18
74
64
33
0
33
27
52
75
16
8
24
35
51
13
19
17
77
50
21
30
11
54
49
48
61
41
67
23
54
71
62
28
59
71
19
9
54
36
46
33
36
49
43
43
62
60
56
31
70
39
75
79
69
1
10
78
79
62
61
9
70
9
10
26
34
59
58
58
12
47
21
34
45
20
20
51
32
52
15
53
73
43
54
39
24
17
18
68
66
53
77
76
12
34
20
1
27
48
20
24
38
65
11
56
28
35
44
53
78
65
42
8
52
68
21
21
46
25
39
78
1
60
50
43
65
5
13
69
42
63
14
64
62
59
62
5
38
26
0
57
10
37
60
56
35
10
9
77
33
11
18
58
64
23
75
41
56
77
29
1
11
46
40
4
35
33
23
23
57
33
7
7
57
69
69
73
57
49
31
48
68
7
7
29
69
18
41
74
36
18
54
46
19
32
44
68
11
30
50
9
55
70
61
36
47
32
40
3
25
6
67
73
79
55
38
14
1
23
11
51
66
54
59
8
33
63
58
51
32
65
67
23
48
3
8
35
52
70
43
58
68
22
51
16
21
28
76
27
11
44
16
32
51
37
78
2
20
79
57
51
63
71
0
52
79
41
12
22
12
56
4
63
12
45
6
33
3
33
20
13
21
7
76
34
31
6
21
11
75
49
68
13
28
8
49
8
48
45
76
54
5
79
13
39
15
76
17
37
54
50
36
13
43
67
40
29
34
69
30
37
7
55
38
0
75
50
76
41
16
32
9
76
42
33
75
19
45
72
51
60
23
33
32
7
45
55
36
53
20
36
34
45
40
26
23
30
68
33
9
15
8
26
22
73
8
6
17
49
49
54
54
38
50
19
53
79
32
27
50
56
44
45
50
74
29
7
49
39
14
73
38
70
77
77
56
12
27
65
7
60
54
61
27
16
77
22
53
58
27
32
60
42
56
55
57
48
55
29
44
30
48
79
4
20
16
8
7
65
49
75
0
41
32
55
46
55
16
50
5
60
64
12
19
56
30
43
24
28
22
47
14
15
4
1
35
70
26
2
1
59
42
36
51
46
16
64
2
59
22
79
46
69
37
39
17
32
76
12
34
61
64
71
17
17
56
29
43
44
25
76
31
73
3
78
42
22
51
25
46
71
8
0
2
21
58
43
44
66
50
6
26
0
15
64
41
2
47
70
14
45
47
29
46
35
15
66
28
61
59
18
4
18
41
75
67
76
29
21
48
0
21
30
72
40
31
70
35
66
75
35
24
4
58
69
36
66
48
57
38
14
18
38
29
15
1
7
0
12
27
58
66
65
54
0
9
18
22
49
23
6
48
73
21
8
78
50
64
53
48
27
30
19
18
11
2
72
9
28
46
54
73
56
15
79
33
3
46
38
7
