0.4913
0.1432
0.1548
0.1433
0.1544
0.1523
0.1538
0.1546
0.1529
0.1542
0.1483
0.1476
0.1499
0.1383
0.1455
0.1613
0.1609
0.1501
0.1517
0.1645
0.1534
0.1642
0.1558
0.1516
0.1631
0.1432
0.1516
0.1382
0.1415
0.1513
0.1635
0.1519
0.1514
0.1519
0.1677
0.1503
0.1475
0.1516
0.1573
0.1538
0.1534
0.1451
0.1484
0.1554
0.1518
0.1516
0.1542
0.1499
0.1482
0.1592
0.1431
0.1575
0.1486
0.1432
0.1555
0.1613
0.1506
0.1512
0.1704
0.1485
0.1526
0.1618
0.1596
0.1569
0.1523
0.1428
0.1413
0.1491
0.1519
0.1620
0.1545
0.1699
0.1825
0.1750
0.1592
0.1568
0.1506
0.1571
0.1553
0.1545
0.1503
0.1548
0.1685
0.1778
0.1425
0.1475
0.1613
0.1565
0.1473
0.1592
0.1443
0.1514
0.1518
0.1500
0.1443
0.1693
0.1566
0.1442
0.1574
0.1633
0.1617
0.1570
0.1662
0.1546
0.1477
0.1583
0.1737
0.1670
0.1766
0.1598
0.1589
0.1730
0.1596
0.1618
0.1553
0.1525
0.1514
0.1482
0.1513
0.1520
0.1650
0.1617
0.1551
0.1631
0.1683
0.1420
0.1497
0.1504
0.1499
0.1399
0.1609
0.1614
0.1577
0.1698
0.1485
0.1593
0.1643
0.1501
0.1553
0.1493
0.1586
0.1568
0.1651
0.1495
0.1503
0.1467
0.1524
0.1400
0.1486
0.1631
0.1588
0.1456
0.1770
0.1556
0.1675
0.1612
0.1620
0.1810
0.1622
0.1667
0.1600
0.1566
0.1721
0.1528
0.1527
0.1500
0.1766
0.1639
0.1746
0.1786
0.1661
0.1690
0.1534
0.1632
0.1643
0.1556
0.1471
0.1454
0.1532
0.1561
0.1490
0.1520
0.1743
0.1460
0.1468
0.1493
0.1502
0.1413
0.1525
0.1430
0.1557
0.1667
0.1758
0.1610
0.1669
0.1548
0.1554
0.1641
0.1489
0.1577
0.1560
0.1562
0.1691
0.1683
0.1571
0.1482
0.1542
0.1670
0.1624
0.1692
0.1596
0.1545
0.1539
0.1470
0.1470
0.1486
0.1494
0.1304
0.1494
0.1480
0.1439
0.1549
0.1554
0.1443
0.1529
0.1728
0.1886
0.1879
0.1883
0.1643
0.1718
0.1559
0.1626
0.1774
0.1676
0.1489
0.1528
0.1497
0.1521
0.1513
0.1673
0.1749
0.1608
0.1621
0.1624
0.1740
0.1672
0.1580
0.1596
0.1756
0.1550
0.1579
0.1635
0.1684
0.1468
0.1549
0.1550
0.1616
0.1525
0.1523
0.1683
0.1550
0.1583
0.1671
0.1609
0.1708
0.1767
0.1589
0.1587
0.1627
0.1585
0.1574
0.1415
0.1578
0.1700
0.1583
0.1461
0.1578
0.1582
0.1460
0.1627
0.1623
0.1650
0.1462
0.1551
0.1525
0.1671
0.1745
0.1514
0.1586
0.1607
0.1546
0.1612
0.1628
0.1558
0.1690
0.1600
0.1668
0.1532
0.1741
0.1424
0.1472
0.1473
0.1507
0.1427
0.1460
0.1554
0.1442
0.1554
0.1601
0.1566
0.1496
0.1510
0.1581
0.1493
0.1569
0.1607
0.1619
0.1520
0.1579
0.1447
0.1513
0.1378
0.1637
0.1510
0.1519
0.1597
0.1520
0.1558
0.1641
0.1631
0.1392
0.1383
0.1379
0.1484
0.1547
0.1617
0.1644
0.1556
0.1671
0.1453
0.1441
0.1634
0.1407
0.1536
0.1539
0.1636
0.1613
0.1439
0.1501
0.1725
0.1765
0.1732
0.1677
0.1665
0.1550
0.1665
0.1633
0.1729
0.1670
0.1409
0.1440
0.1500
0.1498
0.1519
0.1513
0.1449
0.1498
0.1487
0.1466
0.1435
0.1484
0.1496
0.1504
0.1430
0.6615
0.1489
0.1533
0.1573
0.1478
0.1591
0.1679
0.1721
0.1539
0.1581
0.1526
0.1532
0.1571
0.1422
0.1438
0.1521
0.1559
0.1715
0.1670
0.1568
0.1506
0.1360
0.1578
0.1492
0.1394
0.1551
0.1539
0.1719
0.1535
0.1632
0.1542
0.1517
0.1497
0.1528
0.1593
0.1659
0.1676
0.1589
0.1662
0.1781
0.1524
0.1493
0.1564
0.1586
0.1561
0.1587
0.1494
0.1612
0.1726
0.1506
0.1468
0.1473
0.1506
0.1493
0.1495
0.1575
0.1406
0.1535
0.1525
0.1460
0.1457
0.1543
0.1462
0.1483
0.1463
0.1500
0.1491
0.1518
0.1541
0.1457
0.1493
0.1513
0.1498
0.1451
0.1493
0.1458
0.1527
0.1532
0.1451
0.1580
0.1587
0.1718
0.1616
0.1599
0.1765
0.1505
0.1463
0.1478
0.1503
0.1458
0.1528
0.1624
0.1547
0.1640
0.1563
0.1556
0.1646
0.1637
0.1681
0.1624
0.2693
0.1526
0.1593
0.1545
0.1633
0.1495
0.1718
0.1711
0.1611
0.1761
0.1465
0.1527
0.1522
0.1550
0.1523
0.1705
0.1669
0.1783
0.1498
0.1580
0.1436
0.1539
0.1504
0.1499
0.1544
