19
43
26
8
44
39
13
45
24
30
40
18
40
21
1
25
5
42
24
33
36
15
1
25
25
30
47
7
28
26
8
15
31
41
40
14
17
36
17
25
26
40
37
34
4
21
12
35
31
39
46
8
14
16
0
25
8
6
8
11
34
15
36
27
22
37
7
14
43
39
28
32
3
40
28
25
9
30
0
14
44
23
25
7
9
16
17
40
12
3
4
10
5
8
29
13
20
10
19
26
17
39
8
23
8
38
35
41
47
13
7
42
39
18
42
14
6
46
22
33
0
13
23
32
18
29
17
7
32
8
37
44
27
11
35
16
10
43
8
39
22
18
13
5
10
11
24
33
24
7
35
36
40
34
17
21
13
19
4
22
33
7
47
32
0
32
28
32
23
29
1
4
14
45
8
47
15
35
35
41
2
7
0
46
7
21
5
0
32
21
0
20
45
2
4
17
20
37
44
5
10
8
45
5
12
5
14
18
18
24
0
45
0
16
5
47
28
34
43
13
19
19
19
25
36
30
2
20
38
6
6
0
19
39
34
42
16
3
39
1
27
9
43
2
45
28
17
30
46
47
27
9
1
37
45
12
34
26
12
9
33
34
38
29
41
36
42
43
15
19
10
20
3
41
9
29
12
7
13
43
38
29
36
17
17
28
45
26
19
21
4
28
8
18
38
44
25
11
16
25
26
23
46
47
26
17
39
1
21
11
27
4
42
36
1
47
43
26
14
29
39
31
15
44
26
29
11
46
41
14
6
24
1
20
25
20
43
14
30
11
33
31
16
4
6
37
24
35
46
40
4
39
18
25
38
32
33
33
43
21
5
6
44
13
25
41
31
22
20
38
36
17
43
31
34
13
19
11
13
3
41
35
22
0
6
31
47
30
45
33
11
28
36
21
39
13
11
14
21
45
3
17
47
25
37
26
36
13
19
33
0
23
20
29
46
22
41
3
8
11
33
32
17
43
26
3
31
42
27
40
35
2
20
3
12
4
39
32
19
18
11
10
38
28
8
43
1
25
45
43
0
21
47
38
12
30
17
10
7
6
14
4
17
4
43
13
12
9
40
43
42
33
33
8
0
36
22
23
43
44
19
23
15
42
39
36
45
18
38
15
40
1
27
9
40
46
6
27
36
27
2
36
13
14
10
24
16
25
18
10
41
6
41
10
46
31
46
8
14
23
36
20
22
25
10
3
30
42
16
22
47
38
45
16
35
25
34
41
32
35
39
19
36
11
25
13
27
18
33
5
14
23
1
10
3
46
2
46
16
29
39
1
34
1
14
11
28
26
13
46
31
3
46
21
35
6
46
4
4
15
17
22
14
5
45
29
41
34
30
13
29
18
22
16
7
13
6
40
26
37
34
42
27
24
17
32
24
25
23
9
8
29
3
3
20
15
5
9
9
3
34
45
21
5
6
35
47
4
18
9
16
33
14
0
5
37
41
7
30
12
30
41
43
13
1
29
4
19
39
16
30
21
10
21
42
5
28
33
2
28
9
17
39
5
9
14
23
31
0
43
15
22
34
45
31
4
8
12
20
44
20
14
23
24
15
12
46
34
2
5
24
32
40
43
36
46
27
44
43
4
38
43
23
18
37
44
47
43
46
32
31
34
14
45
41
10
0
28
38
16
18
14
6
7
39
14
1
9
22
35
20
36
20
29
19
40
24
47
42
2
12
38
5
5
32
11
16
6
22
18
12
21
28
11
5
26
1
3
37
16
4
24
37
19
31
9
44
22
39
45
20
18
31
21
30
3
20
41
28
45
44
37
44
12
5
38
0
10
1
26
37
9
8
39
42
18
5
35
33
13
44
2
22
43
36
9
18
39
8
42
3
4
31
42
4
1
12
35
22
47
9
18
21
18
8
0
42
21
3
42
24
38
8
32
31
7
30
28
40
2
2
40
25
30
0
41
31
39
33
16
10
10
2
27
10
40
32
12
20
25
24
24
20
20
12
18
32
15
10
25
5
10
15
37
29
16
5
28
2
7
20
27
23
14
9
0
47
32
46
46
24
11
24
20
20
10
5
26
33
15
11
5
28
7
2
11
23
38
41
24
21
34
12
14
0
13
21
6
37
46
16
17
27
42
14
19
13
12
6
47
40
44
15
24
23
29
21
32
8
21
22
11
26
28
7
12
46
22
24
17
7
40
34
39
44
5
22
5
22
23
1
46
25
9
30
38
44
26
13
2
18
25
10
42
33
16
28
26
35
9
2
23
15
31
12
34
38
6
35
24
10
37
20
24
14
8
37
40
31
45
14
29
20
34
29
22
2
3
1
15
19
36
33
46
37
3
38
33
23
42
5
35
40
16
16
11
23
34
22
35
39
38
18
7
33
1
21
27
41
30
2
19
13
41
4
17
4
22
6
41
21
30
10
45
17
25
21
1
26
32
43
3
6
17
0
35
29
8
43
15
10
21
43
39
15
41
10
14
39
19
16
23
40
23
47
42
45
44
12
45
17
46
44
15
37
42
29
33
16
32
27
26
38
9
7
26
27
37
31
17
1
37
41
28
3
3
24
47
43
38
8
29
34
10
6
2
2
37
23
28
36
19
0
35
42
30
27
9
7
19
12
47
42
47
45
31
23
15
24
9
18
27
13
34
31
34
35
30
33
36
34
23
13
15
16
11
33
45
1
6
1
2
42
36
3
0
28
26
38
29
21
1
23
32
30
47
47
15
29
44
37
22
33
40
17
38
30
2
44
21
4
43
44
19
40
25
34
11
15
10
4
6
2
39
4
29
38
27
35
19
13
24
20
47
18
25
35
36
17
44
20
19
31
11
37
37
1
23
2
7
30
28
8
29
20
4
37
3
24
37
9
0
12
1
43
38
39
41
7
28
26
0
41
41
15
11
7
41
45
32
15
18
14
11
22
26
36
46
44
44
13
7
6
44
27
32
22
37
47
5
8
27
7
9
35
32
19
9
27
28
34
17
35
19
26
27
30
15
2
38
42
4
31
12
45
6
29
34
12
30
40
31
36
0
33
9
6
15
21
41
12
28
34
29
47
41
4
24
26
42
2
35
47
11
11
2
15
23
11
10
26
28
23
46
0
4
1
36
25
44
11
35
3
30
45
31
32
16
26
33
32
27
2
32
9
46
22
3
23
16
40
45
28
22
25
29
38
31
30
3
44
35
30
42
19
17
27
42
16
34
18
37
27
29
12
44
20
47
13
45
31
31
16
40
7
6
35
20
36
38
6
39
32
29
46
8
7
7
40
5
40
47
33
