35
30
26
20
35
22
5
11
42
5
47
37
0
40
26
22
31
10
21
43
23
44
30
47
31
12
32
8
30
37
11
43
9
2
29
34
31
15
14
46
21
0
44
39
30
8
25
35
2
15
23
19
10
8
7
19
41
47
10
29
29
47
42
41
30
4
4
43
46
13
24
22
7
43
37
17
23
46
14
23
19
41
43
5
46
22
0
45
17
12
31
17
13
31
46
27
3
35
0
42
38
25
21
4
21
26
34
43
12
13
9
37
19
23
37
7
17
20
1
20
8
25
46
4
17
40
39
24
26
43
43
6
34
29
37
25
7
27
42
37
0
1
11
12
14
2
22
38
15
3
37
8
1
0
44
10
7
33
10
14
34
45
32
36
17
26
28
32
12
46
40
23
26
3
17
18
38
27
29
34
30
2
21
26
33
44
11
25
13
38
35
42
8
40
30
4
11
44
16
39
5
7
9
47
12
35
35
21
21
35
14
7
46
14
40
30
18
37
9
1
20
27
15
1
8
14
24
27
21
39
22
16
45
44
18
23
42
14
28
16
10
41
5
31
32
32
5
19
25
4
9
11
47
20
17
14
1
18
29
2
7
30
13
12
26
24
16
14
31
15
6
47
7
10
10
38
25
10
8
20
5
42
20
23
23
32
25
9
36
45
35
40
15
2
29
5
21
3
9
3
41
9
36
27
1
10
32
27
22
40
25
35
7
19
11
23
38
9
30
3
45
24
26
35
25
4
28
14
25
15
37
33
38
18
24
6
36
26
6
28
3
26
44
46
36
5
45
16
32
39
46
26
36
44
25
37
5
21
42
14
47
6
37
16
13
34
41
10
27
45
29
28
2
38
32
22
30
45
38
5
4
44
10
28
20
42
28
4
45
38
9
36
6
36
20
10
45
9
21
38
29
13
34
37
11
27
25
9
7
22
15
0
38
32
46
16
20
43
43
8
14
4
29
30
1
6
1
38
0
16
2
39
0
13
11
17
36
41
32
27
24
40
26
29
22
43
34
27
38
28
11
31
33
45
4
27
23
35
36
24
8
15
3
47
34
9
7
32
15
39
36
18
44
5
3
6
33
47
39
44
8
39
20
40
34
41
21
23
15
22
11
18
36
1
37
39
11
31
32
31
24
21
9
43
6
38
5
20
42
39
3
27
18
20
20
12
6
18
23
3
45
42
15
41
22
41
25
1
25
4
19
40
18
19
12
2
0
28
38
33
27
35
12
8
0
45
17
47
31
3
0
19
33
45
30
36
42
4
23
17
41
21
43
2
32
28
34
24
30
3
13
11
31
11
23
35
8
21
23
5
13
25
36
44
42
35
22
2
19
30
1
7
0
12
31
32
0
28
46
44
1
11
19
40
7
14
22
27
24
40
21
43
4
18
21
22
27
16
36
8
21
7
23
15
34
29
46
14
27
18
37
0
17
33
1
22
33
13
17
17
34
42
5
17
32
14
36
43
30
14
16
42
18
6
8
5
34
13
28
26
3
30
39
40
14
24
31
25
32
46
45
31
44
35
32
37
3
32
13
28
11
14
6
45
20
6
1
43
8
18
42
4
41
36
14
21
38
8
45
17
22
0
30
31
8
4
12
43
43
33
12
38
33
47
10
13
44
45
7
10
17
37
42
13
36
41
44
28
41
25
44
26
9
47
2
22
31
18
27
18
16
26
39
13
44
17
23
6
33
35
43
47
27
41
10
31
45
20
45
29
4
24
20
20
1
26
20
7
4
39
40
12
19
39
42
37
33
24
9
9
29
30
24
11
39
23
14
10
45
30
41
0
17
45
17
14
33
23
23
34
40
47
20
11
13
16
40
37
41
8
27
2
43
44
19
44
33
38
11
19
16
19
16
31
0
36
46
5
43
20
26
37
34
6
2
9
37
34
29
42
6
46
46
36
8
8
7
43
40
1
17
10
36
31
3
33
24
28
2
42
15
15
35
15
21
0
44
6
46
22
25
15
3
42
10
29
25
28
19
18
0
7
23
9
2
11
47
3
17
8
24
22
26
27
41
22
39
7
19
38
27
15
31
32
9
21
43
21
18
4
31
8
39
24
6
3
12
20
47
29
16
43
11
41
19
44
33
46
25
13
24
12
17
18
5
17
7
24
24
39
7
35
28
2
30
46
9
11
4
39
28
42
42
13
28
23
1
24
36
22
31
0
2
26
35
46
30
31
14
38
36
10
15
16
39
38
46
29
33
5
9
18
32
44
15
46
8
45
2
33
46
17
1
30
24
5
34
7
36
5
2
20
22
6
26
5
2
10
5
40
4
28
2
18
10
38
18
22
8
47
13
28
12
35
15
2
38
29
19
27
32
1
30
7
13
12
15
9
34
42
30
39
11
0
21
13
35
44
14
12
7
29
43
28
38
36
45
41
6
30
11
8
2
7
3
6
30
19
0
8
1
0
33
8
35
1
40
5
26
32
33
6
19
29
16
36
25
3
44
21
12
17
41
39
12
10
20
16
20
9
23
45
32
43
41
5
35
6
3
39
25
26
33
41
25
19
22
16
0
2
43
7
9
8
14
1
17
34
29
46
4
42
38
21
26
1
2
17
11
12
6
16
36
6
29
24
34
23
11
23
6
24
33
13
35
1
34
42
16
47
40
44
34
26
6
12
46
47
17
5
26
28
10
12
16
28
26
40
34
47
45
40
42
23
7
33
30
34
1
40
43
35
21
9
28
23
0
21
3
39
5
31
16
44
35
13
4
41
31
4
32
13
10
18
40
2
31
29
34
22
21
41
3
25
16
8
19
35
47
14
19
28
13
5
22
27
47
5
10
46
29
47
29
25
19
43
44
40
37
32
29
26
27
46
34
37
25
47
2
20
47
27
20
38
24
15
40
10
32
23
45
28
14
36
46
20
39
39
45
29
37
11
19
25
16
23
3
26
3
19
16
19
44
24
39
12
4
35
26
22
37
27
4
9
37
18
11
40
10
4
33
18
11
12
35
3
14
33
5
14
12
3
15
31
6
30
22
15
41
16
38
33
24
22
16
9
32
29
42
1
32
27
19
40
47
5
23
37
47
21
0
41
10
29
47
33
38
37
41
1
6
38
20
12
14
43
40
15
34
0
18
18
13
0
18
46
15
4
7
41
9
2
15
18
42
33
15
31
16
34
45
37
14
36
28
11
4
41
35
20
47
10
25
28
13
27
39
13
32
1
24
13
40
3
