11
1
12
5
18
26
18
20
21
1
11
15
8
11
16
11
31
0
27
2
8
5
13
7
8
17
21
3
8
20
4
24
7
23
20
0
4
7
19
13
9
3
1
20
0
14
5
9
3
15
3
22
3
28
9
21
17
29
31
16
28
15
26
17
14
17
3
25
0
2
2
28
16
22
8
25
11
12
9
14
16
15
3
6
17
19
7
23
6
28
29
27
19
29
27
25
14
8
5
22
3
14
2
30
31
11
22
6
25
14
1
27
5
19
3
6
25
29
15
21
6
21
31
25
28
17
6
28
5
28
11
10
9
16
10
29
10
3
22
13
3
23
17
22
4
17
9
13
15
18
15
7
0
3
13
3
20
30
9
19
13
6
24
22
21
16
27
15
3
24
27
10
15
13
28
12
29
28
15
0
2
13
31
27
27
5
9
30
21
7
31
4
9
13
26
25
27
18
16
7
12
14
3
3
2
10
1
15
3
4
13
21
14
29
5
19
2
16
18
5
4
3
4
3
25
4
20
16
12
26
5
9
8
29
2
30
11
17
31
9
31
26
28
4
24
22
7
0
8
1
12
22
16
2
1
19
20
4
6
10
31
10
25
5
3
21
18
10
4
23
4
9
16
25
29
31
6
8
20
19
30
13
7
0
12
1
23
4
15
24
29
5
10
7
5
11
31
14
11
18
31
11
2
23
4
3
6
2
24
25
23
27
28
4
18
22
15
5
10
21
24
30
17
29
18
29
2
3
4
23
15
13
1
21
6
29
29
5
5
25
14
20
30
10
26
29
12
0
4
2
19
25
17
23
2
31
13
29
30
7
29
18
21
5
29
24
0
7
20
14
0
29
11
22
14
23
0
21
11
14
8
26
8
18
13
27
31
28
25
22
28
5
22
13
10
9
30
9
18
15
31
30
20
20
4
3
9
6
20
19
18
2
9
29
8
0
13
21
28
6
6
10
3
17
16
23
28
3
5
21
2
5
9
28
22
31
28
2
10
18
22
30
17
22
11
16
31
22
16
17
30
25
7
11
10
4
2
14
27
10
31
4
20
1
3
0
23
8
15
5
12
22
8
31
15
15
26
30
2
3
22
29
31
18
30
20
29
4
6
17
25
0
8
7
28
12
21
23
8
7
28
20
23
25
2
22
26
17
29
17
26
3
3
23
21
24
25
11
7
26
6
30
8
12
18
16
12
12
24
8
19
7
21
14
4
7
9
20
7
11
28
26
0
10
6
5
22
11
22
7
25
9
7
2
6
23
1
9
14
15
5
0
20
26
3
27
31
25
5
29
25
9
11
16
12
6
25
23
14
12
7
17
20
0
31
8
12
19
22
3
19
26
24
21
10
7
6
23
31
29
23
15
19
30
0
11
15
2
5
19
27
8
6
27
8
24
24
10
15
22
26
11
6
11
21
4
23
17
18
20
24
10
31
1
31
15
31
27
18
15
0
2
8
15
0
31
25
11
21
26
0
13
19
21
18
19
4
2
2
2
4
27
13
12
28
23
14
8
12
10
1
22
9
9
16
11
1
6
23
21
28
31
13
19
20
14
20
1
0
27
28
21
16
9
18
24
4
26
29
6
7
15
4
26
2
6
27
31
22
19
15
5
26
7
2
2
28
4
23
13
23
1
31
27
23
27
10
31
11
17
22
29
16
30
10
26
28
9
22
2
16
23
1
27
10
7
25
13
10
8
4
26
24
13
4
0
23
27
29
14
30
29
21
28
29
30
28
28
21
30
14
13
22
29
12
26
19
15
20
0
13
16
28
27
19
25
30
8
20
0
1
19
18
19
14
28
17
9
0
30
8
21
14
9
23
13
9
29
0
18
10
27
17
1
27
17
24
27
21
10
28
11
24
18
9
12
11
25
29
13
16
15
24
5
24
22
24
7
24
1
2
3
26
12
0
4
27
21
22
17
10
9
20
31
8
9
22
17
13
7
26
13
3
1
20
30
19
10
11
24
4
22
5
10
8
29
0
17
31
30
28
10
28
23
30
27
20
18
25
9
16
21
18
11
25
18
18
8
16
25
24
28
14
6
16
14
26
31
14
27
1
11
11
31
16
18
8
6
15
21
13
4
14
18
5
1
5
14
29
21
19
21
5
13
19
3
27
12
24
21
25
26
13
2
11
25
19
15
5
16
8
26
19
18
7
6
21
29
6
22
5
27
19
0
17
16
23
31
23
15
16
7
2
31
13
14
30
14
12
25
18
5
7
25
30
25
27
30
27
23
11
13
9
2
12
10
11
25
5
13
16
19
16
0
15
2
23
11
27
18
22
4
19
14
24
5
13
3
20
21
1
12
8
5
30
9
18
10
1
7
21
5
22
31
17
26
9
9
20
10
5
4
31
21
22
24
15
8
30
14
28
30
3
9
18
26
24
28
2
12
7
7
24
12
30
13
11
30
18
26
24
17
11
29
18
1
4
22
1
24
12
14
26
7
1
15
26
17
5
1
14
19
21
18
15
10
4
8
29
8
17
18
13
3
1
19
15
15
17
18
26
17
14
20
21
6
20
12
26
16
27
23
16
26
31
1
0
11
19
12
15
12
26
12
20
26
14
22
8
6
13
13
23
7
30
22
12
22
20
10
30
24
0
10
31
10
25
14
20
3
19
27
17
28
20
21
1
14
7
14
9
16
31
16
27
21
27
31
24
6
20
29
6
10
8
20
30
9
1
13
23
2
6
12
5
9
4
23
25
27
15
7
8
24
4
6
16
19
15
13
12
19
14
22
14
3
15
4
17
14
28
20
24
13
29
25
20
20
3
19
15
21
26
26
4
1
30
19
9
17
26
26
24
2
12
29
7
19
29
30
1
0
30
11
3
12
23
1
22
5
20
19
23
24
2
6
24
1
11
6
17
10
11
1
31
11
17
16
24
1
18
12
11
27
11
14
21
24
9
19
17
21
12
17
22
15
12
10
19
27
5
16
6
16
7
30
16
0
28
6
26
24
8
31
2
4
28
15
4
10
2
28
6
24
23
12
5
0
2
30
17
19
8
0
7
1
25
9
29
8
6
3
29
0
1
9
4
12
30
20
17
7
27
8
10
28
30
7
9
20
16
3
6
12
2
24
25
26
0
0
1
1
7
17
3
24
14
23
19
17
6
18
26
30
8
8
16
28
18
5
13
12
1
28
6
0
7
16
25
0
18
18
3
0
25
11
16
2
23
23
23
27
27
23
29
10
25
13
25
20
13
25
