23
18
7
2
27
26
17
27
15
27
22
15
28
19
17
6
27
23
27
20
28
28
12
21
8
10
10
13
15
25
14
3
23
15
31
1
26
8
16
19
18
13
15
8
5
0
1
29
1
16
30
18
16
13
7
31
7
14
14
21
11
9
24
2
3
24
20
5
8
17
22
1
14
30
27
10
19
23
29
16
15
25
29
19
11
22
5
0
8
12
25
0
25
21
10
12
22
1
25
12
4
14
11
16
4
4
8
21
18
31
6
4
6
30
13
21
9
3
22
17
2
3
12
18
8
14
10
28
12
20
7
6
13
5
24
31
1
26
23
1
11
5
24
3
19
31
20
21
27
25
23
16
19
7
0
4
3
28
30
28
25
9
26
0
11
31
7
26
18
17
20
17
26
9
9
22
29
30
4
29
10
7
20
5
16
15
2
2
24
6
3
11
0
2
29
11
30
31
13
17
