23
27
14
24
17
22
10
21
21
26
13
1
16
0
2
14
20
20
0
4
3
30
2
14
6
13
15
7
12
15
18
7
4
27
23
10
25
23
30
10
11
12
25
15
0
24
17
24
22
2
10
4
25
16
29
1
9
31
29
17
3
21
2
4
25
6
22
29
28
19
22
30
24
11
20
2
12
7
6
31
15
17
3
20
16
16
24
26
12
8
8
18
4
15
16
8
12
9
0
27
3
31
7
11
27
23
28
11
13
1
27
13
0
4
23
6
22
23
18
7
3
15
19
25
31
10
14
26
23
8
25
1
29
26
8
14
9
16
31
22
15
19
13
0
5
7
21
9
10
6
30
13
17
20
2
1
18
12
30
5
25
5
9
9
19
29
31
1
21
5
19
29
8
28
11
5
21
30
31
27
19
18
28
11
6
5
26
26
20
7
18
14
28
3
17
28
