50
23
3
38
54
71
33
63
63
23
37
15
58
9
11
3
57
63
8
7
25
66
19
11
17
32
35
12
4
71
69
19
9
26
42
24
49
56
64
30
34
24
66
71
0
48
45
47
52
35
29
9
66
56
64
21
74
44
21
79
25
42
19
9
49
31
71
68
59
46
69
43
48
34
60
44
39
13
56
40
1
54
28
41
76
79
47
16
1
24
72
67
8
76
78
74
4
54
8
76
28
40
18
33
36
50
59
34
36
6
23
37
0
4
51
17
70
51
61
12
28
79
39
73
41
30
2
20
52
73
49
6
77
20
73
31
54
75
49
78
29
46
39
36
14
18
62
72
53
56
43
27
45
57
11
5
67
27
29
14
65
18
53
38
58
77
64
6
74
14
46
79
66
59
33
13
61
44
55
24
39
60
68
34
13
14
15
16
69
6
69
3
58
25
76
22
