160
760
21
146
0 57 8
0 63 1
1 6 2
1 16 10
1 80 9
1 87 5
1 105 10
1 107 8
2 19 8
2 53 10
2 58 6
2 88 4
3 10 3
3 45 5
3 50 4
3 53 9
3 81 7
3 88 7
3 107 6
4 96 10
5 54 9
5 67 8
5 75 9
5 94 1
5 106 6
5 114 2
5 127 1
6 1 2
6 21 6
6 107 6
6 114 7
6 128 5
6 130 3
6 145 5
7 33 5
7 45 7
7 61 7
7 94 5
7 117 3
7 157 2
8 37 7
8 69 7
8 74 1
8 96 7
9 17 9
9 27 3
10 3 3
10 12 10
10 47 6
10 75 10
10 101 5
10 104 7
10 125 7
10 135 6
10 141 8
10 151 10
11 22 9
11 23 8
11 35 6
11 47 6
11 80 2
11 81 9
11 96 6
12 10 10
12 50 9
12 76 9
12 102 3
13 23 1
13 56 3
13 65 3
13 111 9
13 121 7
13 122 6
14 37 9
14 55 7
14 144 4
15 30 6
15 105 8
15 147 10
16 1 10
16 76 9
16 131 7
17 9 9
17 48 3
17 66 9
17 135 8
18 83 1
18 111 5
19 2 8
19 68 6
19 76 4
20 26 8
20 53 9
20 71 4
20 99 6
21 6 6
21 44 8
21 52 7
21 66 2
21 94 2
21 97 6
21 144 5
21 158 9
22 11 9
22 45 8
22 57 3
22 96 4
22 131 2
22 140 3
22 145 4
23 11 8
23 13 1
23 38 7
23 43 10
23 94 5
23 106 10
23 148 6
24 90 3
24 139 2
24 146 10
25 28 3
25 112 3
25 144 5
26 20 8
26 42 4
26 89 1
27 9 3
27 71 7
27 150 2
28 25 3
28 46 9
28 92 6
28 106 10
28 109 6
28 132 1
28 134 10
28 151 1
29 57 3
29 77 7
29 117 4
29 157 4
30 15 6
30 32 4
30 50 4
30 59 9
30 61 6
30 107 7
30 119 2
30 138 1
30 149 1
30 150 10
31 55 5
32 30 4
32 70 5
32 71 9
32 82 4
32 106 7
32 140 5
32 153 2
33 7 5
33 42 6
33 61 3
33 67 1
33 156 10
34 68 9
34 116 5
34 131 2
35 11 6
35 43 4
35 150 6
36 91 8
36 100 8
36 101 7
36 106 2
36 117 5
37 8 7
37 14 9
37 55 3
37 65 4
37 67 5
37 80 10
37 118 10
37 156 1
38 23 7
38 73 5
38 133 5
38 150 10
39 95 3
39 131 10
39 135 4
40 44 6
40 101 7
40 115 5
40 156 10
41 137 10
41 151 10
41 157 10
42 26 4
42 33 6
42 55 7
42 86 8
42 92 6
42 113 6
42 141 2
42 151 8
43 23 10
43 35 4
43 64 2
44 21 8
44 40 6
44 64 8
44 118 9
44 155 9
45 3 5
45 7 7
45 22 8
45 63 4
45 125 3
45 146 1
46 28 9
46 67 6
46 113 5
46 144 4
46 157 2
47 10 6
47 11 6
47 56 4
47 58 4
47 157 8
48 17 3
48 120 10
49 55 4
49 106 8
49 111 6
49 122 8
49 159 4
50 3 4
50 12 9
50 30 4
50 126 8
50 142 5
51 108 3
51 151 8
52 21 7
52 54 2
52 89 5
52 112 4
52 121 6
52 128 10
53 2 10
53 3 9
53 20 9
53 80 2
53 99 6
53 102 1
53 156 5
54 5 9
54 52 2
54 70 5
54 103 10
55 14 7
55 31 5
55 37 3
55 42 7
55 49 4
55 105 10
55 138 5
56 13 3
56 47 4
56 59 5
56 108 10
56 115 9
56 139 1
56 151 4
57 0 8
57 22 3
57 29 3
58 2 6
58 47 4
58 133 7
59 30 9
59 56 5
59 130 1
60 125 7
61 7 7
61 30 6
61 33 3
61 68 8
61 75 10
61 101 8
61 106 3
62 64 4
62 96 10
62 132 7
62 135 8
63 0 1
63 45 4
63 80 5
63 119 7
64 43 2
64 44 8
64 62 4
64 66 6
64 92 8
64 106 10
64 124 4
64 144 4
65 13 3
65 37 4
65 81 8
65 91 1
65 121 5
65 122 9
66 17 9
66 21 2
66 64 6
66 72 3
67 5 8
67 33 1
67 37 5
67 46 6
67 86 1
67 96 4
68 19 6
68 34 9
68 61 8
68 86 6
68 106 8
68 158 3
69 8 7
69 117 4
69 147 7
69 153 4
69 159 10
70 32 5
70 54 5
70 94 2
70 105 1
71 20 4
71 27 7
71 32 9
71 72 5
71 99 8
71 133 3
72 66 3
72 71 5
72 80 3
72 101 2
72 136 6
72 146 6
72 149 7
72 159 4
73 38 5
73 92 1
73 154 2
73 159 5
74 8 1
74 75 5
75 5 9
75 10 10
75 61 10
75 74 5
75 100 1
75 101 1
75 104 5
75 119 6
76 12 9
76 16 9
76 19 4
76 118 2
76 145 5
77 29 7
77 137 6
78 85 3
78 120 6
78 135 1
78 139 7
79 113 3
79 148 2
80 1 9
80 11 2
80 37 10
80 53 2
80 63 5
80 72 3
80 93 8
81 3 7
81 11 9
81 65 8
81 106 6
81 146 10
82 32 4
82 85 4
82 157 6
83 18 1
83 88 10
83 109 4
83 118 1
84 124 1
84 126 6
84 136 7
85 78 3
85 82 4
85 110 3
85 143 3
86 42 8
86 67 1
86 68 6
86 110 3
86 156 4
87 1 5
87 90 7
88 2 4
88 3 7
88 83 10
88 98 7
89 26 1
89 52 5
89 106 10
89 140 1
90 24 3
90 87 7
91 36 8
91 65 1
91 120 3
91 131 3
92 28 6
92 42 6
92 64 8
92 73 1
93 80 8
93 118 7
94 5 1
94 7 5
94 21 2
94 23 5
94 70 2
95 39 3
95 120 2
95 130 5
95 136 6
95 139 5
95 151 4
96 4 10
96 8 7
96 11 6
96 22 4
96 62 10
96 67 4
96 105 6
96 117 2
96 137 7
96 159 1
97 21 6
97 98 5
97 118 5
97 126 3
97 135 5
97 138 5
98 88 7
98 97 5
98 105 7
98 111 3
98 131 5
98 132 10
99 20 6
99 53 6
99 71 8
99 107 3
99 127 8
100 36 8
100 75 1
100 132 8
100 157 10
101 10 5
101 36 7
101 40 7
101 61 8
101 72 2
101 75 1
101 126 2
101 129 8
101 149 6
102 12 3
102 53 1
103 54 10
103 131 1
103 157 6
104 10 7
104 75 5
104 129 9
104 152 5
105 1 10
105 15 8
105 55 10
105 70 1
105 96 6
105 98 7
106 5 6
106 23 10
106 28 10
106 32 7
106 36 2
106 49 8
106 61 3
106 64 10
106 68 8
106 81 6
106 89 10
106 110 9
106 143 8
106 149 9
107 1 8
107 3 6
107 6 6
107 30 7
107 99 3
107 127 2
108 51 3
108 56 10
108 111 10
108 153 1
108 155 7
109 28 6
109 83 4
109 137 3
110 85 3
110 86 3
110 106 9
111 13 9
111 18 5
111 49 6
111 98 3
111 108 10
111 114 6
111 116 7
111 133 9
112 25 3
112 52 4
112 122 6
112 146 10
113 42 6
113 46 5
113 79 3
114 5 2
114 6 7
114 111 6
114 141 7
114 152 7
115 40 5
115 56 9
115 154 6
116 34 5
116 111 7
116 124 10
116 126 9
117 7 3
117 29 4
117 36 5
117 69 4
117 96 2
117 125 2
118 37 10
118 44 9
118 76 2
118 83 1
118 93 7
118 97 5
118 129 7
118 154 1
119 30 2
119 63 7
119 75 6
120 48 10
120 78 6
120 91 3
120 95 2
121 13 7
121 52 6
121 65 5
121 147 1
121 152 4
122 13 6
122 49 8
122 65 9
122 112 6
122 123 7
122 150 2
123 122 7
123 158 2
124 64 4
124 84 1
124 116 10
124 133 9
124 156 7
125 10 7
125 45 3
125 60 7
125 117 2
126 50 8
126 84 6
126 97 3
126 101 2
126 116 9
126 158 9
127 5 1
127 99 8
127 107 2
127 159 7
128 6 5
128 52 10
128 133 2
129 101 8
129 104 9
129 118 7
129 134 8
130 6 3
130 59 1
130 95 5
131 16 7
131 22 2
131 34 2
131 39 10
131 91 3
131 98 5
131 103 1
132 28 1
132 62 7
132 98 10
132 100 8
132 139 7
132 149 9
133 38 5
133 58 7
133 71 3
133 111 9
133 124 9
133 128 2
133 153 5
134 28 10
134 129 8
135 10 6
135 17 8
135 39 4
135 62 8
135 78 1
135 97 5
135 155 1
136 72 6
136 84 7
136 95 6
137 41 10
137 77 6
137 96 7
137 109 3
138 30 1
138 55 5
138 97 5
139 24 2
139 56 1
139 78 7
139 95 5
139 132 7
139 148 8
140 22 3
140 32 5
140 89 1
140 141 3
140 147 5
141 10 8
141 42 2
141 114 7
141 140 3
141 151 10
142 50 5
142 159 8
143 85 3
143 106 8
144 14 4
144 21 5
144 25 5
144 46 4
144 64 4
145 6 5
145 22 4
145 76 5
146 24 10
146 45 1
146 72 6
146 81 10
146 112 10
146 154 6
147 15 10
147 69 7
147 121 1
147 140 5
148 23 6
148 79 2
148 139 8
148 156 3
149 30 1
149 72 7
149 101 6
149 106 9
149 132 9
150 27 2
150 30 10
150 35 6
150 38 10
150 122 2
151 10 10
151 28 1
151 41 10
151 42 8
151 51 8
151 56 4
151 95 4
151 141 10
151 157 8
152 104 5
152 114 7
152 121 4
153 32 2
153 69 4
153 108 1
153 133 5
154 73 2
154 115 6
154 118 1
154 146 6
155 44 9
155 108 7
155 135 1
156 33 10
156 37 1
156 40 10
156 53 5
156 86 4
156 124 7
156 148 3
157 7 2
157 29 4
157 41 10
157 46 2
157 47 8
157 82 6
157 100 10
157 103 6
157 151 8
158 21 9
158 68 3
158 123 2
158 126 9
159 49 4
159 69 10
159 72 4
159 73 5
159 96 1
159 127 7
159 142 8
