165
718
135
148
0 20 3
0 23 2
0 35 3
0 51 8
0 63 1
0 91 1
0 115 9
0 120 1
0 151 5
0 32 9
1 19 2
1 22 4
1 28 1
1 60 3
1 113 9
1 156 6
2 11 8
2 59 8
2 90 2
2 131 4
2 133 7
3 49 8
3 65 3
3 104 7
3 157 7
4 76 1
4 114 4
4 149 3
5 28 1
5 31 5
5 55 9
5 110 1
5 112 10
5 149 10
6 38 8
6 45 6
6 53 2
6 115 6
6 120 7
7 10 4
7 71 9
7 122 3
7 139 5
7 162 6
8 23 7
8 81 3
9 65 2
9 88 10
9 101 5
9 127 10
9 154 6
10 7 4
10 77 9
10 99 5
11 2 8
11 103 6
11 141 3
11 152 4
11 163 7
12 53 10
12 78 4
12 112 8
12 144 8
12 153 3
12 164 8
13 40 10
13 68 2
13 86 9
13 118 9
13 162 6
14 26 8
14 93 6
14 111 1
14 146 5
15 30 9
15 44 4
15 54 10
15 75 5
15 164 10
16 20 7
16 24 7
16 63 2
16 122 6
17 69 7
17 89 8
17 125 9
18 38 5
18 67 3
18 92 2
18 105 9
18 128 5
18 157 5
18 158 2
19 1 2
19 43 3
19 112 3
19 145 5
19 148 9
20 0 3
20 16 7
20 121 5
21 28 8
21 61 5
21 68 3
21 112 6
21 119 8
21 122 9
22 1 4
22 27 4
23 0 2
23 8 7
23 74 3
24 16 7
24 36 1
24 78 2
24 128 4
24 152 7
25 27 9
25 78 1
26 14 8
26 73 5
26 136 3
26 154 3
27 22 4
27 25 9
27 64 6
27 74 4
28 1 1
28 5 1
28 21 8
28 113 10
28 163 7
29 101 2
29 114 3
29 140 6
29 148 8
30 15 9
30 107 8
30 127 7
30 135 2
30 146 5
31 5 5
31 40 3
31 46 8
31 65 8
31 117 3
32 0 9
32 102 10
33 93 7
33 94 2
33 118 10
34 120 3
34 124 8
34 142 1
34 156 1
35 0 3
35 50 6
35 53 5
36 24 1
36 53 2
37 110 3
37 129 8
37 145 9
38 6 8
38 18 5
38 61 3
38 134 2
38 159 7
39 94 8
39 96 1
39 127 1
39 140 2
39 144 7
39 161 4
40 13 10
40 31 3
40 46 9
40 53 7
40 65 9
40 77 9
40 120 1
41 47 7
41 68 5
41 69 4
42 83 5
42 160 2
43 19 3
43 51 2
43 60 1
44 15 4
44 77 4
44 148 8
45 6 6
45 82 4
45 89 8
45 110 4
45 156 7
46 31 8
46 40 9
46 103 8
46 107 2
47 41 7
47 57 10
47 61 1
47 93 4
47 157 4
48 115 8
49 3 8
49 79 4
49 99 7
49 127 1
49 157 10
50 35 6
50 121 1
50 143 6
51 0 8
51 43 2
51 66 4
51 70 4
51 81 2
51 104 5
51 130 8
52 85 4
52 100 6
52 105 5
52 137 8
53 6 2
53 12 10
53 35 5
53 36 2
53 40 7
53 115 6
53 122 4
54 15 10
55 5 9
55 78 8
56 65 8
57 47 10
57 59 4
57 65 3
57 68 5
57 83 6
57 86 10
57 114 1
58 106 3
58 121 10
59 2 8
59 57 4
59 86 4
60 1 3
60 43 1
60 61 2
60 85 4
60 155 9
61 21 5
61 38 3
61 47 1
61 60 2
61 99 1
61 131 8
62 95 4
62 129 5
62 163 4
63 0 1
63 16 2
63 71 2
63 91 4
64 27 6
64 77 7
64 129 9
65 3 3
65 9 2
65 31 8
65 40 9
65 56 8
65 57 3
65 77 10
65 128 10
66 51 4
66 93 10
66 106 2
67 18 3
67 77 10
67 88 3
67 143 7
67 163 10
68 13 2
68 21 3
68 41 5
68 57 5
68 103 4
68 113 7
68 115 6
68 120 10
69 17 7
69 41 4
69 141 4
69 161 3
70 51 4
70 93 3
70 97 9
70 103 10
70 149 2
71 7 9
71 63 2
72 83 10
72 110 9
72 150 2
73 26 5
73 87 8
74 23 3
74 27 4
74 107 3
75 15 5
75 133 7
75 164 6
76 4 1
76 150 4
76 155 6
77 10 9
77 40 9
77 44 4
77 64 7
77 65 10
77 67 10
77 99 3
77 114 3
77 142 9
78 12 4
78 24 2
78 25 1
78 55 8
78 84 2
78 110 1
78 122 6
78 163 2
79 49 4
79 107 8
79 151 8
79 158 8
79 159 3
80 161 7
81 8 3
81 51 2
81 119 6
81 123 3
81 142 4
81 143 2
81 158 8
82 45 4
83 42 5
83 57 6
83 72 10
83 91 7
84 78 2
84 115 6
84 134 1
85 52 4
85 60 4
85 118 2
85 131 5
85 147 6
85 149 7
86 13 9
86 57 10
86 59 4
86 99 5
86 104 2
86 140 4
87 73 8
87 141 5
87 154 1
88 9 10
88 67 3
88 131 5
89 17 8
89 45 8
89 106 2
89 112 9
89 129 10
89 157 4
90 2 2
90 128 1
91 0 1
91 63 4
91 83 7
91 120 6
91 150 3
92 18 2
92 96 9
92 128 7
92 158 7
93 14 6
93 33 7
93 47 4
93 66 10
93 70 3
93 116 9
94 33 2
94 39 8
94 100 10
94 113 3
94 117 10
94 137 9
94 141 8
94 164 3
95 62 4
95 98 7
95 108 7
95 138 4
95 164 6
96 39 1
96 92 9
96 107 6
96 108 3
97 70 9
97 129 8
98 95 7
98 116 6
98 124 3
99 10 5
99 49 7
99 61 1
99 77 3
99 86 5
99 160 10
100 52 6
100 94 10
101 9 5
101 29 2
102 32 10
103 11 6
103 46 8
103 68 4
103 70 10
103 108 2
103 121 4
103 160 1
104 3 7
104 51 5
104 86 2
104 141 5
105 18 9
105 52 5
105 154 8
105 163 2
106 58 3
106 66 2
106 89 2
106 121 1
106 131 4
106 133 8
106 138 10
107 30 8
107 46 2
107 74 3
107 79 8
107 96 6
107 138 4
107 155 6
108 95 7
108 96 3
108 103 2
108 117 1
108 142 4
108 154 6
109 137 10
109 143 6
109 156 5
110 5 1
110 37 3
110 45 4
110 72 9
110 78 1
110 127 9
110 140 3
110 154 9
111 14 1
112 5 10
112 12 8
112 19 3
112 21 6
112 89 9
112 119 4
113 1 9
113 28 10
113 68 7
113 94 3
114 4 4
114 29 3
114 57 1
114 77 3
114 141 6
114 156 10
114 160 4
115 0 9
115 6 6
115 48 8
115 53 6
115 68 6
115 84 6
115 116 8
115 154 9
116 93 9
116 98 6
116 115 8
116 126 5
116 159 5
117 31 3
117 94 10
117 108 1
117 154 1
117 155 10
118 13 9
118 33 10
118 85 2
119 21 8
119 81 6
119 112 4
119 122 7
120 0 1
120 6 7
120 34 3
120 40 1
120 68 10
120 91 6
120 133 9
120 157 8
121 20 5
121 50 1
121 58 10
121 103 4
121 106 1
121 142 6
121 153 10
122 7 3
122 16 6
122 21 9
122 53 4
122 78 6
122 119 7
123 81 3
124 34 8
124 98 3
124 139 1
124 142 3
124 150 8
125 17 9
126 116 5
126 143 6
126 153 2
126 161 10
127 9 10
127 30 7
127 39 1
127 49 1
127 110 9
128 18 5
128 24 4
128 65 10
128 90 1
128 92 7
129 37 8
129 62 5
129 64 9
129 89 10
129 97 8
129 158 3
130 51 8
130 139 10
131 2 4
131 61 8
131 85 5
131 88 5
131 106 4
132 135 3
133 2 7
133 75 7
133 106 8
133 120 9
134 38 2
134 84 1
134 159 2
135 30 2
135 132 3
135 154 6
136 26 3
136 144 4
137 52 8
137 94 9
137 109 10
138 95 4
138 106 10
138 107 4
138 150 8
138 164 1
139 7 5
139 124 1
139 130 10
139 158 2
140 29 6
140 39 2
140 86 4
140 110 3
141 11 3
141 69 4
141 87 5
141 94 8
141 104 5
141 114 6
141 146 7
142 34 1
142 77 9
142 81 4
142 108 4
142 121 6
142 124 3
143 50 6
143 67 7
143 81 2
143 109 6
143 126 6
144 12 8
144 39 7
144 136 4
145 19 5
145 37 9
146 14 5
146 30 5
146 141 7
146 154 1
147 85 6
148 19 9
148 29 8
148 44 8
149 4 3
149 5 10
149 70 2
149 85 7
149 155 1
150 72 2
150 76 4
150 91 3
150 124 8
150 138 8
150 161 1
151 0 5
151 79 8
152 11 4
152 24 7
152 155 2
153 12 3
153 121 10
153 126 2
154 9 6
154 26 3
154 87 1
154 105 8
154 108 6
154 110 9
154 115 9
154 117 1
154 135 6
154 146 1
155 60 9
155 76 6
155 107 6
155 117 10
155 149 1
155 152 2
156 1 6
156 34 1
156 45 7
156 109 5
156 114 10
156 159 9
156 162 7
157 3 7
157 18 5
157 47 4
157 49 10
157 89 4
157 120 8
158 18 2
158 79 8
158 81 8
158 92 7
158 129 3
158 139 2
159 38 7
159 79 3
159 116 5
159 134 2
159 156 9
160 42 2
160 99 10
160 103 1
160 114 4
161 39 4
161 69 3
161 80 7
161 126 10
161 150 1
162 7 6
162 13 6
162 156 7
163 11 7
163 28 7
163 62 4
163 67 10
163 78 2
163 105 2
164 12 8
164 15 10
164 75 6
164 94 3
164 95 6
164 138 1
