146
638
23
117
0 24 4
0 35 5
0 37 4
0 54 4
0 59 1
0 82 4
0 103 6
0 140 10
0 144 6
0 98 9
1 5 2
1 16 6
1 48 6
1 62 6
1 143 9
2 32 1
2 49 4
2 68 6
2 96 4
2 109 8
2 114 10
3 43 7
3 56 3
3 71 2
3 101 2
3 143 1
4 20 3
4 48 4
4 51 2
4 52 2
4 60 2
4 66 6
4 91 8
4 104 8
4 136 5
4 138 3
4 139 10
5 1 2
5 47 6
5 64 6
6 34 5
6 35 8
6 64 2
6 69 1
6 81 6
6 84 9
6 132 1
7 10 5
7 17 4
7 19 6
7 120 6
7 138 10
8 48 10
8 81 1
8 83 4
8 115 2
9 102 3
9 118 6
9 143 3
9 145 3
10 7 5
10 25 4
10 44 6
10 66 9
10 90 5
10 144 5
11 22 3
11 76 2
11 137 4
12 48 1
12 72 5
12 77 10
12 99 10
12 108 1
12 119 8
13 37 7
13 38 3
13 42 4
13 113 10
14 21 5
14 28 8
14 90 10
14 106 9
15 19 7
15 32 10
15 136 2
15 140 5
16 1 6
16 71 8
16 76 7
16 100 10
17 7 4
17 28 6
17 33 9
17 52 3
17 59 6
17 69 4
17 135 3
18 71 5
18 101 6
19 7 6
19 15 7
19 85 5
19 94 7
20 4 3
20 31 1
20 127 8
21 14 5
21 41 1
21 58 8
21 62 5
21 95 1
21 100 4
21 104 2
22 11 3
22 62 4
22 73 5
22 97 9
22 116 3
22 125 5
23 24 1
23 43 1
23 52 2
23 142 9
24 0 4
24 23 1
25 10 4
25 35 7
25 77 7
25 89 8
25 129 6
26 27 8
26 30 5
26 31 2
26 41 3
26 78 8
26 92 2
27 26 8
27 31 9
27 70 6
27 84 8
27 91 6
28 14 8
28 17 6
28 42 2
28 62 6
28 70 5
28 92 2
28 111 9
28 114 1
28 124 4
29 88 9
29 105 4
29 111 9
29 126 7
30 26 5
30 47 4
30 92 2
30 112 6
30 122 3
30 138 8
31 20 1
31 26 2
31 27 9
31 36 1
31 64 10
31 96 2
32 2 1
32 15 10
32 76 2
33 17 9
33 64 10
33 81 10
33 91 5
33 137 2
34 6 5
34 61 9
34 99 8
34 104 9
34 105 7
34 107 2
34 117 4
35 0 5
35 6 8
35 25 7
35 78 6
35 128 2
35 130 7
35 132 6
36 31 1
36 64 8
36 87 6
36 111 1
37 0 4
37 13 7
37 38 9
38 13 3
38 37 9
38 93 5
39 45 7
39 54 10
39 65 7
39 72 3
39 138 7
40 51 4
41 21 1
41 26 3
41 112 10
41 130 5
41 136 1
42 13 4
42 28 2
42 44 3
42 60 3
42 93 6
42 105 4
42 110 9
42 120 9
43 3 7
43 23 1
43 64 5
43 118 3
43 129 3
43 136 9
43 138 6
44 10 6
44 42 3
44 119 9
44 134 7
45 39 7
45 86 4
45 100 7
45 126 10
46 94 4
46 99 8
47 5 6
47 30 4
47 77 6
47 112 9
47 139 2
48 1 6
48 4 4
48 8 10
48 12 1
48 56 7
48 62 4
48 73 2
48 92 4
48 99 9
48 143 10
49 2 4
49 72 2
49 118 6
50 102 3
51 4 2
51 40 4
51 97 4
51 121 4
51 125 6
51 127 6
52 4 2
52 17 3
52 23 2
52 95 4
52 131 4
52 144 3
52 145 2
53 84 7
53 113 6
54 0 4
54 39 10
54 67 10
54 74 10
54 112 6
54 113 1
55 140 4
55 144 5
56 3 3
56 48 7
56 92 4
56 94 5
56 112 6
57 67 6
58 21 8
58 103 5
58 105 1
58 121 10
58 124 5
59 0 1
59 17 6
59 123 8
59 128 8
60 4 2
60 42 3
60 118 8
61 34 9
62 1 6
62 21 5
62 22 4
62 28 6
62 48 4
62 66 5
62 70 1
62 144 10
63 88 3
63 127 5
64 5 6
64 6 2
64 31 10
64 33 10
64 36 8
64 43 5
64 79 8
64 81 9
64 123 9
65 39 7
65 123 4
66 4 6
66 10 9
66 62 5
66 132 1
67 54 10
67 57 6
67 113 1
68 2 6
68 92 1
68 136 3
69 6 1
69 17 4
69 135 6
69 136 4
70 27 6
70 28 5
70 62 1
70 130 7
70 142 5
71 3 2
71 16 8
71 18 5
71 101 8
71 107 5
71 142 2
72 12 5
72 39 3
72 49 2
73 22 5
73 48 2
73 124 7
74 54 10
74 116 9
74 129 5
75 86 8
76 11 2
76 16 7
76 32 2
76 79 8
76 95 5
77 12 10
77 25 7
77 47 6
77 102 6
77 107 1
77 117 9
78 26 8
78 35 6
78 95 4
78 99 9
79 64 8
79 76 8
79 144 8
80 131 1
80 135 10
81 6 6
81 8 1
81 33 10
81 64 9
82 0 4
83 8 4
83 89 2
83 107 4
83 122 8
84 6 9
84 27 8
84 53 7
84 92 7
85 19 5
85 104 6
86 45 4
86 75 8
86 88 9
86 96 1
87 36 6
87 136 1
88 29 9
88 63 3
88 86 9
88 94 4
88 95 9
88 114 4
88 118 1
89 25 8
89 83 2
89 107 5
90 10 5
90 14 10
90 125 5
91 4 8
91 27 6
91 33 5
91 107 1
91 113 7
91 134 10
91 144 9
92 26 2
92 28 2
92 30 2
92 48 4
92 56 4
92 68 1
92 84 7
93 38 5
93 42 6
93 110 1
93 129 9
93 140 6
94 19 7
94 46 4
94 56 5
94 88 4
95 21 1
95 52 4
95 76 5
95 78 4
95 88 9
95 99 7
96 2 4
96 31 2
96 86 1
96 139 1
96 141 4
97 22 9
97 51 4
97 122 1
97 133 9
97 138 5
98 0 9
99 12 10
99 34 8
99 46 8
99 48 9
99 78 9
99 95 7
100 16 10
100 21 4
100 45 7
100 120 1
101 3 2
101 18 6
101 71 8
101 129 7
102 9 3
102 50 3
102 77 6
102 125 3
102 143 3
103 0 6
103 58 5
104 4 8
104 21 2
104 34 9
104 85 6
105 29 4
105 34 7
105 42 4
105 58 1
106 14 9
106 133 7
107 34 2
107 71 5
107 77 1
107 83 4
107 89 5
107 91 1
107 137 5
108 12 1
108 111 5
108 119 3
109 2 8
110 42 9
110 93 1
111 28 9
111 29 9
111 36 1
111 108 5
112 30 6
112 41 10
112 47 9
112 54 6
112 56 6
112 114 6
113 13 10
113 53 6
113 54 1
113 67 1
113 91 7
113 130 5
114 2 10
114 28 1
114 88 4
114 112 6
115 8 2
116 22 3
116 74 9
117 34 4
117 77 9
117 126 6
118 9 6
118 43 3
118 49 6
118 60 8
118 88 1
118 135 6
119 12 8
119 44 9
119 108 3
119 132 1
119 142 2
120 7 6
120 42 9
120 100 1
121 51 4
121 58 10
121 131 4
122 30 3
122 83 8
122 97 1
122 144 10
123 59 8
123 64 9
123 65 4
124 28 4
124 58 5
124 73 7
125 22 5
125 51 6
125 90 5
125 102 3
126 29 7
126 45 10
126 117 6
126 145 6
127 20 8
127 51 6
127 63 5
127 136 8
128 35 2
128 59 8
128 133 3
129 25 6
129 43 3
129 74 5
129 93 9
129 101 7
130 35 7
130 41 5
130 70 7
130 113 5
130 135 5
131 52 4
131 80 1
131 121 4
132 6 1
132 35 6
132 66 1
132 119 1
133 97 9
133 106 7
133 128 3
133 141 5
134 44 7
134 91 10
135 17 3
135 69 6
135 80 10
135 118 6
135 130 5
135 138 2
135 142 7
136 4 5
136 15 2
136 41 1
136 43 9
136 68 3
136 69 4
136 87 1
136 127 8
136 139 1
137 11 4
137 33 2
137 107 5
138 4 3
138 7 10
138 30 8
138 39 7
138 43 6
138 97 5
138 135 2
139 4 10
139 47 2
139 96 1
139 136 1
140 0 10
140 15 5
140 55 4
140 93 6
141 96 4
141 133 5
142 23 9
142 70 5
142 71 2
142 119 2
142 135 7
143 1 9
143 3 1
143 9 3
143 48 10
143 102 3
144 0 6
144 10 5
144 52 3
144 55 5
144 62 10
144 79 8
144 91 9
144 122 10
145 9 3
145 52 2
145 126 6
