188
1060
34
57
0 34 1
0 91 3
0 109 7
0 124 10
0 138 5
1 60 3
1 93 10
1 123 10
1 124 3
1 149 3
1 153 10
1 160 10
2 6 9
2 54 5
2 67 4
2 70 1
2 79 7
2 102 6
2 103 10
2 111 1
2 119 8
2 120 10
2 185 6
3 32 2
3 59 5
3 100 4
3 134 5
3 150 2
3 182 4
4 24 6
4 28 8
4 90 1
4 107 7
4 119 7
4 140 2
5 19 10
5 25 8
5 74 5
5 142 8
6 2 9
6 64 5
6 127 5
6 172 9
6 182 8
7 38 7
7 63 5
7 102 7
7 140 9
8 41 3
8 52 7
8 61 3
8 64 3
8 137 10
8 162 3
9 12 3
9 40 1
9 136 3
9 146 7
10 27 1
10 29 9
10 111 4
10 129 3
10 135 1
11 32 7
11 122 8
11 138 8
12 9 3
12 110 1
12 133 8
13 109 5
13 151 2
13 183 8
14 35 9
14 108 9
14 119 6
14 181 4
15 38 4
15 45 7
15 119 9
15 127 7
15 162 5
16 110 10
17 56 7
17 93 8
17 127 4
17 144 5
17 148 3
17 177 4
18 32 1
18 63 8
18 86 1
18 135 8
18 172 7
19 5 10
19 52 3
19 75 10
19 101 9
19 159 10
20 42 7
20 75 8
20 98 7
20 100 4
20 180 6
21 37 9
21 54 1
21 140 7
22 28 10
22 41 3
22 47 1
22 59 1
22 86 5
22 114 6
22 130 3
22 131 4
22 138 6
22 151 7
22 177 4
23 89 3
24 4 6
24 35 1
24 38 1
24 89 8
24 97 2
24 103 3
25 5 8
25 34 7
25 98 7
25 109 6
25 159 10
26 37 10
26 52 8
26 68 2
26 91 3
26 94 1
26 105 6
26 165 2
26 186 10
27 10 1
27 37 9
27 54 5
27 56 6
27 59 6
27 77 1
27 81 8
27 109 7
27 163 6
27 166 8
28 4 8
28 22 10
28 50 5
28 106 9
28 144 1
28 152 10
28 162 1
28 178 1
28 184 9
29 10 9
29 119 4
29 164 6
29 172 6
30 41 9
30 64 1
30 102 9
30 109 6
31 51 9
31 83 5
31 93 6
31 103 5
31 119 4
32 3 2
32 11 7
32 18 1
32 156 4
32 175 4
33 52 10
33 75 2
33 94 7
33 131 9
33 137 9
34 0 1
34 25 7
34 42 2
34 123 5
34 133 2
34 149 9
34 156 2
34 160 4
34 175 2
35 14 9
35 24 1
35 62 2
35 154 6
36 55 7
36 79 10
36 84 5
36 87 8
36 115 4
36 117 3
36 184 7
37 21 9
37 26 10
37 27 9
37 116 3
37 123 3
37 126 4
37 149 9
37 160 5
37 175 1
38 7 7
38 15 4
38 24 1
38 55 3
38 65 7
38 88 6
38 158 8
39 156 6
39 186 3
40 9 1
40 75 5
40 82 7
40 110 4
41 8 3
41 22 3
41 30 9
41 51 3
41 98 3
41 116 4
41 177 2
41 181 4
41 186 9
42 20 7
42 34 2
42 48 2
42 68 1
42 78 6
42 110 7
42 121 6
42 136 7
43 54 5
43 79 1
43 111 3
43 146 9
44 85 6
44 146 9
44 154 2
44 169 5
45 15 7
45 92 5
45 101 5
45 176 9
46 51 3
46 95 2
46 130 7
46 152 1
46 168 1
46 179 2
47 22 1
47 60 3
47 73 8
47 104 3
48 42 2
48 54 9
48 55 4
48 101 6
48 104 5
48 105 1
48 140 7
48 146 4
49 67 5
49 151 4
49 186 8
50 28 5
50 60 9
50 72 3
50 93 2
50 120 5
50 123 4
50 144 5
51 31 9
51 41 3
51 46 3
51 122 10
51 127 8
52 8 7
52 19 3
52 26 8
52 33 10
52 73 4
52 94 5
52 157 6
53 140 4
54 2 5
54 21 1
54 27 5
54 43 5
54 48 9
54 99 2
54 128 6
54 167 9
54 176 5
54 186 5
55 36 7
55 38 3
55 48 4
55 72 5
55 73 10
55 74 1
55 77 4
55 123 7
55 126 4
55 137 9
55 162 3
56 17 7
56 27 6
56 113 3
56 181 8
57 84 5
57 111 4
57 115 6
57 129 5
57 167 2
58 147 2
59 3 5
59 22 1
59 27 6
59 90 4
59 98 8
59 101 9
59 159 4
60 1 3
60 47 3
60 50 9
60 118 8
60 182 2
61 8 3
61 84 10
61 100 1
61 109 7
61 119 2
61 147 5
61 178 6
61 183 3
62 35 2
62 81 10
62 89 4
62 110 10
62 117 6
62 147 8
62 156 7
63 7 5
63 18 8
63 95 6
63 151 6
63 153 5
63 161 10
64 6 5
64 8 3
64 30 1
64 83 7
64 143 5
64 186 9
65 38 7
65 133 6
65 138 10
65 150 9
65 157 8
66 72 2
66 92 8
66 129 9
67 2 4
67 49 5
67 176 7
68 26 2
68 42 1
68 95 5
68 98 5
68 140 6
68 151 7
68 158 4
68 163 3
69 137 1
69 140 8
69 171 8
70 2 1
70 83 4
70 101 10
70 120 8
70 126 10
70 146 1
71 84 3
71 94 6
71 164 3
71 169 6
71 183 1
72 50 3
72 55 5
72 66 2
72 94 4
72 102 10
72 156 2
72 172 5
73 47 8
73 52 4
73 55 10
73 151 10
74 5 5
74 55 1
74 81 1
74 159 2
74 175 9
75 19 10
75 20 8
75 33 2
75 40 5
75 121 5
75 133 3
75 162 10
76 85 8
76 89 1
76 100 8
76 149 3
77 27 1
77 55 4
77 112 3
77 149 3
77 150 10
78 42 6
78 121 2
78 175 5
79 2 7
79 36 10
79 43 1
79 93 1
79 121 10
79 133 4
79 163 4
80 119 9
80 181 10
80 182 3
80 184 8
81 27 8
81 62 10
81 74 1
81 149 8
81 151 6
81 161 6
82 40 7
82 117 8
82 130 9
82 171 8
82 176 9
83 31 5
83 64 7
83 70 4
83 107 2
83 111 3
83 129 7
84 36 5
84 57 5
84 61 10
84 71 3
84 92 9
84 98 3
84 103 5
84 139 6
84 149 9
85 44 6
85 76 8
85 144 1
85 165 1
85 169 3
86 18 1
86 22 5
86 117 1
86 144 6
87 36 8
87 88 3
87 130 6
88 38 6
88 87 3
88 90 2
88 127 4
88 137 9
88 154 5
88 164 6
88 177 6
89 23 3
89 24 8
89 62 4
89 76 1
89 107 1
89 109 7
89 141 6
90 4 1
90 59 4
90 88 2
90 95 6
90 160 2
91 0 3
91 26 3
91 144 9
91 153 5
91 166 8
91 183 10
92 45 5
92 66 8
92 84 9
92 152 1
92 169 2
93 1 10
93 17 8
93 31 6
93 50 2
93 79 1
93 101 5
93 118 4
93 147 1
93 160 8
93 173 3
94 26 1
94 33 7
94 52 5
94 71 6
94 72 4
94 125 9
94 137 2
94 166 1
95 46 2
95 63 6
95 68 5
95 90 6
95 97 5
95 108 9
95 117 9
95 143 10
96 123 2
96 125 3
97 24 2
97 95 5
98 20 7
98 25 7
98 41 3
98 59 8
98 68 5
98 84 3
98 123 10
98 163 2
99 54 2
99 129 3
99 146 10
100 3 4
100 20 4
100 61 1
100 76 8
101 19 9
101 45 5
101 48 6
101 59 9
101 70 10
101 93 5
101 102 5
101 150 4
101 167 5
102 2 6
102 7 7
102 30 9
102 72 10
102 101 5
102 113 4
102 148 1
102 178 3
103 2 10
103 24 3
103 31 5
103 84 5
103 123 3
103 150 2
103 174 7
104 47 3
104 48 5
104 176 2
104 179 7
105 26 6
105 48 1
105 123 3
106 28 9
106 135 6
107 4 7
107 83 2
107 89 1
107 114 6
107 130 8
107 147 10
107 163 2
108 14 9
108 95 9
108 112 7
108 132 9
109 0 7
109 13 5
109 25 6
109 27 7
109 30 6
109 61 7
109 89 7
110 12 1
110 16 10
110 40 4
110 42 7
110 62 10
110 119 5
111 2 1
111 10 4
111 43 3
111 57 4
111 83 3
111 145 2
112 77 3
112 108 7
112 130 9
112 145 8
112 165 9
113 56 3
113 102 4
113 146 5
113 158 9
113 186 2
114 22 6
114 107 6
114 121 8
114 146 7
114 171 5
114 173 10
115 36 4
115 57 6
115 133 5
115 152 6
115 161 5
115 175 7
115 178 10
116 37 3
116 41 4
117 36 3
117 62 6
117 82 8
117 86 1
117 95 9
117 137 5
117 156 8
117 161 1
118 60 8
118 93 4
118 131 4
118 152 1
119 2 8
119 4 7
119 14 6
119 15 9
119 29 4
119 31 4
119 61 2
119 80 9
119 110 5
119 185 1
120 2 10
120 50 5
120 70 8
120 135 4
120 139 10
120 159 5
121 42 6
121 75 5
121 78 2
121 79 10
121 114 8
121 123 4
122 11 8
122 51 10
122 145 1
122 165 7
122 167 1
123 1 10
123 34 5
123 37 3
123 50 4
123 55 7
123 96 2
123 98 10
123 103 3
123 105 3
123 121 4
123 159 8
124 0 10
124 1 3
124 128 8
124 135 3
125 94 9
125 96 3
125 132 2
126 37 4
126 55 4
126 70 10
126 132 1
126 134 6
126 177 10
127 6 5
127 15 7
127 17 4
127 51 8
127 88 4
127 143 2
127 156 6
128 54 6
128 124 8
128 135 6
128 137 5
128 154 5
128 173 9
129 10 3
129 57 5
129 66 9
129 83 7
129 99 3
129 140 7
129 147 5
129 160 10
129 166 8
130 22 3
130 46 7
130 82 9
130 87 6
130 107 8
130 112 9
130 140 10
130 143 4
130 175 3
131 22 4
131 33 9
131 118 4
131 148 7
131 151 1
131 163 4
131 169 9
131 170 6
131 181 3
132 108 9
132 125 2
132 126 1
132 182 9
133 12 8
133 34 2
133 65 6
133 75 3
133 79 4
133 115 5
133 161 4
133 187 6
134 3 5
134 126 6
135 10 1
135 18 8
135 106 6
135 120 4
135 124 3
135 128 6
135 137 6
135 160 7
135 173 1
135 184 1
136 9 3
136 42 7
136 179 9
137 8 10
137 33 9
137 55 9
137 69 1
137 88 9
137 94 2
137 117 5
137 128 5
137 135 6
137 161 4
137 165 10
138 0 5
138 11 8
138 22 6
138 65 10
138 141 1
138 160 6
138 161 2
139 84 6
139 120 10
140 4 2
140 7 9
140 21 7
140 48 7
140 53 4
140 68 6
140 69 8
140 129 7
140 130 10
140 179 6
141 89 6
141 138 1
142 5 8
143 64 5
143 95 10
143 127 2
143 130 4
143 155 6
143 160 3
144 17 5
144 28 1
144 50 5
144 85 1
144 86 6
144 91 9
145 111 2
145 112 8
145 122 1
146 9 7
146 43 9
146 44 9
146 48 4
146 70 1
146 99 10
146 113 5
146 114 7
147 58 2
147 61 5
147 62 8
147 93 1
147 107 10
147 129 5
147 151 3
147 153 1
148 17 3
148 102 1
148 131 7
149 1 3
149 34 9
149 37 9
149 76 3
149 77 3
149 81 8
149 84 9
149 156 5
150 3 2
150 65 9
150 77 10
150 101 4
150 103 2
150 164 1
151 13 2
151 22 7
151 49 4
151 63 6
151 68 7
151 73 10
151 81 6
151 131 1
151 147 3
152 28 10
152 46 1
152 92 1
152 115 6
152 118 1
153 1 10
153 63 5
153 91 5
153 147 1
153 187 6
154 35 6
154 44 2
154 88 5
154 128 5
154 173 1
155 143 6
155 156 5
155 180 6
156 32 4
156 34 2
156 39 6
156 62 7
156 72 2
156 117 8
156 127 6
156 149 5
156 155 5
156 158 3
156 174 9
156 181 8
156 184 2
157 52 6
157 65 8
157 162 3
157 178 6
158 38 8
158 68 4
158 113 9
158 156 3
158 166 8
158 180 9
159 19 10
159 25 10
159 59 4
159 74 2
159 120 5
159 123 8
159 172 6
159 184 10
160 1 10
160 34 4
160 37 5
160 90 2
160 93 8
160 129 10
160 135 7
160 138 6
160 143 3
160 167 9
161 63 10
161 81 6
161 115 5
161 117 1
161 133 4
161 137 4
161 138 2
161 165 6
161 174 5
162 8 3
162 15 5
162 28 1
162 55 3
162 75 10
162 157 3
163 27 6
163 68 3
163 79 4
163 98 2
163 107 2
163 131 4
164 29 6
164 71 3
164 88 6
164 150 1
164 181 8
165 26 2
165 85 1
165 112 9
165 122 7
165 137 10
165 161 6
166 27 8
166 91 8
166 94 1
166 129 8
166 158 8
166 171 9
167 54 9
167 57 2
167 101 5
167 122 1
167 160 9
167 175 4
168 46 1
169 44 5
169 71 6
169 85 3
169 92 2
169 131 9
170 131 6
170 184 10
171 69 8
171 82 8
171 114 5
171 166 9
171 187 1
172 6 9
172 18 7
172 29 6
172 72 5
172 159 6
173 93 3
173 114 10
173 128 9
173 135 1
173 154 1
174 103 7
174 156 9
174 161 5
175 32 4
175 34 2
175 37 1
175 74 9
175 78 5
175 115 7
175 130 3
175 167 4
176 45 9
176 54 5
176 67 7
176 82 9
176 104 2
176 178 1
177 17 4
177 22 4
177 41 2
177 88 6
177 126 10
178 28 1
178 61 6
178 102 3
178 115 10
178 157 6
178 176 1
179 46 2
179 104 7
179 136 9
179 140 6
180 20 6
180 155 6
180 158 9
181 14 4
181 41 4
181 56 8
181 80 10
181 131 3
181 156 8
181 164 8
182 3 4
182 6 8
182 60 2
182 80 3
182 132 9
182 187 5
183 13 8
183 61 3
183 71 1
183 91 10
184 28 9
184 36 7
184 80 8
184 135 1
184 156 2
184 159 10
184 170 10
185 2 6
185 119 1
186 26 10
186 39 3
186 41 9
186 49 8
186 54 5
186 64 9
186 113 2
187 133 6
187 153 6
187 171 1
187 182 5
