116
418
0
6
0 27 7
0 71 4
0 38 4
1 14 9
1 29 10
1 32 5
1 70 3
1 79 9
2 29 9
2 37 3
2 75 1
2 108 10
3 44 5
3 75 8
3 88 7
4 12 10
4 32 5
4 53 1
4 64 7
4 107 7
5 41 3
5 51 1
5 65 7
5 99 10
6 78 7
6 91 6
6 107 8
7 48 5
7 98 8
7 113 4
8 26 1
8 50 2
8 61 4
8 71 2
9 16 6
9 110 6
10 23 7
10 35 3
11 47 4
11 59 7
11 105 9
12 4 10
12 30 1
12 64 6
12 79 1
12 88 1
13 53 7
13 96 9
14 1 9
14 47 4
14 64 7
14 82 6
14 92 4
15 66 3
15 84 3
15 102 3
16 9 6
16 48 1
17 40 8
17 49 9
17 61 2
18 36 8
18 57 4
18 86 6
18 98 1
19 28 1
19 54 10
19 103 5
19 107 8
20 29 9
20 71 6
20 89 4
20 91 5
20 96 8
20 103 8
20 108 1
21 55 9
21 69 6
22 62 2
22 86 9
22 109 4
23 10 7
23 81 3
24 62 10
24 80 4
24 115 8
25 104 8
26 8 1
26 80 1
26 84 9
26 106 7
27 0 7
27 57 2
28 19 1
29 1 10
29 2 9
29 20 9
29 49 2
29 86 3
30 12 1
30 61 9
30 86 2
31 66 8
31 102 10
32 1 5
32 4 5
32 55 6
32 88 3
32 90 6
32 108 9
32 115 9
33 37 9
33 41 1
33 78 9
33 83 10
33 95 8
34 94 5
35 10 3
35 46 6
36 18 8
36 101 8
37 2 3
37 33 9
37 97 4
38 0 4
38 74 5
39 69 7
40 17 8
40 52 1
41 5 3
41 33 1
41 42 10
42 41 10
42 45 10
42 47 6
42 100 7
42 110 10
43 48 1
44 3 5
44 65 9
44 69 6
44 100 7
44 114 3
45 42 10
45 65 9
45 84 5
45 86 10
46 35 6
46 53 7
46 75 4
46 107 6
46 108 8
47 11 4
47 14 4
47 42 6
47 92 10
48 7 5
48 16 1
48 43 1
48 54 9
48 85 5
48 86 1
49 17 9
49 29 2
49 63 3
49 113 8
50 8 2
50 79 2
51 5 1
51 72 3
51 75 6
52 40 1
52 65 10
52 77 5
53 4 1
53 13 7
53 46 7
53 85 1
53 87 2
54 19 10
54 48 9
54 80 4
55 21 9
55 32 6
56 70 5
56 89 3
56 92 8
56 113 8
57 18 4
57 27 2
57 106 6
58 62 6
58 89 4
58 112 5
59 11 7
59 82 1
59 83 4
59 84 3
60 69 4
60 98 7
61 8 4
61 17 2
61 30 9
61 68 3
61 75 5
61 76 5
61 97 6
61 98 2
62 22 2
62 24 10
62 58 6
62 72 4
62 80 2
62 90 2
63 49 3
63 109 2
64 4 7
64 12 6
64 14 7
64 96 8
64 104 9
65 5 7
65 44 9
65 45 9
65 52 10
66 15 3
66 31 8
66 72 1
67 91 2
68 61 3
68 72 3
68 93 3
68 99 3
69 21 6
69 39 7
69 44 6
69 60 4
69 71 1
69 111 6
70 1 3
70 56 5
70 105 10
71 0 4
71 8 2
71 20 6
71 69 1
71 103 6
71 114 7
72 51 3
72 62 4
72 66 1
72 68 3
72 95 6
73 77 8
73 85 5
73 94 7
73 103 7
73 112 7
74 38 5
75 2 1
75 3 8
75 46 4
75 51 6
75 61 5
75 98 3
76 61 5
77 52 5
77 73 8
77 101 9
78 6 7
78 33 9
78 103 3
79 1 9
79 12 1
79 50 2
80 24 4
80 26 1
80 54 4
80 62 2
80 102 3
81 23 3
82 14 6
82 59 1
82 96 4
82 106 1
83 33 10
83 59 4
84 15 3
84 26 9
84 45 5
84 59 3
84 87 2
85 48 5
85 53 1
85 73 5
85 97 6
85 99 8
86 18 6
86 22 9
86 29 3
86 30 2
86 45 10
86 48 1
87 53 2
87 84 2
87 88 10
88 3 7
88 12 1
88 32 3
88 87 10
89 20 4
89 56 3
89 58 4
89 97 2
90 32 6
90 62 2
91 6 6
91 20 5
91 67 2
91 100 10
91 114 9
92 14 4
92 47 10
92 56 8
92 94 9
93 68 3
93 112 4
93 115 1
94 34 5
94 73 7
94 92 9
95 33 8
95 72 6
95 106 8
96 13 9
96 20 8
96 64 8
96 82 4
96 99 1
96 101 6
96 102 4
97 37 4
97 61 6
97 85 6
97 89 2
97 98 8
97 114 7
98 7 8
98 18 1
98 60 7
98 61 2
98 75 3
98 97 8
98 108 2
99 5 10
99 68 3
99 85 8
99 96 1
100 42 7
100 44 7
100 91 10
101 36 8
101 77 9
101 96 6
102 15 3
102 31 10
102 80 3
102 96 4
103 19 5
103 20 8
103 71 6
103 73 7
103 78 3
103 109 4
103 113 4
104 25 8
104 64 9
105 11 9
105 70 10
105 115 7
106 26 7
106 57 6
106 82 1
106 95 8
107 4 7
107 6 8
107 19 8
107 46 6
107 108 3
108 2 10
108 20 1
108 32 9
108 46 8
108 98 2
108 107 3
109 22 4
109 63 2
109 103 4
110 9 6
110 42 10
111 69 6
112 58 5
112 73 7
112 93 4
112 113 7
113 7 4
113 49 8
113 56 8
113 103 4
113 112 7
114 44 3
114 71 7
114 91 9
114 97 7
115 24 8
115 32 9
115 93 1
115 105 7
