169
906
10
71
0 17 2
0 47 2
0 53 1
0 88 9
0 95 10
0 129 7
0 158 2
0 161 1
0 145 1
1 17 4
1 47 9
1 65 9
1 74 8
1 118 2
1 123 8
2 76 4
2 94 1
2 108 1
3 7 5
3 16 5
3 29 10
3 30 2
3 51 1
3 59 7
3 81 5
3 133 9
4 8 10
4 34 6
4 94 7
4 166 7
5 31 3
5 40 2
5 48 3
5 49 10
5 63 2
5 66 3
5 93 8
5 117 10
5 144 10
6 10 8
6 73 6
7 3 5
7 35 5
7 41 3
7 52 8
7 83 9
7 126 4
7 140 10
8 4 10
8 59 4
8 93 1
8 110 8
8 121 5
8 150 9
8 152 10
8 159 9
9 14 1
9 33 8
9 42 10
9 57 7
9 95 5
9 113 6
9 151 4
9 164 3
10 6 8
10 22 1
10 93 3
11 45 10
11 55 6
11 102 2
11 162 9
12 26 7
12 35 1
12 55 9
12 92 10
12 139 2
13 14 2
13 29 5
13 56 6
13 65 2
13 142 2
13 164 2
14 9 1
14 13 2
14 16 10
14 35 4
14 40 6
14 52 7
14 97 10
14 103 8
14 114 4
14 132 3
15 50 6
16 3 5
16 14 10
16 53 3
16 69 8
16 99 5
17 0 2
17 1 4
17 69 2
17 72 6
17 92 4
17 97 2
17 105 6
17 125 5
17 147 4
18 45 7
18 75 8
18 125 9
19 32 6
19 44 7
19 92 7
20 54 10
20 74 1
20 97 4
21 43 10
21 89 4
21 121 8
21 153 8
21 156 2
22 10 1
22 40 9
22 58 2
22 74 3
22 82 4
22 92 8
22 138 5
22 143 5
22 155 8
22 162 4
23 31 10
23 68 7
24 45 8
24 71 6
24 81 2
24 87 9
24 101 5
24 109 1
24 113 6
24 127 9
24 144 2
25 43 9
25 55 4
25 100 7
25 150 9
26 12 7
26 29 8
26 76 4
26 89 3
26 109 1
26 167 9
27 61 4
27 137 9
27 138 3
28 36 9
28 41 3
28 43 3
28 52 8
28 74 5
28 95 10
28 104 6
28 117 8
28 119 4
28 150 4
29 3 10
29 13 5
29 26 8
29 40 4
29 51 9
29 98 10
29 109 4
29 158 7
30 3 2
30 35 3
30 60 5
30 96 10
30 135 10
30 146 7
30 158 8
30 162 6
31 5 3
31 23 10
31 56 3
31 57 1
31 82 4
31 84 3
31 92 5
31 105 10
31 113 4
31 121 8
31 158 9
32 19 6
32 75 10
32 76 10
32 81 8
32 100 5
32 123 6
32 124 10
32 143 3
33 9 8
33 68 5
33 79 4
33 104 4
33 110 4
33 127 2
33 137 8
33 154 8
33 163 2
34 4 6
34 40 3
34 143 4
35 7 5
35 12 1
35 14 4
35 30 3
35 48 4
35 51 4
35 150 2
35 156 8
36 28 9
36 48 3
36 49 4
36 80 3
36 168 2
37 62 6
37 76 10
37 88 2
37 118 8
38 40 4
38 72 7
38 73 5
38 75 9
38 81 2
38 114 10
38 155 7
38 168 3
39 52 9
39 64 6
39 76 3
39 90 10
39 91 3
40 5 2
40 14 6
40 22 9
40 29 4
40 34 3
40 38 4
40 85 1
41 7 3
41 28 3
41 75 7
41 79 2
41 105 10
42 9 10
42 107 6
42 131 2
42 160 7
43 21 10
43 25 9
43 28 3
43 90 1
43 129 8
43 148 2
44 19 7
44 61 5
44 114 6
44 151 7
44 167 2
45 11 10
45 18 7
45 24 8
45 47 5
45 71 7
45 100 5
46 71 8
46 99 6
46 110 10
46 116 10
46 164 1
47 0 2
47 1 9
47 45 5
47 58 3
47 103 3
47 108 3
47 130 2
47 136 8
48 5 3
48 35 4
48 36 3
48 67 8
48 84 4
48 109 2
48 115 9
48 117 3
48 141 7
49 5 10
49 36 4
49 57 4
49 86 8
49 149 9
49 153 6
49 155 7
50 15 6
50 77 8
51 3 1
51 29 9
51 35 4
51 79 1
51 80 6
51 92 5
51 104 2
51 155 6
52 7 8
52 14 7
52 28 8
52 39 9
52 64 1
52 88 5
53 0 1
53 16 3
53 131 6
54 20 10
54 71 7
54 78 3
54 89 9
54 104 7
54 134 5
54 156 8
54 157 9
55 11 6
55 12 9
55 25 4
55 125 1
55 126 10
56 13 6
56 31 3
56 75 3
56 95 5
56 99 8
56 143 4
56 154 8
57 9 7
57 31 1
57 49 4
58 22 2
58 47 3
58 68 6
58 163 10
59 3 7
59 8 4
59 65 4
59 69 1
59 70 8
59 104 1
59 114 5
59 121 10
59 161 10
60 30 5
60 64 3
60 118 3
61 27 4
61 44 5
61 147 5
61 167 7
62 37 6
62 81 3
62 91 3
62 98 2
63 5 2
63 65 3
63 79 4
63 109 6
63 160 1
64 39 6
64 52 1
64 60 3
64 78 8
64 101 1
64 122 8
64 141 9
65 1 9
65 13 2
65 59 4
65 63 3
65 96 6
65 104 8
65 116 1
65 128 3
65 143 5
65 166 3
66 5 3
66 154 9
66 156 4
67 48 8
67 163 6
67 166 1
68 23 7
68 33 5
68 58 6
68 114 6
68 130 1
68 147 5
69 16 8
69 17 2
69 59 1
69 94 3
69 158 7
70 59 8
70 89 7
70 104 5
70 109 8
70 159 5
70 166 3
71 24 6
71 45 7
71 46 8
71 54 7
71 153 9
71 162 4
72 17 6
72 38 7
72 77 8
72 78 7
72 86 7
72 122 1
73 6 6
73 38 5
73 120 8
73 135 1
73 142 6
74 1 8
74 20 1
74 22 3
74 28 5
74 100 8
74 130 3
74 148 2
75 18 8
75 32 10
75 38 9
75 41 7
75 56 3
75 86 9
75 112 2
75 138 3
76 2 4
76 26 4
76 32 10
76 37 10
76 39 3
76 103 2
76 113 10
76 116 6
76 146 2
76 147 2
76 151 10
76 156 1
76 166 10
77 50 8
77 72 8
77 134 7
78 54 3
78 64 8
78 72 7
79 33 4
79 41 2
79 51 1
79 63 4
80 36 3
80 51 6
80 91 9
80 115 1
80 125 8
80 133 4
80 168 9
81 3 5
81 24 2
81 32 8
81 38 2
81 62 3
81 87 1
82 22 4
82 31 4
82 94 8
82 100 1
82 104 8
82 129 3
83 7 9
83 107 8
84 31 3
84 48 4
84 123 7
85 40 1
86 49 8
86 72 7
86 75 9
87 24 9
87 81 1
87 103 8
87 108 1
87 132 3
87 148 1
87 166 7
88 0 9
88 37 2
88 52 5
88 121 9
88 137 3
89 21 4
89 26 3
89 54 9
89 70 7
90 39 10
90 43 1
90 157 2
91 39 3
91 62 3
91 80 9
91 159 7
92 12 10
92 17 4
92 19 7
92 22 8
92 31 5
92 51 5
92 135 5
92 152 5
92 163 8
93 5 8
93 8 1
93 10 3
93 118 4
93 120 9
94 2 1
94 4 7
94 69 3
94 82 8
94 101 9
94 166 7
95 0 10
95 9 5
95 28 10
95 56 5
96 30 10
96 65 6
96 110 2
97 14 10
97 17 2
97 20 4
97 119 5
98 29 10
98 62 2
98 121 8
98 125 2
99 16 5
99 46 6
99 56 8
100 25 7
100 32 5
100 45 5
100 74 8
100 82 1
100 108 6
100 132 7
101 24 5
101 64 1
101 94 9
101 129 10
101 130 7
101 131 8
102 11 2
102 130 6
103 14 8
103 47 3
103 76 2
103 87 8
103 112 4
104 28 6
104 33 4
104 51 2
104 54 7
104 59 1
104 65 8
104 70 5
104 82 8
104 124 3
104 137 4
104 150 8
105 17 6
105 31 10
105 41 10
105 108 3
105 112 8
105 119 1
105 130 10
105 139 10
105 165 9
106 142 9
106 157 8
107 42 6
107 83 8
108 2 1
108 47 3
108 87 1
108 100 6
108 105 3
108 116 7
108 136 5
108 146 2
108 151 8
109 24 1
109 26 1
109 29 4
109 48 2
109 63 6
109 70 8
109 150 10
110 8 8
110 33 4
110 46 10
110 96 2
110 114 10
111 125 9
111 159 8
111 160 3
111 164 6
112 75 2
112 103 4
112 105 8
112 131 5
113 9 6
113 24 6
113 31 4
113 76 10
113 143 5
113 146 9
114 14 4
114 38 10
114 44 6
114 59 5
114 68 6
114 110 10
114 124 3
114 137 3
114 154 2
115 48 9
115 80 1
115 123 9
115 146 2
115 155 2
115 159 9
116 46 10
116 65 1
116 76 6
116 108 7
116 136 6
116 157 5
117 5 10
117 28 8
117 48 3
117 120 5
117 160 4
118 1 2
118 37 8
118 60 3
118 93 4
118 153 1
119 28 4
119 97 5
119 105 1
120 73 8
120 93 9
120 117 5
120 149 7
120 153 3
120 162 10
120 163 10
121 8 5
121 21 8
121 31 8
121 59 10
121 88 9
121 98 8
121 161 10
122 64 8
122 72 1
122 130 8
122 150 10
123 1 8
123 32 6
123 84 7
123 115 9
124 32 10
124 104 3
124 114 3
125 17 5
125 18 9
125 55 1
125 80 8
125 98 2
125 111 9
125 139 4
126 7 4
126 55 10
126 143 2
126 151 7
127 24 9
127 33 2
127 147 3
127 159 7
127 168 8
128 65 3
128 156 6
128 162 8
129 0 7
129 43 8
129 82 3
129 101 10
130 47 2
130 68 1
130 74 3
130 101 7
130 102 6
130 105 10
130 122 8
131 42 2
131 53 6
131 101 8
131 112 5
131 162 4
132 14 3
132 87 3
132 100 7
132 165 6
133 3 9
133 80 4
134 54 5
134 77 7
135 30 10
135 73 1
135 92 5
135 142 3
135 152 9
136 47 8
136 108 5
136 116 6
136 161 1
136 165 10
137 27 9
137 33 8
137 88 3
137 104 4
137 114 3
137 140 2
137 160 9
138 22 5
138 27 3
138 75 3
138 166 8
139 12 2
139 105 10
139 125 4
139 151 6
140 7 10
140 137 2
141 48 7
141 64 9
141 165 10
142 13 2
142 73 6
142 106 9
142 135 3
142 152 4
143 22 5
143 32 3
143 34 4
143 56 4
143 65 5
143 113 5
143 126 2
144 5 10
144 24 2
144 159 1
144 160 2
144 168 4
145 0 1
146 30 7
146 76 2
146 108 2
146 113 9
146 115 2
147 17 4
147 61 5
147 68 5
147 76 2
147 127 3
147 154 5
148 43 2
148 74 2
148 87 1
149 49 9
149 120 7
149 165 10
150 8 9
150 25 9
150 28 4
150 35 2
150 104 8
150 109 10
150 122 10
151 9 4
151 44 7
151 76 10
151 108 8
151 126 7
151 139 6
152 8 10
152 92 5
152 135 9
152 142 4
153 21 8
153 49 6
153 71 9
153 118 1
153 120 3
154 33 8
154 56 8
154 66 9
154 114 2
154 147 5
155 22 8
155 38 7
155 49 7
155 51 6
155 115 2
156 21 2
156 35 8
156 54 8
156 66 4
156 76 1
156 128 6
157 54 9
157 90 2
157 106 8
157 116 5
158 0 2
158 29 7
158 30 8
158 31 9
158 69 7
159 8 9
159 70 5
159 91 7
159 111 8
159 115 9
159 127 7
159 144 1
160 42 7
160 63 1
160 111 3
160 117 4
160 137 9
160 144 2
161 0 1
161 59 10
161 121 10
161 136 1
162 11 9
162 22 4
162 30 6
162 71 4
162 120 10
162 128 8
162 131 4
163 33 2
163 58 10
163 67 6
163 92 8
163 120 10
164 9 3
164 13 2
164 46 1
164 111 6
165 105 9
165 132 6
165 136 10
165 141 10
165 149 10
166 4 7
166 65 3
166 67 1
166 70 3
166 76 10
166 87 7
166 94 7
166 138 8
167 26 9
167 44 2
167 61 7
168 36 2
168 38 3
168 80 9
168 127 8
168 144 4
