115
404
4
26
0 1 5
0 20 7
0 30 10
0 63 6
0 77 5
0 107 7
0 104 4
1 0 5
1 13 4
1 30 4
1 106 7
2 24 3
2 51 9
2 58 3
2 82 2
2 91 9
2 101 6
3 24 5
3 40 10
3 43 9
3 99 8
4 29 4
4 48 1
4 51 4
4 66 5
4 68 1
5 104 7
6 21 5
6 54 7
6 56 8
6 57 9
7 17 2
7 81 10
8 10 4
8 28 3
8 99 5
9 13 7
9 38 4
9 57 8
9 94 9
10 8 4
10 48 7
10 112 2
11 37 9
11 41 7
11 55 7
11 89 4
12 14 2
12 51 2
12 70 5
13 1 4
13 9 7
13 33 5
13 51 3
13 79 2
13 91 4
13 93 8
14 12 2
14 24 10
14 39 4
14 68 9
14 97 2
14 114 1
15 54 1
16 24 7
16 46 5
16 80 10
16 88 1
16 93 4
17 7 2
17 39 6
17 42 5
17 89 7
17 92 2
17 93 6
18 35 1
18 62 1
18 101 1
19 27 8
20 0 7
20 31 4
20 88 10
20 106 9
20 112 1
21 6 5
21 30 8
21 33 4
21 84 9
21 109 3
22 37 8
22 106 2
23 61 5
23 68 8
23 73 5
23 86 6
23 110 6
24 2 3
24 3 5
24 14 10
24 16 7
24 33 5
24 66 6
24 68 5
25 26 10
25 27 2
25 44 1
26 25 10
27 19 8
27 104 4
27 25 2
28 8 3
28 36 9
28 40 3
28 54 4
29 4 4
29 39 4
29 76 8
30 0 10
30 1 4
30 21 8
30 48 7
30 72 4
30 111 9
30 114 3
31 20 4
31 33 10
31 72 2
32 40 3
33 13 5
33 21 4
33 24 5
33 31 10
33 48 2
33 49 3
33 98 1
33 114 3
34 39 7
34 69 10
35 18 1
35 37 8
36 28 9
37 11 9
37 22 8
37 35 8
37 68 7
37 69 1
38 9 4
38 50 7
38 65 10
38 96 3
39 14 4
39 17 6
39 29 4
39 34 7
39 45 3
39 94 6
40 3 10
40 28 3
40 32 3
41 11 7
41 43 8
41 60 8
41 61 3
41 83 4
41 87 5
41 114 8
42 17 5
42 54 5
42 55 3
42 78 9
42 82 3
43 3 9
43 41 8
44 25 1
44 47 7
45 39 3
45 55 4
45 109 6
46 16 5
46 87 10
47 44 7
47 59 6
48 4 1
48 10 7
48 30 7
48 33 2
48 75 9
48 85 3
48 92 10
49 33 3
50 38 7
50 84 1
50 96 7
50 112 10
51 2 9
51 4 4
51 12 2
51 13 3
51 57 1
51 65 10
52 76 2
52 89 10
52 100 5
53 71 7
53 88 10
54 6 7
54 15 1
54 28 4
54 42 5
55 11 7
55 42 3
55 45 4
55 56 4
55 57 3
55 60 7
56 6 8
56 55 4
56 89 1
57 6 9
57 9 8
57 51 1
57 55 3
57 108 4
58 2 3
58 93 1
58 97 5
59 47 6
60 41 8
60 55 7
60 67 3
60 69 10
60 71 9
61 23 5
61 41 3
62 18 1
62 78 4
62 92 6
63 0 6
63 67 8
63 92 7
64 72 4
65 38 10
65 51 10
65 87 6
66 4 5
66 24 6
66 73 1
66 102 5
67 60 3
67 63 8
67 78 2
67 90 3
68 4 1
68 14 9
68 23 8
68 24 5
68 37 7
68 78 4
68 83 6
69 34 10
69 37 1
69 60 10
70 12 5
71 53 7
71 60 9
71 72 9
72 30 4
72 31 2
72 64 4
72 71 9
72 79 5
72 87 8
72 109 8
73 23 5
73 66 1
74 82 2
74 105 6
75 48 9
75 79 1
76 29 8
76 52 2
76 112 2
76 113 9
77 0 5
77 100 6
77 108 7
77 113 5
78 42 9
78 62 4
78 67 2
78 68 4
78 84 3
79 13 2
79 72 5
79 75 1
79 87 5
79 92 10
79 111 4
79 114 6
80 16 10
80 99 2
81 7 10
81 93 3
82 2 2
82 42 3
82 74 2
83 41 4
83 68 6
84 21 9
84 50 1
84 78 3
84 95 6
85 48 3
86 23 6
86 114 9
87 41 5
87 46 10
87 65 6
87 72 8
87 79 5
87 94 2
88 16 1
88 20 10
88 53 10
88 100 1
89 11 4
89 17 7
89 52 10
89 56 1
90 67 3
90 91 1
90 99 2
90 112 8
91 2 9
91 13 4
91 90 1
91 107 2
92 17 2
92 48 10
92 62 6
92 63 7
92 79 10
93 13 8
93 16 4
93 17 6
93 58 1
93 81 3
94 9 9
94 39 6
94 87 2
95 84 6
96 38 3
96 50 7
97 14 2
97 58 5
98 33 1
99 3 8
99 8 5
99 80 2
99 90 2
100 52 5
100 77 6
100 88 1
101 2 6
101 18 1
102 66 5
103 110 5
104 5 7
104 0 4
104 27 4
105 74 6
106 1 7
106 20 9
106 22 2
106 111 3
107 0 7
107 91 2
107 112 6
108 57 4
108 77 7
109 21 3
109 45 6
109 72 8
110 23 6
110 103 5
110 111 1
111 30 9
111 79 4
111 106 3
111 110 1
112 10 2
112 20 1
112 50 10
112 76 2
112 90 8
112 107 6
113 76 9
113 77 5
114 14 1
114 30 3
114 33 3
114 41 8
114 79 6
114 86 9
