145
628
17
26
0 40 1
0 103 2
0 133 5
0 24 6
1 35 7
1 49 6
1 53 10
1 58 4
1 79 8
1 82 2
1 87 5
1 102 8
1 110 5
1 129 6
2 130 1
3 44 10
3 66 7
3 107 5
3 125 10
3 129 3
3 136 5
4 29 2
4 133 9
5 8 8
5 9 7
5 25 3
5 35 8
5 38 3
5 135 1
6 16 4
6 42 3
6 68 2
7 44 9
7 47 2
7 62 6
7 63 1
7 72 5
7 98 10
7 134 7
7 137 10
8 5 8
8 29 4
8 39 2
8 89 7
8 96 3
8 119 6
9 5 7
9 43 2
9 91 3
9 93 3
9 120 2
10 14 8
10 26 9
10 103 5
10 125 10
11 19 7
11 23 8
11 77 2
11 80 7
11 90 9
11 124 3
11 144 5
12 67 8
12 104 1
13 82 6
14 10 8
14 28 2
14 138 8
15 39 6
15 127 6
15 132 5
16 6 4
16 49 10
16 124 5
17 40 5
17 56 2
17 102 9
17 103 3
17 128 6
18 36 7
18 45 8
18 65 7
18 92 4
18 95 3
18 135 2
19 11 7
19 21 1
19 72 2
19 73 7
19 110 4
20 25 9
20 47 3
20 56 10
20 124 7
21 19 1
21 28 5
21 33 9
21 46 4
21 75 4
21 95 10
22 69 10
22 98 6
22 107 9
22 130 10
23 11 8
23 129 4
24 0 6
24 60 10
25 5 3
25 20 9
25 76 10
26 10 9
26 98 9
26 124 9
27 33 2
28 14 2
28 21 5
28 54 9
28 83 8
28 106 10
28 107 2
28 110 5
28 114 3
28 120 3
28 138 5
29 4 2
29 8 4
29 62 9
29 63 5
29 86 7
30 65 6
30 93 2
30 129 7
30 144 6
31 47 2
31 52 7
31 55 7
31 68 10
32 81 8
32 87 4
33 21 9
33 27 2
33 94 9
33 113 3
33 132 4
34 55 3
34 61 1
34 72 4
34 73 9
34 88 9
34 120 10
34 124 6
35 1 7
35 5 8
35 47 3
35 75 3
35 92 4
35 106 9
36 18 7
36 38 3
36 63 2
36 86 6
36 134 1
37 64 10
37 69 8
37 72 3
37 76 5
37 91 10
37 120 8
38 5 3
38 36 3
38 55 4
38 136 7
39 8 2
39 15 6
39 94 1
39 107 2
39 126 3
40 0 1
40 17 5
40 93 9
40 95 6
41 102 8
41 118 1
41 125 6
41 132 5
41 135 7
41 144 5
42 6 3
42 70 9
42 101 6
43 9 2
43 48 9
43 93 7
43 112 10
43 137 4
44 3 10
44 7 9
44 57 1
44 58 9
44 97 8
44 100 7
44 111 2
44 120 7
44 123 6
45 18 8
45 143 6
46 21 4
46 57 3
47 7 2
47 20 3
47 31 2
47 35 3
47 48 6
47 71 1
47 75 6
47 108 7
47 130 10
47 137 4
48 43 9
48 47 6
48 58 8
48 130 10
48 136 10
49 1 6
49 16 10
49 68 8
49 80 2
49 90 8
49 105 4
49 136 8
50 53 1
50 101 10
50 112 7
51 52 7
51 84 5
52 31 7
52 51 7
52 88 2
52 104 10
53 1 10
53 50 1
53 57 1
53 119 5
54 28 9
54 76 10
55 31 7
55 34 3
55 38 4
55 72 4
55 74 6
55 78 6
55 90 10
55 112 6
55 143 4
56 17 2
56 20 10
56 139 2
57 44 1
57 46 3
57 53 1
57 73 1
57 80 2
57 136 8
58 1 4
58 44 9
58 48 8
58 67 10
58 95 7
58 112 3
59 109 1
59 112 5
59 130 1
59 144 1
60 24 10
61 34 1
61 74 8
61 75 9
61 92 9
61 112 8
61 126 2
61 139 1
62 7 6
62 29 9
63 7 1
63 29 5
63 36 2
63 134 6
64 37 10
64 80 4
64 86 2
64 136 5
64 140 2
65 18 7
65 30 6
65 133 3
66 3 7
66 71 4
66 74 6
66 92 6
66 99 10
66 126 9
66 132 7
67 12 8
67 58 10
67 79 6
67 140 8
68 6 2
68 31 10
68 49 8
68 88 2
68 102 4
69 22 10
69 37 8
69 138 8
70 42 9
70 80 1
70 101 2
71 47 1
71 66 4
72 7 5
72 19 2
72 34 4
72 37 3
72 55 4
72 76 2
72 81 3
72 103 1
73 19 7
73 34 9
73 57 1
74 55 6
74 61 8
74 66 6
74 95 5
74 112 7
74 114 9
74 130 1
74 136 2
75 21 4
75 35 3
75 47 6
75 61 9
75 97 3
75 110 9
76 25 10
76 37 5
76 54 10
76 72 2
76 82 4
76 112 3
76 115 4
77 11 2
78 55 6
78 144 6
79 1 8
79 67 6
80 11 7
80 49 2
80 57 2
80 64 4
80 70 1
80 100 3
80 129 1
81 32 8
81 72 3
81 92 3
81 131 2
82 1 2
82 13 6
82 76 4
82 85 4
82 87 6
82 110 3
82 117 8
83 28 8
83 90 1
84 51 5
84 90 3
84 99 2
85 82 4
85 96 5
85 124 4
86 29 7
86 36 6
86 64 2
86 104 4
86 105 8
86 115 6
87 1 5
87 32 4
87 82 6
88 34 9
88 52 2
88 68 2
88 133 9
89 8 7
90 11 9
90 49 8
90 55 10
90 83 1
90 84 3
90 116 10
90 124 2
91 9 3
91 37 10
91 112 2
91 127 4
92 18 4
92 35 4
92 61 9
92 66 6
92 81 3
92 94 8
92 122 4
93 9 3
93 30 2
93 40 9
93 43 7
94 33 9
94 39 1
94 92 8
94 136 9
95 18 3
95 21 10
95 40 6
95 58 7
95 74 5
95 101 7
95 117 5
95 131 10
96 8 3
96 85 5
97 44 8
97 75 3
97 104 9
98 7 10
98 22 6
98 26 9
98 108 8
99 66 10
99 84 2
100 44 7
100 80 3
100 117 10
100 122 10
100 141 6
101 42 6
101 50 10
101 70 2
101 95 7
102 1 8
102 17 9
102 41 8
102 68 4
102 107 8
102 114 9
103 0 2
103 10 5
103 17 3
103 72 1
103 131 3
103 142 9
104 12 1
104 52 10
104 86 4
104 97 9
105 49 4
105 86 8
105 123 9
106 28 10
106 35 9
107 3 5
107 22 9
107 28 2
107 39 2
107 102 8
107 126 9
108 47 7
108 98 8
109 59 1
109 116 2
110 1 5
110 19 4
110 28 5
110 75 9
110 82 3
110 133 10
111 44 2
111 136 10
112 43 10
112 50 7
112 55 6
112 58 3
112 59 5
112 61 8
112 74 7
112 76 3
112 91 2
112 144 8
113 33 3
114 28 3
114 74 9
114 102 9
115 76 4
115 86 6
115 128 4
115 144 8
116 90 10
116 109 2
116 127 3
116 144 8
117 82 8
117 95 5
117 100 10
118 41 1
119 8 6
119 53 5
119 132 4
120 9 2
120 28 3
120 34 10
120 37 8
120 44 7
120 141 7
121 133 6
122 92 4
122 100 10
122 123 6
123 44 6
123 105 9
123 122 6
123 129 3
124 11 3
124 16 5
124 20 7
124 26 9
124 34 6
124 85 4
124 90 2
124 143 4
125 3 10
125 10 10
125 41 6
126 39 3
126 61 2
126 66 9
126 107 9
127 15 6
127 91 4
127 116 3
127 128 10
128 17 6
128 115 4
128 127 10
129 1 6
129 3 3
129 23 4
129 30 7
129 80 1
129 123 3
130 2 1
130 22 10
130 47 10
130 48 10
130 59 1
130 74 1
130 138 8
130 140 8
131 81 2
131 95 10
131 103 3
132 15 5
132 33 4
132 41 5
132 66 7
132 119 4
133 0 5
133 4 9
133 65 3
133 88 9
133 110 10
133 121 6
133 138 10
134 7 7
134 36 1
134 63 6
135 5 1
135 18 2
135 41 7
136 3 5
136 38 7
136 48 10
136 49 8
136 57 8
136 64 5
136 74 2
136 94 9
136 111 10
137 7 10
137 43 4
137 47 4
138 14 8
138 28 5
138 69 8
138 130 8
138 133 10
139 56 2
139 61 1
139 144 5
140 64 2
140 67 8
140 130 8
141 100 6
141 120 7
142 103 9
143 45 6
143 55 4
143 124 4
144 11 5
144 30 6
144 41 5
144 59 1
144 78 6
144 112 8
144 115 8
144 116 8
144 139 5
