179
900
32
95
0 13 9
0 22 4
0 79 1
0 117 1
0 132 1
0 144 1
1 24 3
1 37 7
1 66 5
1 68 10
1 78 6
1 88 8
1 94 6
1 106 3
2 30 9
2 60 4
2 72 3
2 150 4
3 57 7
3 149 3
4 32 6
4 41 2
4 48 10
4 177 9
5 17 10
5 26 4
5 59 8
5 62 4
5 94 4
5 112 1
5 127 3
5 166 2
6 12 2
6 55 2
6 154 4
6 160 2
7 41 8
7 51 4
7 54 7
7 128 2
7 149 3
8 14 3
8 20 1
8 37 7
8 53 10
8 122 5
8 124 7
8 154 10
9 25 9
9 57 4
9 62 7
9 68 9
9 81 7
9 120 9
9 135 2
9 160 3
9 163 8
9 173 2
10 32 5
10 63 4
10 115 5
10 121 7
10 155 3
11 146 4
11 147 2
11 178 2
12 6 2
12 58 7
12 64 3
12 124 4
12 157 2
13 0 9
13 75 7
13 103 8
13 129 7
14 8 3
14 17 8
14 68 2
14 94 6
15 94 8
15 129 6
15 176 10
16 54 2
16 56 3
16 145 3
17 5 10
17 14 8
17 19 10
17 86 5
18 43 2
18 63 2
18 76 7
18 105 4
18 137 8
19 17 10
19 33 6
19 67 5
19 96 6
19 114 3
19 128 7
19 176 1
20 8 1
20 34 8
20 42 6
20 91 5
20 96 10
20 166 9
21 27 9
21 61 9
21 67 5
21 69 9
21 99 4
21 129 3
21 172 9
22 0 4
22 36 2
22 40 5
22 47 6
23 47 4
23 84 8
23 89 10
23 103 4
23 117 1
23 169 4
24 1 3
24 52 1
24 87 1
24 178 7
25 9 9
25 26 10
25 53 10
25 67 2
25 82 6
25 125 4
25 130 3
25 139 3
25 141 2
25 144 8
25 165 5
25 178 10
26 5 4
26 25 10
26 32 3
26 90 9
26 158 1
26 160 1
26 178 6
27 21 9
27 48 1
27 53 8
27 74 4
27 77 7
27 98 2
27 136 7
28 29 3
28 88 8
29 28 3
29 57 7
30 2 9
30 32 7
30 67 1
30 156 8
30 161 6
30 165 10
31 48 2
31 53 3
31 168 6
32 4 6
32 10 5
32 26 3
32 30 7
32 34 5
32 99 10
32 166 9
32 169 4
33 19 6
33 96 8
33 126 4
33 160 8
34 20 8
34 32 5
34 50 1
34 64 2
34 94 7
34 102 5
34 117 3
34 132 5
34 134 5
34 149 6
35 41 9
35 54 6
35 71 3
35 141 1
35 159 9
35 162 10
36 22 2
36 44 7
36 79 3
36 80 10
36 103 3
36 121 8
36 169 1
36 172 2
37 1 7
37 8 7
37 64 7
37 65 8
37 83 3
37 111 6
37 136 9
37 146 1
38 39 3
38 42 6
38 49 3
38 76 4
38 163 5
39 38 3
39 66 8
39 172 6
40 22 5
40 88 3
40 111 10
40 125 5
40 153 10
41 4 2
41 7 8
41 35 9
41 49 3
41 92 10
41 115 7
41 121 7
42 20 6
42 38 6
42 64 1
42 93 7
42 147 10
43 18 2
43 49 2
43 120 6
43 144 1
44 36 7
44 52 8
44 130 8
44 155 4
45 114 8
45 167 2
46 115 1
46 116 1
46 152 8
47 22 6
47 23 4
47 57 7
47 60 4
47 61 10
47 93 6
48 4 10
48 27 1
48 31 2
48 57 1
48 85 8
48 88 4
48 100 1
48 124 2
49 38 3
49 41 3
49 43 2
49 86 10
49 170 7
50 34 1
50 111 9
50 156 2
50 158 3
51 7 4
52 24 1
52 44 8
53 8 10
53 25 10
53 27 8
53 31 3
53 54 2
53 57 1
53 60 7
53 63 3
53 111 10
53 124 10
54 7 7
54 16 2
54 35 6
54 53 2
54 71 1
55 6 2
55 137 2
55 173 9
56 16 3
56 99 2
56 104 1
56 140 4
56 144 5
57 3 7
57 9 4
57 29 7
57 47 7
57 48 1
57 53 1
57 81 5
57 126 8
57 149 6
58 12 7
58 95 2
58 124 2
58 125 10
58 135 2
58 152 9
58 174 6
59 5 8
60 2 4
60 47 4
60 53 7
60 68 10
60 71 3
60 122 6
61 21 9
61 47 10
61 64 6
61 152 6
62 5 4
62 9 7
62 65 1
62 77 3
62 86 9
62 153 5
62 158 9
63 10 4
63 18 2
63 53 3
63 141 5
64 12 3
64 34 2
64 37 7
64 42 1
64 61 6
64 102 5
64 124 6
64 163 6
64 170 3
65 37 8
65 62 1
65 103 3
65 122 8
65 134 8
65 173 7
65 174 3
66 1 5
66 39 8
66 88 8
66 90 8
66 97 10
66 126 7
66 143 9
67 19 5
67 21 5
67 25 2
67 30 1
67 70 7
67 81 2
67 86 6
67 103 6
67 163 8
67 169 7
68 1 10
68 9 9
68 14 2
68 60 10
68 109 10
68 132 1
68 166 2
69 21 9
69 98 10
69 147 2
69 149 1
69 175 1
70 67 7
70 73 3
70 76 2
70 124 3
70 138 8
70 139 8
70 161 10
71 35 3
71 54 1
71 60 3
71 115 3
71 152 7
71 165 1
71 173 7
72 2 3
72 111 5
72 173 8
73 70 3
73 92 8
74 27 4
74 77 10
74 159 1
74 174 9
75 13 7
75 122 3
75 129 2
76 18 7
76 38 4
76 70 2
76 84 10
76 105 9
76 109 9
76 111 4
77 27 7
77 62 3
77 74 10
77 81 3
77 87 5
77 126 5
77 130 7
77 175 4
78 1 6
78 87 1
78 89 7
78 100 2
79 0 1
79 36 3
79 80 10
79 96 4
79 120 1
79 146 1
80 36 10
80 79 10
80 99 10
80 143 10
80 147 5
80 156 9
81 9 7
81 57 5
81 67 2
81 77 3
81 97 4
81 159 10
81 172 7
82 25 6
82 87 5
82 157 4
83 37 3
84 23 8
84 76 10
84 119 10
84 173 7
85 48 8
85 156 9
86 17 5
86 49 10
86 62 9
86 67 6
86 96 2
86 114 9
87 24 1
87 77 5
87 78 1
87 82 5
87 108 3
87 125 6
87 152 6
87 165 8
87 173 10
87 176 9
88 1 8
88 28 8
88 40 3
88 48 4
88 66 8
88 123 1
89 23 10
89 78 7
89 102 8
89 110 6
89 165 3
89 168 2
90 26 9
90 66 8
90 93 7
90 103 6
90 104 3
91 20 5
91 117 10
91 132 2
91 139 9
91 176 6
92 41 10
92 73 8
92 102 7
93 42 7
93 47 6
93 90 7
93 98 6
93 117 3
93 122 6
93 155 3
94 1 6
94 5 4
94 14 6
94 15 8
94 34 7
95 58 2
96 19 6
96 20 10
96 33 8
96 79 4
96 86 2
96 101 5
96 108 7
96 131 2
96 161 6
96 177 3
97 66 10
97 81 4
97 106 3
97 140 9
97 155 1
98 27 2
98 69 10
98 93 6
98 113 10
98 162 4
99 21 4
99 32 10
99 56 2
99 80 10
100 48 1
100 78 2
100 110 4
100 159 7
101 96 5
101 152 10
101 160 6
101 171 1
102 34 5
102 64 5
102 89 8
102 92 7
102 106 6
102 142 3
103 13 8
103 23 4
103 36 3
103 65 3
103 67 6
103 90 6
103 128 3
103 171 5
104 56 1
104 90 3
104 128 3
104 160 3
105 18 4
105 76 9
106 1 3
106 97 3
106 102 6
106 123 3
106 128 3
107 144 2
107 175 7
108 87 3
108 96 7
108 175 8
109 68 10
109 76 9
109 141 7
109 161 8
110 89 6
110 100 4
110 124 8
110 135 7
110 163 5
111 37 6
111 40 10
111 50 9
111 53 10
111 72 5
111 76 4
111 124 9
111 127 3
111 164 9
112 5 1
112 142 5
113 98 10
113 161 7
113 165 1
114 19 3
114 45 8
114 86 9
114 158 2
115 10 5
115 41 7
115 46 1
115 71 3
115 156 9
115 177 4
116 46 1
116 126 4
117 0 1
117 23 1
117 34 3
117 91 10
117 93 3
118 169 4
119 84 10
119 142 10
119 153 5
120 9 9
120 43 6
120 79 1
120 168 10
121 10 7
121 36 8
121 41 7
121 140 1
121 143 2
122 8 5
122 60 6
122 65 8
122 75 3
122 93 6
122 146 1
122 174 6
123 88 1
123 106 3
123 151 8
123 163 9
123 178 2
124 8 7
124 12 4
124 48 2
124 53 10
124 58 2
124 64 6
124 70 3
124 110 8
124 111 9
125 25 4
125 40 5
125 58 10
125 87 6
125 172 2
126 33 4
126 57 8
126 66 7
126 77 5
126 116 4
127 5 3
127 111 3
127 153 8
128 7 2
128 19 7
128 103 3
128 104 3
128 106 3
129 13 7
129 15 6
129 21 3
129 75 2
129 167 3
130 25 3
130 44 8
130 77 7
130 131 8
130 178 1
131 96 2
131 130 8
131 176 8
132 0 1
132 34 5
132 68 1
132 91 2
132 150 8
133 163 4
134 34 5
134 65 8
134 145 5
134 171 10
135 9 2
135 58 2
135 110 7
135 143 5
136 27 7
136 37 9
137 18 8
137 55 2
137 157 7
138 70 8
138 139 10
139 25 3
139 70 8
139 91 9
139 138 10
139 152 3
140 56 4
140 97 9
140 121 1
140 157 4
140 164 7
141 25 2
141 35 1
141 63 5
141 109 7
142 102 3
142 112 5
142 119 10
142 169 8
143 66 9
143 80 10
143 121 2
143 135 5
143 163 9
143 172 2
144 0 1
144 25 8
144 43 1
144 56 5
144 107 2
144 148 6
145 16 3
145 134 5
145 169 10
145 170 7
146 11 4
146 37 1
146 79 1
146 122 1
146 162 4
147 11 2
147 42 10
147 69 2
147 80 5
147 157 9
147 167 9
148 144 6
148 164 6
149 3 3
149 7 3
149 34 6
149 57 6
149 69 1
149 177 8
150 2 4
150 132 8
151 123 8
152 46 8
152 58 9
152 61 6
152 71 7
152 87 6
152 101 10
152 139 3
152 164 1
152 165 8
153 40 10
153 62 5
153 119 5
153 127 8
153 173 3
154 6 4
154 8 10
155 10 3
155 44 4
155 93 3
155 97 1
155 161 7
156 30 8
156 50 2
156 80 9
156 85 9
156 115 9
156 163 3
157 12 2
157 82 4
157 137 7
157 140 4
157 147 9
157 177 9
158 26 1
158 50 3
158 62 9
158 114 2
158 171 8
159 35 9
159 74 1
159 81 10
159 100 7
159 166 2
160 6 2
160 9 3
160 26 1
160 33 8
160 101 6
160 104 3
161 30 6
161 70 10
161 96 6
161 109 8
161 113 7
161 155 7
161 162 8
162 35 10
162 98 4
162 146 4
162 161 8
163 9 8
163 38 5
163 64 6
163 67 8
163 110 5
163 123 9
163 133 4
163 143 9
163 156 3
163 165 7
164 111 9
164 140 7
164 148 6
164 152 1
165 25 5
165 30 10
165 71 1
165 87 8
165 89 3
165 113 1
165 152 8
165 163 7
166 5 2
166 20 9
166 32 9
166 68 2
166 159 2
167 45 2
167 129 3
167 147 9
168 31 6
168 89 2
168 120 10
169 23 4
169 32 4
169 36 1
169 67 7
169 118 4
169 142 8
169 145 10
169 174 6
170 49 7
170 64 3
170 145 7
171 101 1
171 103 5
171 134 10
171 158 8
172 21 9
172 36 2
172 39 6
172 81 7
172 125 2
172 143 2
173 9 2
173 55 9
173 65 7
173 71 7
173 72 8
173 84 7
173 87 10
173 153 3
174 58 6
174 65 3
174 74 9
174 122 6
174 169 6
175 69 1
175 77 4
175 107 7
175 108 8
176 15 10
176 19 1
176 87 9
176 91 6
176 131 8
177 4 9
177 96 3
177 115 4
177 149 8
177 157 9
178 11 2
178 24 7
178 25 10
178 26 6
178 123 2
178 130 1
