154
748
22
71
0 39 6
0 86 6
0 119 10
0 137 10
0 138 4
0 142 8
0 149 10
1 16 8
1 63 4
1 100 9
1 110 6
1 118 10
2 79 10
3 23 3
3 25 4
3 47 7
3 55 6
3 59 10
3 61 6
3 132 9
3 141 5
3 144 1
4 8 5
4 9 2
4 64 2
4 77 5
4 101 10
5 13 9
5 24 1
5 43 4
5 75 3
5 137 1
6 84 10
6 116 7
6 134 10
6 147 3
7 53 9
7 55 4
7 68 8
7 110 4
8 4 5
8 24 9
8 141 7
8 153 9
9 4 2
9 19 10
9 32 7
9 49 5
9 68 9
9 132 4
9 139 5
9 152 3
10 20 1
10 48 9
10 103 10
10 141 5
11 52 8
11 113 2
12 31 10
12 40 2
12 77 6
12 90 10
12 96 10
13 5 9
13 33 8
13 67 5
13 104 3
13 117 4
13 130 5
14 75 3
14 147 5
15 52 3
15 62 7
16 1 8
16 91 6
16 138 1
17 33 6
17 46 9
17 106 1
17 108 3
17 142 4
18 31 8
18 32 9
18 53 1
18 93 1
18 94 5
19 9 10
20 10 1
20 31 2
20 63 3
21 39 9
21 66 1
21 81 6
21 116 1
21 124 4
21 138 2
22 97 8
23 3 3
23 33 1
23 54 6
23 55 4
24 5 1
24 8 9
24 28 4
24 37 3
24 114 4
25 3 4
25 47 5
25 77 2
26 30 7
26 40 8
26 51 8
26 92 10
26 97 10
27 28 7
27 57 6
27 75 9
27 80 3
27 92 6
27 135 10
27 152 7
28 24 4
28 27 7
28 126 3
29 61 9
29 87 7
29 137 7
30 26 7
30 31 8
30 56 5
30 68 8
30 103 1
30 120 4
30 151 6
31 12 10
31 18 8
31 20 2
31 30 8
31 98 6
31 146 8
32 9 7
32 18 9
32 48 3
32 55 8
32 56 4
32 65 8
32 87 5
32 109 5
33 13 8
33 17 6
33 23 1
33 46 6
33 118 3
33 121 10
34 49 8
34 59 8
34 133 10
35 47 2
35 73 6
35 87 7
35 91 2
35 125 2
35 128 7
36 38 1
36 58 3
36 87 4
36 89 9
36 97 9
36 110 9
36 118 7
36 138 5
36 145 2
37 24 3
37 54 1
37 119 2
37 142 6
37 146 3
37 151 9
38 36 1
38 72 7
38 79 10
38 97 2
38 145 2
39 0 6
39 21 9
39 75 1
39 84 7
39 87 5
39 111 10
39 122 7
40 12 2
40 26 8
40 41 10
40 70 8
40 114 7
40 117 6
40 118 10
40 123 10
40 125 1
40 150 2
41 40 10
41 49 3
41 53 6
41 98 6
42 47 4
42 78 10
42 91 3
42 94 5
42 132 7
42 138 3
43 5 4
43 84 1
43 131 9
43 137 8
43 141 5
44 72 2
44 86 6
44 114 5
44 135 8
45 80 9
45 119 3
45 120 4
45 124 9
46 17 9
46 33 6
46 86 5
46 126 4
46 149 7
47 3 7
47 25 5
47 35 2
47 42 4
47 63 4
47 81 1
47 147 1
48 10 9
48 32 3
48 78 1
48 79 9
48 114 3
48 130 10
49 9 5
49 34 8
49 41 3
49 51 7
49 56 4
49 96 3
49 121 1
49 124 5
49 128 10
49 130 1
50 107 10
51 26 8
51 49 7
51 61 4
51 73 5
51 76 7
51 79 4
52 11 8
52 15 3
52 66 7
53 7 9
53 18 1
53 41 6
53 120 2
53 149 3
54 23 6
54 37 1
54 55 7
54 62 9
54 71 8
54 127 1
55 3 6
55 7 4
55 23 4
55 32 8
55 54 7
55 101 10
55 108 5
56 30 5
56 32 4
56 49 4
56 57 6
57 27 6
57 56 6
57 90 10
57 92 6
57 109 6
57 145 7
58 36 3
59 3 10
59 34 8
59 78 6
59 101 3
59 107 1
59 136 9
60 78 5
60 101 3
60 120 1
61 3 6
61 29 9
61 51 4
61 84 4
61 95 8
61 129 9
62 15 7
62 54 9
62 109 5
62 133 6
63 1 4
63 20 3
63 47 4
63 93 2
64 4 2
64 103 9
64 105 9
64 142 8
65 32 8
65 99 8
66 21 1
66 52 7
66 114 3
67 13 5
67 148 6
68 7 8
68 9 9
68 30 8
68 129 3
69 105 9
69 130 3
69 139 8
70 40 8
70 96 7
70 102 6
70 135 6
71 54 8
71 97 9
71 130 10
71 132 2
71 135 5
71 144 10
71 146 4
72 38 7
72 44 2
72 94 5
72 108 5
73 35 6
73 51 5
73 88 1
74 78 6
74 79 8
74 91 3
74 114 2
74 144 1
75 5 3
75 14 3
75 27 9
75 39 1
75 84 6
75 88 8
75 130 9
75 138 9
76 51 7
76 79 1
76 126 8
76 147 1
77 4 5
77 12 6
77 25 2
77 84 3
77 113 1
77 139 5
77 147 4
78 42 10
78 48 1
78 59 6
78 60 5
78 74 6
78 98 4
78 107 8
78 123 2
78 151 6
79 2 10
79 38 10
79 48 9
79 51 4
79 74 8
79 76 1
79 105 3
79 146 7
80 27 3
80 45 9
80 109 3
80 110 7
80 147 7
80 152 10
81 21 6
81 47 1
81 99 7
82 103 4
82 152 2
83 99 7
83 117 7
83 122 2
84 6 10
84 39 7
84 43 1
84 61 4
84 75 6
84 77 3
84 85 3
85 84 3
85 147 3
86 0 6
86 44 6
86 46 5
87 29 7
87 32 5
87 35 7
87 36 4
87 39 5
87 128 3
88 73 1
88 75 8
88 97 1
88 115 2
88 120 8
89 36 9
89 117 5
89 132 8
89 142 9
90 12 10
90 57 10
90 96 1
91 16 6
91 35 2
91 42 3
91 74 3
91 97 3
92 26 10
92 27 6
92 57 6
92 112 4
92 123 4
92 137 7
93 18 1
93 63 2
94 18 5
94 42 5
94 72 5
94 153 7
95 61 8
95 136 3
96 12 10
96 49 3
96 70 7
96 90 1
96 116 7
96 122 5
97 22 8
97 26 10
97 36 9
97 38 2
97 71 9
97 88 1
97 91 3
97 110 7
97 118 5
98 31 6
98 41 6
98 78 4
98 113 7
99 65 8
99 81 7
99 83 7
99 120 7
99 131 6
99 133 3
100 1 9
100 115 8
100 123 5
100 128 8
100 143 9
101 4 10
101 55 10
101 59 3
101 60 3
102 70 6
102 108 5
103 10 10
103 30 1
103 64 9
103 82 4
103 144 2
104 13 3
104 140 10
105 64 9
105 69 9
105 79 3
106 17 1
106 112 2
106 131 9
107 50 10
107 59 1
107 78 8
107 111 10
107 117 7
107 133 9
108 17 3
108 55 5
108 72 5
108 102 5
108 119 8
108 129 8
108 141 7
108 149 5
109 32 5
109 57 6
109 62 5
109 80 3
109 116 9
109 138 9
109 148 1
110 1 6
110 7 4
110 36 9
110 80 7
110 97 7
111 39 10
111 107 10
111 137 2
111 142 10
111 151 4
112 92 4
112 106 2
112 144 4
113 11 2
113 77 1
113 98 7
113 151 1
114 24 4
114 40 7
114 44 5
114 48 3
114 66 3
114 74 2
114 120 3
115 88 2
115 100 8
116 6 7
116 21 1
116 96 7
116 109 9
116 141 5
116 146 6
116 147 9
117 13 4
117 40 6
117 83 7
117 89 5
117 107 7
117 118 9
117 133 10
117 135 9
117 142 2
118 1 10
118 33 3
118 36 7
118 40 10
118 97 5
118 117 9
118 151 6
119 0 10
119 37 2
119 45 3
119 108 8
119 122 3
119 149 3
120 30 4
120 45 4
120 53 2
120 60 1
120 88 8
120 99 7
120 114 3
120 131 6
121 33 10
121 49 1
121 135 6
122 39 7
122 83 2
122 96 5
122 119 3
123 40 10
123 78 2
123 92 4
123 100 5
124 21 4
124 45 9
124 49 5
125 35 2
125 40 1
125 142 8
126 28 3
126 46 4
126 76 8
126 144 4
126 148 7
127 54 1
128 35 7
128 49 10
128 87 3
128 100 8
128 144 5
129 61 9
129 68 3
129 108 8
130 13 5
130 48 10
130 49 1
130 69 3
130 71 10
130 75 9
131 43 9
131 99 6
131 106 9
131 120 6
131 136 10
131 138 2
131 142 3
132 3 9
132 9 4
132 42 7
132 71 2
132 89 8
132 138 7
132 146 6
133 34 10
133 62 6
133 99 3
133 107 9
133 117 10
134 6 10
135 27 10
135 44 8
135 70 6
135 71 5
135 117 9
135 121 6
135 139 4
135 145 10
136 59 9
136 95 3
136 131 10
137 0 10
137 5 1
137 29 7
137 43 8
137 92 7
137 111 2
137 145 9
138 0 4
138 16 1
138 21 2
138 36 5
138 42 3
138 75 9
138 109 9
138 131 2
138 132 7
138 139 7
139 9 5
139 69 8
139 77 5
139 135 4
139 138 7
139 141 8
140 104 10
141 3 5
141 8 7
141 10 5
141 43 5
141 108 7
141 116 5
141 139 8
141 146 3
142 0 8
142 17 4
142 37 6
142 64 8
142 89 9
142 111 10
142 117 2
142 125 8
142 131 3
142 148 3
143 100 9
144 3 1
144 71 10
144 74 1
144 103 2
144 112 4
144 126 4
144 128 5
145 36 2
145 38 2
145 57 7
145 135 10
145 137 9
146 31 8
146 37 3
146 71 4
146 79 7
146 116 6
146 132 6
146 141 3
147 6 3
147 14 5
147 47 1
147 76 1
147 77 4
147 80 7
147 85 3
147 116 9
148 67 6
148 109 1
148 126 7
148 142 3
149 0 10
149 46 7
149 53 3
149 108 5
149 119 3
150 40 2
150 153 8
151 30 6
151 37 9
151 78 6
151 111 4
151 113 1
151 118 6
152 9 3
152 27 7
152 80 10
152 82 2
153 8 9
153 94 7
153 150 8
