200
1280
91
120
0 32 1
0 87 8
0 138 8
0 150 10
0 174 3
1 40 4
1 62 1
1 75 4
1 79 7
1 96 5
1 123 5
1 144 8
1 158 10
1 182 9
2 56 4
2 86 7
2 133 3
2 166 9
2 181 2
3 31 6
3 61 9
3 91 10
3 120 2
3 141 1
3 150 8
3 174 2
3 187 6
3 193 10
4 7 8
4 34 4
4 46 2
4 74 6
4 95 6
4 123 2
4 148 8
4 184 7
5 32 7
5 33 6
5 36 10
5 137 2
5 145 1
5 147 3
6 25 3
6 64 8
6 69 6
6 73 5
6 119 5
6 158 4
6 166 8
6 171 1
6 196 7
6 199 10
7 4 8
7 20 9
7 38 5
7 65 2
7 185 6
8 24 4
8 28 9
8 42 9
8 57 5
8 63 6
8 79 1
8 113 8
8 115 9
8 140 4
9 16 2
9 18 4
9 28 3
9 142 5
9 156 3
9 167 3
10 70 4
10 77 4
10 96 2
10 99 8
10 175 4
11 80 4
11 116 3
11 125 2
11 146 10
11 163 8
11 180 6
11 185 10
12 21 10
12 78 8
12 175 5
13 39 7
13 74 9
13 115 7
13 144 10
13 151 7
14 35 9
14 119 1
14 151 6
14 157 5
14 163 4
15 18 2
15 80 2
15 110 2
15 141 7
16 9 2
16 37 6
16 52 7
16 73 3
16 148 3
17 38 9
17 59 1
17 98 1
17 138 8
17 167 10
18 9 4
18 15 2
18 19 9
18 53 8
18 74 7
18 149 1
19 18 9
19 22 6
19 50 4
19 66 10
19 76 8
19 129 7
19 147 3
19 169 9
19 170 6
19 180 4
19 182 5
20 7 9
20 21 6
20 127 2
20 147 6
20 152 6
20 165 1
20 176 2
20 199 7
21 12 10
21 20 6
21 138 2
21 149 7
21 159 8
21 179 9
22 19 6
22 41 7
22 95 5
22 122 7
22 128 2
22 180 6
22 198 1
23 89 6
23 99 10
23 115 5
23 122 10
23 147 3
23 182 4
24 8 4
24 60 8
24 106 6
25 6 3
25 26 10
25 38 2
25 58 3
25 60 3
25 155 5
26 25 10
26 75 6
26 126 1
26 132 8
26 141 2
26 160 2
26 175 3
27 41 2
27 53 4
27 99 9
27 167 1
27 192 8
28 8 9
28 9 3
28 53 8
28 65 3
28 67 8
28 80 9
28 122 5
28 183 4
28 185 8
29 65 8
29 98 2
29 139 4
29 160 9
29 170 2
29 193 6
30 48 1
30 72 10
30 79 3
30 101 5
30 110 7
30 125 2
30 139 1
30 177 7
31 3 6
31 63 6
31 97 3
31 115 1
31 143 9
31 182 5
32 0 1
32 5 7
32 51 9
33 5 6
33 42 10
33 58 2
33 80 5
33 84 9
33 101 7
33 130 4
33 150 6
34 4 4
34 42 4
34 70 8
34 78 10
34 109 10
34 126 3
34 158 5
34 197 6
35 14 9
35 59 6
35 67 4
35 71 6
35 97 9
35 117 7
35 132 6
35 136 4
36 5 10
36 74 8
36 76 9
36 137 1
36 157 6
36 160 10
36 172 6
37 16 6
37 43 1
37 68 7
37 106 2
37 142 8
38 7 5
38 17 9
38 25 2
38 39 4
38 52 8
38 63 1
38 79 6
38 96 2
38 151 8
38 171 6
38 188 10
38 193 6
39 13 7
39 38 4
39 161 10
39 168 6
39 175 5
39 187 7
40 1 4
40 108 9
40 127 1
41 22 7
41 27 2
41 43 3
41 64 2
41 72 4
41 79 9
41 114 5
41 153 3
41 181 6
42 8 9
42 33 10
42 34 4
42 115 8
42 120 2
42 122 7
43 37 1
43 41 3
43 65 1
43 116 4
43 124 5
43 179 1
43 181 5
43 183 4
44 56 10
44 67 2
44 109 6
44 112 2
44 148 6
44 178 2
45 91 4
45 154 10
46 4 2
46 71 10
46 84 3
46 136 4
46 143 9
46 154 10
46 172 1
47 78 3
47 82 3
48 30 1
48 97 6
48 111 9
48 136 8
48 139 6
48 163 8
48 174 2
48 190 6
49 79 6
49 103 4
49 123 7
49 140 6
49 149 7
49 151 9
49 199 2
50 19 4
50 177 8
50 195 10
51 32 9
51 91 2
51 108 7
51 184 3
52 16 7
52 38 8
52 76 10
52 79 5
52 128 1
52 142 9
52 147 5
52 151 10
52 162 1
52 184 4
53 18 8
53 27 4
53 28 8
53 91 2
53 111 7
53 149 2
53 164 4
53 198 2
54 130 4
55 109 4
55 115 10
55 135 2
55 138 4
55 160 6
55 194 5
56 2 4
56 44 10
56 59 9
56 120 1
56 146 7
56 153 3
57 8 5
57 72 7
57 84 1
57 109 7
57 111 2
57 183 5
58 25 3
58 33 2
58 73 6
58 89 2
58 101 3
58 120 10
58 139 7
58 161 9
58 166 2
59 17 1
59 35 6
59 56 9
59 107 4
59 182 2
60 24 8
60 25 3
60 91 7
60 107 7
60 124 1
60 140 9
60 164 4
60 191 10
61 3 9
61 106 7
61 174 3
62 1 1
62 134 9
62 140 3
63 8 6
63 31 6
63 38 1
63 105 7
63 110 5
63 120 9
63 139 1
63 151 9
63 186 3
63 194 8
63 198 10
64 6 8
64 41 2
64 143 5
64 166 9
64 190 8
65 7 2
65 28 3
65 29 8
65 43 1
65 110 10
65 134 2
65 157 6
65 167 10
65 169 4
66 19 10
66 93 1
66 135 5
66 144 7
66 182 4
66 199 5
67 28 8
67 35 4
67 44 2
67 86 9
67 95 7
67 134 1
67 141 8
68 37 7
68 82 6
68 88 8
68 99 7
68 172 6
68 190 9
69 6 6
69 168 6
69 180 2
69 199 5
70 10 4
70 34 8
70 96 5
70 108 5
70 149 2
70 168 4
70 183 4
70 196 9
71 35 6
71 46 10
71 87 2
71 111 2
71 139 7
71 162 7
72 30 10
72 41 4
72 57 7
72 91 7
72 132 9
73 6 5
73 16 3
73 58 6
73 123 3
73 135 2
73 141 6
73 158 10
73 174 1
73 177 8
73 186 2
74 4 6
74 13 9
74 18 7
74 36 8
74 99 9
74 110 4
74 141 3
74 169 5
75 1 4
75 26 6
75 180 5
75 186 9
75 191 4
76 19 8
76 36 9
76 52 10
76 83 10
76 161 3
77 10 4
77 150 2
78 12 8
78 34 10
78 47 3
78 157 3
79 1 7
79 8 1
79 30 3
79 38 6
79 41 9
79 49 6
79 52 5
79 152 8
80 11 4
80 15 2
80 28 9
80 33 5
80 89 10
80 108 1
80 139 1
80 144 10
80 184 1
80 189 10
81 82 5
81 101 1
81 160 6
81 173 5
82 47 3
82 68 6
82 81 5
82 160 2
82 168 10
82 171 3
82 176 6
82 179 4
82 194 3
83 76 10
83 144 7
83 168 10
84 33 9
84 46 3
84 57 1
84 102 3
84 140 3
84 154 3
84 158 10
84 164 2
84 193 4
84 199 2
85 131 3
85 150 2
85 173 9
85 175 9
85 177 8
86 2 7
86 67 9
86 111 6
86 133 2
87 0 8
87 71 2
87 91 2
87 99 8
87 199 10
88 68 8
88 124 9
88 188 7
89 23 6
89 58 2
89 80 10
89 95 5
89 99 4
89 121 4
89 147 3
90 92 3
90 98 1
90 118 6
90 151 6
91 3 10
91 45 4
91 51 2
91 53 2
91 60 7
91 72 7
91 87 2
91 181 3
91 192 10
92 90 3
92 96 8
92 140 10
92 149 6
92 190 9
93 66 1
93 107 2
93 112 8
93 115 3
93 164 8
94 104 2
94 140 7
94 180 9
95 4 6
95 22 5
95 67 7
95 89 5
95 128 5
95 157 5
95 179 4
96 1 5
96 10 2
96 38 2
96 70 5
96 92 8
96 118 7
96 146 10
97 31 3
97 35 9
97 48 6
97 106 10
97 147 6
97 171 4
97 187 9
98 17 1
98 29 2
98 90 1
98 153 7
98 158 8
98 160 7
98 188 5
99 10 8
99 23 10
99 27 9
99 68 7
99 74 9
99 87 8
99 89 4
99 105 10
99 122 2
99 173 4
99 188 5
99 194 2
100 105 10
100 143 1
100 178 1
101 30 5
101 33 7
101 58 3
101 81 1
101 185 9
102 84 3
102 140 5
102 180 2
102 191 4
103 49 4
103 135 6
103 151 6
104 94 2
104 108 1
104 111 5
104 178 6
104 183 10
105 63 7
105 99 10
105 100 10
105 111 2
105 133 2
105 149 7
105 154 9
105 183 8
106 24 6
106 37 2
106 61 7
106 97 10
106 124 8
106 125 6
106 138 6
106 180 1
107 59 4
107 60 7
107 93 2
107 147 1
107 167 8
108 40 9
108 51 7
108 70 5
108 80 1
108 104 1
108 144 5
108 162 7
108 168 3
109 34 10
109 44 6
109 55 4
109 57 7
109 165 6
109 195 1
110 15 2
110 30 7
110 63 5
110 65 10
110 74 4
110 131 7
111 48 9
111 53 7
111 57 2
111 71 2
111 86 6
111 104 5
111 105 2
111 155 2
112 44 2
112 93 8
112 121 5
112 130 1
112 141 3
112 146 10
112 162 6
112 180 8
112 189 8
113 8 8
113 115 7
113 158 1
114 41 5
114 199 5
115 8 9
115 13 7
115 23 5
115 31 1
115 42 8
115 55 10
115 93 3
115 113 7
115 121 6
115 147 1
115 168 1
116 11 3
116 43 4
116 147 7
116 161 8
116 168 6
116 178 10
116 186 8
116 191 2
117 35 7
117 156 10
117 194 4
118 90 6
118 96 7
118 119 6
118 176 8
119 6 5
119 14 1
119 118 6
119 123 8
119 138 3
119 145 6
119 184 5
120 3 2
120 42 2
120 56 1
120 58 10
120 63 9
120 129 9
120 137 1
120 186 10
120 193 5
121 89 4
121 112 5
121 115 6
121 143 2
121 190 4
121 193 3
121 195 5
122 22 7
122 23 10
122 28 5
122 42 7
122 99 2
122 132 9
122 199 6
123 1 5
123 4 2
123 49 7
123 73 3
123 119 8
123 139 9
123 148 1
123 168 7
124 43 5
124 60 1
124 88 9
124 106 8
124 150 7
124 172 10
125 11 2
125 30 2
125 106 6
125 151 4
126 26 1
126 34 3
126 154 5
126 164 2
126 174 6
127 20 2
127 40 1
127 135 9
127 150 1
127 157 1
128 22 2
128 52 1
128 95 5
128 174 2
128 191 2
129 19 7
129 120 9
129 140 5
129 146 1
129 168 3
129 175 10
129 199 9
130 33 4
130 54 4
130 112 1
130 147 7
130 153 3
130 165 7
131 85 3
131 110 7
131 189 3
131 192 5
132 26 8
132 35 6
132 72 9
132 122 9
132 163 7
133 2 3
133 86 2
133 105 2
133 164 4
134 62 9
134 65 2
134 67 1
134 179 5
135 55 2
135 66 5
135 73 2
135 103 6
135 127 9
135 176 2
136 35 4
136 46 4
136 48 8
136 148 10
136 170 4
136 186 4
137 5 2
137 36 1
137 120 1
137 162 10
137 172 1
137 194 4
138 0 8
138 17 8
138 21 2
138 55 4
138 106 6
138 119 3
138 150 6
138 151 6
138 182 4
138 193 5
139 29 4
139 30 1
139 48 6
139 58 7
139 63 1
139 71 7
139 80 1
139 123 9
139 151 5
139 171 6
140 8 4
140 49 6
140 60 9
140 62 3
140 84 3
140 92 10
140 94 7
140 102 5
140 129 5
140 141 5
140 144 5
140 161 4
140 195 9
141 3 1
141 15 7
141 26 2
141 67 8
141 73 6
141 74 3
141 112 3
141 140 5
141 183 3
142 9 5
142 37 8
142 52 9
142 188 4
143 31 9
143 46 9
143 64 5
143 100 1
143 121 2
143 156 5
143 170 6
143 175 8
144 1 8
144 13 10
144 66 7
144 80 10
144 83 7
144 108 5
144 140 5
144 152 6
145 5 1
145 119 6
145 147 7
145 165 5
145 197 6
146 11 10
146 56 7
146 96 10
146 112 10
146 129 1
146 170 1
147 5 3
147 19 3
147 20 6
147 23 3
147 52 5
147 89 3
147 97 6
147 107 1
147 115 1
147 116 7
147 130 7
147 145 7
147 163 1
147 170 9
148 4 8
148 16 3
148 44 6
148 123 1
148 136 10
149 18 1
149 21 7
149 49 7
149 53 2
149 70 2
149 92 6
149 105 7
149 160 10
149 185 7
150 0 10
150 3 8
150 33 6
150 77 2
150 85 2
150 124 7
150 127 1
150 138 6
151 13 7
151 14 6
151 38 8
151 49 9
151 52 10
151 63 9
151 90 6
151 103 6
151 125 4
151 138 6
151 139 5
151 154 8
151 174 9
151 198 9
152 20 6
152 79 8
152 144 6
152 199 2
153 41 3
153 56 3
153 98 7
153 130 3
153 163 6
154 45 10
154 46 10
154 84 3
154 105 9
154 126 5
154 151 8
154 163 7
155 25 5
155 111 2
155 184 3
156 9 3
156 117 10
156 143 5
156 171 8
156 186 3
157 14 5
157 36 6
157 65 6
157 78 3
157 95 5
157 127 1
157 177 9
157 182 7
158 1 10
158 6 4
158 34 5
158 73 10
158 84 10
158 98 8
158 113 1
158 176 10
158 196 4
159 21 8
159 182 3
160 26 2
160 29 9
160 36 10
160 55 6
160 81 6
160 82 2
160 98 7
160 149 10
160 187 5
160 195 1
161 39 10
161 58 9
161 76 3
161 116 8
161 140 4
161 173 1
161 195 2
162 52 1
162 71 7
162 108 7
162 112 6
162 137 10
162 197 5
163 11 8
163 14 4
163 48 8
163 132 7
163 147 1
163 153 6
163 154 7
163 190 6
163 192 4
164 53 4
164 60 4
164 84 2
164 93 8
164 126 2
164 133 4
164 180 4
164 185 8
165 20 1
165 109 6
165 130 7
165 145 5
166 2 9
166 6 8
166 58 2
166 64 9
166 181 4
167 9 3
167 17 10
167 27 1
167 65 10
167 107 8
167 172 6
168 39 6
168 69 6
168 70 4
168 82 10
168 83 10
168 108 3
168 115 1
168 116 6
168 123 7
168 129 3
168 180 4
168 181 7
168 191 8
169 19 9
169 65 4
169 74 5
169 171 8
169 199 5
170 19 6
170 29 2
170 136 4
170 143 6
170 146 1
170 147 9
171 6 1
171 38 6
171 82 3
171 97 4
171 139 6
171 156 8
171 169 8
172 36 6
172 46 1
172 68 6
172 124 10
172 137 1
172 167 6
172 177 3
173 81 5
173 85 9
173 99 4
173 161 1
174 0 3
174 3 2
174 48 2
174 61 3
174 73 1
174 126 6
174 128 2
174 151 9
175 10 4
175 12 5
175 26 3
175 39 5
175 85 9
175 129 10
175 143 8
176 20 2
176 82 6
176 118 8
176 135 2
176 158 10
177 30 7
177 50 8
177 73 8
177 85 8
177 157 9
177 172 3
177 196 7
178 44 2
178 100 1
178 104 6
178 116 10
179 21 9
179 43 1
179 82 4
179 95 4
179 134 5
180 11 6
180 19 4
180 22 6
180 69 2
180 75 5
180 94 9
180 102 2
180 106 1
180 112 8
180 164 4
180 168 4
181 2 2
181 41 6
181 43 5
181 91 3
181 166 4
181 168 7
182 1 9
182 19 5
182 23 4
182 31 5
182 59 2
182 66 4
182 138 4
182 157 7
182 159 3
182 191 1
183 28 4
183 43 4
183 57 5
183 70 4
183 104 10
183 105 8
183 141 3
184 4 7
184 51 3
184 52 4
184 80 1
184 119 5
184 155 3
185 7 6
185 11 10
185 28 8
185 101 9
185 149 7
185 164 8
185 192 8
186 63 3
186 73 2
186 75 9
186 116 8
186 120 10
186 136 4
186 156 3
186 196 3
187 3 6
187 39 7
187 97 9
187 160 5
187 191 8
187 196 6
188 38 10
188 88 7
188 98 5
188 99 5
188 142 4
188 193 5
189 80 10
189 112 8
189 131 3
190 48 6
190 64 8
190 68 9
190 92 9
190 121 4
190 163 6
191 60 10
191 75 4
191 102 4
191 116 2
191 128 2
191 168 8
191 182 1
191 187 8
192 27 8
192 91 10
192 131 5
192 163 4
192 185 8
193 3 10
193 29 6
193 38 6
193 84 4
193 120 5
193 121 3
193 138 5
193 188 5
194 55 5
194 63 8
194 82 3
194 99 2
194 117 4
194 137 4
195 50 10
195 109 1
195 121 5
195 140 9
195 160 1
195 161 2
196 6 7
196 70 9
196 158 4
196 177 7
196 186 3
196 187 6
197 34 6
197 145 6
197 162 5
198 22 1
198 53 2
198 63 10
198 151 9
199 6 10
199 20 7
199 49 2
199 66 5
199 69 5
199 84 2
199 87 10
199 114 5
199 122 6
199 129 9
199 152 2
199 169 5
