102
330
11
23
0 46 1
0 4 9
1 66 10
2 7 4
2 66 7
2 73 9
2 74 1
2 84 3
2 85 7
2 100 1
3 58 1
3 85 3
3 91 2
3 95 4
4 0 9
4 13 9
5 10 6
5 22 6
6 15 1
6 33 3
6 65 10
6 67 6
6 93 8
7 2 4
7 31 7
7 40 2
7 52 1
7 74 3
8 12 10
8 65 9
8 98 2
8 101 8
9 90 5
10 5 6
10 31 3
10 46 10
10 56 10
10 89 2
10 90 9
11 21 9
11 39 10
11 55 8
11 62 5
11 77 7
12 8 10
12 24 3
12 38 6
12 69 3
12 70 5
12 98 4
13 4 9
13 14 8
14 13 8
14 17 2
15 6 1
15 77 8
16 21 7
16 64 9
17 14 2
17 30 6
18 58 2
19 43 6
19 52 10
20 26 3
20 42 8
20 49 4
21 11 9
21 16 7
21 50 2
21 65 3
21 75 5
21 78 4
21 80 9
21 101 3
22 5 6
22 31 6
22 100 3
23 25 2
23 34 2
23 56 5
23 79 9
23 96 1
24 12 3
25 23 2
25 69 4
25 90 10
26 20 3
26 61 9
26 78 9
26 86 2
26 94 7
27 49 8
27 71 1
27 87 4
27 91 9
28 41 4
28 69 2
29 67 1
30 17 6
30 68 8
31 7 7
31 10 3
31 22 6
31 43 4
31 62 10
31 84 4
31 87 3
32 63 5
33 6 3
33 35 6
33 49 8
33 58 7
33 100 7
34 23 2
34 43 9
35 33 6
35 81 9
35 94 4
36 80 9
36 87 1
37 45 2
37 66 6
37 69 6
37 84 7
38 12 6
38 74 1
38 82 2
38 88 1
38 93 2
39 11 10
40 7 2
40 52 3
41 28 4
41 74 1
42 20 8
42 58 9
42 59 9
42 97 7
43 19 6
43 31 4
43 34 9
43 54 5
44 71 4
45 37 2
46 0 1
46 10 10
47 50 7
47 52 3
48 59 2
48 67 10
49 20 4
49 27 8
49 33 8
49 63 4
50 21 2
50 47 7
51 57 3
51 99 9
52 7 1
52 19 10
52 40 3
52 47 3
53 72 4
54 43 5
54 85 3
54 99 10
55 11 8
55 59 8
55 88 7
56 10 10
56 23 5
56 76 9
56 79 4
56 98 2
57 51 3
57 96 7
58 3 1
58 18 2
58 33 7
58 42 9
58 72 6
59 42 9
59 48 2
59 55 8
60 82 10
60 89 1
61 26 9
61 63 4
61 80 4
62 11 5
62 31 10
63 32 5
63 49 4
63 61 4
64 16 9
64 72 8
64 101 9
65 6 10
65 8 9
65 21 3
65 70 5
65 86 5
65 100 6
66 1 10
66 2 7
66 37 6
66 82 7
67 6 6
67 29 1
67 48 10
68 30 8
68 92 8
69 12 3
69 25 4
69 28 2
69 37 6
69 99 9
70 12 5
70 65 5
70 71 1
70 98 6
71 27 1
71 44 4
71 70 1
71 80 5
72 53 4
72 58 6
72 64 8
73 2 9
73 74 2
74 2 1
74 7 3
74 38 1
74 41 1
74 73 2
74 98 3
75 21 5
75 76 7
76 56 9
76 75 7
76 87 3
76 99 9
77 11 7
77 15 8
78 21 4
78 26 9
79 23 9
79 56 4
79 83 4
80 21 9
80 36 9
80 61 4
80 71 5
80 88 8
80 100 8
81 35 9
81 101 8
82 38 2
82 60 10
82 66 7
82 84 3
82 91 5
83 79 4
84 2 3
84 31 4
84 37 7
84 82 3
85 2 7
85 3 3
85 54 3
85 87 10
85 90 1
86 26 2
86 65 5
86 100 10
87 27 4
87 31 3
87 36 1
87 76 3
87 85 10
87 90 8
88 38 1
88 55 7
88 80 8
89 10 2
89 60 1
89 100 1
90 9 5
90 10 9
90 25 10
90 85 1
90 87 8
91 3 2
91 27 9
91 82 5
92 68 8
93 6 8
93 38 2
94 26 7
94 35 4
95 3 4
96 23 1
96 57 7
96 101 3
97 42 7
97 99 10
98 8 2
98 12 4
98 56 2
98 70 6
98 74 3
99 51 9
99 54 10
99 69 9
99 76 9
99 97 10
99 100 7
100 2 1
100 22 3
100 33 7
100 65 6
100 80 8
100 86 10
100 89 1
100 99 7
101 8 8
101 21 3
101 64 9
101 81 8
101 96 3
