199
1226
24
56
0 7 6
0 87 4
0 92 9
0 107 1
0 116 1
0 130 7
0 152 10
0 158 6
0 167 3
1 30 9
1 44 8
1 92 6
1 120 4
1 151 6
1 164 5
2 35 1
2 102 9
2 115 10
3 14 5
3 20 6
3 29 9
3 51 4
3 55 7
3 124 2
4 49 4
4 72 5
4 76 10
4 81 9
4 99 2
4 117 1
4 166 2
5 18 2
5 27 10
5 31 2
5 39 10
5 61 6
5 73 7
5 95 7
5 111 5
5 176 4
5 197 4
6 71 4
6 91 7
6 115 3
6 160 1
6 184 4
7 0 6
7 10 9
7 21 10
7 47 8
7 58 1
7 124 7
7 151 2
7 160 1
8 19 5
8 59 6
8 63 5
8 123 3
9 11 4
9 81 8
9 112 7
9 174 2
9 189 6
10 7 9
10 12 10
10 52 8
10 58 3
10 189 4
11 9 4
11 60 3
11 140 8
11 181 9
12 10 10
12 51 10
12 58 7
12 68 5
12 116 8
12 181 3
13 67 5
14 3 5
14 22 6
14 33 10
14 69 10
14 92 7
14 178 8
14 195 7
15 24 7
15 43 10
15 85 7
15 147 9
15 152 4
16 67 5
16 81 8
16 98 10
16 114 5
16 180 3
16 186 2
17 39 8
17 53 6
17 66 1
17 77 10
17 103 3
18 5 2
18 25 9
18 66 1
18 162 2
19 8 5
19 32 9
19 55 7
19 139 10
20 3 6
20 52 1
20 96 10
20 100 4
20 162 7
20 173 5
20 191 10
21 7 10
21 52 6
21 68 7
21 73 8
21 148 4
21 182 9
21 186 3
22 14 6
22 80 3
22 123 10
23 38 8
23 83 9
23 87 4
23 97 3
23 134 4
23 152 3
23 167 1
23 172 5
24 15 7
24 72 8
24 115 9
24 125 1
24 144 1
24 149 1
25 18 9
25 55 6
25 82 10
25 106 2
25 157 5
25 158 7
26 69 3
26 91 10
26 120 3
26 168 8
26 172 5
26 196 7
27 5 10
27 56 2
27 95 6
27 124 8
27 178 1
27 189 10
27 191 4
28 59 4
28 90 10
28 91 9
28 119 9
29 3 9
29 58 10
29 72 3
29 86 6
29 129 1
29 175 6
29 181 9
29 195 7
30 1 9
30 34 8
30 75 1
30 159 8
30 171 3
30 176 6
31 5 2
31 38 3
31 73 4
31 130 4
31 146 9
31 175 9
31 196 4
32 19 9
32 35 1
32 65 1
32 141 5
32 151 2
32 193 7
33 14 10
33 61 7
33 67 10
33 75 5
33 86 1
33 116 3
33 119 8
33 170 7
33 179 7
33 194 5
34 30 8
34 42 4
34 78 7
34 97 6
34 100 8
34 117 3
34 180 1
35 2 1
35 32 1
35 51 2
35 54 3
35 57 2
35 112 2
35 152 5
35 167 4
36 89 2
36 95 9
36 159 9
37 63 6
37 70 2
37 81 1
37 93 7
37 144 9
37 168 10
37 190 10
38 23 8
38 31 3
38 55 3
38 96 9
38 132 2
38 137 7
39 5 10
39 17 8
39 42 3
39 61 9
39 112 1
39 150 3
39 173 3
40 78 5
40 182 10
41 59 2
41 90 5
41 97 9
41 103 8
41 128 4
41 139 3
41 142 4
41 176 6
42 34 4
42 39 3
42 54 10
42 66 4
42 78 6
42 161 10
42 165 9
43 15 10
43 103 1
43 107 4
44 1 8
44 76 3
44 111 5
44 166 3
44 170 4
44 172 5
44 194 7
45 56 4
45 65 10
45 78 5
45 112 10
45 127 10
45 140 8
45 141 2
46 59 5
46 91 9
46 110 3
46 120 5
46 131 6
46 136 1
47 7 8
47 54 1
47 79 6
47 165 3
48 58 5
48 62 4
48 86 5
48 91 9
48 103 2
48 113 1
48 127 7
48 165 9
48 198 6
49 4 4
49 52 10
49 57 9
49 95 8
49 101 4
49 108 3
49 116 4
49 117 7
49 126 4
49 131 4
49 188 8
50 52 5
50 96 3
50 129 7
50 139 4
50 147 7
51 3 4
51 12 10
51 35 2
51 55 3
51 64 2
51 77 4
51 92 3
51 140 3
51 148 4
51 198 6
52 10 8
52 20 1
52 21 6
52 49 10
52 50 5
52 55 6
52 101 6
52 149 8
52 167 5
53 17 6
53 71 7
53 85 5
53 118 7
53 120 10
53 172 4
53 187 3
54 35 3
54 42 10
54 47 1
54 86 3
54 163 9
54 182 10
54 188 3
55 3 7
55 19 7
55 25 6
55 38 3
55 51 3
55 52 6
55 57 2
55 109 10
55 111 7
55 121 4
55 122 4
55 132 8
55 138 10
55 166 5
56 27 2
56 45 4
56 69 6
56 76 7
56 121 1
56 139 2
56 149 8
57 35 2
57 49 9
57 55 2
57 120 3
57 123 2
58 7 1
58 10 3
58 12 7
58 29 10
58 48 5
58 110 7
58 133 9
59 8 6
59 28 4
59 41 2
59 46 5
59 103 6
59 110 2
59 160 2
59 167 2
60 11 3
60 94 9
60 144 3
60 156 2
60 194 2
61 5 6
61 33 7
61 39 9
61 69 3
61 91 9
61 140 7
62 48 4
62 79 7
62 107 4
62 171 10
62 176 2
63 8 5
63 37 6
63 180 8
64 51 2
64 92 4
64 94 8
64 119 1
64 122 10
64 128 6
64 155 5
64 182 3
64 186 2
65 32 1
65 45 10
65 158 9
65 181 7
65 184 5
66 17 1
66 18 1
66 42 4
66 154 3
67 13 5
67 16 5
67 33 10
67 84 10
67 127 2
67 174 8
67 192 6
67 193 10
68 12 5
68 21 7
68 85 5
68 116 6
68 149 4
69 14 10
69 26 3
69 56 6
69 61 3
69 102 7
69 112 9
69 114 9
69 145 1
69 159 4
69 171 9
70 37 2
70 78 6
70 108 2
70 181 9
70 188 5
71 6 4
71 53 7
71 92 7
71 126 1
71 160 8
71 184 8
72 4 5
72 24 8
72 29 3
72 73 5
72 85 1
72 86 10
72 90 9
72 96 4
73 5 7
73 21 8
73 31 4
73 72 5
73 152 2
74 95 2
74 140 3
74 149 4
74 168 7
75 30 1
75 33 5
75 83 7
75 86 10
75 121 2
76 4 10
76 44 3
76 56 7
76 113 4
76 137 1
76 150 5
76 171 8
76 178 4
77 17 10
77 51 4
77 85 9
77 108 7
77 167 3
78 34 7
78 40 5
78 42 6
78 45 5
78 70 6
78 104 3
78 106 8
78 132 1
78 154 5
78 161 10
78 176 8
78 188 5
79 47 6
79 62 7
80 22 3
80 119 3
80 140 9
80 155 7
81 4 9
81 9 8
81 16 8
81 37 1
81 90 5
81 99 7
81 139 10
81 190 5
82 25 10
82 85 7
82 138 6
82 181 10
83 23 9
83 75 7
83 146 5
83 163 4
84 67 10
84 95 9
84 188 8
85 15 7
85 53 5
85 68 5
85 72 1
85 77 9
85 82 7
85 93 7
85 113 8
85 155 1
85 157 7
85 163 8
85 175 3
86 29 6
86 33 1
86 48 5
86 54 3
86 72 10
86 75 10
86 94 4
86 131 7
86 146 6
87 0 4
87 23 4
87 92 1
87 106 2
87 107 10
87 124 8
87 139 9
87 149 4
87 155 2
87 183 4
87 196 9
88 134 8
89 36 2
89 98 1
89 108 6
89 125 6
89 129 1
89 135 5
90 28 10
90 41 5
90 72 9
90 81 5
90 152 3
90 153 10
90 167 5
91 6 7
91 26 10
91 28 9
91 46 9
91 48 9
91 61 9
91 122 2
91 124 6
91 151 8
91 192 9
92 0 9
92 1 6
92 14 7
92 51 3
92 64 4
92 71 7
92 87 1
92 109 9
92 113 9
92 123 5
93 37 7
93 85 7
93 99 2
93 107 9
93 165 9
93 167 4
93 189 9
93 192 4
94 60 9
94 64 8
94 86 4
94 96 8
94 99 6
94 103 2
94 163 6
94 165 6
95 5 7
95 27 6
95 36 9
95 49 8
95 74 2
95 84 9
95 198 8
96 20 10
96 38 9
96 50 3
96 72 4
96 94 8
96 145 9
96 155 5
96 166 1
96 180 8
97 23 3
97 34 6
97 41 9
97 137 7
97 168 10
97 194 6
98 16 10
98 89 1
98 143 8
98 148 3
98 154 1
98 174 5
99 4 2
99 81 7
99 93 2
99 94 6
99 100 7
99 124 5
99 158 4
99 188 9
100 20 4
100 34 8
100 99 7
100 102 8
100 108 8
100 144 7
100 147 4
101 49 4
101 52 6
101 105 4
101 113 5
102 2 9
102 69 7
102 100 8
102 108 3
102 115 8
102 172 4
103 17 3
103 41 8
103 43 1
103 48 2
103 59 6
103 94 2
103 134 10
103 150 1
104 78 3
105 101 4
105 124 6
105 145 9
106 25 2
106 78 8
106 87 2
106 122 3
106 164 4
106 168 6
107 0 1
107 43 4
107 62 4
107 87 10
107 93 9
107 182 3
107 198 6
108 49 3
108 70 2
108 77 7
108 89 6
108 100 8
108 102 3
108 115 6
108 126 7
108 186 2
109 55 10
109 92 9
110 46 3
110 58 7
110 59 2
110 132 2
110 147 5
110 170 9
111 5 5
111 44 5
111 55 7
111 169 10
111 171 7
111 189 7
112 9 7
112 35 2
112 39 1
112 45 10
112 69 9
112 141 8
112 154 10
112 169 6
112 174 7
112 193 10
113 48 1
113 76 4
113 85 8
113 92 9
113 101 5
113 134 2
113 179 3
114 16 5
114 69 9
114 162 2
115 2 10
115 6 3
115 24 9
115 102 8
115 108 6
115 139 5
115 149 2
116 0 1
116 12 8
116 33 3
116 49 4
116 68 6
116 150 3
116 161 4
116 166 2
116 189 6
117 4 1
117 34 3
117 49 7
117 162 3
117 170 6
117 189 5
118 53 7
118 143 2
118 198 3
119 28 9
119 33 8
119 64 1
119 80 3
119 126 5
119 127 7
119 197 7
120 1 4
120 26 3
120 46 5
120 53 10
120 57 3
120 164 4
121 55 4
121 56 1
121 75 2
121 134 2
121 143 8
122 55 4
122 64 10
122 91 2
122 106 3
122 137 1
122 143 9
122 156 9
122 172 8
123 8 3
123 22 10
123 57 2
123 92 5
123 146 6
123 193 4
124 3 2
124 7 7
124 27 8
124 87 8
124 91 6
124 99 5
124 105 6
124 148 3
125 24 1
125 89 6
125 175 1
126 49 4
126 71 1
126 108 7
126 119 5
126 147 8
126 191 8
127 45 10
127 48 7
127 67 2
127 119 7
127 190 8
128 41 4
128 64 6
128 132 5
128 144 6
129 29 1
129 50 7
129 89 1
129 137 8
129 181 6
129 186 2
130 0 7
130 31 4
130 155 2
130 189 10
130 190 4
131 46 6
131 49 4
131 86 7
131 151 9
131 162 9
132 38 2
132 55 8
132 78 1
132 110 2
132 128 5
132 187 10
133 58 9
133 152 10
133 163 10
133 169 4
133 173 6
133 198 6
134 23 4
134 88 8
134 103 10
134 113 2
134 121 2
134 139 4
135 89 5
135 165 5
136 46 1
136 155 9
136 186 1
136 192 6
137 38 7
137 76 1
137 97 7
137 122 1
137 129 8
137 195 8
138 55 10
138 82 6
138 150 8
138 152 3
139 19 10
139 41 3
139 50 4
139 56 2
139 81 10
139 87 9
139 115 5
139 134 4
139 149 9
140 11 8
140 45 8
140 51 3
140 61 7
140 74 3
140 80 9
140 197 6
141 32 5
141 45 2
141 112 8
141 171 10
141 179 5
142 41 4
142 161 6
142 182 1
142 189 5
142 190 8
142 191 7
143 98 8
143 118 2
143 121 8
143 122 9
143 172 7
143 174 2
144 24 1
144 37 9
144 60 3
144 100 7
144 128 6
144 150 5
144 167 9
144 173 2
145 69 1
145 96 9
145 105 9
145 169 8
145 189 7
146 31 9
146 83 5
146 86 6
146 123 6
146 193 3
147 15 9
147 50 7
147 100 4
147 110 5
147 126 8
147 166 4
147 168 5
147 198 6
148 21 4
148 51 4
148 98 3
148 124 3
148 179 10
149 24 1
149 52 8
149 56 8
149 68 4
149 74 4
149 87 4
149 115 2
149 139 9
149 158 2
149 160 5
149 164 8
150 39 3
150 76 5
150 103 1
150 116 3
150 138 8
150 144 5
150 196 4
151 1 6
151 7 2
151 32 2
151 91 8
151 131 9
151 154 3
151 156 7
151 196 1
152 0 10
152 15 4
152 23 3
152 35 5
152 73 2
152 90 3
152 133 10
152 138 3
152 171 7
153 90 10
153 169 10
153 170 1
154 66 3
154 78 5
154 98 1
154 112 10
154 151 3
154 175 4
154 181 9
155 64 5
155 80 7
155 85 1
155 87 2
155 96 5
155 130 2
155 136 9
156 60 2
156 122 9
156 151 7
156 158 1
157 25 5
157 85 7
157 173 6
158 0 6
158 25 7
158 65 9
158 99 4
158 149 2
158 156 1
158 192 1
158 195 3
159 30 8
159 36 9
159 69 4
159 197 7
160 6 1
160 7 1
160 59 2
160 71 8
160 149 5
161 42 10
161 78 10
161 116 4
161 142 6
162 18 2
162 20 7
162 114 2
162 117 3
162 131 9
162 164 8
162 171 8
163 54 9
163 83 4
163 85 8
163 94 6
163 133 10
163 165 3
163 178 3
163 183 4
163 193 5
164 1 5
164 106 4
164 120 4
164 149 8
164 162 8
164 177 5
164 188 3
165 42 9
165 47 3
165 48 9
165 93 9
165 94 6
165 135 5
165 163 3
165 170 8
165 190 2
166 4 2
166 44 3
166 55 5
166 96 1
166 116 2
166 147 4
167 0 3
167 23 1
167 35 4
167 52 5
167 59 2
167 77 3
167 90 5
167 93 4
167 144 9
168 26 8
168 37 10
168 74 7
168 97 10
168 106 6
168 147 5
168 189 4
169 111 10
169 112 6
169 133 4
169 145 8
169 153 10
170 33 7
170 44 4
170 110 9
170 117 6
170 153 1
170 165 8
171 30 3
171 62 10
171 69 9
171 76 8
171 111 7
171 141 10
171 152 7
171 162 8
172 23 5
172 26 5
172 44 5
172 53 4
172 102 4
172 122 8
172 143 7
172 181 10
172 190 6
173 20 5
173 39 3
173 133 6
173 144 2
173 157 6
174 9 2
174 67 8
174 98 5
174 112 7
174 143 2
174 192 3
174 196 8
175 29 6
175 31 9
175 85 3
175 125 1
175 154 4
176 5 4
176 30 6
176 41 6
176 62 2
176 78 8
177 164 5
178 14 8
178 27 1
178 76 4
178 163 3
178 183 5
179 33 7
179 113 3
179 141 5
179 148 10
180 16 3
180 34 1
180 63 8
180 96 8
180 186 3
180 191 9
181 11 9
181 12 3
181 29 9
181 65 7
181 70 9
181 82 10
181 129 6
181 154 9
181 172 10
181 185 6
182 21 9
182 40 10
182 54 10
182 64 3
182 107 3
182 142 1
183 87 4
183 163 4
183 178 5
184 6 4
184 65 5
184 71 8
185 181 6
185 191 5
186 16 2
186 21 3
186 64 2
186 108 2
186 129 2
186 136 1
186 180 3
187 53 3
187 132 10
188 49 8
188 54 3
188 70 5
188 78 5
188 84 8
188 99 9
188 164 3
189 9 6
189 10 4
189 27 10
189 93 9
189 111 7
189 116 6
189 117 5
189 130 10
189 142 5
189 145 7
189 168 4
190 37 10
190 81 5
190 127 8
190 130 4
190 142 8
190 165 2
190 172 6
191 20 10
191 27 4
191 126 8
191 142 7
191 180 9
191 185 5
192 67 6
192 91 9
192 93 4
192 136 6
192 158 1
192 174 3
193 32 7
193 67 10
193 112 10
193 123 4
193 146 3
193 163 5
194 33 5
194 44 7
194 60 2
194 97 6
195 14 7
195 29 7
195 137 8
195 158 3
196 26 7
196 31 4
196 87 9
196 150 4
196 151 1
196 174 8
197 5 4
197 119 7
197 140 6
197 159 7
198 48 6
198 51 6
198 95 8
198 107 6
198 118 3
198 133 6
198 147 6
