184
1048
138
167
0 16 5
0 29 2
0 37 5
0 51 5
0 138 8
0 155 8
0 162 9
0 173 9
1 113 1
1 139 1
1 159 10
2 5 5
2 46 10
2 183 5
3 143 9
3 169 9
3 174 8
4 9 4
4 77 3
4 145 9
4 175 5
5 2 5
5 22 7
5 68 4
5 133 9
5 148 5
6 28 3
6 39 5
6 79 6
6 123 5
6 126 10
7 101 6
7 109 1
7 125 7
7 183 6
8 20 2
8 44 9
8 46 1
8 65 6
8 99 1
8 133 9
9 4 4
9 38 1
9 97 2
9 147 10
9 148 7
9 183 2
10 37 10
10 72 1
10 118 9
11 28 3
11 29 10
11 42 4
11 49 1
11 105 8
12 69 5
12 89 8
12 138 6
12 143 7
13 68 8
13 107 9
14 100 1
14 120 10
14 122 1
15 32 8
15 60 3
15 77 3
15 166 9
15 170 3
16 0 5
16 67 3
16 130 3
16 155 5
17 43 10
17 131 2
17 140 6
17 158 8
17 179 9
18 99 9
18 111 8
18 113 8
18 121 5
18 143 10
19 25 8
19 27 5
19 120 4
19 149 8
20 8 2
20 29 5
20 121 9
20 126 6
20 151 8
21 23 8
21 38 3
21 45 1
21 121 1
21 122 1
22 5 7
22 24 9
22 25 1
22 130 9
22 158 6
23 21 8
23 49 7
23 86 1
23 97 9
23 182 2
24 22 9
24 51 7
24 91 4
24 129 5
24 166 7
24 170 1
25 19 8
25 22 1
25 30 8
25 92 3
25 102 7
25 120 10
26 36 7
26 43 3
26 51 2
26 63 5
26 72 7
26 78 10
26 104 7
26 128 2
26 129 3
26 136 8
26 171 1
26 173 9
27 19 5
27 47 5
27 65 10
27 127 5
28 6 3
28 11 3
28 36 7
28 46 5
28 77 1
28 157 10
29 0 2
29 11 10
29 20 5
29 114 9
29 138 3
30 25 8
30 33 4
30 95 6
30 102 7
30 106 5
30 108 8
31 44 1
31 50 1
31 62 2
31 67 4
31 80 9
31 158 5
32 15 8
32 47 7
32 68 6
32 71 9
32 75 6
32 104 8
32 121 5
32 142 4
32 146 4
33 30 4
33 44 6
33 102 10
33 127 9
33 168 10
34 105 7
34 113 8
35 38 8
35 48 1
35 75 3
35 81 6
35 90 6
35 112 6
35 118 2
35 143 6
35 175 7
36 26 7
36 28 7
36 81 6
36 107 1
36 117 8
36 167 4
37 0 5
37 10 10
37 99 7
37 107 3
37 133 8
37 175 7
38 9 1
38 21 3
38 35 8
38 73 7
38 148 3
39 6 5
39 92 1
39 160 2
40 112 5
40 123 6
40 142 6
40 179 8
41 57 9
41 70 9
41 99 10
41 109 2
41 173 3
42 11 4
42 46 1
42 74 3
42 111 5
42 124 5
42 152 2
43 17 10
43 26 3
43 97 8
43 99 7
44 8 9
44 31 1
44 33 6
44 70 1
44 85 9
44 101 2
44 165 8
45 21 1
45 79 1
45 95 8
45 105 3
45 107 7
45 145 8
45 183 9
46 2 10
46 8 1
46 28 5
46 42 1
46 48 4
46 57 10
46 61 3
46 103 7
47 27 5
47 32 7
47 48 2
47 51 4
47 114 6
47 164 3
48 35 1
48 46 4
48 47 2
48 51 7
48 52 6
48 121 6
48 129 4
48 130 8
48 183 6
49 11 1
49 23 7
49 118 1
49 132 2
49 137 8
49 165 10
50 31 1
50 76 7
50 96 9
50 136 1
50 144 10
51 0 5
51 24 7
51 26 2
51 47 4
51 48 7
51 88 2
51 123 1
51 180 10
52 48 6
52 53 2
52 84 3
52 161 6
52 164 4
52 171 10
53 52 2
53 121 7
53 168 5
53 173 1
53 180 6
54 150 6
55 62 1
55 72 4
55 75 5
55 81 2
55 101 4
55 117 7
55 139 10
55 158 4
56 64 10
56 130 6
57 41 9
57 46 10
57 105 7
57 119 10
58 65 3
58 84 1
58 101 8
58 123 6
58 124 5
58 125 3
58 127 7
58 157 4
58 159 8
59 128 6
59 130 6
59 133 8
59 145 1
59 152 5
60 15 3
60 119 4
60 134 9
60 139 5
60 148 3
61 46 3
61 115 6
61 143 7
61 146 6
61 161 1
62 31 2
62 55 1
62 78 2
62 126 10
62 136 5
62 163 2
62 177 9
63 26 5
63 90 8
63 103 5
63 132 1
63 139 4
63 172 7
64 56 10
64 66 4
64 151 8
64 158 10
64 168 5
65 8 6
65 27 10
65 58 3
65 94 3
65 140 4
65 166 9
66 64 4
66 130 2
66 146 4
67 16 3
67 31 4
67 74 6
67 81 4
67 88 9
67 171 3
67 180 4
68 5 4
68 13 8
68 32 6
68 85 10
68 118 9
68 121 2
68 136 1
68 151 5
68 164 6
69 12 5
69 108 1
69 148 5
69 151 3
69 178 7
70 41 9
70 44 1
70 71 8
70 74 3
70 95 10
70 99 8
70 120 6
70 125 10
70 183 2
71 32 9
71 70 8
71 170 6
71 181 5
71 182 4
72 10 1
72 26 7
72 55 4
72 77 1
72 95 10
72 104 10
72 116 6
72 141 1
72 161 4
72 166 8
73 38 7
73 98 10
73 114 1
73 135 6
73 165 10
73 181 6
74 42 3
74 67 6
74 70 3
74 167 10
74 168 5
75 32 6
75 35 3
75 55 5
75 92 2
75 153 9
76 50 7
76 85 3
77 4 3
77 15 3
77 28 1
77 72 1
77 120 10
77 138 3
77 162 5
77 171 6
77 181 10
78 26 10
78 62 2
78 159 5
79 6 6
79 45 1
79 99 8
79 154 8
80 31 9
80 95 6
80 109 9
80 115 7
81 35 6
81 36 6
81 55 2
81 67 4
81 106 6
81 113 7
82 97 10
82 159 7
82 161 2
82 174 3
83 103 6
83 138 8
84 52 3
84 58 1
84 90 6
84 115 2
84 152 8
84 156 4
85 44 9
85 68 10
85 76 3
85 103 3
85 149 5
86 23 1
86 91 4
86 99 10
86 107 2
86 129 4
86 139 6
87 116 2
87 164 2
88 51 2
88 67 9
88 182 6
89 12 8
90 35 6
90 63 8
90 84 6
90 93 10
90 106 3
90 139 6
90 145 2
91 24 4
91 86 4
91 143 10
91 152 4
91 168 2
91 171 8
92 25 3
92 39 1
92 75 2
92 146 4
93 90 10
93 107 10
93 131 9
93 158 4
94 65 3
94 121 7
95 30 6
95 45 8
95 70 10
95 72 10
95 80 6
95 98 8
95 119 1
95 147 4
95 163 9
95 164 10
95 176 7
96 50 9
96 98 7
96 106 1
96 132 1
97 9 2
97 23 9
97 43 8
97 82 10
97 117 2
97 153 8
97 167 9
98 73 10
98 95 8
98 96 7
98 118 2
98 176 7
99 8 1
99 18 9
99 37 7
99 41 10
99 43 7
99 70 8
99 79 8
99 86 10
99 112 2
99 114 9
99 122 5
99 153 8
99 171 7
100 14 1
100 108 7
100 146 9
101 7 6
101 44 2
101 55 4
101 58 8
101 127 7
101 133 2
101 138 5
101 140 3
101 181 10
102 25 7
102 30 7
102 33 10
102 114 7
102 170 7
103 46 7
103 63 5
103 83 6
103 85 3
103 135 10
103 156 7
103 160 7
104 26 7
104 32 8
104 72 10
104 161 6
104 164 2
105 11 8
105 34 7
105 45 3
105 57 7
105 111 5
105 124 6
105 150 2
105 175 1
106 30 5
106 81 6
106 90 3
106 96 1
106 113 3
107 13 9
107 36 1
107 37 3
107 45 7
107 86 2
107 93 10
107 137 7
107 160 6
108 30 8
108 69 1
108 100 7
108 146 3
108 178 9
109 7 1
109 41 2
109 80 9
109 157 5
109 159 1
109 181 4
110 145 4
111 18 8
111 42 5
111 105 5
111 152 2
111 159 5
112 35 6
112 40 5
112 99 2
112 154 10
113 1 1
113 18 8
113 34 8
113 81 7
113 106 3
113 141 4
113 161 3
113 183 10
114 29 9
114 47 6
114 73 1
114 99 9
114 102 7
114 142 6
114 173 9
114 175 1
115 61 6
115 80 7
115 84 2
115 122 2
115 125 2
116 72 6
116 87 2
117 36 8
117 55 7
117 97 2
117 136 6
117 162 6
117 169 10
118 10 9
118 35 2
118 49 1
118 68 9
118 98 2
118 129 4
118 162 9
119 57 10
119 60 4
119 95 1
119 154 9
120 14 10
120 19 4
120 25 10
120 70 6
120 77 10
120 150 1
121 18 5
121 20 9
121 21 1
121 32 5
121 48 6
121 53 7
121 68 2
121 94 7
121 136 7
122 14 1
122 21 1
122 99 5
122 115 2
122 124 5
123 6 5
123 40 6
123 51 1
123 58 6
123 134 9
123 152 9
123 174 2
124 42 5
124 58 5
124 105 6
124 122 5
124 138 5
124 152 1
125 7 7
125 58 3
125 70 10
125 115 2
125 142 7
125 179 7
125 181 8
126 6 10
126 20 6
126 62 10
126 133 5
126 145 3
127 27 5
127 33 9
127 58 7
127 101 7
127 138 10
127 141 6
127 145 4
127 159 1
127 162 6
127 172 6
128 26 2
128 59 6
128 158 6
128 163 2
128 181 7
129 24 5
129 26 3
129 48 4
129 86 4
129 118 4
129 135 8
129 139 3
129 149 10
130 16 3
130 22 9
130 48 8
130 56 6
130 59 6
130 66 2
130 137 4
131 17 2
131 93 9
132 49 2
132 63 1
132 96 1
132 147 10
132 154 8
132 168 9
132 170 10
132 179 3
133 5 9
133 8 9
133 37 8
133 59 8
133 101 2
133 126 5
133 135 7
133 157 9
133 173 8
133 174 4
134 60 9
134 123 9
134 145 2
134 179 3
135 73 6
135 103 10
135 129 8
135 133 7
135 144 5
135 151 3
135 167 5
136 26 8
136 50 1
136 62 5
136 68 1
136 117 6
136 121 7
136 159 3
137 49 8
137 107 7
137 130 4
137 151 6
137 155 8
138 0 8
138 12 6
138 29 3
138 77 3
138 83 8
138 101 5
138 124 5
138 127 10
138 162 9
139 1 1
139 55 10
139 60 5
139 63 4
139 86 6
139 90 6
139 129 3
139 142 4
139 151 6
140 17 6
140 65 4
140 101 3
140 156 7
140 176 7
140 178 7
141 72 1
141 113 4
141 127 6
142 32 4
142 40 6
142 114 6
142 125 7
142 139 4
142 150 5
142 152 9
142 162 3
142 168 6
143 3 9
143 12 7
143 18 10
143 35 6
143 61 7
143 91 10
143 158 10
144 50 10
144 135 5
144 177 2
145 4 9
145 45 8
145 59 1
145 90 2
145 110 4
145 126 3
145 127 4
145 134 2
145 164 10
145 177 8
146 32 4
146 61 6
146 66 4
146 92 4
146 100 9
146 108 3
146 147 1
147 9 10
147 95 4
147 132 10
147 146 1
147 168 4
147 174 4
148 5 5
148 9 7
148 38 3
148 60 3
148 69 5
148 151 9
148 153 3
149 19 8
149 85 5
149 129 10
149 161 10
149 168 1
149 169 8
149 171 8
150 54 6
150 105 2
150 120 1
150 142 5
150 177 1
151 20 8
151 64 8
151 68 5
151 69 3
151 135 3
151 137 6
151 139 6
151 148 9
152 42 2
152 59 5
152 84 8
152 91 4
152 111 2
152 123 9
152 124 1
152 142 9
153 75 9
153 97 8
153 99 8
153 148 3
154 79 8
154 112 10
154 119 9
154 132 8
154 161 8
154 181 8
154 183 2
155 0 8
155 16 5
155 137 8
155 161 6
156 84 4
156 103 7
156 140 7
157 28 10
157 58 4
157 109 5
157 133 9
158 17 8
158 22 6
158 31 5
158 55 4
158 64 10
158 93 4
158 128 6
158 143 10
159 1 10
159 58 8
159 78 5
159 82 7
159 109 1
159 111 5
159 127 1
159 136 3
159 163 6
160 39 2
160 103 7
160 107 6
161 52 6
161 61 1
161 72 4
161 82 2
161 104 6
161 113 3
161 149 10
161 154 8
161 155 6
162 0 9
162 77 5
162 117 6
162 118 9
162 127 6
162 138 9
162 142 3
162 176 2
162 181 1
163 62 2
163 95 9
163 128 2
163 159 6
163 175 1
164 47 3
164 52 4
164 68 6
164 87 2
164 95 10
164 104 2
164 145 10
164 171 4
165 44 8
165 49 10
165 73 10
166 15 9
166 24 7
166 65 9
166 72 8
166 171 2
166 180 8
167 36 4
167 74 10
167 97 9
167 135 5
168 33 10
168 53 5
168 64 5
168 74 5
168 91 2
168 132 9
168 142 6
168 147 4
168 149 1
169 3 9
169 117 10
169 149 8
169 177 7
170 15 3
170 24 1
170 71 6
170 102 7
170 132 10
170 180 7
170 181 6
171 26 1
171 52 10
171 67 3
171 77 6
171 91 8
171 99 7
171 149 8
171 164 4
171 166 2
172 63 7
172 127 6
173 0 9
173 26 9
173 41 3
173 53 1
173 114 9
173 133 8
174 3 8
174 82 3
174 123 2
174 133 4
174 147 4
175 4 5
175 35 7
175 37 7
175 105 1
175 114 1
175 163 1
176 95 7
176 98 7
176 140 7
176 162 2
177 62 9
177 144 2
177 145 8
177 150 1
177 169 7
177 183 8
178 69 7
178 108 9
178 140 7
179 17 9
179 40 8
179 125 7
179 132 3
179 134 3
180 51 10
180 53 6
180 67 4
180 166 8
180 170 7
181 71 5
181 73 6
181 77 10
181 101 10
181 109 4
181 125 8
181 128 7
181 154 8
181 162 1
181 170 6
182 23 2
182 71 4
182 88 6
183 2 5
183 7 6
183 9 2
183 45 9
183 48 6
183 70 2
183 113 10
183 154 2
183 177 8
