106
324
22
84
0 76 5
0 79 1
0 44 2
1 26 5
1 31 3
1 68 4
1 80 7
1 92 10
2 3 8
2 8 3
2 10 6
2 60 6
3 2 8
3 14 6
3 42 7
3 73 8
4 11 10
4 27 5
4 85 10
4 102 8
5 95 4
6 50 6
6 98 9
7 9 5
7 10 9
7 90 10
8 2 3
8 12 3
8 19 7
8 49 3
8 79 8
8 90 2
9 7 5
9 35 7
9 49 2
10 2 6
10 7 9
10 71 1
10 79 8
11 4 10
11 41 2
11 56 1
12 8 3
12 53 7
12 56 1
13 54 8
13 55 5
13 76 3
14 3 6
14 43 5
15 63 4
16 38 10
16 67 6
16 96 4
17 23 4
17 27 3
17 67 1
17 68 10
17 79 8
17 94 2
18 20 2
18 24 10
18 26 6
18 28 10
18 65 9
18 70 3
19 8 7
20 18 2
20 43 6
21 40 8
21 52 5
21 54 6
21 79 2
21 99 1
22 45 9
22 53 6
22 93 2
23 17 4
23 25 2
23 30 3
23 59 9
23 93 9
24 18 10
24 42 4
24 68 3
25 23 2
25 30 6
25 69 4
26 1 5
26 18 6
26 45 5
26 47 5
26 86 8
27 4 5
27 17 3
27 32 7
27 36 6
28 18 10
28 49 2
28 95 10
29 37 1
29 66 2
29 75 10
29 84 4
29 85 2
30 23 3
30 25 6
30 52 9
30 62 5
30 64 4
30 67 5
31 1 3
31 105 3
32 27 7
32 57 8
32 89 6
33 47 4
33 77 9
33 100 10
34 67 5
34 94 7
34 96 4
35 9 7
35 52 2
36 27 6
36 47 1
36 56 1
36 97 2
37 29 1
38 16 10
38 62 4
38 95 2
38 96 6
38 99 2
39 40 6
39 66 10
40 21 8
40 39 6
40 81 10
41 11 2
41 82 5
41 83 6
42 3 7
42 24 4
43 14 5
43 20 6
43 102 4
44 0 2
44 51 1
45 22 9
45 26 5
46 63 4
47 26 5
47 33 4
47 36 1
47 50 2
47 66 3
47 79 3
48 93 6
49 8 3
49 9 2
49 28 2
49 77 9
49 86 5
50 6 6
50 47 2
50 77 4
50 98 6
51 44 1
51 58 5
52 21 5
52 30 9
52 35 2
52 54 3
52 56 2
52 75 8
53 12 7
53 22 6
53 57 9
53 64 9
53 89 1
53 101 1
54 13 8
54 21 6
54 52 3
54 57 9
54 98 7
55 13 5
55 78 9
56 11 1
56 12 1
56 36 1
56 52 2
56 74 4
57 32 8
57 53 9
57 54 9
58 51 5
58 61 3
59 23 9
59 81 9
60 2 6
61 58 3
61 72 10
62 30 5
62 38 4
62 79 9
63 15 4
63 46 4
63 95 6
64 30 4
64 53 9
65 18 9
65 96 1
66 29 2
66 39 10
66 47 3
66 81 8
67 16 6
67 17 1
67 30 5
67 34 5
68 1 4
68 17 10
68 24 3
68 95 3
68 99 2
69 25 4
69 85 7
70 18 3
70 81 3
70 91 9
71 10 1
72 61 10
72 103 2
73 3 8
73 84 4
73 102 7
74 56 4
75 29 10
75 52 8
75 80 2
75 87 7
75 101 3
76 0 5
76 13 3
77 33 9
77 49 9
77 50 4
78 55 9
78 85 9
78 88 5
79 0 1
79 8 8
79 10 8
79 17 8
79 21 2
79 47 3
79 62 9
80 1 7
80 75 2
81 40 10
81 59 9
81 66 8
81 70 3
81 87 10
82 41 5
82 98 3
83 41 6
84 29 4
84 73 4
85 4 10
85 29 2
85 69 7
85 78 9
85 95 8
86 26 8
86 49 5
87 75 7
87 81 10
88 78 5
89 32 6
89 53 1
90 7 10
90 8 2
91 70 9
92 1 10
93 22 2
93 23 9
93 48 6
93 100 6
94 17 2
94 34 7
95 5 4
95 28 10
95 38 2
95 63 6
95 68 3
95 85 8
96 16 4
96 34 4
96 38 6
96 65 1
96 97 6
97 36 2
97 96 6
98 6 9
98 50 6
98 54 7
98 82 3
99 21 1
99 38 2
99 68 2
100 33 10
100 93 6
101 53 1
101 75 3
102 4 8
102 43 4
102 73 7
103 72 2
103 104 9
104 103 9
105 31 3
