159
770
29
43
0 27 6
0 76 1
0 81 10
0 119 9
0 72 10
1 20 3
2 60 2
2 66 4
2 133 4
2 134 2
3 43 10
3 48 1
3 64 1
3 120 1
4 10 1
4 19 3
4 44 10
4 51 8
4 74 6
4 102 6
5 6 5
5 13 9
5 22 3
5 29 2
5 54 9
5 74 10
5 155 7
6 5 5
6 64 9
7 63 10
7 75 5
7 113 6
7 129 6
8 49 6
8 110 2
9 13 5
9 110 10
10 4 1
10 52 5
10 71 9
10 154 6
11 28 9
11 29 2
11 50 10
11 73 10
11 93 2
11 116 9
11 130 6
12 51 6
12 85 7
12 91 4
12 148 9
13 5 9
13 9 5
13 21 2
13 51 7
13 74 7
13 112 8
13 124 2
14 35 2
14 46 1
14 81 3
14 103 5
14 114 4
14 135 7
14 138 9
14 143 4
14 154 7
15 78 1
16 57 1
16 66 7
16 96 9
16 109 8
16 141 10
17 20 10
17 34 9
17 35 7
17 47 4
17 137 7
18 34 2
18 151 4
18 157 4
19 4 3
19 62 8
19 108 10
19 140 3
20 1 3
20 17 10
20 37 3
20 49 4
20 83 5
20 88 4
20 146 8
20 155 3
20 158 9
21 13 2
22 5 3
22 73 3
22 86 9
22 112 1
22 136 1
23 102 5
23 122 9
24 33 1
24 46 4
24 68 7
24 151 4
25 26 8
25 74 7
25 97 4
25 118 9
25 130 6
25 139 9
25 144 10
25 148 4
26 25 8
26 64 1
26 85 2
26 143 6
27 0 6
27 66 3
27 67 7
27 108 4
27 117 5
27 128 2
27 152 8
28 11 9
28 48 3
28 56 10
28 78 8
29 5 2
29 11 2
29 90 1
29 118 10
29 149 8
29 154 1
30 70 6
31 43 7
31 65 1
31 111 1
31 146 2
31 154 7
32 95 2
32 130 2
32 140 3
32 152 6
33 24 1
33 90 1
33 96 3
33 103 3
33 125 9
34 17 9
34 18 2
34 38 5
34 41 2
34 63 10
34 75 1
34 82 10
35 14 2
35 17 7
35 40 10
35 92 7
35 104 3
35 113 9
36 110 7
36 113 10
36 120 9
36 123 6
36 128 9
36 144 8
37 20 3
37 138 7
38 34 5
38 117 9
38 158 8
39 51 5
39 58 7
39 73 2
40 35 10
40 68 7
40 142 2
41 34 2
41 101 6
41 127 3
41 154 3
42 101 9
42 136 4
42 150 8
43 3 10
43 31 7
43 55 6
43 101 1
43 103 6
44 4 10
44 56 5
44 73 6
44 104 10
44 148 8
45 68 7
45 105 10
45 128 4
46 14 1
46 24 4
46 62 6
46 71 6
46 143 2
47 17 4
47 84 5
48 3 1
48 28 3
48 57 3
48 73 10
48 134 2
49 8 6
49 20 4
49 114 3
49 137 3
50 11 10
50 102 1
50 144 6
50 158 5
51 4 8
51 12 6
51 13 7
51 39 5
51 90 5
51 109 1
51 129 3
52 10 5
53 59 5
53 79 4
53 113 1
53 116 9
53 132 10
54 5 9
54 65 10
54 121 3
55 43 6
55 61 7
55 66 4
55 71 2
55 89 3
55 118 4
55 131 2
55 132 1
55 142 5
55 145 5
56 28 10
56 44 5
56 86 10
57 16 1
57 48 3
57 134 6
57 158 1
58 39 7
58 75 10
58 92 2
58 102 7
58 119 3
58 140 1
58 144 3
58 145 2
58 148 2
59 53 5
59 95 3
60 2 2
60 62 2
60 77 10
60 143 7
60 151 4
61 55 7
61 75 10
61 90 3
61 101 5
61 119 10
61 144 7
62 19 8
62 46 6
62 60 2
62 74 5
62 97 7
62 126 9
62 134 6
62 136 1
62 138 9
63 7 10
63 34 10
63 97 4
63 103 3
63 124 4
63 125 3
63 156 6
64 3 1
64 6 9
64 26 1
64 88 9
64 115 1
64 136 1
65 31 1
65 54 10
65 82 10
65 103 5
65 111 3
65 129 1
66 2 4
66 16 7
66 27 3
66 55 4
67 27 7
67 71 1
67 81 4
68 24 7
68 40 7
68 45 7
68 121 2
69 80 8
69 112 7
70 30 6
70 75 5
70 105 2
70 128 2
70 133 1
71 10 9
71 46 6
71 55 2
71 67 1
71 109 8
71 114 3
71 130 7
72 0 10
73 11 10
73 22 3
73 39 2
73 44 6
73 48 10
73 81 3
73 121 10
73 130 9
73 138 1
74 4 6
74 5 10
74 13 7
74 25 7
74 62 5
74 76 1
74 79 3
74 80 2
74 137 3
75 7 5
75 34 1
75 58 10
75 61 10
75 70 5
75 102 5
75 122 7
75 139 2
75 148 10
75 153 5
76 0 1
76 74 1
76 121 2
77 60 10
77 84 1
77 105 2
77 113 4
78 15 1
78 28 8
79 53 4
79 74 3
79 98 8
79 100 1
79 132 4
79 140 2
79 141 10
79 153 4
80 69 8
80 74 2
80 85 1
80 107 4
80 124 3
80 156 4
81 0 10
81 14 3
81 67 4
81 73 3
81 117 7
81 135 10
81 145 1
82 34 10
82 65 10
82 125 4
82 140 4
83 20 5
83 138 10
83 148 3
83 152 2
84 47 5
84 77 1
84 150 2
84 153 9
85 12 7
85 26 2
85 80 1
86 22 9
86 56 10
86 112 1
86 119 3
86 155 2
87 103 3
87 105 4
88 20 4
88 64 9
88 123 2
89 55 3
89 124 9
90 29 1
90 33 1
90 51 5
90 61 3
90 105 2
90 124 8
90 145 8
90 146 1
91 12 4
92 35 7
92 58 2
92 106 6
92 112 10
93 11 2
93 122 3
94 109 10
94 129 6
94 139 2
95 32 2
95 59 3
95 106 2
95 121 7
96 16 9
96 33 3
96 103 6
96 118 7
96 130 1
96 158 6
97 25 4
97 62 7
97 63 4
97 117 7
97 123 8
97 154 1
98 79 8
98 140 7
99 113 5
100 79 1
100 112 9
100 125 9
100 150 1
101 41 6
101 42 9
101 43 1
101 61 5
101 125 5
102 4 6
102 23 5
102 50 1
102 58 7
102 75 5
102 128 7
102 131 1
102 155 3
103 14 5
103 33 3
103 43 6
103 63 3
103 65 5
103 87 3
103 96 6
104 35 3
104 44 10
104 142 3
104 144 6
105 45 10
105 70 2
105 77 2
105 87 4
105 90 2
105 116 8
105 128 9
106 92 6
106 95 2
107 80 4
107 128 7
107 136 8
108 19 10
108 27 4
108 117 9
108 122 2
109 16 8
109 51 1
109 71 8
109 94 10
109 117 5
109 132 2
109 136 5
110 8 2
110 9 10
110 36 7
110 117 8
110 134 1
110 146 7
111 31 1
111 65 3
111 117 3
112 13 8
112 22 1
112 69 7
112 86 1
112 92 10
112 100 9
112 140 5
112 153 8
113 7 6
113 35 9
113 36 10
113 53 1
113 77 4
113 99 5
113 135 8
113 153 8
114 14 4
114 49 3
114 71 3
114 126 8
114 139 1
114 157 7
115 64 1
115 116 2
115 120 6
116 11 9
116 53 9
116 105 8
116 115 2
116 141 5
117 27 5
117 38 9
117 81 7
117 97 7
117 108 9
117 109 5
117 110 8
117 111 3
118 25 9
118 29 10
118 55 4
118 96 7
118 154 6
119 0 9
119 58 3
119 61 10
119 86 3
119 120 4
120 3 1
120 36 9
120 115 6
120 119 4
120 127 10
120 149 8
121 54 3
121 68 2
121 73 10
121 76 2
121 95 7
121 148 9
122 23 9
122 75 7
122 93 3
122 108 2
123 36 6
123 88 2
123 97 8
123 149 3
124 13 2
124 63 4
124 80 3
124 89 9
124 90 8
124 132 7
124 148 9
125 33 9
125 63 3
125 82 4
125 100 9
125 101 5
126 62 9
126 114 8
126 145 5
127 41 3
127 120 10
127 133 8
127 141 1
128 27 2
128 36 9
128 45 4
128 70 2
128 102 7
128 105 9
128 107 7
128 133 4
128 145 4
128 151 1
129 7 6
129 51 3
129 65 1
129 94 6
129 131 8
130 11 6
130 25 6
130 32 2
130 71 7
130 73 9
130 96 1
130 133 1
130 156 10
131 55 2
131 102 1
131 129 8
131 134 10
131 145 6
132 53 10
132 55 1
132 79 4
132 109 2
132 124 7
133 2 4
133 70 1
133 127 8
133 128 4
133 130 1
134 2 2
134 48 2
134 57 6
134 62 6
134 110 1
134 131 10
134 155 6
134 158 7
135 14 7
135 81 10
135 113 8
135 154 2
136 22 1
136 42 4
136 62 1
136 64 1
136 107 8
136 109 5
137 17 7
137 49 3
137 74 3
137 142 1
138 14 9
138 37 7
138 62 9
138 73 1
138 83 10
138 143 10
139 25 9
139 75 2
139 94 2
139 114 1
139 147 8
140 19 3
140 32 3
140 58 1
140 79 2
140 82 4
140 98 7
140 112 5
140 141 1
140 148 3
141 16 10
141 79 10
141 116 5
141 127 1
141 140 1
142 40 2
142 55 5
142 104 3
142 137 1
143 14 4
143 26 6
143 46 2
143 60 7
143 138 10
144 25 10
144 36 8
144 50 6
144 58 3
144 61 7
144 104 6
144 154 7
145 55 5
145 58 2
145 81 1
145 90 8
145 126 5
145 128 4
145 131 6
146 20 8
146 31 2
146 90 1
146 110 7
146 157 8
147 139 8
148 12 9
148 25 4
148 44 8
148 58 2
148 75 10
148 83 3
148 121 9
148 124 9
148 140 3
149 29 8
149 120 8
149 123 3
149 158 2
150 42 8
150 84 2
150 100 1
151 18 4
151 24 4
151 60 4
151 128 1
152 27 8
152 32 6
152 83 2
152 156 9
153 75 5
153 79 4
153 84 9
153 112 8
153 113 8
154 10 6
154 14 7
154 29 1
154 31 7
154 41 3
154 97 1
154 118 6
154 135 2
154 144 7
155 5 7
155 20 3
155 86 2
155 102 3
155 134 6
156 63 6
156 80 4
156 130 10
156 152 9
157 18 4
157 114 7
157 146 8
158 20 9
158 38 8
158 50 5
158 57 1
158 96 6
158 134 7
158 149 2
