154
802
117
143
0 11 4
0 55 6
0 113 10
0 121 4
0 12 6
1 14 3
1 39 6
1 51 6
1 89 4
1 135 7
1 145 1
1 146 7
1 153 2
2 19 7
2 35 6
2 64 2
2 127 5
3 55 10
3 71 10
3 148 1
4 84 10
5 23 6
5 28 4
5 36 8
5 45 5
6 133 10
6 134 5
7 79 5
7 123 2
7 145 5
7 150 6
8 16 7
8 29 8
8 49 4
8 52 9
8 57 2
8 61 6
8 81 6
8 109 3
9 39 10
9 56 1
9 63 3
9 77 9
9 79 1
9 91 3
10 63 1
10 77 6
10 134 6
11 0 4
11 66 8
11 72 5
11 96 2
11 112 9
11 122 6
11 131 8
12 0 6
12 21 7
13 24 3
13 27 9
13 68 2
13 76 2
13 117 5
13 137 8
14 1 3
14 67 8
14 78 1
14 108 3
14 123 2
14 132 7
14 134 6
15 34 9
15 65 5
15 75 9
15 99 6
15 125 2
16 8 7
16 123 6
17 103 1
17 106 8
18 23 6
18 40 5
18 42 8
18 140 10
19 2 7
19 67 4
19 75 4
19 97 6
19 113 10
20 34 6
20 118 8
20 139 5
21 12 7
21 82 2
22 40 1
22 69 7
22 94 5
22 149 4
23 5 6
23 18 6
23 25 1
23 141 5
24 13 3
24 42 1
24 47 5
24 57 9
24 75 4
24 103 8
24 136 2
24 142 6
24 146 9
25 23 1
25 61 3
26 73 2
26 89 3
27 13 9
27 102 4
27 123 5
27 130 3
27 151 8
28 5 4
28 52 7
29 8 8
29 30 8
29 31 5
29 38 5
29 63 1
29 93 1
29 101 2
29 132 4
29 133 8
29 136 8
29 150 2
30 29 8
30 39 4
30 54 7
30 57 2
30 61 1
30 66 10
30 87 4
30 107 10
30 122 2
30 124 4
30 126 8
31 29 5
31 34 7
31 63 8
31 92 6
31 136 5
31 141 1
32 101 1
32 107 5
32 140 9
33 45 1
33 55 1
33 75 1
33 83 6
33 85 7
33 118 7
33 124 4
33 140 4
34 15 9
34 20 6
34 31 7
34 73 9
34 81 8
34 121 5
34 153 3
35 2 6
35 115 10
35 118 8
35 139 6
36 5 8
36 51 2
36 66 8
36 90 8
36 137 9
37 38 6
37 46 2
37 92 9
37 105 8
37 132 3
38 29 5
38 37 6
38 50 4
38 59 8
38 104 2
39 1 6
39 9 10
39 30 4
39 74 7
39 78 3
39 89 1
39 138 2
39 153 8
40 18 5
40 22 1
40 109 7
40 111 4
41 59 5
41 65 3
41 74 8
41 85 7
41 91 2
41 109 4
42 18 8
42 24 1
42 95 4
42 111 9
42 124 5
42 130 10
43 72 10
43 110 6
44 72 6
44 126 5
44 141 3
44 142 1
45 5 5
45 33 1
45 54 5
45 115 9
45 136 6
46 37 2
46 88 10
46 98 7
46 109 5
46 112 9
46 121 4
46 123 7
47 24 5
47 64 10
47 68 9
47 78 3
47 81 9
47 104 9
47 122 9
47 146 7
47 152 1
48 72 9
48 81 6
48 103 4
48 117 3
48 150 4
49 8 4
49 92 8
49 115 4
49 116 6
49 140 4
50 38 4
50 59 1
50 76 5
50 77 3
50 99 8
50 115 1
51 1 6
51 36 2
51 54 3
51 66 10
51 101 3
51 116 3
51 124 7
51 141 5
52 8 9
52 28 7
52 81 8
52 91 1
52 123 1
52 147 3
53 117 4
53 153 6
54 30 7
54 45 5
54 51 3
54 70 5
54 93 4
54 97 9
54 101 5
54 110 10
54 125 8
54 128 8
55 0 6
55 3 10
55 33 1
55 146 4
56 9 1
56 128 1
56 135 3
56 138 7
57 8 2
57 24 9
57 30 2
57 101 10
57 125 3
58 73 10
58 128 10
59 38 8
59 41 5
59 50 1
59 80 7
59 97 3
59 131 4
60 105 6
61 8 6
61 25 3
61 30 1
61 102 5
62 85 9
62 135 8
63 9 3
63 10 1
63 29 1
63 31 8
63 98 8
63 145 4
63 150 2
64 2 2
64 47 10
64 90 10
64 94 6
64 104 4
64 148 4
65 15 5
65 41 3
65 71 8
65 96 6
65 107 2
65 115 6
66 11 8
66 30 10
66 36 8
66 51 10
67 14 8
67 19 4
67 93 9
67 108 2
67 112 8
67 118 7
67 133 4
67 150 4
67 152 8
68 13 2
68 47 9
68 75 8
68 80 1
69 22 7
69 73 7
69 80 1
69 96 7
69 102 7
70 54 5
70 96 9
70 104 3
70 148 1
71 3 10
71 65 8
71 78 1
71 149 1
72 11 5
72 43 10
72 44 6
72 48 9
72 96 9
72 105 6
72 153 1
73 26 2
73 34 9
73 58 10
73 69 7
73 118 5
73 123 8
73 134 6
73 144 6
73 152 1
74 39 7
74 41 8
74 115 4
74 137 3
74 142 3
75 15 9
75 19 4
75 24 4
75 33 1
75 68 8
76 13 2
76 50 5
76 146 9
76 147 10
77 9 9
77 10 6
77 50 3
77 78 8
78 14 1
78 39 3
78 47 3
78 71 1
78 77 8
78 93 3
78 127 1
79 7 5
79 9 1
79 87 5
79 99 4
79 133 5
80 59 7
80 68 1
80 69 1
80 127 9
80 135 7
81 8 6
81 34 8
81 47 9
81 48 6
81 52 8
81 104 9
81 131 1
81 152 2
82 21 2
82 119 4
83 33 6
83 111 1
83 118 6
84 4 10
84 100 2
84 111 3
84 126 6
84 149 7
85 33 7
85 41 7
85 62 9
85 96 10
86 121 8
87 30 4
87 79 5
87 113 3
88 46 10
88 121 5
88 129 8
88 144 6
88 145 10
89 1 4
89 26 3
89 39 1
89 95 3
89 107 5
89 117 8
89 149 7
90 36 8
90 64 10
90 96 5
90 109 10
90 115 8
90 122 4
90 133 5
90 148 9
91 9 3
91 41 2
91 52 1
91 120 9
91 124 8
91 128 7
92 31 6
92 37 9
92 49 8
92 95 3
93 29 1
93 54 4
93 67 9
93 78 3
93 103 2
94 22 5
94 64 6
94 95 6
94 113 5
94 124 8
94 137 9
94 141 5
95 42 4
95 89 3
95 92 3
95 94 6
95 102 8
95 123 5
95 136 10
95 137 8
95 147 6
96 11 2
96 65 6
96 69 7
96 70 9
96 72 9
96 85 10
96 90 5
96 117 4
96 136 1
97 19 6
97 54 9
97 59 3
97 99 9
98 46 7
98 63 8
98 126 10
98 139 5
99 15 6
99 50 8
99 79 4
99 97 9
99 118 5
99 128 8
99 129 2
99 139 9
100 84 2
100 122 10
101 29 2
101 32 1
101 51 3
101 54 5
101 57 10
101 120 2
101 148 3
101 151 4
102 27 4
102 61 5
102 69 7
102 95 8
103 17 1
103 24 8
103 48 4
103 93 2
103 134 6
104 38 2
104 47 9
104 64 4
104 70 3
104 81 9
104 144 2
105 37 8
105 60 6
105 72 6
105 121 2
106 17 8
106 115 10
106 130 8
106 132 9
106 137 10
107 30 10
107 32 5
107 65 2
107 89 5
107 115 7
107 126 8
108 14 3
108 67 2
108 124 7
109 8 3
109 40 7
109 41 4
109 46 5
109 90 10
109 114 8
109 136 4
110 43 6
110 54 10
111 40 4
111 42 9
111 83 1
111 84 3
111 142 5
111 144 9
112 11 9
112 46 9
112 67 8
112 132 10
112 144 8
113 0 10
113 19 10
113 87 3
113 94 5
114 109 8
115 35 10
115 45 9
115 49 4
115 50 1
115 65 6
115 74 4
115 90 8
115 106 10
115 107 7
115 129 2
115 151 10
116 49 6
116 51 3
116 132 2
116 146 4
117 13 5
117 48 3
117 53 4
117 89 8
117 96 4
117 141 1
118 20 8
118 33 7
118 35 8
118 67 7
118 73 5
118 83 6
118 99 5
119 82 4
119 143 4
120 91 9
120 101 2
120 122 2
121 0 4
121 34 5
121 46 4
121 86 8
121 88 5
121 105 2
121 145 8
122 11 6
122 30 2
122 47 9
122 90 4
122 100 10
122 120 2
122 135 2
123 7 2
123 14 2
123 16 6
123 27 5
123 46 7
123 52 1
123 73 8
123 95 5
123 139 7
124 30 4
124 33 4
124 42 5
124 51 7
124 91 8
124 94 8
124 108 7
124 140 9
124 141 9
125 15 2
125 54 8
125 57 3
125 152 1
126 30 8
126 44 5
126 84 6
126 98 10
126 107 8
127 2 5
127 78 1
127 80 9
128 54 8
128 56 1
128 58 10
128 91 7
128 99 8
128 153 6
129 88 8
129 99 2
129 115 2
129 139 1
129 151 4
130 27 3
130 42 10
130 106 8
130 149 1
131 11 8
131 59 4
131 81 1
132 14 7
132 29 4
132 37 3
132 106 9
132 112 10
132 116 2
132 135 4
132 138 1
132 141 2
132 146 10
132 149 4
133 6 10
133 29 8
133 67 4
133 79 5
133 90 5
134 6 5
134 10 6
134 14 6
134 73 6
134 103 6
134 150 9
135 1 7
135 56 3
135 62 8
135 80 7
135 122 2
135 132 4
135 142 9
136 24 2
136 29 8
136 31 5
136 45 6
136 95 10
136 96 1
136 109 4
137 13 8
137 36 9
137 74 3
137 94 9
137 95 8
137 106 10
137 142 3
138 39 2
138 56 7
138 132 1
138 151 6
138 152 7
139 20 5
139 35 6
139 98 5
139 99 9
139 123 7
139 129 1
140 18 10
140 32 9
140 33 4
140 49 4
140 124 9
141 23 5
141 31 1
141 44 3
141 51 5
141 94 5
141 117 1
141 124 9
141 132 2
142 24 6
142 44 1
142 74 3
142 111 5
142 135 9
142 137 3
143 119 4
144 73 6
144 88 6
144 104 2
144 111 9
144 112 8
145 1 1
145 7 5
145 63 4
145 88 10
145 121 8
145 147 8
146 1 7
146 24 9
146 47 7
146 55 4
146 76 9
146 116 4
146 132 10
147 52 3
147 76 10
147 95 6
147 145 8
148 3 1
148 64 4
148 70 1
148 90 9
148 101 3
149 22 4
149 71 1
149 84 7
149 89 7
149 130 1
149 132 4
150 7 6
150 29 2
150 48 4
150 63 2
150 67 4
150 134 9
151 27 8
151 101 4
151 115 10
151 129 4
151 138 6
152 47 1
152 67 8
152 73 1
152 81 2
152 125 1
152 138 7
153 1 2
153 34 3
153 39 8
153 53 6
153 72 1
153 128 6
