123
494
65
72
0 4 9
0 66 9
0 76 5
0 8 8
1 5 5
1 6 3
1 59 5
1 92 8
1 116 7
1 117 6
2 37 10
2 73 4
2 97 5
3 70 2
3 80 2
3 108 10
4 0 9
4 43 7
4 89 2
5 1 5
5 68 1
5 70 1
5 118 9
6 1 3
6 39 8
6 98 7
6 109 5
7 20 6
7 117 2
8 0 8
8 18 5
9 50 10
9 77 7
10 72 9
10 106 9
10 110 9
10 122 7
11 70 1
11 78 8
11 80 4
11 107 1
12 28 8
12 48 7
12 50 6
12 51 9
12 64 9
12 114 2
13 14 5
14 13 5
14 35 9
15 22 2
15 45 3
15 59 7
16 28 4
16 39 5
16 68 9
16 70 1
16 74 6
16 77 2
16 106 6
16 112 8
17 49 5
17 62 9
17 67 8
17 77 9
17 86 4
17 121 4
18 8 5
18 32 6
19 97 3
19 105 3
20 7 6
20 36 3
20 39 2
20 43 4
20 60 1
20 74 10
20 85 9
20 109 4
20 112 3
21 50 2
21 80 8
21 81 2
21 90 2
22 15 2
22 41 9
22 63 2
23 28 7
23 69 5
23 76 1
24 53 8
24 55 9
24 104 2
25 110 8
25 121 5
26 27 10
26 35 7
26 56 8
26 73 5
26 75 1
27 26 10
27 76 10
27 99 3
28 12 8
28 16 4
28 23 7
28 84 5
28 85 5
28 93 3
28 107 2
29 104 4
29 107 6
30 45 6
30 56 8
30 57 6
30 73 4
31 38 5
31 49 2
31 62 9
31 98 3
31 102 5
31 117 8
32 18 6
32 101 7
33 44 9
33 70 7
34 46 9
34 47 6
34 88 10
34 109 4
35 14 9
35 26 7
35 41 8
35 68 5
36 20 3
36 59 5
36 63 3
36 83 10
37 2 10
37 41 4
37 46 5
37 71 4
37 108 5
38 31 5
38 44 1
38 97 7
39 6 8
39 16 5
39 20 2
39 55 3
39 109 7
39 110 1
40 102 1
41 22 9
41 35 8
41 37 4
41 67 10
41 96 9
42 44 10
42 96 8
42 117 7
43 4 7
43 20 4
43 56 4
43 87 3
44 33 9
44 38 1
44 42 10
44 107 5
45 15 3
45 30 6
45 70 1
45 109 5
45 111 6
45 114 9
45 115 7
46 34 9
46 37 5
46 97 3
47 34 6
47 78 5
48 12 7
48 70 3
48 85 9
48 95 7
48 104 9
48 112 1
49 17 5
49 31 2
49 120 9
50 9 10
50 12 6
50 21 2
50 117 5
51 12 9
51 76 7
51 118 10
52 106 10
52 115 10
53 24 8
53 54 10
53 62 8
53 102 8
53 110 5
54 53 10
54 66 1
54 94 6
54 98 9
55 24 9
55 39 3
55 72 7
55 116 6
56 26 8
56 30 8
56 43 4
56 61 9
56 67 5
56 88 9
56 109 3
57 30 6
57 66 7
57 67 7
58 111 6
58 116 1
58 122 4
59 1 5
59 15 7
59 36 5
59 63 8
59 122 4
60 20 1
60 72 2
60 99 2
61 56 9
61 78 6
61 100 4
61 115 4
62 17 9
62 31 9
62 53 8
62 95 9
63 22 2
63 36 3
63 59 8
63 89 10
63 90 4
63 92 2
64 12 9
65 71 3
65 81 2
65 121 3
66 0 9
66 54 1
66 57 7
66 92 2
67 17 8
67 41 10
67 56 5
67 57 7
67 84 8
67 96 6
68 5 1
68 16 9
68 35 5
68 72 5
68 94 9
69 23 5
69 91 5
69 116 1
69 117 6
70 3 2
70 5 1
70 11 1
70 16 1
70 33 7
70 45 1
70 48 3
70 72 3
70 87 8
70 91 3
70 96 3
70 121 8
71 37 4
71 65 3
71 77 9
72 10 9
72 55 7
72 60 2
72 68 5
72 70 3
72 95 8
73 2 4
73 26 5
73 30 4
73 84 10
73 121 2
74 16 6
74 20 10
74 78 6
74 100 3
74 122 7
75 26 1
75 107 2
76 0 5
76 23 1
76 27 10
76 51 7
76 90 2
77 9 7
77 16 2
77 17 9
77 71 9
78 11 8
78 47 5
78 61 6
78 74 6
79 91 9
79 118 4
80 3 2
80 11 4
80 21 8
80 100 7
81 21 2
81 65 2
81 113 10
82 96 10
83 36 10
83 102 2
84 28 5
84 67 8
84 73 10
84 98 8
84 107 4
85 20 9
85 28 5
85 48 9
85 98 2
85 113 5
86 17 4
86 118 9
87 43 3
87 70 8
87 91 4
88 34 10
88 56 9
89 4 2
89 63 10
89 97 6
89 100 3
89 121 1
90 21 2
90 63 4
90 76 2
91 69 5
91 70 3
91 79 9
91 87 4
91 92 3
91 105 10
91 114 8
92 1 8
92 63 2
92 66 2
92 91 3
93 28 3
93 106 2
93 108 3
93 121 5
94 54 6
94 68 9
94 107 7
95 48 7
95 62 9
95 72 8
96 41 9
96 42 8
96 67 6
96 70 3
96 82 10
96 104 10
97 2 5
97 19 3
97 38 7
97 46 3
97 89 6
98 6 7
98 31 3
98 54 9
98 84 8
98 85 2
99 27 3
99 60 2
99 103 1
99 115 4
100 61 4
100 74 3
100 80 7
100 89 3
101 32 7
101 119 9
102 31 5
102 40 1
102 53 8
102 83 2
102 111 1
103 99 1
103 122 8
104 24 2
104 29 4
104 48 9
104 96 10
105 19 3
105 91 10
106 10 9
106 16 6
106 52 10
106 93 2
107 11 1
107 28 2
107 29 6
107 44 5
107 75 2
107 84 4
107 94 7
108 3 10
108 37 5
108 93 3
108 109 4
109 6 5
109 20 4
109 34 4
109 39 7
109 45 5
109 56 3
109 108 4
109 116 3
109 117 7
110 10 9
110 25 8
110 39 1
110 53 5
111 45 6
111 58 6
111 102 1
111 122 7
112 16 8
112 20 3
112 48 1
112 117 10
113 81 10
113 85 5
114 12 2
114 45 9
114 91 8
114 117 6
115 45 7
115 52 10
115 61 4
115 99 4
116 1 7
116 55 6
116 58 1
116 69 1
116 109 3
117 1 6
117 7 2
117 31 8
117 42 7
117 50 5
117 69 6
117 109 7
117 112 10
117 114 6
118 5 9
118 51 10
118 79 4
118 86 9
118 120 10
119 101 9
120 49 9
120 118 10
121 17 4
121 25 5
121 65 3
121 70 8
121 73 2
121 89 1
121 93 5
122 10 7
122 58 4
122 59 4
122 74 7
122 103 8
122 111 7
