179
1004
55
106
0 1 10
1 20 4
1 66 4
1 104 6
1 120 10
1 167 7
1 0 10
2 42 1
2 54 8
2 67 2
2 91 5
2 122 4
2 135 1
2 157 2
3 18 5
3 48 4
3 68 10
3 76 9
3 91 1
3 98 7
3 109 1
3 136 10
3 171 7
3 177 6
4 9 8
4 105 3
4 122 6
4 151 7
5 47 10
5 72 4
5 158 10
6 43 7
6 84 5
6 137 4
6 141 6
6 148 7
6 153 10
6 164 10
6 172 7
7 25 10
7 97 7
7 146 6
7 156 8
8 23 3
8 46 6
8 72 4
8 139 6
8 152 3
8 162 5
9 4 8
9 36 10
9 78 5
9 113 2
9 122 1
9 172 5
10 19 8
10 31 3
10 33 7
10 118 5
10 121 8
10 126 5
11 27 5
11 69 4
11 77 8
11 138 2
11 141 6
11 160 8
11 165 2
12 24 7
12 32 7
12 34 4
12 105 3
12 133 7
13 17 6
13 20 2
13 22 4
13 51 7
14 30 1
14 61 3
14 90 8
14 112 5
14 132 6
14 134 6
14 157 2
14 173 5
15 48 1
15 65 10
15 79 1
15 101 6
15 164 3
16 56 8
16 115 6
17 13 6
17 91 6
17 112 4
17 114 7
18 3 5
18 23 1
19 10 8
19 30 4
19 47 3
19 93 3
19 103 10
19 153 3
20 1 4
20 13 2
21 84 4
21 85 4
21 124 9
21 133 7
21 140 6
22 13 4
22 64 8
22 89 3
22 123 2
23 8 3
23 18 1
23 29 8
23 148 1
23 162 6
24 12 7
24 26 8
24 79 2
24 120 1
24 139 8
24 141 4
25 7 10
25 126 4
25 127 8
26 24 8
26 34 6
26 87 4
26 88 8
26 111 10
26 154 8
27 11 5
27 74 6
27 92 5
27 137 9
28 73 9
28 85 7
28 89 2
28 121 8
29 23 8
29 45 5
29 54 10
29 57 9
29 105 7
29 172 1
30 14 1
30 19 4
30 60 2
30 79 6
30 122 8
31 10 3
31 90 8
31 97 2
31 105 8
32 12 7
32 35 6
32 66 7
32 86 10
32 102 3
32 103 3
32 141 10
33 10 7
33 53 2
33 55 7
33 109 7
33 136 8
33 153 4
34 12 4
34 26 6
34 60 9
34 94 6
34 103 9
34 108 9
34 114 7
34 153 8
35 32 6
35 38 3
35 40 3
35 76 5
35 96 8
35 109 10
35 142 3
35 167 10
36 9 10
36 66 7
36 72 1
36 85 4
36 129 8
37 154 9
37 177 6
38 35 3
38 43 8
38 59 10
38 74 5
38 89 8
39 48 1
39 55 9
39 58 10
39 132 10
39 149 3
40 35 3
40 67 3
40 100 1
41 68 2
41 101 1
41 129 1
42 2 1
42 48 2
42 53 3
42 56 3
42 119 10
42 144 9
43 6 7
43 38 8
43 70 5
43 76 6
43 121 6
43 148 5
43 176 6
44 46 8
44 109 5
44 123 9
44 143 3
44 174 9
45 29 5
45 69 1
45 89 9
45 112 10
45 136 10
45 160 8
46 8 6
46 44 8
46 116 3
46 132 1
46 134 2
47 5 10
47 19 3
47 155 2
48 3 4
48 15 1
48 39 1
48 42 2
48 58 10
48 80 9
48 83 1
48 90 6
48 96 7
48 147 1
49 67 3
49 70 8
49 78 6
49 112 1
49 163 8
50 101 9
50 154 2
50 158 7
50 162 5
50 163 1
50 177 9
51 13 7
51 83 7
51 92 9
51 154 10
51 156 1
51 165 9
52 55 1
52 82 7
52 87 5
52 95 10
52 141 10
52 145 3
52 161 2
53 33 2
53 42 3
53 70 10
53 129 2
54 2 8
54 29 10
54 118 7
55 33 7
55 39 9
55 52 1
55 73 4
55 117 9
55 126 6
55 167 4
56 16 8
56 42 3
56 70 3
56 86 6
56 100 9
56 101 4
56 129 3
56 132 6
57 29 9
57 122 3
58 39 10
58 48 10
58 96 4
58 98 9
58 117 5
58 137 9
58 156 5
59 38 10
59 89 1
59 154 8
59 170 4
60 30 2
60 34 9
60 119 9
60 145 6
60 167 8
61 14 3
61 66 6
61 108 2
61 113 1
61 121 9
61 171 2
62 75 1
62 113 2
62 163 10
62 164 6
63 133 1
63 136 8
64 22 8
64 96 6
65 15 10
65 96 2
65 127 5
65 156 5
65 163 8
65 167 3
66 1 4
66 32 7
66 36 7
66 61 6
66 68 8
66 74 7
66 103 1
66 113 9
66 155 10
66 175 8
67 2 2
67 40 3
67 49 3
67 77 8
67 119 3
67 160 5
68 3 10
68 41 2
68 66 8
68 76 10
68 94 3
69 11 4
69 45 1
69 107 8
69 115 1
69 126 10
69 130 1
69 137 8
69 145 6
70 43 5
70 49 8
70 53 10
70 56 3
70 71 2
70 100 8
70 109 10
70 172 2
71 70 2
71 97 2
71 101 6
72 5 4
72 8 4
72 36 1
72 112 5
72 119 1
72 132 8
72 134 6
72 143 10
72 175 9
73 28 9
73 55 4
73 88 1
73 102 9
74 27 6
74 38 5
74 66 7
74 119 8
74 127 2
74 174 1
75 62 1
75 130 5
76 3 9
76 35 5
76 43 6
76 68 10
76 78 10
76 119 3
76 133 3
76 140 1
77 11 8
77 67 8
77 111 7
77 142 7
78 9 5
78 49 6
78 76 10
79 15 1
79 24 2
79 30 6
79 128 5
79 169 1
79 171 2
80 48 9
80 81 3
80 101 5
81 80 3
81 131 8
81 132 10
81 166 7
82 52 7
82 104 4
82 111 10
82 166 9
83 48 1
83 51 7
83 85 3
83 157 8
83 159 2
83 174 5
84 6 5
84 21 4
84 109 3
84 139 10
84 153 9
84 157 10
85 21 4
85 28 7
85 36 4
85 83 3
85 101 9
85 117 4
85 155 6
85 166 2
86 32 10
86 56 6
86 178 6
87 26 4
87 52 5
87 149 6
87 163 7
87 168 8
87 172 10
88 26 8
88 73 1
88 140 2
88 168 4
89 22 3
89 28 2
89 38 8
89 45 9
89 59 1
89 106 8
89 129 1
89 137 3
89 150 5
89 171 10
90 14 8
90 31 8
90 48 6
90 94 6
90 118 4
90 153 1
90 171 1
90 175 3
91 2 5
91 3 1
91 17 6
91 105 4
92 27 5
92 51 9
92 115 8
92 135 2
92 138 4
93 19 3
93 111 3
93 119 1
93 120 3
93 159 10
93 173 6
94 34 6
94 68 3
94 90 6
94 115 6
94 117 10
94 126 3
94 166 8
94 173 9
95 52 10
95 130 9
96 35 8
96 48 7
96 58 4
96 64 6
96 65 2
96 145 9
96 162 8
97 7 7
97 31 2
97 71 2
97 131 5
98 3 7
98 58 9
98 120 1
98 161 4
98 174 10
99 111 3
99 133 7
100 40 1
100 56 9
100 70 8
100 104 10
100 135 4
100 138 8
100 150 7
101 15 6
101 41 1
101 50 9
101 56 4
101 71 6
101 80 5
101 85 9
101 103 10
101 114 1
101 118 4
102 32 3
102 73 9
102 105 9
102 113 7
102 116 8
102 130 3
102 176 1
103 19 10
103 32 3
103 34 9
103 66 1
103 101 10
103 108 2
103 121 2
103 135 7
103 169 4
104 1 6
104 82 4
104 100 10
104 110 8
104 125 10
104 137 8
105 4 3
105 12 3
105 29 7
105 31 8
105 91 4
105 102 9
105 113 10
105 155 8
106 89 8
106 116 4
106 138 5
106 178 4
107 69 8
107 118 3
107 136 4
108 34 9
108 61 2
108 103 2
108 139 1
108 174 1
109 3 1
109 33 7
109 35 10
109 44 5
109 70 10
109 84 3
109 165 2
109 172 10
110 104 8
110 117 8
110 125 5
111 26 10
111 77 7
111 82 10
111 93 3
111 99 3
111 128 1
112 14 5
112 17 4
112 45 10
112 49 1
112 72 5
112 161 10
113 9 2
113 61 1
113 62 2
113 66 9
113 102 7
113 105 10
113 174 5
114 17 7
114 34 7
114 101 1
114 119 1
114 128 5
115 16 6
115 69 1
115 92 8
115 94 6
115 119 10
115 127 7
115 152 4
115 162 8
116 46 3
116 102 8
116 106 4
116 138 1
116 172 2
117 55 9
117 58 5
117 85 4
117 94 10
117 110 8
118 10 5
118 54 7
118 90 4
118 101 4
118 107 3
118 126 3
118 146 7
118 155 2
119 42 10
119 60 9
119 67 3
119 72 1
119 74 8
119 76 3
119 93 1
119 114 1
119 115 10
119 151 6
119 154 5
120 1 10
120 24 1
120 93 3
120 98 1
120 165 9
121 10 8
121 28 8
121 43 6
121 61 9
121 103 2
121 145 5
121 151 4
121 163 6
122 2 4
122 4 6
122 9 1
122 30 8
122 57 3
122 135 2
122 151 7
122 155 4
122 157 8
122 162 9
122 177 5
123 22 2
123 44 9
123 126 7
123 127 2
123 146 8
123 168 9
124 21 9
124 125 5
124 135 8
125 104 10
125 110 5
125 124 5
125 129 6
125 142 2
125 156 3
125 176 9
126 10 5
126 25 4
126 55 6
126 69 10
126 94 3
126 118 3
126 123 7
127 25 8
127 65 5
127 74 2
127 115 7
127 123 2
127 136 7
127 166 9
128 79 5
128 111 1
128 114 5
128 142 8
128 160 1
128 178 1
129 36 8
129 41 1
129 53 2
129 56 3
129 89 1
129 125 6
129 157 3
130 69 1
130 75 5
130 95 9
130 102 3
130 152 1
130 167 2
130 169 4
131 81 8
131 97 5
131 134 9
131 136 6
132 14 6
132 39 10
132 46 1
132 56 6
132 72 8
132 81 10
132 143 1
132 156 6
133 12 7
133 21 7
133 63 1
133 76 3
133 99 7
133 148 4
133 152 1
133 160 2
133 175 8
134 14 6
134 46 2
134 72 6
134 131 9
134 159 10
135 2 1
135 92 2
135 100 4
135 103 7
135 122 2
135 124 8
136 3 10
136 33 8
136 45 10
136 63 8
136 107 4
136 127 7
136 131 6
136 142 5
136 155 9
136 158 8
136 160 5
136 162 9
137 6 4
137 27 9
137 58 9
137 69 8
137 89 3
137 104 8
137 150 3
138 11 2
138 92 4
138 100 8
138 106 5
138 116 1
139 8 6
139 24 8
139 84 10
139 108 1
140 21 6
140 76 1
140 88 2
140 141 2
140 150 7
140 170 9
140 172 2
141 6 6
141 11 6
141 24 4
141 32 10
141 52 10
141 140 2
141 171 9
142 35 3
142 77 7
142 125 2
142 128 8
142 136 5
142 146 2
142 168 7
143 44 3
143 72 10
143 132 1
143 162 9
144 42 9
144 155 2
144 166 8
144 173 9
145 52 3
145 60 6
145 69 6
145 96 9
145 121 5
146 7 6
146 118 7
146 123 8
146 142 2
146 148 5
147 48 1
147 149 9
147 153 9
147 165 2
148 6 7
148 23 1
148 43 5
148 133 4
148 146 5
149 39 3
149 87 6
149 147 9
149 176 1
150 89 5
150 100 7
150 137 3
150 140 7
150 153 8
150 157 5
151 4 7
151 119 6
151 121 4
151 122 7
152 8 3
152 115 4
152 130 1
152 133 1
152 160 7
153 6 10
153 19 3
153 33 4
153 34 8
153 84 9
153 90 1
153 147 9
153 150 8
154 26 8
154 37 9
154 50 2
154 51 10
154 59 8
154 119 5
154 162 9
154 168 10
155 47 2
155 66 10
155 85 6
155 105 8
155 118 2
155 122 4
155 136 9
155 144 2
155 170 8
156 7 8
156 51 1
156 58 5
156 65 5
156 125 3
156 132 6
157 2 2
157 14 2
157 83 8
157 84 10
157 122 8
157 129 3
157 150 5
158 5 10
158 50 7
158 136 8
159 83 2
159 93 10
159 134 10
159 164 10
160 11 8
160 45 8
160 67 5
160 128 1
160 133 2
160 136 5
160 152 7
160 162 9
161 52 2
161 98 4
161 112 10
161 166 7
162 8 5
162 23 6
162 50 5
162 96 8
162 115 8
162 122 9
162 136 9
162 143 9
162 154 9
162 160 9
162 168 10
163 49 8
163 50 1
163 62 10
163 65 8
163 87 7
163 121 6
163 166 3
164 6 10
164 15 3
164 62 6
164 159 10
165 11 2
165 51 9
165 109 2
165 120 9
165 147 2
166 81 7
166 82 9
166 85 2
166 94 8
166 127 9
166 144 8
166 161 7
166 163 3
167 1 7
167 35 10
167 55 4
167 60 8
167 65 3
167 130 2
168 87 8
168 88 4
168 123 9
168 142 7
168 154 10
168 162 10
169 79 1
169 103 4
169 130 4
170 59 4
170 140 9
170 155 8
171 3 7
171 61 2
171 79 2
171 89 10
171 90 1
171 141 9
172 6 7
172 9 5
172 29 1
172 70 2
172 87 10
172 109 10
172 116 2
172 140 2
173 14 5
173 93 6
173 94 9
173 144 9
174 44 9
174 74 1
174 83 5
174 98 10
174 108 1
174 113 5
175 66 8
175 72 9
175 90 3
175 133 8
176 43 6
176 102 1
176 125 9
176 149 1
177 3 6
177 37 6
177 50 9
177 122 5
178 86 6
178 106 4
178 128 1
