107
336
29
72
0 32 4
0 42 6
0 83 1
0 4 10
1 69 7
2 10 1
2 33 4
2 56 9
3 58 6
3 97 2
4 0 10
4 24 7
5 21 6
5 84 10
6 18 7
6 25 1
7 26 1
7 76 4
7 80 10
8 13 6
8 46 7
9 14 2
9 25 3
9 29 3
9 30 2
9 52 7
9 90 2
9 91 6
10 2 1
10 27 8
10 40 6
10 48 7
10 52 8
10 80 8
10 98 9
11 14 7
11 28 1
11 60 5
11 98 5
11 106 5
12 52 3
12 56 5
12 74 1
12 95 4
13 8 6
13 28 6
13 40 7
14 9 2
14 11 7
14 41 6
15 26 9
15 44 10
15 59 7
16 31 6
16 41 8
16 48 10
16 50 5
17 34 8
17 40 1
17 45 6
17 77 7
18 6 7
19 42 2
19 50 2
19 51 9
19 59 1
19 63 10
19 79 2
20 49 8
20 62 1
20 91 3
21 5 6
21 23 4
21 27 3
21 43 3
22 85 1
22 106 6
23 21 4
23 81 9
23 87 9
23 98 2
24 4 7
24 39 2
25 6 1
25 9 3
25 31 2
25 62 4
25 95 10
26 7 1
26 15 9
26 48 10
26 86 8
26 99 4
27 10 8
27 21 3
27 78 2
28 11 1
28 13 6
29 9 3
29 31 8
29 41 1
29 94 8
30 9 2
30 37 9
30 44 7
31 16 6
31 25 2
31 29 8
31 35 8
31 64 3
31 75 8
32 0 4
32 90 7
33 2 4
33 46 4
33 78 1
33 90 6
33 92 5
33 98 2
33 104 9
34 17 8
34 58 2
35 31 8
35 46 5
35 84 1
35 96 3
35 98 4
36 66 9
36 71 1
36 99 1
37 30 9
37 44 2
37 47 7
37 85 7
37 95 1
38 78 10
39 24 2
39 82 5
40 10 6
40 13 7
40 17 1
41 14 6
41 16 8
41 29 1
41 54 2
41 65 7
42 0 6
42 19 2
42 58 6
42 85 4
43 21 3
44 15 10
44 30 7
44 37 2
44 72 6
45 17 6
45 54 6
45 63 8
46 8 7
46 33 4
46 35 5
46 76 2
47 37 7
48 10 7
48 16 10
48 26 10
48 54 10
48 68 9
48 80 5
48 104 8
49 20 8
49 66 1
49 84 2
50 16 5
50 19 2
50 100 10
51 19 9
52 9 7
52 10 8
52 12 3
52 62 3
52 87 1
53 58 10
53 81 3
54 41 2
54 45 6
54 48 10
55 81 7
55 90 8
56 2 9
56 12 5
56 85 10
56 97 2
57 60 4
57 81 4
58 3 6
58 34 2
58 42 6
58 53 10
59 15 7
59 19 1
59 60 4
60 11 5
60 57 4
60 59 4
60 61 10
60 69 5
60 70 5
60 74 2
60 78 7
61 60 10
61 88 3
62 20 1
62 25 4
62 52 3
62 67 8
62 72 2
63 19 10
63 45 8
63 79 2
63 103 6
64 31 3
65 41 7
65 94 8
66 36 9
66 49 1
66 104 9
67 62 8
67 70 6
68 48 9
69 1 7
69 60 5
70 60 5
70 67 6
70 93 7
70 94 3
71 36 1
71 100 10
72 44 6
72 62 2
73 93 10
73 95 9
74 12 1
74 60 2
75 31 8
76 7 4
76 46 2
76 83 5
77 17 7
77 91 6
78 27 2
78 33 1
78 38 10
78 60 7
78 85 9
78 86 9
79 19 2
79 63 2
80 7 10
80 10 8
80 48 5
80 93 9
80 98 3
81 23 9
81 53 3
81 55 7
81 57 4
82 39 5
82 89 4
83 0 1
83 76 5
84 5 10
84 35 1
84 49 2
85 22 1
85 37 7
85 42 4
85 56 10
85 78 9
86 26 8
86 78 9
86 90 9
87 23 9
87 52 1
88 61 3
89 82 4
89 101 4
90 9 2
90 32 7
90 33 6
90 55 8
90 86 9
90 92 4
91 9 6
91 20 3
91 77 6
92 33 5
92 90 4
92 99 7
93 70 7
93 73 10
93 80 9
94 29 8
94 65 8
94 70 3
95 12 4
95 25 10
95 37 1
95 73 9
96 35 3
97 3 2
97 56 2
98 10 9
98 11 5
98 23 2
98 33 2
98 35 4
98 80 3
99 26 4
99 36 1
99 92 7
99 106 6
100 50 10
100 71 10
101 89 4
101 102 5
102 101 5
102 105 2
103 63 6
104 33 9
104 48 8
104 66 9
105 102 2
106 11 5
106 22 6
106 99 6
