113
396
30
83
0 26 6
0 100 8
0 1 7
1 0 7
1 2 4
2 1 4
3 46 2
3 65 7
3 66 8
3 71 2
3 89 3
4 48 5
4 88 5
5 29 4
5 90 2
6 23 9
6 101 3
7 77 9
7 111 3
8 12 3
8 28 8
8 39 9
8 47 9
8 112 2
9 43 3
10 38 5
10 69 6
10 89 2
11 25 9
11 78 1
11 80 8
12 8 3
12 15 5
12 16 5
12 17 2
12 31 1
13 14 5
13 59 5
14 13 5
14 42 1
14 79 7
14 85 7
15 12 5
15 56 10
15 71 10
15 73 6
15 98 7
15 101 8
15 112 1
16 12 5
16 45 3
16 63 9
16 85 6
17 12 2
17 46 2
17 55 4
17 86 9
18 32 1
18 35 5
18 83 3
18 98 8
18 109 8
19 102 2
20 69 2
21 61 9
21 70 1
21 86 5
21 110 5
22 63 1
22 72 6
22 94 4
22 111 6
23 6 9
23 49 3
23 50 7
23 51 5
23 58 8
23 80 5
23 81 6
23 87 1
23 110 1
24 49 4
24 57 1
24 75 1
24 79 2
24 95 9
24 112 9
25 11 9
25 67 7
25 69 6
26 0 6
26 51 3
26 61 3
27 36 7
27 48 5
27 64 4
27 75 9
27 93 7
27 96 3
28 8 8
28 29 1
28 47 4
29 5 4
29 28 1
29 34 9
29 55 9
29 65 5
29 70 4
29 86 1
29 91 6
30 51 1
31 12 1
31 84 2
31 109 6
32 18 1
32 83 6
32 92 1
33 41 9
33 50 2
34 29 9
34 51 4
34 53 8
34 95 3
35 18 5
35 61 10
35 93 6
35 94 4
36 27 7
36 91 2
36 106 9
37 44 2
37 49 4
37 55 1
37 75 9
37 97 4
38 10 5
38 54 7
38 76 2
38 82 9
39 8 9
39 40 2
39 64 4
39 90 6
39 112 2
40 39 2
40 92 6
40 96 7
41 33 9
41 43 10
42 14 1
42 80 1
43 9 3
43 41 10
43 60 3
43 91 10
44 37 2
44 45 4
45 16 3
45 44 4
45 55 7
45 79 10
46 3 2
46 17 2
47 8 9
47 28 4
47 83 8
48 4 5
48 27 5
48 49 9
48 73 6
48 86 8
48 88 1
48 103 6
49 23 3
49 24 4
49 37 4
49 48 9
49 65 8
49 91 6
50 23 7
50 33 2
50 89 6
51 23 5
51 26 3
51 30 1
51 34 4
51 78 2
51 96 1
52 87 8
52 107 4
53 34 8
53 70 5
53 108 7
54 38 7
54 102 2
55 17 4
55 29 9
55 37 1
55 45 7
55 65 2
55 96 4
56 15 10
56 68 6
57 24 1
57 94 3
58 23 8
59 13 5
59 74 6
59 84 1
59 108 6
60 43 3
60 94 10
61 21 9
61 26 3
61 35 10
61 65 6
62 99 5
63 16 9
63 22 1
64 27 4
64 39 4
64 78 1
64 81 7
65 3 7
65 29 5
65 49 8
65 55 2
65 61 6
66 3 8
66 72 8
66 88 2
67 25 7
67 90 1
67 111 7
68 56 6
68 72 7
68 80 9
68 107 2
69 10 6
69 20 2
69 25 6
69 84 4
70 21 1
70 29 4
70 53 5
70 88 4
70 96 6
70 109 9
71 3 2
71 15 10
71 73 3
71 77 6
71 105 9
71 110 10
72 22 6
72 66 8
72 68 7
72 73 3
72 77 4
72 96 7
73 15 6
73 48 6
73 71 3
73 72 3
74 59 6
75 24 1
75 27 9
75 37 9
76 38 2
76 97 1
77 7 9
77 71 6
77 72 4
78 11 1
78 51 2
78 64 1
79 14 7
79 24 2
79 45 10
80 11 8
80 23 5
80 42 1
80 68 9
80 102 6
81 23 6
81 64 7
81 95 10
81 102 9
82 38 9
82 101 3
83 18 3
83 32 6
83 47 8
84 31 2
84 59 1
84 69 4
85 14 7
85 16 6
85 92 1
85 100 1
86 17 9
86 21 5
86 29 1
86 48 8
87 23 1
87 52 8
87 100 5
88 4 5
88 48 1
88 66 2
88 70 4
89 3 3
89 10 2
89 50 6
90 5 2
90 39 6
90 67 1
90 110 5
91 29 6
91 36 2
91 43 10
91 49 6
92 32 1
92 40 6
92 85 1
92 102 8
93 27 7
93 35 6
94 22 4
94 35 4
94 57 3
94 60 10
95 24 9
95 34 3
95 81 10
95 105 6
95 109 1
95 111 1
96 27 3
96 40 7
96 51 1
96 55 4
96 70 6
96 72 7
96 106 3
97 37 4
97 76 1
98 15 7
98 18 8
98 103 5
99 62 5
99 105 9
100 0 8
100 85 1
100 87 5
101 6 3
101 15 8
101 82 3
101 106 4
102 19 2
102 54 2
102 80 6
102 81 9
102 92 8
102 104 6
102 106 10
103 48 6
103 98 5
104 102 6
105 71 9
105 95 6
105 99 9
106 36 9
106 96 3
106 101 4
106 102 10
107 52 4
107 68 2
108 53 7
108 59 6
109 18 8
109 31 6
109 70 9
109 95 1
110 21 5
110 23 1
110 71 10
110 90 5
111 7 3
111 22 6
111 67 7
111 95 1
112 8 2
112 15 1
112 24 9
112 39 2
