190
1024
122
156
0 5 7
0 59 3
0 74 10
0 84 10
0 111 6
0 112 10
0 167 7
0 180 7
1 56 10
1 64 6
1 79 10
1 131 2
1 142 4
2 21 4
2 37 4
2 38 5
2 50 5
2 103 5
2 150 1
2 180 1
3 100 3
3 177 9
4 18 5
4 101 10
4 159 4
4 168 8
4 169 9
5 0 7
5 85 5
5 106 8
5 107 2
5 117 6
5 175 4
6 25 10
6 146 2
6 153 8
6 155 7
7 32 4
7 43 8
7 50 8
7 59 5
7 64 8
7 70 1
7 74 7
7 76 7
7 107 9
7 109 4
7 131 5
8 11 8
8 19 7
8 20 10
8 86 9
8 95 8
8 150 9
9 27 9
9 66 4
9 155 3
10 57 1
10 92 1
10 129 9
10 162 5
10 178 7
10 183 5
11 8 8
11 23 9
11 95 9
11 112 2
11 116 8
11 163 9
12 31 1
12 35 4
12 58 7
12 62 1
12 76 8
12 136 8
12 175 8
12 184 8
13 45 8
13 58 4
13 99 10
13 147 3
13 153 1
13 160 2
13 169 1
14 54 1
14 97 9
14 101 1
14 141 9
14 180 3
15 38 2
15 63 8
15 73 5
15 160 8
16 100 4
17 34 9
17 48 8
18 4 5
18 33 10
18 100 2
18 110 4
18 142 2
18 178 6
18 179 3
19 8 7
19 26 9
19 34 2
19 51 2
19 52 6
19 153 4
19 157 4
20 8 10
20 87 8
20 124 9
20 139 4
20 165 9
21 2 4
21 122 4
21 178 1
22 42 6
22 44 5
22 67 5
22 80 10
22 86 5
23 11 9
23 36 7
23 43 7
23 116 7
23 138 6
23 182 7
24 31 7
24 81 8
24 112 10
24 120 4
24 140 4
24 177 2
24 187 3
25 6 10
25 107 2
25 127 8
26 19 9
26 102 2
26 105 9
27 9 9
27 72 6
28 88 9
28 91 10
28 184 4
29 80 6
29 169 7
29 178 5
30 133 10
30 148 7
30 171 6
31 12 1
31 24 7
31 180 3
32 7 4
32 59 2
32 85 9
32 86 4
32 186 4
33 18 10
33 46 6
33 50 7
33 75 4
33 122 10
33 161 6
34 17 9
34 19 2
34 111 9
34 126 10
34 174 4
35 12 4
35 59 8
35 101 3
35 149 5
35 172 6
36 23 7
36 58 10
36 84 7
36 88 2
36 110 10
36 133 6
36 167 8
36 182 6
36 184 4
37 2 4
37 49 1
37 63 4
37 80 1
37 108 9
37 140 8
37 155 5
38 2 5
38 15 2
38 44 3
39 44 9
39 137 4
39 138 7
39 167 3
39 188 6
40 68 7
40 92 5
40 141 9
40 150 2
40 166 10
41 83 2
41 95 1
41 100 1
41 108 4
41 139 10
42 22 6
42 136 7
42 178 10
42 180 2
43 7 8
43 23 7
43 108 9
43 121 10
43 170 2
43 172 6
44 22 5
44 38 3
44 39 9
44 48 6
44 65 6
44 94 4
44 152 1
44 164 6
44 188 2
45 13 8
45 92 3
45 111 6
45 176 6
45 183 5
46 33 6
46 49 2
46 66 7
46 119 8
46 120 6
46 152 4
46 165 9
47 86 5
47 101 5
47 117 2
47 143 8
47 171 3
48 17 8
48 44 6
48 72 4
48 120 6
48 124 3
48 151 2
49 37 1
49 46 2
49 83 7
49 132 3
49 148 4
49 154 1
50 2 5
50 7 8
50 33 7
50 64 3
50 84 7
50 128 8
50 136 6
50 172 3
50 178 5
51 19 2
51 59 7
51 68 4
51 72 8
51 91 5
51 101 6
51 154 1
52 19 6
52 79 7
52 127 9
53 76 8
54 14 1
54 86 2
54 144 10
54 160 2
55 59 10
55 132 2
55 152 10
55 158 8
55 172 1
55 180 7
55 188 2
56 1 10
56 111 4
56 138 9
56 148 6
57 10 1
57 61 6
57 81 5
57 146 2
58 12 7
58 13 4
58 36 10
58 110 5
58 125 9
58 185 5
59 0 3
59 7 5
59 32 2
59 35 8
59 51 7
59 55 10
59 67 1
59 76 5
59 129 3
59 163 6
59 167 1
59 173 9
60 79 4
60 137 5
60 142 4
60 155 2
60 156 1
60 170 3
60 188 3
61 57 6
61 86 7
61 155 8
62 12 1
62 128 8
62 165 9
62 189 2
63 15 8
63 37 4
63 137 4
63 155 10
64 1 6
64 7 8
64 50 3
64 123 8
65 44 6
65 116 4
65 149 5
66 9 4
66 46 7
66 119 1
66 145 3
66 162 5
66 172 7
67 22 5
67 59 1
67 114 1
67 143 4
67 146 7
67 160 6
67 173 1
68 40 7
68 51 4
68 94 2
68 110 5
68 111 3
68 112 9
68 173 7
69 85 2
69 87 10
69 101 1
69 111 1
69 156 1
70 7 1
70 92 3
70 99 2
70 108 6
70 123 1
70 133 2
70 152 1
70 155 6
71 127 1
72 27 6
72 48 4
72 51 8
73 15 5
73 147 10
73 171 5
73 178 6
74 0 10
74 7 7
74 150 3
74 184 9
75 33 4
75 90 1
76 7 7
76 12 8
76 53 8
76 59 5
76 124 9
76 158 3
77 102 9
77 157 3
77 174 3
78 140 6
78 173 10
79 1 10
79 52 7
79 60 4
79 140 9
80 22 10
80 29 6
80 37 1
80 119 9
80 143 9
80 189 10
81 24 8
81 57 5
81 152 10
81 159 6
81 167 8
82 88 10
82 108 4
82 121 2
82 122 8
82 133 2
82 141 6
82 172 1
82 180 9
83 41 2
83 49 7
83 131 4
83 157 6
83 186 8
84 0 10
84 36 7
84 50 7
84 102 8
84 163 1
84 176 8
85 5 5
85 32 9
85 69 2
85 140 2
85 150 6
85 172 6
86 8 9
86 22 5
86 32 4
86 47 5
86 54 2
86 61 7
87 20 8
87 69 10
87 113 8
87 115 7
87 139 7
87 177 7
87 182 1
88 28 9
88 36 2
88 82 10
88 115 5
89 109 4
89 120 2
89 145 5
90 75 1
90 102 6
90 171 4
91 28 10
91 51 5
91 111 8
91 131 5
91 143 9
91 170 9
91 172 6
92 10 1
92 40 5
92 45 3
92 70 3
92 102 9
92 106 10
92 130 7
92 132 3
92 180 10
93 129 4
93 188 8
93 189 9
94 44 4
94 68 2
94 126 8
95 8 8
95 11 9
95 41 1
95 118 10
96 119 4
96 156 7
96 173 7
97 14 9
97 150 5
97 161 8
97 168 10
97 170 1
97 176 3
97 178 5
98 104 6
98 168 2
98 186 7
99 13 10
99 70 2
99 120 7
99 135 6
99 187 5
100 3 3
100 16 4
100 18 2
100 41 1
100 116 8
100 176 7
101 4 10
101 14 1
101 35 3
101 47 5
101 51 6
101 69 1
101 140 1
101 143 1
101 146 7
102 26 2
102 77 9
102 84 8
102 90 6
102 92 9
102 117 10
102 136 9
102 155 9
102 186 3
103 2 5
103 180 2
104 98 6
104 122 10
105 26 9
105 125 3
105 140 5
106 5 8
106 92 10
106 108 4
106 130 3
106 147 10
106 160 1
106 174 6
107 5 2
107 7 9
107 25 2
107 137 8
108 37 9
108 41 4
108 43 9
108 70 6
108 82 4
108 106 4
108 111 3
108 144 2
108 167 3
108 179 7
109 7 4
109 89 4
109 131 10
109 163 2
109 166 2
109 167 4
110 18 4
110 36 10
110 58 5
110 68 5
110 116 5
110 178 1
110 180 3
111 0 6
111 34 9
111 45 6
111 56 4
111 68 3
111 69 1
111 91 8
111 108 3
111 124 3
111 138 2
111 179 9
112 0 10
112 11 2
112 24 10
112 68 9
112 161 1
112 182 5
113 87 8
113 168 3
113 174 6
113 184 8
114 67 1
114 182 3
114 186 9
115 87 7
115 88 5
115 147 8
115 178 5
115 185 9
115 188 3
116 11 8
116 23 7
116 65 4
116 100 8
116 110 5
116 118 9
116 151 1
116 168 1
116 184 6
117 5 6
117 47 2
117 102 10
117 155 7
118 95 10
118 116 9
118 134 7
119 46 8
119 66 1
119 80 9
119 96 4
119 129 8
119 131 6
119 137 8
119 180 4
119 187 7
120 24 4
120 46 6
120 48 6
120 89 2
120 99 7
120 121 3
120 123 3
120 166 8
121 43 10
121 82 2
121 120 3
121 159 4
122 21 4
122 33 10
122 82 8
122 104 10
122 162 10
122 185 1
123 64 8
123 70 1
123 120 3
123 124 4
123 157 4
124 20 9
124 48 3
124 76 9
124 111 3
124 123 4
124 161 4
124 180 2
125 58 9
125 105 3
125 151 7
125 155 1
125 156 7
125 165 1
126 34 10
126 94 8
126 143 5
127 25 8
127 52 9
127 71 1
127 147 3
127 183 4
128 50 8
128 62 8
128 134 8
128 138 6
128 155 1
128 182 7
129 10 9
129 59 3
129 93 4
129 119 8
130 92 7
130 106 3
131 1 2
131 7 5
131 83 4
131 91 5
131 109 10
131 119 6
131 135 10
131 142 4
132 49 3
132 55 2
132 92 3
132 188 4
133 30 10
133 36 6
133 70 2
133 82 2
133 177 2
133 178 9
134 118 7
134 128 8
134 143 7
135 99 6
135 131 10
135 142 9
135 153 6
136 12 8
136 42 7
136 50 6
136 102 9
137 39 4
137 60 5
137 63 4
137 107 8
137 119 8
137 162 5
137 184 9
138 23 6
138 39 7
138 56 9
138 111 2
138 128 6
139 20 4
139 41 10
139 87 7
139 173 7
140 24 4
140 37 8
140 78 6
140 79 9
140 85 2
140 101 1
140 105 5
141 14 9
141 40 9
141 82 6
141 145 2
142 1 4
142 18 2
142 60 4
142 131 4
142 135 9
142 167 10
142 176 3
143 47 8
143 67 4
143 80 9
143 91 9
143 101 1
143 126 5
143 134 7
143 150 8
144 54 10
144 108 2
144 150 7
144 183 4
145 66 3
145 89 5
145 141 2
145 155 1
145 167 10
145 175 4
146 6 2
146 57 2
146 67 7
146 101 7
146 184 7
146 189 4
147 13 3
147 73 10
147 106 10
147 115 8
147 127 3
147 178 6
148 30 7
148 49 4
148 56 6
148 159 1
148 173 2
148 179 2
149 35 5
149 65 5
149 176 7
150 2 1
150 8 9
150 40 2
150 74 3
150 85 6
150 97 5
150 143 8
150 144 7
150 164 4
151 48 2
151 116 1
151 125 7
152 44 1
152 46 4
152 55 10
152 70 1
152 81 10
153 6 8
153 13 1
153 19 4
153 135 6
154 49 1
154 51 1
155 6 7
155 9 3
155 37 5
155 60 2
155 61 8
155 63 10
155 70 6
155 102 9
155 117 7
155 125 1
155 128 1
155 145 1
155 182 1
156 60 1
156 69 1
156 96 7
156 125 7
156 189 8
157 19 4
157 77 3
157 83 6
157 123 4
158 55 8
158 76 3
158 172 7
158 177 9
159 4 4
159 81 6
159 121 4
159 148 1
159 169 6
160 13 2
160 15 8
160 54 2
160 67 6
160 106 1
160 164 7
161 33 6
161 97 8
161 112 1
161 124 4
161 173 8
162 10 5
162 66 5
162 122 10
162 137 5
162 166 1
162 173 1
163 11 9
163 59 6
163 84 1
163 109 2
163 188 7
164 44 6
164 150 4
164 160 7
165 20 9
165 46 9
165 62 9
165 125 1
165 186 7
166 40 10
166 109 2
166 120 8
166 162 1
166 177 6
167 0 7
167 36 8
167 39 3
167 59 1
167 81 8
167 108 3
167 109 4
167 142 10
167 145 10
168 4 8
168 97 10
168 98 2
168 113 3
168 116 1
169 4 9
169 13 1
169 29 7
169 159 6
169 181 5
169 184 8
170 43 2
170 60 3
170 91 9
170 97 1
171 30 6
171 47 3
171 73 5
171 90 4
172 35 6
172 43 6
172 50 3
172 55 1
172 66 7
172 82 1
172 85 6
172 91 6
172 158 7
173 59 9
173 67 1
173 68 7
173 78 10
173 96 7
173 139 7
173 148 2
173 161 8
173 162 1
173 183 10
174 34 4
174 77 3
174 106 6
174 113 6
175 5 4
175 12 8
175 145 4
176 45 6
176 84 8
176 97 3
176 100 7
176 142 3
176 149 7
176 178 6
176 188 8
177 3 9
177 24 2
177 87 7
177 133 2
177 158 9
177 166 6
178 10 7
178 18 6
178 21 1
178 29 5
178 42 10
178 50 5
178 73 6
178 97 5
178 110 1
178 115 5
178 133 9
178 147 6
178 176 6
178 188 5
179 18 3
179 108 7
179 111 9
179 148 2
179 185 6
180 0 7
180 2 1
180 14 3
180 31 3
180 42 2
180 55 7
180 82 9
180 92 10
180 103 2
180 110 3
180 119 4
180 124 2
181 169 5
182 23 7
182 36 6
182 87 1
182 112 5
182 114 3
182 128 7
182 155 1
183 10 5
183 45 5
183 127 4
183 144 4
183 173 10
184 12 8
184 28 4
184 36 4
184 74 9
184 113 8
184 116 6
184 137 9
184 146 7
184 169 8
184 185 3
185 58 5
185 115 9
185 122 1
185 179 6
185 184 3
186 32 4
186 83 8
186 98 7
186 102 3
186 114 9
186 165 7
187 24 3
187 99 5
187 119 7
188 39 6
188 44 2
188 55 2
188 60 3
188 93 8
188 115 3
188 132 4
188 163 7
188 176 8
188 178 5
189 62 2
189 80 10
189 93 9
189 146 4
189 156 8
