177
932
64
106
0 58 7
0 65 7
0 84 2
0 101 10
0 103 9
0 129 3
0 1 9
1 0 9
1 28 4
2 60 9
2 63 6
2 84 3
2 147 2
3 35 5
3 102 6
3 128 8
3 131 4
3 176 8
4 13 5
4 18 4
4 33 3
4 71 6
4 82 10
4 100 9
4 107 8
4 133 3
5 14 9
5 70 3
5 75 4
5 138 8
5 152 7
5 155 3
5 158 9
6 14 8
6 43 2
6 58 4
6 117 8
6 121 10
6 125 3
6 137 4
7 20 8
7 35 3
7 136 7
7 173 7
8 39 3
8 65 2
8 125 4
8 132 9
9 29 5
9 82 2
9 84 8
9 92 9
9 98 10
9 116 7
9 135 10
9 159 1
10 44 4
10 143 2
10 148 3
11 13 10
11 21 1
11 22 7
11 57 8
11 113 6
11 117 1
11 133 2
11 144 6
12 35 6
12 44 4
12 103 6
13 4 5
13 11 10
13 26 7
13 37 1
13 81 9
14 5 9
14 6 8
14 34 10
14 67 6
14 85 7
14 88 1
14 89 8
14 106 3
15 17 5
15 69 9
15 88 9
15 151 2
15 176 4
16 25 9
16 52 7
16 101 9
16 113 6
16 147 9
16 148 1
16 152 10
17 15 5
17 34 5
17 46 9
17 159 9
17 173 6
18 4 4
18 81 2
18 90 6
18 106 10
18 132 7
18 137 10
18 139 3
18 171 8
19 123 2
19 142 6
20 7 8
20 48 3
20 50 9
20 51 5
20 56 1
20 83 9
20 95 10
20 171 7
21 11 1
21 119 2
21 167 4
22 11 7
22 38 5
22 47 1
22 48 2
22 85 8
22 104 3
22 105 2
22 176 9
23 41 7
23 106 8
23 136 4
23 152 2
23 154 1
24 55 10
24 96 8
24 107 10
24 171 6
25 16 9
25 86 1
25 94 3
25 162 4
26 13 7
26 59 5
26 77 2
26 100 2
26 102 5
27 118 8
27 125 6
27 126 1
27 135 1
27 173 1
28 1 4
28 141 8
29 9 5
29 31 8
29 46 2
29 55 9
30 46 1
30 59 3
30 74 1
30 79 9
30 120 7
30 138 6
30 146 4
30 175 1
31 29 8
31 54 5
31 99 9
31 126 9
31 153 8
31 157 7
32 33 10
32 38 7
32 68 6
32 93 3
32 156 3
32 165 9
33 4 3
33 32 10
33 71 7
33 120 1
33 149 3
34 14 10
34 17 5
34 155 2
35 3 5
35 7 3
35 12 6
35 80 2
35 83 2
35 98 7
35 132 1
35 158 1
36 45 9
36 81 7
36 84 9
36 104 2
36 108 10
36 109 4
36 111 2
37 13 1
37 51 8
37 52 1
37 153 10
38 22 5
38 32 7
38 60 3
38 61 3
38 66 6
38 92 8
38 163 5
38 173 3
39 8 3
39 76 5
39 150 1
40 128 4
40 168 9
41 23 7
41 92 10
41 96 10
41 103 1
41 152 3
42 44 3
42 67 1
42 71 5
42 90 1
42 154 3
42 172 6
43 6 2
43 135 2
44 10 4
44 12 4
44 42 3
44 66 3
44 68 6
44 79 3
44 108 7
45 36 9
45 50 9
45 72 4
45 76 9
45 80 10
45 125 8
46 17 9
46 29 2
46 30 1
46 60 9
46 62 8
46 157 7
47 22 1
47 132 5
47 155 5
48 20 3
48 22 2
48 101 5
48 103 4
48 135 6
48 159 10
48 162 10
49 61 1
50 20 9
50 45 9
50 103 3
50 123 7
50 147 5
51 20 5
51 37 8
51 113 9
51 120 5
52 16 7
52 37 1
52 74 3
52 89 3
52 102 6
52 105 5
52 137 9
52 145 6
53 69 8
53 82 10
53 125 8
53 162 7
54 31 5
54 55 7
54 88 5
54 108 7
54 127 9
54 161 10
54 174 1
55 24 10
55 29 9
55 54 7
55 60 1
55 114 1
55 124 5
55 152 1
55 165 5
56 20 1
57 11 8
57 65 1
57 66 6
57 82 10
57 133 6
57 161 4
58 0 7
58 6 4
58 65 8
58 96 8
58 100 8
59 26 5
59 30 3
59 78 7
59 124 7
59 125 8
60 2 9
60 38 3
60 46 9
60 55 1
60 76 8
60 94 9
60 109 2
61 38 3
61 49 1
61 62 3
61 85 5
61 87 5
61 91 8
61 156 3
61 166 8
62 46 8
62 61 3
62 70 8
62 126 4
63 2 6
63 71 8
63 98 9
63 119 2
63 152 4
64 70 5
64 99 2
64 149 8
64 166 10
65 0 7
65 8 2
65 57 1
65 58 8
65 73 2
65 80 2
65 86 9
65 142 9
65 146 2
65 175 4
66 38 6
66 44 3
66 57 6
66 173 6
67 14 6
67 42 1
67 89 6
67 94 1
67 110 4
67 118 5
67 169 7
68 32 6
68 44 6
68 107 7
68 114 7
68 134 5
69 15 9
69 53 8
69 146 1
69 152 8
69 156 9
70 5 3
70 62 8
70 64 5
70 79 6
70 119 10
70 123 5
70 160 7
70 168 10
71 4 6
71 33 7
71 42 5
71 63 8
71 139 2
71 147 1
71 151 8
71 167 9
72 45 4
72 80 7
72 106 9
72 133 8
73 65 2
73 84 3
73 114 5
73 143 7
73 148 3
73 160 8
74 30 1
74 52 3
74 84 10
74 118 1
74 167 7
75 5 4
75 85 8
75 104 3
76 39 5
76 45 9
76 60 8
76 84 2
76 115 2
76 146 1
76 169 3
76 174 8
77 26 2
77 150 7
77 155 4
78 59 7
78 97 2
78 119 4
78 122 3
78 132 4
78 142 5
78 149 10
79 30 9
79 44 3
79 70 6
79 148 10
79 150 6
80 35 2
80 45 10
80 65 2
80 72 7
80 106 7
80 160 1
81 13 9
81 18 2
81 36 7
81 91 6
81 138 5
81 163 7
82 4 10
82 9 2
82 53 10
82 57 10
82 104 3
82 109 2
82 111 6
82 157 9
83 20 9
83 35 2
83 98 1
84 0 2
84 2 3
84 9 8
84 36 9
84 73 3
84 74 10
84 76 2
84 108 2
85 14 7
85 22 8
85 61 5
85 75 8
85 102 6
85 143 4
85 172 1
86 25 1
86 65 9
86 92 6
86 93 4
86 107 7
86 108 6
87 61 5
87 91 9
87 124 1
87 148 8
87 156 7
88 14 1
88 15 9
88 54 5
88 101 9
88 176 6
89 14 8
89 52 3
89 67 6
89 107 3
90 18 6
90 42 1
90 129 1
90 139 9
90 149 1
90 165 3
91 61 8
91 81 6
91 87 9
91 109 2
91 154 7
91 161 8
91 172 8
92 9 9
92 38 8
92 41 10
92 86 6
92 113 9
92 124 5
92 133 1
93 32 3
93 86 4
93 121 8
94 25 3
94 60 9
94 67 1
94 98 2
94 133 2
95 20 10
95 116 4
95 136 7
96 24 8
96 41 10
96 58 8
96 174 2
97 78 2
97 101 5
97 150 7
97 158 2
98 9 10
98 35 7
98 63 9
98 83 1
98 94 2
99 31 9
99 64 2
100 4 9
100 26 2
100 58 8
100 150 3
101 0 10
101 16 9
101 48 5
101 88 9
101 97 5
101 117 6
101 126 8
101 140 7
102 3 6
102 26 5
102 52 6
102 85 6
102 140 5
102 147 7
103 0 9
103 12 6
103 41 1
103 48 4
103 50 3
103 175 2
104 22 3
104 36 2
104 75 3
104 82 3
104 111 10
104 119 6
104 162 10
105 22 2
105 52 5
105 150 4
106 14 3
106 18 10
106 23 8
106 72 9
106 80 7
106 164 1
107 4 8
107 24 10
107 68 7
107 86 7
107 89 3
107 109 5
107 158 2
107 172 8
108 36 10
108 44 7
108 54 7
108 84 2
108 86 6
108 137 10
108 169 2
109 36 4
109 60 2
109 82 2
109 91 2
109 107 5
109 132 5
110 67 4
110 129 10
110 158 3
110 165 6
111 36 2
111 82 6
111 104 10
111 131 7
112 134 1
112 166 4
113 11 6
113 16 6
113 51 9
113 92 9
113 117 1
113 119 6
113 167 2
114 55 1
114 68 7
114 73 5
114 170 10
115 76 2
115 133 2
116 9 7
116 95 4
116 136 8
117 6 8
117 11 1
117 101 6
117 113 1
117 157 9
118 27 8
118 67 5
118 74 1
118 126 4
118 156 10
119 21 2
119 63 2
119 70 10
119 78 4
119 104 6
119 113 6
119 153 6
120 30 7
120 33 1
120 51 5
120 162 4
120 173 2
121 6 10
121 93 8
121 129 2
121 143 5
121 160 4
122 78 3
122 129 3
122 134 1
122 155 10
122 156 5
122 159 5
122 163 1
123 19 2
123 50 7
123 70 5
123 127 4
123 160 4
123 171 9
124 55 5
124 59 7
124 87 1
124 92 5
125 6 3
125 8 4
125 27 6
125 45 8
125 53 8
125 59 8
125 132 8
125 133 2
125 135 10
125 166 6
126 27 1
126 31 9
126 62 4
126 101 8
126 118 4
126 128 9
126 135 4
126 149 1
127 54 9
127 123 4
128 3 8
128 40 4
128 126 9
128 166 3
128 174 6
128 176 6
129 0 3
129 90 1
129 110 10
129 121 2
129 122 3
129 164 1
129 176 4
130 170 3
130 172 10
131 3 4
131 111 7
132 8 9
132 18 7
132 35 1
132 47 5
132 78 4
132 109 5
132 125 8
132 154 10
133 4 3
133 11 2
133 57 6
133 72 8
133 92 1
133 94 2
133 115 2
133 125 2
134 68 5
134 112 1
134 122 1
135 9 10
135 27 1
135 43 2
135 48 6
135 125 10
135 126 4
135 148 2
136 7 7
136 23 4
136 95 7
136 116 8
136 154 5
137 6 4
137 18 10
137 52 9
137 108 10
138 5 8
138 30 6
138 81 5
139 18 3
139 71 2
139 90 9
139 160 10
140 101 7
140 102 5
141 28 8
142 19 6
142 65 9
142 78 5
142 153 10
142 154 5
142 170 8
143 10 2
143 73 7
143 85 4
143 121 5
143 154 5
143 168 3
144 11 6
145 52 6
146 30 4
146 65 2
146 69 1
146 76 1
146 152 2
147 2 2
147 16 9
147 50 5
147 71 1
147 102 7
148 10 3
148 16 1
148 73 3
148 79 10
148 87 8
148 135 2
148 168 1
149 33 3
149 64 8
149 78 10
149 90 1
149 126 1
149 168 8
150 39 1
150 77 7
150 79 6
150 97 7
150 100 3
150 105 4
150 169 10
150 173 8
151 15 2
151 71 8
151 163 1
152 5 7
152 16 10
152 23 2
152 41 3
152 55 1
152 63 4
152 69 8
152 146 2
152 155 7
152 164 8
153 31 8
153 37 10
153 119 6
153 142 10
153 172 8
154 23 1
154 42 3
154 91 7
154 132 10
154 136 5
154 142 5
154 143 5
154 162 7
154 170 10
155 5 3
155 34 2
155 47 5
155 77 4
155 122 10
155 152 7
155 174 7
156 32 3
156 61 3
156 69 9
156 87 7
156 118 10
156 122 5
157 31 7
157 46 7
157 82 9
157 117 9
157 170 3
158 5 9
158 35 1
158 97 2
158 107 2
158 110 3
159 9 1
159 17 9
159 48 10
159 122 5
159 166 9
160 70 7
160 73 8
160 80 1
160 121 4
160 123 4
160 139 10
161 54 10
161 57 4
161 91 8
162 25 4
162 48 10
162 53 7
162 104 10
162 120 4
162 154 7
163 38 5
163 81 7
163 122 1
163 151 1
163 174 6
164 106 1
164 129 1
164 152 8
165 32 9
165 55 5
165 90 3
165 110 6
166 61 8
166 64 10
166 112 4
166 125 6
166 128 3
166 159 9
167 21 4
167 71 9
167 74 7
167 113 2
168 40 9
168 70 10
168 143 3
168 148 1
168 149 8
169 67 7
169 76 3
169 108 2
169 150 10
169 172 5
170 114 10
170 130 3
170 142 8
170 154 10
170 157 3
171 18 8
171 20 7
171 24 6
171 123 9
172 42 6
172 85 1
172 91 8
172 107 8
172 130 10
172 153 8
172 169 5
173 7 7
173 17 6
173 27 1
173 38 3
173 66 6
173 120 2
173 150 8
174 54 1
174 76 8
174 96 2
174 128 6
174 155 7
174 163 6
175 30 1
175 65 4
175 103 2
176 3 8
176 15 4
176 22 9
176 88 6
176 128 6
176 129 4
