139
612
75
78
0 2 1
0 52 8
1 57 7
1 65 8
1 73 10
1 93 8
2 0 1
2 8 4
2 59 5
2 70 10
2 75 5
2 101 9
3 10 8
3 41 6
3 45 2
3 50 5
3 75 7
3 111 10
3 127 9
4 100 8
5 68 6
5 111 7
5 123 7
6 18 1
6 33 6
6 64 3
6 75 7
6 87 1
6 89 8
7 39 5
7 79 7
7 118 10
8 2 4
8 45 1
8 59 7
8 77 3
8 97 6
9 81 6
9 95 6
9 117 3
10 3 8
10 11 5
10 19 10
10 53 10
10 72 2
10 118 9
11 10 5
11 22 1
11 29 1
11 75 4
11 94 4
11 97 9
11 113 1
11 115 7
11 124 5
12 31 9
12 49 6
12 87 4
12 116 7
12 135 3
13 61 3
13 74 4
13 110 10
14 47 9
14 137 6
15 32 3
15 136 10
15 138 10
16 76 10
17 43 9
17 77 10
17 82 6
18 6 1
18 38 6
18 59 10
18 94 10
19 10 10
19 33 7
19 109 6
20 46 8
20 61 10
21 29 10
21 45 1
21 130 1
22 11 1
22 111 8
22 138 2
23 64 1
24 31 3
24 34 1
24 50 1
24 56 2
24 78 5
24 138 5
25 49 5
25 76 2
25 101 5
25 103 1
25 122 4
25 132 10
26 44 8
26 71 8
26 116 7
26 124 1
27 28 10
27 113 5
28 27 10
28 30 1
28 75 7
28 84 1
28 88 4
29 11 1
29 21 10
29 36 6
29 40 9
29 137 8
30 28 1
30 37 2
30 39 3
30 65 3
30 107 5
31 12 9
31 24 3
31 59 8
31 99 2
32 15 3
32 62 1
32 111 9
33 6 6
33 19 7
33 56 9
33 91 7
33 98 5
33 103 10
33 114 2
34 24 1
34 36 1
34 85 2
34 93 6
35 55 3
35 66 2
35 78 3
35 86 1
35 123 8
36 29 6
36 34 1
36 40 4
36 112 9
36 114 7
37 30 2
37 38 3
37 42 3
37 75 8
37 105 10
38 18 6
38 37 3
38 61 6
38 64 4
38 91 2
38 95 2
38 103 3
38 122 4
38 124 5
39 7 5
39 30 3
39 112 8
39 123 9
40 29 9
40 36 4
40 70 10
41 3 6
41 83 2
41 91 10
41 119 3
41 137 1
42 37 3
42 47 7
42 91 9
42 123 1
42 129 3
43 17 9
43 115 5
43 122 1
43 130 10
44 26 8
44 76 10
44 77 10
44 107 1
45 3 2
45 8 1
45 21 1
45 82 10
45 127 1
46 20 8
46 69 8
46 96 1
46 103 10
46 104 7
46 119 6
47 14 9
47 42 7
47 71 7
47 92 9
48 58 10
48 87 2
48 99 7
48 126 2
49 12 6
49 25 5
49 58 7
49 75 10
49 109 8
49 129 9
50 3 5
50 24 1
50 93 3
50 124 7
51 95 9
51 109 10
51 131 10
51 138 3
52 0 8
52 120 6
53 10 10
53 56 3
53 70 2
53 74 4
53 122 4
54 66 4
54 74 6
54 114 6
54 130 2
55 35 3
55 107 4
55 138 9
56 24 2
56 33 9
56 53 3
56 70 6
56 132 9
57 1 7
57 86 7
57 90 2
57 136 3
58 48 10
58 49 7
58 84 1
59 2 5
59 8 7
59 18 10
59 31 8
59 78 4
59 104 8
59 114 3
59 117 6
59 128 7
59 134 5
60 77 4
60 86 4
61 13 3
61 20 10
61 38 6
61 64 2
61 67 2
62 32 1
62 109 7
62 136 1
63 73 2
64 6 3
64 23 1
64 38 4
64 61 2
64 80 9
64 110 1
64 131 5
65 1 8
65 30 3
65 87 9
65 100 4
66 35 2
66 54 4
66 67 3
66 90 5
66 107 9
67 61 2
67 66 3
67 115 10
67 121 1
67 125 8
67 134 3
68 5 6
68 127 3
69 46 8
69 103 8
70 2 10
70 40 10
70 53 2
70 56 6
70 138 3
71 26 8
71 47 7
71 74 1
71 103 3
71 115 8
71 116 10
71 126 3
71 132 5
72 10 2
72 106 4
72 124 1
73 1 10
73 63 2
73 92 5
73 108 7
73 115 1
73 119 3
74 13 4
74 53 4
74 54 6
74 71 1
74 89 5
74 99 1
74 114 4
74 126 7
74 133 2
75 2 5
75 3 7
75 6 7
75 11 4
75 28 7
75 37 8
75 49 10
75 129 9
75 134 5
75 136 10
76 16 10
76 25 2
76 44 10
77 8 3
77 17 10
77 44 10
77 60 4
77 81 10
77 98 1
77 111 10
77 124 2
78 24 5
78 35 3
78 59 4
78 94 5
78 123 7
78 130 3
79 7 7
80 64 9
80 82 4
80 100 4
81 9 6
81 77 10
81 90 2
81 91 7
82 17 6
82 45 10
82 80 4
82 98 8
83 41 2
84 28 1
84 58 1
84 96 6
85 34 2
86 35 1
86 57 7
86 60 4
86 111 10
86 126 4
86 131 9
87 6 1
87 12 4
87 48 2
87 65 9
87 126 4
88 28 4
88 106 3
89 6 8
89 74 5
89 118 5
89 119 8
89 128 5
90 57 2
90 66 5
90 81 2
90 93 10
90 108 10
90 111 8
91 33 7
91 38 2
91 41 10
91 42 9
91 81 7
91 104 8
91 122 7
92 47 9
92 73 5
92 94 4
93 1 8
93 34 6
93 50 3
93 90 10
93 107 2
93 121 2
94 11 4
94 18 10
94 78 5
94 92 4
94 99 7
94 112 9
95 9 6
95 38 2
95 51 9
96 46 1
96 84 6
97 8 6
97 11 9
97 102 5
97 114 10
97 130 9
97 135 8
98 33 5
98 77 1
98 82 8
98 112 7
98 123 4
99 31 2
99 48 7
99 74 1
99 94 7
99 103 10
100 4 8
100 65 4
100 80 4
101 2 9
101 25 5
101 137 8
102 97 5
103 25 1
103 33 10
103 38 3
103 46 10
103 69 8
103 71 3
103 99 10
103 131 6
104 46 7
104 59 8
104 91 8
104 109 4
104 123 6
105 37 10
105 124 10
106 72 4
106 88 3
106 117 3
107 30 5
107 44 1
107 55 4
107 66 9
107 93 2
108 73 7
108 90 10
108 129 7
108 137 5
109 19 6
109 49 8
109 51 10
109 62 7
109 104 4
109 114 3
110 13 10
110 64 1
111 3 10
111 5 7
111 22 8
111 32 9
111 77 10
111 86 10
111 90 8
112 36 9
112 39 8
112 94 9
112 98 7
112 117 9
112 131 5
113 11 1
113 27 5
114 33 2
114 36 7
114 54 6
114 59 3
114 74 4
114 97 10
114 109 3
115 11 7
115 43 5
115 67 10
115 71 8
115 73 1
116 12 7
116 26 7
116 71 10
116 134 6
117 9 3
117 59 6
117 106 3
117 112 9
117 121 2
117 124 7
118 7 10
118 10 9
118 89 5
119 41 3
119 46 6
119 73 3
119 89 8
120 52 6
121 67 1
121 93 2
121 117 2
121 136 4
121 137 3
122 25 4
122 38 4
122 43 1
122 53 4
122 91 7
123 5 7
123 35 8
123 39 9
123 42 1
123 78 7
123 98 4
123 104 6
123 130 10
124 11 5
124 26 1
124 38 5
124 50 7
124 72 1
124 77 2
124 105 10
124 117 7
125 67 8
125 129 3
125 130 6
126 48 2
126 71 3
126 74 7
126 86 4
126 87 4
127 3 9
127 45 1
127 68 3
127 130 9
128 59 7
128 89 5
129 42 3
129 49 9
129 75 9
129 108 7
129 125 3
130 21 1
130 43 10
130 54 2
130 78 3
130 97 9
130 123 10
130 125 6
130 127 9
130 133 10
130 135 5
131 51 10
131 64 5
131 86 9
131 103 6
131 112 5
132 25 10
132 56 9
132 71 5
133 74 2
133 130 10
134 59 5
134 67 3
134 75 5
134 116 6
135 12 3
135 97 8
135 130 5
136 15 10
136 57 3
136 62 1
136 75 10
136 121 4
137 14 6
137 29 8
137 41 1
137 101 8
137 108 5
137 121 3
138 15 10
138 22 2
138 24 5
138 51 3
138 55 9
138 70 3
