149
688
109
135
0 35 10
0 89 4
0 125 7
0 145 10
0 2 2
1 140 6
2 0 2
2 39 10
3 9 5
3 60 6
3 129 3
3 140 6
3 142 10
3 143 7
4 14 6
4 29 2
4 100 5
4 131 8
4 146 3
5 47 3
5 52 6
5 64 2
5 69 10
5 82 10
5 115 6
5 128 10
6 30 6
6 42 1
6 68 6
6 101 10
6 139 1
7 53 2
8 24 10
8 31 8
8 35 6
8 60 5
8 77 9
8 119 3
8 133 2
8 143 10
9 3 5
9 60 7
9 65 8
9 88 5
9 97 4
9 144 5
9 148 9
10 22 6
10 33 5
10 52 2
10 75 6
10 105 1
10 107 1
10 140 9
10 141 3
11 34 3
11 51 10
11 61 5
11 96 3
12 25 10
12 52 10
12 54 1
12 66 10
12 74 2
12 136 2
13 75 8
13 111 8
14 4 6
14 47 9
14 136 9
15 29 7
15 96 6
15 99 8
15 140 8
16 120 9
16 137 1
16 142 7
17 38 5
17 121 6
17 143 10
18 31 7
18 54 9
18 107 2
18 119 5
18 121 6
19 113 5
19 126 4
20 34 5
20 40 7
20 72 2
20 89 2
20 105 7
20 111 10
21 76 3
21 94 5
21 99 7
21 105 9
21 144 2
22 10 6
22 24 4
22 133 6
23 25 1
23 59 7
23 84 2
23 91 1
24 8 10
24 22 4
24 25 2
24 50 5
24 53 10
24 73 8
24 94 2
25 12 10
25 23 1
25 24 2
25 67 9
25 104 5
25 114 1
25 140 2
26 127 6
26 129 6
27 29 9
27 48 10
27 77 8
27 96 8
27 131 6
28 33 4
28 81 4
28 106 9
28 107 8
28 129 7
28 137 2
28 145 3
29 4 2
29 15 7
29 27 9
29 34 7
29 88 9
29 113 3
29 130 8
30 6 6
30 37 9
30 89 7
30 116 1
31 8 8
31 18 7
31 40 4
31 48 9
31 54 5
31 95 6
31 110 3
31 139 10
32 50 4
32 63 3
32 74 2
32 90 10
32 138 1
33 10 5
33 28 4
33 113 7
33 118 6
33 128 10
34 11 3
34 20 5
34 29 7
34 45 5
34 70 7
34 98 10
34 103 9
34 109 8
34 112 10
34 118 1
34 143 5
35 0 10
35 8 6
35 62 10
35 114 7
35 129 7
36 124 3
37 30 9
37 81 2
37 104 9
37 105 8
37 106 3
37 110 8
37 125 6
38 17 5
38 71 4
38 87 5
38 90 6
38 122 10
38 143 6
39 2 10
40 20 7
40 31 4
40 65 3
40 111 7
40 116 1
40 145 8
41 60 9
41 66 4
42 6 1
42 44 10
42 69 8
42 76 4
42 110 8
42 116 4
43 143 10
44 42 10
44 105 4
44 130 3
45 34 5
45 48 6
45 124 7
45 127 6
46 53 8
46 71 4
46 115 3
47 5 3
47 14 9
47 67 3
47 102 2
47 132 4
48 27 10
48 31 9
48 45 6
48 83 8
48 89 6
49 112 5
49 125 4
50 24 5
50 32 4
50 143 7
51 11 10
51 59 1
51 123 7
52 5 6
52 10 2
52 12 10
52 60 5
52 112 7
52 120 1
52 127 10
53 7 2
53 24 10
53 46 8
53 58 10
53 90 10
53 117 7
53 127 1
54 12 1
54 18 9
54 31 5
54 107 5
54 123 4
55 57 7
55 77 3
55 79 5
55 105 10
55 109 10
56 68 9
56 84 5
56 104 4
56 136 8
56 142 3
56 148 6
57 55 7
57 59 1
57 61 2
57 68 4
57 70 5
57 76 4
57 98 4
58 53 10
58 68 7
58 70 4
58 131 3
59 23 7
59 51 1
59 57 1
59 90 5
59 127 2
60 3 6
60 8 5
60 9 7
60 41 9
60 52 5
60 103 7
61 11 5
61 57 2
61 100 5
61 111 8
61 114 3
61 120 4
61 125 5
61 134 2
62 35 10
62 90 7
62 121 8
62 133 10
63 32 3
63 93 3
63 126 6
63 145 4
64 5 2
64 84 1
64 88 9
64 138 3
65 9 8
65 40 3
65 82 6
65 97 6
65 100 8
65 131 6
66 12 10
66 41 4
67 25 9
67 47 3
67 87 9
67 106 10
67 122 8
68 6 6
68 56 9
68 57 4
68 58 7
68 83 3
68 109 5
68 117 9
69 5 10
69 42 8
69 118 2
70 34 7
70 57 5
70 58 4
70 76 7
70 77 5
70 81 4
70 90 1
70 141 10
71 38 4
71 46 4
71 115 8
72 20 2
72 83 5
72 108 7
72 138 1
72 141 9
72 147 5
73 24 8
73 83 1
74 12 2
74 32 2
74 106 2
74 109 10
74 122 3
75 10 6
75 13 8
75 104 10
75 114 1
76 21 3
76 42 4
76 57 4
76 70 7
77 8 9
77 27 8
77 55 3
77 70 5
77 86 1
77 114 3
77 135 1
77 142 4
78 91 8
78 98 2
78 134 8
79 55 5
79 135 9
79 143 1
79 144 1
80 108 4
81 28 4
81 37 2
81 70 4
81 103 3
81 121 3
81 140 2
82 5 10
82 65 6
82 91 2
82 104 5
82 127 6
82 147 3
83 48 8
83 68 3
83 72 5
83 73 1
84 23 2
84 56 5
84 64 1
84 104 1
85 96 4
85 115 4
86 77 1
86 105 2
87 38 5
87 67 9
87 119 2
88 9 5
88 29 9
88 64 9
89 0 4
89 20 2
89 30 7
89 48 6
89 95 5
90 32 10
90 38 6
90 53 10
90 59 5
90 62 7
90 70 1
90 118 8
90 122 9
91 23 1
91 78 8
91 82 2
91 112 1
92 97 1
92 123 7
92 129 3
93 63 3
94 21 5
94 24 2
94 124 2
95 31 6
95 89 5
95 139 7
96 11 3
96 15 6
96 27 8
96 85 4
96 122 2
96 131 2
96 146 1
97 9 4
97 65 6
97 92 1
98 34 10
98 57 4
98 78 2
98 137 5
98 138 6
98 140 10
98 144 1
99 15 8
99 21 7
100 4 5
100 61 5
100 65 8
101 6 10
101 106 3
101 109 7
102 47 2
103 34 9
103 60 7
103 81 3
103 121 10
104 25 5
104 37 9
104 56 4
104 75 10
104 82 5
104 84 1
104 135 4
104 138 10
105 10 1
105 20 7
105 21 9
105 37 8
105 44 4
105 55 10
105 86 2
105 136 8
105 146 10
105 148 6
106 28 9
106 37 3
106 67 10
106 74 2
106 101 3
106 110 3
107 10 1
107 18 2
107 28 8
107 54 5
107 128 6
107 132 7
107 141 1
107 146 3
108 72 7
108 80 4
108 144 3
109 34 8
109 55 10
109 68 5
109 74 10
109 101 7
109 119 5
110 31 3
110 37 8
110 42 8
110 106 3
111 13 8
111 20 10
111 40 7
111 61 8
111 136 6
111 138 5
112 34 10
112 49 5
112 52 7
112 91 1
112 132 9
112 148 5
113 19 5
113 29 3
113 33 7
113 141 4
114 25 1
114 35 7
114 61 3
114 75 1
114 77 3
115 5 6
115 46 3
115 71 8
115 85 4
115 121 3
116 30 1
116 40 1
116 42 4
117 53 7
117 68 9
118 33 6
118 34 1
118 69 2
118 90 8
119 8 3
119 18 5
119 87 2
119 109 5
120 16 9
120 52 1
120 61 4
120 121 4
121 17 6
121 18 6
121 62 8
121 81 3
121 103 10
121 115 3
121 120 4
121 128 5
122 38 10
122 67 8
122 74 3
122 90 9
122 96 2
123 51 7
123 54 4
123 92 7
123 136 5
124 36 3
124 45 7
124 94 2
124 136 8
124 140 5
125 0 7
125 37 6
125 49 4
125 61 5
126 19 4
126 63 6
127 26 6
127 45 6
127 52 10
127 53 1
127 59 2
127 82 6
128 5 10
128 33 10
128 107 6
128 121 5
129 3 3
129 26 6
129 28 7
129 35 7
129 92 3
130 29 8
130 44 3
130 132 9
130 148 1
131 4 8
131 27 6
131 58 3
131 65 6
131 96 2
132 47 4
132 107 7
132 112 9
132 130 9
133 8 2
133 22 6
133 62 10
134 61 2
134 78 8
135 77 1
135 79 9
135 104 4
136 12 2
136 14 9
136 56 8
136 105 8
136 111 6
136 123 5
136 124 8
137 16 1
137 28 2
137 98 5
137 147 7
138 32 1
138 64 3
138 72 1
138 98 6
138 104 10
138 111 5
139 6 1
139 31 10
139 95 7
140 1 6
140 3 6
140 10 9
140 15 8
140 25 2
140 81 2
140 98 10
140 124 5
140 146 8
141 10 3
141 70 10
141 72 9
141 107 1
141 113 4
142 3 10
142 16 7
142 56 3
142 77 4
142 148 9
143 3 7
143 8 10
143 17 10
143 34 5
143 38 6
143 43 10
143 50 7
143 79 1
144 9 5
144 21 2
144 79 1
144 98 1
144 108 3
145 0 10
145 28 3
145 40 8
145 63 4
146 4 3
146 96 1
146 105 10
146 107 3
146 140 8
147 72 5
147 82 3
147 137 7
148 9 9
148 56 6
148 105 6
148 112 5
148 130 1
148 142 9
