127
480
97
111
0 59 8
0 77 3
0 93 7
0 113 9
0 21 8
1 18 9
1 61 9
1 63 8
1 76 8
2 6 1
2 13 6
2 25 5
2 28 2
2 41 2
2 66 6
2 72 1
3 16 4
3 42 10
3 91 2
3 113 8
4 46 4
4 117 2
4 118 6
5 15 4
5 31 3
5 54 10
5 96 8
6 2 1
6 24 10
6 26 8
6 94 4
7 52 1
8 50 7
8 57 10
8 58 4
8 100 9
8 120 3
9 23 6
9 54 10
10 42 3
10 46 5
10 85 1
11 30 10
11 53 5
12 27 7
12 39 10
12 61 4
12 85 5
12 92 6
12 110 9
13 2 6
13 14 4
13 16 10
13 18 6
13 62 7
13 69 2
13 87 8
13 100 6
13 105 3
14 13 4
14 42 7
14 73 8
15 5 4
15 84 4
16 3 4
16 13 10
16 17 6
16 28 7
16 33 4
16 64 2
16 68 8
16 89 2
16 99 7
16 115 4
17 16 6
17 26 2
17 33 10
17 126 3
18 1 9
18 13 6
18 45 8
18 49 8
18 56 8
18 64 2
18 105 9
19 60 8
19 65 10
19 123 7
20 36 3
20 61 2
20 65 8
20 95 5
20 101 3
20 116 6
21 0 8
22 53 9
22 107 10
23 9 6
23 34 3
23 39 3
23 75 2
24 6 10
24 48 1
25 2 5
25 38 10
25 81 9
26 6 8
26 17 2
26 51 1
26 103 8
26 117 8
26 118 9
27 12 7
27 51 9
27 85 6
27 90 4
27 99 10
27 112 10
28 2 2
28 16 7
28 29 3
28 57 6
28 67 2
28 74 8
28 84 1
28 94 2
28 108 10
28 124 4
28 126 8
29 28 3
29 52 4
29 56 1
29 90 7
29 113 7
30 11 10
30 37 4
30 52 9
30 56 9
30 61 9
30 78 3
31 5 3
31 39 9
31 43 7
31 61 9
31 121 9
32 71 9
32 117 8
33 16 4
33 17 10
33 49 8
33 98 1
34 23 3
34 98 7
35 126 2
36 20 3
36 77 2
36 113 5
37 30 4
37 44 6
37 93 2
37 118 1
37 121 8
38 25 10
38 49 9
38 98 3
38 122 10
39 12 10
39 23 3
39 31 9
39 56 9
39 67 1
39 73 7
39 79 6
39 90 2
39 109 4
40 71 5
40 109 2
40 124 6
41 2 2
41 57 4
41 64 4
41 83 3
41 124 8
42 3 10
42 10 3
42 14 7
42 109 7
42 118 2
42 123 4
43 31 7
43 99 4
44 37 6
44 89 10
44 115 7
45 18 8
45 53 6
45 78 5
45 112 7
46 4 4
46 10 5
46 47 9
46 92 2
46 118 2
47 46 9
47 65 3
47 97 10
48 24 1
48 119 8
48 122 5
49 18 8
49 33 8
49 38 9
49 93 3
50 8 7
50 71 9
50 85 2
51 26 1
51 27 9
51 66 8
52 7 1
52 29 4
52 30 9
53 11 5
53 22 9
53 45 6
53 62 1
54 5 10
54 9 10
54 62 6
54 95 5
55 66 9
55 82 7
55 84 10
56 18 8
56 29 1
56 30 9
56 39 9
56 60 10
57 8 10
57 28 6
57 41 4
57 62 4
58 8 4
58 95 8
58 104 8
59 0 8
59 65 2
59 92 9
59 102 9
59 106 6
59 125 3
60 19 8
60 56 10
60 94 1
60 115 2
61 1 9
61 12 4
61 20 2
61 30 9
61 31 9
61 74 4
61 88 6
61 92 1
62 13 7
62 53 1
62 54 6
62 57 4
62 92 5
62 114 8
63 1 8
63 97 2
63 99 2
63 120 4
64 16 2
64 18 2
64 41 4
64 104 8
65 19 10
65 20 8
65 47 3
65 59 2
65 81 4
65 120 9
66 2 6
66 51 8
66 55 9
66 120 4
66 125 9
67 28 2
67 39 1
68 16 8
68 74 4
68 91 1
69 13 2
70 82 5
70 85 8
70 93 8
70 125 5
71 32 9
71 40 5
71 50 9
72 2 1
72 120 1
73 14 8
73 39 7
73 107 7
74 28 8
74 61 4
74 68 4
74 96 6
74 103 3
74 115 7
75 23 2
76 1 8
76 80 7
76 88 4
77 0 3
77 36 2
78 30 3
78 45 5
78 98 6
79 39 6
79 119 3
80 76 7
81 25 9
81 65 4
81 110 1
81 126 3
82 55 7
82 70 5
83 41 3
83 118 10
84 15 4
84 28 1
84 55 10
85 10 1
85 12 5
85 27 6
85 50 2
85 70 8
85 100 7
86 103 9
87 13 8
88 61 6
88 76 4
88 98 9
89 16 2
89 44 10
90 27 4
90 29 7
90 39 2
90 91 10
90 125 6
91 3 2
91 68 1
91 90 10
91 97 1
91 117 3
91 121 9
92 12 6
92 46 2
92 59 9
92 61 1
92 62 5
92 112 1
92 113 10
93 0 7
93 37 2
93 49 3
93 70 8
93 98 9
94 6 4
94 28 2
94 60 1
94 97 4
95 20 5
95 54 5
95 58 8
96 5 8
96 74 6
97 47 10
97 63 2
97 91 1
97 94 4
98 33 1
98 34 7
98 38 3
98 78 6
98 88 9
98 93 9
98 102 8
99 16 7
99 27 10
99 43 4
99 63 2
100 8 9
100 13 6
100 85 7
101 20 3
102 59 9
102 98 8
103 26 8
103 74 3
103 86 9
103 108 6
104 58 8
104 64 8
105 13 3
105 18 9
105 114 9
106 59 6
107 22 10
107 73 7
107 109 6
108 28 10
108 103 6
109 39 4
109 40 2
109 42 7
109 107 6
110 12 9
110 81 1
111 121 4
112 27 10
112 45 7
112 92 1
113 0 9
113 3 8
113 29 7
113 36 5
113 92 10
113 123 7
114 62 8
114 105 9
115 16 4
115 44 7
115 60 2
115 74 7
116 20 6
117 4 2
117 26 8
117 32 8
117 91 3
118 4 6
118 26 9
118 37 1
118 42 2
118 46 2
118 83 10
118 121 4
119 48 8
119 79 3
120 8 3
120 63 4
120 65 9
120 66 4
120 72 1
120 125 7
121 31 9
121 37 8
121 91 9
121 111 4
121 118 4
122 38 10
122 48 5
123 19 7
123 42 4
123 113 7
124 28 4
124 40 6
124 41 8
125 59 3
125 66 9
125 70 5
125 90 6
125 120 7
126 17 3
126 28 8
126 35 2
126 81 3
