135
580
25
40
0 61 2
0 76 7
0 99 1
0 119 9
0 122 3
0 128 5
0 14 6
1 3 10
1 12 7
1 75 5
2 22 2
2 126 9
3 1 10
3 29 4
3 94 8
4 16 2
4 18 1
4 19 1
4 74 6
4 81 8
4 110 9
5 25 9
5 43 8
5 51 5
5 53 4
5 85 1
5 111 1
5 115 10
5 117 1
5 119 9
6 35 10
6 76 9
6 108 7
7 22 8
7 40 3
7 48 3
7 86 1
8 27 5
9 19 9
9 36 9
9 47 5
10 42 1
10 103 6
10 118 5
11 40 6
11 42 10
11 64 3
11 128 3
12 1 7
13 77 5
13 88 1
13 106 7
13 114 4
14 0 6
14 54 3
15 40 1
15 111 7
16 4 2
16 48 2
16 64 9
16 111 2
16 114 3
17 19 4
17 59 9
17 97 8
18 4 1
18 50 10
18 67 2
18 109 6
19 4 1
19 9 9
19 17 4
19 62 10
19 80 1
20 48 1
20 52 8
20 63 2
20 69 8
20 94 2
21 117 10
22 2 2
22 7 8
22 45 10
22 57 2
23 45 2
23 86 1
23 123 10
24 25 3
24 122 6
25 5 9
25 24 3
25 29 5
25 48 7
25 75 5
25 87 5
25 105 6
26 69 4
26 75 10
26 101 9
26 113 8
27 8 5
27 72 6
27 90 7
28 50 7
28 109 2
29 3 4
29 25 5
29 38 10
29 42 4
29 93 2
29 106 7
29 115 6
29 130 2
29 134 4
30 57 7
30 68 3
30 85 3
30 124 3
30 125 5
31 72 1
31 111 6
31 128 2
32 41 10
32 68 10
32 108 7
32 127 1
32 131 2
33 66 7
33 72 1
33 133 5
34 40 7
34 64 3
34 78 6
34 84 4
34 112 7
35 6 10
35 68 5
35 76 6
35 79 8
36 9 9
36 109 10
36 116 3
37 43 5
37 71 6
37 81 4
37 117 8
37 121 2
38 29 10
38 39 5
38 63 2
38 87 9
38 100 5
38 113 10
39 38 5
40 7 3
40 11 6
40 15 1
40 34 7
40 42 3
40 93 9
40 98 9
41 32 10
41 82 8
41 94 6
41 107 4
41 112 7
41 113 4
42 10 1
42 11 10
42 29 4
42 40 3
42 64 5
42 120 1
43 5 8
43 37 5
43 50 9
43 51 2
44 95 7
45 22 10
45 23 2
45 87 5
45 88 8
45 102 1
46 49 2
46 52 3
46 111 9
46 134 5
47 9 5
47 69 10
47 99 7
47 109 2
48 7 3
48 16 2
48 20 1
48 25 7
48 83 2
49 46 2
49 96 1
50 18 10
50 28 7
50 43 9
50 72 8
50 83 5
51 5 5
51 43 2
52 20 8
52 46 3
52 72 1
52 82 9
52 97 6
52 116 8
52 121 3
52 132 2
53 5 4
53 75 2
54 14 3
55 58 9
55 67 3
55 78 4
55 114 3
56 72 8
56 121 2
56 126 2
57 22 2
57 30 7
57 65 9
57 123 8
58 55 9
58 71 7
58 78 5
58 88 9
58 113 8
58 126 8
59 17 9
59 60 8
59 65 6
59 91 5
59 123 3
59 129 6
60 59 8
60 92 5
60 115 2
60 129 9
61 0 2
61 81 10
61 83 1
61 91 10
61 94 8
61 117 7
61 131 10
62 19 10
62 66 8
62 123 1
62 129 1
63 20 2
63 38 2
63 124 3
64 11 3
64 16 9
64 34 3
64 42 5
64 72 10
64 76 3
64 124 4
65 57 9
65 59 6
65 119 4
66 33 7
66 62 8
66 75 3
66 99 9
67 18 2
67 55 3
67 99 7
67 101 3
67 111 10
68 30 3
68 32 10
68 35 5
68 90 8
69 20 8
69 26 4
69 47 10
69 96 7
69 106 8
69 111 7
69 131 5
70 82 9
71 37 6
71 58 7
71 72 1
71 81 3
71 88 5
72 27 6
72 31 1
72 33 1
72 50 8
72 52 1
72 56 8
72 64 10
72 71 1
72 107 9
73 119 2
73 121 4
73 124 7
74 4 6
74 79 4
74 81 1
75 1 5
75 25 5
75 26 10
75 53 2
75 66 3
75 86 4
76 0 7
76 6 9
76 35 6
76 64 3
76 96 2
77 13 5
77 102 4
77 117 1
77 131 8
78 34 6
78 55 4
78 58 5
78 101 6
78 132 5
79 35 8
79 74 4
79 80 1
79 106 8
79 121 7
79 132 9
80 19 1
80 79 1
80 116 7
80 119 8
80 123 10
81 4 8
81 37 4
81 61 10
81 71 3
81 74 1
82 41 8
82 52 9
82 70 9
82 87 2
82 112 3
82 118 8
83 48 2
83 50 5
83 61 1
83 93 2
83 97 8
83 114 10
84 34 4
84 122 2
84 123 7
85 5 1
85 30 3
85 90 8
85 101 2
85 116 7
85 131 2
86 7 1
86 23 1
86 75 4
86 87 9
86 95 2
86 126 5
87 25 5
87 38 9
87 45 5
87 82 2
87 86 9
87 122 9
87 127 7
87 129 7
88 13 1
88 45 8
88 58 9
88 71 5
88 92 9
89 92 8
89 105 8
89 116 9
89 122 10
90 27 7
90 68 8
90 85 8
90 96 8
91 59 5
91 61 10
92 60 5
92 88 9
92 89 8
92 122 7
92 130 1
93 29 2
93 40 9
93 83 2
93 127 1
94 3 8
94 20 2
94 41 6
94 61 8
95 44 7
95 86 2
95 101 6
95 107 9
96 49 1
96 69 7
96 76 2
96 90 8
96 116 1
97 17 8
97 52 6
97 83 8
98 40 9
98 106 8
98 111 10
98 123 7
98 126 8
99 0 1
99 47 7
99 66 9
99 67 7
99 115 10
100 38 5
100 106 8
100 116 6
100 118 9
100 121 7
101 26 9
101 67 3
101 78 6
101 85 2
101 95 6
101 127 9
102 45 1
102 77 4
103 10 6
104 105 1
105 25 6
105 89 8
105 104 1
106 13 7
106 29 7
106 69 8
106 79 8
106 98 8
106 100 8
106 107 7
107 41 4
107 72 9
107 95 9
107 106 7
108 6 7
108 32 7
109 18 6
109 28 2
109 36 10
109 47 2
110 4 9
110 122 8
111 5 1
111 15 7
111 16 2
111 31 6
111 46 9
111 67 10
111 69 7
111 98 10
112 34 7
112 41 7
112 82 3
112 129 9
112 132 1
113 26 8
113 38 10
113 41 4
113 58 8
114 13 4
114 16 3
114 55 3
114 83 10
114 123 5
115 5 10
115 29 6
115 60 2
115 99 10
115 134 4
116 36 3
116 52 8
116 80 7
116 85 7
116 89 9
116 96 1
116 100 6
117 5 1
117 21 10
117 37 8
117 61 7
117 77 1
118 10 5
118 82 8
118 100 9
118 121 2
119 0 9
119 5 9
119 65 4
119 73 2
119 80 8
119 125 2
120 42 1
121 37 2
121 52 3
121 56 2
121 73 4
121 79 7
121 100 7
121 118 2
122 0 3
122 24 6
122 84 2
122 87 9
122 89 10
122 92 7
122 110 8
122 133 6
123 23 10
123 57 8
123 59 3
123 62 1
123 80 10
123 84 7
123 98 7
123 114 5
124 30 3
124 63 3
124 64 4
124 73 7
124 126 9
125 30 5
125 119 2
126 2 9
126 56 2
126 58 8
126 86 5
126 98 8
126 124 9
127 32 1
127 87 7
127 93 1
127 101 9
128 0 5
128 11 3
128 31 2
129 59 6
129 60 9
129 62 1
129 87 7
129 112 9
130 29 2
130 92 1
131 32 2
131 61 10
131 69 5
131 77 8
131 85 2
132 52 2
132 78 5
132 79 9
132 112 1
133 33 5
133 122 6
134 29 4
134 46 5
134 115 4
