141
534
63
122
0 6 6
0 51 9
0 54 4
0 69 8
0 77 9
0 95 3
0 5 8
1 3 10
1 17 2
1 66 6
2 129 10
3 1 10
3 4 6
3 11 5
3 69 6
4 3 6
4 118 1
4 135 9
5 0 8
5 41 7
6 0 6
6 22 10
7 45 6
7 80 2
7 101 1
7 111 8
8 14 4
8 131 3
9 20 8
9 25 10
9 58 6
9 94 2
10 32 8
10 33 3
10 80 2
10 139 6
11 3 5
11 62 6
11 63 5
11 68 3
11 131 2
12 14 6
12 25 10
12 84 8
12 133 5
13 22 4
14 8 4
14 12 6
14 80 1
14 82 3
14 102 6
14 127 2
14 135 9
15 81 8
16 74 9
16 87 9
16 95 2
17 1 2
17 28 9
17 39 5
17 91 10
17 92 7
18 94 7
18 102 5
18 109 6
19 35 8
19 46 5
19 107 10
20 9 8
20 23 4
20 54 4
20 81 4
21 31 8
21 33 1
21 45 2
21 72 6
21 82 3
22 6 10
22 13 4
22 34 2
22 75 3
22 116 8
22 126 8
23 20 4
23 127 4
24 30 3
24 48 6
24 119 9
24 127 3
24 139 2
25 9 10
25 12 10
25 36 9
25 37 4
25 58 5
25 91 4
26 61 4
26 78 1
26 84 6
26 128 5
26 133 1
27 68 5
27 120 4
27 127 5
27 139 2
28 17 9
28 91 6
28 95 10
28 100 8
29 34 4
29 79 8
29 82 2
29 107 5
30 24 3
30 32 7
31 21 8
31 126 8
31 132 5
32 10 8
32 30 7
32 70 7
33 10 3
33 21 1
33 34 7
33 70 6
33 84 9
34 22 2
34 29 4
34 33 7
34 36 9
34 47 5
34 126 3
35 19 8
35 84 5
35 91 9
35 96 6
35 109 4
36 25 9
36 34 9
36 65 7
36 66 10
36 111 2
36 116 2
37 25 4
37 42 7
37 55 4
37 112 4
38 63 9
38 75 4
39 17 5
39 111 6
40 99 10
41 105 9
41 5 7
41 44 8
42 37 7
42 53 6
42 97 6
42 114 3
42 121 7
43 71 3
44 41 8
44 88 4
45 7 6
45 21 2
45 54 1
45 68 4
45 86 7
45 116 7
46 19 5
46 53 4
46 62 7
46 73 2
46 129 2
47 34 5
47 103 3
48 24 6
48 50 6
48 65 4
48 87 3
48 116 6
48 122 10
48 130 8
49 51 3
49 53 6
49 59 2
49 74 3
49 86 6
50 48 6
50 62 4
50 64 5
50 72 5
50 84 2
50 95 1
50 96 4
50 120 4
51 0 9
51 49 3
51 86 5
52 62 3
52 84 8
52 107 3
53 42 6
53 46 4
53 49 6
53 67 4
53 116 1
54 0 4
54 20 4
54 45 1
54 76 9
54 82 7
54 86 4
54 117 2
55 37 4
55 61 1
55 109 5
55 112 9
55 124 3
55 135 7
56 61 6
56 110 6
57 69 8
57 120 5
57 130 3
58 9 6
58 25 5
58 78 7
58 85 3
58 87 6
58 139 2
59 49 2
59 91 6
59 96 10
59 108 7
59 132 9
60 99 8
61 26 4
61 55 1
61 56 6
62 11 6
62 46 7
62 50 4
62 52 3
63 11 5
63 38 9
63 92 4
64 50 5
64 66 6
64 82 9
64 131 4
65 36 7
65 48 4
65 79 5
65 127 5
65 130 4
65 135 9
66 1 6
66 36 10
66 64 6
66 83 4
66 130 2
67 53 4
67 113 8
68 11 3
68 27 5
68 45 4
68 90 9
68 106 3
69 0 8
69 3 6
69 57 8
69 76 6
69 117 8
69 134 1
70 32 7
70 33 6
70 124 1
71 43 3
71 73 1
71 87 10
71 90 7
72 21 6
72 50 5
73 46 2
73 71 1
73 138 8
74 16 9
74 49 3
74 75 9
74 83 3
74 134 10
75 22 3
75 38 4
75 74 9
76 54 9
76 69 6
76 86 1
76 114 6
77 0 9
77 91 1
77 99 8
77 112 2
78 26 1
78 58 7
79 29 8
79 65 5
79 92 4
79 93 7
79 99 1
79 101 4
79 138 5
80 7 2
80 10 2
80 14 1
81 15 8
81 20 4
81 84 3
81 87 4
81 99 6
81 123 8
82 14 3
82 21 3
82 29 2
82 54 7
82 64 9
83 66 4
83 74 3
83 114 5
84 12 8
84 26 6
84 33 9
84 35 5
84 50 2
84 52 8
84 81 3
84 102 8
84 135 9
85 58 3
86 45 7
86 49 6
86 51 5
86 54 4
86 76 1
87 16 9
87 48 3
87 58 6
87 71 10
87 81 4
88 44 4
88 98 6
89 114 5
89 120 2
90 68 9
90 71 7
90 97 1
90 114 10
90 136 7
91 17 10
91 25 4
91 28 6
91 35 9
91 59 6
91 77 1
92 17 7
92 63 4
92 79 4
92 113 10
92 115 5
93 79 7
93 123 9
94 9 2
94 18 7
94 110 6
95 0 3
95 16 2
95 28 10
95 50 1
96 35 6
96 50 4
96 59 10
97 42 6
97 90 1
97 121 5
98 88 6
98 137 5
99 40 10
99 60 8
99 77 8
99 79 1
99 81 6
99 103 1
99 119 10
100 28 8
101 7 1
101 79 4
101 114 3
102 14 6
102 18 5
102 84 8
102 111 1
102 116 4
103 47 3
103 99 1
103 106 6
103 114 6
104 114 8
104 134 10
104 140 9
105 41 9
106 68 3
106 103 6
106 116 4
106 117 8
107 19 10
107 29 5
107 52 3
108 59 7
108 123 8
108 138 5
109 18 6
109 35 4
109 55 5
110 56 6
110 94 6
111 7 8
111 36 2
111 39 6
111 102 1
111 116 10
112 37 4
112 55 9
112 77 2
112 126 9
113 67 8
113 92 10
114 42 3
114 76 6
114 83 5
114 89 5
114 90 10
114 101 3
114 103 6
114 104 8
115 92 5
115 136 9
116 22 8
116 36 2
116 45 7
116 48 6
116 53 1
116 102 4
116 106 4
116 111 10
116 126 3
117 54 2
117 69 8
117 106 8
118 4 1
119 24 9
119 99 10
119 129 6
120 27 4
120 50 4
120 57 5
120 89 2
120 133 6
120 139 10
121 42 7
121 97 5
122 48 10
123 81 8
123 93 9
123 108 8
124 55 3
124 70 1
125 131 6
126 22 8
126 31 8
126 34 3
126 112 9
126 116 3
126 127 8
126 129 9
127 14 2
127 23 4
127 24 3
127 27 5
127 65 5
127 126 8
128 26 5
128 136 9
128 139 3
129 2 10
129 46 2
129 119 6
129 126 9
130 48 8
130 57 3
130 65 4
130 66 2
131 8 3
131 11 2
131 64 4
131 125 6
132 31 5
132 59 9
133 12 5
133 26 1
133 120 6
134 69 1
134 74 10
134 104 10
135 4 9
135 14 9
135 55 7
135 65 9
135 84 9
135 138 4
136 90 7
136 115 9
136 128 9
137 98 5
138 73 8
138 79 5
138 108 5
138 135 4
139 10 6
139 24 2
139 27 2
139 58 2
139 120 10
139 128 3
140 104 9
