168
842
91
155
0 16 3
0 40 10
0 48 8
0 90 9
0 99 4
1 28 4
1 102 9
1 114 1
1 135 2
1 138 6
1 148 3
2 74 10
2 85 8
2 118 7
2 125 3
3 25 5
3 32 10
3 48 3
3 80 7
3 81 10
3 85 5
3 98 8
3 103 9
3 118 3
3 162 1
3 166 4
4 25 6
4 122 10
5 22 5
5 65 2
5 70 1
5 97 2
5 112 10
6 8 4
6 111 2
6 142 3
7 23 6
7 42 4
7 73 9
7 95 4
7 102 9
7 108 7
7 131 3
7 146 10
7 160 7
8 6 4
8 23 4
8 66 1
8 84 7
8 85 1
8 126 4
8 165 5
9 32 9
9 42 10
9 84 4
9 112 4
9 162 10
10 16 5
10 29 9
10 57 2
10 79 2
10 84 7
10 90 1
11 13 1
11 37 9
11 45 9
11 53 9
11 117 1
12 44 5
12 45 6
12 60 7
12 94 7
12 102 9
12 110 7
12 130 8
13 11 1
13 100 10
14 38 8
14 84 5
14 125 9
14 146 2
14 149 4
15 31 1
15 98 1
15 133 7
15 147 3
16 0 3
16 10 5
16 17 9
16 68 9
16 107 2
17 16 9
17 127 7
17 157 7
17 158 1
18 23 4
18 37 3
18 110 10
18 133 10
18 143 8
18 158 5
18 161 6
19 31 4
19 52 9
19 61 1
19 70 4
19 91 1
19 116 4
19 119 10
19 120 6
19 126 5
19 136 7
19 142 2
19 165 2
20 44 10
20 63 4
20 70 5
20 122 1
20 124 2
21 63 5
21 88 6
21 92 1
21 124 8
21 146 3
22 5 5
22 59 10
22 88 9
22 162 10
23 7 6
23 8 4
23 18 4
23 82 1
24 38 6
24 55 6
24 74 7
24 88 2
24 102 8
24 143 2
24 158 8
25 3 5
25 4 6
25 104 10
25 116 1
26 28 8
26 157 6
27 28 7
27 33 7
27 46 8
27 55 3
27 56 9
27 60 3
27 69 4
27 83 10
27 86 8
27 90 4
28 1 4
28 26 8
28 27 7
28 29 6
28 126 3
28 138 1
28 149 3
29 10 9
29 28 6
29 42 7
29 65 6
29 107 7
29 120 6
29 143 8
29 162 2
30 36 3
30 79 6
30 115 9
31 15 1
31 19 4
31 43 9
31 71 9
32 3 10
32 9 9
32 64 4
32 105 3
32 150 5
33 27 7
33 79 8
33 86 6
33 88 3
33 147 4
34 50 1
34 61 6
34 87 7
34 116 8
34 131 10
34 147 5
34 165 9
35 37 9
35 75 2
35 113 8
35 115 6
36 30 3
36 39 6
36 41 4
36 95 10
36 146 9
37 11 9
37 18 3
37 35 9
37 166 8
38 14 8
38 24 6
38 54 1
38 108 3
38 113 9
39 36 6
39 49 3
39 90 9
39 150 2
40 0 10
40 155 2
41 36 4
41 66 4
41 104 6
41 119 1
41 124 8
42 7 4
42 9 10
42 29 7
42 54 4
42 57 1
42 91 3
42 102 4
42 138 10
42 160 10
43 31 9
43 89 2
43 108 6
43 130 10
44 12 5
44 20 10
44 127 7
45 11 9
45 12 6
45 49 1
45 52 3
45 86 10
45 104 8
45 109 10
45 143 7
45 160 5
46 27 8
46 51 2
46 57 1
47 51 1
47 73 9
47 88 6
47 92 1
47 121 8
47 136 10
48 0 8
48 3 3
48 49 1
48 60 5
48 66 2
48 79 7
48 89 5
48 130 6
48 134 9
49 39 3
49 45 1
49 48 1
49 78 3
49 85 2
49 112 4
49 127 8
49 152 5
50 34 1
51 46 2
51 47 1
51 59 1
51 61 6
51 63 4
51 92 2
51 95 7
52 19 9
52 45 3
52 71 8
52 132 1
52 140 3
52 147 2
53 11 9
53 75 1
53 79 6
54 38 1
54 42 4
54 77 6
54 115 6
54 127 8
54 149 5
54 166 9
55 24 6
55 27 3
55 96 10
55 161 3
56 27 9
56 119 10
56 127 4
56 146 2
56 158 7
57 10 2
57 42 1
57 46 1
57 166 8
58 110 6
58 129 4
58 131 6
58 166 5
59 22 10
59 51 1
59 95 4
59 109 2
60 12 7
60 27 3
60 48 5
60 85 4
60 110 6
60 138 8
61 19 1
61 34 6
61 51 6
61 140 5
61 161 2
62 107 9
62 123 6
62 155 1
63 20 4
63 21 5
63 51 4
63 70 9
63 114 9
63 139 6
64 32 4
64 67 3
64 91 6
64 139 6
64 158 7
65 5 2
65 29 6
65 83 5
66 8 1
66 41 4
66 48 2
66 99 7
66 100 7
66 105 10
67 64 3
67 70 3
67 71 4
67 120 6
68 16 9
68 111 2
68 118 7
68 131 9
68 144 8
69 27 4
70 5 1
70 19 4
70 20 5
70 63 9
70 67 3
71 31 9
71 52 8
71 67 4
71 77 4
71 90 5
71 100 1
71 151 4
72 112 8
72 120 8
73 7 9
73 47 9
73 86 7
73 95 4
73 151 9
74 2 10
74 24 7
74 79 7
74 91 3
74 129 3
74 167 9
75 35 2
75 53 1
75 161 8
76 80 8
77 54 6
77 71 4
77 86 2
77 88 10
78 49 3
78 102 8
78 129 2
79 10 2
79 30 6
79 33 8
79 48 7
79 53 6
79 74 7
79 101 7
80 3 7
80 76 8
80 87 6
80 92 8
80 125 10
80 150 5
81 3 10
81 126 2
81 135 6
81 163 6
82 23 1
82 108 10
82 111 9
82 131 1
82 158 10
83 27 10
83 65 5
83 88 3
83 109 2
83 119 3
83 146 9
84 8 7
84 9 4
84 10 7
84 14 5
84 124 2
85 2 8
85 3 5
85 8 1
85 49 2
85 60 4
85 94 1
85 108 3
85 117 7
86 27 8
86 33 6
86 45 10
86 73 7
86 77 2
86 152 1
87 34 7
87 80 6
87 98 5
87 154 7
87 160 3
88 21 6
88 22 9
88 24 2
88 33 3
88 47 6
88 77 10
88 83 3
88 135 4
88 138 4
88 140 10
89 43 2
89 48 5
89 97 1
90 0 9
90 10 1
90 27 4
90 39 9
90 71 5
90 98 7
90 122 2
90 146 8
91 19 1
91 42 3
91 64 6
91 74 3
91 101 9
91 142 3
91 156 6
92 21 1
92 47 1
92 51 2
92 80 8
92 101 3
93 150 10
93 158 3
93 161 2
94 12 7
94 85 1
94 110 4
94 138 6
94 153 7
94 154 2
95 7 4
95 36 10
95 51 7
95 59 4
95 73 4
95 108 2
95 109 5
95 135 2
95 165 3
96 55 10
96 150 9
96 153 1
96 158 4
97 5 2
97 89 1
98 3 8
98 15 1
98 87 5
98 90 7
98 113 9
99 0 4
99 66 7
99 116 5
99 142 1
99 159 9
100 13 10
100 66 7
100 71 1
100 122 9
101 79 7
101 91 9
101 92 3
101 125 7
102 1 9
102 7 9
102 12 9
102 24 8
102 42 4
102 78 8
102 112 8
102 134 1
103 3 9
104 25 10
104 41 6
104 45 8
104 128 6
104 167 3
105 32 3
105 66 10
105 116 6
105 135 2
106 121 8
106 151 5
107 16 2
107 29 7
107 62 9
107 120 10
108 7 7
108 38 3
108 43 6
108 82 10
108 85 3
108 95 2
109 45 10
109 59 2
109 83 2
109 95 5
109 125 7
109 127 8
110 12 7
110 18 10
110 58 6
110 60 6
110 94 4
110 127 8
111 6 2
111 68 2
111 82 9
111 126 2
111 140 8
112 5 10
112 9 4
112 49 4
112 72 8
112 102 8
112 129 4
112 139 2
112 147 10
112 157 9
113 35 8
113 38 9
113 98 9
114 1 1
114 63 9
114 136 3
114 144 8
115 30 9
115 35 6
115 54 6
115 121 1
115 164 7
116 19 4
116 25 1
116 34 8
116 99 5
116 105 6
116 119 1
116 166 2
117 11 1
117 85 7
117 163 10
118 2 7
118 3 3
118 68 7
118 140 1
119 19 10
119 41 1
119 56 10
119 83 3
119 116 1
120 19 6
120 29 6
120 67 6
120 72 8
120 107 10
121 47 8
121 106 8
121 115 1
121 123 3
121 150 3
122 4 10
122 20 1
122 90 2
122 100 9
122 126 8
123 62 6
123 121 3
123 132 7
124 20 2
124 21 8
124 41 8
124 84 2
124 160 9
125 2 3
125 14 9
125 80 10
125 101 7
125 109 7
125 129 1
126 8 4
126 19 5
126 28 3
126 81 2
126 111 2
126 122 8
126 137 5
127 17 7
127 44 7
127 49 8
127 54 8
127 56 4
127 109 8
127 110 8
127 150 10
128 104 6
128 133 3
129 58 4
129 74 3
129 78 2
129 112 4
129 125 1
129 145 2
130 12 8
130 43 10
130 48 6
130 148 1
131 7 3
131 34 10
131 58 6
131 68 9
131 82 1
131 132 7
131 134 6
132 52 1
132 123 7
132 131 7
132 151 4
132 161 10
133 15 7
133 18 10
133 128 3
133 137 4
133 152 9
134 48 9
134 102 1
134 131 6
134 164 6
135 1 2
135 81 6
135 88 4
135 95 2
135 105 2
136 19 7
136 47 10
136 114 3
136 138 9
136 151 8
137 126 5
137 133 4
137 159 6
138 1 6
138 28 1
138 42 10
138 60 8
138 88 4
138 94 6
138 136 9
138 148 6
138 149 5
138 151 2
139 63 6
139 64 6
139 112 2
140 52 3
140 61 5
140 88 10
140 111 8
140 118 1
140 147 5
141 143 4
141 149 8
142 6 3
142 19 2
142 91 3
142 99 1
142 149 4
142 161 3
143 18 8
143 24 2
143 29 8
143 45 7
143 141 4
144 68 8
144 114 8
145 129 2
145 153 2
146 7 10
146 14 2
146 21 3
146 36 9
146 56 2
146 83 9
146 90 8
146 151 3
146 155 8
147 15 3
147 33 4
147 34 5
147 52 2
147 112 10
147 140 5
148 1 3
148 130 1
148 138 6
148 153 1
149 14 4
149 28 3
149 54 5
149 138 5
149 141 8
149 142 4
150 32 5
150 39 2
150 80 5
150 93 10
150 96 9
150 121 3
150 127 10
151 71 4
151 73 9
151 106 5
151 132 4
151 136 8
151 138 2
151 146 3
151 165 6
152 49 5
152 86 1
152 133 9
152 155 7
153 94 7
153 96 1
153 145 2
153 148 1
154 87 7
154 94 2
155 40 2
155 62 1
155 146 8
155 152 7
155 161 5
156 91 6
157 17 7
157 26 6
157 112 9
158 17 1
158 18 5
158 24 8
158 56 7
158 64 7
158 82 10
158 93 3
158 96 4
159 99 9
159 137 6
160 7 7
160 42 10
160 45 5
160 87 3
160 124 9
161 18 6
161 55 3
161 61 2
161 75 8
161 93 2
161 132 10
161 142 3
161 155 5
162 3 1
162 9 10
162 22 10
162 29 2
163 81 6
163 117 10
164 115 7
164 134 6
165 8 5
165 19 2
165 34 9
165 95 3
165 151 6
166 3 4
166 37 8
166 54 9
166 57 8
166 58 5
166 116 2
167 74 9
167 104 3
