194
1114
83
160
0 8 10
0 133 5
0 164 7
0 173 5
1 35 2
1 80 6
1 112 7
1 180 4
2 43 4
2 94 7
2 184 2
3 5 10
3 86 7
3 98 4
3 118 5
3 157 2
3 166 3
3 174 4
3 187 8
4 30 5
4 46 5
4 118 3
4 136 9
4 176 7
5 3 10
5 101 3
5 150 9
5 172 5
6 14 7
6 40 2
6 74 9
6 78 4
6 110 4
6 138 4
6 149 6
7 56 4
7 63 10
7 88 4
8 0 10
8 9 1
8 15 3
8 121 3
8 154 6
8 169 8
8 181 8
9 8 1
9 40 6
9 83 10
9 90 2
9 146 4
9 177 8
9 183 10
10 42 4
10 93 6
10 113 7
10 155 5
10 184 5
11 70 2
11 76 9
11 90 3
11 91 9
11 124 8
11 133 6
11 136 8
11 156 9
11 178 6
11 181 6
12 19 7
12 51 8
12 83 2
13 41 3
13 51 9
13 54 4
13 78 9
13 98 3
13 156 1
14 6 7
14 96 4
14 98 4
14 149 3
14 189 8
15 8 3
15 47 4
15 77 8
15 104 10
15 162 7
15 174 4
15 176 7
16 23 7
16 31 4
16 35 8
16 90 7
16 91 7
16 95 9
16 120 6
17 24 6
17 85 7
17 188 1
18 43 8
18 85 7
18 119 1
18 131 7
18 159 10
18 169 2
18 193 1
19 12 7
19 36 1
19 46 1
19 48 1
19 71 1
19 115 2
19 152 7
20 22 1
20 33 10
20 128 4
20 162 2
20 191 1
21 30 1
21 109 6
21 155 4
22 20 1
22 42 6
22 45 8
22 114 8
22 152 3
22 176 4
23 16 7
23 30 3
23 124 3
23 125 4
23 126 9
23 130 7
23 155 3
23 171 7
24 17 6
24 46 7
24 50 2
24 68 6
24 69 5
24 88 3
24 93 5
24 175 5
25 67 6
25 75 1
25 130 1
25 185 3
26 47 4
26 62 8
26 89 3
26 110 8
26 184 9
27 43 2
27 53 9
27 107 3
27 146 3
27 147 7
27 166 1
28 29 8
28 112 7
28 192 4
29 28 8
29 64 10
29 92 9
29 96 10
29 126 9
30 4 5
30 21 1
30 23 3
30 120 8
30 124 8
30 187 9
31 16 4
31 78 4
31 109 2
31 114 5
31 130 1
31 157 7
32 61 5
32 69 4
32 101 2
32 109 5
32 121 1
32 126 6
32 161 4
33 20 10
33 58 10
33 61 2
33 65 3
33 84 2
33 85 2
33 178 6
34 52 2
34 97 9
34 159 2
34 191 8
35 1 2
35 16 8
35 41 4
35 44 1
35 129 2
36 19 1
36 60 5
36 79 1
36 88 4
36 90 7
36 129 7
36 185 1
36 190 6
37 41 1
37 56 6
37 87 5
37 114 1
37 148 3
37 165 1
37 172 4
38 44 4
38 122 5
38 163 5
39 69 4
39 95 5
39 107 1
39 136 10
39 148 1
39 182 3
39 187 8
40 6 2
40 9 6
40 43 9
40 51 2
40 52 8
40 103 8
40 151 5
40 154 8
40 181 6
41 13 3
41 35 4
41 37 1
41 109 6
41 130 5
41 146 4
41 186 8
42 10 4
42 22 6
42 117 2
42 149 5
42 167 2
42 180 5
43 2 4
43 18 8
43 27 2
43 40 9
43 65 9
43 131 6
43 187 6
44 35 1
44 38 4
44 74 9
44 84 1
44 103 9
44 136 6
44 162 4
45 22 8
45 50 3
45 100 5
45 160 4
45 171 5
45 182 2
46 4 5
46 19 1
46 24 7
46 55 5
46 70 5
46 87 5
46 183 2
47 15 4
47 26 4
47 79 2
47 110 10
47 145 6
47 164 7
48 19 1
48 97 1
48 108 4
48 139 7
48 148 9
48 175 3
49 68 9
49 81 8
49 85 10
49 108 1
49 142 8
49 143 4
49 163 4
49 180 5
50 24 2
50 45 3
50 111 7
50 175 3
51 12 8
51 13 9
51 40 2
51 107 7
51 115 1
51 134 1
52 34 2
52 40 8
52 96 3
52 116 10
52 164 1
52 183 10
53 27 9
53 59 6
53 62 10
53 103 6
53 124 8
53 125 3
53 152 7
53 178 10
53 192 5
54 13 4
54 60 5
54 128 2
54 130 7
54 172 9
54 173 4
54 193 7
55 46 5
55 112 6
55 142 10
55 150 4
55 181 7
56 7 4
56 37 6
56 90 8
56 105 7
56 172 1
56 181 8
56 182 5
57 73 1
57 85 6
57 100 6
57 113 10
58 33 10
58 76 7
59 53 6
59 61 10
59 85 3
59 149 3
60 36 5
60 54 5
60 96 9
60 100 1
60 114 8
60 136 8
60 139 10
60 141 2
60 148 2
61 32 5
61 33 2
61 59 10
61 65 8
61 67 4
61 115 8
61 165 7
61 175 8
62 26 8
62 53 10
62 85 10
62 94 9
62 100 7
62 159 4
63 7 10
63 88 5
63 104 10
63 141 4
63 146 8
63 150 1
64 29 10
64 75 8
64 102 6
64 111 6
65 33 3
65 43 9
65 61 8
65 85 8
65 130 9
65 160 7
65 168 7
65 189 8
66 72 8
66 74 2
66 80 8
66 104 8
66 147 5
67 25 6
67 61 4
67 106 7
68 24 6
68 49 9
68 91 6
68 101 7
68 185 7
69 24 5
69 32 4
69 39 4
69 129 10
69 134 7
69 141 3
69 192 6
70 11 2
70 46 5
70 100 8
70 112 3
70 143 9
70 162 5
70 174 7
71 19 1
71 112 10
71 129 7
71 178 5
71 187 5
72 66 8
72 131 5
72 133 9
72 140 7
72 156 1
73 57 1
74 6 9
74 44 9
74 66 2
74 131 2
74 157 4
75 25 1
75 64 8
75 137 4
75 154 5
75 177 6
76 11 9
76 58 7
76 103 10
76 178 5
77 15 8
77 109 6
77 128 4
78 6 4
78 13 9
78 31 4
78 91 9
78 133 3
79 36 1
79 47 2
79 171 5
80 1 6
80 66 8
80 91 5
80 113 10
80 146 2
81 49 8
82 173 6
83 9 10
83 12 2
83 123 9
83 135 7
84 33 2
84 44 1
84 133 6
84 164 5
85 17 7
85 18 7
85 33 2
85 49 10
85 57 6
85 59 3
85 62 10
85 65 8
85 104 4
85 193 9
86 3 7
86 129 5
86 162 3
86 184 8
87 37 5
87 46 5
87 95 8
87 131 4
88 7 4
88 24 3
88 36 4
88 63 5
88 155 1
88 171 5
88 175 2
88 184 1
89 26 3
89 117 8
89 135 4
89 144 1
89 162 4
89 167 9
89 174 7
89 186 4
90 9 2
90 11 3
90 16 7
90 36 7
90 56 8
90 134 5
91 11 9
91 16 7
91 68 6
91 78 9
91 80 5
91 139 4
91 164 9
91 179 10
91 193 2
92 29 9
92 93 6
92 108 7
92 186 5
93 10 6
93 24 5
93 92 6
93 124 5
93 179 4
93 180 3
94 2 7
94 62 9
94 105 2
94 110 2
95 16 9
95 39 5
95 87 8
95 178 3
96 14 4
96 29 10
96 52 3
96 60 9
96 120 7
96 166 7
96 178 3
96 180 10
97 34 9
97 48 1
97 127 10
97 143 2
97 148 3
97 155 3
97 161 5
98 3 4
98 13 3
98 14 4
98 155 7
98 156 7
98 182 8
99 114 10
100 45 5
100 57 6
100 60 1
100 62 7
100 70 8
100 124 8
100 155 6
101 5 3
101 32 2
101 68 7
101 125 2
101 132 3
101 154 3
101 162 5
101 181 10
102 64 6
102 113 6
102 118 9
102 154 9
103 40 8
103 44 9
103 53 6
103 76 10
103 119 6
103 122 2
103 146 9
103 159 5
104 15 10
104 63 10
104 66 8
104 85 4
104 142 2
104 153 3
105 56 7
105 94 2
105 120 9
105 153 8
105 177 9
106 67 7
106 136 8
106 147 4
106 180 3
107 27 3
107 39 1
107 51 7
107 117 4
107 127 6
107 152 3
108 48 4
108 49 1
108 92 7
108 126 3
108 159 6
108 163 7
108 177 5
109 21 6
109 31 2
109 32 5
109 41 6
109 77 6
109 116 6
109 138 2
109 154 2
110 6 4
110 26 8
110 47 10
110 94 2
110 156 5
110 174 6
111 50 7
111 64 6
111 122 4
111 168 4
111 183 2
111 185 4
111 192 3
112 1 7
112 28 7
112 55 6
112 70 3
112 71 10
112 167 1
113 10 7
113 57 10
113 80 10
113 102 6
113 124 2
113 159 8
113 174 9
114 22 8
114 31 5
114 37 1
114 60 8
114 99 10
115 19 2
115 51 1
115 61 8
115 141 4
115 157 5
115 164 8
115 172 5
116 52 10
116 109 6
116 168 10
116 186 6
117 42 2
117 89 8
117 107 4
117 133 3
117 139 5
117 155 9
117 166 10
117 174 7
118 3 5
118 4 3
118 102 9
118 154 8
119 18 1
119 103 6
119 152 6
119 160 7
119 187 4
119 190 1
120 16 6
120 30 8
120 96 7
120 105 9
120 151 10
120 155 10
120 171 3
121 8 3
121 32 1
121 129 6
122 38 5
122 103 2
122 111 4
122 183 9
122 188 2
123 83 9
123 132 6
123 192 6
124 11 8
124 23 3
124 30 8
124 53 8
124 93 5
124 100 8
124 113 2
124 126 3
124 131 1
124 132 6
124 140 3
124 172 6
125 23 4
125 53 3
125 101 2
125 142 10
126 23 9
126 29 9
126 32 6
126 108 3
126 124 3
126 134 7
127 97 10
127 107 6
128 20 4
128 54 2
128 77 4
128 154 2
128 157 2
128 159 3
128 181 1
129 35 2
129 36 7
129 69 10
129 71 7
129 86 5
129 121 6
129 151 5
130 23 7
130 25 1
130 31 1
130 41 5
130 54 7
130 65 9
130 177 3
131 18 7
131 43 6
131 72 5
131 74 2
131 87 4
131 124 1
131 185 6
132 101 3
132 123 6
132 124 6
132 175 1
133 0 5
133 11 6
133 72 9
133 78 3
133 84 6
133 117 3
134 51 1
134 69 7
134 90 5
134 126 7
134 145 6
134 169 9
135 83 7
135 89 4
135 136 7
135 173 5
135 178 5
135 188 10
136 4 9
136 11 8
136 39 10
136 44 6
136 60 8
136 106 8
136 135 7
136 192 3
137 75 4
137 188 2
138 6 4
138 109 2
138 160 7
138 168 2
139 48 7
139 60 10
139 91 4
139 117 5
139 153 4
139 188 10
140 72 7
140 124 3
140 147 10
140 166 6
141 60 2
141 63 4
141 69 3
141 115 4
141 163 10
142 49 8
142 55 10
142 104 2
142 125 10
142 152 9
142 156 1
142 166 6
143 49 4
143 70 9
143 97 2
144 89 1
144 152 2
144 175 4
145 47 6
145 134 6
145 152 1
145 178 3
146 9 4
146 27 3
146 41 4
146 63 8
146 80 2
146 103 9
146 179 10
147 27 7
147 66 5
147 106 4
147 140 10
148 37 3
148 39 1
148 48 9
148 60 2
148 97 3
148 173 7
149 6 6
149 14 3
149 42 5
149 59 3
149 169 7
149 188 2
150 5 9
150 55 4
150 63 1
150 178 1
151 40 5
151 120 10
151 129 5
152 19 7
152 22 3
152 53 7
152 107 3
152 119 6
152 142 9
152 144 2
152 145 1
152 166 2
152 174 6
153 104 3
153 105 8
153 139 4
154 8 6
154 40 8
154 75 5
154 101 3
154 102 9
154 109 2
154 118 8
154 128 2
155 10 5
155 21 4
155 23 3
155 88 1
155 97 3
155 98 7
155 100 6
155 117 9
155 120 10
155 156 8
155 164 1
155 166 1
155 173 6
156 11 9
156 13 1
156 72 1
156 98 7
156 110 5
156 142 1
156 155 8
156 161 10
157 3 2
157 31 7
157 74 4
157 115 5
157 128 2
158 187 6
159 18 10
159 34 2
159 62 4
159 103 5
159 108 6
159 113 8
159 128 3
159 175 10
160 45 4
160 65 7
160 119 7
160 138 7
160 162 6
160 188 4
160 190 5
161 32 4
161 97 5
161 156 10
161 183 3
162 15 7
162 20 2
162 44 4
162 70 5
162 86 3
162 89 4
162 101 5
162 160 6
162 176 8
163 38 5
163 49 4
163 108 7
163 141 10
164 0 7
164 47 7
164 52 1
164 84 5
164 91 9
164 115 8
164 155 1
164 171 1
164 173 3
164 182 8
164 186 4
165 37 1
165 61 7
166 3 3
166 27 1
166 96 7
166 117 10
166 140 6
166 142 6
166 152 2
166 155 1
167 42 2
167 89 9
167 112 1
167 173 7
167 180 9
167 185 10
167 193 1
168 65 7
168 111 4
168 116 10
168 138 2
168 170 3
168 179 10
169 8 8
169 18 2
169 134 9
169 149 7
170 168 3
171 23 7
171 45 5
171 79 5
171 88 5
171 120 3
171 164 1
171 190 10
172 5 5
172 37 4
172 54 9
172 56 1
172 115 5
172 124 6
173 0 5
173 54 4
173 82 6
173 135 5
173 148 7
173 155 6
173 164 3
173 167 7
174 3 4
174 15 4
174 70 7
174 89 7
174 110 6
174 113 9
174 117 7
174 152 6
175 24 5
175 48 3
175 50 3
175 61 8
175 88 2
175 132 1
175 144 4
175 159 10
175 192 8
176 4 7
176 15 7
176 22 4
176 162 8
177 9 8
177 75 6
177 105 9
177 108 5
177 130 3
177 179 5
178 11 6
178 33 6
178 53 10
178 71 5
178 76 5
178 95 3
178 96 3
178 135 5
178 145 3
178 150 1
178 179 6
179 91 10
179 93 4
179 146 10
179 168 10
179 177 5
179 178 6
179 183 6
180 1 4
180 42 5
180 49 5
180 93 3
180 96 10
180 106 3
180 167 9
180 185 1
180 190 1
181 8 8
181 11 6
181 40 6
181 55 7
181 56 8
181 101 10
181 128 1
182 39 3
182 45 2
182 56 5
182 98 8
182 164 8
183 9 10
183 46 2
183 52 10
183 111 2
183 122 9
183 161 3
183 179 6
183 187 2
184 2 2
184 10 5
184 26 9
184 86 8
184 88 1
185 25 3
185 36 1
185 68 7
185 111 4
185 131 6
185 167 10
185 180 1
186 41 8
186 89 4
186 92 5
186 116 6
186 164 4
187 3 8
187 30 9
187 39 8
187 43 6
187 71 5
187 119 4
187 158 6
187 183 2
188 17 1
188 122 2
188 135 10
188 137 2
188 139 10
188 149 2
188 160 4
189 14 8
189 65 8
190 36 6
190 119 1
190 160 5
190 171 10
190 180 1
191 20 1
191 34 8
192 28 4
192 53 5
192 69 6
192 111 3
192 123 6
192 136 3
192 175 8
193 18 1
193 54 7
193 85 9
193 91 2
193 167 1
