172
832
104
150
0 82 9
0 92 4
0 144 6
0 32 7
1 2 2
1 10 4
1 49 7
1 81 7
2 1 2
2 122 5
2 130 9
2 166 5
3 54 5
3 131 8
4 72 5
4 115 9
4 152 1
5 10 5
5 29 4
5 36 10
5 59 1
5 78 2
5 90 7
5 111 2
6 17 3
6 40 3
6 48 7
6 69 9
6 80 3
6 83 1
6 91 1
6 97 7
6 112 10
6 126 3
6 130 4
6 138 3
6 160 9
6 165 3
7 52 2
7 83 9
7 91 4
7 92 5
7 106 4
8 56 8
8 60 7
8 136 1
9 74 5
9 98 3
10 1 4
10 5 5
10 21 2
10 69 3
10 130 10
11 26 1
11 47 4
11 63 2
11 104 4
11 119 1
11 136 2
11 137 6
12 23 6
12 119 5
12 147 3
13 29 8
13 89 1
13 111 2
13 117 5
14 53 9
14 79 3
14 114 1
15 35 10
15 79 9
15 135 6
15 151 7
15 161 5
15 162 2
16 104 10
16 116 9
17 6 3
17 53 1
17 58 8
18 64 8
18 81 2
18 157 6
19 23 6
19 29 9
19 38 9
19 112 1
20 28 6
20 36 5
20 51 8
20 66 10
20 83 8
21 10 2
21 57 3
21 141 2
21 167 9
22 91 5
22 99 3
22 104 8
23 12 6
23 19 6
23 44 5
23 118 9
23 120 7
23 161 3
24 138 5
25 93 1
25 106 2
25 122 4
25 150 4
26 11 1
26 36 2
26 42 10
26 65 8
26 82 8
26 113 6
27 55 2
27 88 1
27 118 8
28 20 6
29 5 4
29 13 8
29 19 9
29 111 1
29 162 10
30 99 8
30 103 7
30 126 6
31 67 9
31 122 10
31 153 1
31 164 7
32 0 7
32 87 6
33 58 8
33 59 9
33 143 3
33 168 3
34 76 1
34 94 9
34 154 2
34 169 9
35 15 10
35 89 6
35 112 6
36 5 10
36 20 5
36 26 2
36 59 1
36 133 7
36 141 7
36 157 10
36 164 5
37 151 5
38 19 9
38 154 8
38 166 1
39 83 5
39 163 6
40 6 3
40 42 1
40 105 3
40 151 7
40 164 7
41 112 2
41 146 9
41 155 6
41 167 9
42 26 10
42 40 1
42 70 10
42 171 8
43 98 2
43 112 2
44 23 5
44 62 7
44 91 10
45 77 6
45 100 1
45 128 1
45 148 7
45 156 2
46 53 1
46 72 8
46 90 9
46 108 6
46 128 6
46 161 10
47 11 4
47 48 7
47 59 4
47 97 6
47 110 7
47 112 8
47 127 5
47 144 4
47 160 7
48 6 7
48 47 7
48 56 7
48 58 7
48 68 6
48 73 5
48 78 1
48 125 6
49 1 7
49 63 7
49 70 5
49 74 7
49 106 2
49 109 9
49 143 3
50 52 8
50 60 3
50 82 10
50 104 1
50 112 3
50 114 5
50 121 3
50 171 10
51 20 8
51 118 9
51 169 6
52 7 2
52 50 8
52 96 9
52 126 5
53 14 9
53 17 1
53 46 1
54 3 5
54 79 4
54 108 6
54 115 4
54 149 8
54 168 7
55 27 2
55 65 3
55 78 4
55 162 10
56 8 8
56 48 7
56 63 2
56 103 7
56 107 2
56 128 5
56 170 6
57 21 3
57 145 10
57 150 4
58 17 8
58 33 8
58 48 7
58 77 8
58 81 5
58 134 8
59 5 1
59 33 9
59 36 1
59 47 4
59 117 5
59 136 3
59 150 2
60 8 7
60 50 3
60 61 3
60 67 9
60 68 7
60 124 2
60 145 9
60 169 10
61 60 3
61 64 9
61 91 4
62 44 7
62 158 3
63 11 2
63 49 7
63 56 2
63 92 5
63 127 2
64 18 8
64 61 9
64 69 8
64 152 1
65 26 8
65 55 3
65 150 4
66 20 10
66 151 1
67 31 9
67 60 9
67 80 9
67 103 7
67 129 3
67 135 9
67 136 7
68 48 6
68 60 7
68 93 7
68 123 6
69 6 9
69 10 3
69 64 8
69 73 2
69 89 4
69 90 8
69 113 1
69 125 2
69 128 1
69 148 1
70 42 10
70 49 5
70 117 7
70 135 9
70 170 2
71 81 10
71 100 3
71 113 10
71 125 9
71 165 5
72 4 5
72 46 8
72 137 2
72 151 2
72 167 4
72 168 2
72 171 2
73 48 5
73 69 2
73 79 6
73 118 8
73 130 9
73 138 4
73 162 5
74 9 5
74 49 7
74 97 4
74 115 7
74 151 9
75 80 2
75 115 10
75 153 4
76 34 1
76 133 4
76 164 6
76 165 6
77 45 6
77 58 8
77 118 8
77 135 10
77 138 1
77 155 8
78 5 2
78 48 1
78 55 4
78 106 5
78 139 5
79 14 3
79 15 9
79 54 4
79 73 6
79 139 10
79 167 9
80 6 3
80 67 9
80 75 2
80 85 7
80 92 3
80 117 4
80 119 4
80 136 7
80 160 6
81 1 7
81 18 2
81 58 5
81 71 10
81 96 3
81 97 9
81 130 7
81 156 8
81 170 1
82 0 9
82 26 8
82 50 10
82 129 3
82 160 10
82 170 5
83 6 1
83 7 9
83 20 8
83 39 5
83 90 5
83 99 1
83 100 1
84 166 7
85 80 7
85 108 7
85 165 6
86 111 9
86 166 9
86 168 8
86 169 6
87 32 6
88 27 1
88 106 6
88 130 10
88 136 10
88 139 10
88 166 3
89 13 1
89 35 6
89 69 4
89 99 1
89 152 10
90 5 7
90 46 9
90 69 8
90 83 5
90 107 8
90 127 1
90 150 10
91 6 1
91 7 4
91 22 5
91 44 10
91 61 4
91 100 1
91 123 3
91 136 9
92 0 4
92 7 5
92 63 5
92 80 3
92 118 7
92 122 1
92 147 10
93 25 1
93 68 7
93 98 6
93 145 6
93 159 7
93 167 4
94 34 9
94 130 5
94 134 9
95 150 3
95 152 7
96 52 9
96 81 3
96 111 5
96 129 7
97 6 7
97 47 6
97 74 4
97 81 9
97 131 6
97 141 7
98 9 3
98 43 2
98 93 6
98 154 8
98 155 8
99 22 3
99 30 8
99 83 1
99 89 1
100 45 1
100 71 3
100 83 1
100 91 1
100 124 4
100 171 8
101 106 9
101 113 7
102 158 3
103 30 7
103 56 7
103 67 7
103 149 4
103 164 9
104 11 4
104 16 10
104 22 8
104 50 1
104 113 5
105 40 3
105 139 4
105 152 5
106 7 4
106 25 2
106 49 2
106 78 5
106 88 6
106 101 9
106 126 4
106 150 2
106 167 10
107 56 2
107 90 8
107 140 4
107 159 3
107 166 9
108 46 6
108 54 6
108 85 7
108 145 4
109 49 9
109 152 4
109 160 7
110 47 7
110 157 9
111 5 2
111 13 2
111 29 1
111 86 9
111 96 5
112 6 10
112 19 1
112 35 6
112 41 2
112 43 2
112 47 8
112 50 3
112 122 8
113 26 6
113 69 1
113 71 10
113 101 7
113 104 5
113 153 6
114 14 1
114 50 5
114 143 4
115 4 9
115 54 4
115 74 7
115 75 10
115 116 8
115 127 3
115 145 9
115 170 9
116 16 9
116 115 8
116 124 6
116 129 1
116 169 5
117 13 5
117 59 5
117 70 7
117 80 4
117 118 2
117 122 2
118 23 9
118 27 8
118 51 9
118 73 8
118 77 8
118 92 7
118 117 2
118 146 8
118 158 4
119 11 1
119 12 5
119 80 4
120 23 7
120 129 2
120 130 9
121 50 3
121 132 10
122 2 5
122 25 4
122 31 10
122 92 1
122 112 8
122 117 2
123 68 6
123 91 3
123 144 9
123 170 1
124 60 2
124 100 4
124 116 6
124 126 9
124 133 2
125 48 6
125 69 2
125 71 9
125 129 5
125 130 7
125 144 10
125 150 9
125 157 5
126 6 3
126 30 6
126 52 5
126 106 4
126 124 9
126 130 3
126 151 4
127 47 5
127 63 2
127 90 1
127 115 3
127 152 8
127 159 9
128 45 1
128 46 6
128 56 5
128 69 1
128 130 10
129 67 3
129 82 3
129 96 7
129 116 1
129 120 2
129 125 5
129 152 2
129 168 3
130 2 9
130 6 4
130 10 10
130 73 9
130 81 7
130 88 10
130 94 5
130 120 9
130 125 7
130 126 3
130 128 10
130 134 10
130 138 1
131 3 8
131 97 6
131 155 2
132 121 10
133 36 7
133 76 4
133 124 2
133 164 2
134 58 8
134 94 9
134 130 10
134 142 7
135 15 6
135 67 9
135 70 9
135 77 10
135 157 7
135 168 8
136 8 1
136 11 2
136 59 3
136 67 7
136 80 7
136 88 10
136 91 9
136 150 8
136 161 7
137 11 6
137 72 2
137 148 10
138 6 3
138 24 5
138 73 4
138 77 1
138 130 1
139 78 5
139 79 10
139 88 10
139 105 4
140 107 4
141 21 2
141 36 7
141 97 7
141 165 4
142 134 7
143 33 3
143 49 3
143 114 4
143 159 4
143 161 6
144 0 6
144 47 4
144 123 9
144 125 10
144 145 8
144 146 10
145 57 10
145 60 9
145 93 6
145 108 4
145 115 9
145 144 8
145 163 4
145 171 5
146 41 9
146 118 8
146 144 10
147 12 3
147 92 10
148 45 7
148 69 1
148 137 10
148 157 10
149 54 8
149 103 4
150 25 4
150 57 4
150 59 2
150 65 4
150 90 10
150 95 3
150 106 2
150 125 9
150 136 8
151 15 7
151 37 5
151 40 7
151 66 1
151 72 2
151 74 9
151 126 4
151 156 9
151 159 6
151 171 2
152 4 1
152 64 1
152 89 10
152 95 7
152 105 5
152 109 4
152 127 8
152 129 2
153 31 1
153 75 4
153 113 6
154 34 2
154 38 8
154 98 8
155 41 6
155 77 8
155 98 8
155 131 2
156 45 2
156 81 8
156 151 9
157 18 6
157 36 10
157 110 9
157 125 5
157 135 7
157 148 10
158 62 3
158 102 3
158 118 4
158 171 6
159 93 7
159 107 3
159 127 9
159 143 4
159 151 6
160 6 9
160 47 7
160 80 6
160 82 10
160 109 7
161 15 5
161 23 3
161 46 10
161 136 7
161 143 6
161 169 10
162 15 2
162 29 10
162 55 10
162 73 5
162 165 10
163 39 6
163 145 4
163 170 5
164 31 7
164 36 5
164 40 7
164 76 6
164 103 9
164 133 2
165 6 3
165 71 5
165 76 6
165 85 6
165 141 4
165 162 10
166 2 5
166 38 1
166 84 7
166 86 9
166 88 3
166 107 9
167 21 9
167 41 9
167 72 4
167 79 9
167 93 4
167 106 10
168 33 3
168 54 7
168 72 2
168 86 8
168 129 3
168 135 8
169 34 9
169 51 6
169 60 10
169 86 6
169 116 5
169 161 10
170 56 6
170 70 2
170 81 1
170 82 5
170 115 9
170 123 1
170 163 5
171 42 8
171 50 10
171 72 2
171 100 8
171 145 5
171 151 2
171 158 6
