166
886
4
6
0 72 4
0 135 8
0 160 1
1 8 8
1 19 7
1 21 1
1 63 7
1 77 10
1 90 8
1 122 4
1 140 1
1 142 7
1 144 8
1 158 8
2 15 3
2 17 5
2 86 9
2 93 3
2 128 6
2 130 3
2 146 6
2 161 1
2 165 4
3 63 2
3 101 7
3 117 2
3 121 8
3 127 5
3 149 5
3 154 5
4 7 10
4 8 2
4 10 3
4 67 6
4 72 10
4 107 5
4 110 7
4 165 4
5 24 8
5 39 4
5 46 9
5 81 2
5 138 9
5 152 5
6 34 8
6 51 7
6 68 8
6 73 9
6 98 4
6 109 7
6 139 2
6 141 3
6 155 8
6 163 4
7 4 10
7 54 7
7 59 8
7 93 8
7 101 2
7 154 2
7 157 1
8 1 8
8 4 2
8 19 6
8 94 10
8 114 10
8 120 2
8 121 7
8 129 3
8 142 9
9 32 2
9 47 8
9 88 9
9 116 10
9 132 4
9 152 8
9 164 1
10 4 3
10 43 4
10 46 1
11 21 8
11 25 9
11 74 8
11 128 8
11 137 9
11 143 5
11 147 9
12 25 3
12 55 2
12 129 8
12 162 10
13 26 7
13 31 6
13 44 4
13 157 2
14 17 5
14 42 8
14 98 3
14 105 8
14 134 6
14 137 1
14 153 6
15 2 3
15 37 10
15 38 4
15 151 8
16 32 2
16 46 10
16 142 5
16 152 5
16 162 4
17 2 5
17 14 5
17 73 7
17 114 9
18 76 1
18 80 6
18 117 6
18 141 7
19 1 7
19 8 6
19 64 5
19 76 10
19 124 7
19 147 10
20 32 3
20 126 4
20 149 3
21 1 1
21 11 8
21 39 2
21 75 5
21 110 2
21 143 4
22 29 1
22 42 9
22 105 1
22 161 7
23 120 10
23 132 6
23 140 4
23 141 8
23 156 3
24 5 8
24 33 9
24 37 3
24 41 9
24 114 1
24 132 10
25 11 9
25 12 3
25 79 6
25 112 2
25 157 8
25 159 3
26 13 7
26 81 10
26 106 6
26 122 6
26 125 3
26 128 7
27 106 8
27 109 8
27 121 10
27 148 8
28 66 9
28 109 8
28 118 1
28 120 5
28 152 6
28 165 4
29 22 1
29 53 7
29 86 6
29 123 8
29 135 2
30 89 6
30 99 9
31 13 6
31 45 10
31 140 5
31 155 2
32 9 2
32 16 2
32 20 3
32 65 4
32 104 7
32 121 1
32 134 6
33 24 9
33 57 2
33 101 1
33 123 5
33 142 10
33 155 4
34 6 8
34 90 8
35 43 7
35 48 7
35 65 5
35 154 10
36 53 10
36 77 2
36 84 1
36 96 4
36 117 10
36 152 8
37 15 10
37 24 3
37 66 10
37 74 5
37 98 1
37 101 6
37 137 3
38 15 4
38 42 10
38 49 9
38 64 5
38 93 10
38 154 5
38 155 9
39 5 4
39 21 2
39 74 1
39 81 2
39 90 6
39 136 9
40 89 5
40 101 2
41 24 9
41 51 3
41 95 7
41 133 7
41 157 7
42 14 8
42 22 9
42 38 10
42 46 10
42 62 1
42 63 2
42 91 10
42 110 5
42 125 6
42 157 1
43 10 4
43 35 7
43 86 10
43 88 4
43 146 5
43 150 2
43 156 4
44 13 4
44 98 9
44 107 2
45 31 10
45 63 9
45 85 7
45 100 10
45 104 7
45 122 6
46 5 9
46 10 1
46 16 10
46 42 10
46 84 3
46 92 7
46 118 4
46 136 4
46 140 2
46 153 2
47 9 8
47 51 6
47 131 10
48 35 7
48 96 6
48 121 2
49 38 9
49 62 7
49 67 5
49 80 3
49 108 4
49 119 7
49 121 9
49 146 5
49 165 1
50 74 10
50 80 4
50 81 1
50 93 6
50 130 2
51 6 7
51 41 3
51 47 6
51 81 5
51 104 5
51 144 4
52 65 2
52 73 6
52 83 8
52 86 5
52 109 4
52 114 6
52 125 6
53 29 7
53 36 10
53 104 2
53 128 3
54 7 7
54 77 8
54 100 6
54 146 6
54 163 6
55 12 2
55 62 6
56 105 2
56 116 7
56 133 2
56 150 10
56 157 9
57 33 2
57 106 7
57 122 10
58 66 8
58 151 5
59 7 8
59 75 1
59 105 5
59 114 2
60 75 10
60 78 10
60 91 5
60 95 1
60 99 5
60 117 4
60 134 5
61 94 5
62 42 1
62 49 7
62 55 6
62 121 8
62 137 7
62 165 2
63 1 7
63 3 2
63 42 2
63 45 9
63 75 1
63 81 9
63 113 2
63 165 7
64 19 5
64 38 5
64 88 1
64 123 5
64 135 10
64 140 3
65 32 4
65 35 5
65 52 2
65 77 8
65 119 3
66 28 9
66 37 10
66 58 8
66 89 10
66 94 8
66 154 3
66 164 2
67 4 6
67 49 5
68 6 8
68 81 2
68 98 9
68 107 9
68 128 8
68 146 1
69 109 10
69 110 10
69 161 5
70 75 9
70 137 4
70 143 2
71 91 1
71 99 2
72 0 4
72 4 10
72 105 8
72 149 1
73 6 9
73 17 7
73 52 6
73 76 2
73 139 6
73 163 4
74 11 8
74 37 5
74 39 1
74 50 10
74 85 3
74 101 7
74 112 6
74 130 4
74 142 9
74 150 2
74 152 1
75 21 5
75 59 1
75 60 10
75 63 1
75 70 9
75 81 3
75 114 3
75 139 4
76 18 1
76 19 10
76 73 2
76 90 2
76 94 10
76 152 6
77 1 10
77 36 2
77 54 8
77 65 8
77 140 5
77 148 4
78 60 10
78 150 2
79 25 6
79 101 3
79 161 6
80 18 6
80 49 3
80 50 4
80 86 9
80 99 8
80 123 9
80 162 5
81 5 2
81 26 10
81 39 2
81 50 1
81 51 5
81 63 9
81 68 2
81 75 3
81 82 4
81 117 10
81 154 6
81 159 10
81 161 7
81 165 6
82 81 4
82 154 8
83 52 8
83 90 10
83 105 10
83 113 7
83 115 10
84 36 1
84 46 3
84 111 6
85 45 7
85 74 3
85 111 1
85 149 2
85 164 3
86 2 9
86 29 6
86 43 10
86 52 5
86 80 9
86 138 1
86 148 1
87 106 8
88 9 9
88 43 4
88 64 1
89 30 6
89 40 5
89 66 10
89 132 6
90 1 8
90 34 8
90 39 6
90 76 2
90 83 10
90 97 5
90 126 6
90 154 2
91 42 10
91 60 5
91 71 1
91 108 9
92 46 7
92 121 8
92 150 8
93 2 3
93 7 8
93 38 10
93 50 6
93 114 7
93 127 5
93 148 4
93 158 6
93 163 2
94 8 10
94 61 5
94 66 8
94 76 10
95 41 7
95 60 1
95 102 3
95 151 9
95 165 2
96 36 4
96 48 6
96 120 9
97 90 5
97 136 9
98 6 4
98 14 3
98 37 1
98 44 9
98 68 9
98 111 1
98 112 8
98 119 4
98 122 2
98 138 4
98 150 1
98 163 5
99 30 9
99 60 5
99 71 2
99 80 8
99 109 1
99 115 9
99 119 7
99 154 2
100 45 10
100 54 6
100 125 3
100 131 4
100 143 10
100 145 4
101 3 7
101 7 2
101 33 1
101 37 6
101 40 2
101 74 7
101 79 3
101 119 9
101 129 2
101 145 2
102 95 3
102 130 8
103 114 8
103 126 2
103 140 4
103 141 6
104 32 7
104 45 7
104 51 5
104 53 2
104 125 10
105 14 8
105 22 1
105 56 2
105 59 5
105 72 8
105 83 10
105 164 5
106 26 6
106 27 8
106 57 7
106 87 8
107 4 5
107 44 2
107 68 9
108 49 4
108 91 9
108 112 2
108 130 7
109 6 7
109 27 8
109 28 8
109 52 4
109 69 10
109 99 1
109 157 5
110 4 7
110 21 2
110 42 5
110 69 10
111 84 6
111 85 1
111 98 1
111 112 4
111 125 8
111 136 1
112 25 2
112 74 6
112 98 8
112 108 2
112 111 4
113 63 2
113 83 7
114 8 10
114 17 9
114 24 1
114 52 6
114 59 2
114 75 3
114 93 7
114 103 8
115 83 10
115 99 9
116 9 10
116 56 7
116 127 1
116 158 5
117 3 2
117 18 6
117 36 10
117 60 4
117 81 10
117 143 4
117 150 4
118 28 1
118 46 4
118 128 4
118 133 6
119 49 7
119 65 3
119 98 4
119 99 7
119 101 9
119 127 8
119 142 5
120 8 2
120 23 10
120 28 5
120 96 9
120 156 7
120 165 5
121 3 8
121 8 7
121 27 10
121 32 1
121 48 2
121 49 9
121 62 8
121 92 8
121 122 1
122 1 4
122 26 6
122 45 6
122 57 10
122 98 2
122 121 1
122 130 2
123 29 8
123 33 5
123 64 5
123 80 9
123 144 3
124 19 7
124 147 3
125 26 3
125 42 6
125 52 6
125 100 3
125 104 10
125 111 8
126 20 4
126 90 6
126 103 2
127 3 5
127 93 5
127 116 1
127 119 8
127 147 7
128 2 6
128 11 8
128 26 7
128 53 3
128 68 8
128 118 4
128 158 6
129 8 3
129 12 8
129 101 2
129 142 2
129 149 3
129 161 6
130 2 3
130 50 2
130 74 4
130 102 8
130 108 7
130 122 2
131 47 10
131 100 4
131 142 8
131 149 3
131 152 2
132 9 4
132 23 6
132 24 10
132 89 6
132 133 10
133 41 7
133 56 2
133 118 6
133 132 10
134 14 6
134 32 6
134 60 5
134 156 4
135 0 8
135 29 2
135 64 10
136 39 9
136 46 4
136 97 9
136 111 1
136 162 7
137 11 9
137 14 1
137 37 3
137 62 7
137 70 4
137 161 10
138 5 9
138 86 1
138 98 4
138 165 7
139 6 2
139 73 6
139 75 4
139 140 2
139 143 2
140 1 1
140 23 4
140 31 5
140 46 2
140 64 3
140 77 5
140 103 4
140 139 2
141 6 3
141 18 7
141 23 8
141 103 6
141 142 2
141 158 4
142 1 7
142 8 9
142 16 5
142 33 10
142 74 9
142 119 5
142 129 2
142 131 8
142 141 2
142 161 8
143 11 5
143 21 4
143 70 2
143 100 10
143 117 4
143 139 2
144 1 8
144 51 4
144 123 3
145 100 4
145 101 2
146 2 6
146 43 5
146 49 5
146 54 6
146 68 1
147 11 9
147 19 10
147 124 3
147 127 7
148 27 8
148 77 4
148 86 1
148 93 4
149 3 5
149 20 3
149 72 1
149 85 2
149 129 3
149 131 3
150 43 2
150 56 10
150 74 2
150 78 2
150 92 8
150 98 1
150 117 4
150 151 3
151 15 8
151 58 5
151 95 9
151 150 3
152 5 5
152 9 8
152 16 5
152 28 6
152 36 8
152 74 1
152 76 6
152 131 2
152 162 4
153 14 6
153 46 2
154 3 5
154 7 2
154 35 10
154 38 5
154 66 3
154 81 6
154 82 8
154 90 2
154 99 2
155 6 8
155 31 2
155 33 4
155 38 9
156 23 3
156 43 4
156 120 7
156 134 4
157 7 1
157 13 2
157 25 8
157 41 7
157 42 1
157 56 9
157 109 5
158 1 8
158 93 6
158 116 5
158 128 6
158 141 4
159 25 3
159 81 10
160 0 1
161 2 1
161 22 7
161 69 5
161 79 6
161 81 7
161 129 6
161 137 10
161 142 8
162 12 10
162 16 4
162 80 5
162 136 7
162 152 4
163 6 4
163 54 6
163 73 4
163 93 2
163 98 5
163 164 4
164 9 1
164 66 2
164 85 3
164 105 5
164 163 4
165 2 4
165 4 4
165 28 4
165 49 1
165 62 2
165 63 7
165 81 6
165 95 2
165 120 5
165 138 7
