160
794
12
69
0 8 2
0 114 4
0 131 9
1 9 9
1 37 1
1 70 9
1 107 9
2 26 1
2 30 4
2 39 1
2 53 6
2 92 4
3 4 10
3 39 8
3 41 9
3 64 8
3 79 3
3 105 3
3 119 9
3 144 4
4 3 10
4 83 9
4 102 4
4 123 7
4 131 3
4 138 5
4 159 9
5 29 8
5 45 6
5 68 10
5 83 1
5 122 2
6 64 9
6 104 3
6 149 7
7 15 1
7 81 10
7 148 2
8 0 2
8 38 9
8 108 2
8 129 1
8 145 2
9 1 9
9 17 10
9 30 1
9 36 5
9 37 2
9 102 3
10 19 6
10 31 10
10 102 2
10 121 5
11 28 10
11 40 8
11 44 1
11 65 7
11 70 10
11 89 7
12 24 8
12 31 10
12 113 3
12 146 5
12 150 2
13 60 9
13 105 7
13 112 8
13 145 3
14 48 9
14 50 8
14 75 4
14 80 4
14 101 10
14 125 10
15 7 1
15 61 4
15 92 4
15 102 5
15 106 6
16 59 2
16 73 5
16 76 4
16 101 8
16 106 10
17 9 10
17 23 1
17 34 3
17 73 4
17 113 10
17 124 2
17 127 1
17 157 7
18 71 7
18 74 3
18 80 7
18 89 8
18 116 2
18 134 1
18 139 7
19 10 6
19 37 5
19 39 1
19 52 10
19 57 4
19 60 9
19 102 3
20 47 7
20 50 2
20 78 4
20 136 10
21 25 5
21 84 5
21 85 9
21 95 10
21 103 4
22 37 8
22 63 7
22 69 10
22 79 2
22 92 1
22 145 4
23 17 1
23 98 6
23 130 4
23 134 9
24 12 8
24 25 1
24 66 9
24 95 5
24 96 6
24 111 4
24 113 10
24 114 9
25 21 5
25 24 1
25 106 9
25 112 10
25 131 2
25 140 4
26 2 1
26 50 3
26 94 1
26 112 7
26 138 4
26 144 10
26 149 3
27 54 1
27 75 5
27 85 8
27 97 3
27 146 5
28 11 10
28 55 5
28 60 9
28 78 8
28 84 3
28 101 10
28 123 10
28 146 2
29 5 8
29 89 3
30 2 4
30 9 1
30 90 2
30 99 10
30 108 4
30 111 5
30 122 3
31 10 10
31 12 10
31 104 2
31 117 4
32 54 7
32 68 6
32 79 6
32 85 6
32 111 2
32 116 6
32 153 4
33 74 3
33 75 4
34 17 3
34 64 10
34 157 3
35 37 8
35 59 4
35 91 4
35 99 10
35 117 7
35 132 9
35 142 3
36 9 5
36 47 9
36 135 5
37 1 1
37 9 2
37 19 5
37 22 8
37 35 8
37 41 6
37 43 8
37 108 4
37 139 8
37 152 1
37 157 4
38 8 9
38 89 8
38 120 3
38 127 5
38 136 2
39 2 1
39 3 8
39 19 1
39 53 4
39 98 4
39 99 8
39 112 10
39 140 10
40 11 8
40 67 2
41 3 9
41 37 6
41 132 7
42 46 8
42 50 7
42 74 6
42 133 5
43 37 8
43 77 6
43 79 2
43 83 5
43 85 4
43 141 6
43 142 8
44 11 1
44 105 7
44 137 4
44 159 6
45 5 6
45 65 10
45 68 10
46 42 8
47 20 7
47 36 9
47 85 3
48 14 9
48 67 7
48 152 5
49 58 8
49 77 8
49 86 4
49 118 3
49 132 6
50 14 8
50 20 2
50 26 3
50 42 7
50 67 7
50 88 4
50 112 10
51 111 8
51 114 10
51 115 5
51 119 6
51 128 5
51 132 1
52 19 10
52 65 1
52 69 9
52 73 7
52 98 9
52 99 10
52 137 1
53 2 6
53 39 4
54 27 1
54 32 7
55 28 5
55 64 1
55 65 10
55 76 4
55 124 8
55 138 3
56 96 10
56 131 8
56 143 3
57 19 4
57 87 10
57 90 3
58 49 8
58 98 1
58 114 6
58 129 4
58 135 4
58 149 2
59 16 2
59 35 4
60 13 9
60 19 9
60 28 9
60 68 10
60 101 7
60 119 8
60 126 1
60 144 8
61 15 4
61 90 2
61 91 3
62 85 9
63 22 7
63 77 4
63 123 6
63 126 2
64 3 8
64 6 9
64 34 10
64 55 1
64 68 10
64 105 6
65 11 7
65 45 10
65 52 1
65 55 10
65 89 10
65 132 6
65 148 7
66 24 9
66 108 3
67 40 2
67 48 7
67 50 7
67 122 2
67 139 7
67 142 1
68 5 10
68 32 6
68 45 10
68 60 10
68 64 10
68 133 4
68 146 9
68 156 10
69 22 10
69 52 9
69 80 9
69 114 6
69 133 1
69 150 7
70 1 9
70 11 10
70 76 6
70 112 10
71 18 7
71 93 1
71 138 8
71 142 6
71 145 10
71 159 1
72 97 6
72 98 10
72 136 10
72 143 7
72 152 10
73 16 5
73 17 4
73 52 7
73 79 9
73 96 5
73 120 4
74 18 3
74 33 3
74 42 6
74 93 1
74 94 2
74 123 9
74 136 10
75 14 4
75 27 5
75 33 4
75 138 6
75 143 7
75 144 4
76 16 4
76 55 4
76 70 6
76 86 9
76 133 1
76 148 1
77 43 6
77 49 8
77 63 4
77 115 9
77 137 8
77 138 8
77 141 1
78 20 4
78 28 8
78 100 3
78 124 6
78 154 10
79 3 3
79 22 2
79 32 6
79 43 2
79 73 9
79 82 5
79 110 5
79 120 3
79 122 2
80 14 4
80 18 7
80 69 9
80 91 9
81 7 10
81 102 1
81 147 6
82 79 5
82 95 5
83 4 9
83 5 1
83 43 5
83 119 8
83 135 1
84 21 5
84 28 3
84 123 8
84 143 7
85 21 9
85 27 8
85 32 6
85 43 4
85 47 3
85 62 9
85 142 1
86 49 4
86 76 9
86 109 5
87 57 10
87 91 4
87 104 2
87 143 8
88 50 4
88 148 3
88 159 3
89 11 7
89 18 8
89 29 3
89 38 8
89 65 10
89 115 6
89 143 8
89 147 4
90 30 2
90 57 3
90 61 2
90 100 8
90 112 5
91 35 4
91 61 3
91 80 9
91 87 4
91 98 2
91 101 4
92 2 4
92 15 4
92 22 1
92 97 10
92 101 7
92 150 1
93 71 1
93 74 1
93 110 3
93 130 8
93 152 1
93 156 3
94 26 1
94 74 2
94 111 9
94 114 7
94 117 4
94 156 7
95 21 10
95 24 5
95 82 5
95 145 3
96 24 6
96 56 10
96 73 5
96 129 2
96 133 4
96 158 8
97 27 3
97 72 6
97 92 10
97 154 6
98 23 6
98 39 4
98 52 9
98 58 1
98 72 10
98 91 2
98 99 4
98 135 8
98 148 7
98 159 3
99 30 10
99 35 10
99 39 8
99 52 10
99 98 4
99 150 8
99 158 9
100 78 3
100 90 8
100 112 4
100 146 8
101 14 10
101 16 8
101 28 10
101 60 7
101 91 4
101 92 7
101 138 7
102 4 4
102 9 3
102 10 2
102 15 5
102 19 3
102 81 1
102 105 10
102 155 4
103 21 4
103 126 4
103 151 7
104 6 3
104 31 2
104 87 2
104 128 6
104 156 7
105 3 3
105 13 7
105 44 7
105 64 6
105 102 10
106 15 6
106 16 10
106 25 9
106 119 6
107 1 9
107 135 8
107 140 3
107 157 10
108 8 2
108 30 4
108 37 4
108 66 3
108 137 1
108 143 8
109 86 5
109 113 7
109 144 4
110 79 5
110 93 3
111 24 4
111 30 5
111 32 2
111 51 8
111 94 9
111 145 7
112 13 8
112 25 10
112 26 7
112 39 10
112 50 10
112 70 10
112 90 5
112 100 4
112 146 4
113 12 3
113 17 10
113 24 10
113 109 7
113 126 5
113 127 8
114 0 4
114 24 9
114 51 10
114 58 6
114 69 6
114 94 7
115 51 5
115 77 9
115 89 6
115 153 5
116 18 2
116 32 6
116 133 7
116 150 7
117 31 4
117 35 7
117 94 4
118 49 3
119 3 9
119 51 6
119 60 8
119 83 8
119 106 6
119 154 1
120 38 3
120 73 4
120 79 3
120 123 6
120 124 8
120 144 7
120 158 5
121 10 5
121 139 2
122 5 2
122 30 3
122 67 2
122 79 2
122 146 2
123 4 7
123 28 10
123 63 6
123 74 9
123 84 8
123 120 6
123 132 1
123 154 5
124 17 2
124 55 8
124 78 6
124 120 8
124 149 4
124 153 1
125 14 10
125 149 10
126 60 1
126 63 2
126 103 4
126 113 5
126 142 5
127 17 1
127 38 5
127 113 8
127 149 8
128 51 5
128 104 6
129 8 1
129 58 4
129 96 2
130 23 4
130 93 8
131 0 9
131 4 3
131 25 2
131 56 8
131 137 5
132 35 9
132 41 7
132 49 6
132 51 1
132 65 6
132 123 1
133 42 5
133 68 4
133 69 1
133 76 1
133 96 4
133 116 7
134 18 1
134 23 9
135 36 5
135 58 4
135 83 1
135 98 8
135 107 8
135 152 4
136 20 10
136 38 2
136 72 10
136 74 10
137 44 4
137 52 1
137 77 8
137 108 1
137 131 5
137 149 6
138 4 5
138 26 4
138 55 3
138 71 8
138 75 6
138 77 8
138 101 7
138 157 6
139 18 7
139 37 8
139 67 7
139 121 2
140 25 4
140 39 10
140 107 3
141 43 6
141 77 1
142 35 3
142 43 8
142 67 1
142 71 6
142 85 1
142 126 5
143 56 3
143 72 7
143 75 7
143 84 7
143 87 8
143 89 8
143 108 8
144 3 4
144 26 10
144 60 8
144 75 4
144 109 4
144 120 7
145 8 2
145 13 3
145 22 4
145 71 10
145 95 3
145 111 7
146 12 5
146 27 5
146 28 2
146 68 9
146 100 8
146 112 4
146 122 2
147 81 6
147 89 4
147 156 9
148 7 2
148 65 7
148 76 1
148 88 3
148 98 7
149 6 7
149 26 3
149 58 2
149 124 4
149 125 10
149 127 8
149 137 6
149 153 6
150 12 2
150 69 7
150 92 1
150 99 8
150 116 7
151 103 7
152 37 1
152 48 5
152 72 10
152 93 1
152 135 4
152 157 8
153 32 4
153 115 5
153 124 1
153 149 6
154 78 10
154 97 6
154 119 1
154 123 5
155 102 4
156 68 10
156 93 3
156 94 7
156 104 7
156 147 9
157 17 7
157 34 3
157 37 4
157 107 10
157 138 6
157 152 8
158 96 8
158 99 9
158 120 5
159 4 9
159 44 6
159 71 1
159 88 3
159 98 3
