171
814
3
30
0 23 8
0 36 9
0 49 6
0 57 1
0 95 7
1 13 3
1 19 4
1 54 1
1 60 4
1 87 7
1 116 4
1 123 2
1 125 3
1 155 7
2 18 6
2 38 3
2 72 1
2 90 9
2 137 3
2 164 6
3 135 7
3 136 9
3 138 1
3 169 1
4 25 10
4 104 7
4 133 3
5 23 8
5 53 6
5 77 10
5 117 3
5 151 3
6 84 4
6 94 5
7 58 10
7 65 2
7 69 9
7 92 4
7 98 4
7 132 8
7 164 5
8 50 7
8 67 4
8 90 8
8 159 1
9 89 4
9 92 5
9 123 9
9 164 1
10 13 1
10 60 6
10 62 6
10 162 3
10 168 10
11 33 10
12 55 9
12 163 4
12 164 10
13 1 3
13 10 1
13 15 6
13 59 1
13 69 4
13 81 4
13 88 8
14 44 4
14 74 6
14 87 8
14 94 8
14 113 4
14 130 10
14 144 5
15 13 6
15 77 3
15 82 9
15 99 10
15 108 8
15 150 8
16 27 4
16 36 6
16 46 7
16 75 9
16 130 8
16 146 10
17 21 3
17 53 10
17 94 3
17 127 10
17 157 7
17 159 7
17 167 2
18 2 6
18 52 7
18 59 5
18 67 3
18 74 10
18 90 6
18 112 9
18 162 10
19 1 4
19 68 9
19 125 1
19 136 9
20 140 9
20 152 9
21 17 3
21 34 5
21 39 10
21 41 9
21 47 2
21 119 6
21 134 2
22 32 9
22 72 7
22 82 5
22 107 3
22 144 1
23 0 8
23 5 8
23 31 1
23 65 8
23 88 7
23 148 5
24 38 2
24 44 8
24 51 1
24 73 7
24 74 3
24 75 7
25 4 10
25 27 6
25 62 2
25 102 10
25 132 1
25 147 1
26 54 10
26 80 2
26 128 4
26 152 7
26 170 1
27 16 4
27 25 6
27 48 7
27 115 8
27 133 6
27 141 3
28 38 9
28 79 3
28 82 5
28 90 9
28 159 10
28 160 5
29 56 1
29 73 9
30 45 1
30 47 3
30 129 6
30 165 7
31 23 1
31 91 6
31 109 6
31 159 10
32 22 9
32 45 3
32 67 10
32 87 1
32 114 6
32 118 7
32 126 2
32 166 9
33 11 10
33 38 6
33 80 6
33 85 2
33 88 3
33 106 2
33 137 4
33 157 5
33 165 1
34 21 5
34 111 10
35 99 1
36 0 9
36 16 6
36 61 9
36 135 10
36 137 9
36 148 8
36 149 1
37 66 8
37 79 5
37 97 2
37 141 7
38 2 3
38 24 2
38 28 9
38 33 6
38 53 4
39 21 10
39 96 2
40 75 7
40 133 5
40 141 2
41 21 9
41 52 8
41 82 3
41 84 1
41 115 6
41 147 1
42 52 8
42 53 8
42 55 2
42 141 8
43 102 7
43 162 5
44 14 4
44 24 8
44 45 9
44 49 8
44 54 1
44 115 1
44 160 4
45 30 1
45 32 3
45 44 9
45 149 4
45 157 8
46 16 7
46 101 9
46 107 8
46 113 10
46 162 5
47 21 2
47 30 3
47 75 10
47 135 8
48 27 7
48 111 9
49 0 6
49 44 8
49 56 7
49 66 7
49 98 2
49 120 10
49 139 9
49 156 6
50 8 7
50 86 8
50 89 8
50 118 4
51 24 1
52 18 7
52 41 8
52 42 8
52 101 9
52 112 5
53 5 6
53 17 10
53 38 4
53 42 8
53 105 5
53 166 7
54 1 1
54 26 10
54 44 1
54 136 2
55 12 9
55 42 2
55 96 1
55 155 3
55 167 6
56 29 1
56 49 7
56 93 2
56 95 1
56 156 10
57 0 1
57 65 4
57 98 10
57 110 1
58 7 10
58 89 5
58 131 7
58 135 10
59 13 1
59 18 5
59 77 1
59 136 10
60 1 4
60 10 6
60 110 2
61 36 9
61 68 5
61 120 9
62 10 6
62 25 2
62 106 4
62 124 10
63 118 7
63 162 2
64 65 3
65 7 2
65 23 8
65 57 4
65 64 3
65 88 4
65 106 8
65 108 9
65 148 4
66 37 8
66 49 7
66 71 4
66 80 5
66 113 4
66 157 1
66 160 2
67 8 4
67 18 3
67 32 10
67 68 4
67 75 9
67 127 10
67 140 10
67 144 3
68 19 9
68 61 5
68 67 4
68 95 7
69 7 9
69 13 4
69 95 4
69 105 4
69 117 10
69 122 8
69 137 1
69 145 4
69 152 3
70 155 1
71 66 4
71 99 10
71 105 5
71 126 6
71 143 2
71 154 1
72 2 1
72 22 7
72 99 4
72 110 8
72 148 1
72 163 8
73 24 7
73 29 9
73 75 9
73 94 2
73 118 5
73 138 3
74 14 6
74 18 10
74 24 3
74 82 6
75 16 9
75 24 7
75 40 7
75 47 10
75 67 9
75 73 9
75 102 6
75 112 8
75 138 10
76 104 5
76 131 6
76 162 2
76 169 2
77 5 10
77 15 3
77 59 1
77 87 8
77 136 2
77 142 1
77 160 3
78 93 10
78 119 3
78 125 3
78 127 2
79 28 3
79 37 5
79 92 6
79 117 10
79 120 8
79 131 2
79 135 7
79 160 7
80 26 2
80 33 6
80 66 5
80 123 2
80 159 4
80 170 6
81 13 4
81 93 8
81 149 1
82 15 9
82 22 5
82 28 5
82 41 3
82 74 6
82 86 4
82 97 2
82 132 4
82 148 7
83 132 6
83 149 5
83 164 1
84 6 4
84 41 1
84 147 5
85 33 2
85 121 9
86 50 8
86 82 4
86 89 10
86 93 5
87 1 7
87 14 8
87 32 1
87 77 8
87 158 2
88 13 8
88 23 7
88 33 3
88 65 4
88 134 4
88 168 10
89 9 4
89 50 8
89 58 5
89 86 10
89 111 2
89 146 9
90 2 9
90 8 8
90 18 6
90 28 9
90 96 4
90 122 8
90 148 2
91 31 6
91 128 5
92 7 4
92 9 5
92 79 6
92 140 3
92 146 6
92 148 3
92 149 8
93 56 2
93 78 10
93 81 8
93 86 5
93 162 3
93 168 2
94 6 5
94 14 8
94 17 3
94 73 2
95 0 7
95 56 1
95 68 7
95 69 4
95 99 2
96 39 2
96 55 1
96 90 4
96 126 10
96 137 4
97 37 2
97 82 2
97 156 7
98 7 4
98 49 2
98 57 10
98 152 2
99 15 10
99 35 1
99 71 10
99 72 4
99 95 2
99 105 5
99 118 4
100 120 3
100 134 7
100 145 7
101 46 9
101 52 9
101 130 9
101 142 1
101 143 3
101 153 3
102 25 10
102 43 7
102 75 6
102 135 2
103 107 2
103 111 5
103 116 3
104 4 7
104 76 5
104 163 7
105 53 5
105 69 4
105 71 5
105 99 5
105 123 8
105 127 9
106 33 2
106 62 4
106 65 8
106 158 6
107 22 3
107 46 8
107 103 2
108 15 8
108 65 9
108 125 5
108 153 6
108 155 2
108 168 10
109 31 6
109 130 6
109 135 6
109 150 6
110 57 1
110 60 2
110 72 8
110 115 10
110 124 4
110 152 6
111 34 10
111 48 9
111 89 2
111 103 5
111 128 1
111 147 2
111 149 10
112 18 9
112 52 5
112 75 8
112 126 4
112 157 6
112 161 5
112 162 6
113 14 4
113 46 10
113 66 4
113 128 7
113 141 10
113 156 7
114 32 6
115 27 8
115 41 6
115 44 1
115 110 10
115 117 2
115 134 10
116 1 4
116 103 3
116 149 4
116 169 3
117 5 3
117 69 10
117 79 10
117 115 2
117 168 1
118 32 7
118 50 4
118 63 7
118 73 5
118 99 4
118 169 6
119 21 6
119 78 3
120 49 10
120 61 9
120 79 8
120 100 3
120 121 6
120 148 3
121 85 9
121 120 6
121 144 9
122 69 8
122 90 8
122 141 6
123 1 2
123 9 9
123 80 2
123 105 8
123 128 6
123 152 9
123 162 5
124 62 10
124 110 4
124 137 1
125 1 3
125 19 1
125 78 3
125 108 5
125 135 5
126 32 2
126 71 6
126 96 10
126 112 4
127 17 10
127 67 10
127 78 2
127 105 9
128 26 4
128 91 5
128 111 1
128 113 7
128 123 6
128 131 2
129 30 6
129 137 4
130 14 10
130 16 8
130 101 9
130 109 6
130 147 5
131 58 7
131 76 6
131 79 2
131 128 2
131 169 4
132 7 8
132 25 1
132 82 4
132 83 6
132 146 3
132 167 8
133 4 3
133 27 6
133 40 5
133 150 1
134 21 2
134 88 4
134 100 7
134 115 10
135 3 7
135 36 10
135 47 8
135 58 10
135 79 7
135 102 2
135 109 6
135 125 5
135 144 5
136 3 9
136 19 9
136 54 2
136 59 10
136 77 2
136 152 8
137 2 3
137 33 4
137 36 9
137 69 1
137 96 4
137 124 1
137 129 4
137 142 2
137 164 1
137 165 5
138 3 1
138 73 3
138 75 10
138 156 9
138 168 9
139 49 9
140 20 9
140 67 10
140 92 3
141 27 3
141 37 7
141 40 2
141 42 8
141 113 10
141 122 6
141 149 3
142 77 1
142 101 1
142 137 2
142 169 10
143 71 2
143 101 3
143 147 2
144 14 5
144 22 1
144 67 3
144 121 9
144 135 5
144 169 5
145 69 4
145 100 7
145 150 1
146 16 10
146 89 9
146 92 6
146 132 3
147 25 1
147 41 1
147 84 5
147 111 2
147 130 5
147 143 2
148 23 5
148 36 8
148 65 4
148 72 1
148 82 7
148 90 2
148 92 3
148 120 3
149 36 1
149 45 4
149 81 1
149 83 5
149 92 8
149 111 10
149 116 4
149 141 3
150 15 8
150 109 6
150 133 1
150 145 1
151 5 3
152 20 9
152 26 7
152 69 3
152 98 2
152 110 6
152 123 9
152 136 8
153 101 3
153 108 6
154 71 1
155 1 7
155 55 3
155 70 1
155 108 2
156 49 6
156 56 10
156 97 7
156 113 7
156 138 9
157 17 7
157 33 5
157 45 8
157 66 1
157 112 6
158 87 2
158 106 6
159 8 1
159 17 7
159 28 10
159 31 10
159 80 4
160 28 5
160 44 4
160 66 2
160 77 3
160 79 7
161 112 5
162 10 3
162 18 10
162 43 5
162 46 5
162 63 2
162 76 2
162 93 3
162 112 6
162 123 5
163 12 4
163 72 8
163 104 7
164 2 6
164 7 5
164 9 1
164 12 10
164 83 1
164 137 1
165 30 7
165 33 1
165 137 5
166 32 9
166 53 7
167 17 2
167 55 6
167 132 8
168 10 10
168 88 10
168 93 2
168 108 10
168 117 1
168 138 9
169 3 1
169 76 2
169 116 3
169 118 6
169 131 4
169 142 10
169 144 5
170 26 1
170 80 6
