159
814
17
56
0 20 9
0 23 1
0 35 8
0 40 1
0 96 10
0 98 2
0 131 9
0 142 10
0 145 8
0 62 5
1 30 4
1 57 4
1 67 4
2 28 10
2 33 6
2 39 5
2 64 3
2 83 5
2 92 10
2 104 2
2 120 6
2 127 10
2 147 2
3 71 6
3 99 5
3 102 6
3 107 8
3 113 6
4 64 5
4 89 5
4 109 4
4 119 2
5 44 4
5 46 1
5 122 5
5 131 3
6 31 7
6 72 3
6 83 10
6 98 10
6 137 1
6 145 3
7 32 2
7 57 2
7 95 7
8 13 9
8 21 4
8 63 1
8 64 4
8 122 4
8 152 7
9 66 7
9 75 5
10 56 3
11 15 4
11 74 5
11 76 5
11 123 5
12 31 1
12 35 3
12 46 9
12 64 7
12 72 2
12 82 4
12 94 9
12 95 8
12 103 5
12 112 3
12 157 1
13 8 9
13 16 7
13 69 9
13 99 7
13 130 7
13 148 1
14 43 9
14 52 3
14 87 2
14 108 9
14 135 2
14 138 6
15 11 4
15 16 8
15 17 2
15 60 9
15 74 10
15 108 1
15 114 9
15 118 9
15 143 3
15 145 4
16 13 7
16 15 8
16 66 10
16 81 4
16 85 8
16 92 10
16 125 8
16 148 5
17 15 2
17 66 7
17 67 6
17 99 5
17 106 6
18 57 10
18 89 1
18 90 4
18 101 9
19 81 4
19 86 8
19 87 10
19 117 2
19 129 7
20 0 9
20 91 6
20 127 1
21 8 4
21 40 2
21 53 4
21 54 3
21 75 9
21 80 2
22 120 9
23 0 1
23 71 1
23 136 4
23 144 5
23 156 9
24 40 2
24 60 1
24 89 1
24 91 2
24 131 8
25 41 8
25 120 8
26 35 6
26 39 3
26 99 2
26 110 6
26 133 6
27 42 10
27 63 8
27 98 9
27 131 9
28 2 10
28 94 7
28 100 6
28 137 4
28 156 5
29 52 9
29 58 9
29 72 8
29 90 5
29 157 9
30 1 4
30 89 4
30 133 5
30 153 1
30 155 5
31 6 7
31 12 1
31 40 7
31 137 9
31 143 6
32 7 2
32 99 2
32 153 4
33 2 6
33 53 5
33 76 10
33 154 1
33 158 7
34 41 9
34 45 4
34 83 7
34 95 5
34 141 3
35 0 8
35 12 3
35 26 6
35 129 9
35 155 1
36 64 2
36 91 9
36 110 1
36 117 5
36 136 10
37 46 5
37 61 9
37 127 10
38 52 6
38 70 9
38 74 8
38 104 7
38 147 8
38 151 1
39 2 5
39 26 3
39 73 7
39 94 4
39 124 2
40 0 1
40 21 2
40 24 2
40 31 7
40 71 3
40 74 9
40 116 2
40 125 2
40 149 9
41 25 8
41 34 9
41 57 8
41 61 10
41 65 6
41 148 4
41 151 6
42 27 10
42 82 3
42 120 2
42 134 2
43 14 9
43 49 10
43 84 7
43 88 10
43 134 6
44 5 4
44 86 10
44 93 5
44 108 2
44 135 3
44 150 2
45 34 4
45 53 2
45 61 3
45 76 2
45 81 6
46 5 1
46 12 9
46 37 5
46 131 2
47 78 10
47 113 5
48 73 3
48 95 7
48 116 10
48 143 3
49 43 10
49 64 2
49 139 10
49 144 5
50 68 6
50 95 7
50 145 3
51 59 6
51 136 5
52 14 3
52 29 9
52 38 6
52 104 6
52 134 5
53 21 4
53 33 5
53 45 2
53 82 1
53 95 8
53 97 8
53 103 7
53 120 9
54 21 3
54 65 6
54 143 2
55 136 4
56 10 3
56 139 9
56 141 10
57 1 4
57 7 2
57 18 10
57 41 8
57 60 2
57 61 5
57 64 7
57 116 6
58 29 9
58 102 6
58 133 1
58 135 6
59 51 6
59 97 6
59 100 1
59 111 1
60 15 9
60 24 1
60 57 2
60 102 3
60 108 9
60 112 6
60 124 8
60 154 1
60 158 8
61 37 9
61 41 10
61 45 3
61 57 5
61 80 9
61 109 9
61 152 5
61 156 10
62 0 5
63 8 1
63 27 8
63 82 10
63 114 1
63 136 9
63 138 1
63 153 10
64 2 3
64 4 5
64 8 4
64 12 7
64 36 2
64 49 2
64 57 7
64 145 2
65 41 6
65 54 6
65 94 1
65 100 8
65 109 1
66 9 7
66 16 10
66 17 7
66 121 2
66 139 6
67 1 4
67 17 6
67 118 2
67 152 8
68 50 6
68 91 3
68 122 3
69 13 9
69 73 2
69 101 2
69 137 1
70 38 9
70 90 1
70 108 2
70 126 3
70 151 3
71 3 6
71 23 1
71 40 3
71 96 6
71 126 2
71 132 4
72 6 3
72 12 2
72 29 8
72 140 2
72 147 3
72 157 3
73 39 7
73 48 3
73 69 2
73 95 6
73 124 9
73 128 4
74 11 5
74 15 10
74 38 8
74 40 9
74 109 1
74 122 10
74 141 8
74 145 4
74 151 9
75 9 5
75 21 9
75 80 9
75 116 1
75 151 2
75 158 7
76 11 5
76 33 10
76 45 2
76 100 4
76 108 8
76 109 1
77 112 1
77 134 10
77 141 10
77 151 1
78 47 10
78 83 2
78 84 3
78 142 2
79 93 8
79 105 4
79 149 1
80 21 2
80 61 9
80 75 9
80 112 1
81 16 4
81 19 4
81 45 6
81 96 3
82 12 4
82 42 3
82 53 1
82 63 10
82 109 5
82 155 8
83 2 5
83 6 10
83 34 7
83 78 2
83 158 3
84 43 7
84 78 3
84 98 10
84 99 6
84 124 4
84 144 1
85 16 8
85 133 8
86 19 8
86 44 10
86 112 8
86 114 2
86 149 3
87 14 2
87 19 10
87 103 3
87 122 4
87 148 3
88 43 10
88 98 10
88 115 3
88 154 4
89 4 5
89 18 1
89 24 1
89 30 4
89 99 9
89 134 2
89 146 3
89 148 1
90 18 4
90 29 5
90 70 1
90 102 3
90 131 7
91 20 6
91 24 2
91 36 9
91 68 3
92 2 10
92 16 10
92 99 3
92 131 7
93 44 5
93 79 8
93 117 9
93 130 2
93 147 8
94 12 9
94 28 7
94 39 4
94 65 1
94 143 3
95 7 7
95 12 8
95 34 5
95 48 7
95 50 7
95 53 8
95 73 6
95 97 2
95 133 10
96 0 10
96 71 6
96 81 3
96 149 2
96 157 10
97 53 8
97 59 6
97 95 2
97 98 7
97 109 2
97 125 10
98 0 2
98 6 10
98 27 9
98 84 10
98 88 10
98 97 7
98 107 6
98 108 6
98 127 1
99 3 5
99 13 7
99 17 5
99 26 2
99 32 2
99 84 6
99 89 9
99 92 3
99 144 2
99 150 7
100 28 6
100 59 1
100 65 8
100 76 4
100 149 6
101 18 9
101 69 2
101 109 10
101 134 2
101 138 3
101 153 4
102 3 6
102 58 6
102 60 3
102 90 3
103 12 5
103 53 7
103 87 3
103 146 6
103 155 1
104 2 2
104 38 7
104 52 6
105 79 4
105 117 9
105 118 5
105 123 4
105 140 7
106 17 6
107 3 8
107 98 6
107 108 10
107 114 2
108 14 9
108 15 1
108 44 2
108 60 9
108 70 2
108 76 8
108 98 6
108 107 10
108 115 3
108 121 1
108 137 4
109 4 4
109 61 9
109 65 1
109 74 1
109 76 1
109 82 5
109 97 2
109 101 10
109 114 9
110 26 6
110 36 1
111 59 1
111 127 4
111 137 9
112 12 3
112 60 6
112 77 1
112 80 1
112 86 8
112 113 5
112 132 5
113 3 6
113 47 5
113 112 5
113 115 5
113 117 8
113 127 5
113 150 6
114 15 9
114 63 1
114 86 2
114 107 2
114 109 9
114 138 4
114 157 10
115 88 3
115 108 3
115 113 5
116 40 2
116 48 10
116 57 6
116 75 1
116 128 8
117 19 2
117 36 5
117 93 9
117 105 9
117 113 8
118 15 9
118 67 2
118 105 5
118 122 1
118 152 2
119 4 2
119 158 10
120 2 6
120 22 9
120 25 8
120 42 2
120 53 9
120 126 7
120 141 8
121 66 2
121 108 1
121 149 3
121 156 7
122 5 5
122 8 4
122 68 3
122 74 10
122 87 4
122 118 1
123 11 5
123 105 4
124 39 2
124 60 8
124 73 9
124 84 4
124 132 3
124 151 9
124 155 8
125 16 8
125 40 2
125 97 10
125 157 8
126 70 3
126 71 2
126 120 7
126 134 7
126 141 10
127 2 10
127 20 1
127 37 10
127 98 1
127 111 4
127 113 5
128 73 4
128 116 8
128 131 3
128 138 3
129 19 7
129 35 9
129 140 8
130 13 7
130 93 2
131 0 9
131 5 3
131 24 8
131 27 9
131 46 2
131 90 7
131 92 7
131 128 3
131 140 7
131 157 1
132 71 4
132 112 5
132 124 3
133 26 6
133 30 5
133 58 1
133 85 8
133 95 10
133 142 8
134 42 2
134 43 6
134 52 5
134 77 10
134 89 2
134 101 2
134 126 7
134 143 9
134 150 5
135 14 2
135 44 3
135 58 6
135 148 1
136 23 4
136 36 10
136 51 5
136 55 4
136 63 9
136 158 8
137 6 1
137 28 4
137 31 9
137 69 1
137 108 4
137 111 9
137 158 2
138 14 6
138 63 1
138 101 3
138 114 4
138 128 3
139 49 10
139 56 9
139 66 6
139 151 2
139 152 6
140 72 2
140 105 7
140 129 8
140 131 7
141 34 3
141 56 10
141 74 8
141 77 10
141 120 8
141 126 10
142 0 10
142 78 2
142 133 8
143 15 3
143 31 6
143 48 3
143 54 2
143 94 3
143 134 9
144 23 5
144 49 5
144 84 1
144 99 2
145 0 8
145 6 3
145 15 4
145 50 3
145 64 2
145 74 4
146 89 3
146 103 6
147 2 2
147 38 8
147 72 3
147 93 8
148 13 1
148 16 5
148 41 4
148 87 3
148 89 1
148 135 1
149 40 9
149 79 1
149 86 3
149 96 2
149 100 6
149 121 3
150 44 2
150 99 7
150 113 6
150 134 5
151 38 1
151 41 6
151 70 3
151 74 9
151 75 2
151 77 1
151 124 9
151 139 2
152 8 7
152 61 5
152 67 8
152 118 2
152 139 6
152 153 9
152 155 5
153 30 1
153 32 4
153 63 10
153 101 4
153 152 9
154 33 1
154 60 1
154 88 4
155 30 5
155 35 1
155 82 8
155 103 1
155 124 8
155 152 5
156 23 9
156 28 5
156 61 10
156 121 7
157 12 1
157 29 9
157 72 3
157 96 10
157 114 10
157 125 8
157 131 1
158 33 7
158 60 8
158 75 7
158 83 3
158 119 10
158 136 8
158 137 2
