124
460
27
90
0 16 8
0 32 6
0 75 5
0 61 1
1 30 7
1 42 7
1 67 7
2 101 5
3 54 3
3 90 9
3 102 3
4 39 8
4 102 7
5 46 8
5 77 1
5 94 3
5 99 4
6 58 7
6 59 7
6 82 2
6 105 1
7 9 8
7 48 2
7 73 4
7 104 2
8 21 10
8 80 2
8 98 3
8 104 10
9 7 8
9 24 5
9 50 3
9 64 10
9 71 5
9 114 3
10 34 7
10 70 9
10 103 8
11 81 5
11 82 7
11 89 8
12 22 3
12 46 4
12 74 5
12 102 5
13 32 3
13 52 6
13 71 2
14 47 7
14 60 10
14 64 2
14 70 2
14 86 10
15 37 3
15 49 6
15 68 4
15 93 9
16 0 8
16 59 7
16 76 3
17 34 10
17 103 8
17 112 5
17 116 5
18 22 10
18 24 9
18 46 4
18 68 10
19 48 9
19 69 2
19 85 8
19 96 7
20 25 10
20 78 4
20 101 8
21 8 10
21 54 1
21 68 2
21 102 8
21 107 1
22 12 3
22 18 10
22 122 6
23 36 2
23 91 4
23 101 10
24 9 5
24 18 9
24 66 3
24 96 6
25 20 10
25 31 4
26 68 1
26 97 10
27 43 1
27 60 10
27 105 9
27 109 4
27 116 8
28 42 5
28 87 1
28 108 2
29 81 1
29 112 6
29 114 10
30 1 7
30 35 4
30 68 3
30 87 1
31 25 4
31 43 7
31 46 3
31 58 6
31 90 4
31 106 4
31 108 7
32 0 6
32 13 3
32 68 8
32 91 7
32 111 6
32 114 3
32 123 3
33 38 8
33 79 4
33 103 2
34 10 7
34 17 10
35 30 4
35 48 7
35 55 10
35 63 1
35 80 3
36 23 2
36 41 10
36 88 2
36 102 8
37 15 3
37 104 5
38 33 8
38 48 5
38 63 4
38 70 3
39 4 8
39 49 4
40 45 8
40 97 8
40 109 10
41 36 10
41 83 4
41 115 1
42 1 7
42 28 5
42 78 6
43 27 1
43 31 7
43 75 6
43 94 6
44 58 10
44 78 7
44 84 8
45 40 8
45 56 4
45 74 1
45 76 8
46 5 8
46 12 4
46 18 4
46 31 3
46 62 1
46 118 2
47 14 7
47 51 8
47 76 6
47 123 4
48 7 2
48 19 9
48 35 7
48 38 5
48 68 5
48 71 1
49 15 6
49 39 4
49 80 4
50 9 3
50 87 10
50 99 7
50 103 10
50 114 7
51 47 8
51 73 1
51 93 4
51 118 7
52 13 6
52 62 6
52 87 3
52 89 7
52 103 3
52 110 5
53 80 7
53 96 9
54 3 3
54 21 1
54 88 4
54 100 8
55 35 10
55 58 10
55 73 2
56 45 4
56 78 5
56 123 2
57 67 1
57 84 1
57 91 5
57 92 8
57 101 9
58 6 7
58 31 6
58 44 10
58 55 10
58 80 2
58 100 5
58 119 8
59 6 7
59 16 7
59 77 3
60 14 10
60 27 10
60 72 7
60 115 4
60 117 9
61 0 1
61 65 3
62 46 1
62 52 6
62 77 5
62 94 7
62 108 2
63 35 1
63 38 4
63 100 10
63 107 9
63 110 1
63 120 5
64 9 10
64 14 2
64 110 7
65 61 3
65 121 1
66 24 3
66 78 3
67 1 7
67 57 1
67 108 10
68 15 4
68 18 10
68 21 2
68 26 1
68 30 3
68 32 8
68 48 5
68 72 8
68 106 1
68 108 2
69 19 2
69 113 8
70 10 9
70 14 2
70 38 3
70 100 10
71 9 5
71 13 2
71 48 1
71 104 10
72 60 7
72 68 8
72 80 2
72 105 4
72 120 3
73 7 4
73 51 1
73 55 2
73 76 6
73 107 9
74 12 5
74 45 1
74 81 5
75 0 5
75 43 6
75 100 5
75 118 8
76 16 3
76 45 8
76 47 6
76 73 6
76 83 4
77 5 1
77 59 3
77 62 5
77 105 8
78 20 4
78 42 6
78 44 7
78 56 5
78 66 3
78 85 8
78 93 7
79 33 4
80 8 2
80 35 3
80 49 4
80 53 7
80 58 2
80 72 2
81 11 5
81 29 1
81 74 5
81 90 7
81 120 2
82 6 2
82 11 7
82 111 7
83 41 4
83 76 4
84 44 8
84 57 1
85 19 8
85 78 8
86 14 10
87 28 1
87 30 1
87 50 10
87 52 3
88 36 2
88 54 4
88 115 5
89 11 8
89 52 7
89 94 4
89 110 8
90 3 9
90 31 4
90 81 7
90 95 9
91 23 4
91 32 7
91 57 5
91 111 10
92 57 8
93 15 9
93 51 4
93 78 7
94 5 3
94 43 6
94 62 7
94 89 4
95 90 9
95 97 1
96 19 7
96 24 6
96 53 9
96 109 9
97 26 10
97 40 8
97 95 1
97 123 4
98 8 3
98 103 10
99 5 4
99 50 7
100 54 8
100 58 5
100 63 10
100 70 10
100 75 5
101 2 5
101 20 8
101 23 10
101 57 9
102 3 3
102 4 7
102 12 5
102 21 8
102 36 8
103 10 8
103 17 8
103 33 2
103 50 10
103 52 3
103 98 10
103 111 10
103 122 2
103 123 10
104 7 2
104 8 10
104 37 5
104 71 10
104 106 10
104 110 7
105 6 1
105 27 9
105 72 4
105 77 8
105 110 1
106 31 4
106 68 1
106 104 10
107 21 1
107 63 9
107 73 9
107 120 2
108 28 2
108 31 7
108 62 2
108 67 10
108 68 2
109 27 4
109 40 10
109 96 9
109 116 4
110 52 5
110 63 1
110 64 7
110 89 8
110 104 7
110 105 1
111 32 6
111 82 7
111 91 10
111 103 10
112 17 5
112 29 6
113 69 8
114 9 3
114 29 10
114 32 3
114 50 7
115 41 1
115 60 4
115 88 5
116 17 5
116 27 8
116 109 4
117 60 9
118 46 2
118 51 7
118 75 8
119 58 8
120 63 5
120 72 3
120 81 2
120 107 2
121 65 1
122 22 6
122 103 2
123 32 3
123 47 4
123 56 2
123 97 4
123 103 10
