165
780
64
77
0 34 6
0 90 7
0 121 9
1 67 8
1 94 4
1 121 8
1 123 2
1 153 7
2 41 2
2 78 9
2 129 5
3 11 8
3 44 3
3 103 8
3 151 10
4 45 6
4 52 2
4 77 3
4 96 4
4 106 6
4 136 2
5 16 7
5 61 1
5 105 10
6 32 3
6 62 8
6 113 2
6 136 2
6 146 1
7 9 8
7 11 5
7 39 10
7 77 7
7 159 6
8 42 1
8 58 6
8 132 5
8 147 2
9 7 8
9 14 3
9 53 2
9 162 9
10 34 2
10 65 4
10 113 9
10 161 6
11 3 8
11 7 5
11 57 9
11 94 2
11 104 2
11 139 6
11 144 5
12 48 3
12 54 2
12 149 6
13 18 10
13 20 9
13 21 6
13 34 10
13 61 1
13 141 3
13 162 2
14 9 3
14 42 9
14 62 9
14 87 4
14 134 6
14 155 3
14 163 2
15 42 1
15 43 8
15 63 3
15 94 7
15 120 9
15 138 3
15 154 5
16 5 7
16 22 7
16 39 8
16 62 3
16 119 7
16 124 10
16 138 2
16 151 1
17 40 5
17 55 1
17 63 7
17 88 9
17 120 4
17 128 1
17 153 4
18 13 10
18 49 1
18 64 3
19 113 7
20 13 9
20 49 4
20 101 9
20 145 8
21 13 6
21 76 8
21 163 2
22 16 7
22 39 10
22 56 5
22 77 4
22 132 5
22 141 9
23 82 8
23 136 3
23 138 2
23 160 9
24 34 5
24 39 2
24 73 2
24 75 10
24 86 2
24 121 8
24 147 8
25 60 10
25 108 6
25 109 2
25 120 10
25 152 8
26 110 3
26 124 8
26 133 8
26 136 9
26 146 4
26 152 1
27 103 1
28 29 9
28 157 4
29 28 9
29 69 8
29 91 2
29 152 2
30 93 7
30 99 7
31 59 2
31 77 3
31 127 4
31 137 10
32 6 3
32 41 7
32 62 10
32 104 2
33 38 10
33 88 10
34 0 6
34 10 2
34 13 10
34 24 5
34 92 3
34 109 2
34 162 6
35 37 2
35 52 2
35 88 4
35 160 8
36 44 2
36 53 10
36 73 4
36 77 6
36 89 7
36 134 2
36 139 2
36 160 10
37 35 2
37 119 9
37 129 7
37 133 3
38 33 10
38 43 2
38 101 2
38 151 6
39 7 10
39 16 8
39 22 10
39 24 2
39 42 5
39 43 1
39 77 10
39 104 2
39 105 6
39 142 6
40 17 5
40 49 5
41 2 2
41 32 7
42 8 1
42 14 9
42 15 1
42 39 5
42 55 3
42 71 2
42 82 1
42 87 9
42 126 6
43 15 8
43 38 2
43 39 1
43 47 5
43 92 10
43 102 10
43 147 2
43 155 1
44 3 3
44 36 2
44 71 10
44 74 4
44 99 3
44 110 3
45 4 6
45 75 5
45 106 4
45 136 3
46 107 1
47 43 5
47 64 5
47 109 5
47 135 3
48 12 3
48 50 1
48 148 7
49 18 1
49 20 4
49 40 5
49 57 5
49 83 8
49 91 4
49 103 5
49 158 2
49 161 2
50 48 1
50 64 7
50 70 4
50 73 1
50 104 10
50 105 6
50 124 5
50 149 7
51 62 9
51 131 5
52 4 2
52 35 2
52 139 6
53 9 2
53 36 10
53 91 8
53 108 1
53 117 1
53 126 7
54 12 2
55 17 1
55 42 3
55 69 6
55 106 3
55 142 1
55 145 7
55 150 3
55 151 5
56 22 5
57 11 9
57 49 5
58 8 6
58 70 3
58 111 10
59 31 2
59 62 5
60 25 10
60 61 5
60 86 6
60 97 2
60 109 9
60 125 10
60 136 8
61 5 1
61 13 1
61 60 5
61 109 8
61 133 6
61 153 8
62 6 8
62 14 9
62 16 3
62 32 10
62 51 9
62 59 5
63 15 3
63 17 7
63 64 5
63 112 8
63 114 7
63 133 10
64 18 3
64 47 5
64 50 7
64 63 5
64 70 2
64 87 2
64 110 10
64 115 9
64 120 1
64 156 5
65 10 4
65 82 5
65 97 1
65 105 6
65 136 5
66 92 7
66 132 9
66 152 2
66 153 1
67 1 8
67 134 1
67 139 10
68 87 9
68 133 8
68 138 6
69 29 8
69 55 6
69 130 3
70 50 4
70 58 3
70 64 2
70 124 6
70 129 4
71 42 2
71 44 10
71 119 6
71 146 2
71 152 7
72 117 4
72 128 2
72 141 2
72 143 6
72 146 7
72 152 6
73 24 2
73 36 4
73 50 1
73 127 10
74 44 4
74 98 6
75 24 10
75 45 5
75 89 4
75 110 7
75 140 9
75 158 7
76 21 8
76 102 8
76 128 3
76 148 10
76 158 10
77 4 3
77 7 7
77 22 4
77 31 3
77 36 6
77 39 10
77 103 8
77 161 10
78 2 9
78 113 4
78 143 4
78 145 8
79 105 8
79 129 4
80 137 10
80 160 10
81 129 3
81 155 5
82 23 8
82 42 1
82 65 5
82 99 10
82 116 7
83 49 8
83 110 9
83 119 8
83 121 8
83 144 1
84 85 5
84 155 4
84 161 4
84 162 3
85 84 5
86 24 2
86 60 6
86 102 2
86 153 4
87 14 4
87 42 9
87 64 2
87 68 9
87 99 2
87 119 9
87 131 2
87 157 6
88 17 9
88 33 10
88 35 4
88 113 7
88 148 8
89 36 7
89 75 4
90 0 7
90 123 4
90 138 1
90 143 1
91 29 2
91 49 4
91 53 8
91 160 7
92 34 3
92 43 10
92 66 7
92 115 2
93 30 7
93 108 10
93 149 2
93 164 9
94 1 4
94 11 2
94 15 7
94 102 1
94 108 10
94 155 5
95 148 8
95 164 9
96 4 4
96 132 1
97 60 2
97 65 1
97 113 6
97 154 3
98 74 6
98 117 10
98 121 2
98 129 3
99 30 7
99 44 3
99 82 10
99 87 2
99 104 2
99 148 8
100 101 10
100 113 1
100 140 5
100 162 9
101 20 9
101 38 2
101 100 10
101 106 5
101 127 8
101 162 4
102 43 10
102 76 8
102 86 2
102 94 1
102 136 6
103 3 8
103 27 1
103 49 5
103 77 8
104 11 2
104 32 2
104 39 2
104 50 10
104 99 2
104 109 5
105 5 10
105 39 6
105 50 6
105 65 6
105 79 8
105 160 2
106 4 6
106 45 4
106 55 3
106 101 5
106 139 9
107 46 1
107 119 2
107 126 9
107 143 4
107 163 10
108 25 6
108 53 1
108 93 10
108 94 10
108 131 4
108 139 9
108 155 4
109 25 2
109 34 2
109 47 5
109 60 9
109 61 8
109 104 5
109 122 10
109 140 7
109 148 7
110 26 3
110 44 3
110 64 10
110 75 7
110 83 9
110 116 10
110 138 4
110 152 1
111 58 10
111 121 6
111 153 2
111 157 4
112 63 8
112 134 7
112 154 3
113 6 2
113 10 9
113 19 7
113 78 4
113 88 7
113 97 6
113 100 1
114 63 7
114 125 3
115 64 9
115 92 2
115 124 6
115 144 4
116 82 7
116 110 10
116 124 9
117 53 1
117 72 4
117 98 10
117 154 6
117 159 4
118 119 8
118 150 2
118 157 4
119 16 7
119 37 9
119 71 6
119 83 8
119 87 9
119 107 2
119 118 8
120 15 9
120 17 4
120 25 10
120 64 1
120 127 9
121 0 9
121 1 8
121 24 8
121 83 8
121 98 2
121 111 6
121 157 10
122 109 10
123 1 2
123 90 4
123 147 3
124 16 10
124 26 8
124 50 5
124 70 6
124 115 6
124 116 9
124 127 3
124 135 2
124 144 10
125 60 10
125 114 3
126 42 6
126 53 7
126 107 9
126 127 8
126 159 3
126 161 9
127 31 4
127 73 10
127 101 8
127 120 9
127 124 3
127 126 8
127 138 5
127 141 10
128 17 1
128 72 2
128 76 3
128 164 5
129 2 5
129 37 7
129 70 4
129 79 4
129 81 3
129 98 3
130 69 3
131 51 5
131 87 2
131 108 4
131 164 1
132 8 5
132 22 5
132 66 9
132 96 1
132 142 7
133 26 8
133 37 3
133 61 6
133 63 10
133 68 8
133 150 10
134 14 6
134 36 2
134 67 1
134 112 7
134 138 9
134 152 1
135 47 3
135 124 2
136 4 2
136 6 2
136 23 3
136 26 9
136 45 3
136 60 8
136 65 5
136 102 6
136 156 4
137 31 10
137 80 10
137 153 10
138 15 3
138 16 2
138 23 2
138 68 6
138 90 1
138 110 4
138 127 5
138 134 9
138 148 9
139 11 6
139 36 2
139 52 6
139 67 10
139 106 9
139 108 9
139 144 10
140 75 9
140 100 5
140 109 7
141 13 3
141 22 9
141 72 2
141 127 10
142 39 6
142 55 1
142 132 7
143 72 6
143 78 4
143 90 1
143 107 4
144 11 5
144 83 1
144 115 4
144 124 10
144 139 10
144 147 3
144 155 10
145 20 8
145 55 7
145 78 8
146 6 1
146 26 4
146 71 2
146 72 7
147 8 2
147 24 8
147 43 2
147 123 3
147 144 3
147 159 7
148 48 7
148 76 10
148 88 8
148 95 8
148 99 8
148 109 7
148 138 9
149 12 6
149 50 7
149 93 2
149 152 4
149 154 5
150 55 3
150 118 2
150 133 10
150 156 8
151 3 10
151 16 1
151 38 6
151 55 5
152 25 8
152 26 1
152 29 2
152 66 2
152 71 7
152 72 6
152 110 1
152 134 1
152 149 4
153 1 7
153 17 4
153 61 8
153 66 1
153 86 4
153 111 2
153 137 10
153 155 3
154 15 5
154 97 3
154 112 3
154 117 6
154 149 5
155 14 3
155 43 1
155 81 5
155 84 4
155 94 5
155 108 4
155 144 10
155 153 3
156 64 5
156 136 4
156 150 8
156 158 2
157 28 4
157 87 6
157 111 4
157 118 4
157 121 10
158 49 2
158 75 7
158 76 10
158 156 2
159 7 6
159 117 4
159 126 3
159 147 7
160 23 9
160 35 8
160 36 10
160 80 10
160 91 7
160 105 2
161 10 6
161 49 2
161 77 10
161 84 4
161 126 9
162 9 9
162 13 2
162 34 6
162 84 3
162 100 9
162 101 4
163 14 2
163 21 2
163 107 10
164 93 9
164 95 9
164 128 5
164 131 1
