149
628
8
62
0 17 8
0 18 10
0 19 1
0 74 5
0 42 6
1 140 2
2 100 8
2 118 9
2 129 2
2 142 10
3 6 9
4 36 4
4 79 4
4 81 1
4 96 8
4 132 3
5 27 6
5 81 7
5 92 5
6 3 9
6 33 8
6 111 10
6 114 3
6 134 8
7 20 7
7 29 6
7 37 8
7 58 6
7 73 5
7 121 1
8 21 7
8 27 7
8 38 1
8 108 9
8 124 2
8 144 6
9 17 2
9 78 1
9 115 8
10 19 8
10 51 8
11 25 2
11 97 4
11 120 6
11 134 6
11 135 3
12 21 1
12 68 5
12 80 2
12 120 3
13 47 8
14 67 4
15 38 1
15 77 4
15 78 3
15 102 10
15 114 2
16 109 8
17 0 8
17 9 2
17 66 3
18 0 10
18 32 5
18 78 7
18 80 8
18 113 6
19 0 1
19 10 8
19 21 3
19 34 10
19 35 10
19 40 6
19 59 8
19 77 7
20 7 7
20 36 6
20 47 6
20 53 4
20 65 1
20 107 8
20 135 3
21 8 7
21 12 1
21 19 3
21 26 4
21 65 9
21 91 5
22 30 3
22 47 4
22 109 10
22 119 3
22 131 6
23 56 10
23 71 3
23 104 7
23 107 6
23 119 6
24 37 9
24 48 8
24 70 10
24 101 9
24 128 7
24 146 2
25 11 2
25 82 10
25 107 9
25 121 10
26 21 4
26 51 5
26 92 5
27 5 6
27 8 7
27 53 10
27 74 9
27 116 9
28 31 1
28 37 10
28 41 3
28 48 3
29 7 6
29 41 10
29 88 2
29 89 2
29 91 4
29 118 8
29 145 8
30 22 3
30 73 2
30 85 7
30 86 2
30 140 3
31 28 1
31 70 9
31 94 10
31 124 7
32 18 5
32 80 10
32 103 9
32 107 4
32 112 1
32 115 9
33 6 8
33 57 3
33 75 1
33 90 10
33 138 1
34 19 10
34 41 10
34 95 7
34 103 4
34 122 3
34 130 5
35 19 10
36 4 4
36 20 6
36 59 9
36 81 5
37 7 8
37 24 9
37 28 10
37 57 9
37 78 9
37 125 8
38 8 1
38 15 1
38 86 7
38 119 1
39 63 3
39 86 9
39 123 2
40 19 6
40 49 6
40 64 7
41 28 3
41 29 10
41 34 10
41 54 5
41 94 7
41 131 3
42 0 6
43 86 5
44 57 9
44 71 5
44 78 2
44 88 4
44 125 7
45 65 8
46 72 8
46 86 6
46 96 7
46 126 1
46 139 3
46 143 2
47 13 8
47 20 6
47 22 4
47 123 9
47 125 4
48 24 8
48 28 3
48 137 8
49 40 6
49 64 10
49 67 7
49 127 3
49 138 4
50 122 5
51 10 8
51 26 5
51 52 7
51 78 8
51 82 3
51 133 1
52 51 7
52 96 6
52 106 1
52 121 7
53 20 4
53 27 10
53 54 7
53 69 6
53 125 7
54 41 5
54 53 7
54 59 2
55 107 6
56 23 10
56 58 1
56 66 1
56 78 2
56 87 7
56 117 1
56 143 2
57 33 3
57 37 9
57 44 9
57 62 5
57 84 9
57 86 8
57 117 1
57 125 9
58 7 6
58 56 1
58 68 10
58 121 3
58 128 3
58 145 6
59 19 8
59 36 9
59 54 2
59 118 6
59 127 4
59 144 5
60 85 10
61 62 1
61 80 1
61 141 10
62 57 5
62 61 1
62 79 2
62 90 9
62 125 9
63 39 3
63 100 2
63 104 10
63 136 3
64 40 7
64 49 10
64 84 6
65 20 1
65 21 9
65 45 8
65 75 3
65 96 3
65 112 7
65 124 9
65 139 5
66 17 3
66 56 1
66 67 4
67 14 4
67 49 7
67 66 4
67 78 5
67 104 5
67 111 9
67 139 2
68 12 5
68 58 10
68 148 6
69 53 6
69 81 9
69 87 9
69 112 10
69 115 7
70 24 10
70 31 9
70 73 7
70 78 10
70 128 4
71 23 3
71 44 5
71 105 3
71 146 8
72 46 8
72 98 7
73 7 5
73 30 2
73 70 7
73 121 10
73 133 2
73 140 7
73 144 3
74 0 5
74 27 9
74 99 9
74 103 10
74 128 3
74 148 5
75 33 1
75 65 3
75 82 5
75 126 7
75 129 1
76 119 8
76 134 10
77 15 4
77 19 7
77 94 10
77 105 8
78 9 1
78 15 3
78 18 7
78 37 9
78 44 2
78 51 8
78 56 2
78 67 5
78 70 10
78 80 4
78 82 2
79 4 4
79 62 2
79 138 2
80 12 2
80 18 8
80 32 10
80 61 1
80 78 4
80 106 6
80 120 5
80 130 2
81 4 1
81 5 7
81 36 5
81 69 9
81 100 2
81 103 8
82 25 10
82 51 3
82 75 5
82 78 2
83 94 9
83 98 1
84 57 9
84 64 6
85 30 7
85 60 10
85 133 10
86 30 2
86 38 7
86 39 9
86 43 5
86 46 6
86 57 8
86 124 6
87 56 7
87 69 9
87 110 8
87 133 8
88 29 2
88 44 4
88 103 4
88 123 2
89 29 2
89 133 10
90 33 10
90 62 9
90 94 9
90 99 1
90 100 9
90 104 6
91 21 5
91 29 4
91 146 7
92 5 5
92 26 5
92 100 2
92 130 10
92 135 10
93 114 9
93 143 5
94 31 10
94 41 7
94 77 10
94 83 9
94 90 9
94 129 8
94 130 2
95 34 7
95 143 3
95 146 4
96 4 8
96 46 7
96 52 6
96 65 3
96 119 1
97 11 4
97 136 5
97 141 4
98 72 7
98 83 1
98 127 1
99 74 9
99 90 1
100 2 8
100 63 2
100 81 2
100 90 9
100 92 2
100 101 10
100 131 3
100 139 2
101 24 9
101 100 10
101 115 4
102 15 10
102 108 9
102 138 6
103 32 9
103 34 4
103 74 10
103 81 8
103 88 4
104 23 7
104 63 10
104 67 5
104 90 6
105 71 3
105 77 8
106 52 1
106 80 6
106 118 3
107 20 8
107 23 6
107 25 9
107 32 4
107 55 6
107 114 5
107 126 8
108 8 9
108 102 9
108 140 7
109 16 8
109 22 10
109 121 8
109 144 10
110 87 8
111 6 10
111 67 9
111 114 1
111 123 6
112 32 1
112 65 7
112 69 10
113 18 6
114 6 3
114 15 2
114 93 9
114 107 5
114 111 1
114 123 3
115 9 8
115 32 9
115 69 7
115 101 4
115 118 5
115 128 2
116 27 9
116 121 10
116 124 5
116 145 5
117 56 1
117 57 1
118 2 9
118 29 8
118 59 6
118 106 3
118 115 5
118 124 9
118 143 1
119 22 3
119 23 6
119 38 1
119 76 8
119 96 1
120 11 6
120 12 3
120 80 5
121 7 1
121 25 10
121 52 7
121 58 3
121 73 10
121 109 8
121 116 10
121 136 4
122 34 3
122 50 5
123 39 2
123 47 9
123 88 2
123 111 6
123 114 3
123 145 3
124 8 2
124 31 7
124 65 9
124 86 6
124 116 5
124 118 9
125 37 8
125 44 7
125 47 4
125 53 7
125 57 9
125 62 9
126 46 1
126 75 7
126 107 8
127 49 3
127 59 4
127 98 1
127 139 2
127 144 2
128 24 7
128 58 3
128 70 4
128 74 3
128 115 2
128 133 10
128 138 8
129 2 2
129 75 1
129 94 8
130 34 5
130 80 2
130 92 10
130 94 2
131 22 6
131 41 3
131 100 3
132 4 3
133 51 1
133 73 2
133 85 10
133 87 8
133 89 10
133 128 10
134 6 8
134 11 6
134 76 10
134 146 3
134 148 3
135 11 3
135 20 3
135 92 10
135 140 1
135 143 6
136 63 3
136 97 5
136 121 4
137 48 8
138 33 1
138 49 4
138 79 2
138 102 6
138 128 8
139 46 3
139 65 5
139 67 2
139 100 2
139 127 2
139 147 7
140 1 2
140 30 3
140 73 7
140 108 7
140 135 1
140 141 4
141 61 10
141 97 4
141 140 4
142 2 10
143 46 2
143 56 2
143 93 5
143 95 3
143 118 1
143 135 6
144 8 6
144 59 5
144 73 3
144 109 10
144 127 2
145 29 8
145 58 6
145 116 5
145 123 3
146 24 2
146 71 8
146 91 7
146 95 4
146 134 3
147 139 7
148 68 6
148 74 5
148 134 3
