170
764
42
114
0 8 7
0 24 10
0 70 3
0 99 5
0 105 1
0 135 10
0 153 10
0 27 8
1 65 10
2 3 3
2 10 1
2 29 8
2 43 1
2 57 5
2 80 9
2 84 7
2 88 3
2 108 8
3 2 3
3 6 7
3 104 3
3 169 4
4 66 3
4 88 2
4 98 2
4 169 4
5 35 5
5 37 8
5 79 8
5 118 1
6 3 7
6 23 1
6 114 3
6 148 9
7 64 3
7 111 1
7 127 10
8 0 7
8 19 9
8 61 5
8 133 5
8 165 3
8 166 1
9 18 4
9 66 4
9 151 10
10 2 1
10 53 3
10 60 7
10 87 10
10 111 8
10 144 9
11 33 4
11 50 6
11 78 10
11 80 3
11 156 5
11 163 9
12 30 6
12 35 9
12 56 2
12 108 1
12 145 9
13 22 6
13 29 7
13 35 8
13 88 10
14 16 7
14 19 3
14 97 9
14 113 5
14 124 1
14 167 3
15 35 2
15 68 6
15 157 10
15 161 5
16 14 7
16 90 3
17 31 2
17 73 2
17 74 6
17 95 10
17 129 10
18 9 4
18 45 4
18 73 6
18 111 10
18 121 4
18 165 1
18 167 10
19 8 9
19 14 3
19 54 5
19 59 3
19 153 5
20 57 1
20 80 9
20 84 10
20 91 2
20 109 2
21 72 1
21 78 7
21 90 4
22 13 6
22 45 8
22 51 5
22 131 10
22 144 10
22 155 6
23 6 1
23 44 9
23 47 9
23 102 6
23 103 7
23 121 9
23 143 4
23 160 1
24 0 10
24 47 8
24 61 9
24 65 5
24 134 6
25 34 6
25 35 3
25 49 4
25 145 10
26 28 2
26 61 9
26 77 6
27 0 8
28 26 2
28 40 3
28 60 6
28 90 2
28 160 4
29 2 8
29 13 7
29 104 10
29 106 9
29 120 2
29 135 4
29 165 1
30 12 6
30 79 5
30 153 10
31 17 2
31 35 1
31 68 6
31 87 7
31 97 1
31 128 9
32 82 2
32 93 2
32 127 7
32 158 10
33 11 4
33 46 8
33 63 1
33 64 5
33 96 7
33 111 8
33 122 5
33 126 2
33 135 2
33 159 6
34 25 6
34 46 7
34 90 10
34 154 2
34 166 8
35 5 5
35 12 9
35 13 8
35 15 2
35 25 3
35 31 1
35 103 3
35 154 2
36 42 2
37 5 8
37 110 1
37 153 10
38 44 6
38 47 6
38 95 2
38 101 7
38 122 6
39 74 4
39 88 8
39 90 2
39 103 4
39 118 2
40 28 3
40 52 10
40 55 10
40 91 9
40 106 7
41 61 9
42 36 2
42 117 7
43 2 1
43 66 4
43 71 3
43 92 7
44 23 9
44 38 6
44 59 9
44 126 4
44 133 7
45 18 4
45 22 8
45 63 9
45 83 4
45 103 3
45 129 2
45 134 4
46 33 8
46 34 7
46 137 1
46 153 1
47 23 9
47 24 8
47 38 6
47 72 1
47 122 8
47 126 4
47 127 7
47 163 5
47 165 3
47 166 8
48 71 3
48 128 9
48 149 2
49 25 4
49 52 9
49 81 8
49 82 7
49 125 8
49 161 7
50 11 6
50 89 8
50 113 3
51 22 5
51 66 7
51 76 2
51 101 2
51 108 2
51 120 1
51 139 10
52 40 10
52 49 9
52 117 10
52 154 10
53 10 3
54 19 5
54 122 7
54 139 1
54 154 5
55 40 10
55 99 9
56 12 2
56 134 1
56 150 1
56 152 4
57 2 5
57 20 1
57 95 2
57 122 9
57 140 10
57 142 3
58 86 9
58 110 6
58 133 5
59 19 3
59 44 9
59 168 5
60 10 7
60 28 6
60 102 8
60 148 3
60 150 9
61 8 5
61 24 9
61 26 9
61 41 9
61 89 8
61 132 5
61 143 2
61 149 10
61 168 1
62 81 2
62 82 9
62 87 7
62 127 10
63 33 1
63 45 9
63 84 9
64 7 3
64 33 5
64 73 8
64 145 5
64 157 5
64 164 1
65 1 10
65 24 5
65 74 4
65 124 2
65 134 10
65 142 2
65 168 9
66 4 3
66 9 4
66 43 4
66 51 7
66 87 3
66 150 4
66 167 5
67 102 1
67 114 1
67 127 5
67 128 8
67 137 7
68 15 6
68 31 6
69 101 6
69 112 8
70 0 3
70 120 4
70 152 4
71 43 3
71 48 3
71 121 4
72 21 1
72 47 1
72 75 1
72 95 2
72 117 4
73 17 2
73 18 6
73 64 8
73 94 8
74 17 6
74 39 4
74 65 4
74 106 7
74 140 8
74 152 2
74 156 8
75 72 1
75 154 5
75 162 8
76 51 2
76 82 5
77 26 6
77 83 5
77 94 8
78 11 10
78 21 7
79 5 8
79 30 5
79 83 2
79 110 2
79 139 8
80 2 9
80 11 3
80 20 9
80 82 6
80 141 7
80 156 3
81 49 8
81 62 2
81 151 4
82 32 2
82 49 7
82 62 9
82 76 5
82 80 6
82 108 4
82 122 4
82 162 3
83 45 4
83 77 5
83 79 2
83 136 5
84 2 7
84 20 10
84 63 9
85 107 6
86 58 9
86 93 3
86 107 2
86 110 8
86 131 3
86 155 2
87 10 10
87 31 7
87 62 7
87 66 3
87 107 8
87 109 5
87 116 5
87 157 2
88 2 3
88 4 2
88 13 10
88 39 8
88 112 7
89 50 8
89 61 8
89 107 9
89 117 3
89 125 2
89 131 2
89 145 7
90 16 3
90 21 4
90 28 2
90 34 10
90 39 2
90 97 2
90 148 10
91 20 2
91 40 9
91 95 7
91 157 5
92 43 7
92 168 10
93 32 2
93 86 3
93 155 1
94 73 8
94 77 8
94 138 5
94 152 3
94 168 5
95 17 10
95 38 2
95 57 2
95 72 2
95 91 7
95 98 7
95 147 10
96 33 7
96 119 9
97 14 9
97 31 1
97 90 2
97 115 3
97 167 10
98 4 2
98 95 7
98 119 5
99 0 5
99 55 9
99 134 10
99 135 8
100 113 1
100 128 2
101 38 7
101 51 2
101 69 6
101 115 8
101 124 5
101 131 5
101 141 4
102 23 6
102 60 8
102 67 1
102 119 10
103 23 7
103 35 3
103 39 4
103 45 3
103 134 8
103 144 8
104 3 3
104 29 10
104 127 4
104 135 10
104 161 6
104 163 4
105 0 1
105 147 5
105 165 2
106 29 9
106 40 7
106 74 7
106 109 1
106 147 8
107 85 6
107 86 2
107 87 8
107 89 9
107 114 1
107 119 5
107 163 5
107 164 2
107 168 8
108 2 8
108 12 1
108 51 2
108 82 4
108 109 9
108 162 1
109 20 2
109 87 5
109 106 1
109 108 9
109 142 3
110 37 1
110 58 6
110 79 2
110 86 8
110 158 1
111 7 1
111 10 8
111 18 10
111 33 8
112 69 8
112 88 7
112 147 9
113 14 5
113 50 3
113 100 1
114 6 3
114 67 1
114 107 1
114 154 3
114 159 8
115 97 3
115 101 8
115 130 3
116 87 5
116 128 5
116 134 4
116 161 5
117 42 7
117 52 10
117 72 4
117 89 3
117 118 7
118 5 1
118 39 2
118 117 7
118 129 7
118 158 6
119 96 9
119 98 5
119 102 10
119 107 5
119 159 4
120 29 2
120 51 1
120 70 4
121 18 4
121 23 9
121 71 4
121 123 9
122 33 5
122 38 6
122 47 8
122 54 7
122 57 9
122 82 4
122 140 6
122 147 5
123 121 9
124 14 1
124 65 2
124 101 5
125 49 8
125 89 2
125 161 5
126 33 2
126 44 4
126 47 4
126 138 8
127 7 10
127 32 7
127 47 7
127 62 10
127 67 5
127 104 4
127 143 5
127 150 5
128 31 9
128 48 9
128 67 8
128 100 2
128 116 5
128 168 2
129 17 10
129 45 2
129 118 7
129 148 6
129 158 9
130 115 3
130 144 9
130 161 5
130 165 7
130 166 5
131 22 10
131 86 3
131 89 2
131 101 5
131 144 7
132 61 5
133 8 5
133 44 7
133 58 5
134 24 6
134 45 4
134 56 1
134 65 10
134 99 10
134 103 8
134 116 4
135 0 10
135 29 4
135 33 2
135 99 8
135 104 10
136 83 5
136 139 5
137 46 1
137 67 7
137 158 3
138 94 5
138 126 8
139 51 10
139 54 1
139 79 8
139 136 5
140 57 10
140 74 8
140 122 6
140 147 8
140 163 8
141 80 7
141 101 4
142 57 3
142 65 2
142 109 3
142 147 5
143 23 4
143 61 2
143 127 5
144 10 9
144 22 10
144 103 8
144 130 9
144 131 7
144 163 8
145 12 9
145 25 10
145 64 5
145 89 7
146 148 3
147 95 10
147 105 5
147 106 8
147 112 9
147 122 5
147 140 8
147 142 5
147 152 6
147 165 3
148 6 9
148 60 3
148 90 10
148 129 6
148 146 3
149 48 2
149 61 10
150 56 1
150 60 9
150 66 4
150 127 5
151 9 10
151 81 4
152 56 4
152 70 4
152 74 2
152 94 3
152 147 6
153 0 10
153 19 5
153 30 10
153 37 10
153 46 1
154 34 2
154 35 2
154 52 10
154 54 5
154 75 5
154 114 3
154 163 3
155 22 6
155 86 2
155 93 1
156 11 5
156 74 8
156 80 3
157 15 10
157 64 5
157 87 2
157 91 5
157 163 6
158 32 10
158 110 1
158 118 6
158 129 9
158 137 3
159 33 6
159 114 8
159 119 4
160 23 1
160 28 4
161 15 5
161 49 7
161 104 6
161 116 5
161 125 5
161 130 5
161 166 6
162 75 8
162 82 3
162 108 1
163 11 9
163 47 5
163 104 4
163 107 5
163 140 8
163 144 8
163 154 3
163 157 6
164 64 1
164 107 2
165 8 3
165 18 1
165 29 1
165 47 3
165 105 2
165 130 7
165 147 3
166 8 1
166 34 8
166 47 8
166 130 5
166 161 6
167 14 3
167 18 10
167 66 5
167 97 10
168 59 5
168 61 1
168 65 9
168 92 10
168 94 5
168 107 8
168 128 2
169 3 4
169 4 4
