174
846
70
87
0 81 2
0 90 5
0 128 7
0 144 4
1 85 7
2 67 2
2 86 3
2 119 6
2 128 10
2 167 6
3 14 6
3 56 1
3 64 5
3 112 3
3 136 8
3 169 8
4 62 2
4 63 10
4 75 7
4 78 9
4 79 6
4 103 2
4 136 9
4 148 5
4 168 10
5 15 10
5 48 3
5 88 2
5 109 2
6 7 4
6 10 10
6 68 8
6 82 5
6 135 9
7 6 4
7 14 10
7 67 4
7 153 7
7 154 9
7 157 6
8 29 3
8 30 8
8 40 8
8 51 10
8 59 7
8 66 10
8 67 3
8 89 10
8 97 7
9 26 9
9 69 4
9 115 9
9 156 2
10 6 10
10 15 4
10 94 9
10 129 7
11 163 5
12 22 7
12 31 6
12 61 7
12 146 2
13 21 5
13 121 10
14 3 6
14 7 10
14 115 8
14 120 5
14 135 8
14 159 2
14 170 2
15 5 10
15 10 4
15 32 4
15 36 8
15 59 2
15 141 10
16 100 6
16 169 10
17 18 10
17 68 4
17 80 1
17 86 9
17 111 1
17 164 7
17 171 7
18 17 10
18 20 6
18 49 7
18 67 9
18 127 1
19 54 1
19 71 10
19 124 4
19 130 4
19 143 2
19 145 8
19 164 5
20 18 6
20 47 4
20 71 5
20 87 8
20 131 5
20 136 9
20 142 6
21 13 5
21 28 2
21 47 5
21 87 2
21 116 3
21 119 3
22 12 7
22 59 9
22 78 4
22 111 9
23 55 9
23 64 5
23 91 1
23 134 9
23 141 10
23 152 6
24 42 1
24 88 10
24 135 8
25 85 8
26 9 9
26 35 8
26 51 8
26 68 2
26 72 8
26 111 9
26 119 5
27 28 4
27 34 4
27 40 3
27 56 9
27 75 1
27 78 3
27 129 7
27 155 8
28 21 2
28 27 4
28 40 1
28 43 9
28 99 9
28 111 5
28 135 8
29 8 3
29 39 4
29 48 9
29 88 5
29 92 6
29 162 6
30 8 8
30 31 4
30 43 7
30 45 5
30 121 6
31 12 6
31 30 4
31 51 1
31 155 10
32 15 4
32 84 6
32 111 7
32 143 10
33 34 7
33 51 7
33 54 4
33 125 1
34 27 4
34 33 7
34 77 9
34 161 1
35 26 8
35 42 3
35 79 9
35 90 3
35 99 1
35 103 10
35 140 9
35 165 8
36 15 8
36 45 2
36 102 9
36 154 1
37 69 5
37 75 9
37 101 8
37 107 6
37 118 10
37 169 3
38 69 1
38 105 8
38 143 9
39 29 4
39 67 9
39 89 5
39 97 8
39 107 2
39 138 10
40 8 8
40 27 3
40 28 1
40 42 3
40 62 1
40 99 8
41 51 9
41 68 1
41 86 10
41 129 3
41 135 9
41 171 6
42 24 1
42 35 3
42 40 3
42 95 5
42 147 6
43 28 9
43 30 7
43 59 3
43 61 1
43 89 8
43 93 10
43 123 3
44 53 3
44 124 7
44 158 7
44 160 1
45 30 5
45 36 2
45 51 5
45 73 9
45 85 8
45 163 2
46 47 1
46 58 10
46 65 1
46 83 5
46 137 7
46 142 4
47 20 4
47 21 5
47 46 1
47 71 2
47 87 3
47 106 1
47 152 7
48 5 3
48 29 9
48 72 6
48 75 9
48 125 9
48 168 10
49 18 7
49 54 10
49 66 2
49 91 5
50 78 5
50 156 7
51 8 10
51 26 8
51 31 1
51 33 7
51 41 9
51 45 5
51 55 6
51 56 5
51 58 5
51 81 4
51 90 4
51 101 9
51 119 1
52 66 10
52 89 2
52 105 7
52 110 7
52 111 4
52 122 8
52 163 4
52 164 1
53 44 3
53 71 1
53 91 5
54 19 1
54 33 4
54 49 10
54 78 6
54 86 2
55 23 9
55 51 6
55 66 2
55 108 6
55 152 9
56 3 1
56 27 9
56 51 5
56 114 3
57 85 10
57 115 2
57 121 2
57 136 8
57 140 7
58 46 10
58 51 5
58 96 10
58 108 6
58 139 4
58 172 2
59 8 7
59 15 2
59 22 9
59 43 3
59 71 1
59 78 1
59 88 3
59 90 8
59 112 8
60 85 2
60 170 9
61 12 7
61 43 1
61 82 3
61 83 2
61 103 4
61 148 8
62 4 2
62 40 1
62 91 8
62 117 4
62 158 6
63 4 10
63 104 10
63 127 9
63 169 6
64 3 5
64 23 5
64 76 5
64 81 2
64 84 4
65 46 1
65 142 2
66 8 10
66 49 2
66 52 10
66 55 2
66 67 4
66 118 3
66 140 2
66 167 6
66 169 2
67 2 2
67 7 4
67 8 3
67 18 9
67 39 9
67 66 4
67 162 7
68 6 8
68 17 4
68 26 2
68 41 1
68 76 6
68 88 6
68 113 7
68 145 1
68 157 9
68 171 1
69 9 4
69 37 5
69 38 1
69 122 3
69 132 5
69 146 4
70 146 10
70 166 2
71 19 10
71 20 5
71 47 2
71 53 1
71 59 1
71 111 4
72 26 8
72 48 6
72 107 1
73 45 9
73 94 5
73 143 3
74 90 9
74 112 9
74 114 7
74 137 10
74 143 2
74 170 10
75 4 7
75 27 1
75 37 9
75 48 9
75 82 1
75 121 2
75 137 8
75 150 6
76 64 5
76 68 6
76 112 1
76 167 2
77 34 9
77 111 6
77 133 2
77 138 6
77 140 4
78 4 9
78 22 4
78 27 3
78 50 5
78 54 6
78 59 1
78 85 1
78 159 4
79 4 6
79 35 9
79 93 3
79 124 5
80 17 1
80 87 5
80 123 1
80 140 5
80 152 10
80 166 6
81 0 2
81 51 4
81 64 2
81 170 9
81 172 8
82 6 5
82 61 3
82 75 1
82 92 9
82 142 10
83 46 5
83 61 2
83 152 9
83 160 8
84 32 6
84 64 4
84 98 5
84 113 1
84 131 8
84 139 6
84 155 8
85 1 7
85 25 8
85 45 8
85 57 10
85 60 2
85 78 1
85 90 3
85 103 6
86 2 3
86 17 9
86 41 10
86 54 2
86 100 3
86 143 5
87 20 8
87 21 2
87 47 3
87 80 5
87 102 6
87 171 5
88 5 2
88 24 10
88 29 5
88 59 3
88 68 6
88 138 7
89 8 10
89 39 5
89 43 8
89 52 2
89 122 5
89 123 1
89 140 2
89 146 3
90 0 5
90 35 3
90 51 4
90 59 8
90 74 9
90 85 3
90 145 6
91 23 1
91 49 5
91 53 5
91 62 8
91 129 5
91 152 1
92 29 6
92 82 9
92 110 3
92 159 1
93 43 10
93 79 3
93 139 2
94 10 9
94 73 5
94 152 9
95 42 5
95 133 1
95 137 8
95 155 3
96 58 10
96 164 10
96 167 6
97 8 7
97 39 8
97 121 6
97 152 5
98 84 5
99 28 9
99 35 1
99 40 8
99 106 4
100 16 6
100 86 3
100 145 9
101 37 8
101 51 9
101 134 3
101 145 6
102 36 9
102 87 6
102 107 3
102 120 6
102 150 6
103 4 2
103 35 10
103 61 4
103 85 6
104 63 10
104 134 10
104 153 3
105 38 8
105 52 7
105 107 4
105 111 6
105 168 3
106 47 1
106 99 4
106 162 9
107 37 6
107 39 2
107 72 1
107 102 3
107 105 4
107 112 4
107 140 5
107 158 4
108 55 6
108 58 6
108 114 3
108 152 2
109 5 2
109 157 2
110 52 7
110 92 3
110 149 5
111 17 1
111 22 9
111 26 9
111 28 5
111 32 7
111 52 4
111 71 4
111 77 6
111 105 6
112 3 3
112 59 8
112 74 9
112 76 1
112 107 4
113 68 7
113 84 1
114 56 3
114 74 7
114 108 3
114 127 3
114 136 2
114 149 8
115 9 9
115 14 8
115 57 2
115 129 3
115 133 8
116 21 3
116 126 4
116 171 9
117 62 4
117 118 2
117 148 4
118 37 10
118 66 3
118 117 2
118 159 4
118 172 10
119 2 6
119 21 3
119 26 5
119 51 1
119 123 10
119 125 8
120 14 5
120 102 6
120 159 7
121 13 10
121 30 6
121 57 2
121 75 2
121 97 6
122 52 8
122 69 3
122 89 5
122 170 10
122 171 5
122 172 6
123 43 3
123 80 1
123 89 1
123 119 10
123 157 7
123 158 6
124 19 4
124 44 7
124 79 5
125 33 1
125 48 9
125 119 8
125 130 4
125 151 10
125 155 7
125 159 3
125 169 4
126 116 4
126 147 5
127 18 1
127 63 9
127 114 3
128 0 7
128 2 10
129 10 7
129 27 7
129 41 3
129 91 5
129 115 3
130 19 4
130 125 4
130 162 6
131 20 5
131 84 8
132 69 5
132 157 10
133 77 2
133 95 1
133 115 8
133 135 8
133 173 7
134 23 9
134 101 3
134 104 10
134 164 9
134 172 5
135 6 9
135 14 8
135 24 8
135 28 8
135 41 9
135 133 8
136 3 8
136 4 9
136 20 9
136 57 8
136 114 2
136 147 4
136 152 1
137 46 7
137 74 10
137 75 8
137 95 8
138 39 10
138 77 6
138 88 7
138 143 7
138 151 3
139 58 4
139 84 6
139 93 2
140 35 9
140 57 7
140 66 2
140 77 4
140 80 5
140 89 2
140 107 5
140 148 1
141 15 10
141 23 10
141 151 6
142 20 6
142 46 4
142 65 2
142 82 10
143 19 2
143 32 10
143 38 9
143 73 3
143 74 2
143 86 5
143 138 7
144 0 4
145 19 8
145 68 1
145 90 6
145 100 9
145 101 6
145 162 5
146 12 2
146 69 4
146 70 10
146 89 3
146 155 10
147 42 6
147 126 5
147 136 4
148 4 5
148 61 8
148 117 4
148 140 1
148 172 1
149 110 5
149 114 8
150 75 6
150 102 6
150 173 3
151 125 10
151 138 3
151 141 6
151 171 8
152 23 6
152 47 7
152 55 9
152 80 10
152 83 9
152 91 1
152 94 9
152 97 5
152 108 2
152 136 1
153 7 7
153 104 3
154 7 9
154 36 1
154 167 9
155 27 8
155 31 10
155 84 8
155 95 3
155 125 7
155 146 10
155 158 7
156 9 2
156 50 7
157 7 6
157 68 9
157 109 2
157 123 7
157 132 10
158 44 7
158 62 6
158 107 4
158 123 6
158 155 7
158 159 7
159 14 2
159 78 4
159 92 1
159 118 4
159 120 7
159 125 3
159 158 7
160 44 1
160 83 8
161 34 1
162 29 6
162 67 7
162 106 9
162 130 6
162 145 5
162 166 4
162 170 2
163 11 5
163 45 2
163 52 4
164 17 7
164 19 5
164 52 1
164 96 10
164 134 9
165 35 8
166 70 2
166 80 6
166 162 4
167 2 6
167 66 6
167 76 2
167 96 6
167 154 9
168 4 10
168 48 10
168 105 3
169 3 8
169 16 10
169 37 3
169 63 6
169 66 2
169 125 4
170 14 2
170 60 9
170 74 10
170 81 9
170 122 10
170 162 2
171 17 7
171 41 6
171 68 1
171 87 5
171 116 9
171 122 5
171 151 8
172 58 2
172 81 8
172 118 10
172 122 6
172 134 5
172 148 1
173 133 7
173 150 3
