118
446
30
95
0 37 10
0 56 5
0 64 5
0 71 1
0 89 6
0 105 9
0 7 6
1 17 4
1 45 1
1 57 6
1 69 9
1 80 2
2 65 1
3 68 5
3 72 7
3 84 4
4 13 6
4 23 6
4 106 2
5 37 9
5 50 5
5 64 7
5 78 5
6 40 2
6 48 7
6 69 9
6 92 10
6 95 9
6 98 10
6 109 7
7 0 6
7 81 2
8 54 5
8 111 1
9 56 4
9 74 3
10 13 8
10 75 8
10 83 3
10 103 5
10 111 4
11 19 10
11 55 8
12 28 7
12 31 7
12 45 4
12 71 8
12 88 1
12 107 5
13 4 6
13 10 8
13 114 2
14 41 9
14 44 9
14 74 10
15 22 9
15 66 2
15 102 6
16 20 7
16 29 4
16 108 4
17 1 4
17 64 5
17 101 7
18 25 8
18 31 9
18 36 9
18 53 1
18 67 9
18 109 7
18 110 3
19 11 10
19 22 9
19 57 6
19 82 8
20 16 7
20 87 2
20 114 3
21 26 8
21 49 3
21 91 9
22 15 9
22 19 9
23 4 6
23 83 6
23 89 9
23 90 8
24 62 8
25 18 8
25 33 5
25 36 8
25 50 9
25 74 10
26 21 8
26 114 8
27 40 8
27 46 6
27 62 9
27 79 2
28 12 7
28 38 1
28 86 2
28 102 2
28 108 7
29 16 4
29 70 2
29 82 6
30 58 5
30 65 9
31 12 7
31 18 9
31 49 6
31 64 8
31 65 8
31 113 3
32 50 1
32 76 1
32 77 6
32 116 2
33 25 5
33 35 6
33 67 10
33 90 6
34 44 7
34 62 7
34 64 6
34 85 8
34 105 4
35 33 6
35 42 2
35 55 4
36 18 9
36 25 8
36 51 3
36 75 5
37 0 10
37 5 9
37 57 10
37 82 10
37 85 4
37 88 7
38 28 1
38 73 2
38 84 1
38 100 10
39 82 4
39 92 6
39 93 7
39 97 10
40 6 2
40 27 8
40 97 9
40 103 6
40 112 4
41 14 9
41 57 7
42 35 2
43 49 1
43 69 6
43 78 3
43 87 9
43 90 2
43 115 1
44 14 9
44 34 7
44 56 5
44 79 10
44 93 7
45 1 1
45 12 4
45 56 8
45 98 4
46 27 6
46 102 1
46 109 3
47 51 9
47 54 6
47 107 2
48 6 7
48 80 1
49 21 3
49 31 6
49 43 1
49 59 9
49 87 7
50 5 5
50 25 9
50 32 1
51 36 3
51 47 9
51 82 3
52 101 9
52 109 8
53 18 1
54 8 5
54 47 6
54 76 3
55 11 8
55 35 4
55 62 2
55 107 4
56 0 5
56 9 4
56 44 5
56 45 8
56 85 8
56 113 10
57 1 6
57 19 6
57 37 10
57 41 7
57 74 9
58 30 5
58 65 4
58 86 1
58 104 7
59 49 9
59 64 7
59 88 5
60 61 1
60 64 5
60 106 5
61 60 1
61 64 7
62 24 8
62 27 9
62 34 7
62 55 2
62 90 2
62 102 1
63 87 7
64 0 5
64 5 7
64 17 5
64 31 8
64 34 6
64 59 7
64 60 5
64 61 7
64 74 8
64 79 7
65 2 1
65 30 9
65 31 8
65 58 4
65 97 7
65 103 4
65 110 10
66 15 2
66 97 7
66 104 6
67 18 9
67 33 10
67 95 8
67 115 1
68 3 5
68 113 7
69 1 9
69 6 9
69 43 6
69 89 6
69 115 5
70 29 2
70 79 8
71 0 1
71 12 8
71 73 9
71 105 8
71 106 4
72 3 7
72 93 2
72 101 7
72 106 5
73 38 2
73 71 9
73 80 5
73 96 3
74 9 3
74 14 10
74 25 10
74 57 9
74 64 8
74 79 9
75 10 8
75 36 5
75 86 10
75 116 2
76 32 1
76 54 3
76 101 6
77 32 6
78 5 5
78 43 3
78 83 8
78 90 3
78 99 3
78 100 10
78 112 1
79 27 2
79 44 10
79 64 7
79 70 8
79 74 9
80 1 2
80 48 1
80 73 5
80 91 5
81 7 2
81 117 3
82 19 8
82 29 6
82 37 10
82 39 4
82 51 3
82 84 1
82 99 4
82 115 9
83 10 3
83 23 6
83 78 8
83 87 2
83 93 3
84 3 4
84 38 1
84 82 1
84 101 9
85 34 8
85 37 4
85 56 8
86 28 2
86 58 1
86 75 10
86 92 6
86 110 10
87 20 2
87 43 9
87 49 7
87 63 7
87 83 2
87 94 9
87 98 5
88 12 1
88 37 7
88 59 5
89 0 6
89 23 9
89 69 6
90 23 8
90 33 6
90 43 2
90 62 2
90 78 3
91 21 9
91 80 5
92 6 10
92 39 6
92 86 6
92 115 10
93 39 7
93 44 7
93 72 2
93 83 3
94 87 9
94 105 2
95 6 9
95 67 8
96 73 3
97 39 10
97 40 9
97 65 7
97 66 7
97 99 2
97 103 7
97 111 6
98 6 10
98 45 4
98 87 5
98 116 7
99 78 3
99 82 4
99 97 2
100 38 10
100 78 10
101 17 7
101 52 9
101 72 7
101 76 6
101 84 9
101 107 8
101 113 4
102 15 6
102 28 2
102 46 1
102 62 1
103 10 5
103 40 6
103 65 4
103 97 7
104 58 7
104 66 6
105 0 9
105 34 4
105 71 8
105 94 2
106 4 2
106 60 5
106 71 4
106 72 5
106 112 5
107 12 5
107 47 2
107 55 4
107 101 8
108 16 4
108 28 7
109 6 7
109 18 7
109 46 3
109 52 8
110 18 3
110 65 10
110 86 10
110 113 10
111 8 1
111 10 4
111 97 6
112 40 4
112 78 1
112 106 5
113 31 3
113 56 10
113 68 7
113 101 4
113 110 10
114 13 2
114 20 3
114 26 8
115 43 1
115 67 1
115 69 5
115 82 9
115 92 10
116 32 2
116 75 2
116 98 7
117 81 3
