116
404
28
57
0 1 8
0 3 5
0 54 6
0 65 4
0 71 5
0 27 4
1 0 8
1 37 6
1 38 5
1 105 2
1 109 5
2 26 2
2 56 6
2 64 4
3 0 5
3 8 5
3 56 7
3 81 10
3 111 5
4 42 6
5 47 1
5 51 8
5 66 5
5 93 5
6 24 5
6 96 2
6 115 10
7 10 1
7 83 5
8 3 5
8 22 9
8 34 6
8 39 10
8 44 1
8 72 7
8 76 1
8 103 8
9 10 1
9 15 8
10 7 1
10 9 1
10 51 7
11 40 1
11 92 10
12 31 4
12 49 1
12 85 2
12 98 9
12 110 10
13 14 8
14 13 8
14 48 8
14 53 1
14 58 4
14 67 7
14 87 4
14 97 3
15 9 8
15 21 5
15 88 2
16 101 9
16 114 9
17 35 8
17 73 3
17 93 7
17 96 5
17 102 9
18 81 10
18 99 2
18 102 10
19 26 8
19 78 6
20 30 7
20 37 9
20 39 7
21 15 5
22 8 9
22 99 6
23 36 5
23 50 10
23 81 3
23 93 3
23 111 7
24 6 5
24 67 9
24 81 2
25 29 9
25 71 4
25 92 10
26 2 2
26 19 8
27 0 4
27 32 4
28 60 10
28 91 10
28 104 2
29 25 9
29 68 1
29 88 2
30 20 7
30 45 5
30 60 4
31 12 4
31 52 4
31 59 5
31 110 7
32 27 4
32 75 6
33 98 10
34 8 6
34 56 3
34 76 4
34 113 6
35 17 8
35 37 10
35 42 5
35 91 2
36 23 5
36 62 6
36 84 1
36 110 7
37 1 6
37 20 9
37 35 10
37 41 3
37 50 5
38 1 5
38 42 10
38 59 3
38 70 3
38 82 4
39 8 10
39 20 7
39 40 6
39 107 7
40 11 1
40 39 6
40 52 6
40 88 4
41 37 3
41 55 8
41 73 5
41 114 8
42 4 6
42 35 5
42 38 10
42 60 2
43 78 7
43 102 5
44 8 1
44 45 5
44 51 4
44 89 1
44 95 3
44 101 2
44 103 3
45 30 5
45 44 5
45 83 4
45 104 2
46 72 4
46 95 8
46 100 6
47 5 1
47 56 1
47 111 1
48 14 8
48 100 2
49 12 1
49 65 7
49 83 4
49 106 1
50 23 10
50 37 5
51 5 8
51 10 7
51 44 4
51 94 7
52 31 4
52 40 6
52 97 5
52 98 2
53 14 1
53 86 4
53 112 6
54 0 6
54 74 9
54 88 8
54 89 10
54 105 5
54 109 6
55 41 8
56 2 6
56 3 7
56 34 3
56 47 1
57 68 7
57 81 7
58 14 4
58 80 2
58 84 10
59 31 5
59 38 3
59 68 4
59 82 8
59 98 9
60 28 10
60 30 4
60 42 2
60 85 8
60 88 8
60 103 9
61 104 7
62 36 6
62 70 8
63 67 2
63 81 2
64 2 4
64 106 2
65 0 4
65 49 7
65 67 1
65 70 9
65 83 4
65 94 1
65 106 4
66 5 5
66 107 7
66 109 3
67 14 7
67 24 9
67 63 2
67 65 1
67 90 1
68 29 1
68 57 7
68 59 4
68 111 1
69 88 5
69 102 2
70 38 3
70 62 8
70 65 9
70 76 3
71 0 5
71 25 4
72 8 7
72 46 4
72 83 8
72 115 7
73 17 3
73 41 5
74 54 9
74 77 9
74 98 6
75 32 6
76 8 1
76 34 4
76 70 3
77 74 9
77 94 4
78 19 6
78 43 7
78 92 2
79 102 6
79 104 6
80 58 2
80 81 10
80 83 6
81 3 10
81 18 10
81 23 3
81 24 2
81 57 7
81 63 2
81 80 10
81 111 9
82 38 4
82 59 8
83 7 5
83 45 4
83 49 4
83 65 4
83 72 8
83 80 6
84 36 1
84 58 10
85 12 2
85 60 8
85 109 1
86 53 4
87 14 4
87 90 10
87 91 4
88 15 2
88 29 2
88 40 4
88 54 8
88 60 8
88 69 5
88 96 6
88 108 9
89 44 1
89 54 10
89 106 10
89 112 3
89 115 5
90 67 1
90 87 10
90 102 6
91 28 10
91 35 2
91 87 4
91 106 9
92 11 10
92 25 10
92 78 2
93 5 5
93 17 7
93 23 3
93 102 7
93 104 2
93 111 9
94 51 7
94 65 1
94 77 4
95 44 3
95 46 8
96 6 2
96 17 5
96 88 6
97 14 3
97 52 5
98 12 9
98 33 10
98 52 2
98 59 9
98 74 6
99 18 2
99 22 6
100 46 6
100 48 2
100 112 1
101 16 9
101 44 2
101 110 5
101 115 3
102 17 9
102 18 10
102 43 5
102 69 2
102 79 6
102 90 6
102 93 7
102 103 1
102 106 7
103 8 8
103 44 3
103 60 9
103 102 1
104 28 2
104 45 2
104 61 7
104 79 6
104 93 2
105 1 2
105 54 5
106 49 1
106 64 2
106 65 4
106 89 10
106 91 9
106 102 7
107 39 7
107 66 7
108 88 9
108 110 4
109 1 5
109 54 6
109 66 3
109 85 1
110 12 10
110 31 7
110 36 7
110 101 5
110 108 4
110 113 1
111 3 5
111 23 7
111 47 1
111 68 1
111 81 9
111 93 9
112 53 6
112 89 3
112 100 1
113 34 6
113 110 1
114 16 9
114 41 8
115 6 10
115 72 7
115 89 5
115 101 3
