135
492
22
97
0 6 1
0 88 9
0 91 7
0 94 2
0 105 3
0 36 3
1 3 3
1 34 3
1 47 4
1 85 8
1 118 6
1 123 6
1 124 5
2 20 5
2 44 1
3 1 3
3 42 8
3 124 3
4 5 6
4 124 9
4 131 1
5 4 6
5 6 10
5 37 7
5 72 3
5 101 5
5 106 4
6 0 1
6 5 10
6 49 1
6 62 9
7 33 9
7 70 4
7 88 5
7 92 1
7 119 2
8 16 1
8 28 6
8 41 8
8 52 3
9 31 9
9 58 2
10 33 1
10 61 6
10 94 8
10 114 10
10 117 10
10 122 3
11 82 3
11 89 10
11 105 5
11 115 8
12 16 7
12 53 10
12 54 2
13 41 10
13 67 10
13 73 1
13 111 10
13 115 2
13 121 1
14 67 10
14 96 2
15 32 10
15 41 5
15 56 6
15 100 9
15 132 1
16 8 1
16 12 7
16 125 10
17 127 2
18 19 2
18 64 3
18 86 10
19 18 2
19 102 1
19 107 1
20 2 5
21 27 9
21 115 3
21 129 5
22 103 3
22 111 7
22 132 4
23 69 2
24 70 3
24 111 4
24 119 9
25 30 9
25 56 2
25 61 1
25 110 1
26 41 7
26 85 7
26 91 8
26 123 2
27 21 9
27 82 10
28 8 6
28 55 9
28 69 7
29 72 8
29 77 7
30 25 9
30 75 5
30 76 3
30 80 5
31 9 9
31 46 1
31 52 4
31 60 9
32 15 10
32 38 10
32 47 1
32 86 6
33 7 9
33 10 1
33 68 1
33 111 2
33 121 9
34 1 3
34 48 9
34 116 9
35 63 3
35 100 10
35 119 5
36 0 3
36 79 7
37 5 7
37 62 8
38 32 10
38 46 4
38 48 9
38 71 9
38 91 2
38 99 7
39 53 3
39 95 4
39 101 7
40 85 2
40 87 3
41 8 8
41 13 10
41 15 5
41 26 7
41 56 10
41 103 6
41 119 8
42 3 8
42 92 4
42 104 3
42 113 5
42 115 4
42 128 1
43 116 6
43 117 9
44 2 1
44 87 10
44 97 7
45 50 6
45 55 5
46 31 1
46 38 4
46 61 9
46 87 7
46 92 2
46 116 7
47 1 4
47 32 1
47 84 5
48 34 9
48 38 9
48 52 3
48 122 5
48 127 9
49 6 1
49 63 1
49 88 8
49 97 7
49 104 3
50 45 6
50 83 3
50 132 9
51 85 4
51 99 9
52 8 3
52 31 4
52 48 3
52 74 3
53 12 10
53 39 3
53 64 2
53 65 1
53 103 4
54 12 2
54 70 6
54 84 9
55 28 9
55 45 5
55 56 3
56 15 6
56 25 2
56 41 10
56 55 3
56 81 8
56 120 3
56 123 9
57 76 3
57 89 4
57 96 7
58 9 2
59 81 3
59 127 3
60 31 9
60 72 3
60 120 1
61 10 6
61 25 1
61 46 9
61 69 3
61 88 4
62 6 9
62 37 8
62 85 4
62 121 8
63 35 3
63 49 1
63 99 7
63 128 1
64 18 3
64 53 2
64 92 3
65 53 1
65 68 6
66 68 8
67 13 10
67 14 10
67 129 4
67 134 7
68 33 1
68 65 6
68 66 8
68 127 6
69 23 2
69 28 7
69 61 3
69 91 1
69 107 7
70 7 4
70 24 3
70 54 6
70 117 7
71 38 9
71 93 9
72 5 3
72 29 8
72 60 3
72 75 6
72 81 10
73 13 1
73 133 9
74 52 3
74 76 5
74 124 7
74 128 6
75 30 5
75 72 6
76 30 3
76 57 3
76 74 5
77 29 7
77 124 6
78 102 2
78 126 8
79 36 7
79 112 3
80 30 5
81 56 8
81 59 3
81 72 10
82 11 3
82 27 10
82 106 7
82 122 2
82 124 8
83 50 3
83 87 7
83 90 7
83 98 1
83 118 9
83 127 7
84 47 5
84 54 9
85 1 8
85 26 7
85 40 2
85 51 4
85 62 4
85 109 1
86 18 10
86 32 6
86 129 7
87 40 3
87 44 10
87 46 7
87 83 7
87 125 10
88 0 9
88 7 5
88 49 8
88 61 4
88 110 4
88 121 4
88 129 7
89 11 10
89 57 4
90 83 7
90 110 5
90 111 8
91 0 7
91 26 8
91 38 2
91 69 1
91 95 4
91 119 8
92 7 1
92 42 4
92 46 2
92 64 3
92 99 5
92 132 6
93 71 9
93 120 1
93 121 7
93 122 4
93 130 1
94 0 2
94 10 8
95 39 4
95 91 4
95 116 7
95 124 9
96 14 2
96 57 7
97 44 7
97 49 7
97 113 5
98 83 1
98 106 2
99 38 7
99 51 9
99 63 7
99 92 5
99 105 1
100 15 9
100 35 10
101 5 5
101 39 7
101 129 6
101 133 1
102 19 1
102 78 2
102 113 2
102 124 5
103 22 3
103 41 6
103 53 4
103 115 6
103 128 2
104 42 3
104 49 3
104 126 4
105 0 3
105 11 5
105 99 1
106 5 4
106 82 7
106 98 2
106 114 9
106 125 9
107 19 1
107 69 7
108 113 7
108 130 3
109 85 1
110 25 1
110 88 4
110 90 5
110 113 7
111 13 10
111 22 7
111 24 4
111 33 2
111 90 8
112 79 3
113 42 5
113 97 5
113 102 2
113 108 7
113 110 7
114 10 10
114 106 9
114 127 2
115 11 8
115 13 2
115 21 3
115 42 4
115 103 6
116 34 9
116 43 6
116 46 7
116 95 7
116 123 5
117 10 10
117 43 9
117 70 7
118 1 6
118 83 9
118 125 6
118 128 9
119 7 2
119 24 9
119 35 5
119 41 8
119 91 8
120 56 3
120 60 1
120 93 1
121 13 1
121 33 9
121 62 8
121 88 4
121 93 7
121 134 7
122 10 3
122 48 5
122 82 2
122 93 4
123 1 6
123 26 2
123 56 9
123 116 5
124 1 5
124 3 3
124 4 9
124 74 7
124 77 6
124 82 8
124 95 9
124 102 5
124 126 6
125 16 10
125 87 10
125 106 9
125 118 6
126 78 8
126 104 4
126 124 6
127 17 2
127 48 9
127 59 3
127 68 6
127 83 7
127 114 2
128 42 1
128 63 1
128 74 6
128 103 2
128 118 9
129 21 5
129 67 4
129 86 7
129 88 7
129 101 6
129 132 8
130 93 1
130 108 3
130 131 7
130 132 6
131 4 1
131 130 7
132 15 1
132 22 4
132 50 9
132 92 6
132 129 8
132 130 6
133 73 9
133 101 1
134 67 7
134 121 7
