169
862
37
61
0 5 7
0 15 9
0 93 6
0 125 3
0 131 1
0 49 5
1 84 3
1 100 4
2 84 6
2 89 3
2 104 2
2 122 1
2 129 3
2 135 8
2 151 7
2 163 9
3 31 1
3 36 1
3 82 1
3 93 10
3 101 10
3 105 5
3 128 1
3 130 3
4 26 3
4 58 4
4 63 3
4 111 9
5 0 7
5 39 4
5 73 2
5 98 5
5 126 7
5 140 7
5 161 6
6 64 1
6 66 2
6 128 8
6 166 1
7 15 8
7 47 5
7 83 3
7 90 3
7 105 2
7 133 3
7 146 3
8 85 3
8 90 6
9 30 2
9 148 8
10 13 10
10 26 7
10 44 8
10 64 8
10 93 3
10 96 7
10 103 4
10 105 8
10 160 6
11 80 4
11 87 7
11 110 1
11 142 3
12 20 7
12 36 8
12 80 7
12 90 4
12 96 4
12 109 8
13 10 10
13 75 3
13 91 2
13 105 10
13 122 2
13 125 4
14 27 7
14 28 7
14 33 1
14 37 8
14 146 5
15 0 9
15 7 8
15 47 10
15 64 8
15 83 3
15 138 6
15 142 9
15 146 9
16 21 5
16 46 10
16 48 9
16 56 3
16 92 4
16 139 10
16 142 1
16 153 8
16 165 6
17 151 10
17 158 5
18 42 7
18 108 8
18 111 10
18 123 5
18 153 10
19 71 7
19 105 6
19 117 4
19 145 3
20 12 7
20 25 8
20 135 9
20 150 4
20 157 5
20 159 1
21 16 5
21 52 7
21 92 6
21 114 9
21 140 4
21 148 9
21 168 3
22 65 6
22 81 3
22 115 8
22 127 6
23 54 9
24 34 2
24 54 7
24 75 6
24 102 5
25 20 8
25 44 4
25 54 10
25 68 2
25 103 8
25 124 2
25 146 7
26 4 3
26 10 7
26 27 6
26 124 1
26 144 10
27 14 7
27 26 6
27 32 9
27 58 4
27 73 5
27 109 5
27 165 4
28 14 7
28 62 2
28 70 6
28 85 5
29 48 3
29 67 8
29 77 1
29 84 6
30 9 2
30 32 8
30 39 5
30 56 1
30 82 6
30 130 1
31 3 1
31 89 5
31 163 5
32 27 9
32 30 8
32 59 6
32 75 2
32 106 3
32 115 1
32 135 2
32 165 2
33 14 1
33 37 4
33 39 9
33 93 3
33 138 7
33 164 10
33 167 7
34 24 2
34 98 9
34 164 9
35 62 6
35 132 10
35 134 3
36 3 1
36 12 8
36 45 6
36 60 9
36 127 10
36 165 5
37 14 8
37 33 4
37 38 6
37 45 1
37 78 2
37 84 7
38 37 6
38 109 2
39 5 4
39 30 5
39 33 9
39 64 3
39 76 10
39 102 8
39 108 9
39 136 3
39 139 4
39 164 1
40 86 6
40 111 1
40 113 4
40 168 7
41 71 1
41 83 2
41 102 5
41 148 3
41 157 10
42 18 7
42 95 4
42 116 5
42 125 8
43 97 9
43 153 4
44 10 8
44 25 4
44 102 3
44 154 4
45 36 6
45 37 1
45 123 2
45 153 7
45 156 5
45 167 10
46 16 10
46 97 7
46 117 1
46 120 9
46 162 6
47 7 5
47 15 10
47 99 4
47 112 5
47 113 9
47 114 7
47 118 5
47 137 1
47 146 1
48 16 9
48 29 3
48 81 9
48 90 3
48 155 4
49 0 5
50 59 9
50 92 4
50 155 1
50 168 6
51 142 3
52 21 7
52 63 4
52 77 6
52 88 2
52 123 9
52 142 5
52 146 6
53 81 6
53 133 7
53 141 2
53 163 9
54 23 9
54 24 7
54 25 10
55 79 2
55 88 9
55 95 8
55 115 10
55 133 7
56 16 3
56 30 1
56 66 2
56 89 9
56 163 6
57 121 9
58 4 4
58 27 4
58 87 8
59 32 6
59 50 9
59 72 10
59 137 3
59 153 9
59 156 7
60 36 9
60 109 4
61 115 8
62 28 2
62 35 6
62 114 1
62 135 6
62 158 4
62 162 8
63 4 3
63 52 4
63 68 5
63 88 9
63 94 10
63 138 7
63 156 4
64 6 1
64 10 8
64 15 8
64 39 3
64 66 9
64 83 4
64 146 4
64 167 7
65 22 6
65 104 2
65 143 4
65 148 2
65 164 10
66 6 2
66 56 2
66 64 9
66 90 10
66 136 5
66 144 2
66 149 8
66 151 9
66 168 10
67 29 8
67 74 9
67 86 2
67 107 1
67 154 9
68 25 2
68 63 5
68 71 5
68 89 6
68 159 4
69 124 7
69 134 9
70 28 6
70 88 8
70 100 3
70 117 3
71 19 7
71 41 1
71 68 5
71 81 9
71 117 9
71 128 8
71 159 2
72 59 10
72 89 10
72 92 2
72 108 10
72 143 9
72 155 6
73 5 2
73 27 5
73 103 10
74 67 9
74 100 4
75 13 3
75 24 6
75 32 2
75 137 10
75 148 3
76 39 10
76 80 6
76 91 8
77 29 1
77 52 6
77 116 1
77 125 8
77 150 6
78 37 2
78 93 10
78 105 7
78 109 7
78 127 9
79 55 2
79 124 3
80 11 4
80 12 7
80 76 6
80 88 3
80 143 4
80 153 7
81 22 3
81 48 9
81 53 6
81 71 9
81 121 9
81 160 3
82 3 1
82 30 6
82 123 3
83 7 3
83 15 3
83 41 2
83 64 4
83 102 9
83 122 3
83 161 5
84 1 3
84 2 6
84 29 6
84 37 7
84 109 9
85 8 3
85 28 5
85 145 8
86 40 6
86 67 2
86 125 10
86 135 7
86 153 3
87 11 7
87 58 8
87 134 7
87 153 4
88 52 2
88 55 9
88 63 9
88 70 8
88 80 3
88 112 4
88 149 3
88 150 2
88 157 5
89 2 3
89 31 5
89 56 9
89 68 6
89 72 10
89 102 1
89 114 7
89 133 10
89 137 2
89 156 7
90 7 3
90 8 6
90 12 4
90 48 3
90 66 10
90 98 6
90 123 3
90 126 7
91 13 2
91 76 8
91 127 2
92 16 4
92 21 6
92 50 4
92 72 2
92 99 5
93 0 6
93 3 10
93 10 3
93 33 3
93 78 10
93 120 3
93 124 7
93 131 8
93 132 8
93 143 8
93 157 3
94 63 10
94 124 9
94 155 10
94 163 8
95 42 4
95 55 8
95 149 10
95 157 7
96 10 7
96 12 4
96 100 2
97 43 9
97 46 7
97 98 8
97 116 7
97 119 7
97 122 4
97 133 10
97 144 9
98 5 5
98 34 9
98 90 6
98 97 8
98 104 2
98 106 3
99 47 4
99 92 5
99 118 4
99 128 1
99 151 4
100 1 4
100 70 3
100 74 4
100 96 2
100 140 2
101 3 10
101 144 2
102 24 5
102 39 8
102 41 5
102 44 3
102 83 9
102 89 1
102 127 9
103 10 4
103 25 8
103 73 10
103 157 7
103 162 6
104 2 2
104 65 2
104 98 2
104 106 10
104 163 4
105 3 5
105 7 2
105 10 8
105 13 10
105 19 6
105 78 7
105 132 1
106 32 3
106 98 3
106 104 10
106 113 7
106 142 1
106 157 6
107 67 1
107 134 5
107 155 1
107 167 3
108 18 8
108 39 9
108 72 10
109 12 8
109 27 5
109 38 2
109 60 4
109 78 7
109 84 9
109 150 6
109 156 6
109 166 6
110 11 1
110 125 6
110 128 5
110 152 8
111 4 9
111 18 10
111 40 1
111 113 7
111 122 1
112 47 5
112 88 4
112 125 7
112 129 8
113 40 4
113 47 9
113 106 7
113 111 7
113 118 1
113 139 10
113 154 2
114 21 9
114 47 7
114 62 1
114 89 7
114 124 7
114 139 5
114 142 7
115 22 8
115 32 1
115 55 10
115 61 8
115 133 9
115 161 4
115 164 10
116 42 5
116 77 1
116 97 7
116 152 5
117 19 4
117 46 1
117 70 3
117 71 9
117 128 6
117 145 4
117 146 1
118 47 5
118 99 4
118 113 1
119 97 7
120 46 9
120 93 3
120 160 8
121 57 9
121 81 9
122 2 1
122 13 2
122 83 3
122 97 4
122 111 1
122 138 9
123 18 5
123 45 2
123 52 9
123 82 3
123 90 3
123 136 2
124 25 2
124 26 1
124 69 7
124 79 3
124 93 7
124 94 9
124 114 7
124 138 5
125 0 3
125 13 4
125 42 8
125 77 8
125 86 10
125 110 6
125 112 7
125 134 5
126 5 7
126 90 7
126 151 3
127 22 6
127 36 10
127 78 9
127 91 2
127 102 9
128 3 1
128 6 8
128 71 8
128 99 1
128 110 5
128 117 6
128 135 3
128 150 2
128 166 10
129 2 3
129 112 8
129 142 4
129 161 4
130 3 3
130 30 1
130 155 3
130 157 7
130 168 7
131 0 1
131 93 8
132 35 10
132 93 8
132 105 1
133 7 3
133 53 7
133 55 7
133 89 10
133 97 10
133 115 9
134 35 3
134 69 9
134 87 7
134 107 5
134 125 5
134 145 5
134 164 3
135 2 8
135 20 9
135 32 2
135 62 6
135 86 7
135 128 3
135 149 9
136 39 3
136 66 5
136 123 2
137 47 1
137 59 3
137 75 10
137 89 2
137 138 9
138 15 6
138 33 7
138 63 7
138 122 9
138 124 5
138 137 9
138 141 9
139 16 10
139 39 4
139 113 10
139 114 5
139 162 9
139 168 7
140 5 7
140 21 4
140 100 2
140 151 9
141 53 2
141 138 9
141 165 3
142 11 3
142 15 9
142 16 1
142 51 3
142 52 5
142 106 1
142 114 7
142 129 4
142 144 2
142 162 1
143 65 4
143 72 9
143 80 4
143 93 8
144 26 10
144 66 2
144 97 9
144 101 2
144 142 2
144 145 10
144 153 9
145 19 3
145 85 8
145 117 4
145 134 5
145 144 10
146 7 3
146 14 5
146 15 9
146 25 7
146 47 1
146 52 6
146 64 4
146 117 1
147 161 5
148 9 8
148 21 9
148 41 3
148 65 2
148 75 3
148 151 6
149 66 8
149 88 3
149 95 10
149 135 9
150 20 4
150 77 6
150 88 2
150 109 6
150 128 2
150 152 3
150 166 2
151 2 7
151 17 10
151 66 9
151 99 4
151 126 3
151 140 9
151 148 6
152 110 8
152 116 5
152 150 3
153 16 8
153 18 10
153 43 4
153 45 7
153 59 9
153 80 7
153 86 3
153 87 4
153 144 9
154 44 4
154 67 9
154 113 2
155 48 4
155 50 1
155 72 6
155 94 10
155 107 1
155 130 3
156 45 5
156 59 7
156 63 4
156 89 7
156 109 6
157 20 5
157 41 10
157 88 5
157 93 3
157 95 7
157 103 7
157 106 6
157 130 7
157 167 8
158 17 5
158 62 4
159 20 1
159 68 4
159 71 2
160 10 6
160 81 3
160 120 8
161 5 6
161 83 5
161 115 4
161 129 4
161 147 5
162 46 6
162 62 8
162 103 6
162 139 9
162 142 1
162 167 10
163 2 9
163 31 5
163 53 9
163 56 6
163 94 8
163 104 4
164 33 10
164 34 9
164 39 1
164 65 10
164 115 10
164 134 3
165 16 6
165 27 4
165 32 2
165 36 5
165 141 3
166 6 1
166 109 6
166 128 10
166 150 2
167 33 7
167 45 10
167 64 7
167 107 3
167 157 8
167 162 10
168 21 3
168 40 7
168 50 6
168 66 10
168 130 7
168 139 7
