175
854
121
122
0 7 9
0 19 3
0 35 10
0 60 2
0 93 9
0 124 5
0 131 6
0 145 7
0 75 5
1 16 7
1 26 1
1 46 1
1 146 2
2 15 4
2 19 6
2 32 3
2 55 9
2 64 9
2 73 4
2 87 4
3 17 3
3 41 3
3 89 2
3 95 7
3 101 9
3 102 5
3 114 1
3 120 6
4 47 5
4 77 8
4 83 3
4 153 6
5 29 3
5 50 1
5 108 1
5 114 4
5 164 3
6 33 1
6 56 2
6 72 9
6 80 6
6 103 10
6 149 10
6 154 6
6 170 6
7 0 9
7 21 6
7 22 10
7 40 1
7 53 2
7 89 6
7 112 1
7 119 6
7 154 5
8 77 7
8 138 7
9 26 5
9 55 4
9 70 2
9 85 7
9 118 9
9 172 2
10 35 8
10 61 4
10 85 2
10 128 7
10 141 3
11 41 1
11 103 2
11 136 3
11 147 5
11 163 10
12 69 8
12 106 7
12 107 4
12 142 6
12 148 10
12 170 3
13 29 9
13 61 4
14 97 2
14 113 6
14 123 8
14 139 1
14 174 9
15 2 4
15 38 5
15 120 7
16 1 7
16 76 4
16 83 2
16 114 2
16 122 8
16 145 8
16 160 10
16 171 2
17 3 3
17 104 1
17 118 3
17 163 10
17 171 1
18 51 3
18 100 7
18 104 9
19 0 3
19 2 6
19 24 1
19 44 4
19 63 8
19 117 1
20 48 8
20 60 5
20 145 9
20 149 5
21 7 6
21 61 10
21 93 8
21 129 9
21 133 7
21 165 3
22 7 10
22 32 9
22 44 10
22 94 3
22 106 1
22 108 4
23 86 2
23 136 2
24 19 1
24 117 4
24 133 5
24 138 1
24 165 10
25 55 6
25 89 8
25 127 10
26 1 1
26 9 5
26 39 7
26 62 1
26 110 2
26 129 8
26 172 5
27 61 6
27 86 6
27 120 8
27 126 1
27 138 9
27 165 6
28 45 5
28 70 3
28 81 4
28 159 9
29 5 3
29 13 9
29 64 5
29 112 6
29 128 2
30 34 6
30 41 10
30 85 4
30 91 3
30 97 2
30 108 9
30 136 8
31 106 7
31 138 4
32 2 3
32 22 9
32 41 10
32 135 3
32 170 1
33 6 1
33 91 2
33 106 2
33 143 9
33 149 10
33 164 3
34 30 6
34 64 1
34 80 7
34 122 9
34 123 6
34 146 4
34 150 1
34 165 5
35 0 10
35 10 8
35 40 6
35 77 9
35 117 5
35 126 5
35 132 2
35 142 1
36 78 5
36 135 5
36 148 7
37 90 7
37 101 4
38 15 5
38 45 10
38 106 3
38 112 4
38 134 7
38 171 1
39 26 7
39 59 2
39 71 2
39 82 7
39 145 2
40 7 1
40 35 6
40 143 9
40 145 4
41 3 3
41 11 1
41 30 10
41 32 10
41 117 10
41 137 7
41 144 9
41 164 1
42 71 10
42 129 5
42 151 6
42 168 7
42 173 7
43 106 6
44 19 4
44 22 10
44 61 5
44 69 1
44 89 1
44 149 5
45 28 5
45 38 10
45 95 10
45 97 8
45 126 4
45 143 10
46 1 1
46 89 5
46 128 5
46 135 3
47 4 5
47 59 10
48 20 8
48 63 8
48 66 3
48 73 7
48 87 10
49 61 8
49 73 10
50 5 1
50 152 6
50 155 6
51 18 3
52 53 8
52 63 7
52 69 8
52 82 10
53 7 2
53 52 8
53 79 7
53 87 6
53 119 1
53 143 1
54 91 7
54 103 4
54 114 1
54 120 10
54 141 8
55 2 9
55 9 4
55 25 6
55 101 8
55 134 6
56 6 2
56 154 6
57 87 1
57 123 10
58 118 2
58 159 3
58 168 10
59 39 2
59 47 10
59 69 4
59 91 1
59 95 4
59 126 7
59 128 1
59 146 3
59 162 3
59 171 7
59 174 2
60 0 2
60 20 5
60 78 5
60 124 3
60 131 3
61 10 4
61 13 4
61 21 10
61 27 6
61 44 5
61 49 8
61 76 7
61 139 3
61 172 1
62 26 1
62 80 5
62 166 2
63 19 8
63 48 8
63 52 7
63 80 7
63 89 2
63 129 2
63 147 3
63 155 7
63 173 4
64 2 9
64 29 5
64 34 1
64 164 10
65 148 7
65 174 2
66 48 3
66 96 3
66 156 3
67 118 5
68 102 5
68 115 8
68 145 2
68 161 2
69 12 8
69 44 1
69 52 8
69 59 4
69 128 9
70 9 2
70 28 3
70 81 7
70 99 8
70 127 7
70 138 4
70 157 2
71 39 2
71 42 10
71 155 3
71 172 4
72 6 9
72 172 2
73 2 4
73 48 7
73 49 10
73 85 10
73 92 3
73 143 2
73 174 9
74 101 10
74 115 3
74 116 3
74 142 3
75 0 5
75 88 9
76 16 4
76 61 7
76 136 6
76 143 4
77 4 8
77 8 7
77 35 9
77 111 3
77 116 8
77 163 2
78 36 5
78 60 5
78 82 2
78 112 1
79 53 7
79 108 1
79 109 6
80 6 6
80 34 7
80 62 5
80 63 7
80 95 1
80 123 9
80 134 1
81 28 4
81 70 7
81 123 9
81 127 7
81 158 3
82 39 7
82 52 10
82 78 2
82 171 5
83 4 3
83 16 2
83 128 9
83 156 10
84 97 8
84 101 2
84 119 5
84 154 8
85 9 7
85 10 2
85 30 4
85 73 10
85 106 10
85 114 10
85 124 7
85 157 2
86 23 2
86 27 6
86 99 7
86 104 1
86 153 1
87 2 4
87 48 10
87 53 6
87 57 1
87 115 9
87 157 9
88 75 9
88 98 7
89 3 2
89 7 6
89 25 8
89 44 1
89 46 5
89 63 2
89 114 4
89 164 3
90 37 7
91 30 3
91 33 2
91 54 7
91 59 1
91 112 10
91 133 10
91 158 5
91 160 7
91 161 7
92 73 3
92 109 4
92 116 6
92 120 1
92 135 6
93 0 9
93 21 8
93 104 3
93 109 1
94 22 3
94 114 4
94 129 10
94 133 8
95 3 7
95 45 10
95 59 4
95 80 1
95 128 7
95 135 10
96 66 3
97 14 2
97 30 2
97 45 8
97 84 8
97 143 5
97 172 9
98 88 7
98 125 10
99 70 8
99 86 7
100 18 7
101 3 9
101 37 4
101 55 8
101 74 10
101 84 2
101 121 2
101 124 6
101 141 6
102 3 5
102 68 5
102 154 5
103 6 10
103 11 2
103 54 4
103 117 3
103 174 7
104 17 1
104 18 9
104 86 1
104 93 3
104 154 1
105 108 10
105 119 5
105 141 10
105 147 5
105 171 5
106 12 7
106 22 1
106 31 7
106 33 2
106 38 3
106 43 6
106 85 10
106 115 4
106 121 4
107 12 4
107 129 10
107 149 10
108 5 1
108 22 4
108 30 9
108 79 1
108 105 10
108 130 9
109 79 6
109 92 4
109 93 1
109 116 7
109 127 4
110 26 2
110 112 2
111 77 3
111 112 10
111 141 6
112 7 1
112 29 6
112 38 4
112 78 1
112 91 10
112 110 2
112 111 10
112 153 6
113 14 6
114 3 1
114 5 4
114 16 2
114 54 1
114 85 10
114 89 4
114 94 4
114 117 2
114 133 10
115 68 8
115 74 3
115 87 9
115 106 4
115 127 1
115 138 7
115 142 8
116 74 3
116 77 8
116 92 6
116 109 7
116 128 9
116 166 4
117 19 1
117 24 4
117 35 5
117 41 10
117 103 3
117 114 2
118 9 9
118 17 3
118 58 2
118 67 5
119 7 6
119 53 1
119 84 5
119 105 5
119 166 5
120 3 6
120 15 7
120 27 8
120 54 10
120 92 1
120 126 9
120 138 8
120 150 4
121 101 2
121 106 4
121 140 5
122 16 8
122 34 9
122 156 6
123 14 8
123 34 6
123 57 10
123 80 9
123 81 9
124 0 5
124 60 3
124 85 7
124 101 6
124 168 3
125 98 10
125 169 4
126 27 1
126 35 5
126 45 4
126 59 7
126 120 9
126 173 10
127 25 10
127 70 7
127 81 7
127 109 4
127 115 1
127 133 4
127 149 1
127 168 10
128 10 7
128 29 2
128 46 5
128 59 1
128 69 9
128 83 9
128 95 7
128 116 9
128 171 2
129 21 9
129 26 8
129 42 5
129 63 2
129 94 10
129 107 10
129 141 2
129 170 1
129 171 9
130 108 9
131 0 6
131 60 3
131 174 6
132 35 2
132 168 8
133 21 7
133 24 5
133 91 10
133 94 8
133 114 10
133 127 4
133 158 6
133 165 10
133 174 3
134 38 7
134 55 6
134 80 1
134 148 7
135 32 3
135 36 5
135 46 3
135 92 6
135 95 10
135 141 3
135 172 7
136 11 3
136 23 2
136 30 8
136 76 6
136 155 6
137 41 7
137 152 2
138 8 7
138 24 1
138 27 9
138 31 4
138 70 4
138 115 7
138 120 8
138 151 5
138 154 3
138 159 2
138 171 5
139 14 1
139 61 3
140 121 5
140 156 9
140 168 7
141 10 3
141 54 8
141 101 6
141 105 10
141 111 6
141 129 2
141 135 3
141 147 6
142 12 6
142 35 1
142 74 3
142 115 8
142 159 6
142 161 7
142 165 10
143 33 9
143 40 9
143 45 10
143 53 1
143 73 2
143 76 4
143 97 5
143 154 7
143 162 9
144 41 9
144 146 7
145 0 7
145 16 8
145 20 9
145 39 2
145 40 4
145 68 2
146 1 2
146 34 4
146 59 3
146 144 7
146 153 10
146 158 6
147 11 5
147 63 3
147 105 5
147 141 6
148 12 10
148 36 7
148 65 7
148 134 7
149 6 10
149 20 5
149 33 10
149 44 5
149 107 10
149 127 1
149 156 7
150 34 1
150 120 4
150 153 10
151 42 6
151 138 5
152 50 6
152 137 2
152 162 5
152 167 10
153 4 6
153 86 1
153 112 6
153 146 10
153 150 10
154 6 6
154 7 5
154 56 6
154 84 8
154 102 5
154 104 1
154 138 3
154 143 7
154 165 1
155 50 6
155 63 7
155 71 3
155 136 6
156 66 3
156 83 10
156 122 6
156 140 9
156 149 7
156 161 6
156 172 4
157 70 2
157 85 2
157 87 9
158 81 3
158 91 5
158 133 6
158 146 6
158 159 1
159 28 9
159 58 3
159 138 2
159 142 6
159 158 1
160 16 10
160 91 7
161 68 2
161 91 7
161 142 7
161 156 6
162 59 3
162 143 9
162 152 5
162 172 7
163 11 10
163 17 10
163 77 2
164 5 3
164 33 3
164 41 1
164 64 10
164 89 3
165 21 3
165 24 10
165 27 6
165 34 5
165 133 10
165 142 10
165 154 1
166 62 2
166 116 4
166 119 5
167 152 10
168 42 7
168 58 10
168 124 3
168 127 10
168 132 8
168 140 7
168 171 7
169 125 4
170 6 6
170 12 3
170 32 1
170 129 1
171 16 2
171 17 1
171 38 1
171 59 7
171 82 5
171 105 5
171 128 2
171 129 9
171 138 5
171 168 7
172 9 2
172 26 5
172 61 1
172 71 4
172 72 2
172 97 9
172 135 7
172 156 4
172 162 7
173 42 7
173 63 4
173 126 10
174 14 9
174 59 2
174 65 2
174 73 9
174 103 7
174 131 6
174 133 3
