157
740
3
129
0 34 3
0 35 9
0 44 8
0 89 6
0 126 8
0 137 4
0 140 10
0 5 5
1 13 6
1 102 2
1 123 1
1 151 10
2 3 7
2 95 3
2 99 8
2 153 7
3 2 7
3 26 9
3 27 6
3 101 4
3 110 5
3 140 7
4 56 3
4 110 8
4 119 5
5 0 5
6 58 4
6 61 9
6 100 10
7 50 3
7 54 1
7 73 2
7 79 5
7 84 10
8 76 7
8 107 9
9 101 8
9 106 1
9 148 3
10 24 8
10 99 7
10 131 7
11 13 8
11 45 4
11 61 4
11 105 2
12 25 8
12 29 5
12 34 9
12 60 9
12 79 8
12 85 4
12 89 10
12 100 9
12 119 6
12 128 5
13 1 6
13 11 8
13 57 4
13 75 10
13 99 1
14 50 5
14 54 8
14 71 3
14 91 4
14 101 3
14 118 7
15 41 1
15 69 2
15 98 2
16 143 1
17 90 4
17 148 8
18 101 1
18 151 5
19 25 10
19 63 2
19 95 9
19 111 6
19 116 10
19 135 5
20 30 9
20 73 10
20 139 8
20 147 6
20 153 2
21 49 5
21 56 7
21 110 1
21 118 5
22 28 5
22 42 4
22 58 2
22 91 7
22 107 8
22 119 1
23 34 5
23 82 4
23 86 3
23 115 5
24 10 8
25 12 8
25 19 10
25 65 4
25 69 2
25 110 7
26 3 9
26 98 8
26 137 2
26 144 5
27 3 6
27 69 1
27 114 8
27 148 4
28 22 5
28 29 8
28 107 2
28 115 6
28 144 2
29 12 5
29 28 8
29 37 7
29 45 4
29 69 9
29 98 3
29 113 8
30 20 9
30 105 1
30 108 8
30 116 7
30 120 1
31 58 2
31 79 6
31 85 6
31 94 9
31 132 3
31 139 2
32 35 9
32 44 9
32 55 9
32 90 5
32 130 3
32 146 6
33 48 6
33 127 10
33 139 1
33 143 7
34 0 3
34 12 9
34 23 5
34 55 2
34 69 1
34 121 3
34 126 2
34 134 6
35 0 9
35 32 9
35 41 6
35 90 9
35 115 2
35 137 1
35 145 6
36 89 7
36 95 4
37 29 7
37 43 5
37 93 10
38 95 6
38 125 10
39 58 8
39 61 6
39 122 3
40 57 4
40 113 1
40 128 1
40 141 9
40 153 1
41 15 1
41 35 6
41 45 4
41 51 2
41 81 3
41 117 1
41 149 2
41 152 1
42 22 4
42 44 8
42 46 7
42 48 9
42 105 5
43 37 5
43 49 7
43 58 8
43 92 2
43 100 1
43 111 9
43 128 6
43 147 6
43 150 3
44 0 8
44 32 9
44 42 8
44 61 5
44 96 10
44 103 4
44 148 9
44 153 6
45 11 4
45 29 4
45 41 4
45 53 6
45 71 3
45 118 9
45 122 2
45 135 5
46 42 7
46 125 5
46 143 7
47 67 2
47 89 1
48 33 6
48 42 9
48 73 1
48 94 5
48 98 3
48 116 6
48 133 4
48 136 6
48 149 5
49 21 5
49 43 7
49 111 3
49 127 5
49 152 5
49 154 7
50 7 3
50 14 5
50 52 9
50 65 5
50 72 5
50 91 2
50 117 6
50 150 7
51 41 2
51 106 5
52 50 9
52 53 4
52 96 7
53 45 6
53 52 4
53 67 1
53 68 5
53 92 6
53 97 2
53 101 6
53 107 4
53 113 2
54 7 1
54 14 8
54 120 6
55 32 9
55 34 2
55 58 5
55 69 6
55 73 10
55 80 9
55 144 3
55 152 7
55 154 8
56 4 3
56 21 7
56 61 3
56 94 7
56 120 3
56 124 9
57 13 4
57 40 4
57 62 9
57 72 2
57 98 9
57 117 3
57 129 9
58 6 4
58 22 2
58 31 2
58 39 8
58 43 8
58 55 5
58 76 6
58 149 1
59 83 9
59 112 7
59 138 8
59 156 2
60 12 9
60 132 8
61 6 9
61 11 4
61 39 6
61 44 5
61 56 3
62 57 9
62 94 2
62 112 8
62 135 4
63 19 2
64 109 8
65 25 4
65 50 5
65 69 9
65 94 6
65 103 6
66 93 6
66 114 1
67 47 2
67 53 1
67 87 8
67 93 1
67 116 7
67 149 3
68 53 5
68 78 8
68 114 3
69 15 2
69 25 2
69 27 1
69 29 9
69 34 1
69 55 6
69 65 9
69 81 6
69 87 9
69 90 2
69 99 1
69 111 7
70 78 10
70 103 6
70 132 9
70 133 9
71 14 3
71 45 3
71 81 5
71 148 10
72 50 5
72 57 2
73 7 2
73 20 10
73 48 1
73 55 10
73 122 2
74 76 4
74 81 5
74 86 7
74 114 4
75 13 10
75 82 8
75 100 5
75 102 5
75 110 2
76 8 7
76 58 6
76 74 4
76 104 5
77 80 8
78 68 8
78 70 10
78 100 2
78 103 10
78 110 6
78 111 5
78 149 9
79 7 5
79 12 8
79 31 6
79 133 9
80 55 9
80 77 8
80 93 4
80 115 6
81 41 3
81 69 6
81 71 5
81 74 5
81 127 4
81 136 8
81 148 5
82 23 4
82 75 8
82 103 2
82 131 9
82 146 2
82 152 9
83 59 9
84 7 10
84 100 7
85 12 4
85 31 6
85 133 7
86 23 3
86 74 7
86 117 3
86 127 1
86 130 6
87 67 8
87 69 9
87 126 2
87 131 2
87 144 3
88 102 8
88 122 2
89 0 6
89 12 10
89 36 7
89 47 1
89 97 2
89 139 1
90 17 4
90 32 5
90 35 9
90 69 2
90 101 9
90 114 7
90 119 5
90 130 4
90 135 10
91 14 4
91 22 7
91 50 2
91 109 6
91 151 4
92 43 2
92 53 6
92 99 1
92 117 2
92 126 3
92 142 1
93 37 10
93 66 6
93 67 1
93 80 4
93 138 10
94 31 9
94 48 5
94 56 7
94 62 2
94 65 6
94 99 6
94 121 2
94 138 5
94 140 1
95 2 3
95 19 9
95 36 4
95 38 6
96 44 10
96 52 7
96 97 9
97 53 2
97 89 2
97 96 9
97 118 9
97 120 5
97 145 7
98 15 2
98 26 8
98 29 3
98 48 3
98 57 9
98 129 4
98 153 1
99 2 8
99 10 7
99 13 1
99 69 1
99 92 1
99 94 6
100 6 10
100 12 9
100 43 1
100 75 5
100 78 2
100 84 7
100 127 7
100 151 5
101 3 4
101 9 8
101 14 3
101 18 1
101 53 6
101 90 9
101 111 6
102 1 2
102 75 5
102 88 8
102 152 10
103 44 4
103 65 6
103 70 6
103 78 10
103 82 2
103 137 7
104 76 5
104 113 7
104 135 7
104 148 9
105 11 2
105 30 1
105 42 5
105 106 9
105 128 3
106 9 1
106 51 5
106 105 9
107 8 9
107 22 8
107 28 2
107 53 4
107 127 6
107 144 4
108 30 8
109 64 8
109 91 6
109 111 6
109 122 7
109 125 3
109 134 7
110 3 5
110 4 8
110 21 1
110 25 7
110 75 2
110 78 6
110 123 5
110 124 7
110 126 8
111 19 6
111 43 9
111 49 3
111 69 7
111 78 5
111 101 6
111 109 6
112 59 7
112 62 8
113 29 8
113 40 1
113 53 2
113 104 7
113 118 4
114 27 8
114 66 1
114 68 3
114 74 4
114 90 7
115 23 5
115 28 6
115 35 2
115 80 6
116 19 10
116 30 7
116 48 6
116 67 7
116 142 5
117 41 1
117 50 6
117 57 3
117 86 3
117 92 2
118 14 7
118 21 5
118 45 9
118 97 9
118 113 4
118 122 2
119 4 5
119 12 6
119 22 1
119 90 5
119 137 10
119 139 8
119 141 9
120 30 1
120 54 6
120 56 3
120 97 5
120 122 6
121 34 3
121 94 2
121 136 4
122 39 3
122 45 2
122 73 2
122 88 2
122 109 7
122 118 2
122 120 6
122 123 7
123 1 1
123 110 5
123 122 7
123 129 7
124 56 9
124 110 7
124 137 8
125 38 10
125 46 5
125 109 3
125 154 5
126 0 8
126 34 2
126 87 2
126 92 3
126 110 8
127 33 10
127 49 5
127 81 4
127 86 1
127 100 7
127 107 6
127 155 4
128 12 5
128 40 1
128 43 6
128 105 3
128 137 2
128 143 7
128 152 9
129 57 9
129 98 4
129 123 7
130 32 3
130 86 6
130 90 4
131 10 7
131 82 9
131 87 2
132 31 3
132 60 8
132 70 9
132 156 9
133 48 4
133 70 9
133 79 9
133 85 7
133 151 9
134 34 6
134 109 7
135 19 5
135 45 5
135 62 4
135 90 10
135 104 7
136 48 6
136 81 8
136 121 4
136 148 9
137 0 4
137 26 2
137 35 1
137 103 7
137 119 10
137 124 8
137 128 2
138 59 8
138 93 10
138 94 5
139 20 8
139 31 2
139 33 1
139 89 1
139 119 8
140 0 10
140 3 7
140 94 1
140 146 8
141 40 9
141 119 9
142 92 1
142 116 5
142 154 6
143 16 1
143 33 7
143 46 7
143 128 7
144 26 5
144 28 2
144 55 3
144 87 3
144 107 4
144 155 10
145 35 6
145 97 7
145 146 7
146 32 6
146 82 2
146 140 8
146 145 7
147 20 6
147 43 6
148 9 3
148 17 8
148 27 4
148 44 9
148 71 10
148 81 5
148 104 9
148 136 9
149 41 2
149 48 5
149 58 1
149 67 3
149 78 9
149 156 4
150 43 3
150 50 7
151 1 10
151 18 5
151 91 4
151 100 5
151 133 9
152 41 1
152 49 5
152 55 7
152 82 9
152 102 10
152 128 9
153 2 7
153 20 2
153 40 1
153 44 6
153 98 1
154 49 7
154 55 8
154 125 5
154 142 6
155 127 4
155 144 10
156 59 2
156 132 9
156 149 4
