28
19
11
39
23
42
32
35
19
43
31
34
19
22
21
39
12
18
40
20
5
33
26
1
40
14
43
2
30
25
6
41
38
13
6
9
31
3
33
15
25
2
44
30
18
42
26
31
47
2
35
7
11
5
47
46
33
5
31
41
9
12
27
37
21
29
13
37
30
10
14
24
32
13
21
36
45
28
19
4
15
14
20
23
36
25
12
23
24
47
15
22
40
29
12
0
21
36
24
33
20
22
26
10
29
7
27
17
16
23
10
47
43
38
1
3
8
25
35
11
46
32
28
4
44
2
37
38
26
41
0
9
38
9
10
41
7
20
8
17
8
39
29
11
16
4
46
13
15
42
17
17
46
28
45
20
14
24
34
34
44
41
1
16
34
47
26
7
11
4
30
45
45
1
39
6
3
17
22
20
14
37
40
2
38
6
35
35
23
43
27
42
23
8
35
5
43
3
32
5
