34
65
26
3
19
49
65
33
32
41
48
29
42
5
25
71
57
8
3
45
72
24
31
22
69
67
77
1
15
3
29
71
54
76
17
49
35
47
75
34
55
53
15
56
43
54
76
68
55
30
49
24
13
23
46
35
71
12
17
14
27
75
27
36
28
2
67
31
60
14
13
53
4
66
52
58
51
4
32
30
55
16
56
78
42
33
23
60
27
29
47
41
20
15
60
29
33
19
13
76
33
28
78
58
28
66
56
16
48
37
52
66
0
67
44
28
18
76
65
40
77
3
60
54
48
30
62
49
16
14
0
30
17
47
36
77
74
66
68
41
25
42
38
38
57
74
71
75
1
24
23
64
67
28
64
75
77
36
62
26
29
45
74
44
48
65
47
45
66
42
61
64
57
34
42
23
47
64
30
17
33
30
42
5
15
33
33
22
45
33
23
18
34
7
69
41
31
63
20
77
41
59
67
57
13
62
41
58
50
57
6
7
52
40
20
29
12
43
38
78
54
46
55
25
36
29
71
23
9
0
11
20
66
42
74
48
0
71
22
58
26
27
19
63
73
13
41
0
6
72
65
17
9
74
73
38
79
79
22
44
0
59
37
47
25
41
76
51
19
55
52
38
59
71
8
78
75
75
61
46
62
45
46
27
1
4
67
78
6
69
68
69
24
22
39
74
24
7
14
17
70
59
36
13
56
43
25
79
13
37
28
59
7
61
44
54
23
28
7
37
10
36
55
23
15
38
76
58
20
13
75
37
51
13
1
12
18
54
54
44
45
17
15
7
65
68
66
72
28
17
12
51
25
12
49
4
16
53
49
26
43
57
50
6
46
6
20
55
8
17
64
13
49
10
50
9
45
52
11
58
25
15
13
12
10
66
38
0
43
69
46
44
43
28
62
47
53
2
9
21
35
26
75
72
76
57
20
22
11
75
4
7
66
39
18
34
31
10
1
41
66
24
33
9
67
61
11
6
70
42
35
2
70
64
71
11
5
17
64
70
55
64
51
71
74
25
22
32
0
71
44
69
61
16
12
47
37
9
58
71
68
4
26
4
37
56
65
8
38
3
60
51
20
5
76
23
32
69
15
22
61
49
79
47
7
53
52
79
13
34
44
53
38
39
60
21
52
43
55
36
39
78
65
39
42
23
57
37
53
1
6
37
1
48
50
64
40
31
21
66
69
4
41
64
36
72
44
77
56
73
51
7
59
65
6
2
50
48
31
46
64
44
18
31
8
33
58
12
38
16
18
67
39
61
67
50
8
74
46
22
3
13
69
60
25
65
75
43
52
51
67
70
13
48
6
0
8
5
72
62
11
9
35
2
5
77
78
10
26
58
29
19
31
76
20
2
31
72
28
39
19
42
18
7
14
69
7
70
15
53
63
25
39
49
67
15
63
31
70
32
2
35
49
30
66
78
77
3
78
68
77
51
23
59
75
50
26
76
55
15
41
7
44
58
63
56
15
50
10
3
50
55
0
9
52
28
79
60
44
56
70
46
57
78
41
60
31
50
24
3
79
26
76
44
28
62
69
49
31
74
78
36
44
46
50
17
36
37
9
65
34
27
26
42
1
16
0
65
66
16
41
3
26
72
18
41
60
24
32
9
58
40
34
56
73
11
54
36
47
70
55
63
68
18
14
33
10
27
51
66
25
1
79
16
40
28
29
8
10
29
32
64
73
30
39
40
19
70
1
52
19
41
74
76
21
53
39
25
63
64
16
52
75
49
40
12
52
74
40
1
9
65
75
35
19
68
4
75
36
18
63
73
19
4
10
67
53
43
53
17
68
3
9
55
16
22
50
75
62
49
46
45
44
44
73
43
31
72
38
30
17
23
27
12
29
9
14
45
20
19
61
43
15
37
17
5
6
71
73
59
3
20
34
73
70
36
39
62
48
6
19
61
11
10
77
37
11
48
23
26
39
71
22
49
68
8
65
22
65
37
33
47
62
59
27
75
1
48
51
52
72
15
5
74
37
69
45
79
43
66
4
42
45
3
22
70
73
62
56
45
13
5
22
46
52
70
61
8
7
46
24
55
69
77
63
51
59
57
6
40
46
73
60
36
36
15
50
62
13
2
38
45
78
55
62
61
72
34
44
10
68
33
23
78
16
9
3
25
38
4
34
66
38
10
67
79
27
56
47
63
61
2
61
72
3
53
58
6
2
58
41
77
56
0
58
40
50
26
69
27
11
10
70
38
0
66
40
38
10
79
4
65
5
27
65
59
4
5
11
11
45
2
57
34
63
6
2
33
64
7
66
40
24
24
28
60
73
48
9
3
30
70
26
9
13
56
31
19
4
49
58
55
54
40
34
56
79
8
21
39
76
58
28
4
70
12
27
32
19
24
47
32
34
70
34
31
12
6
74
57
0
63
23
57
65
7
24
79
21
64
71
47
32
3
47
63
54
19
23
40
76
27
25
26
1
20
21
1
73
46
45
14
17
56
73
49
58
24
30
28
20
52
60
59
68
63
40
52
29
2
35
42
8
73
18
14
37
30
59
9
10
18
49
30
74
8
77
2
60
24
78
19
37
20
29
30
28
76
21
46
18
73
58
16
21
50
14
19
24
4
29
35
32
34
14
37
79
41
32
16
50
37
32
69
2
58
14
39
66
14
9
32
69
74
8
64
14
1
27
18
72
60
68
25
43
71
79
12
23
45
36
29
33
5
18
53
21
46
35
22
55
25
73
33
49
69
54
41
42
5
15
29
19
0
14
67
30
39
63
17
7
7
32
33
10
35
78
68
21
34
72
18
14
21
61
16
75
53
60
11
60
6
71
4
16
8
12
53
69
32
60
9
78
29
34
23
62
33
31
21
63
6
68
1
28
35
2
24
51
15
54
78
48
12
54
74
45
71
0
23
12
54
59
18
36
39
27
54
35
53
69
29
68
12
59
57
51
61
16
29
52
72
72
40
5
62
51
76
42
47
79
39
35
48
77
36
76
77
16
36
76
67
26
14
4
56
51
26
27
79
43
45
40
33
18
57
61
53
54
77
24
62
74
0
55
59
22
48
20
21
25
43
27
11
35
42
32
67
1
74
61
43
49
21
28
19
46
75
0
54
5
1
57
17
24
22
73
30
3
54
31
68
59
26
51
21
35
77
73
57
79
57
38
63
44
46
47
21
30
79
53
20
25
32
78
11
6
38
72
38
11
20
61
64
39
62
69
54
42
8
64
9
48
74
44
7
51
56
31
11
72
21
49
70
59
18
48
10
35
67
67
19
20
8
76
39
2
15
52
48
43
79
42
50
64
50
56
5
14
47
11
14
54
63
22
77
34
68
30
12
40
13
13
6
59
5
71
62
2
43
10
8
