16
9
41
16
10
7
47
40
21
55
23
60
43
30
44
40
53
50
59
57
63
6
48
36
53
39
43
11
7
63
48
39
28
22
55
41
45
3
54
3
40
37
60
15
35
38
18
29
20
53
10
51
21
27
42
62
37
33
58
40
14
47
50
12
17
63
42
62
22
17
52
23
1
4
21
17
46
25
57
24
42
55
20
50
4
14
63
61
14
62
40
2
47
53
48
34
32
60
21
28
46
29
50
50
9
61
41
12
43
42
34
55
0
36
27
19
54
35
25
0
34
17
9
58
35
36
17
13
45
21
17
45
3
44
46
23
52
40
51
38
56
24
38
61
36
16
31
61
39
47
31
37
43
33
47
29
54
61
59
60
31
53
26
61
22
21
48
10
39
27
61
13
24
36
11
12
13
47
17
37
43
15
24
13
16
40
54
60
10
53
22
14
17
28
60
32
18
9
41
8
58
57
37
50
59
31
20
25
4
42
37
62
30
50
20
2
8
54
24
32
55
56
54
18
36
28
50
21
52
20
7
47
55
54
55
36
45
13
5
40
4
55
50
3
2
52
59
61
52
33
16
53
14
32
52
12
46
18
49
24
39
8
35
40
42
49
5
34
17
33
61
63
35
5
58
33
0
9
56
41
47
56
49
34
62
62
39
52
11
56
34
6
26
42
46
42
22
25
28
57
3
63
52
33
57
53
2
62
10
55
49
0
42
6
31
8
1
12
2
53
36
19
11
51
11
44
37
32
44
39
56
41
11
30
25
33
10
3
51
5
56
40
59
14
35
44
57
55
3
56
41
50
55
46
60
23
34
7
13
2
4
19
14
0
58
57
3
42
29
30
23
20
18
2
24
28
20
32
9
40
9
19
23
21
63
16
2
37
18
39
17
8
13
26
58
6
39
59
42
40
47
12
32
55
31
15
21
6
12
33
7
28
14
12
38
12
59
49
32
38
30
19
13
15
35
4
34
10
10
5
22
54
53
13
10
27
35
59
36
48
60
44
18
1
14
10
26
57
39
20
61
48
2
35
28
59
14
55
15
29
7
4
26
15
39
5
6
16
23
5
25
59
49
19
51
54
53
20
32
8
14
56
63
33
29
35
54
58
52
59
22
15
32
62
22
25
24
43
15
43
46
40
4
26
48
3
41
47
48
6
24
27
12
6
47
48
56
45
20
41
58
39
12
47
7
46
35
38
3
22
44
31
62
37
56
11
57
22
30
17
61
21
1
38
6
26
61
25
45
24
63
16
34
59
54
45
9
39
25
20
57
0
39
21
5
48
35
6
1
49
50
7
46
25
40
23
19
33
41
50
31
46
3
15
15
47
34
60
30
34
28
20
55
4
39
56
28
7
31
44
22
4
7
54
53
8
27
8
0
63
61
53
62
38
11
36
56
59
62
3
41
27
19
10
38
25
1
26
59
50
60
42
30
53
53
6
1
27
13
2
59
2
33
53
33
43
50
48
38
54
37
38
22
23
31
31
7
48
29
49
32
34
12
40
40
62
6
34
26
46
45
54
45
36
38
43
11
56
63
29
63
21
22
19
11
24
33
12
47
28
41
14
56
55
60
5
38
9
1
6
38
42
5
17
47
36
27
39
54
14
45
44
56
4
25
58
28
19
53
27
13
18
34
48
30
63
16
19
45
44
30
23
29
13
9
10
43
57
18
9
26
39
49
8
24
11
62
29
32
21
8
62
15
28
20
19
18
39
30
59
36
41
25
51
34
43
0
21
41
51
21
27
42
27
15
6
24
20
60
58
43
25
13
22
59
36
3
23
42
41
26
19
19
9
31
11
51
31
5
43
28
12
37
0
22
51
29
18
55
10
30
11
46
49
49
40
62
48
2
60
12
19
42
63
4
26
46
36
16
61
10
2
41
57
10
35
43
46
22
56
46
1
51
36
59
45
3
35
49
37
7
63
8
5
29
8
14
47
18
14
30
40
45
3
14
31
7
34
51
28
3
42
60
17
4
57
7
52
27
17
60
58
25
32
6
5
32
63
54
13
20
22
59
54
0
29
4
48
53
25
20
61
63
45
47
38
33
37
31
26
13
6
56
19
3
37
45
2
32
35
8
24
54
49
5
24
11
57
34
32
2
29
47
36
47
13
8
51
63
9
58
48
7
26
1
32
57
33
26
25
41
2
34
14
1
19
20
35
30
52
8
52
49
49
34
27
57
7
50
41
44
15
16
61
5
33
61
19
14
52
1
23
17
24
28
60
28
17
58
63
18
58
3
1
62
40
60
38
41
62
63
30
26
56
32
21
45
49
23
58
53
22
19
34
2
42
13
54
35
51
30
61
56
23
16
10
47
20
26
58
17
55
44
4
42
23
59
44
60
33
49
58
9
7
62
56
34
7
61
15
16
58
60
31
28
18
62
53
32
50
16
59
17
30
35
49
8
8
24
12
35
20
44
37
30
45
17
16
13
52
12
8
48
44
1
27
52
42
47
37
21
19
23
25
51
41
7
52
46
60
15
12
21
44
25
59
3
52
34
44
11
48
43
27
0
31
38
3
33
3
53
1
5
24
14
9
20
33
48
43
2
10
13
27
23
0
31
9
31
3
58
44
22
43
50
59
44
22
29
51
18
1
44
58
62
18
11
54
5
15
26
1
23
16
6
44
51
39
2
61
42
48
39
55
57
4
50
49
45
39
27
55
32
23
27
9
9
50
46
4
16
4
5
62
31
5
15
38
52
36
19
1
36
12
0
51
14
1
48
45
47
47
29
2
43
28
6
30
8
25
28
44
47
15
58
37
35
31
51
6
29
26
6
2
8
53
50
41
1
32
34
57
22
15
37
39
37
55
26
24
10
29
9
8
40
24
20
7
16
0
20
16
62
40
38
61
0
37
23
58
5
36
56
18
19
16
29
52
29
31
2
0
5
52
43
41
54
24
11
11
18
29
0
56
29
37
38
14
18
22
0
42
48
23
45
0
51
13
46
44
55
46
30
0
0
46
0
57
25
27
57
10
27
8
21
60
17
62
31
43
18
15
18
57
6
11
54
4
30
23
51
9
49
11
16
63
15
7
4
9
13
43
38
50
10
12
21
24
21
6
15
38
55
4
28
12
33
40
45
26
9
46
10
11
35
23
60
13
61
21
30
12
7
36
51
10
51
33
0
36
37
27
49
32
17
43
33
18
14
17
48
26
11
16
25
7
28
4
27
39
50
15
52
52
55
5
63
1
