42
21
30
5
29
37
8
1
44
45
27
44
1
21
20
17
25
15
15
14
35
1
12
40
15
44
37
38
4
16
38
29
21
27
9
25
22
31
1
13
24
35
9
25
44
30
31
35
23
35
43
37
23
21
3
0
2
0
1
32
24
1
12
11
35
43
7
14
34
4
13
44
4
33
27
0
5
11
2
10
9
38
43
28
32
38
29
25
24
42
19
8
14
10
30
11
15
10
14
37
32
38
25
25
36
20
27
47
3
1
36
18
24
39
32
17
41
26
37
3
41
3
8
33
3
10
9
2
26
5
44
19
13
0
0
30
45
19
23
22
18
5
47
20
22
40
6
45
29
20
39
46
41
28
18
7
30
17
29
21
38
29
28
25
18
38
4
4
8
45
29
27
45
44
8
41
40
4
12
16
23
20
10
31
7
36
44
5
45
31
20
9
16
46
0
15
38
32
17
27
36
6
11
25
11
0
46
15
39
37
8
47
21
5
35
18
38
8
23
23
28
40
4
16
42
44
12
10
28
24
8
27
29
20
0
33
46
2
3
24
17
22
37
14
14
5
13
39
38
25
28
11
13
3
32
47
34
6
15
8
45
9
2
11
33
33
21
11
25
16
38
19
31
5
25
27
45
1
2
7
20
22
37
6
41
22
9
5
37
6
4
2
9
43
11
42
44
34
27
29
23
34
40
32
20
37
19
43
31
44
32
45
47
3
16
21
40
6
27
30
32
14
0
37
7
20
18
33
34
1
39
36
43
28
44
44
8
4
19
4
13
37
24
40
35
44
9
35
46
32
4
26
6
46
22
45
31
11
4
16
26
35
13
15
47
15
10
5
39
34
14
41
47
4
13
7
21
28
14
9
10
15
24
5
22
30
30
43
15
25
5
6
5
23
18
4
15
0
12
40
10
38
37
5
21
38
14
26
33
11
10
30
27
45
45
1
10
24
31
18
42
2
27
47
37
20
43
23
47
30
44
27
46
42
8
32
19
46
13
42
39
1
39
16
20
36
35
4
6
34
40
22
41
28
13
22
6
23
44
23
10
18
2
4
40
34
47
34
17
42
32
12
25
20
31
4
30
22
28
8
17
33
11
21
9
28
28
40
18
4
18
24
32
46
43
19
35
43
46
32
29
35
32
13
44
8
36
10
44
47
37
36
29
46
19
11
40
40
9
32
20
46
11
36
5
18
16
24
43
7
9
13
26
1
4
40
10
5
34
12
26
26
2
2
7
30
28
35
3
22
19
26
41
36
10
45
27
35
4
35
44
0
39
45
2
30
5
33
28
20
38
34
35
25
12
17
36
16
42
6
47
33
18
22
6
4
44
39
23
28
1
7
12
17
23
24
42
2
6
25
5
44
37
39
32
27
40
17
25
30
32
15
5
14
11
18
7
19
6
46
26
17
21
46
0
33
45
15
9
18
31
24
8
0
28
3
36
5
37
35
11
27
34
5
19
38
18
34
40
21
17
11
7
28
30
28
6
47
16
47
36
16
40
39
42
22
38
35
15
22
43
37
13
45
8
12
18
34
21
26
23
4
16
23
41
37
27
34
21
17
13
8
9
15
2
47
16
32
14
24
45
22
0
13
29
47
17
30
0
46
30
0
24
38
46
12
34
14
19
22
11
6
40
19
5
40
44
2
40
18
32
41
41
31
41
24
16
5
20
41
3
33
2
23
0
42
25
12
13
27
6
1
38
41
20
7
41
31
22
12
46
32
0
23
7
3
47
23
11
16
19
36
44
24
10
47
11
13
14
43
1
6
37
15
30
3
47
2
45
23
22
37
4
18
2
32
29
39
27
5
42
35
23
39
13
36
16
44
39
28
31
31
36
47
14
33
42
10
16
3
17
12
38
24
43
42
47
21
12
45
19
41
38
27
37
42
7
36
3
28
27
13
8
2
29
38
13
42
11
22
39
8
18
41
12
44
29
32
30
22
34
2
43
18
41
44
42
27
9
30
3
26
1
21
45
40
25
25
28
13
21
28
1
3
24
34
0
46
29
14
18
33
23
17
3
23
30
10
42
47
0
22
12
34
10
20
27
47
33
26
41
45
47
6
23
37
4
1
35
41
1
27
5
0
39
37
27
13
21
45
2
33
12
10
45
25
14
4
17
43
6
13
45
15
41
22
19
29
30
26
20
9
31
38
3
43
6
24
31
43
44
18
26
26
38
45
41
27
35
31
21
12
39
2
7
43
7
39
33
31
21
19
36
31
16
9
11
10
34
1
15
25
10
25
32
41
32
11
11
10
12
45
31
29
7
21
41
15
17
40
24
26
45
27
38
2
19
12
7
23
47
33
22
17
42
37
33
46
29
38
11
20
36
40
22
20
4
30
44
40
18
29
14
43
15
14
24
33
15
9
35
42
33
13
10
42
9
25
7
28
39
16
29
5
11
4
17
23
37
36
39
24
19
21
43
5
20
5
7
8
43
26
26
20
40
5
28
24
47
3
14
46
4
28
0
9
25
21
1
30
0
13
1
20
18
26
35
21
12
38
4
4
13
42
14
17
46
40
22
44
15
0
1
14
27
28
35
32
34
2
16
39
19
14
13
2
9
37
39
38
17
3
23
7
3
24
28
9
17
4
43
19
9
12
39
14
42
5
8
40
1
26
35
38
42
41
15
31
29
7
23
45
17
46
1
24
10
12
13
34
43
30
24
20
43
41
10
31
32
12
39
44
33
4
34
29
34
0
24
29
15
42
26
14
26
10
28
29
8
11
6
35
16
46
27
7
32
18
33
22
33
7
22
43
46
7
39
21
11
34
37
46
46
8
6
34
30
6
24
39
1
26
26
36
0
15
33
41
38
31
19
47
20
46
13
7
26
18
9
5
8
34
17
40
15
29
3
26
29
47
17
15
30
2
21
1
36
25
16
1
47
38
8
37
35
0
12
20
7
46
14
36
17
3
1
8
19
36
39
16
17
9
47
11
23
7
17
45
36
42
43
19
15
43
33
9
34
21
14
0
24
23
5
6
0
19
40
1
34
26
28
32
31
35
37
30
17
8
36
35
12
42
28
42
7
6
8
25
40
14
33
22
12
20
30
39
23
9
6
14
8
20
32
29
16
17
21
23
33
6
35
1
2
0
13
8
14
34
7
25
29
43
41
16
23
39
25
31
21
27
16
20
14
10
9
8
33
7
20
29
32
9
19
29
15
20
2
2
39
28
22
45
10
42
25
47
46
12
43
5
2
41
30
34
46
16
16
31
12
18
46
6
15
44
35
31
36
30
42
43
18
31
31
16
6
41
33
31
19
25
36
11
41
21
10
37
8
10
18
3
26
6
22
38
19
37
47
2
40
27
25
11
16
36
26
19
9
26
35
33
3
3
31
13
19
3
36
