12
5
20
37
62
59
2
49
44
56
23
9
30
39
50
9
19
11
23
36
16
37
57
55
31
58
31
30
29
5
61
8
31
44
7
5
61
1
14
28
21
7
22
16
45
51
41
15
13
43
10
15
17
41
54
55
50
29
24
34
5
40
7
2
45
58
1
58
45
56
45
11
63
22
21
2
17
60
17
62
63
3
56
43
53
10
60
10
30
50
21
62
21
4
49
19
43
17
29
13
43
9
58
1
43
50
9
26
16
21
51
32
56
11
50
47
27
59
54
60
56
3
36
2
37
41
47
59
47
52
24
12
11
47
12
2
5
16
3
34
13
58
41
47
14
32
27
31
23
54
33
37
12
39
63
11
61
14
51
45
3
54
18
16
46
57
0
52
27
11
4
23
6
1
1
35
54
28
49
14
27
38
14
37
2
7
48
33
47
35
2
59
56
58
29
39
20
35
41
5
20
16
15
59
60
20
56
30
37
21
28
15
24
33
54
25
52
27
37
5
13
6
37
42
29
11
12
53
20
27
33
9
58
4
63
32
6
45
16
2
56
51
29
34
4
60
60
7
49
49
4
49
40
21
44
63
6
62
61
34
52
23
34
7
55
29
39
12
31
9
56
46
51
38
33
45
43
17
36
17
33
9
38
22
2
15
7
42
57
8
46
46
8
26
37
25
28
23
63
30
17
35
63
51
29
52
10
10
22
40
38
15
15
36
0
45
42
59
18
37
60
63
1
4
34
50
1
44
20
40
36
45
54
61
1
15
4
29
22
47
3
14
52
21
18
25
40
46
36
1
11
22
39
50
31
61
13
50
24
36
15
16
4
8
33
25
55
54
12
15
33
4
33
51
41
8
47
31
50
61
47
24
49
29
62
36
5
53
26
11
63
63
59
39
54
23
58
23
55
25
17
12
11
3
13
0
20
9
6
53
50
14
48
42
36
6
8
28
53
51
7
0
35
30
20
24
0
58
15
49
61
42
8
14
38
53
57
12
62
52
39
51
51
19
0
52
39
22
26
53
23
29
34
52
51
6
62
48
6
34
32
5
62
4
56
48
38
27
30
22
19
16
46
57
26
49
54
60
15
38
6
18
54
55
10
10
20
46
56
13
13
41
22
57
13
55
41
30
35
58
21
23
19
61
27
26
16
48
26
13
24
39
40
24
48
53
46
52
36
61
21
35
19
12
6
49
32
20
0
34
55
28
32
62
9
48
11
24
23
20
4
39
10
30
18
57
32
0
12
43
14
50
31
36
7
6
20
62
15
47
0
56
3
2
39
18
54
11
26
23
35
43
33
43
44
47
62
3
10
7
24
35
33
53
8
27
38
40
0
57
51
27
0
31
31
30
32
52
43
9
25
25
56
35
53
0
8
29
41
41
57
55
9
53
48
36
20
51
37
43
12
1
23
55
9
37
19
55
35
26
47
21
57
39
28
29
42
43
28
2
10
48
46
55
19
60
16
48
47
35
48
17
37
28
34
17
44
51
49
27
41
2
33
22
13
52
60
54
3
15
45
41
18
33
52
39
50
40
11
44
31
32
35
43
44
23
21
50
39
52
27
27
22
38
53
40
21
22
31
27
42
4
46
14
12
20
38
7
50
19
41
32
9
22
3
34
35
39
17
22
27
40
4
42
25
22
18
57
50
58
44
19
32
30
58
21
48
26
32
57
7
15
10
8
47
0
44
45
19
19
9
46
62
44
33
51
12
5
11
0
49
5
1
7
42
43
16
11
23
8
30
14
36
35
8
12
7
3
23
28
25
3
1
60
46
31
53
57
17
51
26
19
35
47
30
13
14
38
56
13
37
41
30
31
19
44
59
29
31
62
57
54
40
45
30
4
55
47
22
39
8
18
10
53
9
46
23
41
0
25
42
6
59
40
23
43
2
47
60
38
37
47
55
15
59
30
51
3
11
55
61
8
41
20
19
49
53
16
0
4
19
45
4
61
11
13
59
41
23
3
30
17
59
10
15
20
32
23
25
30
5
18
48
44
4
58
14
36
39
30
34
54
26
62
22
57
14
32
49
3
21
9
18
6
33
40
28
25
44
55
18
49
17
62
36
61
46
16
4
12
39
19
62
35
1
20
52
49
59
13
28
53
63
54
56
39
48
50
1
31
52
55
50
49
38
43
1
43
47
36
57
57
11
46
28
40
48
42
10
3
38
13
3
25
63
48
44
18
10
33
9
56
32
53
27
42
39
42
54
0
62
56
27
54
37
21
18
28
7
10
57
26
41
6
42
11
19
17
51
45
52
51
41
56
44
23
59
46
22
49
0
61
26
26
47
32
28
18
41
54
42
36
53
33
56
24
36
42
21
14
34
12
32
29
26
61
6
34
44
1
50
11
35
53
46
62
6
9
20
20
13
7
45
42
48
15
55
29
26
49
40
31
31
18
7
27
37
24
24
44
37
46
2
34
32
11
55
8
39
5
0
22
44
49
28
18
4
38
14
61
30
46
9
34
7
63
0
16
60
43
13
35
40
54
53
60
5
53
25
40
59
63
11
5
28
17
3
6
63
40
10
1
26
35
36
10
7
42
17
2
3
18
63
5
7
8
34
45
16
18
37
8
8
8
52
5
6
29
38
45
1
57
25
19
9
4
21
5
33
63
33
43
63
12
47
44
10
28
28
33
50
33
49
60
62
49
34
59
24
37
2
4
35
58
4
25
60
1
27
13
19
53
37
27
62
10
5
1
34
31
3
61
61
24
8
43
19
35
11
22
42
63
29
28
30
58
24
61
48
12
2
3
43
31
24
13
38
15
33
37
33
29
16
45
51
17
31
60
1
4
25
39
23
24
38
37
36
46
32
15
3
42
56
42
21
63
14
47
46
17
38
28
60
25
59
58
45
57
58
60
40
41
40
25
15
12
28
19
36
58
53
54
40
45
59
13
62
48
29
44
22
15
17
13
24
20
14
61
17
17
26
58
16
55
46
16
6
26
3
8
25
25
50
4
6
42
58
63
2
14
61
46
29
44
38
6
19
1
49
6
2
18
0
3
18
16
52
50
41
14
45
32
34
59
12
7
21
21
34
57
56
24
24
2
56
61
26
51
9
57
63
43
39
15
51
62
8
44
23
29
60
35
26
30
38
38
25
14
27
58
0
20
54
5
9
31
9
31
55
32
59
22
52
22
58
50
2
51
24
46
60
14
42
20
18
40
29
48
24
48
54
55
59
30
14
45
7
52
58
12
55
10
60
13
48
21
52
41
59
36
34
16
27
17
1
6
57
21
62
38
7
32
5
10
63
16
61
27
