6
2
12
25
22
29
1
19
24
18
11
5
9
31
30
5
10
4
13
31
8
25
18
16
14
29
15
9
14
2
28
5
14
28
2
3
27
0
5
15
13
2
11
10
25
17
24
4
5
25
4
6
8
25
24
16
21
12
14
24
2
19
2
1
17
22
0
19
27
24
25
4
29
8
15
1
8
22
12
29
22
1
30
20
17
4
21
4
9
31
9
26
13
3
17
8
24
11
8
7
26
7
21
0
26
19
7
15
12
13
27
19
30
4
19
20
13
22
21
21
24
1
31
1
20
20
24
19
28
23
14
4
7
28
6
1
2
10
1
18
6
29
26
16
5
19
11
14
15
29
30
21
6
31
21
4
31
5
19
27
1
26
12
12
29
29
0
30
13
4
3
13
2
0
0
26
26
9
16
5
13
23
5
20
1
3
17
26
17
24
1
21
18
21
14
21
15
26
26
2
12
8
4
21
17
15
30
9
25
15
14
4
14
16
21
15
31
10
16
3
5
3
19
16
10
5
6
20
12
13
18
7
30
3
22
22
2
17
12
1
28
31
14
21
3
28
17
2
27
17
3
23
21
13
28
23
3
22
28
18
19
15
28
2
29
12
21
7
9
7
19
16
25
27
22
20
24
8
27
15
31
7
25
8
1
4
2
27
29
7
23
23
7
11
22
14
11
13
26
9
9
28
24
23
14
30
4
4
8
25
25
6
4
31
0
27
16
17
10
20
17
24
0
3
30
21
0
16
10
28
22
25
21
19
0
6
3
15
8
18
1
7
20
13
8
14
27
23
19
0
4
8
30
26
9
28
5
21
8
27
6
12
3
5
16
13
16
31
6
6
19
3
27
26
28
7
25
15
17
29
27
11
19
12
22
18
2
24
15
5
16
23
21
23
28
13
29
15
26
11
8
6
5
1
5
0
12
4
3
31
24
7
19
26
31
3
5
15
25
26
2
0
18
9
13
8
0
29
6
17
28
26
4
5
31
16
28
6
29
20
25
27
26
12
0
31
19
12
11
18
10
12
16
18
26
2
24
19
2
24
22
3
27
3
16
19
31
10
9
8
12
12
21
28
11
23
24
29
4
16
2
10
26
20
4
5
12
16
30
7
7
20
11
16
6
20
28
15
24
21
14
13
14
22
13
9
12
24
11
5
15
23
24
9
17
31
18
28
27
22
13
17
8
6
2
23
16
12
0
25
26
15
31
24
6
29
4
15
13
10
3
19
5
9
10
29
18
0
4
17
6
25
14
31
2
3
15
26
4
25
0
30
1
1
19
10
23
5
11
13
30
24
28
31
25
20
27
1
5
2
13
31
18
18
7
15
17
24
0
19
31
8
0
15
12
10
16
18
22
7
13
13
30
17
20
0
7
11
25
31
29
21
7
30
30
18
13
31
16
25
4
0
15
29
7
19
10
25
31
13
22
13
16
21
13
14
16
24
9
1
5
29
30
23
10
21
11
23
23
16
22
8
20
12
21
8
20
30
23
13
24
1
20
12
5
23
21
31
1
4
24
25
10
16
23
31
26
22
5
20
15
19
17
31
31
15
13
17
19
23
10
9
8
21
22
26
15
11
9
15
27
3
16
6
6
12
30
2
25
14
24
22
6
8
1
18
17
23
15
8
8
23
3
26
15
8
10
30
19
21
16
10
23
15
22
10
28
9
19
28
2
6
4
7
27
0
16
16
10
14
7
30
30
20
19
27
6
3
4
0
20
2
0
2
16
17
12
4
13
7
12
6
25
17
7
7
2
1
11
14
9
1
0
17
31
8
22
16
8
26
11
8
16
21
9
4
7
30
19
5
18
20
14
14
10
20
22
12
15
31
31
28
26
26
15
3
19
28
8
31
7
11
5
31
7
20
12
19
0
9
27
2
17
27
13
17
1
20
17
17
19
25
17
6
20
14
31
1
4
25
23
7
28
12
14
18
26
15
0
3
14
22
3
22
4
6
22
22
10
1
14
11
28
4
4
15
22
11
9
9
2
10
24
16
3
22
7
27
21
9
18
29
11
26
11
28
5
23
28
1
9
7
10
3
22
27
14
8
16
24
10
20
8
26
18
31
31
12
3
5
21
12
26
19
0
13
30
23
22
6
14
25
18
26
30
21
26
19
0
12
19
25
18
27
16
20
0
28
20
22
18
18
5
29
8
26
17
26
4
1
30
5
1
14
22
25
24
10
5
26
7
16
29
27
13
17
21
27
21
0
31
21
15
25
29
11
10
14
2
5
30
9
26
2
16
4
14
9
30
20
23
31
24
30
20
13
23
30
13
23
0
29
11
11
24
24
9
10
24
24
18
25
20
30
19
10
28
18
15
6
21
4
16
12
11
28
2
18
20
0
25
4
17
18
31
17
2
7
12
12
5
3
28
27
23
6
23
12
11
23
27
12
15
10
2
15
20
13
11
20
21
18
1
24
16
4
28
7
20
3
0
8
24
24
11
10
3
27
5
27
9
20
6
16
2
22
0
11
21
25
6
30
22
21
20
23
2
29
9
23
17
29
4
3
14
12
1
2
22
27
4
0
11
28
18
6
2
26
12
1
1
10
22
2
2
6
29
27
11
9
16
6
7
6
18
3
3
12
17
25
0
29
8
8
7
3
13
3
18
23
20
18
27
4
27
25
5
11
11
19
19
24
20
29
27
27
18
28
9
28
1
3
21
19
3
9
22
0
8
5
14
23
19
13
23
5
3
0
28
14
1
23
29
9
7
24
12
18
4
8
26
27
14
14
8
29
8
29
30
5
1
1
24
15
9
6
27
6
17
29
19
13
9
17
26
8
14
22
0
3
9
19
13
11
27
20
31
29
18
6
1
26
30
27
10
22
7
25
25
9
23
9
17
14
21
29
25
17
20
25
26
24
29
9
6
7
11
8
31
22
20
25
28
27
29
5
26
19
14
20
10
6
10
6
15
15
5
22
11
9
14
30
15
16
18
15
3
11
1
7
10
13
17
3
2
27
21
29
1
6
23
31
14
25
27
3
10
0
23
2
1
12
0
1
12
11
19
30
24
6
20
18
18
27
7
2
10
15
16
16
30
14
11
1
30
22
11
29
7
23
30
25
30
4
17
30
7
31
13
14
28
29
8
14
18
28
8
5
10
18
0
13
28
2
5
15
7
14
29
30
29
11
31
8
21
21
1
30
11
25
17
6
27
13
10
25
11
29
13
19
28
28
23
9
7
30
2
30
23
7
26
6
23
4
24
9
18
24
17
31
21
11
10
10
0
3
18
9
28
17
3
22
2
4
29
12
28
10
