23
34
4
34
43
61
11
4
15
7
11
3
32
68
50
35
43
45
2
70
8
34
7
63
28
48
34
43
29
8
49
35
28
17
23
23
17
52
17
19
0
29
57
42
68
43
55
76
52
70
34
75
55
75
55
40
9
15
16
71
8
9
27
48
5
77
35
55
57
55
6
25
78
17
76
28
58
46
27
61
33
20
79
3
54
6
32
67
32
47
34
41
0
1
73
19
51
15
32
4
51
11
23
28
36
11
12
16
15
34
64
0
50
45
61
66
24
70
71
5
50
26
70
6
46
66
18
45
47
52
34
29
26
46
8
25
33
10
6
78
10
48
79
53
15
0
29
29
28
73
78
32
23
68
44
7
51
15
79
65
7
45
62
62
62
52
19
58
10
25
6
52
22
33
33
60
70
13
73
30
79
67
64
48
24
48
38
50
65
75
35
7
40
9
26
79
25
63
42
32
20
18
17
32
20
26
52
3
42
30
35
22
34
77
71
22
57
24
48
9
10
36
39
61
43
30
60
68
4
10
78
76
58
58
51
57
19
61
15
25
17
57
27
22
3
5
67
22
64
61
30
73
31
34
48
47
36
41
62
59
7
28
71
74
48
66
68
11
12
18
7
69
55
42
46
5
51
39
54
77
49
12
42
38
36
20
27
56
59
17
60
40
26
5
56
15
14
4
76
5
13
14
73
64
47
58
70
38
0
69
69
70
21
43
11
51
77
54
9
66
14
5
4
29
78
9
33
69
37
62
14
59
12
67
33
64
58
12
37
70
24
2
38
52
5
14
47
70
65
32
8
39
36
51
26
48
79
9
19
77
27
35
33
35
78
25
63
55
70
77
78
6
43
42
66
49
60
30
61
51
47
19
7
15
51
7
3
63
7
25
40
76
7
48
17
2
56
28
47
25
37
21
8
24
75
10
41
63
36
63
63
23
7
44
77
36
1
20
63
63
74
24
12
3
45
61
16
60
29
51
62
44
49
38
77
40
72
8
77
10
68
64
62
20
70
57
78
39
12
78
11
1
0
71
79
54
18
72
52
44
56
33
18
74
72
79
58
48
32
39
20
35
39
71
36
72
55
59
34
4
19
14
44
41
56
0
15
69
56
11
4
46
50
76
6
73
69
21
51
58
25
52
25
54
50
67
36
51
54
52
71
40
31
53
35
53
54
71
78
46
52
13
45
27
27
72
6
25
56
44
72
26
55
19
10
60
23
34
2
16
30
67
10
39
46
59
36
29
22
21
17
68
38
46
4
29
16
41
34
68
35
58
23
21
69
63
44
47
44
2
14
0
60
47
18
68
77
29
0
31
18
59
78
54
14
20
65
55
24
62
55
18
17
13
26
32
53
79
53
15
1
1
79
12
64
29
49
32
69
56
76
64
38
58
57
40
19
57
75
66
20
33
28
59
11
65
45
72
40
0
53
34
66
76
2
9
77
45
4
24
38
41
37
72
43
16
31
74
65
1
57
27
47
1
6
55
42
58
73
79
55
37
6
16
22
71
39
55
21
10
51
74
8
50
63
44
61
53
36
68
11
65
31
73
49
62
34
67
67
71
43
43
37
66
3
42
28
57
26
30
44
3
62
17
39
21
50
72
61
23
53
46
10
39
21
39
13
40
4
39
37
42
3
79
30
39
27
76
51
31
23
67
43
20
56
63
57
22
62
76
4
70
76
17
46
59
68
6
71
9
12
53
41
64
79
54
60
9
30
19
72
3
4
29
5
73
8
45
31
9
5
64
43
31
39
33
37
67
31
35
38
7
3
46
70
17
75
63
31
79
27
49
0
48
39
20
38
60
45
52
78
18
3
38
45
53
57
0
20
40
65
75
74
79
25
20
45
47
37
60
39
32
36
49
18
68
6
40
47
37
79
20
12
41
52
61
22
48
14
66
73
23
36
60
64
3
57
21
30
43
74
11
66
19
71
73
63
15
18
27
41
68
29
54
32
22
75
46
2
12
28
15
49
38
69
12
46
61
30
5
3
46
76
69
74
31
16
54
68
4
36
76
49
73
60
72
0
32
73
19
30
8
32
37
42
18
26
38
5
69
57
72
70
41
78
79
21
16
74
52
48
36
41
31
0
16
66
72
56
6
26
64
40
44
50
79
15
62
28
26
8
63
10
72
23
3
18
66
68
69
37
19
8
62
13
74
35
44
68
29
50
62
19
15
54
51
18
9
30
50
14
61
56
45
18
67
79
44
62
18
40
9
28
54
77
11
46
25
24
34
50
26
40
36
10
38
23
57
55
6
58
58
76
58
73
63
59
53
16
74
37
60
27
22
1
77
13
14
53
13
40
41
44
50
11
42
71
44
76
42
9
25
6
35
24
41
27
67
13
24
47
45
12
54
70
74
52
15
1
72
2
33
65
43
20
28
72
26
27
73
1
26
13
9
3
30
48
57
22
53
52
40
28
71
37
45
49
33
68
9
59
39
22
76
14
32
3
69
21
67
42
31
12
66
31
43
35
35
5
69
7
53
42
71
64
75
17
52
13
74
69
56
38
4
19
67
21
28
34
54
34
2
11
51
78
4
27
71
59
24
24
27
43
17
39
20
59
23
15
6
49
26
33
17
74
1
36
0
66
51
21
59
25
69
8
30
37
23
65
5
6
3
67
20
46
44
8
25
35
43
61
15
73
61
77
46
75
49
13
75
33
33
5
55
28
32
35
23
18
53
47
75
77
18
75
74
1
49
71
4
12
74
49
13
10
76
20
48
22
2
44
67
29
14
44
56
16
60
54
7
28
11
51
77
13
2
60
21
12
78
64
75
36
65
66
31
12
56
50
1
25
67
1
16
48
66
77
60
70
57
21
44
58
47
33
54
16
63
68
8
65
13
67
14
62
58
77
66
13
16
60
75
60
69
64
11
31
49
46
56
43
55
54
64
61
2
41
6
29
13
2
14
13
2
30
21
64
46
59
59
26
55
16
72
70
22
24
24
7
16
5
2
74
27
17
47
19
40
21
2
74
62
0
42
42
29
49
42
73
25
24
62
11
21
6
23
8
10
56
2
30
10
69
37
4
29
10
28
53
72
70
55
19
24
50
45
78
76
14
7
78
69
58
22
61
19
1
65
1
26
0
14
11
49
65
0
37
0
56
48
24
16
75
8
59
12
5
38
59
53
60
47
57
39
31
9
54
66
19
64
13
36
47
1
8
41
65
41
66
7
49
75
45
34
17
65
29
23
58
52
50
38
71
22
73
22
63
75
59
40
9
32
65
10
33
30
59
37
41
50
27
79
31
38
78
9
41
53
