45
26
39
22
15
24
28
15
28
34
27
1
4
14
4
1
21
11
27
38
47
5
15
31
46
18
11
27
36
38
21
13
6
27
2
31
1
35
11
28
13
20
33
36
0
39
17
18
29
18
19
44
7
26
11
17
47
47
44
18
22
35
24
35
24
37
10
17
24
24
38
46
39
30
42
16
28
22
15
40
13
23
44
8
26
31
38
13
19
22
22
4
9
3
28
25
20
30
7
21
37
42
15
39
14
11
42
45
46
45
9
35
45
41
47
25
29
2
10
14
27
34
13
1
11
3
16
30
15
20
38
27
25
15
25
9
8
4
22
37
47
37
40
25
13
24
25
45
32
18
24
5
6
18
34
29
43
14
47
4
46
31
12
39
41
23
27
36
41
30
19
0
0
11
17
9
34
15
16
26
37
28
34
24
9
14
29
31
34
13
39
12
26
8
6
37
23
21
45
38
26
16
17
16
43
17
34
23
34
38
14
19
42
36
34
12
5
35
3
28
8
1
35
30
31
15
13
23
25
11
39
12
21
2
23
22
38
0
13
3
9
27
40
16
37
6
34
18
14
2
17
40
31
27
1
46
44
25
17
1
16
21
7
43
28
16
21
10
2
43
20
38
21
32
19
24
12
22
7
40
44
28
42
0
3
44
15
38
15
17
24
5
40
21
38
7
20
18
2
47
28
37
35
8
42
13
29
47
6
6
0
3
20
11
47
42
40
17
27
4
40
46
16
23
42
4
6
13
13
36
21
17
31
31
39
16
39
39
19
41
42
5
30
6
31
13
21
37
2
34
37
28
44
13
30
9
42
45
22
39
21
40
16
25
7
45
1
2
45
29
7
35
2
45
45
21
6
42
32
17
9
7
35
23
2
10
10
9
33
12
6
4
9
19
35
14
33
34
20
15
32
27
31
35
6
28
39
25
20
12
1
31
23
25
6
33
41
38
11
3
22
18
26
38
40
7
10
1
39
44
26
17
8
44
34
34
23
39
30
12
37
21
30
16
0
20
23
40
24
0
35
41
6
8
32
28
5
45
8
46
44
10
7
46
11
38
9
29
8
44
5
25
16
4
2
41
24
34
47
16
32
14
36
29
27
4
36
8
46
33
14
47
19
37
14
4
45
24
36
24
45
3
11
34
33
32
36
1
31
26
22
27
7
16
23
2
2
35
25
32
14
24
36
1
46
24
36
14
18
5
35
0
41
20
43
32
6
13
26
1
10
4
8
9
14
23
3
13
29
0
21
12
23
13
30
24
39
12
42
13
19
22
2
5
3
6
10
9
41
15
10
27
26
33
5
36
34
2
23
7
0
36
2
25
2
28
13
3
20
45
28
44
41
37
15
6
21
22
40
44
31
46
12
23
31
43
2
27
47
17
31
13
12
40
36
34
23
31
1
40
41
16
40
2
47
7
31
12
10
19
25
4
43
19
30
18
41
24
12
40
11
17
9
25
21
33
32
3
14
16
27
41
13
18
5
30
45
12
26
26
41
20
19
19
42
33
33
47
42
38
36
7
3
26
41
10
17
20
29
9
46
20
40
12
40
1
12
33
46
31
41
0
47
15
43
36
45
32
25
11
14
26
42
20
29
12
23
18
44
12
5
11
1
44
6
42
43
11
7
30
39
28
46
16
34
43
39
30
4
41
35
15
8
32
19
42
10
47
37
8
5
16
30
25
33
27
16
37
37
40
8
8
28
4
35
36
24
27
33
37
9
22
22
43
39
15
35
36
37
13
32
17
25
15
7
6
45
15
9
44
11
43
28
46
36
42
40
2
2
46
9
22
20
42
8
7
30
26
16
17
42
3
6
4
19
42
47
7
9
47
3
19
8
6
30
28
8
30
31
47
45
37
47
34
27
10
7
10
31
11
29
23
45
0
44
29
44
30
13
32
40
20
44
27
43
43
39
26
36
46
34
37
31
20
47
35
36
35
42
10
43
20
24
46
1
46
14
24
29
7
14
10
4
23
24
21
39
40
22
41
43
8
28
2
1
47
6
10
25
20
17
11
17
45
11
43
14
33
20
27
0
0
3
4
29
43
15
22
20
3
19
30
20
23
21
33
21
5
36
27
17
44
31
43
10
8
41
2
46
36
41
35
12
35
9
47
39
0
41
17
23
29
45
20
21
15
3
0
36
26
41
5
32
5
9
17
19
14
0
33
33
35
31
16
31
30
44
6
26
3
19
20
29
13
6
11
2
43
40
32
14
11
5
26
43
37
35
3
19
40
5
33
23
43
27
3
6
39
15
47
8
37
8
21
41
41
42
17
18
32
27
26
13
45
19
38
27
15
0
1
0
36
1
33
42
12
4
17
44
45
1
25
15
16
28
10
10
11
33
1
30
42
1
45
25
26
3
46
8
25
43
18
22
16
22
1
17
27
43
43
40
23
15
39
29
32
38
41
24
19
42
1
18
11
38
33
7
19
37
25
47
33
41
22
10
21
28
24
8
0
26
18
39
16
35
12
31
2
11
10
2
25
0
44
36
5
9
30
23
5
12
17
32
3
46
14
11
44
2
14
39
23
39
18
34
46
14
28
21
26
22
46
0
32
34
16
27
47
33
28
19
22
41
2
18
17
24
0
3
43
25
6
37
22
46
10
28
37
10
29
37
26
33
38
11
19
28
27
18
0
30
29
22
5
11
11
14
32
6
10
15
4
29
47
5
15
33
28
16
22
30
32
30
12
12
15
35
22
36
4
7
31
10
8
16
37
29
9
6
32
39
2
44
21
29
37
22
24
4
40
29
7
45
42
26
25
21
3
10
38
38
25
32
40
47
44
30
29
34
34
46
23
0
16
5
2
28
18
30
9
4
43
44
38
36
13
18
34
31
24
38
3
0
5
12
46
20
7
12
31
24
20
41
17
32
17
18
13
14
38
23
46
7
3
39
34
23
40
29
29
27
33
4
5
9
12
35
44
12
15
5
4
45
8
9
13
25
40
9
8
18
32
25
19
45
1
25
21
38
19
47
13
44
3
6
7
19
38
10
24
5
38
11
30
5
31
28
45
35
9
20
4
0
36
20
44
15
20
6
9
33
0
35
22
24
43
47
33
23
30
42
18
41
46
26
8
0
5
36
22
18
19
37
34
42
9
10
4
32
38
3
8
43
38
22
14
35
28
20
5
27
41
34
39
1
23
32
34
45
28
29
7
35
44
33
41
8
26
32
7
43
32
18
17
14
14
12
6
14
4
35
21
39
35
1
42
26
7
29
46
4
7
40
19
18
47
3
38
23
1
23
16
33
1
13
5
18
11
37
18
4
28
