1
28
30
7
14
20
9
12
18
9
18
20
18
24
7
10
17
12
24
29
30
7
31
2
7
2
7
26
26
11
13
15
17
25
22
6
22
9
15
5
14
22
10
5
3
24
9
24
12
7
31
25
1
23
19
21
29
27
3
29
31
0
8
18
22
1
26
30
2
1
14
22
10
15
22
19
12
5
26
4
2
11
0
16
25
31
14
0
23
12
14
17
6
19
23
31
29
31
19
14
18
11
27
11
8
29
22
19
5
24
5
28
28
19
2
5
19
24
1
9
8
3
29
6
28
25
24
23
0
0
30
24
9
7
23
15
23
31
30
21
26
17
0
26
23
17
27
16
23
10
18
20
15
25
1
21
19
31
17
16
20
19
10
6
18
3
15
11
10
10
2
0
12
11
31
18
23
14
27
8
14
5
29
22
8
8
25
24
8
25
2
25
14
20
22
29
8
26
1
1
19
30
14
24
3
12
30
0
25
7
3
29
29
28
16
20
10
22
23
3
22
20
11
19
9
24
12
31
31
13
26
16
16
15
22
24
20
17
14
13
12
24
28
25
9
8
31
23
25
0
8
16
23
18
8
18
19
13
5
23
28
6
11
17
20
22
13
9
18
7
31
7
28
20
7
13
3
24
1
22
5
28
18
9
3
30
30
29
26
4
8
12
30
6
31
16
24
30
10
11
23
28
16
28
22
27
14
29
30
5
27
23
20
16
12
9
30
25
15
12
13
5
27
14
10
2
23
5
19
28
15
29
4
21
13
8
24
26
15
28
16
16
19
14
27
3
2
23
4
10
22
30
1
28
0
18
23
12
13
18
14
0
3
0
27
10
6
17
30
26
17
12
14
12
6
3
12
20
28
24
10
24
31
9
11
5
0
14
20
16
26
7
19
18
26
3
30
7
21
9
24
8
6
28
4
11
17
8
11
29
29
7
24
28
6
1
4
20
28
20
0
20
30
29
14
5
19
6
24
28
4
2
12
27
18
25
10
16
11
14
9
26
23
28
28
15
13
9
10
16
14
28
20
31
26
11
11
21
7
3
1
5
21
13
30
5
21
10
25
17
21
19
5
22
14
13
4
3
24
17
5
16
15
4
15
7
22
13
2
12
1
13
8
10
16
30
24
8
16
13
16
2
22
12
3
5
30
0
22
15
28
25
16
4
21
25
26
5
16
12
29
28
1
22
26
9
18
29
21
26
4
22
19
8
9
11
18
30
17
27
8
23
26
27
15
28
27
30
20
24
17
6
5
9
1
9
4
21
3
18
6
22
0
3
17
16
10
24
18
28
11
25
15
4
30
0
7
5
27
16
15
15
18
6
19
19
17
0
6
7
21
5
13
7
11
24
11
4
18
12
19
18
8
4
9
7
4
6
25
2
22
8
26
26
15
20
10
8
26
1
1
11
8
13
13
16
21
28
19
27
2
20
0
4
27
9
22
1
18
30
12
31
1
29
25
14
14
23
11
29
1
18
2
11
4
19
6
13
3
20
13
28
5
0
8
15
12
3
8
9
6
2
25
7
3
29
3
5
14
23
2
25
6
22
19
26
13
0
25
1
5
20
23
17
23
2
9
13
30
19
27
17
9
24
22
27
23
12
10
16
30
8
9
14
28
1
12
5
10
6
17
1
21
0
20
28
21
26
19
11
0
9
9
24
12
0
10
7
24
15
12
1
30
27
6
13
11
14
29
21
26
16
21
22
3
21
15
24
19
26
20
23
5
28
11
4
29
8
0
11
7
29
6
7
25
20
14
13
15
11
29
25
25
19
10
14
27
18
20
26
6
20
29
4
27
13
31
31
2
31
28
5
11
21
5
16
19
25
8
10
14
21
4
13
24
5
29
22
27
25
18
16
24
12
15
8
15
27
9
15
24
9
0
23
31
23
17
3
12
31
17
22
10
4
4
30
4
21
27
4
19
11
21
3
10
30
29
9
22
20
3
26
25
12
11
17
26
22
31
27
28
29
23
19
6
7
2
14
15
29
30
23
1
14
5
7
21
25
20
6
8
17
16
2
25
12
9
1
26
6
9
27
15
15
18
15
3
21
31
27
31
28
26
11
2
30
21
13
15
23
6
21
1
4
22
25
4
29
15
30
10
1
27
13
28
9
5
0
2
20
12
18
29
26
31
22
1
11
11
21
8
9
11
17
13
15
20
21
4
6
29
19
10
10
21
5
2
16
28
30
31
21
17
26
17
22
8
4
11
29
6
6
21
14
20
17
15
1
12
18
23
13
9
3
2
6
1
4
8
22
1
15
22
31
26
7
6
25
31
17
3
20
31
26
30
13
19
12
31
25
28
23
7
22
5
20
27
0
1
1
0
1
10
22
0
1
22
10
2
20
24
23
17
29
19
24
11
29
1
1
30
25
5
2
6
17
29
21
27
17
6
11
21
25
29
31
12
10
19
16
0
7
24
31
5
4
31
7
2
3
17
2
4
20
29
10
30
14
22
3
25
30
15
21
22
14
24
3
25
8
1
27
0
30
22
19
18
8
30
18
31
22
29
13
12
16
0
2
30
4
27
14
9
21
11
18
9
26
8
7
4
27
11
23
6
19
2
29
29
1
9
20
16
31
8
17
4
24
30
0
7
31
6
30
12
11
5
25
10
2
27
13
18
27
14
5
14
6
13
26
10
25
0
21
11
14
19
17
4
19
28
27
4
6
31
12
12
10
24
25
15
18
31
17
21
11
31
16
19
17
26
13
31
4
7
0
13
15
10
9
10
18
27
21
10
20
29
3
3
14
23
18
0
16
16
6
13
5
12
10
22
9
16
15
15
29
30
0
7
7
25
18
23
24
27
24
2
18
4
19
3
8
31
10
7
17
20
0
19
28
16
11
3
30
4
8
16
0
1
6
6
31
11
27
21
31
17
14
24
28
2
20
16
10
12
27
26
7
12
23
7
0
29
4
8
24
25
15
16
0
2
28
26
19
5
9
1
14
0
30
5
8
15
8
28
1
0
13
27
13
20
15
29
6
3
10
26
9
20
17
16
15
29
2
27
13
2
9
27
1
17
2
31
26
3
8
14
23
11
19
27
30
2
15
27
26
13
23
1
3
25
6
19
24
4
13
13
3
15
25
9
6
5
30
13
7
20
3
5
18
7
3
4
14
7
20
12
22
18
18
3
2
27
4
21
16
25
13
17
0
17
5
8
5
3
26
28
20
17
2
2
12
7
18
4
15
26
24
11
9
18
21
10
23
7
17
23
13
12
22
21
26
5
4
17
3
10
16
11
6
8
28
2
18
0
19
2
18
16
28
12
16
23
9
14
21
6
24
23
17
21
31
21
2
23
7
8
19
7
7
27
23
21
1
14
3
25
25
31
6
14
14
7
20
23
1
13
28
10
8
2
26
3
