1
4
38
44
26
36
47
0
43
21
26
4
47
11
30
43
9
29
4
22
19
43
36
24
38
39
14
25
45
36
36
43
36
3
40
5
39
27
22
2
8
6
14
35
12
18
16
47
28
45
11
45
17
45
23
22
27
45
35
45
17
5
34
21
3
21
2
7
4
6
0
25
12
42
8
3
9
46
5
0
38
17
0
38
17
26
4
14
8
28
14
39
3
0
35
33
9
41
43
7
44
23
37
45
12
44
34
20
33
23
41
41
5
30
21
9
34
31
38
39
2
5
10
44
32
14
46
36
22
3
13
30
38
11
15
0
42
37
27
10
18
6
42
19
33
21
31
43
37
31
36
27
22
42
11
31
35
11
14
14
20
42
40
18
13
7
39
3
26
46
47
43
40
38
40
5
32
4
17
5
14
13
25
38
18
17
33
46
15
39
17
27
25
12
26
16
23
40
20
27
15
36
8
44
23
13
44
17
28
7
4
26
45
20
2
10
41
3
5
14
28
39
17
34
32
43
0
34
39
10
23
26
37
39
6
16
13
24
18
23
15
28
28
3
25
45
36
10
42
20
44
28
33
39
24
5
46
9
42
36
6
37
29
38
28
6
14
11
43
28
47
42
1
47
8
38
33
3
28
7
14
27
13
9
42
34
19
44
27
36
20
15
7
22
23
30
27
16
16
10
10
47
1
40
17
36
4
44
44
41
15
8
19
46
47
33
5
47
12
40
38
24
24
10
34
26
20
42
24
10
31
3
21
30
14
46
33
29
8
10
23
29
46
31
41
27
5
11
18
5
16
22
47
23
16
14
37
24
29
24
9
33
16
19
19
34
6
16
10
25
10
13
44
20
32
16
8
12
47
25
2
24
44
40
2
7
37
30
19
27
28
24
8
34
3
44
11
13
10
42
21
26
20
23
39
19
30
11
1
39
6
9
30
30
18
28
25
1
5
44
41
35
0
33
44
29
12
5
23
17
30
45
8
6
26
15
1
3
9
17
0
11
13
28
23
1
41
29
12
40
2
7
19
37
24
3
39
3
13
33
9
21
36
35
1
30
44
47
43
22
3
12
23
19
23
6
19
34
32
16
47
26
38
5
8
33
1
21
35
47
34
39
5
19
47
7
46
40
6
47
37
41
46
25
4
33
19
27
9
11
37
23
13
12
41
42
38
7
6
46
42
40
44
15
27
33
26
46
40
13
3
22
1
6
4
32
43
15
24
37
22
2
44
32
10
26
39
1
1
6
43
41
22
1
14
2
9
18
5
24
34
27
47
8
8
15
24
20
30
30
39
19
24
1
37
3
47
12
17
18
44
4
26
12
0
45
17
31
5
24
31
38
5
11
35
13
29
42
28
13
29
37
28
1
14
0
45
45
30
29
16
15
46
0
23
42
47
31
32
45
43
34
22
33
43
36
45
5
36
34
43
35
17
26
44
24
25
8
16
0
0
24
30
41
14
20
47
13
11
23
2
4
14
22
7
32
31
37
40
43
12
38
16
32
27
26
30
19
6
29
43
7
30
33
33
4
34
36
22
39
37
27
41
38
10
37
41
43
23
36
27
4
28
32
36
4
9
21
34
32
13
37
10
20
25
2
43
12
21
31
42
9
35
18
40
22
27
12
19
19
33
22
20
32
40
19
30
25
9
2
16
26
18
11
41
38
23
8
22
4
22
13
27
12
40
6
28
29
30
13
21
5
4
9
32
23
2
46
43
24
14
15
11
41
8
18
47
35
33
34
5
24
9
7
22
21
11
41
8
7
33
12
25
41
17
38
17
39
41
31
43
40
19
11
14
6
6
9
8
36
33
38
17
13
26
24
37
33
29
22
25
20
14
25
35
5
21
3
1
29
11
40
40
30
10
42
25
6
7
15
25
10
46
23
33
38
35
20
47
4
16
6
20
42
35
45
35
16
22
44
30
26
1
34
22
29
14
23
31
40
3
14
4
45
23
4
22
21
41
47
42
4
29
39
11
42
37
30
35
24
14
5
23
36
43
2
0
31
9
7
26
22
46
40
2
31
25
11
21
41
32
26
14
25
46
21
26
29
15
13
22
47
8
8
24
4
46
16
39
24
31
16
16
17
31
37
32
20
9
18
37
42
2
18
40
28
44
30
31
42
11
32
9
24
18
28
34
3
27
13
37
14
38
43
32
28
1
17
2
45
25
28
36
37
28
2
31
2
41
42
16
43
36
33
12
9
39
17
0
0
33
21
40
1
15
41
11
24
29
12
37
12
12
11
0
18
33
46
16
31
40
6
0
2
10
31
42
15
16
8
39
39
40
21
19
39
29
10
39
16
11
21
4
25
9
43
29
26
32
2
11
0
39
44
25
13
18
42
37
42
19
16
1
42
15
45
17
19
0
35
34
15
20
20
20
14
6
46
1
15
8
45
22
36
23
2
2
7
20
44
27
24
45
31
22
41
36
32
30
7
21
40
34
7
38
27
0
3
12
20
21
38
23
4
25
38
45
34
1
21
34
36
8
32
47
45
35
21
21
46
18
38
23
28
32
29
16
35
42
35
38
17
38
12
0
12
13
13
8
27
22
34
29
13
11
35
43
20
39
46
0
40
20
27
6
47
7
10
10
41
25
22
27
9
8
30
10
35
23
47
29
20
36
29
2
41
9
27
15
3
43
43
10
26
35
33
24
45
36
18
1
31
46
11
28
15
27
46
9
8
19
21
30
17
30
21
35
46
31
1
35
24
0
2
6
3
41
9
40
26
41
10
28
44
39
10
27
34
19
10
25
32
20
28
2
5
8
17
18
17
31
1
2
10
40
29
28
6
41
27
46
23
33
5
9
16
28
18
0
25
25
42
13
16
6
32
3
44
41
47
8
30
32
23
1
13
10
14
6
17
22
5
15
22
4
44
15
43
4
8
11
15
17
12
18
32
32
13
5
11
17
12
0
31
4
29
5
17
18
41
3
6
34
20
12
9
14
7
29
45
15
12
1
26
21
5
46
26
45
13
0
21
26
7
26
38
9
14
28
19
26
32
37
32
34
37
34
20
25
44
17
35
18
31
31
19
38
37
44
7
29
29
45
10
18
5
7
32
38
7
7
34
19
18
35
15
0
18
14
20
4
34
37
47
36
3
36
12
2
43
33
36
18
35
13
46
31
39
25
8
6
40
1
35
24
46
40
14
23
27
35
29
18
44
1
15
21
45
16
0
39
25
45
20
42
1
10
20
33
44
4
8
46
19
16
32
46
5
29
3
3
45
19
19
6
31
7
29
37
26
35
30
12
15
11
7
47
2
30
3
11
4
7
15
3
7
34
18
46
2
15
38
