47
31
15
47
1
22
9
3
35
19
12
7
5
34
44
4
35
45
41
10
23
11
6
1
0
3
41
15
1
28
0
41
21
7
2
42
27
15
33
43
47
6
35
45
44
6
24
15
12
44
35
5
25
16
1
43
4
46
46
31
21
0
17
26
2
47
12
2
4
44
29
43
32
40
41
3
30
3
39
25
25
30
38
42
9
18
28
39
43
32
12
33
41
8
38
0
42
36
28
21
36
26
13
7
2
46
47
11
43
14
3
1
31
40
6
44
33
31
20
4
8
32
7
37
25
43
41
33
36
47
0
13
20
4
9
31
42
14
7
0
42
29
30
9
9
41
32
36
10
45
5
14
2
23
28
0
4
26
32
12
34
25
41
26
21
0
8
19
42
20
10
39
28
41
42
8
21
8
15
34
36
35
14
8
37
16
23
5
44
36
23
41
30
35
10
38
42
34
25
35
34
10
16
9
43
9
45
40
29
2
12
33
18
7
2
26
26
14
28
4
29
26
28
45
22
26
15
12
26
18
7
29
15
5
10
40
46
2
35
10
11
43
4
39
13
0
2
24
27
12
19
35
16
27
9
27
8
25
4
25
27
41
37
44
34
6
2
14
0
11
23
16
4
30
10
20
8
1
5
39
2
18
3
35
39
4
38
4
41
4
26
5
47
40
1
35
23
38
24
21
32
5
38
20
45
40
13
32
19
41
38
14
27
42
37
2
9
46
3
0
26
23
14
45
12
21
24
10
37
3
20
0
46
12
44
44
23
13
37
22
22
36
5
5
41
38
24
15
41
4
0
1
43
33
22
37
8
34
34
22
31
8
41
39
22
36
6
18
22
20
18
44
37
20
9
26
9
6
45
12
44
29
17
19
37
37
37
24
15
46
34
16
34
38
28
46
33
29
28
32
16
30
41
42
41
33
14
40
28
12
15
24
20
43
28
29
0
8
11
13
27
11
14
47
26
2
40
2
22
44
27
25
47
42
41
42
31
1
40
16
46
44
41
31
31
40
3
47
42
44
14
17
27
12
32
33
23
9
36
40
10
25
22
23
8
5
3
13
35
43
30
47
36
42
20
16
9
30
8
8
1
25
3
4
24
15
46
43
35
16
4
27
7
28
19
35
10
1
47
22
40
34
15
29
25
5
15
8
5
21
6
26
21
30
36
43
5
21
26
27
14
43
35
38
16
35
36
32
45
1
38
2
17
38
26
27
5
8
24
20
47
6
8
46
6
45
13
19
4
32
4
8
46
7
37
35
36
13
38
24
0
16
11
46
30
30
15
33
32
29
43
23
22
42
5
42
30
33
46
26
10
1
31
3
30
28
24
32
21
40
7
9
34
36
12
9
35
32
15
29
11
0
10
5
26
28
22
5
32
11
24
44
39
21
14
9
7
24
31
23
10
8
18
16
9
24
29
40
13
14
13
17
46
11
43
12
6
15
11
41
46
26
11
10
43
11
30
14
24
20
2
43
29
37
38
26
7
25
23
28
36
34
41
1
19
28
3
22
24
21
34
40
32
16
13
45
44
38
33
18
32
31
11
32
4
20
35
20
10
25
39
3
16
22
18
42
31
46
40
19
42
0
17
41
45
30
45
32
29
3
40
25
46
40
30
6
40
17
21
14
20
10
42
46
9
30
3
23
39
27
20
43
7
45
10
47
1
45
18
35
7
16
7
47
34
38
27
20
26
36
35
29
35
44
6
16
19
39
19
6
32
22
36
8
29
38
9
29
0
36
5
38
47
1
21
22
45
45
31
15
19
46
21
16
47
38
12
21
20
28
30
36
3
6
6
20
18
24
31
29
7
5
34
46
24
31
26
28
7
40
19
25
29
15
21
17
45
29
9
7
37
1
36
32
10
9
0
30
10
30
33
21
12
11
17
15
39
13
13
30
0
1
20
45
12
21
43
29
3
18
0
26
41
24
5
33
17
14
45
47
43
13
44
14
13
44
27
19
41
26
42
29
37
19
15
9
13
43
17
8
27
9
40
8
2
4
46
44
18
14
4
36
33
18
39
29
0
39
7
4
44
1
11
46
3
16
8
10
45
0
6
5
39
31
11
43
10
9
44
47
27
33
17
21
24
42
34
19
22
32
39
31
26
8
23
17
34
42
16
44
34
21
34
28
34
39
0
46
2
13
33
43
7
1
39
41
25
16
13
25
5
35
39
7
11
17
39
20
29
6
15
25
20
14
23
19
19
47
1
34
24
29
14
12
12
20
46
10
33
25
28
20
37
2
41
18
15
7
40
30
1
45
19
25
31
19
23
3
14
22
35
27
11
34
39
16
42
24
36
27
14
2
16
36
1
2
33
47
33
40
30
31
29
13
32
4
35
35
4
11
11
30
30
36
15
3
28
37
42
46
31
1
38
21
36
24
31
12
34
35
25
28
41
30
22
16
13
32
26
19
5
23
5
15
13
27
9
7
20
19
32
18
31
45
2
45
33
2
37
4
23
0
45
4
39
17
2
21
24
28
14
24
36
14
11
21
17
26
39
47
37
17
29
20
25
3
36
17
2
14
31
0
26
17
24
45
38
39
44
33
6
47
6
2
38
25
17
33
38
18
18
7
8
44
12
24
41
38
17
16
43
43
13
37
20
7
1
13
45
3
16
13
9
28
17
29
18
23
22
25
11
9
5
39
2
47
10
31
18
1
8
8
18
35
17
0
37
19
3
17
25
17
18
6
18
23
1
18
35
11
10
47
35
44
39
27
43
37
40
5
6
8
5
4
24
42
43
22
6
36
8
17
40
30
31
32
41
37
44
4
37
26
27
11
23
12
41
31
28
11
36
42
40
32
34
13
23
6
13
3
44
9
12
21
17
47
14
6
18
30
12
19
44
3
46
28
39
46
25
31
6
40
33
19
12
23
3
19
44
37
11
5
18
32
16
38
25
20
2
15
35
7
27
9
40
43
24
42
28
2
38
31
1
0
42
10
17
34
42
24
37
3
18
38
5
34
42
33
4
47
32
14
47
39
21
46
7
15
45
15
43
13
15
3
26
33
14
33
37
14
7
22
40
40
21
19
11
23
21
22
9
47
25
28
15
1
11
29
29
35
29
23
1
8
33
3
10
30
34
34
18
16
19
33
44
17
32
12
13
11
13
10
1
22
7
6
27
12
23
5
4
10
15
16
27
24
7
28
31
23
22
22
20
20
23
45
19
22
27
27
18
37
47
6
19
6
25
47
0
30
20
27
33
0
38
47
21
43
17
23
2
40
23
23
27
13
19
9
37
16
12
36
37
27
28
7
11
38
46
46
16
36
11
22
3
26
8
10
42
38
10
27
34
14
39
22
41
35
6
21
38
2
18
37
25
15
6
5
23
45
39
22
12
20
17
39
34
12
4
33
31
32
30
45
28
