31
37
18
22
42
15
29
28
4
34
54
0
20
53
15
24
32
44
59
28
16
42
49
55
27
27
17
37
45
59
62
63
53
41
44
23
13
24
54
59
23
15
33
32
0
16
10
18
31
35
8
58
42
33
39
19
36
40
27
8
21
22
15
1
50
34
8
28
5
15
16
17
35
46
54
10
52
40
58
33
16
15
58
0
10
28
35
14
47
13
25
28
23
24
63
48
45
15
14
14
52
20
57
57
36
57
53
27
6
23
24
39
22
1
15
43
50
60
39
10
31
55
23
6
31
19
13
23
59
9
6
47
58
18
51
45
15
53
30
34
47
58
20
62
31
4
59
16
31
10
63
43
23
3
3
57
8
63
2
34
52
31
25
22
37
52
38
60
10
8
57
7
50
34
39
34
40
40
59
30
41
46
2
9
28
11
55
39
1
4
41
61
30
30
62
34
29
31
46
5
58
31
10
16
42
24
26
5
59
17
9
45
55
60
62
21
12
12
46
7
28
47
14
11
22
31
52
44
58
42
51
24
22
3
59
57
11
12
31
27
13
47
35
22
24
44
16
12
16
21
44
3
40
44
14
49
46
44
50
14
40
30
58
47
34
53
19
7
35
35
54
23
51
1
7
25
56
5
13
17
61
12
44
7
37
39
42
4
40
16
3
16
47
46
7
18
27
4
5
25
52
54
48
60
56
57
5
39
29
27
54
8
50
16
7
32
57
39
42
24
7
11
53
51
29
7
12
18
25
57
60
12
16
29
43
45
29
10
44
20
16
29
40
29
3
37
55
6
9
46
6
35
57
50
19
16
53
61
63
9
17
2
45
15
59
25
9
43
11
58
49
60
6
34
12
39
18
50
62
19
38
23
43
2
24
61
16
17
2
46
25
24
35
1
24
55
44
4
49
7
30
36
62
17
40
5
36
63
30
37
29
9
16
42
1
57
23
8
63
25
45
38
36
35
58
33
43
24
6
32
61
7
21
49
55
1
27
49
62
1
48
21
7
4
53
23
46
51
10
60
56
55
22
48
19
56
30
2
39
39
18
39
62
30
14
41
5
28
45
12
50
38
28
11
7
36
18
26
45
31
16
12
12
31
43
33
47
55
10
8
39
62
18
47
49
2
60
59
19
0
63
22
2
62
28
26
4
63
61
46
30
5
11
9
17
4
55
51
16
49
27
63
47
24
61
55
29
41
20
34
59
20
43
49
3
56
10
51
51
33
9
32
7
49
30
41
36
34
45
15
40
5
57
46
45
30
26
55
39
37
17
63
62
24
20
10
13
23
55
24
10
33
28
44
13
0
4
30
48
59
60
18
27
21
41
17
51
8
61
34
53
43
8
20
1
58
13
21
54
52
11
17
34
17
41
44
14
35
13
14
28
48
38
2
45
35
36
31
1
6
6
55
20
53
30
18
32
62
53
19
41
56
21
10
51
36
46
20
43
58
26
5
6
27
57
55
22
36
60
59
19
1
12
62
55
48
18
50
46
45
30
36
7
48
58
53
0
61
7
8
59
27
28
49
56
2
13
54
53
15
29
52
6
36
63
26
34
57
57
56
57
19
36
52
32
56
0
34
56
11
8
15
38
4
33
6
37
38
40
6
61
4
15
59
61
45
63
45
35
33
48
37
56
17
0
36
3
50
47
37
25
40
3
25
19
63
9
48
38
29
34
54
8
42
49
21
26
19
56
4
61
13
47
5
12
21
46
51
35
27
19
51
33
54
32
47
44
57
6
13
23
39
0
12
41
19
41
20
41
41
47
62
14
29
63
32
14
60
61
23
11
15
3
27
13
50
58
60
28
2
38
11
33
19
32
42
2
33
7
25
42
9
8
63
47
28
63
15
23
20
61
23
20
33
52
23
25
23
10
17
27
40
41
45
14
32
26
7
57
11
42
18
52
6
12
2
39
11
54
60
21
44
1
3
23
40
39
35
8
26
58
29
59
51
24
52
30
25
48
44
22
45
22
61
54
5
22
53
35
21
32
17
41
33
40
63
26
11
29
60
27
26
47
13
1
57
14
38
21
21
0
13
36
19
38
14
52
26
26
40
15
23
1
15
53
38
36
18
37
30
58
49
22
62
47
11
46
5
12
31
33
8
3
55
0
52
56
60
32
62
28
35
14
9
47
45
19
28
24
59
17
40
60
60
48
51
42
0
4
20
31
1
15
43
0
50
39
8
38
49
21
7
36
22
24
6
39
60
31
44
58
63
10
27
30
62
9
30
18
54
19
41
43
20
0
25
41
43
29
11
51
15
57
62
19
18
52
33
47
37
49
11
36
11
55
53
7
36
40
2
55
6
0
7
15
42
39
54
39
8
57
12
27
25
14
14
29
32
44
33
54
42
28
61
44
13
16
33
0
27
2
54
21
8
9
14
27
34
17
56
12
7
5
35
9
31
51
9
61
39
42
46
60
55
43
46
25
22
32
17
25
10
3
40
24
13
11
12
2
41
49
10
54
50
50
29
49
3
58
3
16
20
28
48
3
2
12
45
5
59
48
56
21
0
49
43
28
38
18
33
11
42
20
25
41
40
47
56
41
43
0
54
21
0
8
0
15
53
3
49
32
27
43
21
31
59
50
49
36
4
26
53
18
29
61
48
18
32
55
52
49
11
54
55
58
48
25
22
44
24
12
2
9
32
16
26
54
1
58
26
38
63
36
37
11
37
47
30
1
4
41
26
13
37
48
50
47
13
26
43
48
34
26
29
53
37
31
18
62
52
7
56
52
5
18
51
10
53
4
46
3
38
34
59
21
8
37
19
44
42
52
28
37
5
20
61
6
36
49
32
49
43
9
35
17
46
20
44
62
48
17
30
38
27
38
62
42
22
4
37
46
63
21
44
38
21
32
58
22
43
30
50
5
0
47
14
63
48
43
4
60
12
50
56
33
61
2
6
50
33
19
10
13
8
19
6
33
40
35
56
42
31
3
29
15
2
51
45
53
38
31
6
54
2
57
23
37
35
34
62
20
56
23
5
1
51
23
31
4
36
46
54
1
22
50
10
4
28
56
1
54
35
46
26
39
41
9
52
51
5
24
48
13
20
2
3
25
25
52
1
16
22
24
61
35
22
15
45
58
13
52
32
34
26
29
60
59
51
17
59
40
5
18
9
42
41
3
61
60
43
56
0
49
34
37
6
3
38
20
10
4
8
51
45
17
26
53
38
1
32
9
63
14
59
50
15
25
