6
28
18
30
36
12
26
31
18
24
21
10
12
37
30
29
3
26
46
11
39
22
7
23
46
47
8
10
39
26
7
36
33
4
30
42
43
2
27
47
20
5
13
39
22
19
16
16
16
11
11
14
14
22
27
30
22
0
32
5
24
40
31
46
22
42
37
13
31
45
43
15
8
35
47
10
5
35
47
2
17
7
38
3
41
21
19
7
41
40
31
42
10
20
29
35
7
7
38
24
21
38
33
15
4
10
30
18
7
10
40
14
46
30
32
8
42
43
19
47
2
6
18
27
27
4
13
4
6
32
11
4
7
10
29
33
29
18
40
43
8
27
13
17
10
5
1
41
7
12
40
8
42
26
3
32
41
19
5
13
35
32
40
10
20
15
18
18
7
0
11
31
38
14
27
46
9
42
19
27
42
1
22
13
17
38
47
31
33
17
45
15
24
30
15
15
34
46
35
21
41
41
6
44
9
31
42
31
21
13
32
9
47
33
45
41
14
35
5
29
32
34
29
11
29
43
8
17
41
10
45
0
11
42
33
33
7
31
24
41
8
40
16
2
14
10
44
8
2
34
12
13
43
18
28
20
46
0
32
10
46
43
24
3
9
11
40
5
20
28
36
23
27
26
26
23
13
31
38
10
35
30
37
18
43
12
19
24
36
37
26
44
38
16
1
34
1
31
5
26
39
11
44
46
21
2
25
26
18
22
12
23
29
34
28
45
4
34
5
42
45
9
15
0
44
47
16
47
36
47
13
29
16
20
3
4
28
35
28
23
3
8
8
37
6
40
14
4
42
8
6
15
43
46
21
4
25
8
46
39
28
40
19
29
9
36
0
25
33
29
8
3
19
0
3
5
9
46
21
4
16
29
32
34
19
6
15
38
6
0
32
3
44
15
9
28
6
46
15
45
5
38
13
12
21
30
29
31
32
20
15
5
21
13
19
17
9
18
28
31
7
24
25
18
21
5
11
39
39
7
39
23
13
4
44
44
14
45
13
6
26
10
44
1
36
25
2
4
40
16
6
35
37
39
33
5
20
42
29
19
33
16
25
46
25
45
8
40
10
12
36
25
7
31
36
26
47
8
5
17
14
46
31
20
13
28
31
47
11
4
3
17
1
17
32
40
22
22
46
31
39
16
39
43
1
23
23
25
6
2
1
18
25
24
23
9
33
26
36
40
0
17
41
9
7
22
21
12
1
15
44
42
38
33
0
18
20
39
33
26
21
3
38
9
8
31
38
18
45
8
46
9
4
28
30
33
19
26
30
42
33
27
34
1
5
8
37
5
21
2
29
42
39
40
0
18
19
38
0
19
7
39
1
14
18
44
17
26
6
25
44
13
16
23
26
33
34
46
39
3
30
43
30
33
17
24
27
9
31
46
47
7
37
45
42
20
16
38
22
32
18
45
25
47
39
11
1
37
36
36
22
30
4
1
1
34
37
30
10
4
45
23
14
29
6
5
3
46
18
16
42
0
45
21
33
30
22
22
4
34
13
31
43
2
38
2
15
37
14
20
13
40
2
10
12
24
15
35
36
45
24
15
35
40
11
32
45
5
35
16
28
11
34
19
0
46
0
20
36
38
0
44
29
44
3
43
5
33
13
37
12
28
33
10
7
41
28
22
31
12
20
38
2
13
32
39
42
35
3
6
30
17
29
13
17
17
26
3
41
26
19
13
20
8
2
21
23
18
33
46
25
28
33
7
41
38
19
5
11
19
26
9
1
46
44
9
43
26
25
11
4
27
31
0
40
11
11
6
36
35
9
3
3
24
30
14
16
8
26
38
6
44
6
35
27
34
17
37
20
42
17
47
10
40
8
35
18
8
14
13
28
18
47
20
1
0
23
12
17
1
37
40
25
23
43
47
30
43
42
3
36
38
12
40
2
34
29
19
9
9
12
5
41
40
5
10
36
1
45
19
33
23
44
11
29
2
20
2
32
35
3
41
20
32
3
27
47
37
43
36
29
4
24
28
14
10
37
30
40
27
35
34
2
25
4
45
6
16
22
25
43
8
2
24
45
39
26
25
38
33
25
47
4
14
37
36
20
13
44
0
17
2
23
6
32
21
47
1
32
47
11
10
12
37
35
14
36
19
4
43
37
6
43
34
36
5
13
24
42
32
18
14
17
7
32
22
16
44
17
41
5
9
21
26
21
0
1
16
40
18
41
25
46
16
47
17
11
39
28
5
10
32
30
7
35
41
42
36
24
3
12
30
23
12
6
32
20
14
23
11
28
22
0
22
14
41
21
8
4
16
10
46
37
29
6
34
45
3
42
17
20
39
29
35
27
22
3
9
11
1
1
37
42
21
44
34
31
3
13
37
18
22
2
35
43
19
27
43
18
27
22
32
36
31
1
45
44
43
19
19
40
37
41
38
25
23
37
22
18
24
15
13
15
15
15
43
41
19
6
21
3
2
14
4
44
14
41
36
3
40
45
2
24
25
35
42
27
28
25
12
26
19
28
44
24
2
8
46
12
6
20
34
3
36
15
24
21
28
12
0
4
34
35
29
0
28
26
11
2
9
15
31
6
7
2
21
19
11
2
44
16
32
7
3
4
4
36
22
31
22
38
2
15
41
3
44
43
20
17
41
35
32
21
46
2
10
23
30
5
39
21
44
47
9
34
23
24
47
40
11
30
23
16
34
17
15
37
17
17
39
41
1
22
14
40
8
32
27
37
1
25
5
23
11
45
10
0
39
27
12
42
4
39
11
6
1
7
45
16
46
8
40
45
31
38
39
29
9
38
37
28
38
6
42
27
40
14
38
43
41
36
29
39
8
33
23
25
15
12
34
7
10
10
35
39
44
21
31
13
35
34
34
20
27
41
33
23
20
27
14
35
24
9
25
33
15
12
26
9
17
33
46
34
16
7
27
37
23
18
24
14
15
32
1
29
4
20
29
0
41
47
35
46
12
28
22
17
37
44
30
14
27
27
46
34
7
16
14
39
8
10
14
4
45
9
19
23
44
47
7
19
0
29
1
0
44
11
9
28
2
42
12
20
23
47
37
27
38
12
20
32
30
26
22
38
5
16
20
44
36
19
39
15
34
43
27
45
16
47
25
28
11
1
8
34
17
28
47
14
36
18
23
16
41
5
28
26
13
41
26
32
20
10
33
27
8
21
9
47
25
24
12
31
29
22
35
30
5
1
35
37
24
22
38
22
0
6
17
43
29
47
34
33
10
20
39
26
42
34
24
45
35
30
23
0
43
43
6
30
13
28
5
16
45
31
16
7
12
25
43
12
40
0
25
31
28
36
45
21
21
10
7
24
24
18
26
23
38
11
15
42
2
27
30
7
15
14
24
23
41
