13
50
54
38
45
20
44
13
47
18
58
35
31
62
11
12
11
23
15
28
24
33
39
34
50
15
13
40
35
23
55
6
43
61
14
36
9
35
54
28
50
2
32
46
3
58
34
39
53
40
12
41
56
24
7
32
57
56
55
5
55
24
13
53
38
24
30
19
28
14
53
46
13
26
51
49
42
31
28
28
32
5
28
58
56
41
22
62
48
6
25
6
7
37
37
14
25
18
57
44
1
0
61
5
2
3
10
19
29
3
17
0
40
32
56
41
44
28
46
17
56
50
31
43
5
30
63
21
41
14
30
35
38
39
9
36
37
41
33
53
9
18
32
7
15
11
13
52
1
5
24
56
57
42
24
7
35
51
21
61
3
37
48
45
29
50
53
37
57
40
12
52
38
7
34
29
29
40
29
3
57
24
51
63
1
38
30
59
63
24
58
46
43
34
46
36
35
53
14
0
21
39
1
12
62
60
5
2
30
57
1
26
20
34
35
7
44
40
4
45
55
6
8
55
21
21
33
45
19
62
63
59
54
40
27
26
29
47
21
13
28
59
16
0
47
38
39
39
5
42
41
11
45
54
50
11
10
38
12
61
55
18
63
33
33
13
8
9
29
47
18
4
51
22
25
52
5
19
52
30
62
6
62
50
22
47
41
9
10
4
1
13
11
20
34
48
14
9
9
47
58
15
13
9
5
10
26
25
46
50
55
31
37
18
0
43
49
34
63
15
45
41
16
30
1
38
22
44
2
35
1
44
43
63
30
15
33
57
43
2
20
15
47
55
48
59
35
50
20
55
42
27
60
62
33
46
49
63
35
15
34
14
31
46
12
40
56
57
29
35
42
21
12
37
45
29
30
51
48
58
63
17
4
44
40
29
18
10
52
13
51
54
54
50
19
50
56
52
12
36
40
16
42
22
42
2
29
20
32
6
56
47
59
29
50
35
26
63
51
32
46
45
51
44
48
1
41
13
23
16
39
19
22
3
21
21
16
43
60
59
9
51
7
60
58
12
2
61
23
19
63
49
36
29
33
20
20
58
39
17
24
30
0
41
51
1
0
17
58
20
18
18
43
0
29
14
37
54
31
3
22
0
20
61
42
10
37
32
15
27
6
46
21
57
41
38
42
27
20
33
59
3
14
34
43
34
46
43
3
10
51
4
43
53
3
26
27
62
38
62
35
17
17
44
27
31
46
5
31
2
47
15
15
37
18
58
54
7
38
34
63
42
61
29
25
44
43
14
38
54
58
55
23
20
29
20
7
41
26
25
44
31
6
21
47
8
15
62
60
47
8
59
58
23
62
18
23
32
2
49
19
33
6
12
45
26
56
40
40
52
45
60
51
5
29
46
22
4
58
63
46
13
27
16
0
17
1
56
45
16
21
63
40
16
22
27
5
44
61
62
52
38
31
26
60
7
33
26
41
39
17
45
22
4
11
27
5
5
41
27
18
46
42
26
54
61
24
16
26
40
34
16
61
44
2
5
46
17
10
43
60
18
55
9
5
23
7
8
28
23
38
18
53
59
57
34
62
46
22
47
22
35
47
1
28
54
54
42
21
48
40
25
23
31
54
11
61
56
54
19
43
20
6
12
3
28
45
36
8
10
52
58
52
45
59
37
34
10
48
9
39
47
2
20
14
16
60
54
7
8
42
50
30
12
42
16
60
32
9
36
13
23
36
1
57
63
28
53
23
24
21
7
22
0
54
49
51
27
18
58
55
37
26
11
57
51
48
46
27
61
55
17
52
10
0
3
49
30
5
57
8
43
35
34
1
48
36
42
13
15
42
53
33
7
33
35
16
28
48
11
21
48
25
0
37
61
13
61
23
56
0
49
27
48
22
28
57
50
10
45
19
53
41
15
7
59
35
30
24
19
6
62
50
30
24
33
4
44
18
49
30
46
41
32
57
10
62
32
39
18
42
8
2
2
35
44
3
45
10
41
31
39
53
18
43
41
19
23
22
13
6
17
52
24
49
0
24
19
17
31
17
28
62
42
53
63
39
33
61
14
47
26
59
58
43
63
49
58
9
52
34
52
12
26
54
8
43
32
44
62
49
9
9
20
7
51
61
55
24
39
27
20
8
41
52
15
31
63
57
51
1
36
56
55
4
63
44
25
36
25
24
4
52
23
60
19
42
59
36
6
25
26
59
1
61
48
48
47
39
51
25
32
45
54
41
56
22
13
20
10
14
53
2
20
55
52
14
32
17
6
14
49
19
3
26
36
31
27
55
24
22
0
36
16
4
6
26
28
32
51
36
26
13
5
31
8
15
43
6
27
27
25
63
21
37
47
25
6
4
14
51
56
10
32
22
7
8
45
43
16
60
61
24
2
23
19
27
3
0
59
4
25
14
36
4
12
25
38
29
10
54
0
9
45
29
34
11
57
39
43
17
37
36
15
45
0
40
45
16
49
61
15
25
40
2
2
4
18
34
62
58
34
25
22
58
10
6
45
21
60
15
52
27
18
18
16
29
3
15
14
17
58
56
3
7
24
36
23
11
7
26
39
19
15
39
27
40
61
39
21
8
8
7
37
60
47
5
58
10
60
7
32
38
29
59
17
33
24
8
2
6
4
47
6
34
30
29
25
11
48
37
13
33
49
53
38
37
12
62
14
23
1
51
49
32
31
41
11
30
8
9
34
7
9
37
62
20
11
13
47
50
13
16
11
21
28
14
42
0
30
46
28
46
10
16
20
62
16
60
35
8
57
22
21
55
57
44
22
56
27
54
63
46
31
60
0
36
59
53
28
31
6
39
10
17
49
33
17
11
1
5
55
43
14
57
54
47
53
21
31
50
12
15
44
42
36
52
38
3
19
48
12
8
30
53
37
23
40
19
19
39
5
50
41
63
19
4
10
53
53
46
48
61
30
49
47
21
11
54
60
57
11
49
60
30
60
57
9
62
59
18
36
56
0
12
50
14
19
50
44
55
39
1
31
49
49
28
30
23
32
17
56
3
36
28
37
25
53
16
63
40
52
16
9
35
11
5
38
61
11
58
33
4
14
15
53
24
60
58
34
59
46
49
39
37
44
37
2
60
39
38
12
13
51
20
26
42
39
10
1
55
55
32
59
1
8
28
45
11
31
54
60
48
4
9
42
40
52
33
1
12
50
41
3
36
9
11
51
25
12
27
48
59
3
6
26
59
62
33
25
30
4
4
31
25
43
33
35
23
23
26
34
5
8
3
17
17
52
29
3
35
51
19
4
9
32
33
44
49
12
56
50
2
3
55
50
6
48
48
2
23
59
53
57
56
21
7
27
1
9
22
22
41
