8
13
22
8
10
27
28
18
6
23
1
11
13
18
10
21
16
9
7
22
31
19
4
20
25
2
20
11
8
4
20
23
7
27
29
3
12
0
18
27
2
28
31
3
23
17
14
15
19
14
22
15
1
4
9
7
23
31
13
0
17
10
14
30
28
6
8
29
26
7
30
2
0
7
11
5
5
22
31
25
12
25
30
23
20
25
24
26
28
21
24
18
27
14
4
1
15
31
12
12
16
10
6
0
28
25
15
18
13
10
31
26
3
19
15
8
16
29
30
2
3
6
17
17
20
4
29
24
19
2
29
24
22
21
14
6
11
17
19
5
16
4
5
1
0
8
0
16
13
20
21
6
31
12
25
30
12
23
13
9
11
25
2
9
12
5
19
7
24
31
27
26
5
27
22
28
9
3
29
26
13
3
18
17
27
21
1
9
16
20
10
1
11
