25
11
9
14
30
23
31
4
7
2
31
3
29
20
19
19
7
14
24
6
23
2
4
24
30
22
15
29
22
0
20
22
31
26
8
24
6
1
23
25
13
10
21
18
28
16
13
9
10
15
21
24
6
6
3
22
8
15
6
25
13
13
5
19
1
25
14
6
11
20
30
7
23
21
18
0
27
17
1
30
27
28
1
18
26
27
16
20
27
7
18
9
28
5
26
17
16
1
3
30
21
15
9
17
24
26
12
4
27
31
12
23
26
17
31
16
13
15
26
18
25
4
13
11
23
19
27
11
5
7
9
5
21
18
19
14
5
6
17
11
12
17
13
10
3
29
8
14
29
12
16
14
4
3
3
5
11
1
2
2
10
8
25
9
10
19
28
31
22
29
12
0
22
2
28
1
29
15
30
0
10
9
20
20
21
28
2
