8
30
20
19
7
22
30
27
21
0
15
31
23
25
26
31
18
5
28
6
14
0
21
30
30
20
20
19
11
2
5
20
25
9
2
26
29
25
10
13
3
22
25
11
27
14
28
16
8
7
3
26
1
27
20
29
27
10
29
18
26
9
22
5
6
16
21
12
3
7
20
21
25
5
28
5
4
29
6
0
13
29
23
4
31
1
19
15
31
22
19
22
16
12
12
13
9
0
31
26
20
1
20
30
4
5
6
6
14
26
14
13
0
15
24
28
1
3
31
28
5
27
5
24
17
1
5
11
26
22
25
22
7
2
14
0
1
23
9
24
14
19
24
30
27
15
22
21
1
4
16
2
15
1
1
30
13
11
0
24
24
6
20
30
22
21
21
9
10
29
24
3
8
24
12
29
9
18
10
28
31
21
4
12
31
4
18
21
19
10
26
24
8
9
2
3
31
8
30
31
21
10
1
4
31
29
17
1
14
31
7
23
24
24
4
21
19
15
12
28
30
18
31
13
3
24
4
3
25
24
8
1
8
10
16
12
9
19
21
6
13
23
7
3
30
14
10
6
23
13
14
1
17
8
17
28
2
15
2
0
30
19
15
11
26
5
25
21
29
19
24
25
21
19
14
4
22
1
29
29
17
29
15
0
4
3
18
18
19
28
17
3
27
10
19
6
2
15
19
28
20
0
0
19
15
8
0
7
14
13
25
27
31
29
23
8
11
27
24
16
15
3
26
16
12
31
30
30
18
0
13
10
15
9
15
13
11
14
17
22
27
8
0
19
31
25
5
13
17
13
31
29
13
24
14
4
13
30
27
15
10
9
9
1
25
14
25
4
0
0
27
4
10
23
28
0
13
22
30
0
27
25
9
7
20
5
7
23
13
6
7
24
7
22
4
29
19
26
10
31
10
8
12
18
9
9
20
22
12
2
20
28
12
13
31
30
30
15
23
14
19
21
31
4
12
18
7
28
24
18
15
13
11
2
0
31
7
24
26
20
25
1
13
27
24
16
14
27
13
26
6
26
26
0
25
17
23
7
30
10
16
25
14
17
13
27
21
0
31
7
4
8
14
26
30
28
29
12
25
28
1
5
6
12
11
20
3
10
12
8
21
18
7
3
14
4
5
24
14
29
13
31
5
16
18
10
24
1
5
12
17
5
16
27
27
26
9
26
3
30
15
0
20
11
26
23
10
1
6
16
8
27
12
23
8
23
25
3
28
10
12
21
25
24
3
22
2
26
31
0
5
4
3
11
28
9
12
6
11
16
8
7
3
16
12
17
20
5
4
31
20
29
21
25
4
1
16
17
20
25
23
30
5
9
8
31
15
11
27
18
7
21
17
1
10
19
16
26
28
26
8
6
18
3
29
17
1
13
16
12
26
14
4
28
24
30
31
9
22
19
30
5
4
31
20
31
5
5
19
11
2
23
13
23
7
6
22
16
21
12
23
1
8
1
21
2
6
8
15
4
5
11
10
15
29
13
22
16
1
4
15
3
14
12
6
19
16
14
0
12
9
21
4
19
0
2
11
14
22
15
3
23
29
24
21
23
9
21
11
29
11
13
13
17
10
23
14
20
15
1
15
10
24
14
17
14
16
25
14
0
30
16
7
7
27
29
6
1
17
5
20
30
26
26
17
28
4
20
9
28
13
5
11
26
4
30
30
30
25
22
8
2
29
4
17
23
28
9
8
21
21
29
18
31
23
17
15
11
29
28
0
23
19
19
12
0
30
20
3
4
11
14
5
24
17
9
21
3
26
6
5
25
22
9
11
8
20
2
27
2
26
23
25
25
13
27
31
10
22
13
3
12
8
22
4
13
5
21
20
16
6
25
15
16
9
21
11
0
16
23
4
29
24
5
4
30
25
27
1
2
25
28
27
25
2
26
29
28
0
3
11
8
25
13
4
10
14
14
18
29
29
28
7
22
19
19
24
18
8
22
20
16
16
18
26
14
4
18
27
8
5
29
19
17
18
10
31
21
11
6
24
27
3
6
25
29
31
31
23
18
22
5
29
8
22
4
16
2
19
26
28
29
10
18
10
6
19
7
22
20
27
19
1
24
25
3
20
12
12
4
9
18
6
6
23
28
30
29
30
0
12
6
14
31
27
24
4
28
23
22
12
15
0
20
26
24
30
9
16
12
7
24
19
15
13
16
6
2
5
31
16
13
0
14
6
15
1
0
18
7
24
5
18
11
1
16
17
3
27
10
22
24
0
2
14
12
6
3
26
19
11
19
27
23
10
18
14
25
23
10
17
24
10
26
27
2
12
15
2
17
8
7
25
5
0
1
22
18
19
10
2
21
19
5
21
7
11
2
29
13
1
17
28
19
2
8
1
17
26
10
9
3
25
6
7
7
18
26
12
17
17
17
17
8
31
13
2
1
3
26
0
10
23
8
15
15
12
3
28
14
24
12
29
23
20
5
29
2
10
9
14
19
16
25
4
23
15
30
20
21
14
7
6
21
3
25
20
31
21
21
10
23
5
30
28
20
16
14
8
7
25
2
8
5
2
18
15
21
20
2
25
11
6
22
15
23
20
13
7
28
20
13
26
18
8
18
27
29
18
6
15
16
3
1
28
27
19
7
3
9
27
26
2
6
16
18
20
22
4
20
13
14
22
20
7
1
15
13
25
10
6
19
15
1
18
29
15
22
15
7
3
31
19
20
1
9
12
12
24
9
11
28
1
17
0
16
9
7
11
18
22
0
28
8
7
7
9
28
5
26
9
2
11
26
11
23
11
28
4
30
19
18
26
28
3
13
3
1
4
30
18
0
12
23
19
1
27
25
23
9
2
31
21
30
24
16
30
6
10
5
17
12
17
11
27
8
17
13
29
17
8
9
7
19
13
16
25
6
21
21
2
17
27
17
31
23
15
15
17
4
16
9
18
0
30
10
28
27
29
28
9
11
9
28
22
27
22
8
22
13
18
31
9
15
17
20
29
16
26
17
2
18
18
30
27
18
7
17
31
8
16
30
27
20
12
3
11
14
1
2
21
11
11
2
8
1
14
7
6
24
5
10
12
10
9
26
3
21
6
27
0
10
21
29
12
28
0
16
28
5
3
14
30
11
3
23
18
7
1
11
11
11
14
9
2
7
6
17
3
19
2
6
22
12
24
20
15
23
21
7
8
24
22
2
3
0
22
31
2
31
11
17
9
8
7
27
16
6
2
6
22
23
25
9
23
29
11
27
22
30
10
5
5
24
4
23
