0
30
61
46
53
77
11
60
37
72
22
56
65
59
0
34
45
5
40
25
71
18
63
69
51
59
28
29
35
13
33
58
12
21
32
17
38
72
73
9
50
68
2
26
49
36
20
59
7
2
51
55
31
11
14
60
3
38
53
67
55
2
7
1
72
44
37
66
6
11
9
54
72
37
70
5
42
77
34
65
24
66
61
22
59
11
61
62
45
68
75
3
62
23
23
31
13
32
56
38
74
28
33
13
4
73
22
25
73
58
63
51
47
24
2
12
28
14
60
12
2
43
8
36
0
61
5
79
3
70
2
13
18
52
30
24
31
11
9
33
32
40
36
11
75
24
75
46
29
29
57
30
7
50
35
31
76
26
54
8
33
44
52
71
77
60
68
14
27
39
34
50
62
36
33
78
56
13
75
39
23
39
62
39
61
33
7
69
28
52
70
39
41
56
72
51
59
43
79
19
5
12
25
24
58
48
40
31
76
62
61
65
53
6
23
53
41
5
51
75
44
77
56
59
70
53
62
76
54
33
44
52
69
12
24
37
58
18
55
44
14
66
38
6
71
17
24
38
46
6
68
56
14
58
57
55
19
47
50
10
69
14
14
0
21
20
59
55
61
48
15
12
57
48
39
7
68
40
39
27
20
46
34
27
25
28
79
78
48
12
36
40
40
74
49
28
5
9
78
22
12
21
20
48
24
24
24
5
24
67
53
55
76
71
68
14
60
26
42
77
9
14
6
69
41
69
60
58
34
32
25
27
18
38
58
37
19
17
40
70
49
41
74
49
45
67
3
5
64
1
11
54
3
65
51
14
64
47
72
6
15
21
14
28
47
35
49
35
18
32
26
24
15
10
48
65
16
13
73
47
7
67
20
25
57
20
6
50
60
10
25
53
25
73
4
0
79
34
61
61
73
43
41
49
11
20
74
76
37
15
33
75
30
13
64
33
69
5
63
1
61
60
25
47
23
78
0
39
53
55
5
9
72
37
22
74
52
70
69
71
18
28
15
55
8
62
17
44
1
16
26
39
73
67
1
13
46
3
78
15
12
12
46
32
26
50
64
37
47
38
15
54
30
2
21
37
54
50
2
75
4
1
70
26
8
10
34
15
35
63
79
38
61
23
45
15
11
9
36
78
18
76
7
69
62
52
53
52
4
33
17
32
11
44
65
16
11
66
36
79
23
24
71
26
54
35
8
0
43
13
58
65
36
74
29
52
49
17
79
15
21
68
45
70
34
69
11
8
35
21
1
6
23
1
44
79
30
70
75
57
77
22
18
57
42
40
19
36
61
34
78
12
48
3
47
4
71
34
16
41
46
13
49
58
43
6
9
55
26
76
4
77
13
56
24
48
59
0
67
6
43
21
49
42
7
57
29
19
52
51
59
34
63
53
8
38
63
9
57
75
56
34
19
9
25
20
9
7
73
39
42
63
16
59
1
73
69
77
68
30
66
27
63
52
69
50
23
0
41
33
40
60
19
5
7
0
29
68
50
72
18
37
1
27
43
58
16
41
17
65
21
57
17
48
25
63
18
29
66
31
51
30
66
64
79
40
32
64
0
8
26
26
16
68
64
64
79
74
61
35
24
12
37
23
16
73
57
23
16
33
56
46
20
31
74
77
42
29
73
73
57
71
12
0
70
75
77
71
21
0
14
65
36
47
30
76
76
52
10
3
44
31
27
29
68
64
11
18
20
77
55
69
35
47
39
49
21
10
45
27
16
35
75
48
44
51
53
71
18
21
10
16
44
4
73
14
64
24
17
42
79
21
13
56
27
44
10
42
45
54
38
23
57
39
7
60
28
15
67
26
28
41
70
68
15
9
79
48
65
37
10
27
18
64
70
48
27
32
68
19
71
71
47
43
38
10
46
55
14
15
2
67
77
3
67
75
60
51
74
51
78
0
33
9
38
56
41
23
13
78
5
39
38
3
78
48
27
44
54
63
58
69
22
8
2
39
71
76
47
4
29
61
49
16
62
8
66
55
19
71
75
60
59
25
2
8
11
70
32
30
17
52
66
20
79
29
36
37
27
55
75
54
19
23
54
67
6
1
74
14
54
43
22
63
27
59
74
41
0
15
9
8
18
22
3
57
65
54
19
33
42
26
28
49
75
70
31
46
64
57
23
62
16
76
0
30
53
41
24
0
25
53
46
49
9
12
25
67
5
20
22
34
6
39
44
14
6
18
66
4
17
2
45
42
50
10
73
42
74
8
68
32
17
42
28
57
1
37
3
78
42
48
49
74
72
64
58
33
24
38
67
33
19
75
59
36
30
47
50
64
42
2
1
33
76
51
3
75
48
23
36
65
45
45
27
52
79
51
7
9
61
13
26
46
36
79
51
45
72
56
10
51
3
22
28
78
52
17
43
58
19
49
4
58
45
31
34
62
28
63
51
39
73
71
43
5
50
59
60
23
64
43
73
74
65
41
79
30
31
14
34
48
68
14
21
55
22
78
71
54
63
2
73
50
37
34
69
4
78
78
8
56
41
30
67
71
62
49
77
14
7
5
29
56
67
77
22
55
78
19
74
26
15
66
9
40
17
31
28
13
65
2
33
25
79
15
51
48
62
6
62
69
44
35
40
22
6
31
72
12
77
20
63
60
31
56
7
66
72
10
31
28
6
17
3
20
47
30
12
24
40
48
28
22
49
4
17
61
58
2
36
59
41
72
3
72
42
45
8
70
66
67
38
16
32
8
13
18
44
66
76
18
7
43
4
20
10
22
63
63
20
37
27
53
32
46
36
46
55
65
29
77
3
60
47
76
50
63
72
56
35
58
28
55
23
63
54
10
47
13
19
51
52
47
31
8
36
26
15
41
13
29
40
39
76
43
77
9
60
40
1
51
53
29
1
69
38
60
64
57
19
59
69
67
54
1
8
59
3
71
68
46
76
72
18
58
12
45
4
79
45
10
46
4
66
4
41
7
73
35
47
6
17
61
43
11
21
57
11
1
68
27
77
6
54
45
31
16
34
20
57
53
75
74
58
36
72
34
11
68
54
1
37
19
43
62
16
5
22
27
50
52
30
7
29
44
59
50
43
53
21
10
75
39
43
46
65
26
79
25
4
17
53
42
31
49
62
25
4
78
26
61
35
45
37
38
70
34
69
66
32
36
67
42
68
74
7
16
46
78
43
35
66
19
40
21
69
56
38
56
16
32
21
41
2
54
62
40
52
70
66
35
30
29
64
5
49
76
32
13
74
72
9
33
28
64
