57
62
57
0
6
34
32
35
31
19
47
61
26
30
23
14
24
14
27
10
46
11
41
11
24
35
48
18
42
39
9
63
34
55
16
61
56
23
17
28
42
27
20
1
48
27
46
25
12
42
24
62
61
40
13
10
18
11
26
47
31
63
21
41
60
45
58
30
13
1
12
13
13
35
1
39
42
58
44
3
1
23
58
33
2
40
34
13
51
52
2
59
62
52
60
53
33
36
37
2
53
19
31
19
19
62
0
36
7
8
32
22
40
53
39
34
51
24
3
50
22
40
16
21
35
7
19
41
33
62
60
0
44
21
31
1
47
7
57
63
63
39
29
61
7
5
57
39
51
49
4
0
53
7
52
43
36
38
22
23
2
0
33
8
51
27
49
62
59
37
34
10
18
28
46
56
34
54
22
43
47
24
61
21
59
60
8
58
26
20
59
28
42
37
6
37
24
40
56
50
55
51
23
16
1
35
57
54
19
60
36
23
34
41
37
57
3
15
21
43
9
46
7
17
40
4
3
29
40
1
62
42
42
5
29
25
55
53
22
21
9
2
59
41
63
25
49
25
58
37
55
7
22
48
16
26
5
20
54
33
59
60
63
1
52
24
2
25
22
25
25
15
61
20
24
39
20
2
2
35
3
40
28
56
25
51
62
3
36
39
25
43
46
18
62
61
8
29
22
22
20
28
60
4
8
9
42
55
55
47
25
32
5
11
28
13
11
14
54
46
34
25
4
32
40
49
50
34
62
21
8
13
38
4
32
35
27
47
52
27
28
63
7
8
50
19
61
35
41
33
59
7
45
57
17
46
54
56
45
59
20
54
55
35
27
14
54
39
35
39
19
13
33
5
1
34
46
6
51
29
28
63
44
5
4
8
29
55
34
38
24
24
7
44
37
15
10
31
34
42
53
6
1
51
45
62
24
62
52
62
57
40
11
24
41
13
28
8
33
0
53
28
16
8
28
32
22
33
3
18
57
21
20
3
7
50
42
18
17
29
22
48
46
15
38
3
59
55
20
7
36
11
52
63
55
19
4
9
56
29
27
10
16
11
12
11
48
5
23
14
40
42
55
33
50
51
36
29
33
36
50
10
49
13
2
36
58
21
47
26
20
58
12
33
18
59
19
38
11
46
30
35
21
59
44
9
9
58
22
57
4
21
0
34
37
51
29
38
14
35
9
48
16
48
34
47
41
4
7
56
16
59
4
27
21
46
30
50
29
58
60
45
47
47
53
1
54
47
9
5
60
39
40
22
44
36
44
35
17
4
34
47
13
31
16
50
8
56
60
6
0
37
5
45
18
59
31
38
61
33
22
17
4
14
1
52
38
42
25
5
59
49
18
61
12
25
4
16
1
51
57
9
8
22
36
30
34
23
37
60
10
42
17
56
38
49
32
8
60
51
2
6
40
28
40
61
44
54
31
57
13
53
8
52
23
45
42
34
11
47
63
31
20
19
38
35
5
0
48
63
18
30
41
49
28
4
28
14
32
25
45
9
12
46
21
0
56
61
9
41
41
27
52
57
14
45
3
26
44
28
25
48
5
52
20
18
11
1
17
18
41
36
4
23
28
33
41
59
52
30
55
26
18
61
19
30
2
41
8
32
51
26
17
5
28
28
19
47
32
10
9
6
1
24
21
60
15
16
35
18
10
38
55
2
41
46
12
57
62
49
23
3
35
21
21
53
5
30
32
15
58
52
44
29
44
58
61
61
37
27
59
39
54
48
35
44
36
4
56
54
26
8
58
52
16
49
52
63
47
32
62
18
51
35
32
47
62
38
20
8
52
49
20
45
43
0
53
59
49
61
10
62
63
39
29
51
16
4
53
62
53
54
57
23
52
30
51
24
48
11
54
39
48
14
0
7
9
26
11
11
15
26
20
26
40
45
3
32
59
16
54
2
31
25
6
55
0
15
45
22
54
0
11
27
43
37
33
16
21
9
33
61
28
1
52
58
60
5
6
40
17
45
7
51
10
0
24
58
46
56
43
10
47
2
1
6
4
12
54
26
19
17
14
36
57
36
30
23
15
39
47
2
7
27
41
55
50
15
36
11
37
59
45
19
63
41
44
45
42
50
50
49
33
38
60
15
11
3
38
23
49
12
29
6
50
3
30
63
10
15
12
33
37
37
30
56
52
14
45
0
24
51
10
60
55
45
4
12
27
50
30
3
46
15
21
5
17
26
59
33
10
11
6
25
51
44
14
9
58
42
54
21
8
12
2
25
55
12
11
53
2
63
29
14
38
19
43
48
49
31
7
19
21
7
14
7
43
43
8
63
0
25
15
13
37
43
13
20
13
52
0
50
14
58
28
3
10
32
12
6
12
26
1
8
4
39
44
39
48
30
47
43
22
6
47
43
31
44
12
12
42
43
2
22
9
51
13
7
60
15
23
14
57
20
56
37
55
53
6
14
42
6
46
36
42
15
57
45
7
46
31
44
0
22
57
16
55
3
50
49
17
55
43
15
11
57
43
63
36
13
28
15
48
40
23
43
34
57
27
43
46
52
38
17
39
27
50
19
7
29
19
23
53
20
10
43
16
18
36
37
20
38
33
37
12
44
50
51
60
44
38
4
62
43
56
13
57
26
41
19
50
0
14
56
48
54
61
12
32
55
26
11
5
58
1
33
9
59
48
53
43
30
15
63
6
48
6
17
48
30
27
45
34
18
56
45
2
25
10
44
18
8
54
39
27
17
29
49
35
56
28
31
24
4
24
9
5
16
53
3
60
9
35
32
53
6
22
12
58
16
36
45
5
16
31
23
40
49
13
30
23
19
17
29
60
27
49
29
49
61
0
39
62
1
53
5
30
63
46
31
18
15
39
24
25
43
41
21
30
60
20
38
3
12
3
56
31
25
40
41
31
2
31
63
58
63
59
31
62
33
17
21
44
55
21
53
10
6
23
4
55
54
13
19
22
40
61
1
38
14
46
10
40
32
42
60
37
8
27
3
17
27
12
17
53
9
26
49
54
16
15
36
37
40
42
58
13
6
15
18
32
17
29
16
9
34
26
27
41
33
63
5
41
29
57
3
52
39
48
37
5
23
31
14
49
41
38
13
61
23
30
18
15
42
50
56
58
20
46
14
29
13
36
31
59
7
45
50
2
35
31
62
43
17
9
61
57
25
3
51
34
24
24
39
10
2
20
34
35
49
46
56
22
47
32
10
23
24
27
50
45
11
1
47
6
44
48
26
0
27
39
18
47
53
32
30
54
39
48
51
58
61
17
34
18
26
32
35
29
