19
37
25
17
12
10
15
22
29
0
19
24
21
13
26
22
31
30
9
41
1
29
3
23
4
34
30
47
3
28
8
45
15
45
47
21
31
5
25
0
43
11
9
17
24
21
36
0
23
43
5
1
32
17
0
37
21
23
31
47
34
34
41
31
15
29
46
28
24
33
11
42
44
40
40
13
6
46
10
45
44
30
20
17
22
17
28
45
14
0
24
1
28
10
29
11
28
13
32
45
36
37
3
10
36
35
45
23
43
8
30
10
18
10
33
38
33
44
46
12
1
25
6
37
34
14
5
47
2
6
35
25
35
0
16
46
16
39
41
15
33
21
16
37
41
22
3
20
9
35
32
31
19
44
22
12
18
0
16
36
14
24
45
8
33
9
25
1
20
34
7
3
40
30
37
18
20
31
14
36
19
26
47
30
10
37
38
23
33
11
21
40
45
47
41
45
43
12
11
34
11
40
31
14
47
42
43
12
13
25
32
31
13
30
40
3
20
7
40
5
18
25
44
23
14
15
14
47
20
5
29
3
21
32
6
17
4
41
25
29
47
46
39
7
3
15
42
20
37
12
34
1
37
42
5
46
17
9
16
35
43
27
7
38
10
28
25
24
38
27
16
37
31
2
33
34
34
22
22
15
35
36
31
13
22
32
6
35
1
20
33
0
0
47
27
5
4
17
26
22
11
44
2
14
41
15
35
24
4
12
10
25
5
36
8
8
46
28
47
9
36
14
38
26
0
22
9
22
46
37
11
42
30
3
26
20
38
4
45
33
23
12
9
38
4
4
22
34
34
35
42
41
3
22
5
11
40
47
7
11
27
31
18
30
44
45
32
42
19
2
34
36
3
13
12
19
28
23
3
22
9
18
23
37
37
4
37
41
4
10
35
26
6
29
28
10
1
46
15
19
16
30
2
40
18
2
14
17
2
44
20
15
17
35
37
3
33
27
11
21
33
8
22
2
1
2
31
7
16
20
25
46
47
21
3
1
23
40
16
23
0
26
41
24
34
23
9
4
10
38
19
28
6
21
21
9
10
38
36
12
33
39
4
31
32
31
37
22
47
7
20
6
20
13
43
29
35
41
15
4
1
20
23
19
40
13
21
26
28
13
47
40
33
47
23
10
39
42
43
5
26
20
26
15
37
33
45
20
11
33
36
37
15
32
29
29
23
40
11
42
38
19
26
24
13
29
21
38
26
17
39
15
36
19
21
40
17
24
5
8
31
28
43
15
16
33
32
17
0
29
24
8
0
46
24
18
17
8
26
20
45
19
21
23
2
43
12
31
44
12
26
7
24
22
40
45
19
26
42
45
34
38
39
27
38
1
1
39
24
18
26
28
38
21
8
12
27
37
28
23
15
25
16
46
21
42
30
8
18
17
46
23
7
35
27
18
3
9
40
35
15
43
25
39
35
19
39
21
39
4
14
26
25
45
12
40
42
26
26
22
41
47
27
2
16
45
15
41
27
11
17
19
8
46
47
44
14
43
3
32
6
42
2
1
1
19
24
21
18
5
32
46
2
27
7
43
0
32
32
44
11
30
21
30
43
19
15
39
36
6
44
15
46
10
30
16
13
32
0
46
28
42
28
22
9
3
5
47
47
37
46
45
1
40
24
40
41
32
47
36
4
36
33
35
13
5
41
14
16
14
14
31
29
3
44
26
23
24
47
6
17
12
33
12
9
4
2
39
22
30
33
14
40
39
0
25
12
12
39
16
33
4
42
0
9
21
23
27
31
27
35
43
32
27
16
41
23
29
11
24
44
44
8
27
25
38
9
16
6
29
22
17
6
16
14
25
11
6
7
40
43
14
29
11
34
9
41
33
31
18
28
14
41
10
47
5
3
42
27
5
18
27
21
15
23
18
34
32
38
3
9
19
28
44
20
38
41
35
9
5
20
44
36
18
19
3
42
40
12
27
1
15
28
41
8
30
0
28
7
11
11
19
16
26
33
0
29
32
31
30
32
37
13
38
15
7
13
6
32
39
12
4
21
25
36
15
16
34
46
24
29
18
0
5
6
43
23
43
19
44
27
9
29
33
38
39
31
43
23
30
7
29
18
12
45
20
27
15
34
38
38
42
42
37
6
16
47
17
20
17
34
45
13
12
40
4
41
41
37
10
27
35
13
26
30
16
6
40
8
10
7
16
2
24
28
12
44
18
9
33
5
35
42
28
1
6
35
44
36
12
23
30
22
17
44
29
17
17
8
32
30
34
35
29
18
2
10
13
35
30
21
24
1
13
26
16
40
19
8
4
40
44
1
12
43
45
38
20
5
47
27
36
23
45
39
46
18
33
3
22
34
25
34
42
7
39
37
7
14
7
44
27
22
42
6
30
8
29
11
31
36
30
10
14
2
45
33
13
20
43
14
0
8
14
6
34
24
2
0
45
34
36
3
27
43
11
12
43
46
6
29
39
22
21
46
3
32
9
13
5
20
14
34
4
1
32
2
43
0
20
36
7
32
8
1
32
33
23
9
28
33
28
5
24
46
14
8
44
47
5
4
10
41
43
0
7
23
46
35
44
20
6
26
37
30
39
45
38
38
11
35
47
10
5
6
8
13
9
34
43
39
24
20
42
36
0
25
43
41
17
30
1
37
13
4
2
47
2
4
1
10
7
18
19
39
23
38
11
13
32
2
35
10
24
6
19
19
44
4
24
27
0
2
27
10
41
10
25
44
8
7
39
22
38
26
31
25
19
7
25
46
28
39
33
7
34
13
10
39
4
14
4
20
42
13
24
36
31
6
41
25
39
26
41
7
16
25
17
18
6
1
27
2
41
35
19
9
14
1
47
27
9
11
1
10
19
46
28
34
22
19
28
20
11
28
3
12
40
16
40
18
44
2
47
18
13
42
24
17
45
4
16
16
45
30
37
17
20
3
30
11
28
5
31
8
35
31
25
14
21
8
11
4
9
9
23
13
8
29
10
16
39
34
29
8
39
46
5
5
44
26
2
36
46
2
25
38
15
34
0
17
32
25
18
7
26
12
11
40
36
14
36
10
17
5
29
14
35
38
21
23
40
3
42
22
16
41
42
37
35
42
21
15
8
5
3
45
46
39
43
7
1
31
22
1
32
4
9
35
43
2
37
43
18
29
8
17
15
25
29
31
38
44
32
27
7
15
45
29
36
8
30
38
26
5
3
26
2
46
6
6
24
36
42
18
12
0
21
41
22
31
11
0
7
13
5
18
