0
23
4
3
4
23
31
5
12
27
22
20
5
9
22
1
13
28
17
23
1
8
11
5
21
21
20
14
14
20
23
19
29
31
21
29
27
10
27
7
16
30
10
6
8
5
18
12
30
3
29
9
20
23
10
29
16
20
9
26
15
19
4
6
8
11
10
28
3
31
22
15
25
11
9
4
30
7
20
23
28
29
15
31
15
25
22
11
17
30
24
23
28
17
0
20
31
2
3
25
11
3
17
2
2
19
17
4
6
18
30
9
25
10
17
15
15
18
16
22
26
13
0
26
20
20
1
14
26
1
3
16
2
20
26
21
18
2
8
4
8
17
8
30
20
9
5
13
6
21
25
15
15
28
17
2
12
20
8
30
28
20
16
23
11
24
12
9
24
16
18
5
15
0
31
5
7
30
22
26
11
0
7
5
26
26
0
25
25
27
16
14
21
19
28
14
17
15
21
31
14
8
28
25
4
16
21
21
4
27
28
11
28
9
7
13
22
30
24
17
0
0
0
30
9
28
14
16
24
4
10
5
5
10
23
25
15
16
30
4
28
20
23
4
20
6
13
6
4
24
4
3
6
18
27
0
5
17
22
28
1
13
26
20
20
13
31
12
19
4
27
2
23
9
26
0
29
12
19
4
1
31
28
29
5
3
21
17
1
27
10
0
8
24
13
11
4
27
18
26
16
23
0
1
14
26
1
27
20
7
27
29
17
13
13
27
9
25
6
25
14
22
22
16
11
26
6
19
31
7
2
9
3
13
18
6
14
2
7
7
20
21
23
6
3
5
22
24
23
29
18
2
12
7
6
31
29
3
4
16
23
25
30
22
14
13
24
28
28
28
30
30
8
30
28
26
2
11
31
5
22
7
2
25
26
13
14
14
19
3
18
31
22
25
30
4
1
31
8
2
26
4
26
13
26
22
15
5
7
30
10
14
12
26
3
18
25
3
11
10
29
21
27
24
18
3
16
10
14
28
3
9
0
17
12
23
6
29
14
28
12
23
19
2
25
1
30
3
21
19
17
25
6
21
2
13
19
2
13
15
14
28
7
2
8
7
25
1
1
26
4
9
0
26
31
8
14
24
2
30
5
7
11
23
24
16
2
2
21
2
26
7
19
17
22
25
11
27
2
19
24
24
15
10
18
0
19
1
26
16
2
25
14
30
23
10
5
11
23
0
30
0
13
7
1
24
12
21
20
27
24
24
13
19
26
29
26
18
7
2
31
1
0
18
29
0
9
4
1
23
25
3
21
10
15
1
22
26
21
5
16
8
18
10
14
26
20
8
28
12
21
15
29
24
6
5
22
2
31
10
22
6
15
17
19
20
28
16
24
24
5
23
23
9
30
17
20
0
9
4
27
31
31
26
11
19
31
20
9
10
23
24
5
31
13
14
8
31
1
7
31
7
27
28
8
9
13
23
23
6
8
7
7
23
9
14
11
24
5
10
13
1
11
21
19
24
29
2
4
30
31
12
2
27
15
12
3
5
7
14
25
17
6
20
10
15
29
15
16
13
30
24
31
10
22
19
11
0
6
31
24
22
13
9
27
25
0
7
25
14
10
17
5
20
11
0
3
6
10
7
12
7
7
28
17
15
5
29
8
29
13
30
13
27
1
24
12
21
20
3
6
7
12
9
21
4
21
9
0
2
13
5
28
17
19
14
29
14
9
23
27
28
9
0
13
30
2
20
29
10
18
8
15
6
15
9
6
11
3
10
7
7
27
16
13
7
19
29
9
3
15
30
9
19
10
0
3
12
8
12
14
30
18
20
1
17
7
29
17
23
5
21
28
14
3
3
16
20
20
19
0
27
30
15
0
25
13
28
13
30
29
11
29
18
4
20
14
27
21
29
14
9
30
9
8
11
14
10
23
1
17
4
3
26
26
22
30
0
21
14
8
11
11
26
8
1
0
29
9
15
29
12
27
19
26
17
4
22
16
10
12
18
14
25
7
18
5
12
16
6
22
21
29
27
26
13
13
15
22
31
19
2
8
4
26
27
1
27
27
27
10
4
18
8
14
17
5
0
6
26
17
28
21
10
18
0
16
11
29
19
2
8
19
17
6
12
1
28
8
15
0
31
9
15
18
21
3
28
6
30
17
13
29
16
21
26
8
1
12
31
30
7
5
12
3
20
8
16
13
18
20
13
31
8
2
27
22
19
11
16
12
23
15
15
27
9
22
5
24
30
9
19
18
24
30
20
25
6
28
22
2
19
24
27
18
4
11
8
9
9
12
21
26
20
12
19
24
11
28
31
31
15
14
23
13
10
6
8
17
10
13
9
25
1
16
3
12
25
15
29
1
25
16
21
26
25
10
16
23
11
9
5
29
15
12
15
29
18
21
27
15
22
11
30
11
9
25
28
27
1
5
14
23
17
3
31
2
12
4
8
1
18
15
25
4
18
5
10
11
12
10
2
22
18
15
5
13
10
9
2
26
22
2
8
21
3
16
22
3
15
6
31
18
11
27
28
5
4
8
22
19
31
27
25
16
12
13
17
6
31
19
16
3
6
24
28
29
10
23
11
17
6
31
8
6
29
14
2
20
10
24
17
7
8
24
31
1
23
31
14
29
7
31
1
30
0
0
21
3
18
12
8
24
5
11
11
15
6
17
25
10
14
27
12
16
5
28
7
16
9
27
24
25
6
16
20
3
3
18
15
12
5
29
19
18
17
21
17
24
14
16
26
21
31
24
27
31
12
10
0
9
18
13
6
19
28
7
12
0
3
12
17
22
7
29
13
26
4
18
21
1
25
23
22
0
3
30
1
7
12
25
4
27
8
10
23
22
4
10
1
19
11
3
4
2
24
28
6
5
20
12
14
10
1
19
2
28
15
16
4
19
6
15
25
30
18
8
6
26
20
21
29
6
9
5
4
14
2
10
11
13
22
11
16
11
3
18
28
31
20
3
24
23
1
21
30
1
29
24
5
19
0
22
13
1
21
13
19
23
18
22
24
1
11
0
4
6
1
29
29
27
20
23
23
1
9
22
0
27
2
23
30
21
18
5
22
25
28
25
26
30
16
14
13
29
10
3
29
15
8
7
22
25
18
25
3
12
19
17
0
28
4
20
1
26
23
6
31
7
19
4
16
24
11
19
12
6
8
16
27
2
8
22
10
22
26
6
14
16
8
17
18
7
22
4
10
15
26
7
23
7
0
18
2
21
11
1
12
17
21
25
5
2
17
16
30
19
24
30
25
20
11
11
7
22
15
21
12
31
23
0
24
20
13
3
17
19
14
9
1
27
3
6
16
17
9
5
19
28
18
24
30
27
31
4
14
29
25
17
21
5
4
