8
42
47
45
10
42
13
42
8
24
9
16
42
12
47
34
25
9
36
46
26
2
0
1
20
39
22
45
25
16
35
36
27
2
21
20
0
25
12
13
41
20
5
21
39
2
16
4
18
2
25
39
33
29
35
33
9
25
13
25
46
17
13
2
33
33
13
10
6
33
14
31
11
8
1
28
35
6
40
29
20
47
36
14
13
23
30
40
41
15
31
9
4
2
13
19
17
36
22
24
6
12
38
47
16
11
25
15
28
8
44
45
33
40
21
42
28
0
0
42
28
18
21
11
0
16
11
29
47
25
42
34
32
14
0
11
37
16
25
16
40
0
32
36
21
13
24
12
17
43
32
8
34
23
17
8
25
43
38
7
18
22
2
5
44
18
27
6
0
45
12
0
41
20
6
45
24
12
38
3
7
5
19
43
4
47
43
4
14
12
25
30
18
14
43
46
17
28
12
41
27
23
0
29
7
43
46
37
43
30
17
44
7
9
23
32
31
24
6
14
47
7
26
40
26
43
19
24
13
5
8
22
32
34
47
2
30
34
4
41
45
37
11
46
23
19
39
17
1
7
41
32
20
11
38
28
36
30
41
15
26
30
5
31
21
2
29
46
46
28
46
43
22
41
21
39
21
22
29
8
7
24
2
33
12
13
3
6
45
44
41
20
15
35
7
35
15
28
35
7
25
9
8
25
1
0
27
41
15
33
26
13
22
4
39
3
20
38
7
17
35
30
24
2
17
45
14
21
40
34
1
45
23
35
8
0
14
31
6
22
35
6
40
29
10
42
28
13
6
38
7
23
2
43
40
32
3
9
43
15
14
14
22
14
1
44
40
13
11
38
2
33
15
15
18
21
30
10
14
25
40
37
19
31
45
12
23
26
16
6
11
23
32
47
47
14
46
4
24
19
19
3
14
24
37
5
35
10
20
32
39
22
36
46
7
26
38
20
5
39
31
40
36
19
16
47
38
39
1
26
35
2
14
24
46
28
38
32
8
0
34
8
16
35
30
5
4
41
28
42
41
36
4
47
6
21
4
22
3
9
21
2
28
1
3
31
36
30
33
18
11
19
27
20
2
13
30
9
38
43
45
43
33
22
33
22
13
29
25
10
10
25
36
31
37
33
37
28
28
19
30
31
8
11
24
38
26
43
35
9
15
32
14
43
35
31
1
36
14
29
21
35
23
5
34
9
33
15
6
47
0
10
36
9
28
14
44
36
35
38
16
27
33
11
32
16
39
10
46
39
4
37
25
10
13
46
6
26
41
29
27
7
6
20
40
9
3
28
34
9
24
3
33
7
16
12
0
13
37
18
41
8
46
18
41
14
1
39
33
22
34
14
9
18
43
2
20
44
26
23
39
4
35
28
33
34
32
8
10
13
4
0
25
34
32
14
47
13
22
45
5
0
3
31
15
31
47
14
0
19
5
45
7
19
41
14
11
46
23
39
4
41
16
46
21
40
29
7
27
3
47
15
43
30
23
21
5
41
37
9
39
33
23
37
17
10
44
44
28
29
1
40
44
18
36
11
25
15
12
7
12
8
44
3
11
35
4
7
29
44
32
2
20
34
24
36
1
14
39
42
18
5
44
15
43
23
9
42
22
36
42
17
7
9
15
35
6
12
29
34
34
19
2
44
37
7
22
31
2
32
38
5
12
27
19
16
4
9
24
33
15
42
34
17
26
17
22
46
20
44
12
34
20
8
3
14
25
25
26
40
9
28
40
27
28
18
38
17
44
12
10
40
33
44
32
20
30
30
29
39
10
1
40
29
44
38
0
26
10
36
24
30
44
43
18
47
15
5
7
19
24
36
15
35
17
29
4
21
30
3
12
21
47
23
16
35
17
20
21
32
6
24
11
19
26
12
18
32
5
3
40
6
27
7
35
19
22
43
10
44
3
13
38
23
28
38
46
19
27
36
29
3
5
34
21
28
31
14
38
35
18
43
1
38
36
43
12
22
37
3
11
42
31
40
39
43
21
11
27
30
29
10
30
42
22
21
26
4
47
10
1
22
4
37
22
12
12
25
42
21
19
20
0
26
19
16
34
23
36
3
18
20
21
40
47
38
46
24
30
15
1
5
33
31
16
17
39
4
5
38
31
7
6
42
40
4
40
10
45
47
20
7
44
13
33
43
25
1
18
25
34
33
35
2
39
4
18
27
27
27
39
27
26
8
6
37
43
23
36
7
17
22
9
13
19
16
10
23
38
6
39
3
39
36
10
20
24
3
17
27
5
16
12
14
13
42
40
6
32
17
23
18
2
17
8
15
31
3
4
8
42
16
38
19
34
45
33
19
8
0
4
18
29
16
28
6
32
27
11
1
18
40
35
13
20
47
32
38
22
22
11
34
0
3
23
39
30
10
18
30
31
27
31
26
3
37
3
11
41
8
25
37
29
20
35
35
36
10
46
9
13
29
24
23
41
34
26
25
11
27
2
14
12
21
27
39
32
41
13
2
14
42
17
34
21
46
18
46
7
22
36
35
15
5
44
28
41
5
31
11
43
47
15
47
2
29
22
33
41
44
29
20
32
10
11
17
33
26
38
12
31
45
19
0
25
37
39
23
31
1
37
15
29
31
39
26
14
47
45
5
45
0
5
3
31
4
8
27
5
26
36
14
10
2
24
19
34
20
45
30
21
1
5
41
23
11
8
1
42
8
43
43
47
11
17
28
0
17
47
45
37
8
6
47
16
7
6
7
47
18
44
44
28
18
22
16
15
13
27
10
22
28
21
31
3
38
35
5
18
40
11
21
35
36
30
38
4
34
17
26
3
20
40
4
6
44
31
19
41
23
26
2
24
16
19
6
24
4
47
2
6
9
44
24
27
44
25
5
32
24
23
45
2
24
15
30
41
36
43
23
8
9
37
42
0
35
45
36
29
42
42
37
12
23
2
41
28
6
40
26
29
37
30
26
46
1
9
42
29
19
1
46
11
1
9
26
24
39
29
20
9
16
41
9
25
27
44
30
30
18
32
12
7
12
13
8
17
1
17
10
46
45
0
19
11
24
46
45
0
1
42
34
5
29
8
19
23
23
12
16
26
42
37
0
46
28
15
27
33
43
20
32
45
34
10
8
37
9
16
32
17
18
38
46
20
37
5
42
11
20
5
26
1
17
3
21
4
37
33
37
3
16
46
4
44
10
39
28
45
6
7
34
9
45
42
33
15
32
30
40
41
30
40
46
34
37
32
42
31
37
46
39
47
41
47
16
13
13
38
31
45
12
15
1
25
27
1
21
27
10
1
27
