59
63
67
20
42
60
18
1
77
75
61
8
78
52
59
51
59
7
76
36
48
49
42
69
58
3
59
32
56
54
67
43
71
30
51
33
30
44
19
46
60
43
3
59
42
27
63
36
52
64
10
42
34
19
58
63
40
51
8
21
27
23
11
11
53
73
62
5
10
23
1
9
21
52
12
78
77
16
12
44
41
18
24
28
43
11
16
11
44
31
72
73
47
33
69
10
38
68
44
8
77
55
64
52
7
72
18
33
49
3
44
22
9
26
61
21
56
65
74
41
34
17
12
15
36
23
63
75
25
57
54
48
20
64
17
56
3
45
27
24
60
49
40
33
50
76
51
71
30
18
46
14
56
44
79
1
67
49
79
38
68
62
56
28
34
28
39
25
78
51
0
47
11
4
66
37
32
63
76
49
46
79
70
43
45
52
70
29
3
71
17
73
39
41
78
74
23
22
51
79
62
25
6
38
37
10
73
66
45
61
41
37
53
79
67
55
6
42
0
6
71
73
76
18
31
36
54
24
28
13
79
69
15
57
48
41
36
28
59
5
22
53
12
70
46
30
47
72
33
64
22
14
49
75
52
4
52
78
31
76
23
70
77
0
33
76
9
34
59
6
50
0
9
19
55
22
10
47
69
14
55
78
33
73
46
46
21
59
24
0
51
47
71
8
75
63
28
18
63
62
64
31
53
64
43
41
28
61
1
68
52
9
13
10
8
53
59
24
41
50
40
29
7
54
74
13
62
61
26
19
1
32
48
75
12
0
70
74
43
45
12
22
23
5
56
7
6
33
14
49
48
36
68
77
3
39
71
56
58
45
75
6
36
79
74
25
5
34
50
79
74
71
21
64
2
42
31
3
79
18
38
21
0
41
37
57
76
65
9
78
22
71
4
17
31
47
65
78
18
18
10
73
53
46
19
46
30
4
66
18
11
40
32
57
60
59
49
31
19
40
70
18
78
11
63
3
40
29
19
69
61
58
41
44
55
68
53
53
74
15
66
3
31
35
54
32
66
58
57
2
71
0
37
5
7
75
69
60
27
50
30
4
39
7
15
56
77
2
25
27
76
14
39
54
72
11
34
35
1
76
3
64
16
66
32
38
61
77
45
43
31
12
47
46
71
34
70
34
5
9
1
70
55
40
30
34
54
70
15
29
8
42
43
53
40
77
15
60
71
65
38
74
35
73
66
8
12
9
3
47
73
76
68
70
5
1
38
29
32
19
11
44
13
21
72
44
23
37
35
69
51
39
60
30
47
21
49
54
9
1
6
76
32
3
9
32
31
41
28
75
45
57
23
72
44
20
67
65
13
52
73
27
48
66
16
11
39
16
26
14
69
29
8
40
54
23
40
9
64
49
38
61
56
7
32
24
12
27
69
9
39
10
17
17
44
65
0
16
39
25
44
38
27
2
43
30
18
22
29
57
38
26
50
4
45
27
68
21
16
70
70
77
17
13
34
43
79
15
45
19
37
43
0
32
68
78
32
15
17
25
58
13
29
32
24
14
68
6
58
11
26
46
26
71
54
40
1
36
27
4
6
25
65
64
13
6
32
65
58
42
62
64
69
36
37
7
36
32
9
75
67
17
48
56
39
79
50
22
12
72
16
49
20
72
62
42
30
73
58
34
55
46
61
57
17
29
18
41
72
76
6
75
49
41
14
74
66
71
35
34
61
28
78
59
38
7
8
28
7
54
42
57
63
63
24
14
2
15
6
19
76
40
61
55
61
53
36
38
9
7
67
11
77
66
39
59
31
2
4
33
54
3
14
74
66
27
65
63
52
28
24
31
77
33
44
22
38
23
63
40
62
42
54
37
20
57
21
68
8
29
74
58
29
74
0
58
29
38
22
74
4
31
19
1
73
2
25
41
63
1
28
71
6
18
8
10
35
49
16
51
14
45
9
26
36
65
47
8
38
31
37
48
31
58
48
52
7
33
57
63
32
38
43
14
55
19
49
37
20
17
78
23
44
16
54
24
37
50
69
50
6
75
51
66
3
5
54
19
49
22
15
45
56
37
27
26
49
51
75
0
2
5
68
35
58
48
10
11
60
15
41
43
41
26
20
13
69
70
24
21
29
3
39
26
70
24
74
43
67
15
29
15
10
31
44
33
66
4
74
36
75
75
25
47
34
0
54
22
78
57
57
29
22
72
39
76
66
73
47
67
28
43
49
52
62
56
43
78
19
4
19
12
1
35
14
61
72
39
12
13
50
64
8
46
76
25
46
62
15
42
68
68
45
24
57
46
58
20
47
33
44
23
71
14
51
67
13
36
50
75
36
57
65
29
32
53
7
57
51
68
1
25
27
35
8
50
48
44
13
50
1
73
71
77
35
34
2
68
47
59
68
11
72
67
17
37
34
69
69
36
47
61
10
41
23
47
52
17
23
60
10
79
39
48
19
60
16
6
16
17
20
10
62
4
55
9
31
53
4
37
25
17
56
77
79
70
75
66
64
72
30
75
30
79
16
35
61
78
55
48
23
72
69
64
26
50
37
0
2
12
65
59
26
31
14
73
30
12
55
14
14
3
11
18
28
60
53
7
5
18
59
22
2
52
58
13
54
69
27
42
25
67
13
48
77
22
37
5
70
66
79
53
12
42
35
15
65
16
27
41
45
67
35
76
65
49
51
22
70
17
65
6
3
67
59
5
0
17
49
51
33
30
60
62
5
0
62
23
46
20
30
26
39
60
14
6
78
3
79
54
5
40
25
56
34
33
53
68
65
11
4
48
56
43
63
39
21
63
52
2
20
27
42
16
63
72
21
64
5
60
26
73
2
67
15
20
2
45
59
9
16
47
28
68
2
8
28
13
64
62
10
58
50
7
77
13
24
28
20
56
16
40
24
79
27
15
35
46
64
76
39
11
13
18
72
24
65
25
55
20
48
77
78
26
60
18
31
0
46
19
4
24
36
11
79
58
2
55
40
43
60
20
50
57
73
21
66
51
55
10
56
64
24
62
20
69
67
53
2
8
8
56
1
48
59
1
23
35
21
60
21
52
67
19
38
53
62
77
33
74
5
76
13
26
7
29
20
28
61
25
45
51
52
62
35
4
55
26
9
46
12
23
26
10
69
71
73
29
74
33
72
60
21
42
4
12
34
71
63
79
42
4
9
55
7
45
78
5
16
36
51
40
74
33
35
46
34
54
50
58
44
38
6
66
69
30
