12
29
14
24
16
22
30
4
20
3
19
11
5
23
24
12
1
28
4
11
8
27
25
7
12
18
25
13
24
5
21
8
19
13
9
12
9
23
5
17
17
2
28
20
0
23
4
24
24
14
16
16
20
21
25
5
2
27
16
9
23
26
22
7
24
25
16
13
30
13
20
13
30
16
21
0
1
4
10
1
15
0
6
13
25
12
19
10
17
7
3
21
1
6
9
18
29
25
1
12
4
2
18
9
20
31
28
11
13
19
1
25
30
31
4
11
2
14
16
0
10
16
9
19
10
18
10
28
31
26
6
21
27
24
11
30
29
26
8
3
19
4
4
3
21
7
16
0
16
27
13
25
24
3
4
1
4
29
0
22
30
8
30
2
15
0
31
4
12
27
24
25
3
16
20
17
16
10
26
0
29
2
12
13
6
12
21
29
19
2
18
0
10
23
16
31
31
19
0
0
11
18
4
22
4
27
30
31
15
26
31
29
28
28
19
13
23
17
22
31
20
30
16
18
14
29
29
21
16
25
29
3
26
2
14
19
23
19
29
3
15
22
7
26
13
23
30
27
26
9
28
5
22
21
31
22
17
25
15
11
26
15
9
1
27
4
26
24
7
19
24
0
3
3
3
17
9
14
10
0
7
24
17
23
2
4
30
2
2
21
3
28
26
24
18
12
27
26
12
1
10
19
17
14
21
10
22
25
28
7
9
12
13
26
18
0
20
7
5
15
6
10
25
2
24
10
1
24
22
28
18
4
15
21
30
22
15
31
15
3
7
9
13
2
29
18
2
21
19
23
27
1
11
11
28
1
11
10
23
8
4
22
0
29
20
22
23
27
21
31
11
30
27
29
29
13
31
0
6
20
25
27
30
31
8
0
31
25
13
12
11
20
11
3
24
19
5
25
20
30
20
15
5
11
2
21
10
21
2
2
31
3
27
18
2
28
15
20
3
6
15
20
27
19
13
7
2
5
27
18
31
3
23
5
25
11
11
27
21
15
21
2
9
4
6
29
27
15
14
5
16
17
1
23
10
19
11
16
11
1
9
31
20
7
8
27
5
10
20
17
16
11
29
29
6
8
25
9
15
14
28
31
22
20
15
0
3
15
29
24
13
2
31
11
15
19
22
6
5
11
31
1
7
26
8
17
25
2
23
12
7
28
22
4
3
29
13
8
26
2
9
27
15
24
28
1
25
5
19
4
12
2
12
29
25
16
30
2
10
2
15
16
22
7
13
21
13
28
22
28
15
24
11
26
6
24
8
28
7
18
26
2
20
26
11
13
7
10
14
30
20
23
26
14
23
10
4
5
2
29
6
25
5
29
29
14
6
15
24
22
14
10
6
3
9
9
16
29
20
11
6
18
26
31
21
23
8
30
5
13
18
26
14
25
4
31
11
19
13
20
22
25
12
13
16
17
14
1
1
11
14
5
15
30
23
12
1
29
5
20
11
23
30
12
10
22
5
12
11
9
18
15
13
23
26
2
0
17
28
22
6
23
24
8
30
22
8
13
21
7
17
0
15
22
16
1
17
29
20
27
4
20
20
28
14
30
0
18
5
22
8
16
30
28
13
24
11
25
19
7
9
13
5
21
3
28
5
10
17
8
31
18
20
7
24
5
31
7
27
20
18
4
23
21
18
31
10
21
10
4
9
5
6
12
30
3
1
27
30
25
19
10
14
8
13
3
10
4
20
18
12
1
5
21
20
13
3
13
24
0
21
29
31
10
27
0
8
24
29
14
6
11
12
21
9
27
31
27
11
21
30
8
12
26
12
0
14
17
11
18
0
10
30
24
9
9
25
14
10
28
8
9
25
12
27
20
13
16
0
3
22
20
4
21
7
27
16
8
19
22
27
30
15
7
6
1
5
9
13
31
23
2
24
21
17
29
29
17
4
23
23
24
14
27
21
13
2
28
7
28
17
6
22
7
6
5
13
29
25
5
7
25
12
29
27
9
17
17
15
28
1
3
17
27
16
24
3
23
26
5
1
1
1
18
14
7
20
22
15
7
2
7
2
27
24
1
19
22
26
26
16
20
4
22
14
28
12
8
16
3
28
6
0
19
6
0
12
9
24
17
3
22
31
20
23
12
15
1
6
26
27
7
16
15
14
28
7
19
17
14
7
2
8
16
19
19
14
5
16
29
14
22
15
16
25
8
13
18
6
15
14
5
21
0
29
25
19
18
30
6
7
27
8
21
19
14
22
15
9
18
30
23
11
6
23
28
0
13
10
28
8
14
25
28
13
19
12
1
25
10
18
27
7
14
0
15
31
3
11
31
26
17
26
4
20
21
27
10
13
7
14
17
27
11
27
1
29
12
16
8
8
16
24
22
23
18
0
21
4
16
24
15
2
6
26
6
30
18
4
31
11
0
4
30
23
25
9
9
25
28
10
8
16
25
6
21
25
8
13
1
7
7
2
26
20
12
3
2
19
17
21
3
6
8
7
9
29
23
18
26
17
30
18
19
5
29
14
31
19
18
8
17
4
14
0
11
31
5
19
6
18
30
3
22
31
14
31
27
12
31
2
13
7
4
23
20
14
10
30
22
12
6
8
26
11
9
5
23
1
16
26
18
9
28
19
1
27
12
29
26
10
31
24
11
17
6
29
0
23
1
0
31
28
14
5
18
31
2
0
25
30
18
26
27
8
10
26
17
17
28
18
15
9
11
0
4
24
16
22
30
9
18
4
25
2
16
28
19
2
9
18
6
23
7
15
17
27
22
21
3
15
5
28
19
10
27
28
14
17
17
9
20
29
7
5
10
31
3
22
12
6
0
22
4
10
0
17
30
10
3
0
6
11
19
8
26
8
8
3
20
1
11
16
6
21
26
4
11
6
28
19
3
28
20
28
30
5
29
26
23
23
7
6
8
13
14
31
3
14
15
10
18
4
18
9
8
30
1
9
3
12
7
8
1
1
14
3
17
6
17
9
8
20
25
23
16
24
25
5
9
24
31
8
0
28
12
19
28
1
1
1
3
30
29
26
24
25
29
17
6
23
16
12
12
16
9
14
18
10
3
13
4
17
5
21
7
21
21
0
0
7
30
2
23
17
6
3
9
13
15
8
8
6
5
3
12
23
9
30
1
26
30
22
2
20
2
22
15
4
12
26
10
10
21
27
15
12
24
0
23
26
19
13
11
19
24
5
23
4
24
18
19
21
11
19
22
29
25
24
4
17
5
31
15
24
20
14
15
