63
26
4
66
73
25
54
14
49
78
50
79
28
19
61
63
71
4
35
16
36
56
48
25
35
74
6
32
70
14
53
59
60
3
2
5
21
53
8
3
54
43
18
68
58
71
74
55
79
38
78
71
39
24
42
72
8
43
40
63
20
6
46
46
26
62
73
14
1
3
72
26
77
17
16
16
5
67
20
7
21
10
71
2
49
22
73
9
11
8
18
28
34
45
2
47
33
60
75
51
35
43
70
36
38
17
56
45
23
53
31
79
56
48
16
78
57
42
23
0
9
71
54
50
1
42
68
69
15
69
14
22
48
62
6
50
4
56
3
1
53
33
63
43
22
15
70
18
30
54
3
56
62
55
19
69
29
58
10
25
71
7
9
64
12
70
61
19
65
55
66
55
39
43
68
52
30
11
19
28
51
20
63
59
72
19
53
52
49
18
53
4
13
48
74
34
44
21
71
43
78
28
0
57
71
47
1
57
60
47
10
74
56
54
79
31
46
53
40
17
24
40
71
72
9
52
59
24
62
24
50
1
55
20
30
64
57
77
51
1
5
8
60
27
45
23
28
47
41
69
73
0
44
58
11
33
68
62
31
10
59
17
64
75
67
8
61
51
75
74
77
11
33
51
43
68
27
14
4
9
72
51
10
57
1
27
46
18
11
62
34
23
56
64
64
54
55
27
35
70
20
68
38
26
75
12
48
10
16
16
54
64
6
49
46
66
67
75
72
31
31
6
65
66
54
38
0
42
62
53
51
33
6
37
46
34
42
35
31
12
72
39
3
66
57
53
8
37
58
24
63
8
14
1
61
15
15
4
23
36
37
44
31
4
69
12
71
76
61
47
34
54
47
64
52
26
59
72
29
37
57
75
70
48
60
26
49
63
3
51
7
37
10
35
54
50
11
76
37
28
37
65
14
1
34
38
9
21
28
73
72
1
43
0
6
48
30
30
39
72
28
25
48
64
72
25
1
19
47
47
45
37
25
34
77
54
17
76
22
35
48
32
25
20
16
77
63
29
26
14
32
50
8
58
22
41
7
78
59
56
25
55
65
60
6
43
19
3
78
10
32
7
57
64
15
31
53
39
30
20
61
44
59
15
12
65
21
38
68
49
2
5
78
72
26
41
13
17
13
70
42
34
13
26
31
28
73
16
70
30
16
52
14
18
43
50
14
66
47
10
2
73
17
20
47
15
48
0
72
5
23
10
6
51
59
48
70
8
7
23
29
73
58
21
37
14
37
9
39
69
17
78
79
49
39
19
20
26
30
50
70
18
76
56
6
3
75
51
26
4
40
67
65
29
44
13
33
5
48
24
11
27
64
74
57
19
74
51
62
12
41
13
69
0
40
77
40
64
67
38
20
50
27
79
33
24
54
24
28
58
46
47
55
68
19
52
61
77
27
62
58
50
18
31
2
78
44
11
8
54
46
38
6
44
61
8
9
33
19
75
7
3
45
3
65
37
16
68
45
69
59
21
33
42
37
8
32
71
13
76
49
33
19
45
37
58
36
37
29
19
19
22
52
40
42
67
53
24
34
69
15
61
31
5
35
77
31
69
7
77
12
69
79
2
53
17
1
50
56
4
2
2
6
68
0
5
51
13
64
31
44
42
56
75
76
29
79
78
66
22
58
30
43
56
21
47
3
55
74
52
18
13
69
63
71
78
75
78
15
79
32
74
35
45
3
39
38
6
41
15
6
28
8
33
67
49
7
39
77
15
29
30
58
9
48
22
44
75
4
28
57
22
8
29
49
73
42
62
5
24
12
11
66
79
77
32
32
10
11
17
26
11
33
21
39
24
63
66
30
41
1
49
59
65
6
41
30
73
74
42
59
21
34
35
50
67
36
7
42
26
62
70
9
60
52
60
0
39
2
70
15
34
23
46
74
59
27
40
33
71
61
77
17
41
55
2
12
52
8
4
28
16
44
13
10
19
75
44
67
34
61
59
39
64
66
75
11
38
76
2
7
0
38
41
43
21
23
42
18
29
35
0
22
51
36
23
41
25
12
61
9
75
49
56
49
32
77
60
69
6
27
55
33
70
26
69
23
36
44
1
24
23
4
77
25
65
17
50
66
41
39
60
48
71
53
3
63
15
69
69
78
34
40
50
42
36
66
74
57
29
25
66
2
41
74
46
26
5
78
58
0
43
20
73
76
31
26
45
39
9
28
13
62
72
58
10
78
23
54
9
62
21
7
53
41
26
50
29
78
77
56
71
11
32
66
18
10
49
9
36
4
46
27
61
41
64
6
60
42
14
73
78
60
76
48
29
47
65
17
59
27
37
76
5
34
22
47
12
75
60
41
4
45
68
42
21
77
20
39
12
45
79
66
48
19
41
13
46
22
70
74
36
20
32
27
15
32
46
5
79
5
1
28
44
44
27
18
55
67
71
5
56
27
67
33
40
67
6
68
23
13
16
32
18
72
18
68
20
64
41
62
16
11
54
60
35
68
66
46
67
36
58
55
74
68
21
31
63
55
51
58
65
39
35
24
79
64
19
41
69
17
27
18
36
58
35
38
76
16
63
60
35
33
13
24
76
30
11
25
39
7
29
12
76
36
22
14
34
32
22
65
46
18
25
71
67
60
9
73
45
67
11
70
12
35
7
52
10
44
32
43
79
25
30
43
21
70
15
48
79
57
17
57
43
59
9
76
52
11
64
73
54
14
38
66
18
63
73
76
52
76
51
52
52
10
44
49
75
23
20
57
16
23
61
9
20
63
73
37
0
51
34
47
59
56
79
36
46
69
40
2
47
51
15
0
38
79
43
49
30
26
1
73
77
78
21
3
57
38
39
13
72
13
54
7
68
12
4
43
3
28
22
32
16
38
45
27
14
29
22
32
79
25
40
49
79
16
63
45
48
46
17
33
53
3
19
70
0
38
51
12
55
25
73
14
76
27
8
2
75
51
34
61
60
11
30
4
77
24
68
54
36
56
54
67
40
62
58
28
38
49
58
4
74
49
7
40
24
65
53
5
18
55
24
65
62
27
50
59
44
57
52
9
17
40
44
4
17
12
0
2
34
66
13
40
13
31
29
1
8
72
45
16
61
59
23
57
2
3
35
36
36
10
14
1
52
40
31
45
22
45
56
72
8
36
29
25
76
5
23
47
68
67
61
74
5
37
0
9
55
69
65
7
24
15
63
28
53
37
64
46
71
33
65
73
42
57
63
62
29
65
20
61
30
20
21
31
14
