18
56
61
58
49
33
32
9
42
29
53
55
8
37
43
16
47
43
22
30
63
20
0
56
17
15
8
57
23
29
31
31
44
4
10
10
20
43
56
14
10
31
55
29
62
6
32
48
35
28
20
45
7
8
11
9
1
8
63
5
5
34
24
44
19
19
1
53
11
40
52
51
3
34
10
28
27
0
15
31
49
39
32
42
42
1
5
13
0
41
55
28
15
58
47
27
55
33
61
20
25
55
51
11
56
22
42
6
34
57
44
13
25
56
62
59
3
15
56
29
44
56
34
35
57
23
40
27
10
40
32
15
13
39
24
2
0
56
62
53
57
26
6
34
41
51
11
37
35
37
60
46
25
12
29
25
19
49
9
25
38
31
22
44
35
11
60
21
41
15
42
8
49
47
15
43
45
60
43
11
17
53
52
60
15
19
29
33
39
11
50
47
42
53
5
31
36
20
0
14
15
28
18
41
40
18
20
25
50
42
10
24
44
11
17
46
1
2
7
1
24
6
29
16
28
36
44
61
16
19
45
40
42
49
60
59
24
48
54
14
8
24
1
35
55
18
19
17
52
34
8
45
54
57
50
48
40
3
62
45
0
6
18
59
22
23
49
34
16
6
19
36
62
32
27
6
33
13
43
14
16
9
22
16
34
0
47
26
1
38
38
35
3
34
52
38
3
30
51
58
31
23
36
41
46
41
3
2
47
61
26
51
28
12
30
18
0
18
6
46
35
20
53
4
63
17
24
14
42
48
36
49
6
17
51
49
18
17
5
26
54
57
49
4
30
19
32
57
21
41
46
49
63
22
39
25
39
7
3
35
56
16
16
58
32
59
58
43
25
36
2
58
10
49
21
57
23
23
22
9
18
61
36
38
48
0
61
8
13
43
14
4
0
39
61
2
55
8
0
43
60
19
50
50
38
1
49
56
47
16
1
35
42
49
47
25
54
33
11
8
26
8
20
57
49
6
40
23
7
19
5
58
57
18
24
62
21
60
0
27
48
50
34
58
62
33
9
54
9
0
21
21
41
59
36
9
19
26
53
34
16
52
17
54
24
13
59
2
42
39
23
58
18
46
54
54
26
48
61
44
52
63
49
63
12
26
63
25
27
63
44
40
40
54
4
11
2
36
52
22
62
44
37
9
21
10
59
12
26
59
32
17
56
46
43
4
22
6
31
26
50
40
27
36
55
38
19
20
63
37
47
55
28
6
63
52
42
43
60
22
33
5
45
63
26
6
54
42
5
43
57
43
27
33
38
17
3
61
63
21
52
31
38
62
9
53
55
22
61
54
30
17
46
14
13
38
35
15
12
45
44
24
2
30
55
48
34
31
4
63
56
51
37
31
27
63
34
2
62
33
29
22
50
28
5
20
27
54
29
62
10
3
51
62
31
39
15
59
53
59
22
20
53
32
46
58
14
54
46
0
25
22
0
38
28
50
14
32
12
33
39
14
59
18
50
26
12
61
19
10
50
33
1
22
35
43
29
7
63
1
44
32
31
26
16
38
41
45
46
37
23
60
57
60
45
2
26
39
12
39
49
18
51
32
43
41
11
51
63
60
30
24
55
18
20
2
51
18
13
44
58
38
10
60
34
62
52
36
33
36
57
24
2
41
31
57
35
13
43
4
18
58
46
38
20
51
25
27
24
19
41
18
61
7
10
63
13
15
34
45
30
38
10
21
0
29
17
48
6
47
63
53
56
38
52
50
42
28
5
4
53
60
37
4
0
31
59
16
32
54
7
60
30
46
27
20
20
6
45
27
16
47
58
29
40
5
28
48
19
4
8
35
23
60
14
17
37
30
13
53
24
15
36
59
24
46
16
50
0
29
13
21
4
61
7
15
48
20
57
62
54
12
40
39
37
21
26
60
58
41
46
18
6
52
22
31
37
25
40
37
28
32
22
48
0
12
19
48
7
43
37
5
10
3
28
47
16
51
32
50
58
55
52
51
56
37
42
31
40
7
60
7
33
56
26
59
59
44
33
50
40
0
7
21
29
16
3
1
55
3
30
53
53
29
24
43
27
38
34
8
39
62
61
4
57
56
28
49
51
36
12
54
33
4
5
51
53
11
27
24
43
11
23
29
34
4
19
48
20
39
50
28
22
0
59
46
25
55
54
1
53
23
40
46
29
23
14
12
30
35
10
61
41
25
56
63
10
39
40
23
47
2
22
14
16
62
12
6
60
29
48
12
57
30
34
21
22
38
42
61
13
2
28
2
10
3
59
15
54
33
21
50
24
26
3
18
44
43
6
25
32
11
41
45
35
1
45
38
19
53
62
41
44
48
21
37
26
0
15
36
60
57
63
19
17
35
61
60
38
42
10
21
23
12
8
14
23
28
58
56
33
20
48
52
31
17
22
16
13
2
21
49
53
6
10
14
28
7
7
39
46
7
29
45
9
21
52
36
52
50
36
29
59
46
47
60
9
44
30
9
52
41
12
18
62
4
47
4
35
32
25
30
41
3
61
58
32
15
57
46
30
55
14
40
58
12
50
45
51
48
1
14
8
46
5
13
10
5
26
45
5
32
13
52
8
13
37
53
4
15
27
11
15
9
26
30
40
14
23
3
8
19
23
12
57
27
62
45
13
23
41
13
37
59
4
30
52
25
8
41
8
21
47
32
9
49
9
1
11
55
58
41
5
11
4
18
52
55
12
58
55
9
45
50
34
54
48
61
3
14
51
40
50
5
2
34
38
31
15
62
36
40
37
47
5
4
44
53
5
56
39
52
29
44
17
26
60
2
18
28
2
28
39
5
13
58
24
31
19
7
24
61
51
63
17
47
30
1
61
14
63
33
9
56
1
42
28
31
61
1
1
26
31
45
50
36
11
19
39
42
8
45
57
59
12
59
27
7
5
1
14
23
51
48
51
0
33
23
17
58
49
54
6
54
16
3
3
25
21
48
20
26
52
56
20
12
13
25
63
30
7
35
34
1
14
20
59
55
43
31
17
36
44
6
35
45
25
25
8
62
28
32
47
44
24
11
30
35
41
40
15
56
42
55
17
44
15
33
49
12
46
33
7
47
6
16
39
56
13
53
19
60
4
8
11
11
57
2
55
48
30
39
38
42
63
59
34
37
27
45
57
7
47
7
15
29
49
24
54
2
53
37
62
32
3
48
21
3
6
30
20
35
21
33
47
11
58
17
43
7
33
27
16
42
36
61
16
16
24
1
9
37
25
34
36
7
21
22
27
23
43
35
9
45
55
10
5
13
23
9
37
9
3
27
32
2
3
47
39
36
38
31
37
8
47
2
20
4
53
50
55
11
27
28
51
10
18
39
9
41
12
10
46
62
40
14
17
42
22
35
15
44
17
51
29
48
54
