44
34
41
14
19
8
61
2
38
39
50
14
32
39
53
5
48
33
32
47
43
24
20
30
10
46
22
16
9
46
35
12
37
19
19
39
23
47
40
27
59
55
21
31
29
53
20
35
26
40
20
29
41
47
23
4
63
59
35
0
21
39
34
2
54
47
10
21
19
11
53
49
44
18
14
26
27
30
46
19
30
32
42
19
23
2
1
38
51
31
46
63
6
12
58
12
32
42
0
8
37
20
43
5
4
6
23
49
28
59
23
2
11
41
11
21
23
40
3
56
34
59
56
26
10
11
44
18
38
50
37
52
22
14
59
46
51
53
22
7
56
11
34
12
39
10
32
34
23
62
30
16
56
46
13
58
36
36
3
12
4
13
63
45
36
48
0
19
11
38
4
53
36
16
51
55
40
15
7
57
24
2
5
63
10
50
10
30
8
3
21
51
26
34
57
59
50
39
15
63
51
6
12
26
50
12
7
36
48
4
30
24
27
40
5
27
57
43
29
14
0
51
35
47
62
52
55
31
44
19
6
5
15
14
13
28
26
39
6
34
56
15
52
7
1
44
13
16
61
61
51
63
51
28
42
49
11
9
43
52
30
11
43
46
9
40
2
22
9
15
11
12
37
38
33
3
8
40
17
38
13
46
55
23
29
0
45
13
50
35
16
10
54
63
7
16
9
4
1
58
6
57
35
28
55
27
56
5
2
13
35
32
52
1
36
29
39
35
19
14
38
24
19
53
7
39
55
28
60
3
45
11
11
34
60
2
16
5
25
41
60
21
27
30
17
25
10
19
0
61
33
4
14
24
53
23
16
7
14
23
1
7
19
59
33
46
51
5
52
46
8
9
36
2
36
31
30
23
17
52
60
33
27
19
52
31
23
49
48
29
33
27
2
36
56
31
27
61
16
0
52
63
45
6
32
62
1
37
34
22
40
22
10
28
34
40
23
1
57
23
31
12
5
22
20
2
38
56
0
22
48
13
41
14
46
25
45
7
41
18
16
43
41
5
41
56
28
48
35
40
7
30
39
3
49
39
52
9
3
14
39
9
63
33
62
42
30
53
30
32
53
44
62
45
20
42
37
20
18
30
4
29
31
29
25
20
31
1
25
62
49
16
46
47
15
51
20
44
39
23
48
34
13
12
53
34
39
12
62
44
29
51
22
17
46
33
58
31
47
33
12
34
0
50
26
59
55
21
58
45
23
56
49
20
27
47
58
19
24
60
43
15
20
13
22
57
35
52
11
15
25
10
8
20
20
44
27
16
0
44
3
11
43
28
14
4
55
62
1
48
57
41
0
17
49
35
38
47
40
51
8
39
41
62
27
22
41
6
24
21
9
7
17
51
20
9
24
9
13
46
50
17
51
41
42
8
7
48
25
24
10
55
49
28
57
2
61
22
24
7
60
7
37
60
0
44
27
27
61
46
8
16
31
49
51
25
21
4
23
32
12
51
31
16
18
20
32
5
47
42
31
3
7
26
41
58
32
15
60
28
3
12
6
31
23
29
10
45
4
42
13
53
44
11
48
31
12
22
18
44
41
10
48
32
17
30
13
35
42
17
26
17
57
56
28
3
16
43
57
52
7
23
61
60
26
54
63
1
48
2
43
31
31
10
45
21
58
50
52
15
16
40
59
5
25
60
57
29
59
36
18
44
24
26
51
53
9
27
6
55
33
32
13
1
11
0
57
4
25
43
6
20
11
10
47
47
28
27
27
26
55
17
54
54
62
55
47
9
22
2
24
30
0
56
33
57
46
19
45
52
46
25
43
44
17
42
30
55
6
43
29
33
1
47
30
6
15
9
21
14
10
6
51
43
0
3
25
54
4
4
0
23
61
48
24
58
34
52
47
45
38
50
0
43
1
43
58
37
59
5
28
46
1
36
47
32
27
7
17
45
62
11
44
61
29
16
45
62
40
5
29
50
40
54
11
37
38
37
27
63
1
33
14
54
63
56
13
36
5
58
42
52
53
27
37
31
21
43
7
34
53
22
44
7
17
8
18
35
56
17
9
35
16
50
30
24
63
33
50
48
0
42
15
53
61
28
45
45
9
7
41
4
39
48
17
27
25
34
59
55
49
1
4
22
56
5
29
60
60
57
38
41
48
61
8
15
13
20
38
5
45
62
14
27
44
40
56
21
63
52
46
20
40
58
24
37
32
13
4
8
49
60
28
26
6
3
41
35
45
53
22
28
53
29
17
60
14
62
52
36
3
58
9
60
8
1
29
32
9
29
4
15
58
19
51
8
35
60
52
50
25
44
20
14
10
36
33
38
12
18
15
8
30
5
45
32
38
50
53
13
6
56
57
42
6
38
63
50
53
21
59
37
55
61
18
62
57
42
17
34
5
50
17
14
48
26
2
17
59
3
54
14
63
35
31
47
29
12
3
39
59
10
23
7
51
28
2
37
61
32
7
33
37
54
63
17
33
40
38
15
32
5
18
33
8
19
12
39
10
11
9
13
16
8
43
49
7
44
26
22
6
43
20
57
3
47
31
7
54
2
19
4
48
58
63
54
0
61
19
49
20
41
41
57
28
39
4
24
53
26
47
49
49
49
0
9
21
5
59
3
37
45
43
19
58
34
59
63
5
18
4
35
42
60
0
43
22
41
1
8
33
63
33
12
21
37
30
59
38
42
1
54
59
57
42
60
18
41
61
24
36
34
48
35
35
0
49
42
61
51
18
19
33
55
47
59
25
37
31
56
3
2
11
50
15
56
38
30
26
59
42
47
36
14
37
3
63
25
50
42
26
48
3
49
25
13
2
18
61
63
55
55
37
21
63
50
25
6
21
58
36
22
14
1
62
54
6
59
47
49
22
24
60
24
40
3
32
41
29
38
52
55
25
56
4
62
39
50
43
8
21
55
4
54
39
3
49
31
33
9
45
45
51
54
33
26
40
62
62
13
1
36
62
60
21
36
60
21
3
3
58
16
37
16
58
18
15
62
34
6
49
2
28
19
25
25
0
9
37
35
32
10
40
31
6
27
38
12
61
8
54
42
54
30
28
15
15
30
37
58
36
10
36
52
14
47
20
55
22
17
45
18
15
14
61
45
61
61
26
18
31
52
41
24
23
11
11
57
10
21
32
44
46
18
48
44
26
26
59
15
1
62
56
17
11
29
56
53
24
20
63
59
54
42
23
49
48
35
57
62
35
54
18
22
38
2
43
36
9
28
13
22
27
13
5
25
50
47
48
18
54
44
21
34
54
53
40
39
52
61
40
28
29
57
8
10
25
46
12
39
50
58
32
34
16
18
57
34
24
54
40
16
24
12
18
1
46
55
56
55
39
6
42
59
14
55
29
46
19
60
58
26
14
51
36
8
53
60
28
8
38
12
