5
32
13
36
45
43
24
39
19
9
8
34
22
15
5
40
22
3
19
9
9
43
45
21
25
17
22
43
26
41
6
3
33
35
29
41
32
34
30
33
7
18
16
47
7
24
7
41
34
30
26
34
12
37
37
24
16
47
46
25
5
21
36
35
21
1
6
37
14
29
42
14
7
21
0
23
11
43
5
43
33
22
20
24
32
6
20
15
19
10
33
38
36
44
20
5
5
35
16
8
18
32
13
43
3
44
47
16
20
20
5
46
14
17
9
27
21
37
11
12
38
21
27
32
32
41
23
32
23
0
3
28
6
44
21
2
11
7
40
43
10
45
12
34
34
27
44
8
2
25
11
31
21
18
26
29
46
0
20
46
40
46
30
20
2
35
25
37
39
40
30
0
10
42
38
30
24
40
32
30
47
33
16
20
25
14
5
32
46
5
15
35
15
34
23
2
35
34
13
29
3
42
35
15
47
1
22
15
19
30
6
1
33
31
30
39
24
11
37
14
6
4
6
47
17
25
26
8
18
44
18
17
46
10
46
43
8
3
22
2
25
46
29
2
26
6
14
36
27
30
35
36
14
34
9
11
12
41
11
30
13
25
44
44
36
7
21
10
45
30
22
45
21
36
44
45
28
15
25
0
37
3
9
19
12
22
29
27
14
46
19
15
1
8
39
43
14
14
8
28
38
25
1
5
42
7
4
36
32
8
35
40
26
14
13
18
41
45
4
28
0
17
11
21
20
39
33
28
28
3
2
36
23
22
2
19
36
0
7
31
0
38
11
26
2
12
10
14
37
18
44
26
37
28
13
11
42
46
10
42
16
35
9
8
7
23
42
11
29
41
36
46
4
42
42
17
9
30
8
28
9
23
34
31
35
26
12
39
1
24
32
0
0
45
32
44
27
15
26
23
43
39
31
6
2
9
9
34
7
47
16
41
6
41
47
45
1
21
0
1
19
22
15
44
12
28
13
5
42
42
39
30
18
5
12
28
5
41
34
25
18
19
4
26
0
34
10
36
32
28
13
37
0
18
12
3
7
1
37
46
47
6
37
0
11
18
38
20
4
36
10
23
8
32
36
27
2
16
24
41
10
14
31
37
1
21
33
45
25
31
12
7
13
4
25
1
15
39
31
13
47
17
0
43
40
21
47
35
16
15
5
12
42
7
25
31
17
6
12
27
31
25
13
38
18
22
20
9
16
26
5
6
16
31
10
24
29
35
19
16
15
19
0
32
0
23
23
38
40
41
11
18
44
40
45
30
39
34
46
35
20
16
23
34
2
37
0
17
11
41
0
39
39
0
27
34
46
17
21
12
41
41
4
35
10
21
1
33
42
7
43
6
43
20
30
26
21
33
45
5
10
31
37
28
44
44
40
15
47
47
3
33
28
18
23
26
6
18
8
13
45
26
16
43
17
25
17
14
43
10
4
12
16
25
39
13
24
4
6
8
12
47
31
4
43
47
47
9
11
29
10
7
28
22
33
42
44
7
26
28
30
9
5
18
42
26
38
29
13
45
38
43
7
27
4
18
11
8
40
4
42
27
28
40
4
1
34
42
7
23
0
39
33
20
13
22
24
21
40
8
21
26
17
40
11
32
3
1
20
25
15
14
31
0
40
19
37
44
42
8
16
47
3
35
38
5
23
45
3
30
42
38
24
46
40
22
36
11
15
33
34
9
2
36
45
23
10
11
45
2
2
11
40
46
19
28
27
5
2
5
2
2
41
11
33
17
23
6
46
3
1
20
29
16
32
2
13
20
39
1
13
8
27
19
16
19
6
3
30
37
10
10
24
28
33
47
21
13
23
8
17
29
2
25
9
2
30
16
46
39
14
13
9
35
34
30
2
32
19
14
22
33
26
8
32
9
23
34
5
15
44
16
27
47
25
22
40
41
45
11
47
43
24
29
33
13
29
18
40
33
32
8
17
33
40
21
43
29
13
36
40
36
9
17
35
36
46
44
30
2
23
22
24
11
26
24
18
14
21
13
25
38
7
2
42
12
44
21
0
7
22
43
43
22
21
9
39
15
10
24
20
25
32
5
40
19
12
27
8
23
19
9
24
15
10
18
7
44
16
8
1
44
29
19
14
38
9
38
14
10
1
26
5
37
17
30
16
44
24
12
4
24
30
34
8
15
31
17
22
0
9
28
34
41
13
3
19
41
22
43
3
37
31
10
8
12
18
45
3
24
22
38
13
0
31
26
37
38
47
0
14
10
46
3
4
44
24
25
12
46
5
42
20
45
31
22
31
38
13
34
41
12
18
18
20
5
3
15
18
11
26
29
39
24
44
9
11
29
6
34
32
24
40
1
33
39
39
45
23
20
13
27
42
47
37
32
41
7
39
10
32
30
38
29
17
21
35
15
6
25
39
4
35
10
41
29
46
23
47
34
18
18
9
16
28
31
39
42
4
39
0
12
27
35
15
31
37
45
24
45
3
17
14
1
20
7
35
44
32
31
36
46
25
18
19
42
36
34
43
39
29
27
45
26
24
12
6
13
31
19
45
26
27
2
11
29
15
20
42
7
4
41
7
6
4
1
15
19
15
4
28
28
44
5
35
36
19
46
1
20
6
5
21
35
26
37
21
23
38
23
45
3
1
17
36
16
41
0
28
40
12
12
39
47
20
1
29
18
11
6
26
22
14
10
31
1
43
16
22
3
25
22
32
25
9
17
44
44
34
12
24
47
40
47
28
27
35
20
38
25
29
38
34
40
14
15
33
38
41
26
28
29
35
29
38
23
46
46
40
5
35
4
7
24
11
39
38
14
30
31
45
9
29
2
14
31
10
36
29
35
20
27
45
27
10
42
38
39
36
17
4
38
19
33
12
16
11
43
7
41
1
20
46
31
20
1
21
35
23
36
16
29
5
47
17
17
8
33
28
26
27
3
4
14
47
22
43
27
30
25
6
32
19
31
47
30
22
32
19
40
17
17
27
14
33
42
0
14
40
35
21
17
16
4
26
37
37
38
10
44
9
34
23
1
2
27
3
8
40
22
12
43
37
5
33
41
46
13
3
16
43
44
10
24
3
28
46
42
20
43
7
30
36
17
36
29
2
27
23
23
33
32
27
7
38
33
8
6
15
37
15
31
22
8
3
41
28
9
23
5
33
32
45
28
39
38
37
47
7
28
43
14
6
42
41
37
4
6
11
6
2
13
4
19
4
2
8
18
41
34
19
30
36
1
35
16
3
27
4
