15
25
19
28
12
19
7
0
5
29
14
28
9
29
0
7
7
14
26
9
4
4
30
8
12
7
28
11
8
27
31
21
15
30
12
12
30
10
3
21
21
18
8
12
9
22
10
6
9
22
0
27
31
10
15
23
27
9
12
30
19
10
21
4
28
29
6
20
24
14
19
18
12
27
21
18
16
17
24
30
14
0
4
3
28
2
4
4
28
23
2
5
10
9
23
6
6
8
11
2
10
5
31
17
16
17
15
18
10
9
9
12
17
1
14
5
16
22
23
15
11
21
18
28
13
22
16
12
22
0
15
2
19
3
3
4
30
5
10
1
14
12
21
13
13
27
26
8
13
13
13
0
28
10
29
18
3
14
27
23
17
11
5
20
29
23
10
29
29
6
24
2
11
30
22
18
4
11
21
31
22
24
5
28
29
12
28
18
26
28
24
28
7
15
16
21
16
9
14
24
22
9
3
21
8
8
3
31
0
27
29
23
16
5
23
13
11
0
23
11
14
5
10
5
16
28
14
12
10
18
15
18
4
22
14
2
29
24
18
4
9
24
29
17
25
11
23
30
28
9
22
6
24
23
20
19
6
21
3
16
19
31
10
31
29
29
24
27
31
25
4
11
3
2
0
13
1
9
23
25
13
18
19
25
22
22
25
22
11
21
26
8
22
31
5
27
12
3
2
26
14
27
10
20
27
16
1
28
28
5
30
0
31
25
6
13
13
14
5
16
7
13
9
0
25
28
5
20
28
29
14
10
26
8
26
9
21
19
30
8
7
25
1
17
5
8
14
4
24
10
27
12
12
8
7
3
31
7
23
11
25
7
11
0
18
13
17
18
25
4
10
31
16
21
22
11
0
27
16
4
3
20
2
16
1
18
27
0
17
25
19
20
22
13
5
2
4
23
25
31
0
24
1
16
11
17
29
31
31
2
31
2
2
3
4
5
5
25
0
11
22
9
29
9
11
1
31
0
22
30
0
28
17
26
19
14
8
22
23
8
27
26
0
29
25
0
3
26
18
2
24
29
21
1
12
17
15
1
0
15
10
19
16
7
13
26
3
11
9
10
1
21
8
27
5
25
25
16
13
17
23
9
31
2
24
27
28
5
29
17
7
7
2
19
25
14
21
24
20
9
15
18
10
3
25
26
5
10
22
14
31
20
21
21
30
3
4
9
9
20
18
5
23
26
17
6
17
5
9
6
2
2
18
31
4
15
4
24
0
15
17
15
31
5
19
9
12
28
15
27
2
26
21
7
5
31
13
7
14
5
28
22
6
16
1
24
27
24
4
17
19
10
29
11
31
1
20
2
13
9
24
4
7
13
22
7
14
29
9
2
1
30
19
16
4
23
25
11
20
27
24
8
24
17
28
27
13
20
1
13
23
0
9
8
7
18
17
4
15
6
15
15
2
6
10
19
29
5
0
25
13
16
1
18
16
23
8
14
22
11
14
17
19
5
12
4
31
6
27
25
15
11
4
8
31
31
1
7
28
23
2
5
21
12
31
29
15
24
23
6
30
22
18
28
11
14
2
22
11
4
7
30
26
20
3
17
2
25
25
10
13
7
14
3
26
31
27
15
29
8
12
20
26
30
17
24
23
22
31
15
20
11
4
31
22
13
26
4
28
17
4
18
23
14
25
26
19
14
20
14
26
13
6
23
8
3
10
22
10
7
17
30
20
16
29
21
4
18
22
6
20
8
6
26
27
30
27
28
19
15
9
15
23
1
13
4
19
23
31
29
21
21
16
30
8
24
26
17
20
1
8
15
6
9
29
17
31
26
11
7
17
4
28
16
26
0
14
21
11
24
1
23
26
18
19
1
10
4
8
20
8
31
19
5
0
20
2
17
25
23
30
3
4
24
25
26
15
2
25
23
26
7
27
27
16
19
22
8
11
15
1
30
7
12
24
29
25
9
4
12
15
2
13
15
30
15
11
18
26
6
7
18
24
0
26
27
17
3
26
1
0
25
5
23
27
18
8
22
15
14
16
26
24
28
1
19
20
21
29
21
7
26
2
27
16
25
19
1
26
14
5
2
21
12
29
20
2
21
28
0
19
22
15
16
24
17
31
0
16
31
21
20
20
23
16
27
11
3
13
28
6
6
6
26
20
15
23
9
3
4
6
6
7
21
2
13
19
1
21
6
20
0
18
5
1
15
20
0
6
13
15
19
2
3
11
0
7
3
25
6
30
19
11
12
10
8
2
17
9
15
7
26
21
30
8
30
29
3
16
23
10
10
21
7
20
12
3
30
30
3
25
19
12
1
4
17
15
18
14
9
8
18
20
25
12
7
3
23
25
8
1
1
13
12
29
29
27
3
29
30
16
24
13
16
25
31
11
8
27
2
9
30
24
26
30
13
13
31
23
30
7
23
20
10
10
1
4
11
30
22
22
3
21
2
9
2
19
0
5
30
26
25
12
29
1
9
26
9
29
28
0
17
24
7
30
13
6
18
24
24
19
7
3
23
11
29
28
20
18
27
3
22
24
23
13
10
28
23
25
29
9
14
4
16
4
9
0
5
0
20
23
28
18
1
15
2
10
17
18
21
26
14
18
22
3
13
1
31
17
24
2
27
22
25
10
12
1
9
10
19
2
16
30
0
15
10
20
31
8
0
8
6
21
21
5
13
7
3
6
6
16
13
25
30
26
3
25
12
15
30
6
12
5
23
15
24
11
13
4
7
9
29
27
20
2
24
11
5
30
14
19
18
27
11
0
4
7
8
12
15
31
4
7
22
22
2
31
13
8
17
21
5
5
20
6
6
1
5
9
20
6
11
28
17
27
6
20
3
12
29
29
28
10
24
30
25
12
26
30
16
11
9
12
6
23
28
10
4
10
6
16
29
7
0
19
15
20
10
2
27
16
14
8
0
22
9
10
21
16
18
21
15
17
3
11
22
31
22
21
18
19
22
17
31
10
21
26
7
29
0
8
18
0
6
14
22
3
12
20
18
18
24
12
14
11
14
8
3
8
12
26
30
27
14
27
13
24
28
28
30
31
28
25
6
6
13
13
10
8
5
3
27
19
19
12
9
28
16
6
19
1
15
7
18
25
20
23
1
30
13
2
20
7
9
3
19
4
20
28
30
10
14
23
11
5
7
22
17
17
25
0
27
14
20
1
30
18
17
6
6
23
26
19
12
21
8
27
18
28
14
8
15
19
19
29
4
12
16
17
5
14
1
27
16
7
13
1
12
12
10
30
24
6
24
26
1
19
8
29
7
1
25
2
20
14
12
5
19
3
29
24
22
17
28
17
21
2
3
18
5
26
11
16
14
28
31
1
16
11
1
2
21
27
24
14
31
1
8
11
16
12
