26
11
28
50
66
42
38
31
55
6
67
28
18
38
10
16
61
54
36
38
79
29
37
79
69
40
70
55
34
26
27
68
54
54
14
60
69
57
54
17
29
30
51
24
45
18
66
44
41
1
4
20
31
70
33
9
6
64
6
21
79
16
2
4
59
7
77
32
25
36
79
1
15
40
57
23
76
49
19
22
44
64
14
36
19
32
10
24
43
63
53
13
69
9
72
30
45
74
51
43
39
29
50
56
49
52
46
9
58
61
58
14
1
66
69
41
34
71
38
28
73
74
78
56
39
68
49
42
46
75
46
2
3
69
77
19
74
9
23
61
27
33
71
8
74
13
49
34
20
63
8
67
79
21
36
25
49
15
18
59
52
17
48
11
72
75
59
13
8
62
3
76
22
62
12
