30
15
29
61
32
40
23
16
36
1
48
29
10
18
14
9
57
58
17
19
54
22
28
55
57
33
49
36
21
30
29
39
58
59
12
51
38
56
59
15
23
21
61
25
44
10
32
37
47
5
7
27
16
51
20
3
1
34
1
26
55
9
5
7
43
3
54
22
31
17
51
4
8
37
56
24
62
42
9
24
37
34
12
16
11
18
14
25
47
34
58
12
38
2
50
21
44
53
61
47
17
23
61
59
42
63
45
2
41
35
41
14
4
33
38
33
22
49
19
31
50
53
55
44
18
39
43
40
45
46
45
5
7
38
52
11
53
3
25
57
30
20
49
0
53
13
43
19
27
35
0
48
54
26
28
31
46
8
10
41
63
11
63
15
50
62
60
13
6
35
7
62
24
42
13
