12
40
14
46
41
12
21
16
36
32
45
3
14
18
32
41
15
30
0
8
6
21
21
47
24
43
35
26
8
19
21
35
41
14
30
36
17
4
24
37
40
44
38
40
15
46
11
0
12
10
11
5
17
27
8
18
41
28
34
38
37
26
29
1
44
35
26
17
41
46
6
20
47
33
12
47
27
5
38
38
2
13
26
35
14
33
23
0
38
7
11
12
37
2
27
9
32
28
47
2
28
17
9
37
20
33
1
15
35
8
3
11
33
32
25
16
29
4
47
35
34
35
21
9
34
10
42
39
37
19
26
0
43
38
34
5
38
0
7
39
25
15
5
47
25
10
30
23
31
28
25
20
20
19
44
45
9
22
2
11
31
12
1
43
36
10
43
25
41
12
39
32
41
39
7
11
36
4
35
3
22
12
29
18
27
41
1
43
31
7
34
6
30
26
19
38
38
29
35
43
18
7
11
3
33
28
45
36
8
2
40
45
31
7
37
41
17
46
29
16
1
16
20
17
5
36
19
19
40
12
39
25
10
34
14
6
14
44
35
27
23
44
23
39
44
24
26
36
46
17
37
4
18
1
9
33
30
30
11
27
18
9
46
38
38
8
10
16
17
25
9
10
12
23
38
12
12
10
9
4
6
27
12
0
38
12
14
36
45
10
44
44
37
24
31
22
5
3
7
19
7
40
37
3
16
43
28
24
29
26
26
24
6
32
44
19
28
35
42
39
29
28
42
4
5
10
28
0
46
13
22
31
40
47
34
14
21
35
38
40
41
8
33
10
20
26
13
21
46
30
4
10
22
21
19
18
11
36
30
5
22
44
43
27
23
18
21
1
25
21
26
37
34
5
42
29
37
0
47
15
28
8
45
42
32
22
30
24
19
20
40
36
43
18
43
29
0
47
2
27
16
14
45
40
42
14
41
4
9
31
6
36
47
39
35
14
29
45
17
10
20
4
38
36
47
13
36
23
39
20
44
32
45
47
0
34
15
39
14
16
37
31
11
15
13
40
29
44
25
1
28
31
0
29
30
43
23
30
44
40
25
36
31
17
43
26
17
2
43
20
42
5
23
11
19
16
24
11
27
7
2
44
0
15
9
34
14
46
0
28
26
46
17
15
8
27
17
4
38
30
33
15
16
24
24
25
44
31
41
3
34
42
42
3
25
16
40
3
33
18
31
32
26
21
12
2
35
30
34
12
39
4
45
6
15
37
18
13
23
2
26
34
13
47
35
0
32
34
19
13
46
14
29
42
11
11
8
37
47
1
34
28
21
32
11
19
14
32
7
41
24
39
5
8
33
10
11
4
4
33
31
47
15
10
37
21
8
43
28
8
16
23
45
35
20
47
5
27
33
3
35
25
8
22
33
29
8
30
20
4
17
46
31
9
12
12
24
9
12
42
1
29
2
3
23
36
14
10
27
38
21
43
25
22
7
0
22
2
43
34
30
26
19
39
19
15
9
15
39
16
32
13
4
41
16
41
10
2
13
1
19
44
25
44
14
5
2
39
5
44
7
14
16
23
39
18
31
18
6
45
6
43
11
6
12
27
14
4
35
40
15
13
33
37
23
39
9
14
0
21
29
17
27
45
32
22
9
20
13
16
23
15
15
38
12
42
19
21
22
10
9
10
33
24
29
8
41
19
4
28
31
38
1
35
9
13
32
26
14
39
45
22
4
0
27
7
18
27
25
17
42
38
1
33
30
16
20
23
37
22
32
13
20
34
30
47
6
10
47
15
31
36
37
4
13
21
28
5
41
34
33
44
22
36
2
30
13
31
7
44
45
45
39
0
32
15
15
16
2
13
18
42
46
0
11
6
7
41
2
5
33
12
19
6
28
8
39
17
38
44
20
30
7
23
13
32
16
11
27
16
36
23
13
27
39
5
1
30
26
46
6
21
8
3
4
36
12
42
18
7
2
45
17
4
16
38
24
24
36
47
44
15
46
30
7
1
6
4
23
23
6
22
42
30
19
15
31
19
23
34
27
8
46
6
47
1
29
41
37
23
36
3
22
28
28
29
15
44
0
25
13
47
11
13
37
8
4
33
35
46
10
24
4
4
15
8
32
31
45
37
32
22
32
2
45
19
25
12
17
8
1
33
35
7
42
7
25
33
31
41
14
24
18
17
29
46
28
42
11
39
24
30
2
46
2
8
20
26
5
19
46
1
1
37
5
41
26
27
1
41
47
20
28
18
22
17
3
41
0
33
28
37
44
25
32
3
9
4
25
20
34
40
27
41
25
43
43
34
22
47
45
35
23
47
39
10
47
20
7
44
40
0
43
43
19
16
42
1
43
40
28
11
10
40
5
28
13
47
20
18
6
4
30
4
40
2
17
45
18
45
17
9
15
9
38
37
5
0
35
18
32
18
9
3
30
31
18
46
9
6
30
1
18
29
32
14
38
13
22
13
8
21
3
25
33
38
15
10
44
15
21
39
46
19
10
21
22
19
24
18
44
42
14
31
46
8
27
24
42
41
5
36
16
12
13
6
42
24
38
24
8
34
23
10
29
42
3
9
11
31
43
3
47
24
8
45
26
36
43
6
17
40
11
16
30
20
19
25
4
11
25
34
12
35
33
8
21
1
42
23
29
23
26
32
43
1
37
14
42
18
9
41
41
40
7
35
22
3
1
11
39
18
9
18
3
29
2
46
17
13
15
0
1
3
42
17
7
33
20
38
46
25
22
36
32
16
29
21
23
33
35
6
28
26
37
40
23
45
15
34
40
47
33
47
19
6
36
2
16
24
41
14
9
27
23
13
7
6
40
27
10
16
32
36
24
38
35
26
3
20
3
21
25
3
33
22
5
28
17
24
22
11
10
0
20
43
14
14
46
1
39
35
44
25
3
2
17
29
19
2
46
16
31
19
3
27
42
30
21
20
7
25
34
33
5
13
21
40
0
27
32
8
31
40
46
27
6
40
23
47
39
2
36
45
32
28
21
5
41
5
2
25
21
29
45
0
37
9
34
5
44
11
37
4
34
24
9
35
24
0
5
9
43
7
12
7
29
42
43
22
7
18
43
8
29
6
44
34
26
22
17
16
4
40
7
36
40
31
39
35
26
1
10
46
40
36
45
23
13
3
31
3
45
21
20
6
31
12
11
0
26
38
34
37
25
24
17
39
28
6
35
12
20
38
45
1
42
2
14
30
20
27
22
11
28
29
