9
16
28
19
20
24
10
17
26
26
5
14
27
11
8
30
25
1
28
17
7
10
7
2
1
29
31
12
3
3
20
10
0
6
7
16
17
24
22
13
26
11
5
28
22
23
17
31
3
4
21
27
11
0
11
16
24
18
6
0
13
0
31
17
20
6
30
5
4
1
19
16
8
18
29
29
14
30
10
23
18
4
9
27
9
6
19
28
17
14
25
15
3
3
31
28
12
7
8
13
19
26
20
22
30
25
5
12
3
10
31
21
16
18
13
24
11
14
20
23
25
27
21
1
2
2
2
7
30
16
11
28
1
9
27
14
13
29
10
15
12
22
2
4
0
31
18
12
13
5
17
25
0
30
26
8
8
29
21
31
23
7
22
22
9
24
12
4
15
27
15
23
24
9
19
1
20
25
14
15
5
26
8
21
19
29
11
21
15
6
23
7
1
4
