27
1
0
4
17
14
6
11
23
9
17
16
18
7
20
9
16
7
23
24
4
5
6
24
9
9
11
7
0
13
5
1
26
7
15
27
28
27
18
15
23
10
29
27
31
25
27
20
2
24
13
8
20
5
11
30
24
26
6
16
24
13
1
25
23
26
11
23
12
8
29
18
14
22
11
26
27
29
14
29
28
5
22
31
14
9
20
30
2
6
29
12
4
25
13
4
18
30
5
14
19
15
20
22
16
28
26
8
30
27
11
7
4
8
16
17
18
15
30
22
26
30
16
10
14
5
1
25
9
20
10
31
2
8
15
13
20
5
21
28
12
31
17
14
19
17
6
19
18
23
7
24
13
18
27
9
1
5
0
19
2
18
16
25
22
30
13
14
9
8
27
18
15
16
2
10
25
7
20
26
22
18
5
31
14
13
5
19
17
13
11
23
21
8
18
6
16
25
17
1
4
21
6
10
0
19
12
8
7
5
30
19
11
0
16
24
12
22
9
27
10
23
15
2
5
24
21
8
13
21
2
7
26
15
12
23
21
14
15
10
15
21
19
12
17
28
29
23
26
22
9
22
13
6
8
4
15
4
19
16
6
10
17
14
28
28
2
13
20
25
8
26
31
7
9
12
18
20
19
5
24
1
29
29
14
1
2
7
16
29
31
9
9
22
3
26
0
27
19
14
16
12
17
18
31
9
27
11
7
2
23
18
27
9
6
19
23
7
22
31
24
4
30
15
3
16
3
12
7
27
30
25
10
2
12
30
5
18
10
12
17
9
24
4
3
19
30
15
29
6
20
7
18
1
3
15
3
18
31
15
17
28
21
26
4
23
3
4
24
3
19
15
20
30
2
12
13
28
21
8
15
9
14
0
11
31
2
10
10
29
27
3
12
5
10
11
27
25
8
19
25
17
21
25
28
8
17
8
15
28
10
6
19
26
25
26
3
25
24
26
29
24
22
3
0
6
20
17
5
1
10
17
8
28
13
7
13
2
12
0
2
0
2
30
3
28
21
14
0
15
28
6
27
24
24
28
14
1
13
19
6
31
17
31
0
20
2
8
10
25
21
7
20
7
3
17
4
31
24
3
2
30
15
31
18
20
12
3
20
28
24
21
12
14
10
1
5
27
12
21
1
27
8
22
10
21
6
26
22
11
4
22
14
2
11
5
21
8
23
11
13
3
16
13
4
11
13
29
3
31
19
10
12
3
5
24
9
9
4
12
0
24
8
29
21
12
6
3
21
30
13
26
21
17
9
3
28
26
11
4
14
30
0
15
19
11
15
1
31
3
16
28
23
2
4
19
16
9
1
5
24
19
2
3
26
13
19
18
29
8
21
10
31
16
28
0
2
19
7
3
25
10
20
30
16
2
7
17
31
6
13
22
8
15
24
8
7
17
19
7
2
16
12
19
10
12
17
8
9
21
4
23
18
9
23
0
27
0
2
28
26
19
8
12
0
0
26
10
23
5
26
19
18
17
1
7
9
20
17
27
16
17
6
1
29
30
31
22
13
24
16
21
6
20
5
23
8
3
2
13
31
13
27
25
1
10
25
0
29
8
25
30
21
18
16
30
20
20
28
10
27
22
31
4
1
24
22
28
3
15
25
17
5
22
6
9
0
7
1
31
13
27
12
25
31
16
16
6
23
0
12
5
28
9
19
25
22
4
25
30
15
24
31
18
18
1
9
17
16
4
17
24
2
13
24
7
0
26
0
28
14
24
24
10
25
13
8
29
11
2
23
30
17
0
3
7
7
11
22
15
26
19
12
30
23
14
18
1
21
20
19
9
15
9
28
16
23
29
14
2
21
27
19
29
16
3
21
29
26
2
19
23
2
7
4
19
25
9
27
16
7
31
31
19
5
8
14
16
20
22
19
30
6
18
28
27
20
18
30
3
25
19
29
5
4
4
6
15
27
23
24
18
22
5
20
4
24
11
23
3
2
20
29
30
21
13
29
26
0
12
17
25
4
7
6
29
14
29
13
18
7
1
18
0
15
16
16
25
1
9
28
12
25
0
28
4
9
25
1
25
1
16
9
7
3
28
3
31
27
21
17
29
0
22
23
27
14
3
0
0
17
28
23
4
22
14
19
12
22
1
5
17
11
4
30
11
0
2
14
15
11
7
14
31
5
23
30
0
27
23
28
3
25
12
22
20
3
1
8
25
28
27
2
13
9
27
14
14
27
0
20
21
15
0
2
15
0
4
27
25
6
23
7
10
27
12
12
10
14
5
21
29
1
8
29
26
15
10
31
25
6
11
26
22
16
20
2
13
5
30
10
9
13
3
6
21
28
14
27
18
8
30
16
18
20
16
24
8
4
19
12
24
13
12
21
9
29
2
1
26
15
14
13
4
3
22
23
14
0
14
6
27
26
15
21
11
10
26
11
24
23
18
2
12
6
29
29
1
5
11
13
21
1
22
25
16
22
3
8
20
17
4
14
6
16
0
25
15
12
18
10
22
11
23
30
28
25
25
31
0
18
29
17
16
19
22
20
26
2
2
28
26
30
9
1
13
21
8
20
8
0
17
0
11
24
25
9
10
28
0
10
3
18
6
17
3
27
11
28
27
24
2
4
19
10
15
12
5
21
2
1
20
21
28
10
10
23
29
19
5
15
13
16
6
0
29
22
4
10
24
9
11
12
25
4
24
14
11
23
21
14
8
23
26
21
10
5
27
24
21
21
16
7
6
30
18
5
26
11
14
18
22
1
11
4
31
7
17
31
25
4
1
22
15
28
17
6
24
25
25
22
6
9
31
10
14
11
27
2
18
20
14
26
4
9
15
31
12
3
29
2
29
2
6
24
24
29
10
26
29
20
19
4
8
6
0
20
26
9
20
24
14
19
7
24
6
6
4
7
23
31
5
10
3
12
2
5
15
29
20
5
28
26
22
30
15
7
26
29
3
1
0
17
11
12
15
28
31
1
7
31
7
29
10
0
24
22
13
20
11
12
1
16
5
14
16
1
1
17
30
16
5
18
27
1
31
7
23
22
0
16
20
9
7
22
31
30
27
1
8
14
31
12
5
21
6
13
31
17
26
21
18
16
8
31
4
19
23
31
9
21
30
8
4
27
6
11
28
4
6
10
11
13
15
11
20
9
21
5
26
22
17
28
25
11
11
4
22
19
22
30
15
31
23
30
12
8
17
10
13
22
9
29
20
10
30
8
24
23
8
26
7
30
14
20
7
6
27
3
23
11
14
18
21
28
6
17
13
29
29
30
30
26
3
13
11
11
3
5
31
17
26
6
23
23
13
31
28
20
26
18
18
5
15
13
19
8
29
30
18
11
7
8
25
3
1
5
28
30
23
12
18
1
