70
46
74
28
36
43
78
74
0
40
49
59
60
19
30
7
22
24
53
71
48
17
43
59
76
33
22
61
71
21
42
57
20
49
0
36
43
56
21
45
19
28
36
7
73
22
20
65
53
66
15
48
43
26
27
69
70
7
75
45
71
18
61
33
64
10
59
55
50
59
28
32
48
0
15
78
37
46
5
53
62
55
2
35
24
23
28
35
69
2
60
26
22
56
6
29
7
51
34
65
44
15
1
40
22
27
40
67
28
13
78
64
62
64
66
55
10
6
49
16
73
48
65
57
67
13
69
64
41
32
46
15
30
12
15
39
3
33
48
78
67
17
66
64
74
52
2
19
51
11
3
16
69
25
29
27
62
37
52
37
60
53
3
42
24
5
22
2
37
73
48
1
39
2
78
24
33
29
36
0
20
25
58
26
34
57
54
6
70
47
35
8
60
57
31
46
64
77
77
51
11
65
10
78
27
5
38
61
28
12
16
33
40
76
11
12
32
15
67
20
77
73
77
25
9
79
35
55
43
4
40
20
26
57
16
10
58
67
62
46
71
65
0
61
15
6
46
1
78
24
3
57
56
21
25
40
28
77
65
70
71
9
8
59
66
42
54
73
18
5
51
40
13
14
78
11
25
57
9
69
38
42
12
13
15
12
52
11
49
13
39
79
60
9
20
52
61
66
41
62
57
27
33
11
54
10
2
27
45
61
72
42
65
58
19
44
69
75
28
21
56
59
69
36
34
0
11
38
4
13
8
15
23
45
19
56
58
36
23
0
47
23
18
50
68
37
68
61
43
54
38
23
5
6
44
57
10
47
62
54
18
5
23
76
59
58
13
69
78
65
9
74
61
57
10
34
35
26
63
1
0
50
49
61
19
25
75
75
21
6
70
9
21
24
35
67
3
65
30
16
8
24
57
58
3
58
70
5
0
65
12
5
51
14
15
19
6
20
8
15
45
35
75
76
52
52
35
67
12
47
71
53
36
4
53
43
53
53
73
31
49
44
79
3
13
77
48
27
49
18
49
19
8
14
48
53
23
67
54
21
10
7
70
39
6
73
69
18
49
50
64
69
57
18
68
37
27
76
61
41
7
3
44
8
76
44
4
2
65
48
49
25
1
67
14
34
56
62
18
17
49
30
48
53
24
7
4
74
39
75
26
40
56
36
38
78
38
15
49
76
46
69
53
68
15
68
73
33
2
31
3
39
62
8
3
14
60
60
56
16
59
62
13
1
48
33
41
14
67
43
63
78
34
23
1
30
45
47
9
40
66
5
79
36
41
73
74
13
79
64
6
32
54
54
18
32
29
60
44
13
59
19
37
4
16
23
40
62
76
72
28
45
58
17
51
70
31
53
74
27
75
57
14
47
8
14
5
18
72
35
22
29
52
71
22
4
39
38
18
33
30
5
25
23
4
58
49
24
69
67
4
10
75
27
61
75
1
50
20
54
45
34
78
60
58
77
70
31
35
2
63
5
0
78
69
68
15
29
66
18
8
38
77
67
71
64
51
67
46
68
55
0
66
13
24
30
20
43
11
29
46
8
29
64
24
45
12
47
54
38
37
72
50
57
63
44
39
77
7
58
33
0
41
29
32
76
21
12
31
38
76
25
76
29
31
75
17
44
50
23
9
65
45
79
28
59
75
49
30
34
8
42
39
66
61
48
59
36
6
67
22
73
6
62
54
10
22
65
6
29
64
17
68
79
22
59
23
63
7
48
79
20
77
1
47
34
79
55
74
40
60
71
32
16
23
33
51
4
61
16
59
33
47
71
47
23
35
43
69
66
16
32
55
32
11
53
25
20
56
26
29
51
28
25
37
36
40
77
41
48
31
26
21
62
32
49
44
70
19
63
62
16
4
53
11
26
40
19
63
7
79
76
12
72
43
63
71
28
16
1
9
78
72
43
30
9
29
36
54
24
47
37
52
7
2
36
69
3
73
32
76
50
41
60
47
63
76
77
35
55
19
64
9
47
70
21
58
10
0
5
15
39
27
8
64
61
76
11
51
37
13
26
27
10
44
19
37
12
41
52
9
17
50
1
70
34
71
7
29
72
34
31
40
3
74
31
73
20
59
14
38
56
60
65
75
69
19
51
59
31
70
63
72
46
33
30
27
15
71
78
79
31
52
34
39
74
59
14
71
37
7
3
39
74
2
21
55
4
50
55
12
47
35
43
19
58
71
2
60
58
53
28
16
16
25
27
65
4
35
50
6
66
20
9
32
39
38
14
30
6
38
54
50
77
11
13
79
15
38
75
23
44
52
33
14
63
1
41
54
63
49
68
12
6
76
74
14
29
4
46
12
9
72
33
10
3
63
10
22
43
44
73
39
12
65
32
8
68
59
42
45
6
28
25
17
55
72
2
71
45
72
16
55
73
44
46
52
52
47
46
55
5
68
55
79
6
75
27
61
37
26
38
34
56
57
22
59
29
32
63
77
48
54
36
58
30
25
79
11
29
72
34
70
41
13
30
39
51
69
78
37
8
0
21
18
54
9
76
72
9
4
42
38
73
49
68
74
33
19
31
72
7
32
68
52
66
74
2
0
37
42
17
66
58
4
62
45
63
74
28
12
63
48
3
69
13
67
40
18
47
61
42
78
36
63
1
50
71
62
66
1
29
62
60
51
32
58
79
75
60
19
9
51
42
59
23
4
56
53
17
69
66
17
13
45
3
6
24
22
17
15
12
28
10
73
22
44
7
70
76
60
16
39
50
43
64
23
21
25
54
44
28
20
42
8
73
65
18
75
24
8
17
23
30
77
49
31
17
66
52
24
72
9
46
76
23
54
36
42
34
5
41
77
4
72
43
14
22
26
41
74
79
46
56
0
27
31
31
40
62
72
44
64
17
41
14
73
40
44
1
39
49
79
35
7
37
36
27
55
67
8
10
28
66
42
41
26
5
56
47
68
31
3
26
33
38
46
14
22
10
56
30
3
74
0
4
45
66
35
58
46
47
69
18
63
65
25
13
52
2
64
18
12
61
2
48
68
34
48
72
17
64
67
1
45
40
7
35
18
51
17
19
14
73
49
39
30
25
57
71
54
11
21
20
64
57
25
21
50
66
36
56
33
2
33
42
26
18
51
79
75
2
20
10
32
8
25
29
51
52
51
38
58
79
43
43
7
55
27
41
24
24
46
11
34
52
50
39
67
54
56
1
55
45
60
19
0
41
68
30
56
14
70
46
70
55
14
74
5
21
60
75
22
21
34
11
11
77
53
44
37
16
78
36
41
16
9
30
63
50
17
61
28
77
59
32
24
24
21
78
40
42
14
38
26
50
26
1
11
64
68
42
70
6
5
20
74
68
31
34
79
53
42
20
