31
24
69
7
35
25
52
6
79
66
21
53
46
77
42
41
3
43
3
48
69
12
71
38
25
62
15
11
1
29
60
56
51
56
68
66
76
77
22
44
9
45
66
15
13
28
24
61
11
28
79
20
63
72
58
43
66
3
7
26
25
75
6
40
53
11
35
36
34
61
37
48
43
19
64
61
74
40
23
60
14
11
25
76
5
43
5
30
50
38
18
4
43
53
39
28
70
26
77
56
70
16
46
12
31
50
46
11
60
12
79
10
13
66
73
15
53
65
17
54
55
43
42
3
23
4
61
28
55
74
42
10
31
13
4
44
70
31
25
23
65
19
57
67
20
71
64
57
66
24
74
10
77
2
56
9
55
44
71
68
36
27
34
40
18
76
25
32
38
25
71
32
34
78
75
24
23
38
0
47
7
34
45
33
52
70
65
68
65
70
18
66
36
7
54
54
47
67
20
1
78
31
74
33
35
5
29
29
46
76
70
1
22
44
46
25
20
58
5
6
57
62
28
35
49
41
44
67
30
79
26
34
65
68
57
32
3
7
68
41
74
79
47
31
39
57
49
42
4
49
28
75
66
16
48
37
39
14
51
16
47
54
48
47
74
47
64
35
3
58
38
79
62
16
77
37
66
3
12
0
18
57
28
32
16
21
9
40
16
29
19
68
62
41
58
12
11
18
9
52
10
43
75
50
8
5
61
2
16
64
58
22
63
12
26
54
7
17
71
60
25
9
63
64
64
64
21
42
40
44
79
73
27
35
63
54
45
1
9
4
79
5
35
19
56
19
63
67
43
6
7
22
44
71
66
3
34
61
17
29
8
19
42
57
17
34
1
55
48
77
54
8
55
14
63
74
29
53
7
6
37
20
74
30
5
51
9
2
9
13
17
46
49
11
23
41
9
1
43
56
69
78
5
38
40
41
21
61
16
53
54
78
26
27
24
64
62
18
37
15
63
30
41
45
29
64
56
71
53
18
28
79
37
0
51
76
5
9
38
60
24
35
61
59
24
10
45
30
16
14
0
68
79
24
47
19
43
53
8
76
22
75
44
14
59
10
66
65
37
26
44
24
75
5
69
49
18
0
8
13
38
58
68
26
63
12
10
32
23
52
0
13
22
78
23
20
37
22
56
53
41
42
18
26
22
67
72
3
49
2
15
33
12
2
30
53
45
52
4
69
12
79
79
39
42
15
61
30
14
41
59
40
52
63
55
7
26
17
18
75
40
9
36
37
27
15
77
58
57
64
21
32
34
8
66
45
38
13
22
61
47
31
51
65
63
73
14
73
63
53
29
36
66
78
74
57
1
72
8
33
26
49
27
54
9
43
49
68
75
23
8
58
46
16
68
21
75
32
76
2
29
72
74
37
50
62
75
27
18
14
21
40
64
76
48
40
56
27
33
0
9
73
48
8
27
72
3
69
73
45
77
13
73
11
20
15
73
65
21
42
14
9
6
19
77
53
77
33
39
1
78
21
31
42
30
5
48
1
33
15
46
73
43
51
65
17
42
17
64
31
74
70
3
54
77
8
36
72
63
51
29
79
49
13
36
59
21
0
0
27
52
77
63
5
74
7
43
67
45
76
5
14
36
29
49
58
78
57
17
6
40
65
60
24
50
72
23
25
36
78
69
68
21
60
8
16
3
70
41
61
15
59
27
1
15
49
46
4
55
64
42
51
67
29
48
68
21
71
20
77
51
62
27
12
32
44
53
72
13
41
22
11
58
3
30
59
68
73
64
65
31
6
33
39
53
68
78
0
40
33
9
74
75
20
65
38
69
48
69
32
72
26
49
69
10
35
6
33
71
67
0
47
71
16
71
11
34
12
12
59
32
18
78
16
8
72
23
30
35
45
23
20
79
28
4
72
30
41
49
46
73
11
21
70
73
70
50
19
60
0
32
50
14
22
48
77
17
51
47
27
4
17
48
78
40
58
32
60
46
59
4
16
8
46
74
68
31
63
29
25
44
27
39
42
1
2
34
71
14
59
28
59
39
11
11
15
79
3
22
71
35
6
34
19
40
34
34
41
69
32
39
23
35
67
35
6
58
18
60
19
30
2
59
36
26
21
6
54
40
49
30
69
76
41
28
79
15
20
50
4
11
39
0
55
6
31
56
32
16
36
22
67
28
53
20
72
27
45
52
55
25
57
9
37
12
42
14
31
65
47
77
72
79
5
46
4
77
60
38
32
57
64
32
56
2
74
52
74
54
2
20
7
25
62
63
25
19
9
48
24
46
24
37
51
44
17
58
20
59
38
69
5
7
53
4
10
29
8
67
19
10
52
56
52
75
52
41
7
55
46
69
49
53
64
33
56
77
70
73
1
4
69
72
66
61
6
33
28
29
44
25
57
13
70
58
1
31
8
28
11
12
2
18
48
55
0
14
39
33
64
51
24
14
7
67
44
63
6
1
14
25
75
20
56
67
34
78
30
4
10
75
10
33
62
75
18
11
5
26
60
14
44
62
30
47
23
21
54
1
50
13
50
19
64
47
47
28
36
29
8
16
43
9
70
35
2
72
59
39
59
51
73
0
2
78
48
26
76
50
55
2
66
27
69
36
33
26
27
3
3
39
61
52
56
43
61
44
13
18
70
76
50
48
60
21
49
34
56
60
63
59
15
2
62
37
45
76
58
21
20
24
49
7
62
8
46
18
61
70
62
45
23
59
12
75
74
38
62
65
39
21
70
40
36
39
49
57
10
71
39
18
54
13
45
32
62
36
51
48
71
23
5
30
66
10
17
23
15
37
43
13
7
59
34
79
55
28
10
36
7
76
35
57
4
19
41
31
12
67
47
22
60
61
2
73
46
45
70
68
68
54
69
35
24
47
15
33
54
50
61
35
41
17
17
73
67
11
50
51
1
63
38
52
33
73
26
29
55
25
18
43
14
50
13
17
0
12
42
66
44
19
77
3
72
23
28
75
29
67
6
16
20
50
58
45
57
51
13
34
78
34
76
69
10
31
23
37
13
65
0
37
38
38
62
3
44
37
76
6
67
78
60
49
2
72
28
33
22
74
66
17
15
56
58
51
19
55
39
56
36
46
65
4
54
36
31
73
24
17
39
44
40
51
38
9
71
79
70
54
69
1
57
26
10
65
68
55
71
11
47
45
8
76
22
50
62
57
54
22
27
55
58
52
31
25
30
42
59
61
43
48
54
24
76
4
79
37
6
79
53
16
23
38
