31
40
9
17
27
15
25
59
62
63
28
6
20
36
1
48
50
54
62
17
4
29
13
62
7
62
40
30
37
24
3
6
22
14
27
33
56
7
63
7
41
33
43
47
50
59
21
9
43
43
22
11
5
10
37
10
2
61
20
31
1
47
52
63
58
63
16
46
34
48
32
52
19
18
60
7
33
17
37
42
9
28
33
4
46
38
57
48
44
45
24
13
44
46
48
25
60
32
25
11
20
0
47
35
2
50
46
53
45
4
62
15
41
58
49
36
11
63
41
53
56
61
32
40
48
17
6
47
51
20
6
31
6
45
23
32
23
6
22
60
62
1
46
7
41
11
56
15
0
17
14
16
51
45
29
41
53
12
45
3
31
56
46
2
29
39
42
26
38
43
59
45
54
51
15
28
17
48
36
62
0
36
40
39
47
46
54
36
30
8
21
48
27
49
47
36
18
12
32
24
41
25
39
37
29
45
4
60
56
25
36
61
37
59
45
21
17
17
59
59
19
6
62
26
45
34
40
3
51
12
5
23
13
25
37
28
7
53
11
61
24
31
44
25
8
28
54
49
14
21
6
51
18
51
14
19
29
38
0
45
60
20
53
30
0
53
28
49
29
27
21
51
58
58
29
9
19
24
41
17
43
10
25
29
32
16
53
46
27
15
58
19
57
10
22
21
28
8
36
4
37
36
63
25
49
18
42
63
35
55
30
59
3
50
46
8
8
6
15
47
13
39
52
4
24
56
60
10
56
41
8
43
30
41
39
35
15
44
38
39
0
30
29
23
44
14
21
24
31
60
21
2
13
35
23
22
57
5
44
26
55
36
45
22
21
52
56
53
55
32
50
35
53
58
31
47
29
38
57
54
27
29
31
60
23
43
28
18
44
31
40
60
19
15
9
40
20
46
42
12
5
23
31
41
31
13
35
57
31
33
21
63
20
63
59
23
27
56
15
54
38
22
3
27
24
30
46
7
16
30
27
48
36
11
23
3
23
26
55
15
6
8
13
4
39
53
58
14
56
20
19
29
18
55
4
11
34
20
36
35
49
7
48
54
53
8
61
27
61
51
9
42
9
39
5
22
57
22
37
16
21
38
57
23
15
3
39
31
32
47
13
15
55
28
44
40
37
57
33
2
58
28
35
5
59
1
32
54
43
32
7
37
13
23
18
54
34
34
0
12
50
21
14
4
23
63
18
20
0
48
53
0
47
11
37
45
21
25
33
33
11
35
12
17
22
35
34
41
48
8
37
16
31
30
56
59
13
33
55
43
46
5
4
50
7
39
51
62
27
45
58
38
13
44
42
0
1
2
34
61
31
51
62
33
15
21
42
1
3
11
3
6
54
5
55
25
34
46
49
27
57
57
40
53
50
3
32
14
50
47
55
18
56
60
12
19
55
5
28
52
44
17
20
10
60
38
28
39
20
41
27
17
54
21
23
51
52
37
55
63
6
54
33
12
39
48
16
2
51
1
53
55
1
52
28
42
39
60
16
11
16
57
7
54
53
41
20
42
47
29
2
42
47
7
23
50
5
29
45
49
19
44
13
38
47
28
10
23
11
42
8
37
14
39
49
36
9
14
43
47
35
62
58
60
4
53
44
11
54
17
43
25
47
32
37
35
32
6
16
41
44
22
60
57
37
12
60
43
35
13
19
50
31
32
5
0
22
34
24
24
41
25
24
61
41
1
54
10
25
58
36
49
0
17
5
42
63
56
58
15
30
16
35
57
35
18
63
6
4
4
28
34
21
19
26
55
16
38
63
3
18
59
36
16
18
55
14
40
5
14
21
4
14
18
7
40
34
50
48
41
59
45
34
31
36
24
45
13
1
9
37
28
62
39
56
48
62
14
0
7
27
36
50
10
31
55
26
59
27
56
58
61
44
47
10
51
59
51
19
33
11
20
42
48
40
13
9
56
58
19
9
60
50
57
24
38
37
32
49
2
59
61
43
26
48
41
8
54
20
45
52
46
60
32
62
55
43
3
58
44
42
20
56
22
21
18
31
49
59
10
51
28
32
18
44
18
30
27
44
49
23
0
63
9
9
28
60
19
53
41
22
51
12
45
59
42
10
57
16
45
46
30
6
53
39
18
63
16
12
53
54
38
28
14
0
1
10
53
5
29
31
47
37
13
61
7
26
25
13
61
8
24
56
62
44
23
38
29
31
22
46
56
17
26
45
53
37
19
40
3
30
52
62
25
7
28
42
10
57
10
3
41
9
40
22
30
9
26
25
4
61
51
2
37
0
3
11
33
39
12
55
48
52
12
61
29
43
46
46
48
55
16
57
58
62
33
42
13
3
60
7
40
51
37
8
25
38
17
5
61
17
62
50
12
20
26
51
23
50
20
33
48
50
24
61
58
8
41
26
63
32
10
61
22
5
49
62
13
52
25
59
58
53
52
3
49
19
10
11
32
9
49
29
47
31
49
44
26
10
9
53
6
51
22
1
9
63
26
43
3
1
2
8
4
55
10
24
27
42
40
43
54
16
57
45
33
60
22
49
33
47
19
12
52
61
22
3
11
8
7
51
30
9
20
41
0
33
12
23
35
49
18
45
23
24
59
37
5
49
42
46
51
57
6
27
26
50
0
35
7
56
42
18
11
24
43
18
12
16
52
44
12
52
17
14
6
19
33
47
63
3
61
35
1
59
36
52
61
15
2
22
26
36
11
8
25
40
16
34
55
2
29
36
55
6
19
42
13
2
58
2
43
57
13
4
6
40
7
17
10
8
35
45
40
12
12
6
38
24
20
34
21
57
5
61
58
42
39
62
2
44
26
46
10
58
52
34
32
43
0
22
56
11
30
52
63
2
1
28
35
11
39
47
14
13
52
30
4
30
62
26
2
15
5
8
50
54
16
18
17
2
49
32
25
54
25
8
58
39
1
63
56
10
60
1
13
19
27
41
56
50
17
48
0
30
48
21
63
50
2
11
34
35
59
20
23
5
16
43
43
9
4
26
2
26
60
30
11
63
20
27
39
8
29
52
39
55
39
1
47
15
38
54
34
34
34
24
40
38
0
3
46
9
25
29
14
7
1
4
52
20
27
1
31
28
9
0
55
46
33
51
34
49
3
28
35
48
19
5
38
36
4
19
26
15
62
61
14
35
4
1
8
38
5
38
16
54
59
15
7
38
3
44
14
61
12
52
24
32
23
34
7
58
15
6
14
17
21
33
50
30
35
19
12
41
1
15
30
2
24
40
18
15
43
21
5
14
27
15
26
57
26
28
33
36
