57
3
17
32
31
0
36
41
49
47
8
46
4
55
58
44
3
59
52
4
52
14
32
54
53
18
43
62
35
12
5
21
12
43
30
8
41
48
12
31
7
36
44
18
25
0
32
30
62
32
50
8
61
6
1
55
47
57
53
36
56
39
12
24
47
9
40
41
8
55
34
4
43
39
11
53
36
48
31
60
62
27
33
13
1
7
6
53
0
56
17
22
37
38
42
56
25
53
3
44
30
24
59
9
3
27
58
40
54
0
19
22
9
23
33
5
41
46
1
60
26
54
13
15
53
38
31
17
15
3
16
15
58
44
34
24
21
50
23
15
1
6
50
45
32
16
58
62
50
25
18
43
10
58
38
58
16
8
28
30
37
49
62
61
45
53
16
14
25
2
3
60
61
60
32
33
57
59
52
48
21
29
39
6
12
33
44
60
13
17
48
41
40
37
46
63
28
22
17
10
9
61
31
21
53
50
32
14
23
27
25
32
49
13
22
29
43
33
0
19
19
49
42
37
30
16
4
0
41
36
34
20
57
61
11
56
41
57
17
31
49
56
30
4
61
17
3
0
39
47
49
47
40
52
63
8
35
51
4
11
42
19
33
43
39
33
50
2
30
37
17
9
14
62
48
48
31
7
10
34
6
33
5
45
43
7
16
22
42
6
23
28
59
21
44
58
37
12
15
13
47
59
56
20
18
44
50
9
47
52
46
20
53
52
17
10
0
23
14
51
55
6
56
41
22
3
14
27
62
35
41
35
43
32
37
1
14
38
22
54
49
32
39
9
56
11
23
54
59
5
46
20
17
4
28
8
34
7
51
26
12
54
32
9
38
61
52
22
32
59
0
4
35
23
24
56
58
1
43
3
31
36
35
3
61
25
7
5
27
10
41
63
14
6
25
25
39
7
15
32
15
2
62
59
13
17
20
13
28
7
49
21
7
13
37
39
48
11
13
17
31
0
17
29
21
19
18
12
43
43
2
13
15
53
31
53
29
53
9
29
1
11
24
27
5
15
47
35
14
19
60
37
61
50
36
8
53
63
35
32
7
19
63
44
26
44
22
12
60
20
47
30
16
29
45
45
6
59
50
58
35
57
5
8
55
20
13
37
46
63
35
54
16
6
38
58
14
22
60
39
3
20
21
51
57
23
11
36
2
11
11
7
22
27
30
57
21
18
16
49
34
0
8
49
24
40
27
7
59
21
30
33
58
60
52
9
36
63
39
41
51
32
48
30
25
51
8
2
41
61
42
56
25
11
22
56
39
4
51
1
32
17
6
13
23
38
57
52
59
55
12
29
59
39
36
40
63
31
2
16
12
21
27
4
26
53
25
32
28
52
20
35
46
45
47
13
49
49
62
21
60
29
16
26
2
3
50
36
27
43
29
40
8
17
52
9
18
32
29
25
41
7
38
46
9
5
51
24
16
0
14
48
30
54
9
30
21
48
59
45
42
59
0
11
40
51
10
20
45
43
18
28
25
41
40
55
17
31
47
7
1
10
46
9
22
63
59
10
57
33
2
38
18
34
3
10
54
41
18
56
38
33
52
50
31
19
11
41
48
51
35
60
63
28
40
56
15
38
40
58
43
5
18
28
60
1
55
49
0
63
26
33
12
47
20
52
47
15
56
33
11
5
42
36
22
6
8
62
54
37
24
44
55
40
25
62
23
63
1
36
26
47
45
36
9
6
16
34
55
63
40
4
46
23
6
55
43
25
14
44
57
45
42
2
19
19
5
10
58
55
33
58
43
43
35
63
39
14
6
22
22
35
23
29
35
35
7
14
59
24
31
59
31
61
17
52
14
52
44
63
13
37
48
1
54
45
0
38
17
12
16
57
34
2
13
37
55
54
5
33
24
42
19
11
46
37
54
41
19
31
52
36
50
34
43
29
61
21
45
33
58
57
19
21
14
23
19
26
19
5
32
61
1
7
41
24
6
11
56
47
23
40
5
14
62
42
16
36
30
54
51
46
58
0
21
50
58
51
49
45
41
2
48
54
22
50
38
62
41
6
63
2
8
5
20
1
44
6
38
53
8
61
46
57
24
44
34
57
9
16
55
5
4
34
25
10
48
37
51
61
12
45
44
44
42
45
23
62
42
30
63
2
13
24
63
16
34
16
19
57
11
17
52
3
24
34
11
22
15
62
15
53
42
50
26
54
10
26
18
44
21
20
26
4
36
36
1
32
62
14
48
54
29
15
12
13
22
14
31
60
46
14
25
57
47
48
63
14
52
20
3
29
46
17
39
60
53
44
12
7
4
45
17
1
0
46
42
17
62
34
19
28
27
28
61
34
55
15
29
33
54
30
36
48
22
18
42
5
53
25
13
3
38
6
20
18
32
2
10
47
34
30
18
45
15
15
5
48
39
2
35
56
62
47
54
34
15
56
52
14
28
56
35
24
19
20
0
30
9
58
21
11
4
10
60
34
43
8
23
59
39
39
31
37
61
10
53
40
37
55
46
61
63
36
13
15
38
55
51
18
62
6
5
26
59
63
23
57
28
49
45
44
4
20
10
24
3
37
58
9
7
12
52
55
33
3
19
55
4
12
42
29
49
33
52
21
39
51
10
57
24
49
53
37
47
25
11
20
20
29
24
47
23
29
28
10
51
5
6
2
27
2
55
58
10
26
9
35
20
40
48
10
28
5
4
34
59
50
62
50
58
27
35
31
48
58
23
53
19
51
35
37
40
61
40
12
34
61
57
18
48
0
24
23
30
46
1
27
46
29
9
28
3
55
50
60
1
57
12
31
9
26
45
59
4
30
45
32
23
5
10
60
18
38
27
30
23
26
40
7
36
1
37
47
51
48
26
49
61
49
36
41
56
60
35
51
63
33
37
62
54
20
58
26
40
44
27
0
15
60
13
38
12
51
31
55
16
29
63
21
40
56
62
45
31
39
39
21
33
54
3
5
26
29
27
61
53
24
28
12
1
2
5
38
24
28
26
40
17
3
15
32
29
49
27
18
46
14
18
0
8
26
21
5
51
28
33
7
29
7
25
61
36
3
57
2
39
8
50
46
59
3
13
29
42
8
46
8
53
20
31
2
31
22
22
20
52
24
1
16
46
40
50
47
43
62
0
22
60
4
54
38
34
21
42
26
49
13
25
2
27
38
40
57
16
1
8
51
28
19
43
8
26
28
27
39
51
27
28
55
38
51
42
6
15
56
53
49
18
11
55
44
45
11
15
56
3
56
6
44
30
37
50
63
16
11
27
42
2
18
58
10
16
35
4
44
25
43
52
50
49
15
50
19
43
43
48
11
60
34
44
47
25
9
30
19
60
27
21
41
42
59
57
9
60
39
42
28
24
33
47
23
26
61
37
33
7
4
0
11
19
23
27
39
42
54
45
39
10
8
4
13
1
13
12
18
4
