30
1
10
23
12
0
25
27
27
29
7
28
3
21
24
28
1
18
25
3
25
7
25
24
30
13
25
16
25
6
3
14
7
24
12
7
27
20
4
13
2
27
17
15
8
0
26
10
24
25
18
7
19
2
0
17
17
31
27
17
16
28
7
10
31
4
16
27
4
19
19
3
27
17
6
30
25
16
10
30
16
10
23
4
0
2
2
26
0
30
11
10
29
28
23
16
8
30
1
18
14
8
28
6
1
10
24
17
26
0
9
10
4
15
16
2
27
17
0
25
15
17
4
7
26
22
12
13
5
1
11
5
20
16
17
10
9
23
15
4
0
2
18
18
26
9
30
19
30
8
10
24
7
30
25
16
11
5
12
10
23
22
21
24
27
31
10
6
8
1
1
31
19
20
23
22
22
20
28
19
13
12
30
2
6
25
20
31
4
13
20
27
16
26
28
21
10
14
9
6
7
24
13
14
21
18
25
6
15
8
9
17
31
7
11
12
24
23
0
9
9
22
30
26
12
13
3
0
27
28
28
8
31
19
6
20
27
30
14
12
20
30
12
3
24
13
1
0
28
23
18
30
24
26
21
7
25
18
3
7
19
9
23
27
21
21
22
1
13
28
11
6
6
19
20
17
12
2
7
29
2
16
3
21
29
3
11
9
19
3
9
13
26
14
18
31
22
7
5
4
17
24
23
14
13
31
23
4
17
26
16
8
27
30
11
7
0
12
6
22
27
3
16
18
15
1
5
8
21
28
24
25
27
22
22
0
4
17
11
25
31
16
22
4
17
7
15
26
19
2
28
15
11
3
13
4
20
2
28
14
6
25
30
4
20
18
31
9
19
20
0
3
27
15
10
20
18
0
31
1
13
30
26
1
19
9
2
3
8
7
26
16
6
2
15
8
26
3
5
16
4
1
26
18
4
14
14
4
12
3
21
14
2
4
21
20
28
6
4
13
12
0
14
12
14
11
13
7
31
25
1
4
5
31
13
30
15
30
7
10
0
6
8
8
2
5
17
29
5
11
26
28
25
23
30
5
21
21
25
29
2
9
22
18
8
31
11
4
31
8
31
10
11
15
17
27
2
20
18
18
17
23
3
7
17
15
4
23
29
31
28
25
9
2
27
16
6
11
25
30
1
14
13
20
23
9
7
26
1
6
7
2
11
14
11
19
14
13
15
20
29
0
7
26
15
16
14
2
18
10
11
21
24
24
27
4
28
19
19
24
18
29
29
12
8
21
5
1
31
18
25
20
8
7
10
18
29
3
23
0
29
14
2
5
12
23
16
27
26
21
7
13
26
26
29
20
19
9
1
8
6
15
14
3
12
31
8
26
12
31
8
29
30
22
17
4
23
18
21
10
19
8
12
11
1
1
23
21
9
29
15
17
5
13
29
4
13
16
12
8
27
2
17
28
7
3
23
10
9
0
6
24
13
25
4
12
14
18
18
21
25
18
0
6
18
22
5
8
22
25
15
12
8
27
28
29
11
13
17
3
0
7
31
6
8
31
18
7
22
17
1
19
9
28
1
5
25
27
8
20
16
17
31
18
13
9
7
21
29
20
24
16
22
10
16
30
4
19
20
31
25
2
13
12
24
0
17
26
0
18
8
21
7
21
8
30
29
5
27
25
7
2
17
30
11
3
4
21
25
26
15
22
18
17
8
19
15
19
0
22
15
17
21
27
4
3
11
17
22
18
28
3
21
15
2
25
29
8
4
17
16
22
22
1
11
9
2
7
16
27
17
31
19
17
28
22
31
6
2
9
15
29
9
10
30
28
2
6
19
10
12
20
13
19
13
31
6
28
17
25
4
19
24
0
27
27
0
28
11
6
10
16
18
1
4
30
23
31
2
17
11
24
9
6
30
23
26
26
10
12
27
27
23
20
25
12
24
14
17
30
19
16
9
13
6
11
14
11
9
2
26
19
0
3
31
9
3
7
23
29
15
20
2
7
22
29
10
29
12
24
25
30
16
0
13
16
24
16
26
27
20
1
21
27
11
18
27
21
22
2
22
1
4
3
8
0
22
2
22
21
5
24
29
23
10
18
28
16
7
9
17
2
3
29
12
6
24
26
23
24
7
22
16
23
23
28
15
19
25
10
19
1
4
10
21
11
28
11
9
16
7
13
30
1
14
17
6
11
5
21
5
21
22
23
14
21
5
9
9
31
14
8
11
3
26
28
0
19
21
6
21
25
10
4
6
4
11
5
12
16
29
6
8
23
31
22
21
4
26
15
1
15
30
14
20
16
26
31
7
2
3
27
14
0
0
17
19
15
19
29
11
15
9
8
18
20
21
5
14
16
25
12
26
21
11
14
24
3
26
8
7
1
23
2
14
14
31
1
5
31
28
12
9
28
5
5
2
21
23
1
25
20
17
17
30
20
5
18
29
6
13
30
19
10
9
14
0
12
6
20
13
6
3
6
16
29
29
5
15
27
31
26
12
30
24
4
19
31
28
27
28
22
24
27
5
5
28
26
21
14
21
2
2
13
29
21
9
23
10
21
27
28
3
14
5
10
1
29
27
4
2
7
31
24
16
1
11
18
3
7
25
15
20
18
18
14
19
23
4
16
8
29
22
26
19
8
7
9
9
15
13
30
15
15
10
5
25
3
3
1
9
1
29
20
5
11
7
25
11
16
26
6
12
2
3
20
16
17
21
23
20
14
30
10
18
22
9
30
9
23
28
29
17
24
16
7
29
24
30
13
26
0
10
15
10
26
0
11
29
15
6
15
1
23
23
24
0
30
6
12
5
12
22
18
3
12
18
25
15
3
6
24
9
17
14
8
13
11
16
2
27
0
26
17
31
25
14
31
24
23
28
24
27
20
25
20
19
29
26
22
26
14
31
8
20
18
14
0
5
24
4
24
6
20
10
22
11
10
24
14
24
30
21
22
15
28
30
9
25
27
1
2
12
13
8
24
26
10
12
4
0
1
2
20
10
10
12
18
13
1
5
29
13
22
8
11
28
5
15
0
7
13
13
3
29
13
16
2
9
2
8
24
28
1
22
1
19
7
24
28
18
1
4
10
19
5
30
4
27
15
13
1
12
14
11
15
31
14
0
10
28
31
29
28
27
18
0
11
20
3
25
23
29
14
22
15
17
4
8
1
14
31
20
23
15
0
5
18
10
9
25
5
13
12
14
19
23
12
13
22
23
23
28
2
5
20
30
22
14
6
22
29
29
6
5
27
1
20
3
28
12
29
18
19
11
5
8
21
1
13
20
7
11
26
3
16
13
27
31
18
23
5
23
8
25
17
20
6
19
29
22
26
8
6
12
10
19
12
15
21
30
19
23
4
30
31
21
10
11
19
28
15
11
24
26
16
3
3
0
6
9
9
14
31
22
24
22
30
5
5
3
4
0
5
6
9
3
