9
16
25
26
7
11
7
27
2
0
27
1
5
10
3
31
8
21
26
11
12
23
9
28
1
4
29
5
14
8
18
10
3
8
7
24
19
8
31
15
9
9
19
7
9
15
17
2
7
28
24
1
29
5
14
22
3
19
29
5
29
15
16
11
29
18
22
25
23
16
6
17
28
10
24
27
22
15
10
22
6
18
16
24
9
5
7
13
25
29
25
21
30
24
7
27
30
3
24
23
2
0
23
0
2
27
11
16
18
6
24
24
20
10
0
17
26
5
23
12
18
9
25
21
20
10
31
6
7
1
12
30
3
15
24
29
6
30
16
11
13
20
19
0
13
11
11
28
1
25
14
1
8
14
17
29
1
20
13
17
6
15
7
7
20
4
1
15
4
8
8
10
19
24
16
10
14
26
23
24
29
14
28
18
6
6
27
3
19
29
29
13
19
0
15
7
9
2
29
0
27
18
31
8
12
18
24
16
9
11
17
16
11
13
21
6
27
30
30
28
8
6
21
29
23
19
7
22
2
11
20
11
3
28
19
8
0
15
31
6
0
29
9
10
7
21
21
15
10
20
24
28
4
16
26
4
13
22
10
15
21
30
0
17
16
12
18
2
22
15
14
24
23
13
31
25
17
31
30
10
30
14
14
16
10
13
3
9
9
27
20
26
4
6
21
29
14
25
27
1
7
18
22
25
1
10
23
0
26
30
2
26
19
20
5
6
17
19
4
15
31
14
7
13
16
27
21
0
1
8
17
5
14
20
19
26
29
0
18
6
17
27
1
27
21
10
13
8
5
22
8
22
17
21
21
20
27
29
21
19
5
31
14
11
28
3
10
18
17
22
7
18
18
4
10
27
10
5
3
18
21
11
0
3
29
8
9
20
26
21
22
27
12
28
9
24
14
9
17
2
3
13
2
23
21
22
0
1
6
5
12
3
26
25
18
13
23
20
0
16
12
30
9
11
2
12
23
2
5
17
14
19
7
20
19
10
20
7
23
27
14
15
3
8
19
7
5
2
14
15
4
9
18
14
5
22
21
22
11
18
15
17
27
15
11
3
4
6
22
11
2
5
17
6
14
22
5
27
24
8
13
10
9
20
13
9
16
10
4
27
14
17
20
26
1
24
5
25
10
14
19
4
11
23
30
9
28
1
12
14
0
5
17
6
30
2
19
24
20
17
30
18
16
14
25
20
18
23
2
11
11
15
17
2
27
8
4
18
26
7
28
14
29
5
24
22
30
17
8
11
16
5
31
15
25
3
12
19
4
23
8
11
20
15
16
30
13
5
24
3
0
6
9
17
18
10
16
1
30
14
3
1
16
14
18
2
26
28
25
28
15
13
20
26
25
11
31
22
1
12
23
31
5
8
9
17
24
19
22
21
29
4
1
25
21
20
23
29
22
25
10
7
20
21
9
3
24
20
19
27
24
8
11
31
21
21
5
15
0
7
3
10
9
17
17
26
17
10
21
28
31
29
27
9
13
30
26
29
31
7
20
13
23
21
4
18
8
1
8
11
25
11
26
31
24
6
31
10
10
26
9
12
10
17
20
28
30
18
28
15
30
30
22
27
15
8
12
21
23
22
24
2
20
28
21
6
3
21
9
8
10
12
13
12
7
18
7
30
30
24
31
22
17
22
19
6
16
24
28
18
1
20
14
2
4
5
2
3
5
21
24
1
30
27
18
6
16
21
16
20
16
26
6
13
8
12
19
14
1
10
3
25
8
8
0
17
23
1
23
15
31
5
20
26
12
19
18
17
12
12
20
12
17
2
12
9
1
4
7
1
20
7
0
1
4
10
0
24
19
14
19
13
29
9
7
28
21
4
28
31
5
27
18
5
26
31
19
5
20
30
31
24
28
7
7
28
17
14
27
12
25
30
26
12
0
24
19
14
10
1
29
26
23
16
31
20
0
29
4
28
2
11
18
26
16
27
1
3
10
10
15
28
12
20
0
9
15
1
16
30
16
1
8
22
28
27
18
2
1
29
0
7
30
19
0
13
13
4
14
15
11
27
15
23
6
31
2
0
12
25
11
13
7
22
27
10
11
3
6
26
30
30
0
0
16
24
16
19
22
29
28
24
30
29
5
13
31
4
23
1
25
26
5
28
13
28
15
7
4
15
13
21
6
1
19
15
17
14
9
30
2
18
28
4
5
11
3
31
10
25
13
24
25
13
13
22
31
31
22
31
3
1
2
25
11
4
7
27
27
12
18
31
6
6
19
1
13
14
3
3
29
23
31
17
28
16
6
23
12
2
9
29
8
16
11
26
3
23
11
0
29
9
30
16
11
9
5
31
24
20
19
11
11
25
16
28
29
23
16
26
3
25
30
13
6
5
28
29
9
12
30
4
25
12
16
31
3
14
11
4
6
19
3
28
7
2
2
29
4
17
23
25
20
27
11
12
21
14
18
15
23
19
14
21
7
12
2
6
6
21
16
15
23
9
22
5
31
9
23
29
25
1
8
4
26
22
31
1
0
22
30
4
9
19
27
9
8
28
13
14
18
30
24
7
22
28
0
9
23
26
29
7
5
18
17
30
11
23
24
1
21
3
23
31
19
15
18
27
25
26
2
28
29
12
2
11
10
26
29
3
22
29
19
26
3
0
16
28
0
29
3
12
27
22
26
8
8
29
10
8
18
25
16
31
16
23
30
4
12
15
26
8
22
23
17
21
17
25
25
26
27
23
25
21
4
13
27
24
25
16
12
20
3
10
29
20
12
15
5
15
29
27
8
5
31
7
15
3
15
4
25
19
9
7
14
9
2
14
6
21
26
31
30
7
20
16
4
13
31
23
2
1
27
22
6
25
11
6
2
24
27
12
6
24
22
8
21
30
10
13
28
19
3
4
1
0
25
31
21
20
31
6
5
22
3
17
6
22
7
14
24
17
5
23
12
3
18
12
2
15
13
28
20
23
21
15
3
4
5
1
13
25
19
26
2
4
31
4
8
1
1
26
9
11
10
27
21
13
25
17
5
0
16
26
8
25
24
4
30
1
18
26
25
6
10
22
26
28
6
2
8
12
0
3
18
22
20
13
28
6
30
25
18
14
7
6
6
2
23
9
7
28
13
14
12
4
2
28
17
24
21
20
30
17
0
15
27
5
24
13
12
11
15
0
21
2
7
0
4
22
31
18
19
4
31
5
16
27
4
25
18
0
23
14
26
19
0
2
12
20
26
23
2
8
12
19
30
0
18
10
8
2
14
15
11
22
9
17
13
28
10
3
13
8
29
