35
63
71
40
14
29
11
46
6
2
55
3
13
34
5
67
24
51
50
29
26
55
30
59
3
11
56
19
21
38
51
36
9
39
14
55
58
36
43
22
31
35
58
15
39
22
75
6
11
66
66
4
64
19
23
67
9
58
54
15
56
21
63
32
61
47
49
68
69
61
17
71
59
36
64
47
72
22
35
49
17
58
75
64
30
19
14
33
68
55
71
63
62
48
13
46
62
5
74
70
7
0
45
1
7
66
29
51
54
13
61
48
42
34
1
65
40
19
74
21
57
35
58
41
42
28
63
15
16
3
26
60
5
24
60
69
12
46
75
32
34
77
54
0
38
29
32
59
4
74
21
3
26
20
74
59
3
42
32
70
15
25
14
11
52
12
4
23
10
36
24
36
54
55
57
34
20
50
72
41
54
30
40
57
17
15
64
5
51
59
66
37
54
2
24
17
27
9
51
3
66
56
68
24
29
53
64
63
30
29
47
52
29
33
43
10
75
60
49
68
26
17
60
48
67
65
13
45
6
38
77
32
6
69
71
37
1
21
76
17
1
70
23
33
13
53
78
22
24
42
74
53
10
61
66
10
38
77
35
23
41
52
1
71
76
22
52
6
68
23
25
48
45
38
68
46
43
64
66
37
48
30
23
51
36
20
5
31
31
78
68
40
12
18
49
70
20
74
40
2
11
51
71
78
3
35
69
0
77
62
7
47
58
42
18
18
72
54
12
33
43
21
14
24
51
67
79
2
3
34
75
16
33
44
51
79
62
1
51
19
64
44
4
41
43
30
28
39
19
72
38
71
78
58
75
52
44
70
70
55
13
62
37
28
66
5
36
56
73
73
13
56
45
12
34
60
39
16
8
57
68
37
1
9
57
22
31
73
40
73
73
41
26
40
28
48
29
31
78
9
5
35
9
45
58
71
2
3
15
19
36
8
77
60
54
35
70
53
1
75
20
53
31
38
8
36
52
6
19
47
20
49
14
68
65
39
75
11
69
67
31
23
6
34
77
13
16
7
36
21
10
27
61
22
19
65
51
47
28
58
33
75
43
23
25
6
12
16
64
27
5
19
50
18
30
49
16
75
55
24
25
34
28
70
37
31
76
23
12
76
31
43
41
40
4
63
19
68
34
33
51
12
29
79
62
30
49
3
39
20
0
16
65
17
79
5
71
55
46
75
63
42
55
20
54
72
62
69
8
27
37
22
79
7
44
36
10
61
41
11
59
33
56
18
46
72
63
73
28
37
44
16
76
26
74
5
22
52
12
69
28
36
43
25
73
46
25
19
60
9
0
15
37
72
54
30
57
4
53
27
6
2
63
30
57
8
44
57
78
57
23
37
42
41
67
28
76
44
2
32
65
59
16
27
31
45
52
76
41
58
64
13
4
74
51
42
69
64
42
74
22
14
77
77
31
8
46
45
72
78
57
26
29
78
51
47
19
21
0
13
9
39
24
56
72
59
74
35
68
56
43
61
48
35
25
54
66
56
64
14
42
23
72
58
10
50
26
2
26
32
57
29
47
79
60
17
41
32
39
50
38
21
36
65
75
45
60
59
67
23
53
65
42
48
25
28
37
55
70
46
47
7
77
48
55
19
9
77
27
22
39
35
24
27
13
57
11
61
49
63
78
47
72
47
54
18
50
47
53
50
4
41
33
6
10
17
8
6
18
46
79
4
75
67
61
19
77
54
77
41
42
66
11
33
31
37
73
29
3
32
6
74
20
38
0
64
41
3
60
22
79
15
72
40
35
43
52
65
33
25
44
38
73
5
33
31
0
12
14
4
69
14
2
3
18
36
0
65
49
30
62
25
62
35
11
70
58
10
67
76
16
67
53
16
75
43
61
18
45
49
79
60
56
14
13
47
71
36
43
34
58
45
66
21
0
62
73
27
34
4
69
76
70
55
70
73
1
69
11
48
8
27
51
77
51
61
4
8
30
37
39
56
24
71
2
33
21
3
75
40
52
3
20
72
45
67
76
7
4
69
2
13
49
71
0
24
23
11
20
39
32
62
22
60
18
66
7
0
37
57
28
38
15
73
48
30
29
9
17
50
52
70
2
2
77
51
49
54
41
61
54
64
64
48
19
26
61
10
72
4
54
79
18
40
28
62
26
14
16
25
23
58
18
4
58
21
43
39
30
46
6
59
61
12
10
28
9
59
37
79
33
60
48
38
21
78
63
78
53
64
8
3
8
60
27
11
11
48
44
34
53
79
17
17
73
3
37
20
5
9
78
70
70
43
47
51
16
45
34
8
31
78
38
41
29
50
5
67
27
2
57
20
55
63
32
34
16
60
41
72
70
25
29
79
44
46
69
69
63
40
6
68
73
33
12
14
76
61
24
32
46
11
45
21
44
43
7
38
32
16
17
73
9
53
14
7
6
69
10
59
74
55
73
40
29
32
58
27
54
22
69
56
20
76
13
20
8
17
17
78
50
26
69
39
49
19
66
31
70
62
79
0
26
12
66
44
79
4
1
49
45
13
28
43
75
38
28
78
38
34
50
53
64
11
72
49
1
31
42
77
62
13
15
55
72
71
29
45
45
4
63
9
69
43
76
26
57
60
68
56
7
46
48
25
7
38
30
40
50
9
49
62
75
77
9
1
75
54
1
62
5
22
79
53
50
36
26
53
37
36
56
74
59
76
57
74
63
10
34
33
78
39
53
69
41
49
71
68
54
77
74
69
59
76
16
35
40
52
78
44
21
67
9
24
61
49
35
22
18
21
73
65
23
19
63
14
39
8
25
10
68
50
35
14
20
24
7
28
17
55
76
66
68
15
66
42
16
32
43
73
9
2
44
44
15
59
27
18
7
64
44
28
15
64
44
39
71
49
27
32
76
56
5
12
0
1
68
77
58
46
65
18
15
57
8
47
17
48
11
27
65
74
15
67
32
8
59
25
7
26
25
53
66
70
53
21
5
12
10
4
25
67
74
50
7
10
61
13
36
0
3
68
30
27
33
55
55
24
68
55
15
1
63
40
36
42
65
15
46
2
52
40
74
19
22
41
42
76
18
7
23
39
1
5
54
46
79
32
79
18
48
78
44
38
14
17
12
6
47
31
13
50
23
30
34
10
8
47
56
47
46
72
65
71
1
24
48
14
52
20
27
33
23
0
59
6
15
2
11
42
63
55
58
12
79
16
71
66
12
60
53
0
62
21
65
50
1
7
37
42
67
71
9
24
25
52
62
2
57
38
26
6
22
25
29
45
31
65
28
59
30
8
35
34
61
