19
3
1
28
20
26
23
0
6
12
21
20
10
21
24
26
20
5
30
0
13
14
20
25
22
16
3
6
31
27
18
29
16
11
2
8
12
19
24
16
27
21
28
19
10
18
22
8
29
10
0
18
15
6
16
31
17
10
5
18
8
7
2
19
26
20
18
22
20
18
14
28
13
28
20
16
1
21
29
27
31
18
20
0
24
26
31
10
7
10
16
24
1
3
0
21
25
26
29
30
10
14
23
27
14
30
25
18
9
25
6
12
12
13
15
24
30
28
10
23
3
2
29
27
3
17
27
13
8
4
16
30
5
27
6
25
7
0
1
19
28
26
26
5
8
3
8
29
12
16
27
4
5
26
10
7
25
27
21
12
12
7
0
9
29
16
6
10
27
19
20
11
28
25
13
13
7
26
10
24
7
8
13
24
12
23
2
28
30
15
22
7
29
24
28
19
1
23
15
2
3
6
14
0
2
29
2
11
8
2
25
0
28
23
2
4
22
8
14
5
30
1
30
6
1
30
16
31
3
13
6
8
2
12
24
22
26
4
23
18
9
22
1
6
4
28
19
4
11
29
9
10
15
31
24
22
2
0
6
31
27
6
17
28
9
16
15
22
1
22
6
1
18
20
20
12
4
30
15
2
31
19
22
28
6
29
10
7
23
31
16
24
1
31
24
5
2
27
31
10
3
7
1
24
27
25
15
11
0
18
1
28
11
20
20
2
13
17
22
4
12
18
19
11
14
5
22
26
1
24
25
19
11
26
9
10
6
13
29
17
21
26
10
28
21
20
0
11
17
18
28
1
3
10
5
4
20
18
3
23
23
22
7
5
11
0
7
27
6
1
27
6
15
10
22
12
13
28
22
20
17
21
2
9
18
6
14
16
15
1
29
3
23
18
2
13
27
16
22
7
8
11
30
23
10
12
27
6
26
28
29
26
0
17
3
30
9
7
9
26
13
17
11
16
28
5
23
8
18
23
6
16
2
0
31
5
28
21
25
12
11
24
20
0
21
3
15
21
28
16
3
12
29
15
5
8
21
4
22
5
17
25
6
25
16
21
5
1
25
9
14
18
29
1
11
0
5
11
23
8
9
26
19
2
10
25
20
22
26
6
21
25
1
13
22
7
24
17
31
19
11
14
30
27
25
14
26
22
24
7
9
22
28
19
30
14
0
17
15
29
13
20
22
4
8
30
19
23
6
1
8
22
12
24
7
14
9
25
10
1
7
25
17
1
18
23
2
21
30
30
24
17
11
8
8
23
11
23
20
25
27
2
1
17
19
7
24
19
15
21
6
20
15
3
23
8
23
17
14
22
8
2
4
12
20
22
27
23
1
18
1
3
13
6
14
6
4
10
11
13
4
14
26
26
22
29
2
15
10
2
11
29
19
4
18
27
27
3
3
19
11
31
7
12
0
26
31
20
10
18
8
29
14
20
4
5
4
24
0
16
8
9
12
15
16
25
14
22
12
7
13
24
11
25
8
0
10
5
9
16
5
15
14
29
21
23
12
15
14
5
13
30
19
21
10
6
1
2
0
4
0
26
4
26
10
20
16
24
11
24
0
15
10
29
31
28
3
25
24
22
10
19
27
8
17
15
7
31
27
3
30
13
5
24
4
21
9
23
1
18
31
20
21
14
23
4
3
19
20
17
10
5
27
11
19
5
6
18
11
4
26
18
22
12
16
22
1
16
29
8
24
11
31
23
29
0
20
15
5
0
14
3
30
13
24
13
0
21
7
10
3
11
5
10
14
27
9
27
22
10
5
23
25
0
23
25
12
1
15
28
16
8
22
30
29
7
27
31
14
23
22
23
1
30
18
7
26
28
13
4
13
21
3
19
10
14
1
26
24
11
9
1
30
24
28
27
28
7
20
12
28
1
31
3
24
25
25
25
0
18
29
21
7
6
9
22
16
29
4
0
13
20
7
16
12
23
14
23
4
4
3
8
15
28
26
8
1
19
9
5
18
10
17
13
9
31
19
12
18
0
11
22
25
8
23
0
12
14
19
17
6
18
1
28
7
26
27
21
24
6
17
25
17
6
2
28
7
15
21
17
16
25
31
23
19
1
9
13
24
29
5
31
21
5
27
30
5
5
2
0
22
20
27
16
24
23
26
10
3
25
15
21
9
2
0
18
16
29
17
2
7
22
14
7
5
2
17
25
29
14
10
15
31
22
6
0
19
11
15
7
12
15
3
14
18
2
6
20
7
26
6
12
19
31
14
13
4
30
30
1
6
1
28
15
8
11
7
7
21
23
2
26
29
12
21
0
29
21
6
12
18
17
5
11
2
29
30
26
27
25
15
20
30
10
15
7
9
26
31
30
9
30
30
17
15
30
3
15
30
9
6
3
30
19
19
26
13
28
21
27
20
19
19
0
5
29
26
13
11
13
4
3
24
28
19
24
31
18
26
16
30
8
30
24
21
7
4
17
12
17
3
24
19
7
3
0
14
11
25
23
9
8
12
30
16
12
4
17
7
4
11
31
8
3
16
13
16
0
24
30
12
15
10
25
21
17
13
18
3
24
4
6
19
1
12
30
5
21
25
31
9
26
5
9
20
12
9
17
31
26
25
26
22
0
15
1
20
29
22
14
18
11
3
18
24
1
13
2
26
25
2
4
21
3
17
2
8
17
25
19
17
9
29
4
4
0
31
26
28
16
22
12
20
27
26
2
8
14
16
31
28
14
28
23
27
9
22
25
30
30
20
30
12
27
4
12
4
18
11
17
6
24
10
23
9
16
25
16
14
11
28
4
8
20
11
5
15
30
6
16
14
20
2
5
27
3
31
15
8
6
28
18
5
31
2
18
28
23
11
9
31
11
3
7
9
8
13
0
14
5
29
29
29
19
2
16
5
22
21
20
13
31
29
23
21
18
4
19
9
4
12
18
25
6
18
0
2
19
10
13
9
13
30
20
27
13
29
13
21
25
24
19
15
24
2
11
12
16
7
14
12
9
26
3
6
20
23
7
3
2
21
15
5
15
16
5
4
28
16
10
26
18
14
17
3
25
22
17
13
9
6
11
19
8
9
15
17
8
21
2
2
20
31
31
31
1
3
23
8
17
19
10
14
15
24
13
27
11
12
17
23
1
29
21
21
26
3
20
14
18
14
15
0
9
15
13
0
28
11
31
27
8
8
17
17
28
10
1
4
7
23
31
1
21
14
29
16
8
14
5
9
18
9
29
30
5
7
9
13
12
6
31
7
28
31
4
31
31
16
28
5
29
27
9
11
17
17
2
3
23
22
2
19
21
13
17
13
8
26
30
10
12
14
15
27
21
27
28
19
4
4
20
9
29
27
25
10
