68
6
3
41
42
77
75
2
13
24
54
44
36
61
54
59
76
12
56
1
39
21
48
78
68
73
8
17
66
78
43
45
68
31
9
32
39
77
45
54
42
57
43
68
25
71
47
22
76
21
0
74
33
14
73
41
59
35
13
65
27
10
7
76
72
51
79
48
49
64
26
65
39
63
76
79
3
67
56
63
56
67
64
1
52
74
43
36
15
38
73
54
4
6
2
51
56
77
56
77
38
23
78
78
23
58
48
60
34
43
17
28
20
39
36
40
58
72
38
50
8
9
59
42
7
68
45
25
34
14
73
77
18
78
12
47
16
0
2
68
41
74
48
18
34
6
27
42
24
53
53
18
19
40
35
15
48
77
67
23
36
11
1
24
56
50
19
36
44
46
43
34
63
42
29
34
15
69
33
71
10
30
26
40
26
43
7
65
56
26
61
10
59
63
59
71
4
47
26
9
7
16
24
1
6
42
6
30
38
7
54
2
63
47
7
17
70
29
23
13
76
2
56
14
2
55
53
57
5
39
14
30
7
20
62
62
60
17
72
60
31
79
4
13
17
63
62
11
25
59
32
39
26
60
62
61
8
0
14
41
66
15
42
70
27
73
29
61
3
79
16
3
47
51
76
28
18
79
21
9
60
66
79
40
13
52
36
11
59
53
73
54
3
49
63
14
9
52
40
32
6
10
3
41
64
46
28
33
1
68
3
57
30
49
53
7
29
79
65
17
20
73
61
33
22
12
72
44
3
50
43
62
31
64
34
24
14
38
42
62
79
59
33
78
45
57
0
30
50
68
54
2
8
39
12
18
50
70
5
76
40
41
15
13
33
0
10
64
16
4
52
13
20
36
61
29
37
63
67
61
64
67
5
27
73
11
27
73
21
2
46
9
66
65
7
20
52
73
48
13
27
28
57
66
32
23
76
17
72
64
51
59
4
74
8
61
32
15
27
44
35
45
28
75
63
19
66
30
67
66
14
74
9
2
40
12
63
52
70
33
32
54
60
1
50
7
21
64
43
50
8
23
52
31
12
31
46
18
60
14
40
57
18
58
75
78
19
2
57
39
22
60
54
2
30
1
14
35
58
22
28
47
70
9
26
78
49
47
74
15
66
45
4
26
67
12
63
49
76
77
34
21
58
52
54
23
60
47
52
15
34
69
63
68
72
22
2
42
21
48
38
74
67
12
27
55
62
40
18
4
27
61
37
51
13
30
20
78
38
3
10
42
51
3
72
77
5
64
58
72
57
65
31
32
34
57
25
47
67
42
58
9
4
53
71
13
71
71
32
51
17
44
29
6
61
22
47
46
22
65
24
6
11
36
51
68
77
76
3
70
2
5
37
11
23
10
11
21
35
37
11
22
79
47
75
48
5
31
39
6
30
54
62
17
70
60
45
5
9
49
34
55
11
31
0
64
43
49
38
74
30
54
35
46
16
19
18
56
1
73
34
27
24
32
42
45
39
49
23
16
37
56
33
42
22
1
24
13
29
53
12
25
22
45
46
72
33
21
39
12
38
56
62
69
36
11
2
8
0
16
1
67
11
75
35
69
71
53
25
62
1
26
25
44
43
59
8
47
46
69
36
74
52
28
74
25
10
46
52
5
56
37
18
41
16
51
30
41
3
53
41
74
44
23
58
16
5
71
64
50
37
14
44
31
68
19
17
68
34
19
55
73
66
28
49
69
4
73
59
32
54
33
41
41
45
0
61
20
12
0
24
5
58
29
59
37
1
60
10
39
5
31
19
38
30
64
29
49
66
27
16
57
48
1
70
78
28
4
29
41
52
35
47
60
59
15
58
57
22
70
69
66
3
55
67
13
46
43
24
19
20
67
8
47
37
21
3
40
63
35
27
3
76
50
59
56
57
13
58
37
59
3
77
6
50
79
45
47
0
69
59
61
13
15
28
69
71
58
11
2
37
43
13
61
33
44
25
66
17
18
8
29
38
45
77
34
2
46
39
18
65
39
41
38
27
76
74
36
70
2
22
69
78
36
75
1
37
22
42
46
14
68
4
43
13
55
75
45
50
10
72
45
65
17
7
49
10
38
67
47
70
48
43
47
46
4
24
29
66
76
19
64
44
10
44
53
19
19
9
1
77
71
77
55
48
50
76
35
6
40
29
67
28
7
0
65
73
54
48
9
10
41
21
16
18
6
65
78
56
23
33
20
58
79
12
2
69
33
25
11
23
30
9
21
70
9
10
50
16
64
14
20
62
46
22
24
11
76
55
4
14
4
57
21
32
28
16
15
51
55
6
51
59
23
68
0
66
43
14
39
65
71
10
35
7
71
55
73
63
70
26
52
57
36
29
10
39
75
57
55
27
55
60
60
20
60
8
26
72
28
15
8
56
70
71
49
36
59
49
44
55
68
65
0
12
42
62
35
34
26
18
6
50
63
74
75
40
70
40
64
76
32
55
50
66
15
14
72
36
49
8
52
42
13
8
0
26
33
44
71
31
28
33
73
69
24
12
55
10
17
35
76
20
9
71
38
79
0
58
62
36
26
39
70
60
49
37
79
5
53
11
14
62
3
29
58
19
46
48
79
27
79
18
37
49
33
37
64
58
64
78
73
69
1
21
4
61
71
79
25
69
34
6
72
44
4
38
9
44
53
6
17
67
7
72
7
28
53
78
74
65
23
54
18
18
1
69
55
41
51
61
29
46
51
78
7
32
30
50
43
63
28
67
50
54
27
61
40
55
53
49
75
24
54
17
21
12
69
33
40
16
54
39
40
39
74
78
56
21
30
63
18
34
69
31
19
31
77
12
41
25
75
6
14
77
5
41
25
34
15
48
67
15
58
8
73
51
52
30
24
53
35
7
13
32
28
29
0
24
17
75
58
51
79
9
40
19
69
72
48
25
57
44
68
57
78
17
71
31
11
23
74
45
14
72
1
7
62
35
29
31
22
76
49
63
35
75
23
77
44
58
65
20
50
8
25
20
73
16
24
33
34
56
5
15
53
66
11
8
6
51
30
16
20
51
19
16
65
74
38
74
75
25
77
9
46
69
71
20
31
13
35
68
33
27
26
69
32
78
8
9
44
57
40
53
4
9
54
31
74
62
22
23
26
41
20
63
34
36
47
72
4
52
56
75
49
6
44
24
64
22
36
0
27
21
26
0
62
37
75
51
22
32
79
42
72
38
3
19
15
66
75
4
61
21
46
70
32
23
19
24
76
29
52
66
15
16
31
20
28
17
70
10
45
59
14
46
53
75
66
19
61
43
32
36
48
48
5
5
43
60
5
65
79
37
42
25
28
45
55
38
37
26
30
63
79
67
62
68
11
18
49
25
49
54
77
38
