31
21
58
48
20
6
31
9
23
25
62
11
9
38
41
58
14
46
38
45
47
18
2
28
40
25
16
36
0
4
37
45
20
13
21
33
41
55
51
52
52
23
28
45
33
18
30
8
48
1
19
36
19
43
34
62
27
14
29
43
34
25
27
16
53
10
28
27
2
12
13
13
41
42
20
37
14
48
60
35
25
32
60
34
29
34
62
30
34
19
54
36
53
15
33
47
28
19
23
13
25
57
24
42
57
38
4
35
39
22
35
33
39
22
14
26
11
49
25
52
17
55
57
7
35
17
53
37
61
17
9
3
42
2
19
13
45
8
18
8
46
10
60
47
2
26
29
37
3
39
29
60
59
55
47
21
59
32
23
24
14
14
31
52
57
2
28
55
28
58
12
58
63
22
52
17
13
61
49
27
29
39
14
43
51
50
37
4
56
22
57
44
38
46
44
57
47
39
46
29
37
48
2
21
51
17
56
61
16
18
3
5
18
16
63
24
20
46
0
40
15
57
28
47
56
17
43
50
52
5
4
30
59
30
59
36
57
35
48
24
26
55
33
38
13
36
21
7
13
22
47
55
43
33
10
4
54
2
13
52
52
30
41
19
13
37
30
50
26
37
43
56
43
25
10
6
62
29
28
27
63
16
62
55
10
2
7
31
53
53
32
16
56
33
42
61
25
63
43
33
33
16
45
1
34
54
6
29
20
63
57
25
28
37
27
57
0
19
48
53
17
26
26
0
46
45
3
35
0
37
11
39
63
24
1
53
12
39
3
35
32
58
4
6
50
8
20
54
5
18
44
42
1
7
13
12
55
38
51
45
12
25
4
56
18
61
14
1
13
35
47
56
3
29
51
14
5
62
28
52
52
28
7
30
56
10
11
40
46
23
52
23
49
16
14
2
54
35
29
38
1
56
29
8
5
5
38
45
5
23
46
47
62
31
42
0
30
44
22
9
24
13
12
9
51
52
29
52
18
34
59
17
17
31
45
1
52
33
22
25
24
18
36
35
53
34
13
27
23
7
31
8
59
4
49
15
21
23
32
42
37
52
54
7
2
56
42
1
44
53
2
5
45
63
17
48
8
59
47
3
25
39
11
47
38
15
28
28
44
4
23
53
19
27
11
16
56
17
20
0
61
41
15
6
11
26
14
15
8
21
25
16
20
33
60
37
54
47
30
39
22
19
1
11
61
61
45
26
10
40
12
11
41
3
14
55
49
27
27
20
13
49
41
1
43
19
15
8
59
55
46
55
11
39
61
48
0
62
4
28
20
62
49
1
59
26
50
4
8
7
47
41
21
21
39
40
55
17
57
6
35
55
22
3
28
22
16
6
14
11
62
15
24
31
31
12
56
30
38
62
37
9
58
38
32
50
16
44
18
6
4
54
46
31
53
16
15
44
42
52
50
40
8
22
25
48
10
54
58
36
33
37
21
12
24
18
1
11
5
28
13
24
62
61
25
49
48
9
10
29
50
63
1
40
8
58
49
12
33
59
36
46
10
54
29
12
42
26
16
45
53
26
41
47
34
34
20
29
39
62
59
63
12
20
4
11
27
11
43
8
34
40
23
8
12
4
29
54
1
43
20
35
57
44
44
2
36
39
33
16
25
53
57
60
56
4
2
51
31
42
46
9
45
59
45
4
2
49
49
60
27
3
52
25
7
46
29
61
21
24
38
43
16
16
33
36
53
52
44
51
54
26
10
57
34
26
49
30
29
19
0
13
1
1
13
43
8
60
21
10
39
32
49
41
24
51
34
47
44
59
47
17
40
7
9
22
23
27
3
46
1
62
40
61
54
7
61
55
42
33
60
15
60
6
22
45
23
6
37
1
20
34
7
38
58
57
29
22
33
32
23
11
56
7
10
48
2
28
50
21
60
34
21
63
41
26
6
10
42
24
21
49
53
38
20
24
18
28
6
36
18
61
12
60
20
36
22
59
63
46
26
49
10
44
32
3
27
42
17
0
13
44
15
5
57
36
1
28
43
2
52
17
48
15
23
16
12
16
51
7
46
60
17
32
46
55
26
36
17
15
3
53
34
11
18
53
48
62
59
32
5
27
58
15
4
19
32
23
63
61
14
41
5
62
13
42
4
55
59
48
45
20
49
44
47
10
21
57
0
60
39
32
45
7
14
19
25
33
36
9
6
23
17
19
27
30
14
47
10
1
40
60
61
27
58
2
38
34
22
19
31
19
37
45
62
19
10
18
41
0
43
12
60
41
35
40
29
38
0
56
63
21
33
48
55
9
31
59
15
35
34
11
9
46
30
36
10
50
37
0
0
62
32
11
42
14
61
58
40
55
49
55
53
30
51
61
2
49
9
43
54
56
3
19
47
4
49
31
39
26
41
63
42
27
31
61
59
0
40
50
59
14
16
32
32
49
5
14
30
53
55
30
32
38
12
57
3
56
25
26
16
50
11
24
22
22
0
15
51
41
54
21
24
39
13
8
6
58
43
30
28
57
19
6
51
44
45
41
22
17
44
29
29
15
56
0
42
61
51
26
39
6
32
7
45
50
31
26
51
11
57
6
12
8
58
42
18
5
57
7
35
32
22
2
31
63
51
12
51
24
17
51
40
20
13
8
3
51
24
50
22
54
54
3
20
4
7
24
23
61
3
21
10
7
43
3
10
22
37
48
19
43
55
17
63
45
19
56
6
9
9
30
35
11
50
2
60
25
58
48
9
35
10
49
9
58
50
5
30
38
6
34
5
15
41
56
60
38
12
56
34
9
27
15
0
24
41
44
24
14
47
58
35
18
55
38
20
63
60
55
39
5
6
36
49
31
40
36
18
1
48
32
43
59
26
44
18
40
40
11
9
63
38
5
61
36
41
19
30
26
13
58
46
50
41
50
53
8
15
25
4
53
37
24
37
40
45
52
31
62
35
47
54
1
48
39
3
35
30
28
3
31
54
18
20
5
50
0
25
35
1
49
9
41
6
58
33
50
31
6
62
6
62
21
60
42
27
9
54
16
51
25
46
63
43
39
44
15
23
27
54
59
28
32
48
51
34
37
40
57
20
48
59
37
9
23
54
35
58
9
31
21
33
54
45
35
30
5
53
52
23
16
40
7
38
41
60
38
3
18
5
4
27
42
47
15
33
26
7
17
8
43
62
36
30
7
8
46
5
21
14
63
61
47
34
46
50
4
36
32
48
21
52
27
51
40
62
53
44
33
42
23
15
63
29
56
63
58
19
37
14
8
60
0
43
18
3
11
63
56
23
12
39
59
50
38
12
46
10
44
2
42
14
7
36
2
22
30
58
51
0
57
