57
26
3
36
33
23
60
42
12
17
1
6
33
19
22
39
63
13
48
55
61
55
30
52
15
40
31
50
22
58
33
4
43
45
5
49
26
23
31
54
13
50
53
25
16
13
39
14
32
39
34
61
17
14
51
59
30
18
45
12
30
43
27
21
0
11
18
42
51
2
27
53
39
42
20
57
46
58
29
60
25
19
9
56
19
9
45
17
20
62
27
38
29
37
6
34
29
20
60
25
11
7
1
35
45
22
21
3
49
54
29
47
2
5
40
11
41
7
48
55
4
55
53
23
36
26
46
62
48
3
37
59
11
59
56
10
17
57
14
10
60
47
51
63
28
53
9
9
47
52
37
28
41
33
2
6
31
15
14
35
34
8
1
62
24
0
25
35
41
43
44
38
46
5
62
63
6
19
