75
17
2
76
75
26
47
53
79
67
5
71
74
51
25
12
26
7
28
67
11
19
26
68
38
60
31
29
77
3
31
19
1
61
40
16
39
47
21
79
66
71
28
17
68
24
72
69
31
11
63
66
30
75
58
64
42
17
33
51
66
48
45
42
10
4
6
67
75
9
44
45
44
46
17
7
46
6
61
9
73
33
77
77
14
36
65
13
17
56
33
64
53
11
78
22
62
57
46
1
40
12
49
53
33
29
19
16
14
3
31
74
48
29
4
8
27
9
57
16
54
61
14
52
24
77
76
2
56
51
36
10
38
32
6
8
57
0
15
49
72
24
5
35
65
54
68
74
8
70
25
40
19
61
72
68
71
54
26
74
27
1
53
23
54
54
15
9
60
44
23
16
72
10
69
29
36
18
11
60
48
10
13
67
3
42
55
69
78
50
13
23
55
45
26
44
24
15
28
4
79
75
8
29
40
7
71
76
40
2
57
34
48
29
16
65
10
15
56
68
63
42
33
41
34
15
2
77
41
25
67
55
27
47
15
60
9
1
38
58
67
46
6
14
8
14
42
55
70
57
35
43
58
64
31
0
79
66
55
77
50
11
9
28
38
4
61
61
30
1
11
39
39
25
5
13
26
62
41
60
40
48
72
35
69
37
6
8
60
63
50
44
15
49
57
22
72
47
19
31
59
22
27
13
26
29
76
53
23
0
47
10
30
44
34
19
41
73
64
57
29
39
19
20
47
1
75
58
78
26
65
23
33
66
9
59
1
2
5
12
42
59
70
16
6
59
32
39
76
54
21
34
22
24
19
17
64
11
33
56
76
27
44
1
75
43
12
6
67
75
61
8
47
65
0
58
4
17
51
10
20
73
73
51
52
28
6
72
77
40
39
28
23
22
40
40
43
6
9
28
56
75
0
35
66
12
63
73
3
40
68
31
39
35
12
19
24
32
74
9
53
5
59
15
51
57
4
78
37
70
79
38
34
45
73
7
79
37
9
50
71
22
56
31
18
37
38
0
8
11
23
52
8
40
38
2
9
16
9
39
3
38
48
37
56
46
67
37
12
73
27
13
71
26
23
40
36
77
17
7
22
39
20
57
36
76
69
49
20
59
58
74
4
43
67
48
21
60
4
70
11
20
25
53
19
25
46
28
15
62
29
28
51
13
45
38
23
40
56
9
54
56
57
45
67
46
12
35
41
24
14
27
21
16
43
73
51
65
24
79
22
63
22
17
60
48
37
13
22
2
43
54
19
58
8
48
34
71
62
48
15
29
62
48
78
64
58
42
77
15
2
34
49
23
3
0
76
55
10
41
58
74
65
18
52
54
37
32
41
50
49
43
50
35
34
32
31
12
50
49
69
36
37
17
46
51
36
69
79
70
72
17
31
58
59
45
10
79
38
6
12
47
30
52
42
26
34
36
54
49
66
11
8
46
48
16
48
4
45
30
59
11
12
27
69
53
56
2
10
1
18
0
30
34
49
66
8
27
62
64
29
21
68
20
30
13
53
77
73
47
11
34
10
10
35
52
22
60
43
31
1
64
23
66
20
76
40
55
62
0
75
13
59
78
20
51
65
15
63
13
32
54
74
5
35
73
1
2
24
63
69
51
33
52
6
38
42
0
11
40
79
12
46
61
35
51
55
17
65
41
44
77
16
20
73
33
74
57
2
30
60
79
78
61
26
25
47
62
64
5
74
53
7
64
13
35
62
5
54
23
57
64
59
26
7
72
8
14
31
11
18
65
28
44
75
58
64
29
52
44
13
18
39
36
18
66
56
7
43
49
33
38
58
42
41
50
30
56
75
44
28
45
73
52
5
10
79
65
58
72
33
27
78
27
72
57
31
28
45
43
16
75
70
15
24
19
41
33
50
3
2
42
68
66
75
16
21
16
24
63
20
76
68
50
38
69
35
21
47
14
70
7
4
3
57
47
70
30
18
18
48
18
40
71
51
8
14
46
39
25
71
63
52
10
48
60
53
42
77
49
68
36
50
22
59
11
58
38
59
5
6
78
61
0
9
73
6
27
78
26
1
71
8
17
72
45
43
62
62
50
56
57
69
39
24
77
38
74
25
55
54
61
6
72
67
24
66
16
51
14
70
2
42
21
67
30
50
77
16
66
4
39
67
22
55
44
15
21
39
44
14
32
78
78
38
75
52
38
61
43
60
75
56
15
47
62
20
0
54
30
70
38
5
31
30
62
49
23
17
60
13
71
16
37
48
45
54
25
27
31
21
29
32
10
75
63
22
64
29
61
66
77
79
36
34
48
29
21
28
48
61
79
37
71
25
29
70
3
37
0
40
70
21
34
50
45
49
65
62
27
64
13
71
3
60
33
19
41
4
76
52
71
41
36
56
39
6
7
5
7
28
66
25
1
7
34
5
63
36
52
77
55
3
59
49
43
35
24
0
69
67
65
71
61
64
25
56
72
53
63
3
59
2
60
46
20
62
6
69
69
69
31
21
73
52
53
14
68
22
49
21
73
15
35
76
7
72
25
30
20
26
56
37
36
11
23
78
59
64
58
50
7
25
18
8
53
72
14
43
52
69
25
5
68
27
58
63
64
74
41
2
20
23
46
68
9
24
66
55
46
24
61
2
3
60
7
1
73
65
20
43
0
60
32
42
59
65
74
62
1
1
4
51
42
32
13
44
3
26
24
76
78
54
31
46
38
51
35
63
14
29
74
5
8
10
12
35
70
3
67
33
15
45
43
34
2
4
50
49
54
19
14
55
68
74
10
49
54
79
12
28
32
78
14
45
79
15
74
23
61
19
21
16
76
76
1
55
76
23
42
37
30
3
18
62
41
33
48
24
19
19
76
37
13
9
17
53
17
49
22
22
12
63
71
25
19
24
57
44
0
59
40
60
10
52
61
40
32
33
18
66
72
18
50
44
41
54
6
32
30
28
33
67
7
66
47
28
67
32
27
58
32
28
41
36
79
57
20
36
4
44
58
55
63
18
70
20
19
76
39
58
6
12
21
53
57
26
13
66
67
79
30
71
75
42
59
56
53
70
76
63
17
32
37
18
9
18
34
25
68
36
29
78
39
77
3
50
46
72
17
3
79
16
7
70
18
9
2
68
45
52
34
43
34
41
69
69
12
14
51
55
74
26
73
32
70
23
74
20
4
65
34
39
37
53
55
32
42
27
0
49
20
68
64
0
22
78
21
5
44
27
63
14
45
7
4
46
31
9
35
51
39
11
36
1
68
46
79
43
65
29
49
47
62
11
33
14
46
37
18
30
8
73
71
77
47
52
69
26
6
69
35
59
47
78
12
55
74
6
9
4
