28
31
24
23
11
4
4
24
30
30
9
3
10
15
1
7
2
26
12
1
1
26
2
15
19
25
5
1
27
15
13
20
18
19
30
8
12
21
11
19
0
2
20
14
15
7
17
12
26
26
18
23
5
24
28
23
24
12
10
11
13
9
29
25
16
18
19
12
7
17
17
24
6
2
12
11
28
27
4
28
16
25
11
13
15
22
22
21
6
6
16
13
0
30
14
25
21
20
25
15
17
29
11
31
24
9
15
29
20
28
5
6
0
16
23
7
9
3
23
3
3
10
1
8
31
18
27
5
7
3
9
19
19
10
14
8
11
6
10
8
31
7
22
8
22
4
19
15
29
14
6
30
21
1
2
29
8
22
9
0
25
17
5
28
18
21
31
4
20
27
27
0
30
3
20
2
23
4
17
26
27
14
31
18
0
22
13
29
25
21
13
16
5
31
