102 166
68 80 29 
4 73 95 
44 54 75 
2 13 55 101 
19 26 28 64 
33 80 82 97 
41 
18 44 96 
35 36 84 
44 97 
68 74 82 94 
16 95 
4 40 70 93 101 
15 86 
14 46 48 51 89 
12 19 59 61 
59 
8 26 45 95 
5 16 24 83 
60 71 86 
23 70 93 96 97 
32 80 86 99 
21 27 73 
19 
66 
5 18 35 67 
23 50 94 101 
5 46 
1 30 
29 38 
32 53 61 83 
22 31 75 76 
6 49 75 82 100 
42 62 68 91 
9 26 44 79 101 
9 59 62 87 
56 66 82 
30 65 
66 71 
13 102 
7 48 66 71 73 80 
34 43 75 
42 
3 8 10 35 58 62 77 
18 50 
15 28 85 
63 76 100 
15 41 71 
33 
27 45 57 97 99 
15 59 
76 91 
31 93 99 
3 69 
4 
37 
50 73 74 75 84 97 
44 
16 17 36 51 73 
20 
16 31 
34 36 44 72 75 
47 
5 
38 81 
25 37 39 41 96 
26 77 85 
1 11 34 70 
54 70 89 96 
13 21 68 69 84 
20 39 41 48 78 100 101 
62 89 101 
2 23 41 57 59 83 
11 57 82 85 
3 32 33 42 57 62 100 101 
32 47 52 95 
44 67 
71 99 
35 
1 6 22 41 
65 88 
6 11 33 37 74 85 
19 31 73 92 
9 57 70 102 
46 67 74 82 
14 20 22 
36 
81 98 
15 69 72 
96 
34 52 94 
83 
13 21 53 
11 27 91 
2 12 18 76 102 
8 21 66 69 90 
6 10 21 50 57 
88 
22 50 53 78 
33 47 71 75 
4 13 27 35 71 72 75 
40 84 95 
