193 563
89 134 150 154 181 187 
58 124 164 169 177 
47 69 95 137 168 190 
15 25 68 88 112 144 158 160 179 
6 27 60 89 108 123 126 153 155 161 
5 19 32 56 143 144 145 164 
48 49 63 87 109 124 139 
102 177 179 182 
79 143 
21 27 89 99 146 183 
37 48 100 105 115 143 154 
60 65 77 153 
81 90 162 
38 41 42 54 57 117 152 191 
4 82 86 107 162 
31 178 
22 43 44 85 158 167 186 
22 62 82 100 190 
6 42 52 92 106 122 
22 28 45 70 107 111 163 
10 102 139 148 151 
17 18 20 39 54 187 
76 77 101 103 130 160 163 
65 126 162 188 
4 42 54 64 77 79 99 148 172 179 
29 35 42 110 142 185 
5 10 38 40 78 98 102 138 147 148 152 161 170 174 191 
20 44 58 87 115 120 160 
26 117 
85 159 185 
16 58 116 120 172 
6 134 166 
38 157 182 187 
54 103 117 140 152 165 167 173 179 
26 83 117 171 185 192 
62 83 136 154 
11 48 87 107 112 
14 27 33 87 99 
22 99 101 109 117 164 174 
27 102 140 178 
14 61 124 126 138 145 
14 19 25 26 101 112 128 145 187 
17 45 63 90 94 103 108 184 
17 28 81 108 161 168 183 
20 43 67 115 
73 92 131 150 156 183 192 
3 65 79 102 112 165 
7 11 37 80 125 141 
7 103 110 145 147 
55 96 135 136 182 
102 109 119 132 146 147 153 163 171 189 192 
19 115 151 159 167 172 174 
80 85 97 133 139 168 
14 22 25 34 184 
50 57 141 175 
6 117 
14 55 106 108 122 
2 28 31 101 122 191 
117 167 169 
5 12 78 95 112 117 157 169 175 
41 83 92 101 141 167 
18 36 115 135 
7 43 79 81 102 107 116 134 171 
25 136 177 
12 24 47 71 184 192 
97 110 134 188 
45 69 72 154 179 
4 78 102 114 170 
3 67 141 
20 98 158 187 
65 74 96 101 111 125 156 
67 92 99 113 140 157 159 
46 166 193 
71 77 78 118 141 166 
86 130 138 142 
23 94 111 140 184 
12 23 25 74 121 134 165 178 182 
27 60 68 74 95 139 172 173 187 
9 25 47 63 117 129 142 174 
48 53 88 117 
13 44 63 122 123 127 132 182 
15 18 128 182 187 
35 36 61 
87 
17 30 53 145 
15 75 103 163 175 
7 28 37 38 84 118 134 
4 80 100 129 140 154 155 177 192 
1 5 10 127 
13 43 94 
145 188 
19 46 61 72 115 
137 155 163 164 188 
43 76 90 
3 60 78 103 104 118 145 
50 71 123 127 128 
53 66 107 128 156 160 
27 70 150 155 179 
10 25 38 39 72 127 130 137 156 165 
11 18 88 113 115 
23 39 42 58 61 71 137 140 141 164 184 190 
8 21 27 40 47 51 63 68 128 131 134 
23 34 43 49 86 95 110 123 135 174 
95 126 160 190 
11 141 151 165 180 
19 57 145 191 
15 20 37 63 97 132 162 168 170 
5 43 44 57 161 
7 39 51 150 
26 49 66 103 155 
20 71 76 117 121 138 
4 37 42 47 60 133 136 137 189 
72 100 123 
68 125 151 171 179 189 
11 28 45 52 62 92 100 
31 63 139 145 179 185 
14 29 34 35 39 56 59 60 79 80 111 
74 87 95 136 151 
51 127 132 136 188 
28 31 135 
77 111 128 
19 57 58 81 186 187 189 
5 81 96 103 113 149 180 
2 7 41 183 
48 71 114 142 
5 24 41 104 145 
81 89 96 99 119 
42 82 96 97 102 121 
79 88 163 172 177 
23 75 99 160 168 173 
46 102 144 157 
51 81 107 119 156 
53 112 134 
1 32 63 66 77 87 102 133 193 
50 62 103 120 138 140 158 166 
36 50 64 112 118 119 178 181 
3 93 99 101 112 
27 41 75 111 135 140 155 167 
7 21 53 78 116 148 
34 40 72 76 88 101 135 138 147 192 193 
48 55 61 69 74 101 105 171 
26 75 79 125 163 173 174 176 
6 9 11 169 
4 6 131 
6 41 42 49 85 91 95 106 116 126 
10 51 
27 49 51 140 188 
21 25 27 139 170 176 182 
123 151 
1 46 98 109 158 162 184 185 
21 52 105 114 118 149 158 
14 27 34 
5 12 51 162 171 
1 11 36 67 88 
5 88 93 98 110 138 184 
46 71 97 99 132 186 
33 60 72 131 187 
4 17 70 135 150 151 
30 52 72 160 
4 23 28 97 104 130 159 
5 27 44 108 180 
13 15 24 107 150 153 166 169 189 
20 23 51 86 93 129 142 169 191 
2 6 39 93 101 182 
34 47 77 99 105 177 188 
32 73 74 135 162 169 187 
17 34 52 59 61 138 188 
3 44 53 107 130 
2 59 60 143 162 163 166 
27 68 107 148 181 182 
35 51 63 114 141 153 
25 31 52 78 129 174 183 
34 78 130 142 185 
27 39 52 79 103 142 172 
55 60 86 
142 148 
2 8 64 88 129 165 
16 40 77 136 
4 8 25 34 67 98 114 116 185 193 
105 123 161 
1 136 170 
8 33 50 77 81 82 148 164 170 
10 44 46 124 172 
43 54 65 76 101 150 155 
26 30 35 116 150 173 179 
17 122 156 
1 22 33 42 70 78 82 122 157 166 
24 66 91 93 119 147 165 167 
51 112 114 122 162 
3 18 101 104 
14 27 58 106 163 
35 46 51 65 88 140 
73 134 140 179 
