141 293
18 20 30 82 125 41 
53 73 74 101 105 119 141 
8 78 107 
74 95 
17 21 54 64 121 130 
49 109 119 135 
18 21 48 75 86 100 
3 31 43 90 105 130 
15 54 81 88 95 
86 92 
14 18 23 47 110 
44 
15 33 77 
11 34 39 40 105 118 
9 13 49 52 99 108 
67 83 125 
5 42 69 79 84 101 123 139 
1 7 11 126 140 
45 79 
1 36 51 72 101 109 
5 7 31 35 101 122 130 133 
38 95 117 
11 30 60 64 112 122 128 
28 77 111 
94 
36 49 53 127 
77 112 116 
24 34 50 92 113 
127 
1 23 42 124 140 
8 21 110 118 
46 71 101 125 135 
13 62 94 107 125 131 132 
14 28 35 82 119 
21 34 74 98 
20 26 71 102 
39 52 
22 47 97 120 137 
14 37 97 114 
14 54 94 101 
1 136 
17 30 47 75 122 
8 53 54 
12 60 104 
19 
32 68 96 129 
11 38 42 86 129 
7 58 73 
6 15 26 
28 103 
20 58 65 118 130 
15 37 76 128 
2 26 43 64 
5 9 40 43 68 102 115 126 
69 78 139 141 
57 74 107 113 118 
56 73 
48 51 74 94 101 117 131 
72 81 94 111 
23 44 100 
141 
33 112 119 
104 
5 23 53 117 118 135 140 
51 113 119 
81 86 107 140 
16 85 92 
46 54 120 
17 55 73 114 118 
98 120 
32 36 93 94 
20 59 98 116 
2 48 57 69 106 123 
2 4 35 56 58 105 112 
7 42 89 113 
52 113 124 
13 24 27 99 101 114 138 
3 55 106 112 
17 19 140 
99 131 
9 59 66 106 108 
1 34 135 
16 100 
17 89 92 104 111 120 
67 92 
7 10 47 66 
127 135 
9 
75 84 120 129 
8 96 102 
103 108 
10 28 67 84 85 
71 117 
25 33 40 58 59 71 100 109 
4 9 22 107 127 
46 90 111 117 137 
38 39 99 125 137 
35 70 72 124 
15 77 80 97 116 137 
7 60 83 94 
2 17 20 21 32 40 58 77 128 
36 54 90 124 129 
50 91 104 105 116 133 
44 63 84 103 106 118 132 
2 8 14 74 103 
73 78 81 104 
3 33 56 66 95 
15 81 91 
6 20 94 134 
11 31 
24 59 84 96 135 
23 27 62 74 78 131 
28 56 65 75 76 
39 69 77 
54 141 
27 72 99 103 123 
22 58 64 93 96 
14 31 51 56 64 69 104 
2 6 34 62 65 134 
38 68 70 84 89 
5 
21 23 42 132 
17 73 116 125 132 
30 76 98 102 
1 16 32 33 97 123 134 
18 54 
26 29 87 95 134 
23 52 101 
46 47 89 102 137 
5 8 21 51 
33 58 80 112 
33 104 122 123 
21 103 
109 119 125 127 
6 32 64 82 87 111 141 
41 
38 96 97 99 129 
77 
17 55 
18 30 64 66 79 
2 55 61 115 135 
