185 496
12 13 64 92 105 152 145 
27 28 71 106 120 137 
16 44 50 65 97 
7 9 15 18 42 58 
54 66 83 103 111 112 151 
29 37 61 105 124 126 160 166 
4 37 115 139 161 171 
19 78 149 172 
4 83 95 105 185 
26 37 57 60 87 110 157 
22 46 142 182 
1 38 90 99 103 144 
1 43 90 94 122 178 179 
29 52 72 140 
4 61 62 78 84 92 100 101 105 122 128 
3 43 142 148 156 159 176 177 
22 28 45 82 97 102 127 129 166 
4 65 125 179 183 
8 30 62 150 168 174 176 
36 128 141 
117 177 
11 17 43 47 54 63 66 96 132 161 184 
58 100 110 124 128 147 158 173 177 182 
58 88 129 162 
53 85 137 138 152 
10 65 92 124 162 
2 40 114 148 166 
2 17 88 132 167 
6 14 106 122 123 134 146 179 
19 71 99 118 124 157 161 
53 94 125 126 163 
40 150 159 
81 106 138 141 
47 77 129 130 150 185 
53 74 91 170 
20 48 73 79 115 116 123 128 
6 7 10 
12 61 71 131 139 158 
93 110 137 143 
27 32 107 114 
45 87 133 142 156 
4 44 83 115 133 143 157 
13 16 22 84 125 161 
3 42 74 78 93 117 119 
17 41 67 75 76 111 129 
11 57 118 132 160 183 
22 34 76 103 118 130 166 182 
36 109 151 
76 182 
3 87 93 143 
144 156 
14 53 78 140 170 
25 31 35 52 132 135 
5 22 162 
84 119 129 163 
118 
10 46 87 99 100 123 136 
4 23 24 76 
72 74 171 172 
10 70 78 92 107 173 
6 15 38 173 179 
15 19 132 137 179 
22 155 
1 79 109 177 
3 18 26 75 104 111 129 144 161 
5 22 99 159 163 
45 73 84 87 127 132 156 
93 116 160 
75 81 
60 90 132 146 182 
2 30 38 91 95 121 126 132 183 
14 59 96 152 
36 67 92 94 164 
35 44 59 107 114 121 153 
45 65 69 93 137 164 
45 47 49 58 81 118 124 156 172 177 
34 95 130 149 
8 15 44 52 60 119 126 
36 64 89 173 
85 86 134 185 
33 69 76 105 126 129 
17 87 104 116 146 147 161 
5 9 42 121 159 
15 43 55 67 132 
25 80 96 110 124 132 138 183 
80 109 110 126 142 162 
10 41 50 57 67 82 161 166 
24 28 118 
79 96 97 116 135 176 
12 13 70 104 138 180 
35 71 170 
1 15 26 60 73 128 131 159 173 
39 44 50 68 75 96 
13 31 73 112 121 165 179 
9 71 77 119 165 174 
22 72 85 89 93 117 129 139 
3 17 89 105 
110 119 182 
12 30 57 66 128 
15 23 57 115 135 163 173 
15 129 163 170 
17 127 149 181 
5 12 47 147 185 
65 82 90 144 147 
1 6 9 15 81 97 126 129 148 
2 29 33 121 133 177 
40 60 74 130 159 161 
127 
48 64 86 134 183 
10 23 39 85 86 98 
5 45 65 144 164 
5 94 114 
127 134 
27 40 74 112 119 128 170 175 
7 36 42 100 149 168 
36 68 82 89 120 139 178 
21 44 96 150 153 
30 46 47 56 76 88 121 
44 55 78 95 98 114 
2 116 
71 74 83 94 106 118 140 146 169 
13 15 29 136 154 163 
29 36 57 
6 23 26 30 76 85 131 135 
18 31 43 141 
6 31 71 78 81 86 105 162 170 
17 67 102 108 113 160 
15 20 23 36 92 99 114 130 
17 24 34 45 55 65 81 96 101 105 
34 47 77 107 128 
38 92 124 
22 28 46 53 62 67 70 71 84 85 142 147 157 
41 42 106 
29 80 109 113 162 
53 89 100 124 
57 122 
2 25 39 62 75 
25 33 85 90 143 159 177 
7 38 96 116 150 184 
14 52 121 171 
20 33 125 146 
11 16 41 86 132 169 
39 42 50 138 164 
12 51 65 104 111 164 
1 
29 70 82 121 141 172 
23 82 103 104 132 152 
16 27 105 153 
8 77 102 115 177 
19 32 34 117 139 
5 48 
1 25 72 147 180 
74 117 148 175 
122 
63 
16 41 51 67 76 183 
10 30 42 132 182 184 
23 38 
16 32 66 83 92 107 138 
6 46 68 127 164 170 181 182 
7 22 30 43 65 82 87 107 178 
24 26 54 86 126 134 
31 55 66 100 101 122 
73 75 111 143 144 160 175 
94 95 177 
6 17 27 47 87 
28 176 178 
19 115 
121 142 175 176 184 
35 52 91 101 114 126 160 
7 59 140 
8 59 76 146 
23 60 61 79 92 100 
19 95 
114 153 164 169 
16 19 89 167 169 
16 21 23 64 76 106 138 149 165 
13 116 161 167 
13 18 29 61 62 94 
90 152 
102 160 
11 23 47 49 70 98 157 160 
18 46 71 85 109 156 184 
22 139 157 169 183 
9 34 80 103 
