193 547
51 98 106 177 190 180 
52 61 112 118 
20 95 135 166 
86 142 162 164 
30 76 132 142 
37 148 
52 65 72 106 119 126 182 
31 83 132 133 174 
10 62 134 136 142 144 190 
9 20 34 48 56 59 64 67 69 83 133 
85 187 193 
34 68 79 105 135 136 
84 131 162 
69 80 91 149 
109 136 164 191 
38 41 62 106 148 153 
40 56 103 119 
56 110 119 181 
23 123 139 
3 10 33 81 90 101 133 146 
83 115 118 
42 57 128 151 164 191 
19 32 47 78 153 165 169 
65 85 89 143 149 172 181 
52 130 182 
36 118 
41 46 115 120 
48 100 103 133 145 185 
104 108 112 115 143 153 158 
5 47 66 74 90 98 183 
8 34 50 69 74 87 94 188 
23 36 58 63 127 141 159 
20 73 104 149 184 
10 12 31 68 112 148 166 170 
48 96 137 
26 32 66 142 156 171 174 176 
6 50 75 82 
16 73 78 130 155 171 
49 70 121 176 179 188 
17 82 189 
16 27 84 113 139 148 150 187 
22 45 63 70 75 89 131 133 165 187 
56 128 171 
65 94 110 132 176 
42 69 171 175 176 
27 106 108 115 
23 30 51 97 105 156 159 188 
10 28 35 73 78 97 100 153 158 172 192 
39 69 114 127 138 153 157 193 
31 37 67 71 100 119 141 155 163 191 
1 47 69 75 88 117 144 185 
2 7 25 63 117 144 154 192 
90 107 151 
59 114 175 183 
60 69 
10 17 18 43 78 112 132 154 
22 62 94 99 139 
32 82 86 92 106 113 119 174 
10 54 116 
55 73 125 129 155 158 
2 73 84 92 100 129 
9 16 57 73 85 147 190 
32 42 52 90 171 188 193 
10 122 130 136 154 193 
7 24 44 181 
30 36 135 188 
10 50 157 
12 34 82 94 129 164 
10 14 31 45 49 51 55 83 125 126 129 134 146 171 185 
39 42 109 150 157 
50 77 82 104 116 124 164 
7 84 101 108 121 123 184 
33 38 48 60 61 62 110 131 154 
30 31 84 89 126 175 181 
37 42 51 85 114 182 193 
5 86 170 
71 125 
23 38 48 56 157 
12 88 89 100 131 153 187 
14 158 
20 104 140 152 172 
37 40 58 68 71 124 165 
8 10 21 69 106 150 
13 41 61 72 74 119 131 170 
11 24 62 75 126 128 149 164 193 
4 58 76 87 136 149 158 161 186 
31 86 101 107 157 178 188 
51 79 95 113 151 181 
24 42 74 79 100 103 106 112 
20 30 53 63 103 119 120 173 
14 168 
58 61 106 135 157 
124 130 135 153 173 
31 44 57 68 105 139 164 
3 88 111 153 155 176 
35 108 134 136 137 183 
47 48 107 112 133 152 
1 30 146 182 190 
57 112 129 136 157 188 
28 48 50 61 79 89 191 
20 72 87 106 146 157 170 183 
115 155 183 190 
17 28 89 90 153 165 176 
29 33 71 81 154 156 168 
12 47 94 151 173 177 189 
1 7 16 46 58 83 89 92 101 131 183 
53 87 97 127 128 138 162 169 189 
29 46 72 96 125 172 179 193 
15 70 
18 44 73 120 133 140 152 162 
95 154 
2 29 34 56 89 97 99 131 132 133 193 
41 58 88 143 174 
49 54 75 
21 27 29 46 102 174 
59 71 171 182 
51 52 
2 21 26 119 
7 17 18 50 58 84 90 118 127 174 175 
27 90 110 156 
39 72 193 
64 148 181 
19 72 142 157 
71 82 93 175 
60 69 77 108 127 133 145 
7 69 74 85 142 146 148 181 
32 49 107 119 125 
22 43 85 107 142 
60 61 68 69 99 149 191 
25 38 64 93 
13 42 73 79 84 106 112 191 
5 8 44 56 112 142 185 191 
8 10 20 28 42 97 110 112 125 
9 69 96 193 
3 12 66 92 93 171 187 
9 12 15 64 86 96 99 142 150 153 159 
35 96 174 
49 107 157 
19 41 57 94 152 
81 110 162 163 167 
32 50 146 
4 5 9 36 123 126 128 132 136 
24 29 113 149 
9 51 52 193 
28 125 
20 69 98 101 126 141 154 181 190 
62 155 
6 16 34 41 122 126 
14 24 33 85 86 129 143 
41 70 83 136 182 
22 53 88 105 
81 97 110 139 179 
16 23 29 48 49 79 93 95 103 136 183 
52 56 64 73 104 111 146 
38 50 60 95 102 147 175 
36 47 104 120 168 
49 67 70 78 87 92 99 101 123 138 
29 48 60 80 86 
32 47 136 168 182 
193 
86 175 
4 13 107 110 140 
50 140 182 
4 15 22 68 71 85 94 
23 42 82 103 176 
3 34 176 
140 
91 104 156 159 173 
23 107 
34 76 84 101 
36 38 43 45 63 69 116 135 
24 48 81 108 
90 93 105 168 
8 36 58 113 115 119 137 
45 54 74 119 124 155 161 
36 39 44 45 95 103 165 166 
1 105 186 
87 182 
39 108 152 187 
1 
18 24 65 74 88 122 126 146 
7 25 75 98 116 150 159 163 178 
30 54 96 101 102 106 153 
33 72 185 188 
28 51 69 132 184 
86 177 
11 41 42 79 135 179 
31 39 47 63 66 87 99 184 
40 105 107 
1 9 62 98 102 146 
15 22 50 100 129 131 132 
48 52 
11 49 63 64 75 85 108 112 121 134 144 160 
