105 168
9 17 23 43 56 5 
41 94 
28 89 
73 96 
1 11 
8 9 22 28 65 67 71 82 
33 65 68 85 91 99 
6 13 18 27 56 75 
1 6 40 60 77 
74 
5 52 
41 84 
8 43 65 
26 43 56 
100 
101 
1 98 105 
8 61 87 
31 49 51 78 104 105 
55 57 65 95 
38 50 
6 33 97 
1 64 101 
68 97 
86 
14 29 
8 28 51 78 
3 6 27 
26 35 69 75 88 
45 83 
19 33 41 55 76 
92 
7 22 31 73 100 
38 101 
29 44 88 94 
55 79 93 99 
39 72 
21 34 57 71 
37 41 47 
9 58 63 68 83 
2 12 31 39 58 89 
73 
1 13 14 
35 58 
30 49 63 84 
75 86 96 100 
39 48 
47 81 86 90 
19 45 57 
21 59 69 102 
19 27 96 99 
11 80 
61 68 
63 
20 31 36 
1 8 14 63 
20 38 49 70 
40 41 44 79 102 
50 60 85 94 
9 59 73 91 92 
18 53 
71 74 75 
40 45 54 56 73 94 
23 82 
6 7 13 20 
98 
6 
7 24 40 53 
29 50 73 
57 81 93 
6 38 62 74 89 
37 103 
4 33 42 60 63 69 83 86 
10 62 71 91 98 100 
8 29 46 62 101 
31 
9 
19 27 
36 58 87 95 101 
52 
48 70 
6 64 
30 40 73 
12 45 96 
7 59 
25 46 48 73 
18 79 96 100 
29 35 
3 41 71 
48 97 
7 60 74 99 
32 60 
36 70 
2 35 59 63 102 
20 79 
4 46 51 84 87 
22 24 90 
17 66 74 
7 36 51 91 
15 33 46 74 87 
16 23 34 75 79 
50 58 94 
72 
19 
17 19 
