171 407
24 37 50 58 96 
14 20 55 61 88 117 124 126 156 
19 39 73 91 138 165 
136 137 139 170 
26 105 134 
24 54 78 118 152 
85 95 
59 66 70 93 99 133 165 
51 68 91 160 
90 93 124 165 
14 61 63 163 169 
34 
56 164 165 
2 11 16 60 70 82 89 
45 75 88 95 114 131 145 
14 78 83 100 109 151 
28 37 47 76 131 147 
22 54 95 128 158 160 168 
3 53 60 68 75 91 113 163 
2 69 126 137 
141 153 
18 35 40 42 48 120 135 
33 73 83 108 145 
1 6 32 66 89 149 
39 45 52 74 75 76 
5 28 63 103 133 148 
55 81 129 153 171 
17 26 49 116 134 142 
39 80 83 91 160 161 
57 74 
46 48 130 166 
24 92 110 160 
23 46 68 88 115 119 127 167 
12 39 81 86 89 107 138 158 166 
22 112 
100 
1 17 62 136 138 149 150 
67 80 98 142 
3 25 29 34 54 
22 97 
76 134 142 
22 53 83 85 116 148 
53 54 56 142 
103 163 
15 25 46 50 55 116 161 
31 33 45 150 158 
17 102 108 114 163 
22 31 76 136 
28 112 
1 45 57 67 99 121 140 157 
9 87 90 119 
25 
19 42 43 102 113 
6 18 39 43 106 167 
2 27 45 137 
13 43 97 156 168 
30 50 94 96 157 
1 66 99 111 
8 90 132 136 
14 19 78 137 
2 11 111 
37 69 121 
11 26 107 125 
119 163 
66 
8 24 58 65 89 107 109 149 
38 50 72 81 114 158 161 
9 19 33 69 76 128 141 145 
20 62 68 96 
8 14 96 106 118 123 138 146 153 
156 
67 100 106 127 144 155 
3 23 100 111 149 164 
25 30 76 95 119 139 
15 19 25 83 
17 25 41 48 68 74 103 113 139 
105 132 163 170 
6 16 60 88 137 143 161 
94 120 126 128 
29 38 93 118 121 132 136 161 
27 34 67 124 160 171 
14 94 150 
16 23 29 42 75 87 98 133 149 
133 150 165 
7 42 148 
34 122 
51 83 90 94 
2 15 33 78 159 
14 24 34 66 135 169 
10 51 59 87 112 147 
3 9 19 29 97 123 149 
32 129 
8 10 80 141 147 149 150 
57 79 82 87 163 169 
7 15 18 74 
1 57 69 70 100 
40 56 91 127 138 
38 83 157 
8 50 58 153 
16 36 72 73 96 106 119 
121 135 146 
47 53 131 143 144 154 
26 44 76 136 
108 112 117 
5 77 164 
54 70 72 100 124 128 
34 63 66 159 
23 47 104 
16 66 126 154 156 169 
32 131 136 151 
58 61 73 116 125 153 
35 49 90 104 129 148 150 
19 53 76 127 158 162 163 
15 47 67 129 142 157 
33 
28 42 45 111 118 135 
2 104 150 170 
6 70 80 116 169 
33 51 64 74 100 170 
22 79 
50 62 80 101 122 149 
86 121 145 
70 91 142 
2 10 81 106 129 153 163 
63 111 138 
2 20 79 109 136 
33 72 97 113 
18 68 79 106 
27 92 112 114 124 132 
31 138 
15 17 102 110 148 
59 77 80 129 170 
8 26 83 84 147 168 
5 28 41 151 
22 89 101 116 
4 37 48 59 80 103 110 126 145 
4 20 55 60 78 153 
3 34 37 70 97 125 130 143 165 166 
4 74 76 157 169 
50 
21 68 93 
28 38 41 43 114 123 150 
78 102 138 170 
72 102 148 
15 23 68 122 136 170 
70 101 151 
17 90 93 133 
26 42 85 112 131 144 
24 37 66 73 83 91 93 121 
37 46 82 84 93 112 117 142 
16 110 134 146 
6 
21 27 70 99 111 124 137 
102 109 
72 
2 56 71 109 
50 57 98 114 139 
18 34 46 67 113 
88 107 
9 18 29 32 81 
29 45 67 78 80 
113 
11 19 44 47 64 77 94 113 124 
13 73 105 
3 8 10 13 84 138 
31 34 138 
33 54 
18 56 133 
11 89 94 109 118 139 
4 77 117 119 132 143 145 
27 81 
