148 340
8 9 55 73 75 141 15 
45 77 
7 26 39 42 105 
31 78 100 128 
32 
10 45 49 51 55 84 145 147 
3 14 123 
1 33 84 95 113 
1 20 72 115 117 119 124 
6 18 29 31 34 41 50 60 115 
23 50 64 70 71 109 118 123 133 
13 60 84 107 126 
12 70 71 89 109 147 
7 58 
1 43 
95 101 117 
48 65 81 113 131 
10 25 101 
53 61 97 138 140 143 
9 45 60 61 72 83 108 
38 59 64 134 
25 141 
11 35 62 
98 
18 22 33 45 
3 54 138 
45 51 73 
61 64 86 137 
10 64 67 78 
72 122 131 136 
4 10 50 56 128 
5 106 112 116 124 
8 25 79 86 106 108 
10 40 58 
23 63 78 110 137 
76 141 
41 63 95 107 142 144 
21 87 
3 73 75 118 128 129 
34 63 65 95 
10 37 79 
3 47 
15 
53 98 126 
2 6 20 25 27 63 82 
102 109 148 
42 84 88 92 108 
17 74 117 
6 66 71 88 90 
10 11 31 146 
6 27 56 57 75 82 96 123 137 144 
53 57 
19 44 52 79 138 
26 57 61 94 113 145 
1 6 
31 51 69 98 102 107 122 129 
51 52 54 100 105 113 
14 34 59 96 103 104 125 128 135 
21 58 77 90 107 134 
10 12 20 81 83 112 122 
19 20 28 54 76 80 129 131 142 
23 86 139 146 
35 37 40 45 96 142 143 
11 21 28 29 67 145 
17 40 75 78 93 117 119 
49 91 
29 64 72 116 123 
74 107 120 138 141 
56 81 132 137 147 
11 13 110 127 148 
11 13 49 117 118 141 
9 20 30 67 83 144 
1 27 39 85 
48 68 
1 39 51 65 122 125 
36 61 86 120 
2 59 103 
4 29 35 65 
33 41 53 90 
61 
17 60 69 98 100 101 138 
45 51 121 122 128 
20 60 72 112 
6 8 12 47 
73 111 
28 33 62 76 
38 107 120 136 
47 49 99 114 
13 131 
49 59 79 91 122 
66 90 117 145 
47 94 107 
65 123 124 
54 92 116 135 139 142 
8 16 37 40 119 122 
51 58 63 118 126 146 
19 143 
24 44 56 81 113 123 
88 101 104 120 129 
4 57 81 123 
16 18 81 99 107 133 
46 56 114 126 145 
58 77 125 129 147 
58 99 105 127 
3 57 104 113 136 142 
32 33 120 121 139 
12 37 56 59 68 87 92 101 
20 33 47 
11 13 46 120 134 
35 70 116 
85 126 148 
32 60 83 
8 17 54 57 98 105 122 
88 102 141 143 
9 10 121 
32 67 94 110 
9 16 48 65 71 91 138 
11 39 71 96 123 
9 65 95 124 126 146 147 
68 76 87 99 106 109 
82 106 115 131 
30 56 60 75 82 90 95 113 130 
7 11 51 67 93 98 100 118 
9 32 93 119 
58 75 103 
12 44 96 102 111 119 
70 104 
4 31 39 58 82 
39 56 61 99 103 131 138 140 
122 
17 30 61 89 121 129 146 
69 
11 101 
21 59 109 
58 94 145 
30 87 105 140 
28 35 51 69 
19 26 53 68 81 117 129 
62 94 106 
19 129 136 144 
1 22 36 68 71 114 
37 61 63 94 105 
19 63 97 114 
37 51 72 140 145 
6 54 64 91 102 135 144 
50 62 96 119 131 
6 13 69 103 119 
46 70 111 
