103 167
5 13 40 17 
36 63 83 86 96 
12 36 80 86 97 
77 78 79 
1 21 24 29 32 42 65 84 89 
20 
9 16 59 65 73 
41 70 
7 66 
13 27 40 77 91 
37 53 90 
3 60 92 
1 10 
101 
23 32 48 
7 35 57 67 
1 31 
32 66 
25 40 42 62 63 82 88 
6 37 50 
5 27 70 82 
30 
15 32 56 90 101 
5 66 74 
19 69 
30 64 87 
10 21 29 
59 89 
5 27 97 
22 26 68 76 
17 43 
5 15 18 23 68 
59 90 
38 
16 62 82 97 
2 3 76 
11 20 40 45 76 80 
34 49 91 
51 76 
1 10 19 37 62 
8 
5 19 79 99 
31 54 
53 
37 61 
53 85 
58 
15 58 69 92 
38 60 77 
20 62 92 100 
39 90 
87 
11 44 46 66 
43 72 
79 
23 
16 
47 48 67 85 102 
7 28 33 67 
12 49 64 86 
45 
19 35 40 50 65 83 
2 19 65 77 
26 60 
5 7 62 63 
9 18 24 53 71 77 
16 58 59 83 102 
30 32 69 74 83 
25 48 68 
8 21 
66 87 102 103 
54 81 
7 84 
24 68 80 95 
91 
30 36 37 39 82 
4 10 49 63 66 102 
4 
4 42 55 96 101 
3 37 74 86 90 
72 93 
19 21 35 76 95 
2 62 67 68 86 88 103 
5 73 87 100 
46 58 
2 3 60 80 83 
26 52 71 84 95 
19 83 99 
5 28 
11 23 33 51 80 
10 38 75 
12 48 50 
81 98 
101 
74 82 87 103 
2 79 102 
3 29 35 
93 
42 88 
50 84 
14 23 79 94 103 
58 67 71 77 96 
71 83 95 101 
