189 562
2 48 65 103 140 173 175 
1 21 45 50 149 158 170 176 
17 44 144 166 184 
20 44 75 85 93 97 
30 37 57 65 92 107 140 141 152 
8 40 42 63 86 139 174 175 
14 18 78 82 83 132 141 157 
6 15 27 48 97 123 
91 168 171 180 
82 93 95 132 182 
12 113 
11 45 77 172 173 176 
27 42 83 86 90 141 171 
7 22 67 68 127 133 
8 21 87 94 140 189 
19 22 24 48 50 98 100 101 125 173 177 
3 23 37 97 104 
7 29 64 109 124 
16 45 60 101 155 183 187 
4 32 52 56 57 80 88 93 94 98 150 152 179 
2 15 32 69 100 108 122 134 
14 16 
17 37 40 68 183 
16 41 42 49 85 137 150 
170 171 180 
50 91 125 139 164 
8 13 32 36 85 100 119 136 
86 96 98 177 
18 58 85 
5 65 119 131 
46 109 113 121 141 163 182 
20 21 27 35 57 100 112 141 163 
50 88 119 159 
82 106 128 
32 71 78 92 98 100 
27 37 41 84 86 99 133 165 171 186 
5 17 23 36 76 90 91 129 134 
47 65 92 107 116 126 148 
40 42 43 66 94 125 149 168 
6 23 39 47 53 72 80 87 100 124 156 
24 36 47 50 58 79 147 
6 13 24 39 68 99 146 167 
39 47 115 
3 4 56 63 69 116 
2 12 19 63 87 122 144 150 
31 55 61 116 132 160 162 178 
38 40 41 43 56 61 68 151 157 180 
1 8 16 114 157 
24 154 
2 16 26 33 41 54 76 94 102 108 143 156 180 
54 82 87 94 100 109 129 153 164 
20 
40 56 
50 51 66 76 87 131 162 180 181 
46 69 141 
20 44 47 53 119 155 
5 20 32 129 173 
29 41 105 106 147 182 
79 104 107 156 
19 106 123 135 169 
46 47 104 119 127 136 145 171 184 186 
93 104 147 148 184 
6 44 45 74 96 124 125 134 183 
18 160 169 189 
1 5 30 38 184 
39 54 81 90 127 140 
14 98 161 
14 23 42 47 126 128 182 
21 44 55 92 103 186 
71 73 82 126 146 
35 70 99 153 
40 77 87 166 
70 115 126 
63 112 143 
4 124 169 
37 50 54 119 130 149 178 
12 72 90 118 157 172 
7 35 97 111 124 135 180 
41 59 132 163 
20 40 157 187 
66 109 119 143 
7 10 34 51 70 86 96 104 112 160 162 
7 13 90 118 121 123 
36 95 134 
4 24 27 29 89 98 99 115 119 158 
6 13 28 36 82 92 128 176 
15 40 45 51 54 72 108 126 182 
20 33 90 101 
85 96 157 182 
13 37 66 77 83 88 94 175 
9 26 37 95 
5 35 38 69 86 188 
4 10 20 62 109 122 148 
15 20 39 50 51 90 98 103 123 146 156 175 
10 84 91 104 108 118 
28 63 82 89 145 150 156 161 171 
4 8 17 78 118 130 153 164 167 
16 20 28 35 67 85 94 
36 42 71 85 108 110 114 171 
16 21 27 32 35 40 51 103 139 175 185 
16 19 88 110 112 126 158 170 
50 148 157 167 
1 69 94 100 116 158 
17 59 61 62 82 95 126 166 
58 135 171 
34 58 60 154 
5 38 59 111 138 145 
21 50 87 95 99 
18 31 51 81 93 133 152 172 
99 101 138 142 163 165 
78 107 123 159 180 182 
32 74 82 101 125 138 141 
11 31 119 121 173 
48 99 124 148 151 184 189 
43 73 85 141 
38 44 46 103 126 140 156 
119 127 
77 83 95 97 121 138 
27 30 33 56 61 76 81 85 113 117 
157 167 177 181 
31 83 113 118 162 
21 45 93 123 127 162 
8 60 83 94 111 122 126 140 
18 40 63 75 78 114 172 
16 26 39 63 112 141 
38 68 70 73 87 101 104 116 123 160 164 172 177 
14 61 66 117 122 129 176 
34 68 86 136 183 
37 51 57 127 133 168 
76 97 166 172 180 
30 54 165 
7 10 46 79 153 168 
14 36 109 129 155 
21 37 63 84 147 158 159 
60 78 105 
27 61 128 141 
24 177 189 
107 110 112 118 
6 26 100 141 182 
1 5 15 66 116 123 188 
5 7 13 31 32 55 112 115 125 136 139 161 
110 174 
50 74 81 160 172 177 189 
3 45 146 
61 96 107 178 
42 70 94 144 
41 58 62 134 169 
38 62 93 102 114 179 
2 39 76 162 
20 24 45 96 157 
47 114 171 
5 20 109 166 
51 71 97 132 155 
49 106 158 
19 56 133 153 
40 50 59 94 96 116 160 
7 47 48 77 80 89 102 120 150 189 
2 85 101 103 134 154 184 
33 111 134 
46 64 82 126 143 156 
67 96 141 169 
46 54 82 121 122 149 177 
31 32 79 110 184 
26 51 97 126 175 184 
36 110 131 
3 72 104 130 152 169 181 
42 97 102 120 179 
9 39 129 132 183 
60 64 75 147 161 166 171 
2 25 101 
9 13 25 36 61 96 99 105 151 169 173 
12 77 109 124 126 130 143 
1 12 16 57 113 171 180 184 
6 142 
1 6 90 94 100 164 
2 12 86 127 183 
16 28 120 126 137 143 162 
46 76 145 
20 148 167 182 
9 25 47 50 54 78 111 130 173 183 
54 120 166 
10 31 58 68 87 89 111 139 179 
19 23 63 128 168 176 180 184 189 
3 61 62 65 114 158 163 164 173 183 
100 
36 61 69 
19 80 
92 140 
15 64 114 137 143 157 183 
