166 443
73 136 161 
9 20 22 64 78 91 123 141 143 145 159 
16 18 87 94 129 131 147 162 166 
64 102 118 122 128 150 155 
8 9 11 68 73 108 111 166 
25 40 47 82 139 153 
35 52 69 74 99 110 140 142 156 164 
5 55 60 94 102 155 158 
2 5 20 95 115 121 122 130 143 
33 48 89 117 133 153 165 
5 44 47 
22 26 75 129 138 144 148 
26 56 130 163 
27 32 45 158 
18 43 99 106 135 138 154 
3 38 39 152 
33 47 143 153 163 
3 15 74 115 
77 81 118 142 
2 9 65 77 125 148 
33 127 150 
2 12 40 76 111 144 
30 43 106 162 
121 133 141 142 157 
6 34 38 42 115 133 
12 13 80 113 158 160 
14 82 107 123 126 129 
107 110 122 149 
67 110 119 121 153 166 
23 54 87 124 136 
90 100 
14 46 141 156 
10 17 21 66 105 122 135 
25 58 102 124 143 156 
7 91 
44 49 66 155 
54 78 85 97 118 153 
16 25 67 75 99 102 138 
16 43 50 65 94 155 156 
6 22 75 82 91 137 
90 102 
25 52 96 134 158 
15 23 39 47 63 64 92 111 126 158 
11 36 87 89 147 151 157 
14 99 108 
32 64 86 101 105 123 
6 11 17 43 85 93 119 137 141 154 
10 52 132 
36 97 122 
39 63 68 81 109 120 122 147 166 
75 81 82 94 131 
7 42 48 82 105 145 
66 74 84 87 110 115 126 
30 37 105 129 
8 78 101 147 164 
13 63 
106 117 134 151 158 
34 107 123 
67 152 
8 76 106 115 
76 79 92 96 100 118 135 
95 
43 50 56 122 138 166 
2 4 43 46 76 82 114 166 
20 39 89 124 136 141 
33 36 53 78 120 
29 38 59 90 95 155 165 
5 50 
7 82 99 108 129 147 
110 111 162 
76 138 144 
92 100 
1 5 106 150 
7 18 53 77 140 164 
12 38 40 51 86 102 113 131 143 151 153 
22 60 61 64 71 82 115 140 
19 20 74 91 95 153 
2 37 55 66 141 149 
61 151 
26 102 162 
19 50 51 87 100 124 163 
6 27 40 51 52 64 69 76 83 118 155 160 162 166 
82 155 
53 91 106 114 116 
37 47 112 
46 75 112 150 165 
3 30 44 53 81 139 149 
107 
10 44 65 
31 41 67 133 
2 35 40 77 84 98 127 155 
43 61 72 109 
47 122 151 
3 8 39 51 115 128 149 159 164 
9 62 67 77 
42 61 103 152 166 
37 49 121 
91 137 
7 15 38 45 69 112 113 120 123 139 151 164 
31 61 72 81 110 116 120 155 
46 55 126 132 144 146 
4 8 34 38 41 75 80 120 130 146 
96 131 
115 127 141 142 
33 46 52 54 126 
15 23 57 60 73 84 165 
27 28 58 88 
5 45 69 
50 92 113 131 
7 28 29 53 70 100 158 
5 22 43 70 
85 86 99 113 126 137 
26 75 99 109 112 
64 84 
9 18 25 53 60 76 94 104 
84 100 
10 57 128 159 
4 19 37 61 82 144 151 
29 47 129 134 
50 66 99 100 102 128 143 
9 24 29 97 157 166 
4 9 28 33 49 50 63 93 123 
2 27 46 58 99 122 131 
30 34 65 81 145 
20 148 
27 43 53 101 105 112 
21 91 104 
4 94 117 120 148 
3 12 27 54 69 119 159 
9 13 102 143 150 162 
3 51 75 103 109 123 
48 101 143 150 153 
10 24 25 90 134 
42 57 119 133 
15 33 61 157 
1 30 65 
40 47 98 112 163 
12 15 38 63 71 162 
6 87 99 166 
7 74 76 141 144 
2 24 32 47 65 78 104 140 
7 19 24 104 143 159 
2 9 17 34 75 120 130 132 142 162 
12 22 71 101 118 140 
2 52 124 
101 102 
3 44 50 55 69 
12 20 125 128 
28 78 87 94 
4 21 73 86 130 132 
44 57 75 79 93 99 118 152 
16 59 96 151 
6 10 17 29 37 75 77 132 163 
15 47 
4 8 36 39 67 82 83 91 100 
7 32 34 39 
24 44 121 135 
8 14 26 42 43 57 110 
2 94 117 129 142 
26 82 
1 
3 23 70 80 82 130 138 143 
13 17 81 137 153 
7 55 74 94 99 165 
10 67 86 106 164 
3 5 29 50 63 64 82 96 121 139 
