160 362
78 94 106 118 44 
31 34 35 48 75 76 143 
37 113 117 160 
56 64 90 
42 96 126 135 137 
23 70 94 98 159 
37 41 52 106 113 115 
14 20 21 25 36 61 106 124 
55 59 63 137 154 
54 97 137 150 
22 79 
27 69 81 116 143 
17 131 146 
8 105 
27 47 116 124 147 
87 92 93 160 
13 35 104 135 137 158 160 
42 154 
46 75 94 106 122 153 
8 37 54 88 96 
8 48 83 111 139 
11 64 75 93 110 151 
6 132 
90 108 122 
8 37 48 93 
33 49 58 148 153 
12 15 81 121 123 139 143 153 
29 39 107 111 148 
28 46 123 130 
59 117 157 159 
2 119 156 
80 82 119 128 151 
26 75 110 127 133 135 
2 43 74 160 
2 17 69 86 115 135 
8 52 58 107 145 153 154 
3 7 20 25 66 84 
110 112 117 134 
28 135 
58 95 96 119 
7 63 94 125 126 
5 18 53 74 
34 53 58 71 81 143 
1 
78 101 106 135 158 
19 29 79 90 107 123 
15 77 104 119 
2 21 25 66 
26 65 88 134 
91 153 
62 142 
7 36 84 127 137 150 151 
42 43 86 91 93 160 
10 20 57 73 142 147 
9 61 65 90 104 143 
4 63 70 87 123 
54 58 99 154 
26 36 40 43 57 81 118 153 
9 30 99 132 152 
112 132 159 
8 55 101 130 145 148 
51 76 89 125 
9 41 56 146 
4 22 78 106 107 117 134 150 
49 55 88 
37 48 96 131 135 142 
80 120 
94 
12 35 79 
6 56 108 
43 77 89 98 145 
93 150 
54 89 96 112 155 
34 42 96 152 
2 19 22 33 89 122 
2 62 83 94 132 159 
47 71 101 116 158 
1 45 64 
11 46 69 135 136 153 
32 67 94 133 140 
12 27 43 58 104 
32 136 
21 76 154 
37 52 113 123 141 
92 94 101 140 
35 53 
16 56 108 133 
20 49 65 145 
62 71 73 75 97 
4 24 46 55 112 
50 53 115 
16 85 108 131 138 142 
16 22 25 53 72 102 140 
1 6 19 41 68 76 80 85 139 148 156 
40 111 113 120 139 
5 20 40 66 73 74 121 
10 89 117 
6 71 159 
57 59 130 158 
101 
45 61 77 85 100 150 154 
93 117 129 
128 142 
17 47 55 81 108 156 
14 148 154 
1 7 8 19 45 64 115 141 145 
28 36 46 64 
24 70 87 92 104 132 
140 
22 33 38 120 132 
21 28 95 112 
38 60 73 90 111 131 138 146 147 160 
3 7 84 95 
151 
7 35 91 106 120 
12 15 77 
3 30 38 64 97 102 
1 58 146 154 
31 32 40 47 139 140 
67 95 110 115 131 
27 96 128 
19 24 75 
27 29 46 56 84 
8 15 
41 62 
5 41 127 155 160 
33 52 126 134 147 
32 103 121 134 
102 
29 61 99 131 158 
13 66 92 112 120 130 135 151 
23 59 60 76 108 110 
33 80 87 
38 49 64 127 128 159 
5 17 33 35 39 45 66 79 131 
79 82 156 
5 9 10 17 52 141 
92 112 
21 27 94 95 119 
80 85 93 109 119 
84 106 137 
51 54 66 92 103 
2 12 27 43 55 
145 
36 61 71 88 106 144 
13 63 112 118 149 
15 54 112 127 
26 28 61 94 105 
146 
10 52 64 72 101 
22 32 52 114 131 
59 74 
19 26 27 36 50 58 79 
9 18 36 57 83 101 105 118 
73 126 
31 94 104 136 
30 
17 45 77 99 130 
6 30 60 76 98 134 
3 16 17 34 53 112 126 
