146 319
25 36 38 55 60 83 104 141 145 99 
6 17 49 63 144 
33 50 69 97 110 115 
44 57 72 102 144 
21 49 52 53 61 67 92 105 137 139 140 
2 48 65 
35 36 65 70 82 85 133 
11 18 20 121 139 
49 82 84 116 
103 119 144 146 
8 26 45 67 91 145 
23 77 138 
49 73 78 100 109 120 
38 39 43 114 
22 29 91 107 
20 33 137 141 
2 72 77 101 
8 29 34 53 60 70 136 
72 102 
8 16 86 95 
5 32 128 
15 42 59 63 96 101 105 
12 63 74 98 117 126 
25 44 53 143 
1 24 
11 36 78 90 130 
28 31 32 42 79 93 
27 32 71 85 92 
15 18 43 63 71 93 112 115 125 
89 106 112 127 
27 48 93 113 123 139 
21 27 28 37 65 97 
3 16 77 
18 65 82 92 138 
7 62 100 105 106 108 118 
1 7 26 79 129 131 133 
32 65 88 112 
1 14 39 
14 38 94 
46 55 66 73 139 
52 
22 27 113 131 137 
14 29 45 61 94 106 111 121 
4 24 65 119 130 137 139 
11 43 120 135 
40 87 101 127 
95 100 
6 31 78 113 140 
2 5 9 13 57 63 74 93 100 144 
3 73 119 
103 
5 41 98 122 126 128 
5 18 24 96 132 145 146 
85 114 
1 40 68 75 113 114 
141 145 
4 49 93 95 113 
68 
22 104 106 122 125 
1 18 124 129 
5 43 119 
35 
2 22 23 29 49 67 71 145 
89 128 
6 7 32 34 37 44 80 82 124 
40 124 
5 11 63 133 
55 58 114 
3 93 137 
7 18 136 137 
28 29 63 131 143 
4 17 19 102 108 143 
13 40 50 
23 49 125 
55 117 130 
87 
12 17 33 80 96 
13 26 48 103 108 118 
27 36 96 100 
65 77 145 
132 136 
7 9 34 65 
1 
9 90 108 123 
7 28 54 93 
20 105 
46 76 89 97 
37 137 
30 64 87 95 96 115 119 
26 84 108 
11 15 126 
5 28 34 108 114 135 145 
27 29 31 49 57 69 85 
39 43 111 130 141 
20 47 57 89 
22 53 77 79 89 100 
3 32 87 140 142 
23 52 123 134 139 
1 
13 35 47 49 79 96 
17 22 46 121 
4 19 72 130 
10 51 78 126 144 
1 59 
5 22 35 86 
30 35 43 59 
15 134 
35 72 78 84 90 92 138 
13 112 120 
3 
43 94 
29 30 37 109 
31 42 48 55 57 115 
14 54 55 68 92 131 
3 29 89 113 
9 
23 75 
35 78 127 
10 44 50 61 89 136 
13 45 109 133 143 
8 43 101 
52 59 132 
31 84 98 145 
60 65 66 
29 59 74 
23 52 91 103 
30 46 118 146 
21 52 64 137 
36 60 134 
26 44 75 94 102 
36 42 71 114 136 
53 81 122 
7 36 67 120 
98 107 129 142 
45 92 
18 70 81 119 131 139 143 
5 16 42 44 69 70 88 128 140 
12 34 108 
5 8 31 40 44 98 136 
5 48 97 137 
1 16 56 94 
97 134 
24 71 72 120 136 
2 4 10 49 103 
1 11 53 56 63 80 92 123 
10 53 127 
