147 299
2 
15 17 91 95 98 133 1 7 
15 34 80 117 
10 46 76 79 117 
11 40 102 124 
13 53 66 127 
2 114 
55 71 82 88 89 
34 52 94 
4 104 105 121 
5 19 90 
57 103 
6 44 
33 77 133 135 
2 3 55 57 
48 124 144 
2 49 87 
44 73 
11 20 116 120 
19 68 76 
66 121 130 
30 88 
58 64 77 127 
57 79 96 140 
40 
46 68 101 
40 42 53 74 
39 41 
85 
22 34 60 62 67 90 129 139 147 
117 118 
59 72 
14 66 68 71 95 129 133 140 
3 9 30 
70 88 139 
48 52 53 66 103 116 144 146 
75 126 128 
122 
28 59 
5 25 27 81 102 105 
28 54 110 
27 53 87 
55 84 89 
13 18 55 98 142 
46 60 139 143 
4 26 45 47 74 84 92 115 125 138 
46 70 80 141 
16 36 52 57 109 112 
17 59 62 77 134 
78 119 128 
72 107 
9 36 48 78 81 97 
6 27 36 42 94 109 119 
41 71 106 123 127 140 
8 15 43 44 61 142 
92 109 141 
12 15 24 48 74 94 
23 
32 39 49 99 121 147 
30 45 131 
55 113 135 136 146 
30 49 96 
101 
23 72 74 107 138 
118 134 142 
6 21 33 36 88 
30 106 
20 26 33 85 124 138 143 
86 107 131 
35 47 76 85 95 100 113 
8 33 54 88 121 
32 51 64 
18 76 109 118 145 
27 46 57 64 
37 87 93 140 141 
4 20 70 73 117 
14 23 49 127 136 
50 52 
4 24 97 127 130 
3 47 105 146 
40 52 93 
8 103 122 
89 108 115 136 
43 46 87 105 127 
29 68 70 106 124 131 
69 
17 42 75 84 102 111 125 134 136 
8 22 35 66 71 117 
8 43 83 92 120 132 
11 30 
2 96 132 
46 56 89 106 110 122 134 
75 81 126 
9 53 57 139 
2 33 70 140 147 
24 62 91 111 
52 79 105 126 
2 44 
59 111 
70 122 123 143 
26 63 140 147 
5 40 87 125 
12 36 82 129 
10 128 132 
10 40 80 84 97 112 119 139 
54 67 85 92 119 
51 64 69 
83 109 144 
48 53 56 73 108 110 
41 92 109 126 147 
87 96 99 
48 105 
61 70 132 
7 
46 83 120 
19 36 124 129 
3 4 31 76 88 
31 65 73 141 
50 53 105 106 122 129 
19 89 115 
10 21 59 71 129 
38 82 92 100 119 
54 100 
5 16 68 85 116 138 
46 87 102 141 
37 93 97 110 
6 23 54 77 79 84 133 
37 50 104 147 
30 33 103 116 119 121 140 
21 79 
60 69 85 145 
89 91 104 113 
2 14 33 127 144 147 
49 65 87 92 
14 61 
61 77 83 87 147 
139 140 
46 64 68 124 
30 35 45 94 105 137 
24 33 54 75 95 101 129 137 
47 56 75 118 125 
44 55 65 
45 68 100 
16 36 108 133 
73 131 
36 61 80 
30 59 95 101 110 128 133 136 
