196 594
4 17 49 96 98 127 130 28 
6 18 54 91 188 
41 58 87 155 196 
1 53 62 90 112 140 180 
79 152 178 182 195 196 
2 44 57 58 89 92 189 
14 15 21 38 41 48 133 141 162 188 
22 26 50 55 71 100 133 139 165 
95 172 
19 74 134 137 143 162 169 183 
34 49 50 65 70 143 163 183 
27 45 110 156 158 160 187 
70 82 93 134 138 161 
7 30 36 41 136 154 177 184 
7 85 124 139 165 181 
123 190 194 
1 63 67 119 149 152 188 
2 63 165 
10 35 96 98 107 116 178 
31 43 99 137 141 157 164 182 
7 41 64 
8 24 97 132 133 157 192 
36 49 50 66 68 70 121 144 150 161 166 171 173 179 
22 104 108 110 118 135 147 148 176 
49 97 142 
8 49 105 109 115 124 144 192 
12 71 78 99 101 114 115 181 196 
1 
82 150 168 170 
14 47 110 119 133 141 
20 125 168 
64 180 
35 188 
11 88 
19 33 73 91 107 145 
14 23 48 70 81 132 138 
151 173 189 
7 43 57 62 123 160 178 190 
45 48 84 86 100 118 124 148 
46 85 107 121 159 170 
3 7 14 21 58 
58 61 86 91 144 
20 38 59 121 135 164 
6 55 149 
12 39 47 51 67 171 173 
40 103 145 170 
30 45 57 65 108 110 115 132 160 
7 36 39 74 75 105 137 171 187 
1 11 23 25 26 50 87 100 118 139 195 
8 11 23 49 165 182 193 
45 139 
107 110 114 123 125 166 167 
4 70 84 120 134 183 186 
2 79 82 135 168 184 
8 44 113 114 126 
92 99 166 169 194 195 
6 38 47 63 66 120 142 168 193 
3 6 41 42 94 116 119 143 152 154 
43 92 95 118 140 163 187 
161 
42 89 163 174 195 
4 38 69 72 118 128 153 179 
17 18 57 123 132 155 161 172 196 
21 32 78 134 145 
11 47 75 88 97 144 156 177 190 
23 57 79 
17 45 87 117 119 
23 103 111 
62 73 105 135 168 
11 13 23 36 53 115 167 178 
8 27 80 89 97 127 140 183 
62 74 111 160 177 
35 69 87 105 106 132 158 168 172 185 189 
10 48 72 130 173 
48 65 110 154 161 184 
117 125 152 169 194 
101 122 139 165 
27 64 105 148 
5 54 66 158 182 
71 122 195 
36 90 106 121 180 185 
13 29 54 89 97 99 112 146 175 184 190 194 
113 118 144 155 
39 53 103 105 124 151 185 192 193 
15 40 96 188 
39 42 112 
3 49 67 73 99 144 
34 65 112 158 188 
6 61 71 82 119 139 164 
4 81 122 142 
2 35 42 101 133 179 
6 56 59 118 129 
13 142 145 150 164 
58 98 118 142 148 182 
9 59 96 141 164 181 
1 19 85 95 127 159 
22 25 65 71 82 122 159 
1 19 94 112 130 149 171 
20 27 56 82 87 110 121 192 
8 39 49 109 132 138 161 174 
27 77 91 119 133 153 
115 129 144 154 184 
46 68 84 176 
24 115 178 
26 48 69 73 78 84 
73 81 155 
19 35 40 52 
24 47 149 171 
26 100 148 149 180 
12 24 30 47 52 75 99 129 136 181 185 189 
68 72 124 133 174 
4 82 86 88 98 136 153 170 193 
55 83 161 177 182 
27 52 55 134 182 193 
26 27 47 70 102 104 156 167 
19 58 180 
67 76 151 163 164 177 180 183 
24 39 49 59 62 83 92 94 157 166 
17 30 58 67 89 101 
53 57 125 168 
23 40 43 81 99 166 171 
77 80 90 97 158 190 
16 38 52 63 170 188 
15 26 39 84 111 159 165 169 
31 52 76 120 
55 175 
1 71 96 156 187 194 
62 133 
92 102 110 145 152 189 
1 74 98 132 148 170 176 
187 
22 36 47 63 73 100 130 147 164 170 
7 8 22 30 91 101 111 128 137 173 188 
10 13 53 64 114 187 
24 43 54 69 153 
14 110 112 164 175 
10 20 48 133 196 
13 36 100 182 
8 15 49 51 77 89 148 
4 59 71 156 
7 20 30 95 156 191 
25 57 90 93 94 159 173 176 185 
10 11 58 164 185 
23 26 42 65 83 87 102 147 
35 46 64 93 129 
82 162 181 187 196 
24 132 144 187 188 
24 39 78 94 109 130 139 182 
17 44 98 108 109 155 
23 29 93 193 
37 84 117 168 170 174 193 
5 17 58 76 129 165 175 
62 101 112 135 183 
14 58 75 102 
3 63 83 106 149 
12 65 115 127 140 141 
20 22 118 170 177 178 181 187 
12 73 79 88 122 
40 96 97 124 142 
12 38 47 72 173 176 183 
13 23 60 63 75 100 113 188 
7 10 146 171 
11 59 61 117 166 187 
20 43 89 93 95 117 132 136 143 
8 15 18 50 77 124 152 
23 52 56 118 121 163 182 
52 70 115 
29 31 54 57 69 73 120 151 189 
10 56 76 124 171 
29 40 46 112 123 130 132 151 157 
23 45 48 98 108 121 162 169 
9 63 73 182 187 
23 37 45 74 133 142 160 
61 100 111 151 189 
82 126 136 152 
24 103 130 142 160 196 
14 65 72 113 117 157 180 183 185 
5 19 38 70 104 157 
23 62 91 180 
4 32 81 109 116 117 177 179 
15 27 95 110 146 157 
5 20 50 79 94 113 114 138 148 166 172 194 
10 11 53 71 117 153 160 177 
14 54 75 82 102 
73 81 84 110 142 143 177 
53 192 
12 48 59 127 131 134 146 147 157 163 172 
2 7 17 33 85 88 123 133 147 161 
6 37 73 110 129 168 174 
16 38 65 82 122 
141 
22 26 84 99 186 
50 57 84 112 114 150 151 
16 56 76 82 127 182 
5 49 56 61 80 
3 5 27 63 137 146 176 
