113 207
75 8 
6 
19 85 88 
62 98 
14 65 96 112 
2 10 26 49 112 
28 88 94 103 
1 9 
8 13 
6 100 
54 60 90 
17 49 98 
23 9 18 
5 31 63 
21 
21 41 50 70 86 108 
12 67 99 
13 
3 22 97 
42 55 
15 16 25 32 58 81 96 106 
19 79 83 
13 
34 59 64 107 
21 35 
6 44 70 92 96 
31 
7 71 95 110 
47 49 52 113 
46 111 
14 27 34 38 43 45 94 100 
21 52 80 98 
96 110 
24 31 80 97 
25 87 
56 
52 68 
31 67 95 97 
70 78 82 
62 93 
16 
20 58 73 78 89 91 
31 49 50 65 66 88 
26 59 
31 113 
30 51 65 79 83 104 107 
29 48 82 
47 65 68 91 
6 12 29 43 54 83 90 93 
16 43 
46 96 100 105 
29 32 37 61 66 
62 64 75 88 89 95 
11 49 59 71 
20 102 103 
36 61 62 103 
64 
21 42 
24 44 54 67 74 83 
11 
52 56 79 80 
4 40 53 56 68 99 
14 73 90 
24 53 57 67 68 77 108 
5 43 46 48 74 80 
43 52 78 90 
17 38 59 64 72 
37 48 62 64 88 103 
95 103 105 
16 26 39 75 78 
28 54 85 95 101 113 
67 95 101 
42 63 76 102 
59 65 
1 53 70 81 82 84 93 94 101 
73 
64 
39 42 66 70 
22 46 61 87 
32 34 61 65 84 97 100 
21 75 83 87 109 
39 47 75 89 103 
22 46 49 59 81 
75 80 95 
3 71 88 
16 102 
35 79 81 107 
3 7 43 53 68 85 96 111 
42 53 82 100 
11 49 63 66 100 109 
42 48 97 104 
26 
40 49 75 
7 31 75 
28 38 53 69 71 72 84 
5 21 26 33 51 88 
19 34 38 80 91 101 
4 12 32 113 
17 62 
10 31 51 80 89 90 
71 72 75 97 
55 73 86 103 113 
7 55 56 68 69 82 102 
46 91 
51 69 
21 
24 46 87 
16 64 
81 90 
28 33 
30 88 
5 6 
29 45 71 98 102 
