142 283
46 53 56 92 93 136 14 
8 54 56 59 93 
94 100 117 
68 82 84 134 
25 90 
95 122 124 140 
18 28 32 56 109 
2 53 64 110 
17 49 62 
46 121 127 
31 89 140 
23 25 35 39 93 
16 28 46 47 90 113 117 124 
1 26 
27 86 129 
13 28 44 60 67 79 81 91 
9 55 
7 77 112 120 
45 46 61 70 80 88 92 
70 82 100 139 
45 105 116 
48 
12 100 131 141 
67 138 
5 12 135 
14 41 
15 45 142 
7 13 16 38 111 116 
30 43 88 92 102 123 134 
29 50 87 96 108 124 128 
11 80 84 93 110 134 
7 43 55 94 101 107 
138 
95 99 131 
12 39 78 135 
56 
61 68 
28 92 
12 35 92 108 119 126 
58 97 125 
26 104 
50 70 
29 32 56 83 94 127 
16 52 61 64 80 133 
19 21 27 54 
1 10 13 19 49 86 124 
13 106 110 138 
22 49 60 66 106 
9 46 48 65 79 84 
30 42 60 75 
86 119 
44 69 79 114 128 141 
1 8 86 120 136 
2 45 65 
17 32 96 
1 2 7 36 43 108 109 
76 79 114 
40 84 87 98 123 128 136 
2 
16 48 50 63 68 79 80 87 95 103 127 
19 37 44 70 140 
9 69 83 92 136 
60 
8 44 78 
49 54 76 118 136 
48 67 121 122 128 135 142 
16 24 66 69 
4 37 60 119 
52 62 67 90 
19 20 42 61 87 113 
111 120 123 141 
90 102 125 137 
131 
117 
50 117 
57 65 99 
18 
35 64 86 117 141 
16 49 52 57 60 85 139 
19 31 44 60 133 
16 
4 20 84 
43 62 88 93 120 136 
4 31 49 58 82 123 138 
79 99 101 119 142 
15 46 51 53 78 88 
30 58 60 70 
19 29 83 86 122 
11 94 134 
5 13 69 72 137 
16 122 
1 19 29 38 39 62 105 
1 2 12 31 83 103 
3 32 43 89 
6 34 60 
30 55 109 
40 
58 140 
34 76 85 123 130 
3 20 23 
32 85 
29 72 105 
60 93 119 
41 
21 92 102 127 129 138 
47 48 
32 
30 39 56 
7 56 96 
8 31 47 140 
28 71 
18 114 
13 70 
52 57 112 116 129 
116 
21 28 114 115 117 128 
3 13 74 75 78 116 
65 
39 51 68 85 103 120 122 
18 53 71 83 119 
10 66 
6 66 88 91 119 123 124 
29 58 71 84 99 122 131 
6 13 30 46 122 139 
40 72 
39 136 
10 43 60 105 135 
30 52 58 66 116 130 139 
15 105 114 
99 128 138 
23 34 73 123 
141 
44 80 
4 29 31 89 
25 35 66 127 
1 53 58 62 65 83 126 
72 90 
24 33 47 84 105 130 
20 79 124 128 
6 11 61 98 110 
23 52 71 78 132 
27 66 85 
