166 433
37 64 118 122 139 142 166 138 
35 46 121 
64 101 
30 80 97 
26 163 
13 17 31 75 85 112 114 155 156 158 
112 130 150 
28 31 49 72 87 159 
36 62 63 74 105 139 
11 28 
10 21 57 65 79 113 132 
15 24 44 71 125 145 164 
6 94 139 142 152 
60 95 108 116 123 130 132 
12 46 48 53 102 126 
22 49 107 115 148 159 
6 25 53 54 56 90 95 
29 33 111 125 130 
24 45 78 148 
25 49 95 125 130 
11 35 52 53 61 65 75 125 
16 54 56 102 110 144 161 
47 62 64 85 110 136 148 162 
12 19 47 
17 20 37 55 66 93 105 117 
5 30 55 121 126 136 140 166 
37 61 112 122 131 136 149 
8 10 80 134 
18 35 40 63 
4 26 36 38 52 53 66 
6 8 37 44 120 126 165 
122 
18 40 60 122 
59 81 
2 21 29 57 150 
9 30 57 81 155 160 164 
1 25 27 31 60 75 130 162 
30 43 141 149 159 164 165 
55 116 127 
29 33 120 125 
51 53 57 71 147 164 
100 107 
38 124 141 
12 31 96 107 126 130 
19 61 71 80 82 89 98 132 
2 15 59 122 131 134 
23 24 113 
15 81 163 
8 16 20 53 101 
74 77 79 90 
41 63 
21 30 61 64 82 88 120 
15 17 21 30 41 49 84 106 111 132 139 150 
17 22 102 
25 26 39 95 148 
17 22 105 113 122 131 159 
11 35 36 41 87 161 
77 89 120 
34 46 115 123 
14 33 37 77 118 123 125 146 148 
21 27 45 52 69 71 158 166 
9 23 93 109 164 
9 29 51 73 80 117 127 153 157 
1 3 23 52 68 93 162 
11 21 86 
25 30 78 79 115 124 136 139 163 166 
81 98 102 130 131 137 
64 80 90 92 111 133 157 
61 77 84 97 131 146 
83 159 
12 41 45 61 162 
8 88 99 
63 96 115 
9 50 96 130 160 165 
6 21 37 90 112 128 164 
81 114 141 150 158 
50 58 60 69 105 112 118 122 
19 66 145 151 164 
11 50 66 84 111 124 126 152 
4 28 45 63 68 91 123 125 137 163 164 
34 36 48 67 76 160 166 
45 52 130 136 
70 88 133 139 149 
53 69 79 102 108 110 111 131 133 
6 23 117 160 163 
65 
8 57 98 99 121 147 148 
52 72 83 137 
45 58 90 126 129 140 152 
17 50 68 75 89 
80 120 
68 97 108 152 
25 62 64 136 159 
13 111 145 
14 17 20 55 145 157 162 
44 73 74 112 129 
4 69 92 119 139 143 154 158 
45 67 87 151 
72 87 122 166 
42 104 153 
3 49 148 
15 22 54 67 84 106 115 
120 158 
100 132 160 
9 25 56 77 110 112 
53 102 
16 42 44 136 
14 84 92 125 
62 164 
22 23 84 105 
18 53 68 79 84 94 128 
6 7 27 75 77 96 105 
11 47 56 129 135 151 
6 76 161 
16 59 66 73 102 129 166 
14 39 
25 63 85 
1 60 77 137 
97 154 
31 40 52 58 91 103 127 
2 26 87 150 
1 27 32 33 46 56 77 99 141 144 162 
14 59 60 80 
43 66 79 140 165 
12 18 20 21 40 60 80 108 139 154 
15 26 31 44 79 89 160 
39 63 120 
75 111 140 
89 96 113 115 
7 14 18 20 37 44 67 74 82 144 162 
27 46 56 67 69 84 
11 14 45 53 104 152 153 
68 83 84 
28 46 
113 143 
23 26 27 66 82 93 107 
67 80 88 118 144 157 
1 
1 9 13 53 66 83 97 125 
26 89 124 128 141 
38 43 76 122 140 164 
1 13 143 164 
97 135 142 161 
22 122 130 137 162 164 
12 78 94 95 161 
60 69 
41 87 148 158 
16 19 23 55 60 87 101 147 
27 38 83 
7 35 53 76 121 
78 98 113 
13 79 89 92 132 165 
63 100 132 
97 119 125 
6 36 
6 
63 68 95 137 
6 61 76 97 103 147 
8 16 38 56 70 93 
36 74 81 85 104 126 
22 57 114 143 145 
23 37 64 71 95 122 130 144 
5 48 66 80 85 
12 36 38 41 62 75 78 80 109 141 142 144 
31 38 74 124 152 
1 26 61 66 81 99 115 
