101 166
23 24 34 48 12 
51 59 79 85 
50 56 88 91 92 
16 27 29 86 
10 26 48 63 87 
18 57 90 99 
24 57 69 
11 40 74 83 92 
32 82 
5 29 78 94 96 
8 42 43 88 
1 30 
58 
27 57 65 66 89 
69 80 
4 80 
40 73 80 82 
6 33 41 50 
41 67 
75 98 
98 
41 78 101 
1 86 
1 7 40 48 54 73 
54 62 
5 85 90 
4 14 37 86 94 
61 91 
4 10 35 72 77 85 87 
12 45 
39 
9 69 
18 86 90 
1 56 
29 42 56 74 
40 60 66 74 
27 85 
76 
31 76 96 
8 17 24 36 52 93 96 100 
18 19 22 58 63 
11 35 64 70 97 
11 49 88 92 
62 
30 81 
90 
88 
1 5 24 57 62 
43 83 100 101 
3 18 56 99 
2 54 71 
40 
96 
24 25 51 59 82 101 
70 98 99 
3 34 35 50 
6 7 14 48 74 
13 41 71 83 
2 54 
36 75 
28 67 70 
25 44 48 
5 41 85 101 
42 99 
14 100 
14 36 74 75 
19 61 69 
71 
7 15 32 67 
42 55 61 
51 58 68 
29 
17 24 82 91 
8 35 36 57 66 
20 60 66 
38 39 91 
29 78 88 
10 22 77 82 
2 99 
15 16 17 85 90 
45 84 
9 17 54 73 78 
8 49 58 92 
81 95 
2 26 29 37 63 80 
4 23 27 33 
5 29 
3 11 43 47 77 
14 93 
6 26 33 46 80 
3 28 73 76 92 
3 8 43 83 91 
40 89 
10 27 
84 
10 39 40 53 
42 100 
20 21 55 
6 50 55 64 79 
40 49 65 97 
22 49 54 63 
