138 283
99 104 134 64 
24 31 65 69 78 
13 36 40 131 
110 123 126 
60 81 101 106 
8 28 51 105 128 
22 62 121 
6 60 69 116 
81 
68 118 
24 120 127 
84 
3 84 98 99 106 
43 45 95 
49 91 126 137 
18 55 82 96 118 
23 44 81 92 93 94 125 138 
16 98 
55 82 92 103 
26 43 79 84 87 96 114 120 
22 25 117 129 
7 21 27 39 70 73 
17 32 39 56 131 
2 11 47 
21 35 59 100 
20 47 94 100 117 
22 92 
6 
30 
29 52 57 90 102 104 110 126 
2 40 43 55 69 84 114 
23 52 114 132 
56 68 89 122 
44 52 55 99 102 115 122 
25 90 138 
3 37 44 106 
36 58 63 86 
48 50 91 
22 23 
3 31 66 84 123 135 
44 74 81 100 118 
56 65 123 
14 20 31 71 101 
17 34 36 41 85 
14 49 50 102 131 
58 98 119 132 
24 26 69 80 88 91 115 120 
38 54 60 
15 45 
38 45 58 77 108 
6 94 101 135 
30 32 34 71 81 
63 86 96 121 
48 88 120 
16 19 31 34 92 117 136 
23 33 42 75 81 88 111 
30 87 103 119 
37 46 50 102 106 134 
25 88 104 122 
5 8 48 69 72 96 113 120 
126 
7 99 
37 53 70 118 128 138 
1 
2 42 120 
40 111 
109 
10 33 93 103 134 
2 8 31 47 60 70 
22 63 69 77 130 
43 52 110 
60 120 
22 95 106 
41 124 
56 92 95 105 115 
77 100 
50 70 76 86 135 
2 89 101 
20 94 107 117 
47 83 109 
5 9 17 41 52 56 138 
16 19 97 106 
80 138 
12 13 20 31 40 
44 98 
37 53 77 87 99 119 130 136 
20 57 86 
47 54 56 59 112 116 
33 78 98 102 
30 35 92 
15 38 47 96 124 
17 19 27 55 75 90 125 128 
17 68 114 
17 26 51 79 99 132 
14 73 75 126 132 
16 20 53 60 91 
82 101 107 
13 18 46 85 89 
1 13 34 62 86 94 
25 26 41 76 121 
5 43 51 78 97 117 128 
30 34 45 58 89 
19 57 68 124 
1 30 59 105 
6 75 104 
5 13 36 58 73 82 117 123 
79 97 131 
50 119 125 137 
67 80 129 
4 30 71 
56 66 
88 121 
60 114 135 
20 31 32 93 113 
34 47 75 
8 88 
21 26 55 79 101 106 
10 16 41 63 121 
46 57 86 108 132 
11 20 47 54 60 65 72 130 
7 53 100 112 118 
33 34 59 132 
4 40 42 106 127 
74 91 103 
17 92 108 
4 15 30 61 95 133 
11 123 
6 63 92 101 
21 109 
70 86 120 
3 23 45 107 
32 46 94 95 119 122 
126 
1 58 68 
40 51 77 113 
55 86 
15 108 
17 35 63 81 83 
