113 198
27 101 2 
1 3 
2 
47 66 67 72 90 
49 89 
30 91 
24 102 
78 112 
13 29 40 48 113 
44 
39 70 90 
26 79 81 
9 16 17 18 32 
15 60 
14 43 80 86 
13 57 72 74 99 102 113 
13 46 64 86 
13 47 56 87 
33 36 84 99 110 
103 
70 
62 71 87 111 
64 73 95 112 
7 50 51 52 59 81 82 88 111 
50 58 76 80 96 113 
12 68 70 
1 52 62 
37 49 65 76 94 97 
9 30 48 
6 29 35 56 66 71 87 92 
52 
13 85 110 
19 84 93 
42 51 
30 52 54 96 
19 62 94 95 
28 92 107 
45 50 56 76 98 
11 55 77 83 
9 41 65 91 113 
40 93 97 
34 44 
15 81 
10 42 61 92 
38 46 
17 45 56 80 
4 18 
9 29 84 
5 28 50 74 87 89 104 
24 25 38 49 66 92 
24 34 90 
24 27 31 35 79 97 
88 108 
35 71 109 
39 103 
18 30 38 46 66 97 
16 69 
25 95 
24 
14 75 85 109 
44 95 
22 27 36 66 
100 
17 23 
28 40 79 82 
4 30 50 56 62 
4 73 89 
26 91 112 
57 73 81 108 
11 21 26 85 
22 30 54 89 97 110 
4 16 74 78 106 111 
23 67 69 74 78 97 
16 49 72 73 
60 
25 28 38 
39 98 
8 72 73 
12 52 65 
15 25 46 
12 24 43 69 103 
24 65 96 103 
39 102 
19 33 48 
32 60 70 
15 17 93 101 
18 22 30 49 
24 53 101 
5 49 67 71 
4 11 51 
6 40 68 111 
30 37 44 50 
33 41 86 103 
28 36 
23 36 58 61 
25 35 82 106 110 112 
28 41 52 56 71 73 107 
38 77 
16 19 104 
63 106 
1 86 88 
7 16 83 107 
20 55 81 82 93 105 107 
49 99 
103 
72 96 100 
37 97 102 103 
53 69 
54 60 
19 32 71 96 
22 24 72 91 
8 23 68 96 
9 16 25 40 
