118 223
38 57 65 72 90 106 8 
18 46 58 70 81 
66 
69 73 85 
14 24 107 
38 51 65 79 
41 49 70 93 96 99 110 
1 82 
55 112 
57 75 
14 76 84 104 112 
20 56 
29 32 46 72 89 108 
5 11 115 
42 45 75 
23 67 103 
21 30 109 
2 65 102 
26 32 37 54 68 110 111 
12 23 58 83 
17 88 115 
27 50 92 
16 20 
5 84 90 91 
63 
19 34 37 51 75 
22 115 
41 47 63 80 
13 39 87 103 109 
17 71 83 
59 66 
13 19 50 65 66 114 
51 77 78 117 
26 36 68 91 
45 63 65 86 106 
34 43 56 
19 26 52 76 
1 6 58 83 86 89 
29 74 85 101 
83 93 94 98 
7 28 98 104 113 
15 58 
36 
50 70 79 88 91 116 
15 35 57 80 94 
2 13 57 99 
28 103 110 
52 55 108 
7 81 
22 32 44 60 88 
6 26 33 
37 48 83 
102 110 
19 
9 48 77 
12 36 63 108 
1 10 45 46 86 114 
2 20 38 42 75 
31 66 87 105 
50 65 89 
62 65 107 
61 65 
25 28 35 56 91 103 
88 
1 6 18 32 35 60 61 62 75 80 
3 31 32 59 98 104 111 
16 98 105 
19 34 96 116 
4 114 
2 7 44 90 116 
30 80 
1 13 74 106 107 
4 94 102 107 
39 72 81 97 
10 15 26 58 65 80 
11 37 87 117 
33 55 102 
33 
6 44 84 91 100 101 113 
28 45 65 71 75 
2 49 74 92 
8 118 
20 30 38 40 52 85 100 116 
11 24 79 88 94 
4 39 83 102 
35 38 57 
29 59 76 93 111 
21 44 50 64 84 95 99 
13 38 60 
1 24 70 
24 34 44 63 79 
22 81 
7 40 87 116 
40 45 73 84 
88 106 
7 68 
74 
40 41 66 67 100 104 112 
7 46 88 117 
79 83 98 
39 79 
18 53 73 77 85 108 114 
16 29 47 63 
11 41 66 98 
59 67 
1 35 72 95 
5 61 72 73 113 
13 48 56 102 
17 29 
7 19 47 53 
19 66 87 114 
9 11 98 
41 79 107 
32 57 69 102 111 
14 21 27 
44 68 70 83 93 
33 76 99 
82 
