139 321
46 62 120 121 130 105 
9 27 
32 68 69 89 91 96 104 121 126 133 
31 40 73 
17 43 62 
19 32 58 126 
51 111 131 139 
28 74 81 116 133 
2 137 
21 61 67 83 115 
13 84 100 
15 83 97 110 
11 42 73 121 
31 
12 19 76 99 
24 61 65 106 133 
5 85 104 
39 65 66 69 84 86 87 122 
6 15 47 95 103 
51 60 65 116 
10 62 83 91 95 109 112 117 134 
38 58 
61 65 71 84 90 95 
16 108 117 
38 59 66 133 
75 76 89 
2 36 45 77 85 
8 40 71 93 104 122 
38 70 135 
49 53 77 96 102 106 113 
4 14 76 85 94 97 
3 6 77 99 108 126 134 
49 60 61 64 117 125 
39 52 63 91 102 
130 132 
27 52 106 
102 134 
22 25 29 49 65 87 124 128 132 
18 34 
4 28 55 
46 66 126 
13 73 127 
5 48 84 88 
69 88 109 134 
27 97 123 
1 41 
19 77 134 
43 59 112 135 137 
30 33 38 59 73 116 
62 70 138 
7 20 53 90 91 
34 36 53 55 75 101 132 
30 51 52 77 95 
61 86 88 107 
40 52 121 125 
71 73 115 124 
120 
6 22 80 111 118 
25 48 49 77 
20 33 111 128 138 
10 16 23 33 54 90 92 107 118 
1 5 21 50 77 78 103 119 134 
34 67 136 
33 93 121 
16 18 20 23 38 100 103 108 118 
18 25 41 70 
10 63 
3 70 78 79 111 125 131 132 
3 18 44 83 89 
29 50 66 68 115 
23 28 56 87 
131 133 
4 13 42 49 56 83 
8 
26 52 79 88 
15 26 31 102 
27 30 32 47 53 59 62 78 104 108 111 
62 68 77 85 95 
68 75 93 96 98 127 
58 
8 127 
90 93 
10 12 21 69 73 120 129 
11 18 23 43 88 120 133 
17 27 31 78 107 138 
18 54 96 111 
18 38 71 116 124 
43 44 54 75 84 99 100 109 
3 26 69 
23 51 61 82 94 110 
3 21 34 51 99 107 
61 
28 64 79 82 122 
31 90 110 123 130 
19 21 23 53 78 104 120 126 129 
3 30 79 86 
12 31 45 101 
79 117 
15 32 88 91 107 123 
11 65 88 106 107 123 129 
52 97 138 
30 34 37 76 103 
19 62 65 102 139 
3 17 28 77 95 123 127 
1 
16 30 36 100 
54 61 85 91 99 100 123 
24 32 65 77 138 
21 44 88 113 125 134 
12 90 94 116 
7 58 60 68 77 86 137 
21 48 121 124 132 138 
30 109 115 117 118 
127 134 
10 56 70 113 
8 20 49 87 110 
21 24 33 98 113 120 130 
58 61 65 113 124 
62 
1 57 83 84 95 117 129 
1 3 13 55 64 112 
18 28 93 
45 94 99 100 104 107 133 
38 56 87 112 118 
33 55 68 109 139 
3 6 32 41 95 
42 79 81 104 114 130 
38 60 
83 95 100 120 
1 35 94 117 127 
7 68 72 
35 38 52 68 112 137 
3 8 16 25 72 84 123 
21 32 37 44 47 62 109 114 
29 48 
63 
9 48 111 132 
50 60 85 101 108 112 
7 103 125 
