121 226
14 61 19 
14 22 81 121 
23 25 60 85 88 89 99 119 
14 34 
25 87 101 
24 27 
36 95 110 
21 47 
11 58 65 88 99 
50 64 70 75 95 
9 94 97 
38 69 80 
27 29 64 71 109 
1 2 4 
55 98 
84 
70 74 88 
26 41 82 
1 20 
19 42 
8 31 63 98 
2 38 80 86 88 105 108 
3 40 
6 27 29 39 69 95 
3 5 41 43 62 
18 31 60 76 
6 13 24 74 82 121 
35 70 109 
13 24 45 54 66 84 87 116 
35 63 74 81 90 98 119 
21 26 36 69 71 106 
54 72 77 
63 80 83 
4 
28 30 51 
7 31 65 
49 67 
12 22 64 67 98 
24 43 58 72 
23 50 71 83 84 96 
18 25 96 100 118 
20 53 
25 39 44 82 
43 
29 
59 81 118 
8 52 65 72 
78 99 
37 102 103 116 
10 40 65 106 
35 71 105 116 
47 67 97 
42 73 
29 32 80 93 94 105 116 
15 
71 87 
108 117 
9 39 59 
46 58 62 96 99 
3 26 70 85 104 119 
1 83 89 95 
25 59 69 70 83 118 
21 30 33 64 85 
10 13 38 63 70 76 77 91 117 
9 36 47 50 95 
29 71 77 106 
37 38 52 
69 74 
12 24 31 62 68 
10 17 28 60 62 64 71 83 102 
13 31 40 51 56 66 70 77 84 92 
32 39 47 76 79 
53 114 
17 27 30 68 75 117 
10 74 76 98 104 
26 64 72 75 101 
32 64 66 71 115 
48 
72 112 
12 22 33 54 
2 30 46 118 
18 27 43 
33 40 61 62 70 107 
16 29 40 71 
3 60 63 86 117 
22 85 90 97 102 
5 29 56 97 104 
3 9 17 22 117 
3 61 97 110 
30 86 
64 
71 
54 108 
11 54 101 
7 10 24 61 65 
40 41 59 
11 52 86 87 89 119 
15 21 30 38 75 
3 9 48 59 117 
41 
5 76 94 112 
49 70 86 
49 
60 75 87 
22 51 54 
31 50 66 
83 
22 57 93 
13 28 111 
7 89 118 119 
109 118 
79 101 113 
112 
73 
77 
29 49 51 54 120 
57 64 74 85 88 99 
41 46 62 81 110 111 
3 30 60 97 110 
116 121 
2 27 120 
