188 553
4 42 108 111 143 
36 69 91 96 99 103 155 
74 115 137 141 185 
1 31 42 69 71 109 130 
28 103 136 145 
20 24 30 56 86 130 146 175 
72 82 120 139 155 
47 56 69 152 157 
31 64 81 179 
21 34 79 92 140 172 176 178 
70 85 108 180 
72 130 132 137 
18 104 128 148 154 
50 106 125 141 
24 182 
80 174 
69 107 114 150 
13 40 68 126 153 
129 
6 23 48 105 112 126 142 168 177 
10 68 86 111 141 182 
60 70 80 151 154 174 
20 41 101 116 144 163 184 
6 15 31 55 60 125 138 151 159 
47 66 71 74 103 104 117 177 
34 101 104 110 116 127 159 
32 89 164 
5 56 132 149 181 
48 49 54 55 60 81 118 121 132 139 145 167 185 
6 64 66 97 103 105 137 157 177 
4 9 24 45 105 113 173 
27 84 87 92 136 
58 70 75 79 102 136 173 
10 26 40 56 95 166 187 
54 79 100 109 154 165 170 175 186 
2 184 
46 101 127 130 167 
110 121 
43 44 60 66 106 118 152 155 183 
18 34 96 123 162 
23 44 45 52 91 124 146 174 176 
1 4 71 131 142 147 
39 100 120 121 147 
39 41 52 62 73 144 185 
31 41 115 128 139 161 179 
37 55 88 116 119 136 175 
8 25 81 127 136 162 168 
20 29 109 158 173 183 
29 62 75 85 92 101 116 128 188 
14 123 125 128 
54 106 147 174 182 
41 44 72 102 125 152 162 185 
112 138 175 
29 35 51 72 94 111 123 178 
24 29 46 79 158 167 
6 8 28 34 66 114 147 188 
93 94 126 135 165 184 
33 62 121 133 
61 148 184 
22 24 29 39 73 121 137 157 178 
59 80 
44 49 58 100 139 
131 164 
9 30 132 
78 103 
25 30 39 56 87 94 113 117 120 128 
107 152 162 
18 21 75 117 164 184 
2 4 8 17 73 81 
11 22 33 135 140 162 183 
4 25 42 75 100 178 
7 12 52 54 87 130 141 143 164 
44 60 69 127 168 178 
3 25 
33 49 68 71 
87 98 112 152 165 188 
83 122 127 175 
65 101 128 156 
10 33 35 55 138 157 
16 22 61 107 
9 29 47 69 92 95 120 132 144 160 161 182 
7 93 115 122 141 142 
77 97 161 
32 98 114 116 124 145 179 
11 49 95 139 146 169 182 
6 21 89 103 125 
32 66 72 76 150 
46 100 131 
27 86 118 120 135 183 
98 
2 41 115 120 
10 32 49 81 99 118 140 141 169 
57 82 132 158 181 
54 57 66 132 135 
34 81 85 98 109 145 152 
2 40 102 111 
30 83 105 156 177 
76 84 90 95 104 
2 92 156 
35 43 62 71 88 121 162 187 
23 26 37 49 78 133 147 159 178 
33 52 96 110 117 181 
2 5 25 30 65 86 118 119 144 146 185 
13 25 26 98 132 177 
20 30 31 97 119 125 154 
14 39 51 
17 67 80 162 
1 11 
4 35 48 95 158 178 185 
26 38 102 149 171 185 
1 21 54 96 164 169 176 
20 53 76 147 157 159 183 
31 66 
17 56 84 128 142 
3 45 82 91 131 165 181 184 
23 26 46 49 84 
25 66 68 102 125 128 129 159 180 
29 39 89 92 103 124 142 
46 103 105 124 126 167 
7 43 66 81 89 91 123 165 
29 38 43 58 60 100 
77 82 136 152 176 
40 50 54 120 
41 84 118 119 136 149 152 
14 24 50 52 86 105 117 146 148 169 
18 20 57 119 133 180 
26 37 47 73 77 129 133 157 174 
13 45 49 50 66 78 114 117 170 188 
19 117 127 138 153 159 161 162 166 185 
4 6 12 37 72 
42 63 88 115 143 151 160 167 
12 28 29 64 81 93 94 104 151 
58 101 126 127 166 
145 155 163 
57 70 89 94 164 
5 32 33 46 47 122 124 166 
3 12 30 60 150 162 166 188 
24 53 79 129 143 176 
7 29 45 62 85 152 
10 70 92 180 
3 14 21 72 82 92 165 173 187 188 
20 42 82 114 118 
1 72 131 138 164 
23 44 81 103 152 159 184 187 
5 29 84 95 134 
6 41 85 103 125 173 
42 43 51 56 101 112 
13 59 125 154 
28 110 124 163 
17 87 137 176 
22 24 131 132 
8 39 52 67 76 95 122 124 139 144 
18 129 158 187 
13 22 35 105 148 164 
2 7 39 134 
78 97 99 187 
8 30 60 79 112 127 163 182 
48 55 93 109 153 
24 26 101 112 117 129 144 174 
81 131 
45 81 83 129 
40 47 52 67 70 100 107 129 137 
23 134 149 157 177 179 
27 63 68 72 111 135 143 154 170 174 175 
35 57 76 115 120 141 166 170 
34 129 133 136 137 165 
29 37 55 119 131 
20 47 73 187 
85 92 111 125 181 185 
35 128 164 165 184 187 
110 
10 178 182 188 
31 33 48 141 146 
16 22 41 51 127 159 164 176 
6 35 46 53 77 164 178 
10 41 111 122 138 150 174 
20 25 30 97 104 163 
10 54 60 71 73 101 109 172 175 179 
9 45 84 163 178 
11 117 126 140 
28 93 102 115 169 
15 21 51 81 85 157 172 
39 48 70 89 112 
23 36 57 59 68 115 144 170 
3 29 44 52 103 109 110 129 169 
35 
34 100 141 144 153 156 168 170 
49 56 76 128 137 141 172 
