155 382
45 95 97 101 115 146 
61 79 
8 16 40 72 119 130 136 
12 15 26 41 69 140 
65 72 115 
81 120 137 
103 110 130 153 
3 78 89 105 126 141 
10 20 60 124 146 
9 43 46 52 53 83 119 
59 67 140 147 
4 51 142 
45 46 64 77 81 101 121 
25 117 130 148 
4 26 67 
3 67 
25 32 113 132 152 
57 76 110 
25 93 155 
9 80 111 
35 52 64 126 138 151 
64 85 139 151 
97 118 126 
76 78 129 151 
14 17 19 122 133 
4 15 57 76 151 
38 77 93 99 
142 144 
37 113 118 125 131 
39 50 64 154 
85 104 155 
17 52 85 105 149 
70 130 140 155 
39 43 71 82 117 127 129 144 
21 68 85 144 
81 119 145 148 
29 142 143 149 
27 54 83 86 123 139 153 
30 34 54 89 133 142 147 154 
3 43 56 98 106 109 110 
4 84 87 124 
91 140 
10 34 40 47 53 70 71 
46 66 85 137 
1 13 48 63 67 79 92 100 
10 13 44 49 79 118 
43 53 78 96 113 143 145 
45 103 
46 108 125 148 
30 61 87 139 
12 76 105 150 
10 21 32 59 84 100 116 
10 43 47 126 
38 39 113 122 128 130 141 148 152 
106 117 120 
40 68 70 89 118 
18 26 88 89 116 146 152 
59 137 
11 52 58 82 137 144 
9 73 116 
2 50 63 117 123 139 
99 111 
45 61 148 
13 21 22 30 85 139 141 
5 80 132 
44 98 
11 15 16 45 91 99 103 112 113 155 
35 56 83 110 121 136 
4 74 97 124 
33 43 56 85 126 
34 43 144 
3 5 
60 
69 83 152 
87 89 91 130 143 155 
18 24 26 51 96 121 132 141 149 
13 27 107 113 
8 24 47 90 124 152 
2 45 46 105 142 
20 65 96 117 
6 13 36 129 130 141 149 
34 59 126 131 
10 38 68 74 108 122 130 135 
41 52 91 142 
22 31 32 35 44 64 70 131 144 
38 93 129 149 
41 50 75 105 109 115 155 
57 89 
8 39 56 57 75 88 102 115 122 133 
78 124 
42 67 75 84 104 110 135 
45 98 103 140 
19 27 86 108 127 131 
129 133 
1 
47 76 80 100 103 111 
1 23 69 149 
40 66 92 103 145 146 
27 62 67 151 
45 52 96 124 147 149 
1 13 118 128 
89 106 113 
7 48 67 92 96 98 105 
31 91 130 133 138 
8 32 51 79 87 103 111 131 143 
40 55 102 108 128 134 155 
77 111 140 
49 83 93 106 120 126 127 132 
40 87 120 
7 18 40 68 91 125 150 
20 62 96 105 107 125 139 
67 
17 29 47 54 67 77 102 
128 
1 5 87 89 117 139 
52 57 60 122 
14 34 55 61 80 115 128 
23 29 46 56 101 148 
3 10 36 
6 55 108 109 129 
13 68 76 
25 54 83 89 116 
38 61 
9 41 69 78 90 100 153 
29 49 110 111 132 136 
8 21 23 53 70 82 108 127 
34 93 108 126 
54 101 106 114 117 
24 34 81 86 94 120 132 146 
3 7 14 33 54 75 81 83 104 
29 82 85 93 105 138 
17 65 76 108 125 129 
25 39 89 94 104 
106 
83 91 
3 68 125 
6 44 58 59 151 
21 104 131 
22 38 50 61 64 111 115 154 
4 11 33 42 92 107 
8 54 64 76 81 146 147 
12 28 37 39 79 84 154 
37 47 75 105 
28 34 35 59 71 85 
36 47 98 
1 9 57 98 129 141 152 
11 39 100 141 
14 36 49 54 63 118 150 152 
32 37 76 81 86 97 100 
51 110 148 
21 22 24 26 99 137 
17 54 57 74 78 146 148 154 
7 38 124 
30 39 139 142 152 
19 31 33 67 75 87 106 
