164 431
35 54 133 143 44 
43 53 57 80 91 134 136 
74 76 
20 38 41 59 
56 65 104 127 139 
16 29 36 43 87 141 159 160 
13 17 67 73 98 107 
16 31 35 65 112 114 152 163 
25 95 
65 120 132 138 
38 98 104 121 122 
95 101 112 119 120 133 
7 16 22 24 36 
17 28 32 57 78 82 112 117 150 162 
22 48 97 139 142 154 
6 8 13 22 60 70 129 164 
7 14 34 52 54 56 63 67 69 89 100 131 147 153 
66 73 121 130 144 158 
36 93 112 133 145 
4 55 60 120 151 
47 64 73 106 107 114 138 
13 15 16 48 92 160 
141 
13 42 64 118 123 
9 75 114 
28 37 56 73 92 119 156 161 
39 53 82 145 158 
14 26 51 105 
6 30 101 118 136 145 154 
29 33 108 151 157 
8 81 84 107 145 
14 74 117 143 155 
30 65 73 74 90 136 
17 55 95 108 127 133 143 
1 8 42 79 85 100 114 120 125 128 143 
6 13 19 38 92 102 136 
26 50 87 110 116 
4 11 36 135 149 
27 45 47 57 77 81 87 141 149 162 
108 121 
4 53 74 
24 35 111 135 143 
2 6 48 59 60 114 149 164 
1 
39 51 56 70 99 105 120 126 159 
59 93 101 
21 39 56 100 114 149 
15 22 43 114 
74 76 88 93 125 
37 124 
28 45 108 123 124 153 
17 86 
2 27 41 68 150 
1 17 61 106 
20 34 65 139 
5 17 26 45 47 58 147 
2 14 39 61 67 72 130 151 
56 65 100 105 107 137 155 
4 43 46 67 79 95 100 126 144 
16 20 43 83 95 112 
54 57 94 131 140 159 
101 116 122 144 
17 118 
21 24 67 80 87 96 124 146 
5 8 10 33 55 58 92 111 142 144 
18 104 
7 17 57 59 64 87 154 
53 130 133 137 141 161 
17 74 92 104 108 138 
16 45 75 90 112 
85 
57 91 98 
7 18 21 26 33 77 105 128 130 
3 32 33 41 49 69 85 111 
25 70 143 
3 49 77 99 153 158 
39 73 76 118 121 124 136 157 
14 83 
35 59 104 136 155 
2 64 92 144 154 
31 39 86 99 105 136 140 149 
14 27 129 147 
60 78 121 146 148 
31 86 
35 71 74 
52 81 84 104 155 
6 37 39 64 67 102 137 
49 104 110 154 
17 164 
33 70 109 118 
2 72 
22 26 36 65 69 80 107 120 
19 46 49 147 148 
61 140 
9 12 34 59 60 100 109 
64 113 
15 111 118 154 
7 11 72 
45 76 81 102 133 140 
17 35 47 58 59 95 109 129 132 151 
12 29 46 62 132 144 
36 87 99 126 
158 
5 11 66 69 79 86 88 117 
28 45 58 73 81 115 141 
21 54 122 160 
7 21 31 58 92 127 133 154 
30 34 40 51 69 136 
90 95 100 143 
37 88 
42 65 74 97 
8 12 14 19 60 70 121 136 144 146 162 
96 
8 21 25 35 43 47 48 117 126 143 158 
105 123 
37 62 126 148 155 
14 32 104 114 163 
24 29 63 77 90 97 154 
12 26 136 138 159 
10 12 20 35 45 92 
11 18 40 77 83 112 139 162 
11 62 106 148 
24 51 115 128 
50 51 64 77 
35 49 129 134 
45 59 102 114 116 141 
5 34 107 130 158 
35 73 123 
16 82 100 125 
18 57 68 73 127 131 
17 61 130 149 
10 100 101 
1 12 19 34 68 99 107 141 151 156 
2 125 160 161 164 
38 42 
2 29 33 36 77 79 81 108 112 119 
58 68 87 146 
10 21 69 119 
5 15 55 121 150 
61 81 94 99 153 
6 23 39 68 105 126 133 
15 65 
1 32 34 35 42 75 109 114 
18 59 62 65 80 101 112 151 
19 27 29 31 
64 83 112 137 
17 56 82 93 
83 93 116 122 150 159 
38 39 43 47 81 131 160 
14 53 139 148 158 
20 30 57 100 133 144 
8 
17 51 76 140 
15 29 67 80 88 97 107 118 
32 58 79 86 116 
26 133 
30 77 159 
18 27 76 103 114 127 150 
6 45 61 119 148 157 
6 22 106 134 149 
26 68 134 
14 39 112 121 
8 117 164 
16 43 89 134 163 
