129 273
17 54 73 85 113 124 84 
15 37 89 93 
43 64 70 
14 
63 83 
25 29 74 117 
25 85 112 
18 74 92 128 
32 65 90 128 
76 80 93 102 111 124 
18 34 66 67 68 80 91 129 
25 57 75 101 107 128 
90 115 
4 31 88 
2 23 27 37 46 81 101 115 
40 74 87 98 
1 43 90 
8 11 20 28 29 62 
26 75 80 115 
18 24 45 82 98 101 
70 90 98 
63 115 126 
15 47 
20 46 64 76 107 
6 7 12 51 55 71 98 127 
19 50 68 70 
15 66 116 
18 97 103 
6 18 41 109 
38 90 100 101 
14 93 121 126 
9 34 90 91 124 
53 104 
11 32 88 114 124 127 
63 
43 49 
2 15 63 122 127 
30 74 
54 93 97 
16 90 
29 50 
50 93 99 
3 17 36 55 76 
74 85 
20 67 104 111 
15 24 109 
23 63 69 73 
58 85 96 113 
36 125 129 
26 41 42 64 109 114 
25 55 72 73 
58 60 69 
33 75 118 
1 39 96 119 
25 43 51 102 107 127 
105 
12 65 71 102 116 127 
48 52 115 
64 67 100 115 
52 73 92 100 
77 80 88 100 107 
18 115 123 
5 22 35 37 47 100 
3 24 50 59 72 95 97 111 
9 57 
11 27 
11 45 59 73 78 88 90 99 122 
11 26 100 
47 52 119 
3 21 26 77 102 123 
25 57 
51 64 88 95 129 
1 47 51 60 67 88 
6 8 16 38 44 85 95 
12 19 53 76 90 115 
10 24 43 75 83 
61 70 
67 119 
101 
10 11 19 61 83 
15 90 103 129 
20 
5 76 80 89 123 
1 
1 7 44 48 74 92 127 
108 111 116 128 
16 107 
14 34 61 67 72 73 91 
2 83 
9 13 17 21 30 32 40 67 75 81 
11 32 88 96 115 
8 60 85 118 
2 10 31 39 42 118 124 129 
104 112 123 129 
64 72 74 123 
48 54 91 
28 39 64 
16 20 21 25 99 
42 67 98 117 128 
30 59 60 61 63 68 101 
12 15 20 30 79 100 120 128 
10 55 57 70 113 
28 81 116 
33 45 94 105 
56 104 115 
113 120 
12 24 55 61 87 129 
86 111 123 
29 46 50 115 116 118 
117 126 
10 45 64 86 108 
7 94 125 
1 48 102 106 121 
34 50 
13 15 19 22 58 59 62 75 91 105 109 125 
27 57 86 103 109 120 
6 99 110 125 
53 92 93 109 124 
54 69 78 
101 106 116 
31 113 
37 67 
62 70 83 94 95 108 
1 10 32 34 93 118 128 
49 112 115 117 
22 31 110 
25 34 37 55 57 85 
8 9 12 86 99 101 124 
11 49 72 81 93 94 107 
