182 463
17 128 137 146 21 
20 32 56 85 92 119 
31 56 108 170 
27 47 135 161 
87 101 106 113 117 133 
63 85 115 136 
40 91 
60 88 104 128 152 155 162 
12 16 35 79 102 114 154 160 
38 67 118 172 
90 159 
9 100 129 130 151 153 167 
20 44 67 116 171 
68 108 163 171 
63 88 125 127 
9 118 131 156 173 
1 44 84 136 156 
60 167 177 
52 73 83 149 159 
2 13 32 59 125 
1 
57 79 110 154 170 
64 99 143 153 174 
130 169 182 
28 169 174 
37 55 71 92 129 132 141 153 
4 91 169 
25 140 142 144 172 
96 101 170 
118 141 
3 100 142 
2 20 75 78 106 136 
56 94 109 152 
93 119 134 144 171 175 
9 60 101 104 105 109 137 142 156 160 
59 
26 45 47 52 61 72 95 145 
10 62 82 122 125 130 134 
63 107 120 131 176 
7 50 113 
49 50 74 101 147 
88 140 162 
130 
13 17 137 168 
37 72 74 96 108 122 143 182 
66 104 123 147 
4 37 68 99 156 
103 132 145 
41 56 76 99 107 120 135 160 
40 41 56 91 103 113 144 161 176 
66 88 119 150 
19 37 67 81 155 177 
84 98 131 137 141 
116 182 
26 66 85 126 155 162 
2 3 33 49 50 66 
22 94 95 124 142 169 182 
131 143 
20 36 77 83 98 108 166 176 
8 18 35 88 145 179 
37 85 98 
38 81 114 176 
6 15 39 71 86 
23 90 120 156 
140 156 
46 51 55 56 118 120 121 129 151 166 168 174 
10 13 52 138 170 
14 47 99 103 142 
121 141 
77 132 
26 63 93 103 148 149 
37 45 172 
19 93 173 
41 45 93 133 141 146 159 179 181 
32 96 131 156 
49 77 82 134 
59 70 76 80 124 133 
32 82 109 143 146 155 159 
9 22 134 151 
77 104 169 
52 62 117 156 
38 76 78 83 157 177 
19 59 82 
17 53 143 
2 6 55 61 103 118 135 150 174 
63 
5 
8 15 42 51 60 101 165 178 
119 125 127 161 170 
11 64 93 99 112 114 
7 27 50 143 
2 26 100 121 124 139 160 168 
34 71 73 74 90 104 110 135 
33 57 97 118 138 
37 57 
29 45 75 122 138 171 
94 112 121 127 168 
53 59 61 111 138 161 164 
23 47 49 68 90 179 
12 31 92 126 
5 29 35 41 88 109 113 139 151 176 
9 109 146 
48 50 68 71 85 165 
8 35 46 80 93 134 138 150 173 180 
35 116 150 178 
5 32 
39 49 154 
3 14 45 59 130 172 
33 35 78 101 102 126 152 
22 93 166 
98 145 
90 97 114 131 157 
5 40 50 101 
9 62 90 112 139 153 
6 162 
13 54 105 123 157 
5 81 140 152 156 176 179 
10 16 30 66 85 94 176 
2 34 51 89 127 168 
39 49 64 66 133 147 168 
66 69 92 97 134 166 
38 45 96 146 150 
46 116 127 
57 77 92 141 157 173 
15 20 38 89 
55 100 109 
15 89 97 119 123 156 174 
1 8 169 
12 26 66 145 166 
12 24 38 43 108 144 182 
16 39 53 58 75 112 151 
26 48 70 162 165 
5 74 77 120 138 150 
34 38 76 79 104 121 182 
4 49 85 93 168 
6 17 32 140 173 
1 35 44 53 139 157 
67 94 96 98 104 133 144 153 156 
92 101 114 137 176 
28 42 65 117 136 
26 30 53 69 74 124 148 174 
28 31 35 57 68 146 154 
23 45 58 78 84 91 146 156 157 
28 34 50 130 138 
37 48 60 111 129 168 
1 74 78 102 122 142 143 
41 46 120 151 154 
71 141 168 171 
19 71 
51 85 104 105 122 133 
12 66 79 101 131 147 175 
8 33 109 117 172 178 
12 23 26 114 138 
9 22 107 142 147 
8 52 55 78 164 
16 17 35 47 64 65 75 81 117 127 138 143 161 
82 112 116 124 137 143 
164 175 
11 19 74 78 160 169 
9 35 49 92 159 179 
4 50 89 98 156 168 177 
8 42 55 115 132 
14 
98 155 158 174 
88 103 132 179 
59 66 110 121 129 180 
12 18 
44 66 92 97 119 120 135 145 148 161 176 
24 25 27 57 80 128 159 
3 22 29 67 89 
13 14 34 96 148 181 
10 28 72 108 152 
16 73 104 124 136 
23 25 66 85 127 141 164 
34 151 158 
39 50 59 62 101 117 118 139 168 
18 52 82 161 
88 105 152 
60 74 99 117 160 165 
104 166 
74 171 
24 45 54 57 130 134 
