190 544
10 100 132 159 190 
31 59 100 132 159 
5 56 74 104 109 118 161 167 176 
33 84 92 123 145 
3 130 150 153 174 176 179 188 
35 41 72 77 85 156 
48 61 110 139 171 177 178 180 183 184 
14 66 138 140 171 183 
32 187 
1 12 51 87 108 
14 123 125 168 169 
10 20 41 71 157 181 
36 97 131 136 177 
8 11 35 150 
33 63 73 78 126 136 148 
70 71 162 181 
35 109 111 117 118 119 134 143 
61 82 173 
21 89 165 174 
12 33 59 99 114 148 170 176 
19 52 75 85 116 142 168 
35 48 115 117 123 130 144 169 
44 71 78 106 113 142 
33 41 75 97 98 127 137 156 175 
47 89 111 145 146 165 166 
167 
122 158 
35 76 118 163 
89 
35 41 51 107 
2 52 64 93 101 125 126 171 
9 84 103 151 175 
4 15 20 24 46 81 97 133 135 
79 87 142 180 
6 14 17 22 28 30 74 102 121 127 
13 59 100 120 159 
39 75 145 187 
159 
37 94 99 103 112 150 160 
48 106 172 
6 12 24 30 69 77 107 157 
109 153 161 
106 
23 138 158 161 
59 87 
33 61 159 174 
25 77 103 161 172 176 
7 22 40 50 51 61 73 140 150 171 190 
57 66 113 126 170 184 
48 
10 30 48 115 130 157 167 189 
21 31 83 88 102 126 135 137 142 154 
58 73 79 83 107 108 112 129 176 
94 98 118 122 126 137 164 173 185 
79 92 108 120 126 130 160 161 
3 154 158 
49 63 95 140 144 
53 81 141 
2 20 36 45 75 78 87 97 128 
77 135 
7 18 46 48 139 
93 126 149 163 
15 57 113 115 148 151 187 190 
31 95 116 146 169 
142 
8 49 68 99 100 174 
69 111 140 180 188 
66 106 132 146 147 185 
41 67 
16 73 145 160 166 
12 16 23 87 116 132 
6 106 122 147 
15 48 53 70 79 89 95 126 186 
3 35 94 96 104 112 139 147 157 
21 24 37 59 97 171 
28 
6 41 47 60 92 108 121 147 158 
15 23 59 88 100 106 108 124 187 
34 53 55 73 101 107 132 
96 140 151 174 
33 58 107 
18 89 179 181 
52 53 99 111 131 160 167 184 
4 32 139 145 184 
6 21 86 117 146 151 177 
85 98 126 142 143 
10 34 45 59 71 94 104 
52 78 147 151 
19 25 29 73 82 114 125 155 
151 161 167 177 183 
106 122 165 174 
4 55 77 138 178 183 
31 62 116 132 149 158 
39 54 74 87 96 113 123 136 138 170 
57 64 73 114 169 
74 80 94 160 
13 24 33 59 75 98 110 111 131 153 170 
24 54 86 97 99 167 179 
20 39 66 83 98 119 
1 2 36 66 78 126 160 
31 79 128 153 176 
35 52 103 132 136 162 
32 39 47 102 127 182 
3 74 87 106 137 154 188 
132 166 173 
23 40 43 68 72 78 91 104 
30 41 53 79 81 121 
10 53 55 77 78 117 125 176 
3 17 42 
7 97 140 143 188 
17 25 67 83 97 174 190 
39 53 74 130 168 
23 49 63 94 
20 89 95 137 145 187 
22 51 63 147 172 175 
21 64 71 93 166 169 184 
17 22 85 108 121 151 
3 17 28 54 134 153 179 
17 99 128 135 
36 55 189 
35 77 107 117 125 139 143 173 182 
27 54 72 91 139 161 
4 11 22 94 127 
78 133 183 
11 31 89 108 121 141 186 
15 31 49 52 54 55 62 73 86 100 128 
24 35 103 123 157 164 180 190 
59 101 119 126 129 142 
53 128 168 
5 22 51 55 112 136 186 
13 83 97 135 165 
1 2 68 71 79 93 102 105 149 168 
33 124 166 
17 118 
33 52 60 119 131 
13 15 94 102 130 160 161 170 
24 52 54 104 114 
8 44 92 94 141 165 181 
7 61 74 84 121 122 140 
8 48 57 67 80 110 139 
58 125 138 
21 23 34 52 65 86 128 145 166 171 176 
17 86 110 121 167 
22 57 147 157 
4 25 37 70 84 114 142 171 176 188 
25 64 68 85 163 178 
68 72 74 77 88 115 144 
15 20 63 162 164 173 
62 93 132 174 
5 14 39 48 
32 63 80 85 88 90 117 
175 
5 42 97 101 118 178 
52 56 104 167 
89 156 163 
6 24 155 168 
12 41 51 74 127 144 
27 44 56 77 93 172 
1 2 36 38 46 
39 55 70 83 96 100 136 173 180 
3 42 44 47 55 90 122 136 177 
16 102 148 172 
28 62 146 155 167 
54 127 148 
19 25 91 131 138 172 174 187 
25 70 105 116 133 142 
3 26 51 83 90 98 143 154 163 
11 21 112 129 132 156 
11 22 64 95 116 174 187 189 
20 49 94 97 136 
7 8 31 48 75 142 145 186 
40 47 115 158 162 165 179 
18 54 105 121 148 160 187 
5 19 46 66 80 91 111 149 165 169 189 
24 32 115 152 
3 5 20 47 53 101 108 142 145 
7 13 85 90 161 
7 92 146 153 
5 82 98 118 172 
7 34 67 127 160 
12 16 82 138 
103 121 186 
7 8 90 92 124 
7 49 83 84 116 
54 68 188 
73 125 130 171 182 
9 37 63 78 114 165 169 173 
5 67 104 110 145 185 
51 120 169 174 
1 48 63 111 127 
