120 205
44 75 79 3 
7 10 12 38 
1 85 
102 
64 
38 74 
2 24 36 50 83 
15 18 
43 58 
2 111 
24 27 53 63 73 91 
2 32 82 119 
67 87 97 
29 69 114 
8 36 45 50 71 82 
55 57 
19 68 
8 
17 28 67 
34 47 66 74 75 
80 82 
70 98 
62 82 119 
7 11 102 
92 98 
43 94 116 
11 
19 49 76 94 
14 49 60 78 106 
34 51 120 
50 
12 41 60 109 
56 67 72 82 117 
20 30 56 66 72 90 
59 109 
7 15 48 53 
69 
2 6 66 103 107 
97 
58 68 94 102 
32 75 104 119 
55 78 106 
9 26 49 80 
1 51 70 82 
15 106 
115 
20 49 73 80 88 113 
36 49 61 
28 29 43 47 48 50 
7 15 31 49 59 
30 44 54 79 105 
83 115 
11 36 118 
51 71 98 100 113 
16 42 92 100 
33 34 97 108 
16 84 93 111 
9 40 62 
35 50 91 98 109 
29 32 66 102 
48 
23 58 93 106 
11 77 
5 71 
67 76 80 87 100 119 
20 34 38 60 
13 19 33 65 72 96 106 117 
17 40 
14 37 91 
22 44 
15 54 64 81 
33 34 67 92 113 115 
11 47 86 
6 20 84 88 
1 20 41 88 95 120 
28 65 92 116 
63 
29 42 82 102 115 117 
1 51 97 111 
21 43 47 65 92 102 
71 
12 15 21 23 33 44 78 90 
7 52 109 
57 74 116 
3 89 
73 113 117 
13 65 103 
47 74 75 
85 110 
34 82 99 100 109 
11 59 69 
25 55 72 76 80 
57 62 
26 28 40 106 107 119 
75 101 
67 
13 39 56 79 
22 25 54 59 114 
90 
54 55 65 90 
95 
4 24 40 60 78 80 
38 87 107 
41 
51 119 
29 42 45 62 67 94 
38 94 103 
56 
32 35 59 83 90 119 
89 112 
10 57 79 
110 
47 54 72 86 
14 98 
46 52 72 78 
26 76 84 
33 67 78 86 118 
53 117 119 120 
12 23 41 65 94 105 109 118 
30 75 118 
