134 271
18 23 60 112 105 
41 
109 124 132 
74 
9 63 
64 101 130 
28 58 84 134 
23 35 38 41 111 
5 30 69 98 
52 55 93 
25 89 109 123 
22 35 100 107 108 
58 71 84 
64 89 
40 71 83 119 125 131 
31 65 87 91 120 122 129 
53 58 81 89 99 120 123 
1 26 90 
58 77 94 107 109 120 124 
40 102 115 
49 69 70 76 79 82 100 122 124 
12 23 25 62 72 73 
1 8 22 51 94 
62 68 82 101 114 
11 22 34 42 77 129 
18 68 131 
50 56 76 
7 35 48 62 67 80 124 
31 126 131 
9 41 48 
16 29 34 75 107 
33 83 130 
32 61 95 110 128 
25 31 82 89 107 
8 12 28 36 88 
35 68 113 115 
42 87 124 
8 47 67 
46 73 102 109 121 
15 20 50 59 67 74 84 125 
2 8 30 86 95 114 122 133 
25 37 50 61 117 
107 
99 102 121 
76 77 99 125 
39 74 75 
38 128 
28 30 
21 58 96 128 
27 40 42 99 103 
23 56 61 129 
10 75 96 115 121 
17 54 65 73 90 110 
53 65 
10 75 76 96 108 109 
27 51 108 
132 
7 13 17 19 49 76 78 85 
40 97 
1 122 
33 42 51 88 92 93 96 112 119 
22 24 28 106 124 
5 121 
6 14 70 
16 53 54 83 93 110 132 
97 121 129 
28 38 40 
24 26 36 
9 21 82 88 
21 64 76 96 122 
13 15 95 
22 
22 39 53 97 134 
4 40 46 79 122 134 
31 46 52 55 86 123 
21 27 45 55 58 70 
19 25 45 84 
58 95 
21 74 108 114 116 
28 93 106 121 
17 96 100 114 118 
21 24 34 69 103 
15 32 65 98 129 
7 13 40 77 125 130 
58 
41 75 99 
16 37 104 115 116 
35 61 69 90 
11 14 17 34 121 
18 53 88 109 130 
16 133 
61 99 134 
10 61 65 80 118 
19 23 
33 41 71 78 99 
49 52 55 61 70 81 97 
59 66 73 96 
9 83 
17 44 45 50 86 92 95 
12 21 81 
6 24 
20 39 44 123 
50 82 111 
87 132 
1 127 
62 80 119 
12 19 31 34 43 
12 55 56 79 118 
3 11 19 39 55 90 
33 53 65 
8 103 
1 61 
36 
24 41 79 81 
20 36 52 87 
79 87 
42 
81 93 108 121 
15 61 106 129 
16 17 19 
39 44 52 63 66 80 89 118 
16 21 41 60 70 74 
11 17 75 102 126 
3 19 21 28 37 62 
15 40 45 84 
29 123 130 
105 
33 47 49 
16 25 51 66 83 119 
6 32 84 90 126 
15 26 29 
3 57 65 104 
41 91 
7 73 74 92 
