191 554
16 59 63 107 154 176 186 
7 109 145 147 149 
35 165 
17 74 148 154 178 185 190 
11 26 31 48 118 119 
30 32 62 75 87 88 135 169 
2 65 87 
40 59 134 165 
33 64 100 144 171 
28 32 42 84 135 
5 43 87 98 100 147 158 162 188 
21 50 60 92 114 127 152 157 169 180 
77 109 132 154 174 177 188 
15 51 178 
14 42 81 97 101 141 173 188 
1 25 38 43 109 148 
4 69 117 
36 73 99 101 163 
106 
29 49 148 
12 118 119 
33 83 87 90 106 112 178 
26 115 136 144 174 
34 36 
16 35 57 190 
5 23 50 76 125 128 139 
30 52 71 122 163 165 173 174 
10 92 101 109 147 
20 131 153 189 
6 27 62 70 111 137 150 170 191 
5 40 42 105 109 
6 10 124 178 
9 22 42 103 104 131 144 145 
24 56 83 130 
3 25 80 91 137 164 
18 24 59 93 102 169 178 
63 87 109 144 160 182 
16 77 79 106 145 187 
59 91 137 152 156 177 
8 31 70 119 123 191 
76 87 88 
10 15 31 33 55 65 79 117 
11 16 160 
109 139 175 
53 60 127 191 
56 113 126 162 168 
61 81 131 135 159 
5 91 103 104 111 112 119 145 185 
20 122 139 145 147 161 
12 26 98 106 107 124 129 139 147 162 187 
14 53 54 59 78 118 180 
27 53 57 67 100 131 133 145 148 152 
45 51 52 64 77 81 96 164 173 
51 100 144 145 
42 60 72 110 
34 46 183 
25 52 71 119 162 180 
88 111 143 
1 8 36 39 51 68 147 165 
12 45 55 111 144 
47 175 
6 30 64 94 135 137 169 180 
1 37 110 114 167 182 
9 53 62 83 90 95 128 140 147 151 
7 42 151 168 180 190 
77 130 142 185 
52 102 137 144 176 
59 76 77 113 126 140 150 153 
17 73 113 174 178 
30 40 82 105 132 
27 57 106 129 137 151 157 
55 100 143 154 156 173 
18 69 88 103 140 164 
4 156 
6 84 163 164 
26 41 68 79 126 148 163 182 
13 38 53 66 68 168 
51 112 135 161 166 178 185 
38 42 76 81 86 169 
35 139 169 178 
15 47 53 79 84 118 144 150 153 
70 109 123 137 142 154 
22 34 64 98 113 120 156 
10 75 81 93 137 141 159 166 169 170 
95 102 131 135 159 171 
79 118 180 
6 7 11 22 37 41 111 112 116 180 190 
6 41 58 73 137 149 173 
101 104 
22 64 127 140 175 
35 39 48 112 125 127 145 
12 28 95 105 119 151 
36 84 107 109 117 120 131 155 179 
62 96 116 138 180 
64 85 92 96 138 157 170 
53 94 95 144 187 
15 108 
11 50 83 102 156 171 175 
18 110 166 179 180 
9 11 52 54 72 146 
15 18 28 89 147 
36 67 85 98 134 154 176 
33 48 73 162 
33 48 89 158 163 185 
31 70 92 137 145 167 
19 22 38 50 71 
1 50 93 132 
97 173 
2 13 16 28 31 37 44 82 93 119 124 171 183 
55 63 99 114 137 144 
30 48 58 60 87 
22 48 78 87 91 136 158 
46 68 69 83 187 
12 63 110 140 158 
23 126 144 147 156 
87 94 
17 42 93 123 133 157 172 176 187 
5 21 51 81 86 132 185 
5 21 40 48 57 92 109 153 162 171 
83 93 167 189 
130 166 
27 49 132 
40 82 117 127 133 180 
32 50 109 129 151 180 
26 91 135 145 183 
46 68 76 115 
12 45 90 91 123 132 148 150 
26 64 181 
50 71 124 157 
34 66 121 154 
29 33 47 52 85 93 141 165 
13 70 107 118 122 127 180 
52 117 123 154 169 180 
8 102 136 149 159 
6 10 47 62 78 85 125 173 179 
23 112 134 140 141 
30 35 39 62 67 71 82 84 88 105 110 162 165 168 
94 95 168 172 
26 44 49 50 80 163 
64 68 73 90 114 136 
15 84 131 136 153 154 
66 82 144 165 177 
58 72 175 
9 23 33 37 54 60 67 81 96 110 115 142 153 191 
2 33 38 48 49 52 54 91 105 125 161 
100 
2 11 28 49 50 59 64 101 115 
4 16 20 52 76 127 160 
2 88 134 
30 68 81 127 
64 65 71 92 124 166 187 
12 39 52 155 156 184 
29 68 81 119 141 144 186 
1 4 13 72 82 102 130 133 141 178 
93 152 186 
39 72 74 83 98 115 152 177 
12 71 95 117 129 180 
11 104 112 114 
47 84 85 134 
37 43 148 170 179 
49 78 145 169 
11 46 50 57 103 119 137 
18 27 75 76 104 139 
35 53 73 75 172 185 
3 8 27 59 131 137 142 
78 84 99 121 151 
63 105 120 171 
46 65 77 137 138 
6 12 36 62 79 80 84 133 161 191 
30 84 95 160 
9 85 98 109 119 167 179 
117 138 164 
15 27 53 72 88 108 135 185 186 
13 23 27 69 
44 61 90 98 143 
1 67 102 117 
13 39 142 156 
4 14 22 32 36 69 78 80 154 182 186 187 190 
93 99 135 160 171 
12 51 57 62 65 86 87 94 99 123 124 132 133 157 
128 
37 63 76 178 184 191 
56 109 125 
152 182 
4 48 66 78 104 118 164 173 190 
1 153 155 173 178 
38 50 96 113 117 151 178 
11 13 15 191 
29 120 
4 25 65 87 178 185 
30 40 45 144 169 182 188 
