102 160
44 62 25 
45 
11 53 81 84 92 94 
31 34 
73 
9 20 24 
34 53 94 
55 
6 17 33 36 41 47 52 73 77 93 
34 
3 13 40 54 63 
43 50 78 91 
11 22 41 62 
17 66 
88 
19 60 
9 14 21 75 
22 35 81 
16 27 29 46 
6 47 94 102 
17 76 77 
13 18 82 84 
47 
6 41 44 45 54 79 
1 26 
96 25 71 
19 54 56 76 
91 
19 
35 66 68 
4 90 99 
63 
9 64 77 
4 7 10 57 59 69 
18 30 70 
9 
84 
53 65 66 
44 58 60 65 69 
11 73 77 89 
9 13 24 56 68 72 
82 
12 91 
1 24 39 48 56 57 82 
2 24 58 67 
19 
9 20 23 77 
44 50 83 89 94 
70 88 
12 48 65 
60 67 
9 56 92 
3 7 38 91 
11 24 27 
8 85 
27 41 44 52 74 89 
34 44 74 80 91 100 
39 45 61 101 
34 
16 39 51 94 
58 
1 13 80 97 102 
11 32 
33 65 
38 39 50 64 68 
14 30 38 68 90 
45 51 73 
30 41 65 66 
34 39 
35 49 
26 95 
41 83 94 101 
5 9 40 67 82 
56 57 80 
17 78 79 
21 27 
9 21 33 40 47 
12 75 
24 75 90 93 102 
57 62 74 
3 18 97 
22 42 44 73 
48 72 
3 22 37 
55 87 
94 100 101 102 
85 101 
15 49 
40 48 56 
31 66 79 
12 28 43 53 57 
3 52 
9 79 
3 7 20 48 60 72 86 100 
71 98 
26 
62 81 
95 
31 
57 86 94 
58 72 86 87 
20 62 79 86 
