161 388
68 40 
56 62 161 
67 97 110 130 145 
9 13 41 48 73 
33 98 112 145 
10 51 67 109 
52 70 159 
9 43 62 107 139 
4 8 17 21 63 74 105 124 140 
6 84 102 108 130 
70 150 
15 96 122 157 
4 63 115 119 
93 97 101 157 
12 22 34 78 97 104 130 139 
61 79 
9 18 22 36 59 62 69 115 126 
17 
28 77 
24 35 43 70 76 84 147 
9 33 36 38 79 83 102 155 
15 17 25 39 99 158 
56 151 
20 66 67 112 122 157 160 
22 38 115 
31 70 83 95 122 133 156 
51 68 100 130 
19 79 90 100 113 138 155 
43 52 72 83 110 161 
94 99 137 
26 42 111 132 143 159 
46 49 68 97 134 137 
5 21 112 
15 74 80 138 158 
20 76 84 122 124 158 
17 21 38 55 115 
52 116 161 
21 25 36 124 130 139 
22 71 73 80 137 
1 54 
4 62 93 114 
31 60 64 95 96 115 133 
8 20 29 58 60 91 101 103 147 
47 60 82 101 121 
51 109 150 151 
32 64 70 83 109 117 137 
44 75 87 100 107 142 
4 87 139 
32 65 71 141 142 143 
52 69 74 84 96 135 
6 27 45 
7 29 37 50 103 111 159 161 
111 143 155 
40 149 
36 127 158 160 161 
2 23 58 59 70 75 128 
91 108 120 
43 56 105 111 
17 56 62 66 78 94 117 
42 43 44 93 95 
16 68 70 75 150 160 
2 8 17 41 59 78 86 122 141 144 154 
9 13 68 94 101 116 139 
42 46 66 67 142 145 
49 87 88 103 116 
24 59 64 77 154 
3 6 24 64 102 104 112 
1 27 32 61 63 81 92 142 
17 50 75 89 126 
7 11 20 26 46 56 61 72 99 128 145 
39 49 83 136 143 
29 70 118 154 
4 39 102 116 161 
9 34 50 76 110 160 
47 56 61 69 112 121 125 140 161 
20 35 74 91 
19 66 105 118 
15 59 62 79 82 115 
16 21 28 78 106 
34 39 144 
68 112 116 
44 78 95 156 
21 26 29 46 71 161 
10 20 35 50 159 
99 
62 151 
47 48 65 88 107 123 132 133 136 155 161 
65 87 128 143 
69 102 114 
28 
43 57 76 123 150 158 
68 120 127 
14 41 60 123 
30 59 63 141 
26 42 60 82 96 97 106 131 135 
12 42 50 95 116 
3 14 15 32 95 
5 113 145 
22 30 70 85 107 
27 28 47 102 123 132 160 
14 43 44 63 102 112 123 
10 21 67 73 89 100 101 124 
43 52 65 125 137 
15 67 
9 58 77 
79 95 109 113 
8 47 87 99 152 
10 57 
6 45 46 106 
3 29 74 146 157 
31 52 53 58 148 
5 24 33 67 75 81 101 
28 98 106 158 
41 89 121 
13 17 25 36 42 78 126 136 
37 63 65 73 81 96 117 129 150 
46 59 116 119 
72 77 126 
13 117 
57 92 144 
44 75 114 129 150 161 
12 24 26 35 62 132 
87 91 93 100 101 
9 35 38 102 
75 103 
17 69 115 118 128 
55 92 136 140 
56 70 88 126 145 
116 121 146 
3 10 15 27 38 132 133 
95 
31 87 100 122 130 
26 42 87 130 
32 147 
50 95 140 159 
71 87 115 127 
30 32 39 46 103 138 142 151 
28 34 137 
8 15 38 48 63 
9 75 127 135 152 
49 62 94 150 
47 49 64 68 137 
31 49 53 71 88 
62 80 120 
3 5 64 70 98 128 
110 129 
20 43 134 
111 
54 153 
11 45 61 91 116 121 141 
23 45 86 137 156 160 
107 140 
149 
62 66 72 
21 28 53 87 
26 82 151 
12 14 24 110 
22 34 35 55 91 113 
7 31 52 84 135 
24 55 61 74 100 151 161 
2 29 37 52 55 73 75 83 87 121 160 
