147 329
8 13 
12 106 
43 52 53 121 139 
39 63 
38 82 100 108 
37 63 110 
15 35 68 75 86 96 98 112 
1 47 57 
24 36 112 129 141 
101 120 
76 113 134 146 
2 47 56 
1 114 
26 40 63 92 119 137 
7 27 84 142 
66 104 116 
118 139 143 
42 74 
46 113 128 
55 96 142 
36 47 126 
90 101 
38 75 117 119 
9 56 60 131 
63 66 74 81 107 
14 28 32 65 83 97 113 132 
15 41 49 50 92 93 147 
26 53 57 87 133 
43 44 69 77 120 121 
37 38 58 71 92 144 
32 51 53 71 73 88 134 
26 31 39 63 89 
70 80 86 102 
86 
7 36 75 77 78 83 89 91 141 
9 21 35 39 97 102 142 144 
6 30 69 132 139 
5 23 30 89 100 
4 32 36 66 91 93 135 
14 42 75 83 87 120 145 
27 77 111 129 
18 40 50 67 90 
3 29 126 138 
29 112 122 130 134 
114 
19 63 75 86 93 95 105 
8 12 21 51 89 104 110 
77 116 136 
27 
27 42 75 108 
31 47 78 125 
3 112 122 
3 28 31 60 63 
57 69 117 142 
20 80 118 143 
12 24 71 91 107 134 
8 28 54 97 102 147 
30 95 131 
69 80 98 102 116 117 
24 53 121 
117 125 
71 131 
4 6 14 25 32 46 53 79 125 
76 84 85 
26 70 133 
16 25 39 75 
42 130 144 
7 108 132 147 
29 37 54 59 78 97 101 
33 65 84 147 
30 31 56 62 77 118 134 143 
114 103 
31 124 
18 25 137 
7 23 35 40 46 50 66 115 119 138 
11 64 104 145 
29 35 41 48 71 
35 51 69 
63 89 131 133 
33 55 59 110 130 
25 85 95 123 133 147 
5 92 
26 35 40 100 123 125 138 
15 64 70 145 147 
64 81 115 127 
7 33 34 46 97 111 113 138 
28 40 116 133 143 
31 104 143 
32 35 38 47 79 
22 42 
35 39 56 
14 27 30 82 133 
27 39 46 98 100 129 
106 
46 58 81 99 115 135 
7 20 99 115 117 135 145 147 
26 36 57 69 86 
7 59 93 128 134 
95 96 111 139 
5 38 83 93 128 133 
10 22 69 
33 36 57 59 113 121 
72 109 
16 47 76 88 127 
46 106 145 
2 94 105 120 132 140 
25 56 129 131 
5 50 68 117 
103 
6 47 80 
41 86 99 
7 9 44 52 
11 19 26 86 102 146 
45 13 72 
75 85 95 96 121 125 143 
16 48 59 87 
23 54 59 61 96 108 
17 55 71 137 143 
14 23 75 
10 29 40 106 122 144 
3 29 60 102 115 123 
44 52 120 142 
81 83 121 
73 132 133 134 
51 61 63 83 115 130 
21 43 131 
85 104 
19 98 100 147 
9 41 93 107 131 
44 67 80 125 
24 58 62 79 107 126 129 142 145 
26 37 68 106 124 
28 65 79 81 87 92 100 124 
11 31 44 56 71 98 124 136 
39 95 96 145 
48 134 141 
14 74 118 
43 75 83 86 
3 17 37 99 143 
106 
9 35 136 
15 20 36 54 122 131 
17 55 71 87 88 115 118 139 
30 36 67 120 
40 76 84 96 105 131 135 
11 113 
27 57 68 70 81 84 96 128 
