156 341
4 6 15 145 152 
36 83 91 128 129 
103 135 
1 15 19 44 60 66 86 116 126 
21 113 
1 65 70 147 
16 20 39 123 128 151 
18 49 127 
17 62 78 84 103 126 151 
23 26 59 62 63 99 130 132 
23 40 48 92 106 133 
106 111 130 138 144 145 156 
25 120 150 
25 37 
1 4 69 74 99 126 127 146 154 
7 50 61 89 105 108 111 124 
9 33 155 
8 110 136 
4 58 99 108 
7 93 
5 
76 121 135 139 144 150 155 
10 11 40 
47 62 86 
13 14 46 105 117 
10 32 55 76 99 140 151 
47 85 88 89 
84 122 137 145 148 
46 57 84 
130 
38 76 77 127 
26 55 86 155 156 
17 87 106 114 141 
62 95 104 120 
115 119 
2 56 81 115 125 
14 121 
31 40 79 87 89 130 154 
7 63 75 80 105 
11 23 38 52 109 124 
87 121 
44 50 56 91 151 
87 139 145 
4 42 73 
46 47 
25 29 45 51 66 81 89 144 
24 27 45 56 65 
11 52 119 
8 88 95 122 
16 42 88 89 117 
46 95 143 
40 48 95 111 143 148 
104 108 122 140 146 
128 156 
26 32 108 115 150 
36 42 47 68 120 131 147 
29 73 95 
19 92 
10 
4 93 99 107 
16 88 121 129 148 
9 10 24 34 95 
10 39 106 
115 135 
6 47 118 141 
4 46 82 85 97 126 135 
85 137 
56 
15 103 
6 71 99 101 121 
70 
78 80 141 
44 57 
15 80 127 134 138 
39 107 
22 26 31 78 114 115 
31 87 109 
9 72 76 92 118 127 135 156 
38 82 112 118 
39 72 74 96 105 108 125 
36 46 92 124 
66 79 90 
2 86 
9 28 29 
27 66 67 
4 24 32 83 116 149 
33 38 41 43 77 
27 49 50 61 115 143 
16 27 38 46 50 106 138 
82 91 96 126 
2 42 90 93 96 100 117 
11 58 78 81 98 
20 60 91 118 151 
147 
34 49 51 52 57 62 
80 90 91 
66 121 128 130 131 
92 112 
10 15 19 26 60 70 108 145 
91 117 122 129 130 146 154 
70 150 
104 114 131 
3 9 69 121 
34 53 102 148 150 
16 25 39 80 125 156 
11 12 33 63 89 125 
60 75 145 
16 19 53 55 80 99 
40 77 144 153 
18 130 
12 16 52 123 125 127 
79 98 118 127 
5 141 
33 76 102 
35 36 55 64 76 88 116 128 142 
4 86 115 119 142 
25 50 91 100 118 137 143 
65 78 79 93 112 117 141 147 
35 48 116 136 
13 34 56 
22 37 41 61 70 97 103 124 
28 49 53 100 150 
7 111 
16 40 81 121 
36 80 105 106 111 127 150 
4 9 15 66 90 148 
8 15 31 74 78 111 112 125 
2 7 54 97 115 
2 61 100 
10 12 30 38 97 100 110 155 
56 97 102 134 143 
10 143 155 
11 148 
74 131 143 
3 22 64 66 78 
18 119 
28 67 117 
12 74 89 144 
22 43 
26 53 
33 65 72 113 118 146 155 
115 116 154 
51 52 88 117 131 132 134 
12 22 46 109 138 
1 12 28 43 99 107 
15 53 100 141 
6 56 94 118 155 
28 52 61 104 126 133 
86 
13 22 55 101 104 122 125 
7 9 26 42 93 
1 
109 
15 38 100 142 
17 22 32 130 132 141 147 
12 32 54 78 105 
