169 424
73 148 168 
96 100 109 112 158 
33 46 82 83 102 111 153 
43 53 
9 47 51 86 163 
12 98 
17 23 63 72 107 154 155 
101 
5 
11 33 35 54 55 69 102 
10 27 37 60 65 82 84 102 127 
6 74 119 
16 26 46 77 79 118 125 151 
54 94 137 139 140 169 
34 45 98 107 
13 38 54 71 72 157 163 
7 26 27 37 60 63 109 116 117 119 128 
103 109 127 
42 81 111 164 
119 123 129 134 139 
33 47 96 112 
53 61 67 96 111 128 135 143 
7 41 131 161 
33 38 80 120 139 156 157 
51 102 126 156 
13 17 66 81 83 94 102 112 114 119 
11 17 28 61 80 99 103 134 
27 45 50 63 
40 64 96 107 
32 54 115 
53 73 117 
30 37 40 49 99 147 
3 10 21 24 105 149 
15 49 61 64 88 
10 41 75 102 144 
41 121 132 
11 17 32 40 68 84 121 
16 24 42 129 136 
46 104 155 
29 32 37 42 92 102 116 
23 35 36 52 71 148 
19 38 40 80 90 136 158 
4 56 65 96 110 121 128 
62 84 85 89 103 133 139 
15 28 50 53 85 94 102 105 109 
3 13 39 47 65 143 
5 21 46 70 99 
77 112 137 152 166 
32 34 51 113 117 162 
28 45 69 79 101 164 
5 25 49 63 113 
41 57 62 79 87 146 
4 22 31 45 84 113 150 
10 14 16 30 88 94 108 
10 63 67 79 123 141 
43 58 141 148 
52 109 124 
56 63 72 111 114 130 
70 83 108 136 
11 17 67 96 98 150 
22 27 34 63 81 122 128 143 159 
44 52 111 163 
7 17 28 51 55 58 61 71 115 131 
29 34 67 71 80 108 167 
11 43 46 66 70 75 152 166 
26 65 101 
22 55 60 64 131 
37 75 101 141 156 162 
10 50 95 99 
47 59 65 85 95 126 127 
16 41 63 64 119 143 
7 16 58 81 85 92 103 118 
1 31 102 117 127 145 167 
12 
35 65 68 106 160 
105 113 123 131 148 
13 48 90 113 128 138 
104 107 
13 50 52 55 120 138 143 145 166 
24 27 42 64 94 
19 26 61 72 152 
3 11 111 165 
3 26 59 117 138 142 
11 37 44 53 92 108 119 
44 45 70 72 127 
5 
52 141 
34 54 93 
44 90 95 135 
42 77 89 97 123 152 166 
124 148 
40 72 84 103 133 136 
88 96 99 100 165 
14 26 45 54 80 112 124 
69 70 89 105 107 115 
2 21 22 29 43 60 93 141 162 
90 138 
6 15 60 130 134 163 
27 32 47 69 93 122 
2 93 142 
8 50 66 68 144 152 
3 10 11 25 26 35 40 45 73 
18 27 44 72 92 123 
39 78 148 
33 45 76 95 118 125 155 157 
75 151 
7 15 29 78 95 119 146 158 
54 59 64 84 
2 17 18 45 57 137 147 
43 138 156 164 
3 19 22 58 62 82 
2 21 26 48 94 113 125 
49 51 53 76 77 112 153 
26 58 119 
30 63 95 124 148 153 
17 40 158 
17 31 49 73 83 125 
13 72 105 132 141 155 
12 17 20 26 71 84 107 114 148 150 
24 79 
36 37 43 135 146 
61 99 
20 55 76 90 103 136 
57 91 94 115 
13 105 112 117 148 
25 70 160 
11 18 70 73 85 154 
17 22 43 61 77 139 
20 38 142 150 
58 98 
23 63 67 76 
36 118 141 
44 92 159 
20 27 98 
22 89 121 154 
38 42 59 92 123 
14 48 109 
77 79 83 97 110 153 
14 20 24 44 128 
14 150 
55 56 68 87 96 118 132 154 
83 100 129 156 166 
22 46 61 71 79 154 167 
35 101 
73 79 
52 107 121 
32 109 167 
1 41 56 76 91 104 115 119 125 
33 
53 60 119 129 140 162 
13 106 
48 65 81 90 101 160 165 
3 113 115 138 157 
7 127 135 141 143 
7 39 105 118 
24 25 68 110 142 158 
16 24 105 153 
2 42 107 116 156 
61 133 
75 126 152 
23 
49 68 96 150 
5 16 62 98 
19 50 110 
82 93 152 
48 65 79 90 142 169 
64 73 143 147 
1 
14 166 
