173 436
11 35 42 57 123 160 164 10 
71 117 122 
15 45 117 141 160 
16 55 120 
14 85 
78 131 141 
11 22 77 108 130 138 151 
17 70 84 87 134 154 
45 
1 
1 7 74 83 92 129 
43 135 
43 60 64 73 76 95 97 
5 66 86 97 
3 25 63 64 71 95 162 
4 24 75 108 117 124 167 
8 67 88 97 104 166 
85 87 97 126 
20 40 75 118 
19 28 37 94 113 
34 38 50 168 
7 33 70 98 132 
46 96 114 119 123 132 
16 31 117 149 154 168 
15 50 78 102 117 140 
41 75 90 156 
29 53 80 105 128 146 151 
20 42 54 103 108 118 120 
27 75 131 135 154 166 
33 57 127 132 167 
24 57 103 146 170 
38 69 129 155 
22 30 118 
21 63 127 160 
1 51 82 
79 109 126 159 
20 135 172 
21 32 59 79 105 106 110 137 
63 71 
19 42 65 106 136 
26 43 93 114 126 134 142 
1 28 40 113 
12 13 41 103 126 150 
70 80 106 122 
3 9 118 124 143 162 
23 50 57 78 100 110 113 119 145 
54 74 75 90 130 151 
94 125 126 166 
58 60 82 137 142 
21 25 46 52 109 160 168 
35 126 151 162 
50 90 112 156 165 
27 74 135 
28 47 80 101 135 
4 140 145 159 166 
140 148 162 172 
1 30 31 46 152 
49 
38 78 137 
13 49 65 128 149 
112 171 
98 110 127 141 153 155 
15 34 39 79 88 121 131 158 166 
13 15 77 84 113 116 
40 60 86 164 
14 67 68 80 159 
17 66 88 
66 74 93 162 
32 88 
8 22 44 127 
2 15 39 81 90 123 129 
88 126 131 136 
13 86 
11 47 53 68 88 131 149 168 
16 19 26 29 47 92 130 134 149 
13 104 137 162 
7 64 121 144 
6 25 46 59 86 121 138 173 
36 38 63 125 135 155 
27 44 54 66 91 93 101 114 136 
71 102 124 134 150 
35 49 90 111 164 
11 152 170 
8 64 100 
5 18 109 116 
14 65 73 78 132 135 155 
8 18 150 158 
17 63 67 69 72 74 109 158 
133 
26 47 52 71 82 96 114 125 154 
80 105 144 148 
11 75 109 164 172 
41 68 80 96 112 137 141 152 163 167 
20 48 104 106 158 
13 15 136 147 151 160 
23 90 93 134 
13 14 17 18 153 
22 62 
100 109 
46 84 99 131 153 160 
54 80 104 118 161 
25 81 164 
28 31 43 124 
17 76 94 101 130 168 169 
27 38 91 
38 40 44 94 148 160 
117 138 
7 16 28 
36 50 85 88 92 99 111 127 161 163 
38 46 62 122 145 161 
82 109 155 157 
52 61 93 
20 42 46 64 166 
23 41 80 90 120 127 129 154 
136 152 
64 85 143 
2 3 16 24 25 107 122 126 131 170 
19 28 33 45 101 146 153 155 
23 46 
4 28 114 124 130 
63 77 78 148 153 
2 44 110 117 150 
1 23 71 147 
16 45 81 103 120 128 150 
48 79 90 139 148 
18 36 41 43 48 51 72 117 152 161 
30 34 62 70 109 114 166 
27 60 124 132 163 170 
11 32 71 114 168 
7 47 75 104 120 139 140 
6 29 63 72 74 100 117 135 
22 23 30 86 128 138 152 154 163 173 
89 166 
8 41 75 81 96 151 
12 29 37 53 54 79 86 131 162 164 
40 72 80 95 115 
38 49 59 76 93 138 
7 78 107 132 137 
125 130 
25 55 56 130 
3 6 62 93 162 
41 49 
45 116 156 158 163 
77 91 148 162 
46 55 110 
27 31 118 
95 123 
56 91 106 121 125 144 170 
24 60 74 75 150 
43 81 87 122 124 149 163 
7 27 47 51 95 134 
57 83 93 115 126 132 169 
62 97 100 118 121 
8 24 29 90 114 132 
32 62 79 86 111 118 164 
26 52 143 160 
111 158 165 
63 87 88 94 143 157 
36 55 66 166 
1 3 34 50 95 100 106 156 
101 109 110 126 163 171 
15 45 51 56 68 76 135 141 144 167 
93 109 128 132 143 150 161 
1 65 82 92 102 135 155 
52 157 
17 29 48 55 63 113 127 133 159 
16 30 93 162 
21 24 50 74 104 129 
104 152 
31 83 117 128 148 
61 161 
37 56 92 
78 132 
