169 453
18 48 54 89 96 130 159 162 146 
18 48 66 75 119 124 
77 95 109 
8 17 30 31 52 60 82 134 
9 35 95 167 
32 41 49 50 64 67 94 118 145 
11 74 
4 36 42 53 84 127 141 
5 60 94 111 122 151 153 160 
15 34 43 58 96 114 152 165 
7 23 94 
46 56 103 163 
27 36 56 93 140 
15 30 57 66 143 165 
10 14 17 36 41 53 98 104 115 133 
51 
4 15 54 70 100 
1 2 70 73 93 98 106 126 148 
46 76 126 
33 45 93 
55 75 98 
44 90 122 154 157 
11 41 59 75 83 93 139 144 156 163 
32 69 
46 72 82 88 102 110 114 128 145 
44 56 101 151 
13 30 77 90 110 168 
62 138 139 
37 42 44 53 75 96 105 118 120 151 
4 14 27 41 52 99 110 159 
4 36 61 97 136 147 159 163 
6 24 57 58 83 85 93 106 114 122 159 
20 76 77 82 101 124 125 144 
10 69 80 105 111 128 138 155 164 
5 41 144 
8 13 15 31 49 52 151 157 
29 49 50 81 169 
63 77 89 119 
41 73 74 76 82 115 156 169 
53 65 77 91 92 
6 15 23 30 35 39 86 
8 29 76 80 106 
10 108 132 161 
22 26 29 91 130 149 
20 62 115 152 168 
12 19 25 48 72 101 
72 100 111 117 165 
1 2 46 59 104 109 131 137 
6 36 37 68 85 110 116 118 142 
6 37 58 87 150 154 156 
16 78 
4 30 36 80 81 93 105 156 
8 15 29 40 65 89 
1 17 132 
21 72 79 90 105 135 157 158 
12 13 26 126 127 
14 32 76 96 100 144 155 
10 32 50 
23 48 69 164 
4 9 66 70 71 105 115 122 162 
31 65 119 
28 45 148 168 
38 82 92 99 
6 66 80 110 161 
40 53 61 79 102 123 142 
2 14 60 64 97 105 117 129 144 167 
6 155 157 
49 164 167 
24 34 59 115 131 148 
17 18 60 95 159 
60 90 105 110 160 167 
25 46 47 55 154 163 
18 39 78 79 87 123 
7 39 121 136 143 
2 21 23 29 101 131 149 
19 33 39 42 57 87 113 139 
3 27 33 38 40 104 114 117 147 148 152 157 167 
51 73 135 
55 65 73 
34 42 52 64 
37 52 92 116 126 134 169 
4 25 33 39 63 88 
23 32 95 101 105 130 
8 108 
32 49 124 
41 
50 73 76 
25 82 104 109 133 149 167 
1 38 53 122 138 
22 27 55 71 
40 44 158 
40 63 81 160 
13 18 20 23 32 52 136 153 164 
6 9 11 119 121 
3 5 70 83 102 167 
1 10 29 57 
31 66 111 
15 18 21 120 
30 63 122 126 
17 47 57 
26 33 46 75 83 109 133 
25 65 95 130 131 132 
12 131 
15 48 77 88 113 
29 34 52 55 60 66 71 83 125 138 151 
18 32 42 109 113 120 131 140 166 
143 158 
43 84 
3 48 88 101 106 117 137 147 152 
25 27 30 49 64 71 151 
9 34 47 97 115 
126 160 161 165 
76 104 106 132 
10 25 32 77 144 147 
15 39 45 60 69 111 125 138 155 
49 81 124 147 156 160 
47 66 77 109 137 158 
6 29 49 121 161 
2 38 61 94 154 
29 98 106 
74 94 118 150 154 163 164 
9 22 32 60 89 99 162 
65 73 131 151 
2 33 85 116 
33 105 115 
18 19 56 81 99 112 140 
8 56 144 152 
25 34 148 160 169 
66 157 163 
1 44 83 102 
48 69 75 102 103 106 123 
43 54 102 113 163 
15 88 101 166 
4 81 
55 78 
31 74 93 143 153 
48 109 117 162 166 
28 34 89 105 115 141 161 
23 28 76 167 
13 106 126 152 
8 138 
49 65 166 
14 74 107 136 153 
23 33 35 57 66 114 127 
6 25 160 161 169 
1 
31 77 109 114 116 
18 62 69 77 128 155 
44 75 88 
50 121 166 
9 26 29 36 105 110 123 
10 45 77 109 127 140 
9 93 136 143 
22 50 72 119 121 
34 57 67 115 148 
23 39 50 52 116 
22 36 55 67 77 129 
55 91 107 117 
1 30 31 32 70 
9 71 92 112 116 128 145 
43 64 112 118 138 145 
1 60 122 137 
12 23 31 72 121 129 132 
34 59 68 93 121 
10 14 47 112 
106 133 137 142 150 
5 66 68 71 77 88 95 139 
27 45 62 
37 39 81 128 145 
