165 359
21 24 36 52 64 92 116 121 152 33 
20 23 29 61 114 157 
12 60 91 132 134 
50 66 105 158 
77 115 150 
29 32 56 111 113 150 
39 46 54 116 121 
11 72 123 140 163 
24 82 
66 89 102 128 155 
8 78 100 
3 104 142 153 164 
54 79 113 145 154 165 
41 69 87 119 163 
27 94 112 147 
31 45 55 76 165 
21 25 64 123 
70 90 126 
39 68 93 106 129 158 159 
2 44 113 146 149 
1 17 122 
29 62 69 113 120 123 
2 28 
1 9 75 
17 37 79 129 153 
28 79 
15 74 137 155 
23 26 65 75 
2 6 22 114 164 
102 115 141 149 
16 108 128 136 147 
6 41 47 66 118 
1 103 
94 95 119 
121 125 143 157 
1 51 54 
25 54 
111 130 146 
7 19 62 135 160 
95 97 128 141 145 162 
14 32 47 54 66 78 121 
48 69 70 
84 161 
20 52 61 
16 78 149 
7 83 90 111 157 
32 41 104 108 
42 58 62 94 158 
116 
4 80 100 128 158 
36 122 144 
1 44 67 71 82 105 131 
86 101 106 138 
7 13 36 37 41 116 123 
16 
6 79 
66 
48 60 66 69 84 87 115 
107 122 
3 58 87 
2 44 62 86 156 
22 39 48 61 100 132 
96 130 164 
1 17 72 92 
28 78 130 
4 10 32 41 57 58 78 129 
52 94 107 
19 78 89 144 164 
14 22 42 58 104 114 116 121 
18 42 142 162 
52 94 98 104 150 
8 64 
84 111 151 
27 88 
24 28 108 
16 134 165 
5 151 156 
11 41 45 65 66 68 100 115 143 
13 25 26 56 85 111 123 164 
50 108 152 159 160 
162 
9 52 120 124 143 144 159 
46 
43 58 73 92 
79 116 135 
53 61 119 132 148 150 
14 58 60 100 105 141 
74 142 155 
10 68 132 
18 46 107 113 130 158 
3 129 
1 64 84 121 151 
19 97 129 159 
15 34 48 67 71 117 
34 40 101 114 118 138 142 165 
63 99 109 139 165 
40 93 108 109 
71 130 
96 117 125 
11 50 62 78 87 161 
53 95 
10 30 
33 
12 47 69 71 109 122 161 
4 52 87 142 
19 53 155 164 
59 67 90 122 132 134 139 
31 47 75 80 97 139 156 
96 97 104 118 143 155 
138 144 157 
6 38 46 73 79 128 141 155 
15 
6 13 20 22 90 120 
2 29 69 95 
5 30 58 78 142 157 161 
1 7 49 54 69 85 117 155 
94 99 116 127 160 
32 95 109 155 156 
14 34 86 
22 82 113 123 
1 7 35 41 69 92 134 158 
21 51 59 104 107 143 154 
8 17 22 54 79 120 
82 
35 99 140 143 151 
18 
117 144 154 162 
10 31 40 50 111 
19 25 66 91 93 
38 63 65 90 98 159 
52 140 
3 62 86 89 107 
136 
3 76 107 121 
39 85 160 
31 133 155 
27 145 
53 95 110 
96 107 108 151 165 
8 125 131 159 
30 40 87 111 
12 70 88 95 105 115 147 
35 78 82 109 122 125 
51 68 82 110 127 
13 40 137 
20 38 
15 31 142 155 
86 
20 30 45 
5 6 71 86 156 
73 77 92 125 139 162 
1 80 
12 25 156 
13 122 127 
10 27 88 106 109 111 116 118 136 147 
61 77 108 118 150 153 
2 35 46 110 115 160 163 
4 19 48 50 90 121 
19 80 82 93 130 140 
39 80 117 135 157 
43 100 104 115 
40 70 81 127 151 
8 14 157 
12 29 63 68 79 106 
13 16 76 95 96 139 
