156 346
2 9 15 32 60 102 109 
1 12 69 79 81 140 
11 14 44 117 140 
41 
29 32 54 94 149 156 
69 97 113 146 
8 60 75 82 142 146 154 
7 10 118 140 145 
1 12 13 69 100 106 
8 16 31 33 73 96 147 
3 13 79 86 95 115 142 
2 9 19 81 93 99 
9 11 40 67 93 101 148 
3 76 119 
1 53 62 74 78 106 
10 19 37 40 45 54 62 94 
76 131 
62 87 129 135 148 
12 16 27 68 105 
47 99 100 121 155 
50 127 
25 49 140 
36 47 101 122 127 
42 89 129 
22 41 117 125 
52 64 80 137 
19 47 147 
64 85 87 108 124 
5 39 75 113 149 
70 74 119 
10 94 148 
1 5 
10 104 148 150 
80 
40 64 91 144 
23 74 95 116 122 152 155 
16 119 124 132 141 156 
39 123 148 151 
29 38 49 50 116 135 
13 16 35 86 103 106 
4 25 148 
24 99 152 
60 78 111 122 151 
3 73 83 129 138 
16 118 
57 60 89 126 
20 23 27 56 57 59 108 
63 95 112 133 135 
22 39 86 107 120 153 
21 39 52 70 149 
93 112 
26 50 55 91 94 130 
15 68 98 103 153 
5 16 90 127 132 152 
52 61 100 105 107 116 120 134 
47 72 98 122 
46 47 65 70 91 97 101 
101 132 
47 77 80 110 132 134 
1 7 43 46 80 
55 
15 16 18 119 
48 
26 28 35 
57 78 80 104 146 154 
105 
13 142 
19 53 70 119 143 
2 6 9 74 108 120 
30 50 57 68 118 133 148 
103 154 
56 74 
10 44 110 149 
15 30 36 69 72 125 
7 29 142 150 
14 17 89 105 
59 79 99 
15 43 65 104 
2 11 77 85 87 92 117 
26 34 59 60 65 94 
2 12 89 120 145 
7 84 95 97 
44 126 153 
82 
28 79 115 116 
11 40 49 95 132 153 
18 28 79 98 103 
92 100 130 135 152 
24 46 76 81 96 148 
54 148 
35 52 57 93 128 
79 88 134 
12 13 51 91 95 119 149 
5 16 31 52 80 
11 36 48 82 86 93 100 114 
10 89 121 137 
6 57 82 142 148 149 155 
53 56 87 105 
12 20 42 77 125 
9 20 55 88 95 124 153 
13 23 57 58 140 145 
1 136 145 
40 53 71 87 144 
33 65 78 109 111 
19 55 66 76 98 126 
9 15 40 144 
49 55 
28 47 69 155 
1 104 121 136 
59 73 
43 104 
48 51 124 128 
6 29 135 
95 137 
11 85 121 135 
36 39 55 85 117 147 153 
3 25 79 116 129 
8 45 70 
14 30 37 62 68 93 
49 55 69 81 124 134 136 152 155 
20 96 109 115 
23 36 43 56 130 
38 
28 37 100 112 120 
25 74 99 130 
46 83 105 
21 23 54 128 
91 112 127 146 
18 24 44 117 
52 88 122 125 141 142 
17 133 149 
37 54 58 59 86 
48 70 131 141 
55 59 92 120 
18 39 48 88 113 115 
102 109 120 
26 96 114 
44 
141 144 153 
2 3 8 22 101 
37 130 133 139 
7 11 67 75 97 130 
68 
35 103 106 139 
8 81 101 102 
6 7 65 128 
10 27 116 
13 18 31 33 38 41 70 89 90 97 
5 29 50 73 93 97 131 
33 75 152 
38 43 
36 42 54 88 120 150 
49 53 83 86 100 116 139 
7 65 71 
20 36 97 108 120 
5 37 
