175 442
14 75 112 130 73 
19 40 98 106 114 
4 9 100 130 
3 19 35 79 103 122 126 144 
7 22 43 44 112 126 
72 136 139 159 
5 14 15 33 70 104 112 121 138 
50 169 
3 71 137 
70 90 129 139 146 172 
26 52 62 68 80 84 103 124 150 
38 40 43 66 81 172 
87 118 137 158 170 
1 7 37 97 102 104 165 
7 45 66 74 90 103 136 163 
78 162 168 
25 43 89 108 120 124 136 164 
63 107 153 
2 4 83 105 107 112 
157 
48 49 58 140 158 168 
5 133 
50 63 98 114 124 
160 
17 41 110 127 
11 35 48 51 59 103 132 133 
83 
76 87 104 
129 134 
48 78 121 142 172 
55 94 129 169 170 171 
106 
7 47 49 80 86 113 
163 
4 26 44 103 126 129 
44 97 122 128 
14 68 87 116 
12 41 47 
85 105 135 
2 12 70 76 92 94 107 132 
25 38 104 137 
103 
5 12 17 62 109 116 152 157 162 
5 35 36 49 74 80 
15 95 110 126 155 162 
142 172 
33 38 51 125 
21 26 30 68 94 99 145 166 
21 33 44 69 81 83 126 148 164 174 
8 23 92 103 106 141 151 155 174 
26 47 67 165 
11 57 66 87 115 125 133 
153 
65 85 121 163 167 
31 87 103 115 
83 98 135 
52 78 127 128 166 
21 67 140 171 
26 60 114 128 162 
59 109 116 
94 133 151 154 
11 43 97 154 165 
18 23 69 81 104 130 
82 83 122 
54 118 163 
12 15 52 97 111 115 151 
51 58 172 174 
11 37 48 87 91 97 126 166 168 
49 63 124 152 
7 10 40 87 111 141 
9 80 114 128 155 
6 101 142 151 
1 
15 44 126 132 175 
1 133 
28 40 81 83 119 121 163 
78 
16 30 57 77 80 87 119 147 166 
4 119 
11 33 44 71 78 129 137 164 
12 49 63 76 86 
64 84 94 127 135 152 160 167 
19 27 49 56 64 76 122 155 
11 82 105 165 
39 54 96 102 116 127 134 146 147 
33 81 102 114 119 129 147 165 
13 28 37 52 55 68 70 78 121 124 160 165 
93 105 114 
17 92 116 120 134 145 
10 15 117 136 145 153 
68 131 
40 50 89 106 
88 116 129 159 
31 40 48 61 82 95 144 152 
45 94 124 143 151 
85 107 
14 36 62 66 68 98 113 136 162 168 
2 23 56 97 147 
48 143 150 
3 108 151 161 
72 139 168 
14 85 86 139 153 
4 11 15 26 35 42 50 55 143 
7 14 28 41 63 
19 39 84 88 144 
2 32 50 92 127 
18 19 40 96 154 
17 100 133 142 149 165 
43 60 154 
25 45 130 164 
66 70 119 131 153 164 
1 5 7 19 115 135 144 155 158 164 
33 97 
2 23 59 71 86 88 126 149 169 173 
52 55 66 112 146 
37 43 60 85 89 93 144 145 
90 161 
13 65 122 151 162 
76 78 79 86 111 123 148 
17 89 122 
7 30 54 76 87 
4 36 64 83 118 120 171 
119 125 
11 17 23 69 87 95 159 164 
47 52 123 132 139 
4 5 35 45 49 68 74 114 141 
25 57 82 85 106 148 169 
36 57 59 71 
10 29 31 35 80 86 93 152 
1 3 63 110 148 
91 111 135 136 163 
26 40 74 125 
22 26 52 61 75 108 153 
29 85 89 
39 56 82 112 131 145 
6 15 17 90 97 131 141 156 169 
9 13 41 80 141 
7 139 
6 10 101 102 125 138 145 
21 58 153 
50 70 126 136 137 170 174 
30 46 72 108 
95 99 103 153 158 165 
4 94 105 112 116 
48 89 90 116 135 139 
10 85 115 166 
78 85 86 98 
49 119 127 130 
108 114 151 
11 99 
50 61 66 72 95 100 118 149 169 
43 69 82 94 129 172 
18 53 90 102 111 133 140 143 
61 62 107 109 
45 50 71 83 112 
136 
20 43 
13 21 112 143 164 168 
6 93 124 162 
24 82 87 
100 117 171 
16 43 45 59 97 118 159 174 
15 34 54 65 76 131 
17 49 80 110 111 112 124 158 
14 51 62 84 86 87 108 143 
48 57 68 78 146 
54 82 
16 21 68 97 101 158 169 
8 31 114 127 136 151 168 
13 31 141 
31 58 122 161 
10 12 30 46 67 152 
114 
49 50 67 141 162 
74 
