172 416
83 93 145 33 
3 11 50 82 
2 123 131 167 
55 132 
73 116 153 
11 30 37 60 79 91 112 
18 41 49 70 81 84 92 98 113 127 131 139 161 166 
53 84 92 93 107 
57 61 137 
75 99 
2 6 22 70 131 
27 48 64 105 120 137 138 
24 120 148 
30 90 112 118 
54 80 115 
36 80 136 152 162 163 
105 117 
7 54 59 
65 82 158 
24 30 39 113 
29 37 52 67 84 
11 58 142 168 
92 100 105 
13 20 45 119 121 162 
139 
94 107 123 151 
12 37 43 66 83 114 
56 89 119 
21 
6 14 20 112 163 
100 104 127 
68 123 154 165 
1 88 
59 60 144 169 
77 95 155 170 
16 90 113 
6 21 27 60 134 142 158 165 
152 
20 155 167 
84 164 
7 43 106 152 165 
113 147 156 168 
27 41 71 172 
99 113 
24 63 92 
78 101 129 149 157 
54 73 91 109 129 162 
12 49 60 98 111 113 128 145 161 
7 48 57 59 69 74 79 126 
2 64 71 75 107 110 144 
53 61 83 105 113 115 122 172 
21 119 170 
8 51 97 127 
15 18 47 
4 80 109 116 150 169 
28 66 79 163 
9 49 64 104 108 129 171 
22 146 151 
18 34 49 78 82 135 
6 34 37 48 118 137 151 
9 51 62 68 69 125 146 170 
61 65 92 
45 159 
12 50 57 93 128 
19 62 70 153 
27 56 151 
21 152 
32 61 81 104 130 136 137 
49 61 94 124 
7 11 65 74 90 91 114 126 129 149 
43 50 118 136 171 
82 101 114 126 166 
5 47 138 152 168 169 172 
49 70 80 119 131 139 163 
10 50 98 116 152 
81 116 154 
35 134 165 166 
46 59 119 136 139 156 
6 49 56 107 140 
15 16 55 74 140 168 
7 68 76 86 93 118 120 137 161 
2 19 59 72 97 98 131 157 171 
1 27 51 130 161 171 
7 8 21 40 91 100 101 
167 
81 109 166 
112 167 169 170 
33 
28 107 131 137 140 167 
14 36 70 100 153 
6 47 70 84 108 128 151 
7 8 23 45 62 101 124 137 
1 8 64 81 119 123 148 
26 69 99 146 160 168 
35 131 135 
151 153 
53 82 112 130 
7 48 75 82 132 142 
10 44 94 155 156 
23 31 84 90 
46 72 84 92 125 172 
107 114 
159 
31 57 68 150 165 
12 17 23 51 114 
41 140 153 
8 26 50 79 89 102 127 151 168 
57 91 141 160 167 
47 55 86 146 
50 153 161 
48 158 
6 14 30 87 97 
7 20 36 42 44 48 51 123 
27 70 72 102 105 154 
15 51 144 
5 55 75 76 117 128 146 171 
17 116 125 130 170 
14 60 71 81 119 123 
24 28 52 74 78 93 118 147 159 
12 13 81 
24 130 131 
51 133 
3 26 32 93 113 118 
69 92 145 171 
61 101 117 127 134 
49 70 72 130 131 145 151 158 
7 31 53 107 125 131 152 
48 64 91 116 153 160 
46 47 57 70 131 
68 83 97 117 121 126 153 169 
3 7 11 74 82 89 95 121 126 127 129 135 139 
4 98 156 
122 
37 77 125 165 
59 95 131 143 
16 68 71 78 158 169 
9 12 60 68 81 89 92 151 162 
12 73 149 
7 25 74 78 131 
79 80 89 106 
108 
22 37 98 166 
135 
34 50 115 160 162 
1 48 124 126 146 147 
58 61 94 109 116 145 164 172 
42 119 145 
13 93 
46 70 138 158 
55 104 
26 58 60 66 91 96 107 126 137 
16 38 41 67 73 75 127 157 160 172 
5 65 90 96 106 110 128 130 
32 76 114 
35 39 99 
42 78 99 132 
46 82 152 
19 37 111 126 136 149 
63 103 119 172 
94 108 128 144 152 
7 48 81 83 110 
16 24 47 137 144 170 
16 30 56 74 166 
40 146 171 
32 37 41 77 104 134 
7 72 77 86 142 163 
3 39 85 87 89 108 
22 42 73 80 94 107 
34 55 73 87 130 136 
35 52 61 87 117 162 
57 71 82 83 116 124 164 
43 51 73 101 146 152 159 
