157 383
29 61 64 74 
13 34 42 46 56 106 139 
21 22 31 45 147 
12 68 105 
150 
9 24 61 103 105 118 144 
46 65 92 99 135 
12 18 24 41 115 
6 22 35 69 134 139 
24 36 37 71 130 
32 52 
4 8 17 43 58 86 137 
2 43 65 121 
82 83 115 
47 148 
47 70 
12 30 102 129 
8 37 54 61 90 127 
27 93 109 122 138 
26 85 101 121 141 
3 29 
3 9 85 99 
42 43 60 80 92 93 
6 8 10 73 88 94 102 113 
66 80 92 93 112 123 132 
20 48 61 76 146 
19 46 50 75 76 120 121 135 137 
50 52 57 95 126 136 150 
1 21 42 85 109 112 120 135 
17 81 
3 35 52 66 112 136 
11 33 49 86 88 106 139 
32 146 
2 122 139 153 157 
9 31 106 110 114 125 
10 42 64 71 114 
10 18 42 89 92 131 133 140 148 
57 75 77 82 86 90 93 98 144 156 
126 142 
43 91 105 132 
8 54 112 116 135 
2 23 29 36 37 59 87 108 146 
12 13 23 40 94 100 143 153 
47 54 
3 134 
2 7 27 65 73 114 137 154 
15 16 44 68 141 
26 140 
32 78 122 130 136 156 
27 28 
124 140 
11 28 31 53 57 111 117 120 136 
52 60 66 93 113 139 145 
18 41 44 64 71 87 103 129 145 
109 157 
2 82 149 156 
28 38 52 58 62 110 147 
12 57 157 
42 135 
23 53 77 82 122 149 
1 6 18 26 67 
57 68 81 94 147 
90 108 118 122 
1 36 54 115 
7 13 46 96 113 133 136 138 
25 31 53 135 136 148 
61 93 105 
4 47 62 83 95 
9 112 128 
16 76 104 109 114 145 
10 36 54 
117 138 
24 46 112 151 
1 119 
27 38 80 132 133 
26 27 70 82 106 133 
38 60 88 112 132 
49 94 118 
140 146 
23 25 75 85 88 99 145 
30 62 
14 38 56 60 76 89 106 107 
14 68 114 
91 157 
20 22 29 80 95 
12 32 38 102 153 
42 54 88 113 136 154 
24 32 77 80 87 
37 82 146 150 
18 38 63 
40 84 121 136 147 
7 23 25 37 93 106 137 
19 23 25 38 53 67 92 108 134 138 
24 43 62 78 116 153 
28 68 85 106 124 132 135 146 151 
65 99 135 157 
117 129 138 141 
38 102 104 132 
7 22 80 96 104 
43 108 117 155 
20 128 154 
17 24 86 98 142 
6 54 124 131 153 
70 98 99 132 141 
4 6 40 67 116 126 
2 32 35 76 82 92 95 153 
82 
42 63 93 100 114 142 
19 29 55 70 123 156 
35 57 126 141 148 152 154 
52 115 116 152 
25 29 31 41 69 73 77 118 153 
24 53 65 87 
35 36 46 70 83 108 129 
8 14 64 111 129 133 
41 94 105 111 
52 72 97 100 134 135 
6 63 78 112 134 135 144 
74 
27 29 52 136 145 
13 20 27 91 138 
19 34 49 60 63 
25 109 
51 95 103 
35 127 
28 39 105 110 157 
18 125 
69 101 
17 54 97 114 115 
10 49 
37 103 156 
25 40 75 77 95 98 104 
37 65 75 76 115 
9 45 93 117 118 148 
7 27 29 41 59 66 95 96 117 118 
28 31 49 52 65 66 87 91 120 140 142 153 
12 27 46 92 
19 65 72 93 97 121 
2 9 32 34 53 
37 48 51 79 136 
20 47 97 104 110 
39 102 108 136 
43 
6 38 118 
53 54 70 80 120 
26 33 42 79 89 95 
3 57 62 91 
15 37 66 110 134 153 
56 60 
5 28 89 
73 95 
110 111 156 157 
34 43 86 94 103 106 112 136 148 
46 87 101 110 155 
100 154 
38 49 56 109 131 152 
34 55 58 84 96 126 152 
