136 286
31 35 48 124 135 3 
47 58 68 116 
1 122 
7 77 
29 51 63 71 92 103 135 
68 97 102 
4 39 72 77 98 
11 51 61 84 128 135 
24 83 
15 21 43 115 135 136 
8 12 29 32 39 124 
11 96 106 
16 26 36 60 87 93 97 115 133 
35 47 101 106 129 136 
10 39 58 80 
13 64 97 109 126 
66 70 74 78 102 117 
68 115 133 
57 79 82 114 
41 69 73 87 106 115 
10 23 27 72 
61 99 
21 65 67 
9 66 97 112 
40 41 69 77 115 
13 29 33 35 65 105 
21 
33 74 113 
5 11 26 
32 86 92 95 
1 35 80 121 130 131 136 
11 30 33 67 80 111 131 134 135 
26 28 32 74 
77 102 
1 14 26 31 83 85 123 
13 100 101 107 
98 136 
73 102 105 124 
7 11 15 73 82 90 105 
25 71 98 125 
20 25 77 111 134 
66 70 84 131 
10 45 56 73 76 89 121 
116 
43 105 108 124 
53 128 
2 14 90 
1 56 61 89 
52 
66 119 128 
5 8 117 121 125 
49 91 92 94 111 114 116 
46 103 123 
93 
97 105 107 132 133 
43 48 82 88 
19 97 
2 15 62 91 94 127 132 
67 124 
13 93 
8 22 48 77 78 80 131 
58 134 
5 
16 83 91 112 128 
23 26 93 127 
17 24 42 50 73 104 121 
23 32 59 82 
2 6 18 96 99 
20 25 100 109 116 
17 42 74 107 
5 40 74 
7 21 100 110 
20 38 39 43 66 107 130 
17 28 33 70 71 118 
112 128 133 
43 98 108 
4 7 25 34 41 61 
17 61 84 89 
19 101 115 132 
15 31 32 61 104 114 116 123 
85 
19 39 56 67 85 115 
9 35 64 114 
8 42 78 108 111 120 
35 81 82 102 113 133 
30 127 
13 20 89 
56 
43 48 78 87 
39 47 119 
52 58 64 
5 30 52 112 128 
13 54 60 65 108 
52 58 123 
30 109 116 
12 68 120 
6 13 16 24 55 57 131 133 
7 37 40 76 100 
22 68 
36 69 72 98 133 
14 36 79 132 
6 17 34 38 85 114 
5 53 108 133 
66 80 
26 38 39 45 55 129 
12 14 20 112 
36 55 70 73 
45 76 84 93 103 
16 69 95 
72 130 
32 41 52 84 
24 64 75 92 106 126 135 
28 85 
19 52 80 83 102 135 
10 13 18 20 25 79 82 
2 44 52 69 80 95 
17 51 
74 127 
50 90 
84 96 
31 43 51 66 
3 
35 53 80 94 
1 11 38 45 59 131 
40 51 
16 112 
58 65 86 118 
8 46 50 64 75 92 
14 105 
31 73 110 131 134 
31 32 42 61 97 124 130 
55 58 79 101 
13 18 55 75 85 97 100 103 
32 41 62 130 
1 5 8 10 32 112 114 
10 14 31 37 
