143 303
13 17 20 40 51 112 116 
116 128 137 
52 66 128 
77 86 109 
13 15 
11 38 115 123 
57 84 
56 91 95 103 126 136 
35 87 119 
16 18 38 83 89 106 126 128 
6 40 58 
27 60 73 88 
1 5 17 35 44 103 121 122 125 
29 67 68 102 134 
5 17 110 113 140 
10 48 58 137 
1 13 15 85 89 108 
10 55 80 102 109 117 120 
26 45 83 142 
1 38 62 110 
111 
101 134 
28 58 61 68 80 
46 54 57 62 
43 75 
19 41 54 60 112 129 
12 86 104 110 124 141 
23 44 
14 53 85 138 
116 
35 134 137 143 
53 
47 52 108 117 
55 57 
9 13 31 89 90 121 
132 
71 75 81 
6 10 20 139 
49 85 108 
1 11 57 105 108 124 137 
26 79 101 132 
92 109 136 139 
25 92 110 116 
13 28 47 71 76 86 
19 100 
24 60 119 126 
33 44 57 
16 122 137 
39 60 118 123 
54 61 
1 74 
3 33 95 127 
29 32 116 126 133 
24 26 50 68 69 75 
18 34 96 97 125 
8 98 109 112 
7 24 34 40 47 100 112 124 
11 16 23 88 93 110 116 132 135 
83 
12 26 46 49 111 123 125 
23 50 70 81 88 101 122 132 134 139 
20 24 97 104 
107 108 118 128 
109 
69 84 94 
3 70 126 129 133 136 
14 80 128 134 
14 23 54 88 100 137 142 
54 65 113 
61 66 82 115 119 
37 44 72 106 
71 84 117 125 
12 75 78 114 119 
51 102 135 
25 37 54 73 107 
44 97 122 
4 
73 89 91 
41 82 94 
18 23 67 105 
37 61 110 119 122 
70 79 116 119 135 
10 19 59 
7 65 72 131 
17 29 39 90 
4 27 44 
9 120 
12 58 61 68 
10 17 35 78 113 
35 85 93 96 
8 78 97 122 
42 43 111 121 
58 90 130 
65 79 117 123 
8 52 113 117 128 131 
55 90 132 143 
55 62 76 91 
56 
127 
45 57 68 104 114 125 
22 41 61 127 
14 18 74 140 
8 13 
27 62 100 
40 80 122 131 
10 71 113 
63 75 
17 33 39 40 63 126 
4 18 42 56 64 131 
15 20 27 43 58 81 131 135 
21 60 92 112 
1 26 56 57 111 126 133 139 
15 69 89 95 106 123 
73 100 120 125 
6 70 123 
1 2 30 43 53 58 82 118 
18 33 72 94 95 
49 63 116 
9 46 70 73 81 82 126 143 
18 87 114 
13 35 92 
13 48 61 76 81 91 105 135 138 
6 49 60 94 113 115 124 129 
27 40 57 123 
13 55 60 72 100 114 
8 10 46 53 66 108 112 119 
52 99 101 
2 3 10 63 67 95 130 
26 66 123 130 142 
93 128 129 
84 95 105 109 110 
36 41 58 61 96 
53 66 112 
14 22 31 61 67 
58 74 82 110 122 
8 42 66 
2 16 31 40 48 68 138 
29 122 137 
38 42 61 112 
15 102 143 
27 
19 68 129 
31 96 119 140 
