124 217
8 61 66 14 
13 51 59 62 99 101 
81 94 98 
51 55 93 116 122 
25 85 97 103 115 116 123 
8 122 
36 65 81 118 
1 6 86 92 114 
89 94 
44 74 112 
12 70 124 
11 17 41 100 114 
2 43 83 
1 117 
75 105 115 
45 73 74 80 
12 35 43 75 110 
68 75 
21 78 
51 54 88 119 
19 41 58 61 63 82 100 
37 46 56 59 
118 
45 
5 74 97 
46 123 
40 68 72 102 
42 76 97 
49 91 
99 121 
112 
51 113 
52 66 87 
68 70 99 
17 46 62 100 114 
7 100 119 
22 44 53 56 102 115 
82 106 
103 111 122 
27 82 100 
12 21 56 72 80 116 
28 
13 17 
10 37 48 59 
16 24 78 96 
22 26 35 92 114 
69 
44 55 93 94 
29 82 90 
88 122 124 
2 4 20 32 63 113 
33 56 84 87 100 
37 57 78 97 
20 70 103 
4 48 70 85 
22 37 41 52 
53 85 115 
21 97 107 118 
2 22 44 65 90 
83 
1 21 70 81 82 
2 35 76 90 
21 51 
82 124 
7 59 85 102 
1 33 96 103 
75 87 108 
18 27 34 91 101 
47 106 
11 34 54 55 61 76 
101 
27 41 82 
16 76 
10 16 25 84 86 113 
15 17 18 67 84 118 
28 62 70 73 109 114 120 
111 
19 45 53 108 124 
90 
16 41 101 
3 7 61 
21 38 40 49 61 64 72 92 
13 60 85 
52 74 75 97 105 
5 55 57 65 83 
8 74 120 
33 52 67 
20 50 
9 
49 59 62 79 
29 68 108 123 
8 46 82 
4 48 102 
3 9 48 104 
103 107 
45 66 112 
5 25 28 53 58 84 123 
3 122 
2 30 34 
12 21 35 36 40 52 121 
2 68 71 80 
27 37 65 93 103 
5 39 54 66 95 102 108 
94 106 115 
15 84 
38 69 104 
58 95 123 
67 78 91 103 
76 112 
17 
39 77 
10 31 96 109 
32 51 74 
8 12 35 46 76 
5 15 37 57 104 
4 5 41 
14 
7 23 58 75 
20 36 
76 86 
30 100 
4 6 39 50 98 
5 26 91 97 107 
11 50 64 78 
