45
37
37
13
13
33
20
33
32
32
46
13
37
10
27
43
30
1
8
7
29
46
42
19
24
20
5
37
16
35
19
9
4
37
36
33
18
46
8
47
41
29
40
8
6
16
4
13
14
13
15
20
14
18
5
11
16
4
38
14
19
26
27
11
24
43
36
30
40
43
2
39
39
42
9
1
36
25
16
3
29
35
23
18
1
15
7
6
16
23
3
45
35
17
17
22
14
36
4
40
44
5
4
43
6
47
35
43
9
36
35
21
39
47
40
30
23
42
36
38
17
3
27
5
29
23
28
42
7
31
41
43
36
11
1
45
11
25
4
38
10
29
40
21
16
8
6
9
3
26
46
44
4
24
3
15
16
17
32
27
3
8
6
24
19
13
19
9
18
19
31
22
10
47
28
46
11
5
31
27
11
3
37
1
13
41
32
15
14
44
4
3
18
12
7
13
2
39
13
17
9
37
12
36
1
37
8
6
44
11
30
46
31
10
38
17
27
6
29
31
26
42
11
25
17
36
32
9
18
26
13
17
28
20
5
19
33
30
1
7
2
20
25
26
23
27
44
30
25
45
23
24
33
18
10
38
34
28
20
21
24
14
46
30
29
36
12
25
1
26
4
18
46
29
41
6
0
33
9
25
32
31
19
45
38
32
39
35
45
31
31
24
27
23
26
29
31
32
37
6
25
39
15
32
36
19
44
13
11
40
22
25
6
43
43
5
38
6
23
44
37
29
18
27
15
22
20
28
42
14
36
30
44
11
6
6
28
45
27
8
45
30
28
4
17
40
35
32
27
32
26
34
29
46
21
30
45
47
9
43
42
44
2
1
1
24
39
2
17
14
16
32
22
23
17
1
42
1
7
44
43
43
29
44
35
4
14
14
27
0
5
22
38
39
8
40
40
11
7
41
42
2
9
0
33
41
41
15
10
13
39
24
27
9
44
3
10
3
6
5
19
1
25
35
38
34
36
44
34
2
23
36
4
37
0
22
10
46
9
1
14
22
1
8
24
26
41
17
28
1
21
12
6
22
21
32
13
15
15
39
35
35
0
15
2
33
2
45
17
18
33
20
2
31
22
18
30
16
33
7
8
16
2
32
20
3
3
30
11
34
39
12
0
27
15
27
8
35
16
28
34
28
26
47
29
22
41
21
34
9
20
19
44
26
29
31
18
47
4
23
33
7
16
47
13
20
12
26
3
34
18
3
36
40
5
39
32
26
46
5
40
14
13
34
20
15
35
12
25
35
12
27
24
15
43
32
9
37
12
35
21
34
43
43
32
0
20
46
45
15
12
23
23
21
45
31
45
35
23
9
29
32
37
1
19
27
8
39
15
21
39
31
41
20
17
46
5
25
45
23
41
15
17
6
11
26
35
33
38
42
46
19
25
44
38
34
17
1
24
7
14
31
4
20
47
11
4
38
10
7
11
42
10
4
34
18
10
44
43
31
6
9
21
33
43
12
19
38
35
33
10
25
25
0
8
6
38
10
7
42
5
32
41
14
4
13
16
18
0
42
22
24
1
19
36
21
38
10
34
33
8
21
30
11
6
43
17
40
43
5
38
34
28
7
12
2
29
18
24
28
47
0
15
24
14
0
46
10
24
24
42
39
5
26
39
19
25
2
41
22
47
40
24
0
26
17
47
15
32
46
18
21
39
44
27
47
47
44
10
12
36
16
28
39
16
20
25
43
32
44
5
26
24
26
16
21
8
2
46
33
28
33
31
43
42
47
45
9
23
37
37
12
18
25
31
3
4
23
30
0
28
37
15
38
9
16
33
19
4
0
33
20
28
10
47
21
1
37
13
31
37
36
2
10
29
32
4
0
16
3
39
5
12
0
45
21
43
45
37
21
2
40
47
7
39
28
34
46
47
34
23
26
24
37
44
40
12
19
18
8
23
6
9
10
19
29
22
15
5
45
42
6
13
31
37
5
47
21
45
46
3
47
19
11
35
0
7
22
14
24
20
1
44
23
22
18
35
16
12
35
41
23
32
47
32
10
11
14
35
2
3
46
43
33
13
42
17
5
4
44
1
11
42
10
10
13
41
33
46
20
41
10
47
7
9
43
25
5
29
27
30
34
34
35
3
30
30
40
34
27
30
18
7
9
30
31
22
40
21
43
39
22
8
34
44
25
15
39
38
39
6
13
39
0
41
15
41
7
21
8
27
14
17
30
46
36
31
26
35
5
30
5
29
19
2
14
12
11
18
4
3
41
25
22
13
19
20
6
11
40
22
0
24
21
4
3
31
28
23
4
47
7
5
27
0
7
10
35
7
39
22
38
21
14
8
21
46
29
38
2
1
29
20
39
30
33
43
11
10
27
24
20
4
14
28
22
5
24
16
0
17
4
17
44
3
24
6
37
12
30
20
24
3
9
4
38
8
21
7
27
16
16
40
23
13
36
40
23
33
5
20
15
8
7
28
2
37
2
12
18
41
17
39
15
1
36
28
28
36
47
14
28
32
34
31
31
1
17
30
36
36
17
40
8
37
12
21
22
4
29
13
28
34
17
14
33
25
36
47
11
26
34
10
46
34
8
6
41
18
5
9
12
41
45
42
11
40
35
28
8
2
5
8
21
33
22
20
42
22
18
47
7
17
40
44
32
23
38
34
44
21
38
23
42
9
37
27
16
26
38
9
11
45
30
30
30
36
23
13
6
35
37
5
8
23
16
45
8
3
6
0
45
25
1
2
13
31
29
42
8
2
47
3
25
20
45
21
11
37
12
33
32
7
11
23
27
22
0
10
5
26
4
43
29
45
13
42
34
41
3
23
36
27
46
26
13
35
20
16
38
16
25
19
28
26
31
47
18
40
35
14
21
27
2
3
13
45
24
15
0
44
35
34
7
0
34
19
10
20
7
41
33
19
25
16
14
28
27
47
44
26
2
40
36
20
11
32
13
45
26
42
19
39
34
47
12
45
30
26
12
18
42
5
45
31
41
23
40
14
31
2
15
38
35
25
43
12
28
29
1
42
28
25
46
44
32
9
38
8
42
15
34
40
43
30
2
31
12
1
29
36
30
22
33
40
8
12
0
29
6
11
7
41
14
33
42
47
14
17
15
26
19
15
37
33
20
32
28
17
9
24
34
22
3
20
0
18
40
4
19
18
10
9
45
11
24
39
0
19
14
2
45
42
38
3
7
41
32
46
2
27
14
12
6
37
16
7
18
46
20
29
17
8
39
16
6
42
14
15
26
38
17
1
37
36
3
35
33
19
46
26
21
25
38
40
1
44
12
39
11
29
1
2
22
46
7
25
5
13
43
16
42
22
10
41
43
43
46
41
29
0
0
6
30
41
27
31
4
19
40
10
38
31
22
16
37
25
36
44
8
26
41
28
9
9
23
15
