36
54
42
31
25
43
16
41
63
56
60
24
42
11
48
36
56
2
15
13
51
47
49
18
56
24
7
54
16
59
26
11
4
46
58
43
23
33
14
37
33
50
53
14
13
16
4
27
21
27
18
17
20
19
7
11
21
7
59
20
17
58
48
11
40
38
52
40
52
55
3
56
33
55
11
2
34
60
16
7
60
63
28
27
2
23
14
11
22
27
7
39
43
26
20
21
20
41
5
49
56
7
6
32
10
39
41
55
12
55
47
20
50
37
61
46
26
50
58
61
28
7
32
7
60
31
47
37
9
63
45
32
37
12
2
49
8
61
5
39
9
51
35
22
27
15
14
12
4
32
39
56
7
33
4
18
31
28
46
63
4
15
15
32
17
25
19
12
30
16
55
30
8
32
54
45
8
6
44
48
12
6
42
2
24
44
62
21
19
56
5
4
29
23
10
28
3
42
24
22
13
60
17
43
2
45
15
10
42
8
44
42
35
15
62
16
51
13
49
35
59
52
11
54
27
37
47
12
21
61
25
18
61
24
6
17
43
40
2
9
3
18
54
40
29
57
62
40
35
57
19
35
45
28
8
49
63
54
26
29
53
25
45
40
54
36
23
50
3
36
5
27
39
54
34
11
1
36
12
61
62
33
16
36
58
49
45
49
54
49
59
53
51
19
61
43
56
45
42
13
45
56
22
63
41
17
53
24
9
52
30
45
14
56
38
6
59
10
29
41
57
49
27
43
19
31
18
51
48
17
43
51
42
10
12
10
53
53
48
15
34
43
53
4
23
47
41
55
48
63
48
35
48
35
21
47
36
63
13
33
49
33
0
3
2
49
56
0
25
20
18
62
30
27
21
2
47
0
10
38
32
32
34
40
33
5
20
31
34
0
7
30
42
45
15
52
55
9
15
42
37
3
13
1
41
57
46
28
9
20
48
50
48
13
38
7
8
4
14
7
17
2
58
41
59
62
34
32
35
3
29
58
5
57
1
28
8
37
13
0
28
28
2
14
56
40
44
25
50
3
31
17
10
28
29
62
25
18
23
60
41
41
1
21
3
50
0
47
31
23
50
29
3
59
29
16
63
25
54
10
14
20
2
62
26
5
7
40
8
49
42
20
1
59
18
48
15
41
23
51
47
47
36
57
49
29
44
29
45
12
18
30
56
36
59
57
29
57
5
26
43
8
21
39
24
18
22
36
4
46
21
7
37
52
7
59
46
60
48
4
53
19
19
44
23
22
41
31
40
41
25
35
39
18
53
58
11
52
17
56
29
63
51
36
62
0
26
33
36
22
31
28
26
30
59
44
57
50
28
13
50
40
35
2
17
48
14
44
21
20
43
56
35
26
23
37
6
54
52
26
39
23
28
12
10
61
46
46
50
61
38
16
62
37
61
42
19
0
32
13
24
48
5
23
39
9
5
39
8
14
11
37
8
5
34
16
9
32
38
33
10
13
25
51
32
28
19
33
40
50
9
63
61
0
15
13
61
9
15
59
7
62
45
24
6
23
17
27
1
61
29
50
2
25
58
27
57
8
61
46
14
22
44
9
15
38
16
55
36
6
33
61
45
11
31
3
43
23
43
44
47
1
22
35
24
1
58
8
32
52
51
60
5
60
33
19
56
0
44
29
37
52
57
0
61
24
56
17
62
35
21
21
55
36
32
57
50
41
8
23
43
22
62
47
17
26
63
56
56
48
6
60
43
39
31
30
15
3
55
52
51
45
62
55
53
37
36
12
21
57
43
22
27
35
59
4
4
18
47
0
62
42
16
32
12
22
58
19
4
1
34
24
51
12
61
29
0
38
25
62
46
47
1
9
38
49
5
0
22
4
42
6
17
0
48
30
38
54
47
27
0
60
57
9
54
44
42
38
37
42
26
36
51
62
41
52
16
19
29
14
27
14
12
9
19
34
28
18
7
38
39
12
25
34
42
6
46
27
34
39
7
37
17
11
40
0
10
28
24
50
26
2
35
28
30
23
41
22
23
49
53
22
38
57
63
8
8
25
58
2
4
38
32
34
24
39
23
6
4
46
3
10
46
9
8
23
53
54
35
18
37
9
39
13
13
47
63
6
54
51
45
45
43
47
4
40
47
52
60
57
44
21
10
13
49
59
30
49
29
35
49
26
14
63
37
63
21
42
63
63
12
27
46
1
46
18
36
14
29
15
35
24
31
53
35
60
59
61
56
6
47
6
59
19
3
19
17
12
28
5
4
52
58
19
25
30
18
10
11
61
28
1
45
30
5
7
48
51
29
7
38
13
6
54
0
13
8
59
10
49
26
47
20
19
15
30
55
44
58
0
2
40
23
36
40
41
32
11
9
48
50
18
5
17
51
30
4
48
20
1
19
5
16
53
5
53
14
60
17
59
17
35
7
12
5
47
14
30
10
40
22
20
55
22
25
34
52
28
50
6
26
31
14
10
33
3
35
0
26
21
36
23
60
21
2
57
54
54
48
32
22
51
58
45
46
59
2
16
38
53
52
16
52
11
52
25
20
24
4
38
24
54
43
21
19
34
63
43
34
9
58
42
11
39
38
10
13
49
16
7
12
22
44
34
37
11
52
62
51
14
0
6
15
20
51
31
18
53
27
26
37
14
16
32
38
46
26
33
46
62
30
33
29
62
13
44
45
27
32
39
13
9
53
56
47
38
43
27
24
12
41
46
6
11
31
20
57
15
6
14
1
36
50
0
3
24
34
50
52
15
3
60
6
63
26
39
29
8
42
28
51
62
10
11
18
63
30
1
8
7
60
5
32
40
34
24
37
38
44
5
22
45
48
46
40
25
41
23
31
59
20
63
18
33
60
46
39
23
55
40
21
27
54
3
4
20
57
58
31
1
38
41
33
13
1
38
19
8
17
14
44
55
17
62
27
31
53
54
60
41
61
3
35
48
23
11
43
25
52
60
61
16
53
58
57
17
52
57
41
25
26
55
7
33
46
33
29
55
21
59
3
18
34
63
62
53
28
63
59
2
54
53
61
37
44
58
12
50
14
55
21
42
52
51
47
3
59
22
2
43
58
45
31
39
55
15
20
0
39
10
9
10
44
25
34
55
39
19
24
18
33
19
16
47
54
26
41
60
31
12
50
42
28
6
29
0
21
36
5
16
27
9
12
60
8
50
43
1
19
20
3
59
51
32
4
10
34
51
34
3
57
30
31
10
54
31
15
25
58
26
39
31
15
56
20
11
54
24
23
45
36
25
2
57
43
4
58
50
30
45
32
20
35
33
35
1
33
31
56
9
49
2
0
30
55
9
60
6
24
49
22
37
30
8
44
53
34
48
39
49
1
1
15
46
36
40
58
5
16
55
11
40
44
30
16
61
40
37
44
14
58
43
51
13
11
27
27
