9
3
0
52
13
54
58
12
5
48
35
29
46
50
54
28
12
33
36
18
17
47
12
40
53
49
17
18
55
30
15
11
16
11
26
46
40
31
17
5
15
9
54
24
59
34
39
53
61
4
46
41
49
47
22
57
39
5
0
31
8
4
16
0
55
11
25
44
4
31
9
14
42
45
26
5
6
9
10
27
31
50
57
62
25
39
11
20
37
18
7
43
54
17
39
51
3
56
60
18
32
53
45
41
3
13
34
18
16
9
0
42
55
29
63
32
32
8
35
52
34
52
5
20
43
13
61
8
33
30
49
19
0
19
28
51
26
24
12
11
50
12
5
27
38
42
40
14
2
60
54
31
62
50
53
41
8
16
63
6
49
49
22
8
21
44
43
51
13
53
27
10
33
8
38
47
38
0
0
48
52
13
32
53
42
11
33
9
14
57
29
8
59
27
29
51
15
35
60
19
20
22
23
53
12
22
51
9
54
20
3
39
20
21
21
44
0
15
40
34
48
36
0
7
3
52
43
43
41
14
31
15
46
19
16
26
1
43
14
58
19
39
9
61
62
0
34
40
17
53
10
43
59
61
20
36
52
14
35
41
13
16
27
57
30
18
52
2
62
21
30
18
45
26
14
50
41
41
51
36
9
20
26
59
39
11
56
43
40
16
8
19
60
6
57
31
50
8
23
57
14
27
57
53
15
31
14
47
14
53
35
32
17
43
11
19
3
39
60
44
12
32
33
36
56
58
15
43
41
54
11
58
54
57
23
35
45
45
56
23
38
23
27
61
4
26
33
31
47
37
3
1
27
11
26
18
5
63
63
59
3
55
61
33
4
12
51
48
51
27
59
16
62
29
22
9
61
47
19
48
10
40
25
18
38
36
63
1
48
49
15
34
43
8
17
46
5
40
52
29
62
49
13
49
27
38
45
41
39
48
3
23
42
45
1
25
49
15
41
46
14
2
63
28
40
37
11
4
38
39
6
24
6
21
16
16
26
9
52
4
48
50
31
51
54
38
33
25
33
1
27
17
34
49
40
38
50
1
24
17
22
61
16
25
37
50
37
51
11
31
54
11
8
39
18
62
55
56
29
25
18
47
0
54
47
42
16
61
47
24
53
51
35
25
27
19
19
55
60
34
19
63
39
60
24
23
39
14
9
41
39
55
39
31
45
56
1
44
44
2
46
7
28
54
20
46
6
20
55
49
47
20
13
58
37
54
36
13
43
9
7
53
11
7
5
39
28
28
0
44
19
45
44
13
10
7
46
28
61
61
4
16
18
63
7
26
10
20
15
55
24
2
4
38
63
43
25
44
1
34
6
58
24
33
10
41
50
22
42
27
40
1
28
25
62
13
0
19
20
55
42
26
7
5
37
4
56
44
51
56
22
53
35
6
41
2
42
23
59
15
55
12
32
13
24
62
36
55
44
51
61
28
11
62
11
30
59
8
34
28
6
63
50
9
30
12
26
21
43
26
2
31
11
46
34
63
30
40
57
1
36
60
27
50
9
61
21
39
51
56
49
21
12
30
21
45
61
14
38
43
0
63
52
31
55
57
41
15
6
38
46
34
10
58
23
11
53
26
47
8
15
63
9
9
35
35
63
14
18
9
10
39
3
39
5
48
25
18
27
5
30
7
5
26
17
29
42
17
54
52
60
3
42
6
20
34
58
3
25
49
13
2
53
42
29
2
13
43
59
44
38
31
0
4
23
20
47
44
25
48
16
30
19
32
48
57
22
30
35
25
19
2
24
7
37
32
23
0
27
27
5
0
40
57
57
33
63
48
56
14
35
36
17
22
18
7
25
58
56
40
42
47
30
4
45
25
39
62
1
5
1
33
44
35
33
7
59
45
59
41
22
37
59
25
62
19
30
52
49
22
27
36
36
28
38
36
24
3
49
7
59
55
15
41
49
61
59
35
55
16
15
44
12
53
21
14
33
47
10
29
11
15
24
52
35
59
7
56
26
17
3
53
20
54
3
15
58
20
56
5
57
17
49
32
32
58
10
2
57
1
57
14
44
51
46
8
38
38
2
17
28
8
19
16
60
51
28
23
31
48
12
5
46
63
26
52
2
38
5
13
19
31
20
63
47
2
58
58
60
0
58
36
63
40
50
18
30
55
50
2
59
20
51
32
60
20
52
12
15
36
55
46
13
62
7
27
53
6
24
51
39
12
59
15
14
17
46
41
42
29
0
14
23
5
4
3
33
55
62
52
54
32
47
37
28
31
37
56
56
49
21
35
2
37
6
54
42
32
34
10
6
32
3
51
24
7
38
27
23
61
44
58
28
43
22
61
20
27
50
58
50
58
48
5
33
57
43
15
62
36
60
13
52
59
44
23
12
10
29
5
35
47
37
11
19
53
57
45
51
46
4
40
38
44
10
50
12
44
28
35
5
35
29
10
42
1
6
4
48
31
9
61
33
17
60
28
47
10
36
46
38
30
25
24
35
25
39
19
9
52
53
33
6
59
4
5
40
54
20
53
23
10
48
51
63
8
13
6
49
6
29
56
63
7
1
3
37
23
33
48
6
19
63
46
45
29
35
12
31
33
42
34
26
28
3
36
43
16
2
38
28
31
45
41
8
58
61
32
60
24
37
13
34
4
17
30
8
47
46
30
52
4
33
48
24
16
22
56
12
37
47
15
62
57
38
34
12
8
62
37
61
45
60
48
21
11
30
18
24
58
47
8
34
2
7
33
29
62
22
18
45
28
36
23
27
47
9
22
24
21
13
12
2
54
34
6
33
30
0
4
16
28
14
50
10
48
23
52
58
54
60
35
1
13
26
53
14
45
25
30
32
57
10
17
21
45
34
45
40
21
34
50
29
12
31
26
3
31
54
15
7
10
45
17
56
44
42
50
14
32
36
54
25
6
22
44
37
36
21
1
31
61
26
17
46
12
27
55
57
30
49
47
43
46
43
7
38
48
55
53
58
50
43
50
39
45
63
6
35
52
55
54
60
30
17
6
16
59
60
10
13
0
37
19
61
22
7
46
41
42
51
26
17
30
29
55
52
4
24
32
28
42
18
60
15
56
51
45
21
61
23
1
1
41
22
16
4
18
11
21
28
40
49
2
3
46
22
56
60
32
29
55
11
37
24
18
20
14
44
56
10
58
59
40
62
56
40
39
41
49
23
40
43
10
1
11
59
0
48
9
8
36
58
21
16
4
25
23
23
7
21
1
51
59
18
26
21
9
62
3
34
37
19
21
36
4
2
22
13
24
28
18
20
2
8
32
49
16
62
8
42
60
60
24
61
41
63
52
23
22
1
0
37
43
57
3
29
3
35
55
41
48
2
23
57
62
59
50
21
25
32
63
13
45
19
29
40
29
6
25
7
14
27
47
42
56
53
34
1
62
37
32
42
