14
7
6
77
12
47
73
19
3
56
56
22
58
78
47
33
19
73
64
34
38
56
18
54
66
67
39
20
49
35
15
13
30
13
30
58
54
39
38
3
16
14
52
35
56
73
57
65
64
0
55
64
67
41
20
59
70
8
6
32
13
3
32
6
49
11
36
72
2
25
14
12
68
75
30
0
4
16
11
24
34
67
63
48
34
56
10
23
59
20
0
70
45
38
52
41
7
61
50
36
62
68
71
53
9
12
58
20
36
14
5
68
49
31
44
48
62
15
56
77
42
50
0
29
78
10
51
16
79
32
49
37
8
33
33
42
29
33
18
11
79
18
3
21
51
66
71
12
4
50
77
25
68
55
62
47
16
38
44
1
77
45
22
17
24
62
77
72
14
61
24
16
64
12
79
60
75
7
5
46
59
12
71
65
78
11
62
17
18
79
20
16
70
21
21
70
17
42
51
22
26
28
29
46
18
20
73
18
52
26
9
44
24
23
23
58
8
17
40
62
65
66
5
0
7
46
54
47
60
11
30
16
53
22
38
35
2
54
18
46
33
44
17
49
43
5
62
42
39
48
16
70
56
45
24
58
69
19
57
62
13
20
22
70
39
34
58
6
50
24
31
35
46
33
13
43
76
53
66
64
18
26
38
51
69
10
74
55
64
21
13
37
79
4
63
21
78
17
21
42
18
38
54
53
13
22
19
41
18
61
72
69
38
78
11
28
7
44
50
58
19
76
63
58
74
76
14
49
52
71
11
76
54
49
24
60
55
53
44
21
47
36
38
63
2
21
66
21
65
59
7
5
30
10
36
39
3
67
77
43
9
63
49
50
1
18
67
60
72
23
45
37
51
21
31
17
51
40
33
56
14
71
36
39
78
74
47
9
51
58
15
41
48
12
39
65
2
69
58
39
51
48
14
45
29
40
53
70
76
41
9
20
78
59
9
38
41
15
79
64
12
4
67
34
47
43
10
2
75
44
4
33
1
27
32
26
30
16
58
1
52
78
25
46
77
76
57
36
66
5
31
38
53
49
77
40
55
7
35
20
33
40
32
28
74
56
69
61
13
20
52
11
12
57
25
42
49
63
21
35
25
72
8
77
77
64
26
67
56
30
53
72
57
35
23
28
32
49
63
73
28
47
44
50
36
22
40
17
18
53
58
71
40
22
46
61
2
72
58
8
47
1
33
77
32
50
4
27
49
49
72
25
12
76
78
64
70
13
46
16
0
63
11
8
5
40
31
35
5
57
28
53
46
10
16
0
68
31
41
50
6
35
36
46
0
30
19
26
14
49
21
8
6
75
47
48
33
57
5
68
3
61
27
66
15
54
70
21
78
28
54
5
34
28
59
11
6
37
26
65
79
30
2
5
70
1
71
50
75
60
26
61
43
3
62
2
68
29
51
13
49
19
73
10
36
68
64
43
62
54
74
35
17
69
11
22
74
14
68
34
3
59
66
17
35
19
30
32
48
35
2
37
17
55
44
42
34
54
42
6
74
73
37
67
16
63
24
44
66
75
67
25
18
35
38
53
53
13
76
48
5
47
61
34
55
60
43
16
4
51
69
68
11
79
24
11
63
30
65
12
14
47
17
10
61
72
47
18
24
14
16
63
9
50
3
45
28
25
28
6
27
0
3
30
23
26
64
38
67
79
67
7
69
4
26
74
60
7
33
63
15
2
48
64
32
6
12
62
44
70
40
24
7
1
24
25
72
57
32
52
28
27
32
40
52
49
23
39
48
24
23
4
24
1
48
57
29
5
28
20
3
8
71
45
42
67
79
45
45
13
61
64
25
34
22
0
30
56
70
55
52
67
23
6
53
34
43
59
9
3
4
66
68
59
73
4
75
53
68
60
21
69
75
32
55
37
22
51
56
26
23
48
74
33
78
64
27
7
55
0
56
73
16
72
52
63
74
43
55
22
13
43
18
57
27
12
45
69
15
21
10
17
37
62
73
68
8
71
31
39
9
60
25
77
9
17
42
23
78
1
60
29
52
62
60
76
15
2
42
9
71
19
57
54
68
14
41
40
8
38
27
14
36
37
46
73
27
23
22
52
19
7
55
47
30
65
8
41
6
10
36
31
26
77
45
8
79
56
46
5
58
64
44
74
65
25
23
63
41
8
75
25
66
69
70
24
46
19
13
71
63
69
17
60
0
20
56
3
33
43
76
19
50
16
11
29
66
79
75
27
6
17
23
3
1
9
40
55
48
69
77
56
47
78
29
37
59
45
60
42
36
60
8
76
4
77
76
69
42
15
4
71
9
51
39
3
63
31
29
51
79
61
34
53
21
50
27
31
79
52
78
68
51
6
70
69
75
13
59
74
77
11
59
51
72
24
15
15
21
3
41
65
59
10
37
61
43
40
41
75
6
64
69
58
15
69
19
58
29
72
5
43
27
14
64
7
1
1
55
22
11
76
67
38
50
33
72
12
74
65
44
31
36
39
48
34
44
28
17
58
63
67
4
70
1
1
54
58
27
46
24
11
40
66
42
14
10
4
57
4
20
46
44
0
5
7
62
24
66
45
2
28
57
65
53
26
72
15
34
78
78
43
30
29
9
40
47
32
8
76
29
23
65
52
13
51
46
76
51
37
55
10
43
1
39
34
10
48
55
36
66
2
41
55
37
31
37
78
19
71
65
13
59
71
56
68
18
12
44
69
73
57
51
52
26
14
34
31
20
52
65
13
43
7
0
56
20
42
28
25
53
33
71
23
39
65
18
20
33
36
17
19
7
72
69
1
41
34
6
1
28
29
19
78
16
45
23
71
76
54
51
60
5
15
39
48
18
70
25
32
74
73
11
39
26
53
62
53
71
27
42
79
35
19
25
36
7
22
45
16
0
13
54
38
50
72
74
60
19
67
59
78
27
3
29
46
61
63
38
4
31
40
32
39
59
15
39
65
43
35
42
70
62
55
47
3
74
57
73
48
61
41
75
79
57
54
47
2
61
56
49
66
51
31
39
3
30
44
41
12
10
8
57
28
67
29
0
51
62
64
73
30
38
38
21
65
77
0
37
59
37
54
34
41
15
46
73
75
37
77
29
4
9
62
28
28
6
34
11
27
26
75
57
8
9
70
29
61
50
40
32
43
10
41
36
32
29
18
58
44
16
75
75
71
54
71
54
68
40
52
24
45
74
15
9
10
61
8
45
17
15
52
79
31
36
6
25
26
20
1
31
9
73
69
32
37
22
14
49
9
68
57
23
26
72
6
4
21
14
33
35
25
26
7
12
60
45
30
59
12
66
77
73
30
73
44
79
61
23
33
9
5
74
49
76
4
22
2
43
49
54
48
8
20
66
42
75
79
27
35
63
79
10
59
31
35
74
22
2
27
0
19
37
46
67
61
66
68
2
76
76
48
64
