27
27
2
12
28
12
23
28
26
19
18
6
25
0
21
29
3
17
15
10
0
12
6
17
21
21
6
28
13
11
1
20
21
13
26
8
15
19
6
2
17
20
16
5
15
21
2
23
26
19
15
21
28
14
20
19
24
23
23
10
5
29
31
28
6
26
20
12
12
25
12
28
11
19
5
30
26
26
2
16
7
3
7
0
3
11
9
28
13
29
5
11
22
30
22
9
1
27
8
12
28
1
30
31
8
31
28
3
25
29
29
5
23
8
25
28
24
16
3
27
23
26
17
22
30
1
20
23
16
15
18
2
25
3
22
4
17
2
27
12
24
8
17
7
26
0
2
18
10
12
22
17
11
30
26
25
8
25
11
15
22
9
21
6
18
12
22
12
26
4
25
7
6
19
8
18
22
13
18
31
15
16
27
29
7
29
22
15
30
11
26
17
9
31
27
24
31
1
27
7
24
7
23
24
22
11
17
26
11
5
13
11
11
22
3
22
2
0
21
3
23
5
28
21
9
3
8
29
9
20
25
15
12
4
16
14
5
4
5
23
25
12
5
14
28
25
21
18
7
12
25
12
30
23
23
10
9
0
30
3
26
4
20
18
7
10
0
0
16
22
31
10
23
24
3
31
17
24
19
25
6
24
30
16
19
27
12
15
13
10
11
29
3
21
19
30
3
21
9
8
24
1
22
13
3
19
10
7
31
5
8
26
23
8
29
15
18
0
25
30
22
24
24
13
30
12
11
24
28
29
10
31
23
11
31
30
7
16
14
31
26
17
27
19
31
4
10
30
22
30
23
16
17
17
7
31
0
11
11
13
24
24
13
27
12
22
26
5
16
29
11
28
3
5
20
22
31
22
0
30
0
28
8
25
15
24
11
14
9
29
4
5
6
7
25
9
1
7
20
9
2
8
8
9
22
22
18
6
6
7
5
22
23
15
18
11
0
23
28
12
28
10
26
1
22
19
30
24
14
26
13
26
9
10
9
22
27
14
29
7
29
19
1
31
14
18
15
10
4
23
7
19
11
18
2
11
14
21
19
11
5
0
21
3
10
3
30
25
9
10
28
26
13
20
2
15
25
2
1
26
13
4
1
20
29
28
1
19
1
24
12
0
12
14
30
4
17
31
22
17
13
12
0
10
10
18
10
20
5
27
3
31
14
2
18
15
10
5
19
28
6
29
24
5
21
3
25
19
21
28
30
13
14
22
16
2
0
0
18
21
21
7
29
0
13
0
13
5
0
17
17
2
3
3
2
26
14
29
5
7
27
13
1
19
1
20
7
8
16
31
7
7
13
1
7
17
6
1
5
16
23
20
29
19
10
17
26
9
17
22
31
21
27
4
25
17
25
19
16
18
27
21
9
9
24
14
1
30
20
30
3
6
5
24
30
18
27
7
4
7
7
4
18
21
28
13
8
23
13
0
11
25
24
3
16
0
26
6
5
16
11
10
14
20
29
20
8
11
11
14
26
4
2
13
24
19
14
14
23
30
6
4
6
5
8
15
3
28
7
4
14
6
2
12
0
5
15
9
8
15
18
28
25
6
13
22
9
5
26
28
27
28
15
16
2
2
16
1
29
17
27
3
24
1
0
13
18
2
4
24
18
12
4
9
17
19
11
7
9
20
10
31
25
23
20
18
11
30
28
18
22
26
31
10
2
22
26
3
28
31
19
13
9
20
13
24
28
23
11
15
30
6
29
15
25
23
11
16
25
15
14
16
22
1
2
1
21
21
27
1
10
0
14
12
6
4
13
31
10
26
15
29
27
24
27
27
2
22
12
15
24
11
24
31
17
16
28
30
7
20
23
4
21
2
18
13
31
0
20
25
25
26
5
25
0
9
31
23
16
11
13
25
2
31
6
7
8
12
23
10
9
5
20
10
25
26
29
21
4
17
31
3
14
18
2
24
0
0
16
9
8
31
29
16
19
16
12
14
9
1
6
19
17
28
21
22
18
6
29
8
2
8
7
3
12
8
2
27
31
22
15
3
5
13
24
11
17
2
7
21
28
8
3
23
19
1
27
31
1
14
21
19
3
9
16
30
17
13
14
9
30
27
27
3
19
27
27
4
24
6
13
21
25
23
0
11
20
30
4
25
27
19
31
3
6
29
9
15
0
8
14
6
23
4
22
30
7
28
23
1
21
26
0
16
10
21
19
21
22
3
22
3
20
6
28
15
25
9
3
28
25
21
26
5
27
23
15
3
27
28
2
6
13
21
8
28
19
26
23
22
16
8
11
2
25
11
1
10
15
19
10
10
31
4
23
13
4
0
29
23
20
21
25
16
2
20
1
8
2
28
15
4
0
14
19
4
7
2
5
27
8
21
4
5
18
19
30
16
31
20
4
29
24
19
0
27
1
0
2
19
6
30
2
27
4
14
4
14
29
3
5
30
0
21
17
10
12
4
14
23
24
14
30
14
31
21
17
7
12
3
13
10
14
1
4
15
13
19
24
0
18
22
11
2
12
11
2
19
5
27
14
23
20
17
8
11
9
24
29
6
16
2
9
10
10
20
9
17
17
4
3
12
0
16
13
31
30
1
1
25
0
30
18
20
23
4
14
27
15
6
16
23
3
5
16
27
22
31
8
15
1
6
11
20
27
1
23
13
16
27
3
29
20
11
12
10
13
6
8
30
0
12
30
29
20
8
10
1
29
1
23
22
10
18
30
7
25
3
18
20
14
25
19
8
23
27
14
10
10
16
21
17
7
11
0
5
7
28
17
4
29
25
13
2
24
7
17
16
31
26
4
19
9
7
26
29
12
25
19
27
26
17
29
4
25
4
15
19
8
15
7
4
4
15
12
7
9
29
19
0
26
8
1
0
20
3
10
15
21
5
24
17
15
18
16
22
17
28
18
8
16
2
11
8
9
28
23
31
14
20
20
2
30
1
6
17
18
17
22
18
21
6
13
19
24
5
14
10
1
3
9
27
20
14
9
18
27
25
9
6
14
9
14
15
26
12
5
18
25
8
6
18
25
3
24
20
21
13
1
29
31
13
6
12
11
8
26
28
23
30
15
16
5
18
8
7
9
12
28
21
6
20
5
6
13
4
31
7
2
16
4
18
7
26
27
14
27
29
5
24
10
20
12
15
16
1
31
29
15
17
0
20
8
6
26
26
12
3
18
1
29
24
7
9
22
10
31
16
18
18
21
31
8
19
20
29
1
16
11
4
1
15
5
4
21
27
28
10
22
22
26
12
18
6
29
29
17
30
24
8
26
9
14
17
2
15
28
6
10
24
23
20
20
21
31
9
24
30
26
23
11
6
9
30
18
1
12
8
13
30
17
24
31
13
16
14
15
7
28
19
17
12
29
2
6
12
5
15
4
9
14
13
