32
37
16
11
30
47
15
24
32
9
9
30
37
17
33
18
16
16
46
0
10
14
45
17
11
2
42
32
38
7
31
47
5
31
22
13
17
30
26
22
5
30
1
27
26
47
45
47
36
46
4
4
13
41
14
33
41
1
26
6
34
41
11
9
42
26
38
11
28
43
22
46
44
11
29
27
45
17
44
21
12
42
28
31
41
38
24
21
5
15
47
25
16
36
23
39
14
9
27
35
32
30
47
35
38
20
4
14
37
10
21
29
30
37
45
39
18
17
29
16
13
44
44
24
21
38
42
10
39
1
43
38
20
0
21
7
40
39
15
0
45
47
19
33
46
10
30
33
15
13
33
21
5
14
2
22
33
1
38
5
32
16
2
0
46
18
18
7
11
34
15
45
35
16
4
27
30
42
40
1
12
13
44
29
35
14
33
12
28
37
16
12
0
46
27
7
18
19
25
3
2
15
34
27
15
14
14
24
46
19
30
34
35
38
9
13
18
39
34
15
27
27
18
39
17
31
1
19
23
16
11
24
26
39
11
18
13
13
38
36
37
7
39
34
16
20
33
45
12
36
46
42
44
29
44
5
37
17
46
8
39
13
43
45
6
9
16
26
25
19
37
34
39
23
41
29
15
23
4
43
24
19
13
37
5
25
3
17
6
35
25
37
37
5
6
43
44
47
22
18
45
26
10
36
2
20
13
15
29
16
2
21
6
17
30
16
38
20
38
29
18
42
41
44
35
25
10
4
41
8
14
1
14
27
8
31
41
46
25
39
15
13
6
6
3
47
39
2
0
42
11
8
9
31
32
30
43
44
7
18
41
34
41
14
23
2
13
7
19
22
47
13
14
14
24
12
20
9
24
37
9
21
44
5
34
31
1
3
30
3
31
8
47
37
29
12
31
4
31
20
16
34
4
12
31
34
5
3
11
12
13
33
47
17
21
35
3
32
32
7
18
12
37
39
8
33
41
11
20
26
39
33
6
20
43
25
18
37
46
22
16
2
22
21
29
5
4
45
0
36
42
7
9
22
8
43
20
42
26
26
22
20
8
0
40
1
9
40
24
25
44
38
24
46
3
10
18
14
39
1
10
38
20
18
25
33
31
44
44
24
32
4
1
14
42
41
24
19
25
38
7
22
43
43
28
26
0
41
33
11
1
23
2
12
28
21
5
27
43
0
12
21
22
3
45
31
21
43
41
8
29
13
42
44
45
20
26
25
42
11
46
1
46
41
2
25
22
32
28
24
30
34
40
24
11
29
35
36
42
6
26
1
39
10
35
2
2
10
36
21
35
28
34
12
36
3
38
13
46
5
4
36
15
12
1
2
23
39
6
27
39
17
10
25
36
25
2
24
28
33
1
40
7
11
32
26
32
45
47
7
45
28
16
17
4
16
37
3
7
19
2
40
11
43
42
3
25
28
3
17
18
25
27
41
27
33
46
38
17
0
43
40
35
20
10
12
2
17
10
2
2
43
3
33
38
45
26
16
30
19
25
3
41
6
4
28
1
37
15
21
32
40
2
22
30
25
20
40
15
18
7
5
39
31
31
36
40
7
13
47
12
25
0
31
35
34
0
14
45
27
44
16
26
46
12
7
19
6
40
10
12
32
36
29
15
23
30
44
47
25
18
15
8
40
17
47
46
0
33
26
32
5
31
27
47
10
7
8
35
40
8
20
43
23
45
46
20
33
8
3
27
23
13
32
0
23
7
35
46
7
38
21
11
36
45
39
46
15
9
17
40
26
40
47
43
28
4
34
26
38
11
28
26
3
33
20
38
44
6
12
31
35
19
42
3
35
33
42
27
14
29
14
31
38
30
11
4
43
32
39
20
25
29
29
12
41
37
38
35
3
10
42
41
6
30
27
23
36
39
23
35
15
23
33
33
10
11
9
44
19
5
1
2
0
1
30
9
15
15
10
7
41
45
2
16
13
15
5
32
7
47
5
31
1
43
15
23
41
21
26
28
37
30
4
19
6
22
33
8
9
30
39
2
6
19
17
26
15
21
20
6
16
35
42
13
4
41
14
22
20
35
40
44
29
46
5
10
6
36
19
25
19
8
36
18
38
1
41
35
7
4
33
14
35
39
6
44
27
32
6
5
8
29
13
24
15
6
6
26
12
6
31
13
46
21
38
16
5
28
10
32
26
44
34
8
37
43
45
4
28
14
30
44
9
47
17
46
17
22
16
12
40
22
12
14
8
16
43
19
29
41
42
26
4
45
24
21
20
3
18
34
17
24
23
28
40
12
12
46
3
35
32
35
24
24
31
5
34
35
41
37
45
34
20
19
25
29
20
1
18
23
26
33
16
4
42
21
47
26
16
24
18
4
18
29
40
44
22
13
38
40
42
45
10
34
14
15
10
37
3
44
44
9
2
42
36
22
23
0
23
18
21
5
22
27
18
28
22
20
45
22
37
14
0
40
8
0
27
10
10
0
32
8
21
46
34
36
5
28
40
5
24
27
32
13
43
37
17
1
0
24
5
32
28
23
39
45
26
28
34
4
10
36
18
42
41
41
36
0
9
16
27
23
9
30
11
39
23
26
29
17
9
27
43
2
28
19
25
27
27
13
8
15
27
24
7
1
9
34
17
44
8
8
42
24
14
28
6
7
31
47
11
8
11
29
11
31
28
43
0
32
23
36
36
28
47
47
38
44
19
20
40
16
11
6
31
21
33
11
28
45
25
36
4
17
40
6
30
36
14
9
30
9
45
22
42
2
21
22
34
41
13
35
2
46
43
43
19
3
32
12
1
31
6
14
0
19
24
19
19
24
19
47
29
7
45
26
11
1
8
1
42
14
43
0
3
34
0
23
7
31
6
45
15
4
23
44
17
39
34
19
4
11
36
21
25
4
0
33
29
20
34
41
5
35
25
24
0
7
22
24
7
22
40
31
19
13
17
32
17
14
15
3
42
9
21
47
16
13
19
10
43
40
33
17
30
29
10
37
5
39
11
46
10
20
34
5
36
2
3
8
23
22
29
14
47
37
32
17
8
20
28
9
6
18
20
37
22
23
9
11
8
44
32
29
35
1
39
3
4
28
38
29
40
40
10
7
34
38
23
28
1
23
25
21
30
47
47
25
9
7
0
42
43
21
5
36
31
37
30
1
12
38
18
15
33
9
47
30
3
46
27
23
9
41
27
35
37
12
3
36
23
4
