17
22
14
6
26
18
9
27
25
4
6
21
20
10
25
8
13
15
16
1
4
11
26
9
5
0
31
25
22
6
18
27
3
20
13
11
10
18
19
13
3
26
0
18
25
16
19
16
17
20
2
2
10
29
9
17
25
1
23
7
29
31
5
4
17
19
31
5
16
30
12
27
23
4
17
23
18
15
16
10
15
28
16
23
31
22
26
12
3
8
27
20
13
26
11
31
10
4
24
17
19
26
30
27
20
10
2
10
20
4
10
25
20
21
19
23
12
10
27
11
12
22
31
18
8
22
17
5
29
1
22
23
12
1
15
7
28
28
14
0
23
28
13
16
26
5
25
29
14
9
29
11
3
11
1
8
25
0
22
2
19
14
0
0
20
11
11
6
5
22
14
27
26
13
3
26
26
17
31
0
14
9
30
25
29
9
16
14
24
20
13
14
1
16
24
7
8
15
20
2
0
14
30
24
14
10
11
28
19
15
21
25
26
22
5
9
13
21
25
9
26
26
14
30
9
18
0
9
15
13
4
27
18
17
6
9
9
9
20
17
17
6
30
19
15
8
29
30
12
28
29
27
23
26
22
3
20
10
27
6
21
15
24
23
7
4
11
17
31
14
21
25
22
11
16
18
9
12
3
24
27
15
14
22
3
20
3
10
6
29
20
30
22
2
4
24
19
21
13
8
28
30
5
25
1
10
9
8
25
14
0
8
7
10
20
13
22
13
22
18
13
22
30
31
27
18
5
2
30
6
11
1
11
18
6
18
23
24
20
30
9
9
4
7
2
30
28
1
1
28
6
7
4
22
16
26
19
31
7
9
31
24
21
10
11
0
10
7
8
12
30
14
10
11
18
15
10
4
17
22
4
8
19
3
16
26
0
2
21
3
28
6
26
20
25
8
16
3
16
12
15
29
2
14
22
19
2
2
4
11
10
29
30
10
12
18
2
24
19
7
12
15
21
23
6
19
31
5
13
18
28
25
7
12
19
23
8
18
19
8
14
1
12
11
26
3
3
30
1
22
29
7
4
14
4
28
10
31
18
18
8
13
4
0
18
1
4
31
17
21
17
22
17
31
2
5
13
9
28
0
5
22
8
12
23
29
26
19
23
27
27
3
0
11
24
31
24
15
21
22
7
12
28
18
19
25
1
30
29
5
0
11
0
14
16
8
3
26
29
0
15
8
12
2
23
24
8
22
28
6
25
15
24
22
27
12
19
27
30
5
21
0
21
30
0
23
14
22
30
17
21
23
31
18
4
19
28
17
31
7
18
1
27
4
26
0
0
4
25
8
27
25
25
8
26
2
22
15
29
3
3
26
9
11
0
1
12
29
7
24
21
15
5
20
20
23
0
27
24
16
1
31
7
5
16
23
16
27
26
6
19
23
15
15
3
14
21
2
6
14
0
22
5
29
17
2
20
25
2
15
9
18
24
23
24
29
16
30
10
1
17
28
17
13
5
14
0
10
5
1
0
17
2
25
20
23
20
14
18
12
20
2
30
7
3
24
1
31
8
13
16
27
0
14
26
27
12
25
14
11
6
2
30
23
22
24
28
7
11
28
13
21
1
18
29
16
0
11
23
24
29
13
19
29
15
7
13
6
21
4
13
16
23
31
11
13
27
24
28
27
11
14
6
30
15
23
20
0
29
20
19
3
22
23
30
6
7
6
29
31
6
8
29
11
27
29
9
29
6
2
21
14
9
27
1
15
7
30
27
7
28
9
5
31
19
21
29
9
5
9
28
19
31
19
19
16
2
19
20
22
4
22
18
3
16
13
20
30
7
11
23
24
13
17
2
25
31
17
18
15
28
11
18
22
20
5
3
22
16
27
15
21
26
27
11
30
28
25
26
3
4
28
31
7
20
27
12
25
28
8
26
11
10
29
17
4
5
5
19
10
2
1
1
1
0
20
5
14
11
5
7
28
30
0
14
11
11
3
16
6
30
3
21
1
17
9
12
30
8
26
16
22
21
2
13
6
12
24
7
5
18
31
1
6
10
15
16
10
14
12
7
14
22
27
10
3
31
11
9
12
17
18
30
27
26
3
5
7
24
14
21
9
4
20
8
22
0
31
26
6
3
29
11
27
30
7
23
24
19
6
2
7
18
10
21
9
7
7
20
8
7
26
9
29
14
21
14
3
24
6
25
23
23
19
7
17
28
19
2
23
13
20
23
5
28
10
19
10
15
15
11
25
14
9
9
6
15
16
13
27
29
24
20
2
23
17
14
12
2
15
19
15
27
10
19
31
8
14
29
2
29
21
26
25
21
23
3
22
24
31
21
30
29
8
13
27
18
12
1
13
14
26
31
15
3
29
15
24
25
13
17
13
3
12
25
26
27
15
10
18
31
29
17
5
25
10
9
4
31
3
16
17
4
0
17
26
12
8
1
12
13
9
3
8
18
8
25
12
8
29
14
20
9
1
28
6
1
24
5
5
1
19
4
8
21
20
26
3
24
28
3
27
24
18
9
21
20
14
1
0
31
2
16
25
13
22
30
20
30
30
3
5
28
13
18
31
28
17
1
4
8
24
9
4
26
5
31
13
23
27
10
4
26
28
0
30
12
16
23
23
9
6
11
24
17
7
0
5
30
10
16
6
6
29
17
9
16
7
7
18
16
6
7
6
20
5
19
23
29
0
20
12
24
28
26
16
28
21
16
13
15
22
14
6
5
16
13
21
4
24
25
21
17
2
13
28
6
21
17
10
4
18
4
23
8
17
0
8
13
21
31
9
25
0
16
28
28
12
2
20
9
1
16
7
10
1
12
17
12
12
17
12
28
25
7
29
26
5
0
6
1
22
11
24
0
2
31
1
10
7
25
4
30
10
2
15
22
15
31
21
15
2
5
17
8
21
3
1
26
28
9
21
28
3
17
28
19
1
6
8
25
7
14
31
18
12
10
10
17
10
11
8
2
19
5
15
26
15
10
13
5
24
31
29
10
20
20
5
21
3
30
5
27
5
12
25
3
19
1
2
6
11
12
18
13
30
22
16
15
6
8
19
4
7
14
13
23
12
9
4
4
6
23
19
25
27
1
31
2
2
19
18
25
20
27
4
6
19
22
11
24
1
12
18
8
18
30
30
23
4
7
1
29
24
11
2
24
26
16
21
0
15
28
11
13
29
4
21
25
3
16
27
8
4
20
24
27
23
15
2
31
12
3
